SimTime,COG Pos.x [m],COG Pos.y [m],COG Pos.z [m],Port Pos.x [m],Port Pos.y [m],Port Pos.z [m],COG Vel.x [m],COG Vel.y [m],COG Vel.z [m],Port Vel.x [m],Port Vel.y [m],Port Vel.z [m],Rot Angle.x [deg],Rot Angle.y [deg],Rot Angle.z [deg],Rot. Rate.x [deg/s],Rot. Rate.y [deg/s],Rot. Rate.z [deg/s],Rot. Rate.x [deg/s] (VLCS),Rot. Rate.y [deg/s] (VLCS),Rot. Rate.Z [deg/s] (VLCS),Tank mass [kg],THC.z,THC.y,THC.x,RHC.z,RHC.y,RHC.x,MFDLeft,MFDRight,MyROT.m11,MyROT.m12,MyROT.m13,MyROT.m21,MyROT.m22,MyROT.m23,MyROT.m31,MyROT.m32,MyROT.m33,TgtRot.m11,TgtRot.m12,TgtRot.m13,TgtRot.m21,TgtRot.m22,TgtRot.m23,TgtRot.m31,TgtRot.m32,TgtRot.m33,MyAngVel.x,MyAngVel.y,MyAngVel.z,TgtAngVel.x,TgtAngVel.y,TgtAngVel.z,RelPos.x,RelPos.y,RelPos.z,RelVel.x,RelVel.y,RelVel.z,MySs.x,MySs.y,MySs.z,TgtSs.x,TgtSs.y,TgtSs.z,MyLVPos.x,MyLVPos.y,MyLVPos.z,MyLVVel.x,MyLVVel.y,MyLVVel.z,TgtLVPos.x,TgtLVPos.y,TgtLVPos.z,TgtLVVel.x,TgtLVVel.y,TgtLVVel.z,MyDockPos.x,MyDockPos.y,MyDockPos.z,MyDockDir.x,MyDockDir.y,MyDockDir.z,MyDockRot.x,MyDockRot.y,MyDockRot.z,TgtDockPos.x,TgtDockPos.y,TgtDockPos.z,TgtDockDir.x,TgtDockDir.y,TgtDockDir.z,TgtDockRot.x,TgtDockRot.y,TgtDockRot.z,Lateral Offset,Lateral Velocity,Ideal Approach Vel,Angle to Port,Approach Cone,Max Rot Angle,Max Rot Velocity
0.132,72.131,5.397,-13.236,68.201,5.211,-12.672,-0.033,-0.008,0.014,-0.033,-0.008,0.014,34.732,8.776,-3.623,0.0,-0.0,0.0,0.0,0.0,-0.0,887.863,-0.0,0.0,-0.0,0.0,0.0,0.0,0.0,0.0,0.7679,0.5774,-0.2775,-0.6395,0.7167,-0.2783,0.0382,0.3912,0.9195,0.669,0.7326,-0.1252,-0.7377,0.634,-0.2321,-0.0907,0.2476,0.9646,0.0,0.0,-0.0,0.0,0.0,0.0,-0.018,-0.014,0.028,23.9473,26.8679,-102.9958,0.0,0.0436,-0.3754,0.0,0.0,0.0,4835771.9749,4096526.7938,2267744.8933,-1474.3888,-2257.8652,7209.9711,4835748.0276,4096499.9259,2267847.8891,-1474.3708,-2257.8512,7209.9431,0.0,0.0765,3.9732,0.0,0.0,1.0,0.0,1.0,0.0,0.0,-4.1,-36.453,0.0,0.0,-1.0,-0.7071,0.7071,0.0,14.294030397337204,0.0161245154965971,-0.360655,2.3329568099735187,12.718641445482287,,
0.3331,72.124,5.395,-13.233,68.195,5.209,-12.67,-0.033,-0.008,0.014,-0.033,-0.008,0.014,34.732,8.776,-3.623,-0.0,-0.0,0.0,0.0,0.0,-0.0,887.863,-0.0,0.0,-0.0,0.0,0.0,0.0,0.0,0.0,0.7679,0.5774,-0.2775,-0.6395,0.7167,-0.2783,0.0382,0.3912,0.9195,0.669,0.7326,-0.1252,-0.7377,0.634,-0.2321,-0.0907,0.2476,0.9646,0.0,0.0,-0.0,0.0,0.0,0.0,-0.018,-0.014,0.028,23.9438,26.8651,-102.9902,0.0,0.0436,-0.3754,0.0,0.0,0.0,4835477.0876,4096075.2914,2269186.2586,-1475.6523,-2258.9355,7209.3784,4835453.1439,4096048.4263,2269289.2488,-1475.6343,-2258.9215,7209.3504,0.0,0.0765,3.9732,0.0,0.0,1.0,0.0,1.0,0.0,0.0,-4.1,-36.453,0.0,0.0,-1.0,-0.7071,0.7071,0.0,14.290497332143483,0.0161245154965971,-0.36062,2.3409170344503747,12.717407156617327,,
0.5354,72.118,5.393,-13.23,68.188,5.208,-12.667,-0.033,-0.008,0.014,-0.033,-0.008,0.014,34.732,8.776,-3.623,-0.0,-0.0,0.0,0.0,0.0,-0.0,887.863,-0.0,0.0,-0.0,0.0,0.0,0.0,0.0,0.0,0.7679,0.5774,-0.2775,-0.6395,0.7167,-0.2783,0.0382,0.3912,0.9195,0.669,0.7326,-0.1252,-0.7377,0.634,-0.2321,-0.0907,0.2476,0.9646,0.0,0.0,-0.0,0.0,0.0,0.0,-0.018,-0.014,0.0281,23.9401,26.8623,-102.9845,0.0,0.0436,-0.3754,0.0,0.0,0.0,4835178.7294,4095618.6517,2270643.2122,-1476.9295,-2260.0174,7208.7788,4835154.7893,4095591.7894,2270746.1968,-1476.9114,-2260.0033,7208.7508,0.0,0.0765,3.9732,0.0,0.0,1.0,0.0,1.0,0.0,0.0,-4.1,-36.453,0.0,0.0,-1.0,-0.7071,0.7071,0.0,14.286964303168116,0.0161245154965971,-0.36058999999999997,2.350357891061357,12.716349194733077,,
0.7507,72.111,5.392,-13.227,68.181,5.206,-12.664,-0.033,-0.008,0.014,-0.033,-0.008,0.014,34.732,8.776,-3.623,-0.0,-0.0,0.0,0.0,0.0,-0.0,887.863,-0.0,0.0,-0.0,0.0,0.0,0.0,0.0,0.0,0.7679,0.5774,-0.2775,-0.6395,0.7167,-0.2783,0.0382,0.3912,0.9195,0.669,0.7326,-0.1252,-0.7377,0.634,-0.2321,-0.0907,0.2476,0.9646,0.0,0.0,-0.0,0.0,0.0,0.0,-0.018,-0.014,0.0281,23.9362,26.8593,-102.9785,0.0,0.0436,-0.3754,0.0,0.0,0.0,4834860.3369,4095131.5428,2272196.4768,-1478.2911,-2261.1707,7208.1392,4834836.4008,4095104.6835,2272299.4553,-1478.2731,-2261.1567,7208.1111,0.0,0.0765,3.9732,0.0,0.0,1.0,0.0,1.0,0.0,0.0,-4.1,-36.453,0.0,0.0,-1.0,-0.7071,0.7071,0.0,14.283808770772591,0.0161245154965971,-0.360555,2.339859487421774,12.715114905868118,,
0.9526,72.104,5.39,-13.224,68.175,5.204,-12.661,-0.033,-0.008,0.014,-0.033,-0.008,0.014,34.732,8.776,-3.623,-0.0,-0.0,0.0,0.0,0.0,-0.0,887.863,-0.0,0.0,-0.0,0.0,0.0,0.0,0.0,0.0,0.7679,0.5774,-0.2775,-0.6395,0.7167,-0.2783,0.0382,0.3912,0.9195,0.669,0.7326,-0.1252,-0.7377,0.634,-0.2321,-0.0907,0.2476,0.9646,0.0,0.0,-0.0,0.0,0.0,0.0,-0.018,-0.014,0.0281,23.9326,26.8564,-102.9729,0.0,0.0436,-0.3754,0.0,0.0,0.0,4834563.8058,4094678.0596,2273641.6826,-1479.5581,-2262.2438,7207.5435,4834539.8732,4094651.2032,2273744.6554,-1479.54,-2262.2297,7207.5154,0.0,0.0765,3.9732,0.0,0.0,1.0,0.0,1.0,0.0,0.0,-4.1,-36.453,0.0,0.0,-1.0,-0.7071,0.7071,0.0,14.280275767645385,0.0161245154965971,-0.36052,2.335901590689617,12.71388061700316,,
1.1539,72.097,5.389,-13.222,68.168,5.203,-12.658,-0.033,-0.008,0.014,-0.033,-0.008,0.014,34.732,8.776,-3.623,-0.0,-0.0,0.0,0.0,0.0,-0.0,887.863,-0.0,0.0,-0.0,0.0,0.0,0.0,0.0,0.0,0.7679,0.5774,-0.2775,-0.6395,0.7167,-0.2783,0.0382,0.3912,0.9195,0.669,0.7326,-0.1252,-0.7377,0.634,-0.2321,-0.0907,0.2476,0.9646,0.0,0.0,-0.0,0.0,0.0,0.0,-0.018,-0.014,0.0282,23.929,26.8536,-102.9671,0.0,0.0436,-0.3754,0.0,0.0,0.0,4834263.2962,4094218.6684,2275104.8953,-1480.8408,-2263.3302,7206.9401,4834239.3672,4094191.8148,2275207.8625,-1480.8228,-2263.3162,7206.9119,0.0,0.0765,3.9732,0.0,0.0,1.0,0.0,1.0,0.0,0.0,-4.1,-36.453,0.0,0.0,-1.0,-0.7071,0.7071,0.0,14.27804625990545,0.0161245154965971,-0.36048499999999994,2.3232868944512237,12.712646328138199,,
1.3604,72.091,5.387,-13.219,68.161,5.201,-12.656,-0.033,-0.008,0.014,-0.033,-0.008,0.014,34.732,8.776,-3.623,-0.0,-0.0,0.0,0.0,0.0,-0.0,887.863,-0.0,0.0,-0.0,0.0,0.0,0.0,0.0,0.0,0.7679,0.5774,-0.2775,-0.6395,0.7167,-0.2783,0.0382,0.3912,0.9195,0.669,0.7326,-0.1252,-0.7377,0.634,-0.2321,-0.0907,0.2476,0.9646,0.0,0.0,-0.0,0.0,0.0,0.0,-0.018,-0.0141,0.0282,23.9252,26.8507,-102.9613,0.0,0.0436,-0.3754,0.0,0.0,0.0,4833958.4516,4093752.8324,2276587.7957,-1482.1409,-2264.4312,7206.328,4833934.5264,4093725.9817,2276690.7571,-1482.1228,-2264.4172,7206.2998,0.0,0.0765,3.9732,0.0,0.0,1.0,0.0,1.0,0.0,0.0,-4.1,-36.453,0.0,0.0,-1.0,-0.7071,0.7071,0.0,14.27451330168563,0.0161245154965971,-0.36045499999999997,2.33545404970052,12.711588366253947,,
1.5619,72.084,5.386,-13.216,68.155,5.2,-12.653,-0.033,-0.008,0.014,-0.033,-0.008,0.014,34.732,8.776,-3.623,-0.0,-0.0,0.0,0.0,0.0,-0.0,887.863,-0.0,0.0,-0.0,0.0,0.0,0.0,0.0,0.0,0.7679,0.5774,-0.2775,-0.6395,0.7167,-0.2783,0.0382,0.3912,0.9195,0.669,0.7326,-0.1252,-0.7377,0.634,-0.2321,-0.0907,0.2476,0.9646,0.0,0.0,-0.0,0.0,0.0,0.0,-0.0181,-0.0141,0.0282,23.9216,26.8479,-102.9557,0.0,0.0436,-0.3754,0.0,0.0,0.0,4833660.3726,4093297.5102,2278036.4077,-1483.4109,-2265.5067,7205.7297,4833636.451,4093270.6623,2278139.3634,-1483.3928,-2265.4927,7205.7015,0.0,0.0765,3.9732,0.0,0.0,1.0,0.0,1.0,0.0,0.0,-4.1,-36.453,0.0,0.0,-1.0,-0.7071,0.7071,0.0,14.271357749002018,0.0161245154965971,-0.36042,2.331967047765191,12.71035407738899,,
1.7742,72.077,5.384,-13.213,68.148,5.198,-12.65,-0.033,-0.008,0.014,-0.033,-0.008,0.014,34.732,8.776,-3.623,-0.0,-0.0,0.0,0.0,0.0,-0.0,887.863,-0.0,0.0,-0.0,0.0,0.0,0.0,0.0,0.0,0.7679,0.5774,-0.2775,-0.6395,0.7167,-0.2783,0.0382,0.3912,0.9195,0.669,0.7326,-0.1252,-0.7377,0.634,-0.2321,-0.0907,0.2476,0.9646,0.0,0.0,-0.0,0.0,0.0,0.0,-0.0181,-0.0141,0.0282,23.9177,26.8449,-102.9496,0.0,0.0436,-0.3754,0.0,0.0,0.0,4833342.8002,4092812.6024,2279578.2587,-1484.7627,-2266.6514,7205.0924,4833318.8824,4092785.7575,2279681.2084,-1484.7446,-2266.6374,7205.0641,0.0,0.0765,3.9732,0.0,0.0,1.0,0.0,1.0,0.0,0.0,-4.1,-36.453,0.0,0.0,-1.0,-0.7071,0.7071,0.0,14.267824816698583,0.0161245154965971,-0.360385,2.3301838440734186,12.70911978852403,,
1.9862,72.07,5.382,-13.21,68.141,5.196,-12.647,-0.033,-0.008,0.014,-0.033,-0.008,0.014,34.732,8.776,-3.623,-0.0,-0.0,0.0,0.0,0.0,-0.0,887.863,-0.0,0.0,-0.0,0.0,0.0,0.0,0.0,0.0,0.7679,0.5774,-0.2775,-0.6395,0.7167,-0.2783,0.0382,0.3912,0.9195,0.669,0.7326,-0.1252,-0.7377,0.634,-0.2321,-0.0907,0.2476,0.9646,0.0,0.0,-0.0,0.0,0.0,0.0,-0.0181,-0.0141,0.0283,23.9139,26.8419,-102.9436,0.0,0.0436,-0.3754,0.0,0.0,0.0,4833027.5826,4092331.4847,2281107.1552,-1486.1031,-2267.7865,7204.4599,4833003.6687,4092304.6428,2281210.0988,-1486.0851,-2267.7724,7204.4316,0.0,0.0765,3.9732,0.0,0.0,1.0,0.0,1.0,0.0,0.0,-4.1,-36.453,0.0,0.0,-1.0,-0.7071,0.7071,0.0,14.2642919207369,0.0161245154965971,-0.36034999999999995,2.3284002757232476,12.707885499659069,,
2.1872,72.064,5.381,-13.207,68.134,5.195,-12.644,-0.033,-0.008,0.014,-0.033,-0.008,0.014,34.732,8.776,-3.623,-0.0,-0.0,0.0,0.0,0.0,-0.0,887.863,-0.0,0.0,-0.0,0.0,0.0,0.0,0.0,0.0,0.7679,0.5774,-0.2775,-0.6395,0.7167,-0.2783,0.0382,0.3912,0.9195,0.669,0.7326,-0.1252,-0.7377,0.634,-0.2321,-0.0907,0.2476,0.9646,0.0,0.0,-0.0,0.0,0.0,0.0,-0.0181,-0.0141,0.0283,23.9103,26.8391,-102.938,0.0,0.0436,-0.3754,0.0,0.0,0.0,4832729.2025,4091876.2438,2282552.992,-1487.3708,-2268.8599,7203.8614,4832705.2922,4091849.4047,2282655.93,-1487.3527,-2268.8458,7203.8331,0.0,0.0765,3.9732,0.0,0.0,1.0,0.0,1.0,0.0,0.0,-4.1,-36.453,0.0,0.0,-1.0,-0.7071,0.7071,0.0,14.26113635023521,0.0161245154965971,-0.36032,2.329121856984708,12.706827537774819,,
2.3929,72.057,5.379,-13.205,68.127,5.193,-12.641,-0.033,-0.008,0.014,-0.033,-0.008,0.014,34.732,8.776,-3.623,-0.0,-0.0,0.0,0.0,0.0,-0.0,887.863,-0.0,0.0,-0.0,0.0,0.0,0.0,0.0,0.0,0.7679,0.5774,-0.2775,-0.6395,0.7167,-0.2783,0.0382,0.3912,0.9195,0.669,0.7326,-0.1252,-0.7377,0.634,-0.2321,-0.0907,0.2476,0.9646,0.0,0.0,-0.0,0.0,0.0,0.0,-0.0181,-0.0141,0.0283,23.9066,26.8362,-102.9322,0.0,0.0436,-0.3754,0.0,0.0,0.0,4832425.1371,4091412.5061,2284024.9876,-1488.6615,-2269.9526,7203.2516,4832401.2305,4091385.6699,2284127.9198,-1488.6434,-2269.9385,7203.2233,0.0,0.0765,3.9732,0.0,0.0,1.0,0.0,1.0,0.0,0.0,-4.1,-36.453,0.0,0.0,-1.0,-0.7071,0.7071,0.0,14.258529587583707,0.0161245154965971,-0.360285,2.316034386480187,12.705593248909862,,
2.596,72.05,5.378,-13.202,68.121,5.192,-12.639,-0.033,-0.008,0.014,-0.033,-0.008,0.014,34.732,8.776,-3.623,-0.0,-0.0,0.0,0.0,0.0,-0.0,887.863,-0.0,0.0,-0.0,0.0,0.0,0.0,0.0,0.0,0.7679,0.5774,-0.2775,-0.6395,0.7167,-0.2783,0.0382,0.3912,0.9195,0.669,0.7326,-0.1252,-0.7377,0.634,-0.2321,-0.0907,0.2476,0.9646,0.0,0.0,-0.0,0.0,0.0,0.0,-0.0181,-0.0141,0.0283,23.9029,26.8333,-102.9264,0.0,0.0436,-0.3754,0.0,0.0,0.0,4832121.9271,4090950.2515,2285491.4481,-1489.9473,-2271.0412,7202.6436,4832098.0242,4090923.4182,2285594.3745,-1489.9292,-2271.0271,7202.6153,0.0,0.0765,3.9732,0.0,0.0,1.0,0.0,1.0,0.0,0.0,-4.1,-36.453,0.0,0.0,-1.0,-0.7071,0.7071,0.0,14.255374004213289,0.0161245154965971,-0.36024999999999996,2.324461646847082,12.704358960044901,,
2.7977,72.044,5.376,-13.199,68.114,5.19,-12.636,-0.033,-0.008,0.014,-0.033,-0.008,0.014,34.732,8.776,-3.623,-0.0,-0.0,0.0,0.0,0.0,-0.0,887.863,-0.0,0.0,-0.0,0.0,0.0,0.0,0.0,0.0,0.7679,0.5774,-0.2775,-0.6395,0.7167,-0.2783,0.0382,0.3912,0.9195,0.669,0.7326,-0.1252,-0.7377,0.634,-0.2321,-0.0907,0.2476,0.9646,0.0,0.0,-0.0,0.0,0.0,0.0,-0.0181,-0.0141,0.0284,23.8992,26.8305,-102.9207,0.0,0.0436,-0.3754,0.0,0.0,0.0,4831821.0063,4090491.6623,2286945.4644,-1491.2222,-2272.1206,7202.0404,4831797.1071,4090464.8318,2287048.385,-1491.2041,-2272.1065,7202.012,0.0,0.0765,3.9732,0.0,0.0,1.0,0.0,1.0,0.0,0.0,-4.1,-36.453,0.0,0.0,-1.0,-0.7071,0.7071,0.0,14.251841179300307,0.0161245154965971,-0.36022,2.3247101841508075,12.70330099816065,,
2.9993,72.037,5.374,-13.196,68.107,5.189,-12.633,-0.033,-0.008,0.014,-0.033,-0.008,0.014,34.732,8.776,-3.623,-0.0,-0.0,0.0,0.0,0.0,-0.0,887.863,-0.0,0.0,-0.0,0.0,0.0,0.0,0.0,0.0,0.7679,0.5774,-0.2775,-0.6395,0.7167,-0.2783,0.0382,0.3912,0.9195,0.669,0.7326,-0.1252,-0.7377,0.634,-0.2321,-0.0907,0.2476,0.9646,0.0,0.0,-0.0,0.0,0.0,0.0,-0.0181,-0.0141,0.0284,23.8956,26.8276,-102.915,0.0,0.0436,-0.3754,0.0,0.0,0.0,4831520.3478,4090033.6462,2288396.852,-1492.4948,-2273.1979,7201.4378,4831496.4522,4090006.8186,2288499.7669,-1492.4767,-2273.1838,7201.4094,0.0,0.0765,3.9732,0.0,0.0,1.0,0.0,1.0,0.0,0.0,-4.1,-36.453,0.0,0.0,-1.0,-0.7071,0.7071,0.0,14.248308390823102,0.0161245154965971,-0.36018500000000003,2.3321198011697537,12.702066709295693,,
3.2017,72.03,5.373,-13.193,68.101,5.187,-12.63,-0.033,-0.008,0.014,-0.033,-0.008,0.014,34.732,8.776,-3.623,-0.0,-0.0,0.0,0.0,0.0,-0.0,887.863,-0.0,0.0,-0.0,0.0,0.0,0.0,0.0,0.0,0.7679,0.5774,-0.2775,-0.6395,0.7167,-0.2783,0.0382,0.3912,0.9195,0.669,0.7326,-0.1252,-0.7377,0.634,-0.2321,-0.0907,0.2476,0.9646,0.0,0.0,-0.0,0.0,0.0,0.0,-0.0181,-0.0141,0.0284,23.8919,26.8248,-102.9092,0.0,0.0436,-0.3754,0.0,0.0,0.0,4831218.7683,4089574.401,2289851.3213,-1493.7702,-2274.2776,7200.8336,4831194.8764,4089547.5762,2289954.2306,-1493.7521,-2274.2634,7200.8051,0.0,0.0765,3.9732,0.0,0.0,1.0,0.0,1.0,0.0,0.0,-4.1,-36.453,0.0,0.0,-1.0,-0.7071,0.7071,0.0,14.24515278963339,0.0161245154965971,-0.36015,2.319436069522684,12.700832420430732,,
3.4168,72.023,5.371,-13.19,68.094,5.185,-12.627,-0.033,-0.008,0.014,-0.033,-0.008,0.014,34.732,8.776,-3.623,-0.0,-0.0,0.0,0.0,0.0,-0.0,887.863,-0.0,0.0,-0.0,0.0,0.0,0.0,0.0,0.0,0.7679,0.5774,-0.2775,-0.6395,0.7167,-0.2783,0.0382,0.3912,0.9195,0.669,0.7326,-0.1252,-0.7377,0.634,-0.2321,-0.0907,0.2476,0.9646,0.0,0.0,-0.0,0.0,0.0,0.0,-0.0181,-0.0141,0.0285,23.888,26.8217,-102.9031,0.0,0.0436,-0.3754,0.0,0.0,0.0,4830896.3822,4089083.6645,2291404.6309,-1495.1323,-2275.4305,7200.1877,4830872.4942,4089056.8428,2291507.534,-1495.1142,-2275.4164,7200.1593,0.0,0.0765,3.9732,0.0,0.0,1.0,0.0,1.0,0.0,0.0,-4.1,-36.453,0.0,0.0,-1.0,-0.7071,0.7071,0.0,14.241620027230047,0.0161245154965971,-0.36011499999999996,2.3176501212847795,12.699598131565772,,
3.6224,72.016,5.37,-13.188,68.087,5.184,-12.624,-0.033,-0.008,0.014,-0.033,-0.008,0.014,34.732,8.776,-3.623,-0.0,-0.0,0.0,0.0,0.0,-0.0,887.863,-0.0,0.0,-0.0,0.0,0.0,0.0,0.0,0.0,0.7679,0.5774,-0.2775,-0.6395,0.7167,-0.2783,0.0382,0.3912,0.9195,0.669,0.7326,-0.1252,-0.7377,0.634,-0.2321,-0.0907,0.2476,0.9646,0.0,0.0,-0.0,0.0,0.0,0.0,-0.0181,-0.0141,0.0285,23.8843,26.8188,-102.8972,0.0,0.0436,-0.3754,0.0,0.0,0.0,4830589.6161,4088616.8886,2292881.239,-1496.4271,-2276.5265,7199.5734,4830565.7318,4088590.0698,2292984.1362,-1496.409,-2276.5124,7199.5449,0.0,0.0765,3.9732,0.0,0.0,1.0,0.0,1.0,0.0,0.0,-4.1,-36.453,0.0,0.0,-1.0,-0.7071,0.7071,0.0,14.23939057684703,0.0161245154965971,-0.36008,2.3050366068227146,12.698363842700815,,
3.825,72.01,5.368,-13.185,68.08,5.182,-12.622,-0.033,-0.008,0.014,-0.033,-0.008,0.014,34.732,8.776,-3.623,-0.0,-0.0,0.0,0.0,0.0,-0.0,887.863,-0.0,0.0,-0.0,0.0,0.0,0.0,0.0,0.0,0.7679,0.5774,-0.2775,-0.6395,0.7167,-0.2783,0.0382,0.3912,0.9195,0.669,0.7326,-0.1252,-0.7377,0.634,-0.2321,-0.0907,0.2476,0.9646,0.0,0.0,-0.0,0.0,0.0,0.0,-0.0181,-0.0141,0.0285,23.8806,26.816,-102.8915,0.0,0.0436,-0.3754,0.0,0.0,0.0,4830286.9419,4088156.5147,2294336.7756,-1497.7035,-2277.6068,7198.9673,4830263.0612,4088129.6987,2294439.6671,-1497.6854,-2277.5927,7198.9388,0.0,0.0765,3.9732,0.0,0.0,1.0,0.0,1.0,0.0,0.0,-4.1,-36.453,0.0,0.0,-1.0,-0.7071,0.7071,0.0,14.235857859644428,0.0161245154965971,-0.36005000000000004,2.3171955479457176,12.697305880816565,,
4.0294,72.003,5.367,-13.182,68.073,5.181,-12.619,-0.033,-0.008,0.014,-0.033,-0.008,0.014,34.732,8.776,-3.623,-0.0,-0.0,0.0,0.0,0.0,-0.0,887.863,-0.0,0.0,-0.0,0.0,0.0,0.0,0.0,0.0,0.7679,0.5774,-0.2775,-0.6395,0.7167,-0.2783,0.0382,0.3912,0.9195,0.669,0.7326,-0.1252,-0.7377,0.634,-0.2321,-0.0907,0.2476,0.9646,0.0,0.0,-0.0,0.0,0.0,0.0,-0.0181,-0.0142,0.0285,23.877,26.8131,-102.8857,0.0,0.0436,-0.3754,0.0,0.0,0.0,4829981.3923,4087691.9428,2295804.7593,-1498.9909,-2278.6964,7198.3556,4829957.5154,4087665.1298,2295907.6449,-1498.9728,-2278.6822,7198.3271,0.0,0.0765,3.9732,0.0,0.0,1.0,0.0,1.0,0.0,0.0,-4.1,-36.453,0.0,0.0,-1.0,-0.7071,0.7071,0.0,14.232702238155621,0.0161245154965971,-0.360015,2.315881217471141,12.696071591951604,,
4.2329,71.996,5.365,-13.179,68.067,5.179,-12.616,-0.033,-0.008,0.014,-0.033,-0.008,0.014,34.732,8.776,-3.623,-0.0,-0.0,0.0,0.0,0.0,-0.0,887.863,-0.0,0.0,-0.0,0.0,0.0,0.0,0.0,0.0,0.7679,0.5774,-0.2775,-0.6395,0.7167,-0.2783,0.0382,0.3912,0.9195,0.669,0.7326,-0.1252,-0.7377,0.634,-0.2321,-0.0907,0.2476,0.9646,0.0,0.0,-0.0,0.0,0.0,0.0,-0.0181,-0.0142,0.0286,23.8732,26.8102,-102.8798,0.0,0.0436,-0.3754,0.0,0.0,0.0,4829673.9199,4087224.6269,2297280.5831,-1500.2851,-2279.7917,7197.7402,4829650.0466,4087197.8168,2297383.4629,-1500.267,-2279.7775,7197.7116,0.0,0.0765,3.9732,0.0,0.0,1.0,0.0,1.0,0.0,0.0,-4.1,-36.453,0.0,0.0,-1.0,-0.7071,0.7071,0.0,14.229169547095854,0.0161245154965971,-0.35997999999999997,2.311918532264213,12.694837303086643,,
4.4386,71.989,5.363,-13.176,68.06,5.178,-12.613,-0.033,-0.008,0.014,-0.033,-0.008,0.014,34.732,8.776,-3.623,-0.0,-0.0,0.0,0.0,0.0,-0.0,887.863,-0.0,0.0,-0.0,0.0,0.0,0.0,0.0,0.0,0.7679,0.5774,-0.2775,-0.6395,0.7167,-0.2783,0.0382,0.3912,0.9195,0.669,0.7326,-0.1252,-0.7377,0.634,-0.2321,-0.0907,0.2476,0.9646,0.0,0.0,-0.0,0.0,0.0,0.0,-0.0182,-0.0142,0.0286,23.8695,26.8073,-102.8739,0.0,0.0436,-0.3754,0.0,0.0,0.0,4829365.1826,4086755.5676,2298761.0714,-1501.5835,-2280.8904,7197.1224,4829341.3131,4086728.7604,2298863.9453,-1501.5654,-2280.8762,7197.0938,0.0,0.0765,3.9732,0.0,0.0,1.0,0.0,1.0,0.0,0.0,-4.1,-36.453,0.0,0.0,-1.0,-0.7071,0.7071,0.0,14.225636892596409,0.0161245154965971,-0.359945,2.3193362019459522,12.693603014221686,,
4.6399,71.983,5.362,-13.174,68.053,5.176,-12.61,-0.033,-0.008,0.014,-0.033,-0.008,0.014,34.732,8.776,-3.623,-0.0,-0.0,0.0,0.0,0.0,-0.0,887.863,-0.0,0.0,-0.0,0.0,0.0,0.0,0.0,0.0,0.7679,0.5774,-0.2775,-0.6395,0.7167,-0.2783,0.0382,0.3912,0.9195,0.669,0.7326,-0.1252,-0.7377,0.634,-0.2321,-0.0907,0.2476,0.9646,0.0,0.0,-0.0,0.0,0.0,0.0,-0.0182,-0.0142,0.0286,23.8658,26.8044,-102.8682,0.0,0.0436,-0.3754,0.0,0.0,0.0,4829063.2216,4086296.9766,2300207.7062,-1502.8522,-2281.964,7196.5183,4829039.3557,4086270.1722,2300310.5744,-1502.8341,-2281.9498,7196.4897,0.0,0.0765,3.9732,0.0,0.0,1.0,0.0,1.0,0.0,0.0,-4.1,-36.453,0.0,0.0,-1.0,-0.7071,0.7071,0.0,14.223407467973347,0.0161245154965971,-0.35991500000000004,2.299550449117044,12.692545052337435,,
4.8404,71.976,5.36,-13.171,68.047,5.174,-12.608,-0.033,-0.008,0.014,-0.033,-0.008,0.014,34.732,8.776,-3.623,-0.0,-0.0,0.0,0.0,0.0,-0.0,887.863,-0.0,0.0,-0.0,0.0,0.0,0.0,0.0,0.0,0.7679,0.5774,-0.2775,-0.6395,0.7167,-0.2783,0.0382,0.3912,0.9195,0.669,0.7326,-0.1252,-0.7377,0.634,-0.2321,-0.0907,0.2476,0.9646,0.0,0.0,-0.0,0.0,0.0,0.0,-0.0182,-0.0142,0.0286,23.8622,26.8016,-102.8624,0.0,0.0436,-0.3754,0.0,0.0,0.0,4828761.8268,4085839.4174,2301650.29,-1504.1174,-2283.0346,7195.9154,4828737.9645,4085812.6159,2301753.1525,-1504.0992,-2283.0204,7195.8868,0.0,0.0765,3.9732,0.0,0.0,1.0,0.0,1.0,0.0,0.0,-4.1,-36.453,0.0,0.0,-1.0,-0.7071,0.7071,0.0,14.21987485880238,0.0161245154965971,-0.35988,2.307497989674928,12.691310763472474,,
5.0542,71.969,5.359,-13.168,68.039,5.173,-12.605,-0.033,-0.008,0.014,-0.033,-0.008,0.014,34.732,8.776,-3.623,-0.0,-0.0,0.0,0.0,0.0,-0.0,887.863,-0.0,0.0,-0.0,0.0,0.0,0.0,0.0,0.0,0.7679,0.5774,-0.2775,-0.6395,0.7167,-0.2783,0.0382,0.3912,0.9195,0.669,0.7326,-0.1252,-0.7377,0.634,-0.2321,-0.0907,0.2476,0.9646,0.0,0.0,-0.0,0.0,0.0,0.0,-0.0182,-0.0142,0.0287,23.8583,26.7985,-102.8563,0.0,0.0436,-0.3754,0.0,0.0,0.0,4828439.1218,4085349.6942,2303193.3941,-1505.4708,-2284.1797,7195.2701,4828415.2635,4085322.8957,2303296.2504,-1505.4526,-2284.1655,7195.2414,0.0,0.0765,3.9732,0.0,0.0,1.0,0.0,1.0,0.0,0.0,-4.1,-36.453,0.0,0.0,-1.0,-0.7071,0.7071,0.0,14.21671920662429,0.0161245154965971,-0.35984499999999997,2.3083577606031174,12.690076474607515,,
5.2646,71.962,5.357,-13.165,68.032,5.171,-12.602,-0.033,-0.008,0.014,-0.033,-0.008,0.014,34.732,8.776,-3.623,-0.0,-0.0,0.0,0.0,0.0,-0.0,887.863,-0.0,0.0,-0.0,0.0,0.0,0.0,0.0,0.0,0.7679,0.5774,-0.2775,-0.6395,0.7167,-0.2783,0.0382,0.3912,0.9195,0.669,0.7326,-0.1252,-0.7377,0.634,-0.2321,-0.0907,0.2476,0.9646,0.0,0.0,-0.0,0.0,0.0,0.0,-0.0182,-0.0142,0.0287,23.8545,26.7955,-102.8502,0.0,0.0436,-0.3754,0.0,0.0,0.0,4828121.1199,4084867.2992,2304712.518,-1506.8031,-2285.307,7194.6343,4828097.2655,4084840.5037,2304815.3682,-1506.785,-2285.2928,7194.6056,0.0,0.0765,3.9732,0.0,0.0,1.0,0.0,1.0,0.0,0.0,-4.1,-36.453,0.0,0.0,-1.0,-0.7071,0.7071,0.0,14.213186623695616,0.0161245154965971,-0.35981,2.3065688289249286,12.688842185742557,,
5.4778,71.955,5.355,-13.162,68.025,5.169,-12.599,-0.033,-0.008,0.014,-0.033,-0.008,0.014,34.732,8.776,-3.623,-0.0,-0.0,0.0,0.0,0.0,-0.0,887.863,-0.0,0.0,-0.0,0.0,0.0,0.0,0.0,0.0,0.7679,0.5774,-0.2775,-0.6395,0.7167,-0.2783,0.0382,0.3912,0.9195,0.669,0.7326,-0.1252,-0.7377,0.634,-0.2321,-0.0907,0.2476,0.9646,0.0,0.0,-0.0,0.0,0.0,0.0,-0.0182,-0.0142,0.0287,23.8506,26.7925,-102.8442,0.0,0.0436,-0.3754,0.0,0.0,0.0,4827801.9918,4084383.3843,2306235.5388,-1508.139,-2286.4371,7193.9964,4827778.1412,4084356.5917,2306338.383,-1508.1208,-2286.4229,7193.9677,0.0,0.0765,3.9732,0.0,0.0,1.0,0.0,1.0,0.0,0.0,-4.1,-36.453,0.0,0.0,-1.0,-0.7071,0.7071,0.0,14.209654077422153,0.0161245154965971,-0.359775,2.304779530819573,12.687607896877598,,
5.6905,71.948,5.354,-13.159,68.018,5.168,-12.596,-0.033,-0.008,0.014,-0.033,-0.008,0.014,34.732,8.776,-3.623,-0.0,-0.0,0.0,0.0,0.0,-0.0,887.863,-0.0,0.0,-0.0,0.0,0.0,0.0,0.0,0.0,0.7679,0.5774,-0.2775,-0.6395,0.7167,-0.2783,0.0382,0.3912,0.9195,0.669,0.7326,-0.1252,-0.7377,0.634,-0.2321,-0.0907,0.2476,0.9646,0.0,0.0,-0.0,0.0,0.0,0.0,-0.0182,-0.0142,0.0288,23.8467,26.7895,-102.838,0.0,0.0436,-0.3754,0.0,0.0,0.0,4827480.4895,4083896.0617,2307768.3903,-1509.4834,-2287.5745,7193.354,4827456.6427,4083869.2723,2307871.2283,-1509.4652,-2287.5603,7193.3252,0.0,0.0765,3.9732,0.0,0.0,1.0,0.0,1.0,0.0,0.0,-4.1,-36.453,0.0,0.0,-1.0,-0.7071,0.7071,0.0,14.20649840741905,0.0161245154965971,-0.35973999999999995,2.303463013559081,12.686373608012637,,
5.903,71.941,5.352,-13.156,68.011,5.166,-12.593,-0.033,-0.008,0.014,-0.033,-0.008,0.014,34.732,8.776,-3.623,-0.0,-0.0,0.0,0.0,0.0,-0.0,887.863,-0.0,0.0,-0.0,0.0,0.0,0.0,0.0,0.0,0.7679,0.5774,-0.2775,-0.6395,0.7167,-0.2783,0.0382,0.3912,0.9195,0.669,0.7326,-0.1252,-0.7377,0.634,-0.2321,-0.0907,0.2476,0.9646,0.0,0.0,-0.0,0.0,0.0,0.0,-0.0182,-0.0142,0.0288,23.8429,26.7865,-102.8319,0.0,0.0436,-0.3754,0.0,0.0,0.0,4827160.246,4083410.8373,2309293.7482,-1510.8214,-2288.7063,7192.7141,4827136.4031,4083384.0508,2309396.5801,-1510.8032,-2288.6921,7192.6853,0.0,0.0765,3.9732,0.0,0.0,1.0,0.0,1.0,0.0,0.0,-4.1,-36.453,0.0,0.0,-1.0,-0.7071,0.7071,0.0,14.202965887447593,0.0161245154965971,-0.359705,2.3016730065216793,12.685139319147678,,
6.1162,71.933,5.35,-13.153,68.004,5.165,-12.59,-0.033,-0.008,0.014,-0.033,-0.008,0.014,34.732,8.776,-3.623,-0.0,-0.0,0.0,0.0,0.0,-0.0,887.863,-0.0,0.0,-0.0,0.0,0.0,0.0,0.0,0.0,0.7679,0.5774,-0.2775,-0.6395,0.7167,-0.2783,0.0382,0.3912,0.9195,0.669,0.7326,-0.1252,-0.7377,0.634,-0.2321,-0.0907,0.2476,0.9646,0.0,0.0,-0.0,0.0,0.0,0.0,-0.0182,-0.0142,0.0288,23.839,26.7834,-102.8258,0.0,0.0436,-0.3754,0.0,0.0,0.0,4826836.8522,4082921.0316,2310832.6045,-1512.1712,-2289.8481,7192.0681,4826813.0133,4082894.2481,2310935.4303,-1512.1529,-2289.8339,7192.0393,0.0,0.0765,3.9732,0.0,0.0,1.0,0.0,1.0,0.0,0.0,-4.1,-36.453,0.0,0.0,-1.0,-0.7071,0.7071,0.0,14.199433404189056,0.0161245154965971,-0.359665,2.3070587762110613,12.683728703302013,,
6.329,71.926,5.349,-13.15,67.997,5.163,-12.587,-0.033,-0.008,0.014,-0.033,-0.008,0.014,34.732,8.776,-3.623,-0.0,-0.0,0.0,0.0,0.0,-0.0,887.863,-0.0,0.0,-0.0,0.0,0.0,0.0,0.0,0.0,0.7679,0.5774,-0.2775,-0.6395,0.7167,-0.2783,0.0382,0.3912,0.9195,0.669,0.7326,-0.1252,-0.7377,0.634,-0.2321,-0.0907,0.2476,0.9646,0.0,0.0,-0.0,0.0,0.0,0.0,-0.0182,-0.0142,0.0288,23.8351,26.7804,-102.8197,0.0,0.0436,-0.3754,0.0,0.0,0.0,4826515.8322,4082435.0123,2312358.6716,-1513.5098,-2290.9804,7191.4271,4826491.997,4082408.2319,2312461.4913,-1513.4916,-2290.9662,7191.3982,0.0,0.0765,3.9732,0.0,0.0,1.0,0.0,1.0,0.0,0.0,-4.1,-36.453,0.0,0.0,-1.0,-0.7071,0.7071,0.0,14.196277716359313,0.0161245154965971,-0.35963,2.2965324251894166,12.682494414437052,,
6.5402,71.919,5.347,-13.147,67.99,5.161,-12.584,-0.033,-0.008,0.014,-0.033,-0.008,0.014,34.732,8.776,-3.623,-0.0,-0.0,0.0,0.0,0.0,-0.0,887.863,-0.0,0.0,-0.0,0.0,0.0,0.0,0.0,0.0,0.7679,0.5774,-0.2775,-0.6395,0.7167,-0.2783,0.0382,0.3912,0.9195,0.669,0.7326,-0.1252,-0.7377,0.634,-0.2321,-0.0907,0.2476,0.9646,0.0,0.0,-0.0,0.0,0.0,0.0,-0.0182,-0.0143,0.0289,23.8312,26.7774,-102.8136,0.0,0.0436,-0.3754,0.0,0.0,0.0,4826195.0087,4081949.4803,2313882.3208,-1514.8463,-2292.1109,7190.7865,4826171.1775,4081922.7029,2313985.1344,-1514.8281,-2292.0966,7190.7576,0.0,0.0765,3.9732,0.0,0.0,1.0,0.0,1.0,0.0,0.0,-4.1,-36.453,0.0,0.0,-1.0,-0.7071,0.7071,0.0,14.192745259462667,0.0161245154965971,-0.359595,2.2947413121860905,12.681260125572091,,
6.7528,71.912,5.345,-13.144,67.983,5.16,-12.581,-0.033,-0.008,0.014,-0.033,-0.008,0.014,34.732,8.776,-3.623,-0.0,-0.0,0.0,0.0,0.0,-0.0,887.863,-0.0,0.0,-0.0,0.0,0.0,0.0,0.0,0.0,0.7679,0.5774,-0.2775,-0.6395,0.7167,-0.2783,0.0382,0.3912,0.9195,0.669,0.7326,-0.1252,-0.7377,0.634,-0.2321,-0.0907,0.2476,0.9646,0.0,0.0,-0.0,0.0,0.0,0.0,-0.0182,-0.0143,0.0289,23.8274,26.7743,-102.8074,0.0,0.0436,-0.3754,0.0,0.0,0.0,4825872.5615,4081461.6806,2315412.1918,-1516.1883,-2293.2459,7190.1429,4825848.7341,4081434.9063,2315514.9992,-1516.1701,-2293.2316,7190.114,0.0,0.0765,3.9732,0.0,0.0,1.0,0.0,1.0,0.0,0.0,-4.1,-36.453,0.0,0.0,-1.0,-0.7071,0.7071,0.0,14.18921283933679,0.0161245154965971,-0.35956000000000005,2.302160983214867,12.680025836707134,,
6.9672,71.905,5.344,-13.141,67.976,5.158,-12.578,-0.033,-0.008,0.014,-0.033,-0.008,0.014,34.732,8.776,-3.623,-0.0,-0.0,0.0,0.0,0.0,-0.0,887.863,-0.0,0.0,-0.0,0.0,0.0,0.0,0.0,0.0,0.7679,0.5774,-0.2775,-0.6395,0.7167,-0.2783,0.0382,0.3912,0.9195,0.669,0.7326,-0.1252,-0.7377,0.634,-0.2321,-0.0907,0.2476,0.9646,0.0,0.0,-0.0,0.0,0.0,0.0,-0.0182,-0.0143,0.0289,23.8235,26.7713,-102.8012,0.0,0.0436,-0.3754,0.0,0.0,0.0,4825549.3282,4080972.8828,2316944.2972,-1517.5323,-2294.3826,7189.4978,4825525.5047,4080946.1115,2317047.0985,-1517.5141,-2294.3683,7189.4689,0.0,0.0765,3.9732,0.0,0.0,1.0,0.0,1.0,0.0,0.0,-4.1,-36.453,0.0,0.0,-1.0,-0.7071,0.7071,0.0,14.18605713367883,0.0161245154965971,-0.359525,2.2916318101790014,12.678791547842174,,
7.1695,71.898,5.342,-13.139,67.969,5.156,-12.576,-0.034,-0.008,0.014,-0.034,-0.008,0.014,34.732,8.776,-3.623,-0.0,-0.0,0.0,0.0,0.0,-0.0,887.863,-0.0,0.0,-0.0,0.0,0.0,0.0,0.0,0.0,0.7679,0.5774,-0.2775,-0.6395,0.7167,-0.2783,0.0382,0.3912,0.9195,0.669,0.7326,-0.1252,-0.7377,0.634,-0.2321,-0.0907,0.2476,0.9646,0.0,0.0,-0.0,0.0,0.0,0.0,-0.0183,-0.0143,0.029,23.8198,26.7684,-102.7954,0.0,0.0436,-0.3754,0.0,0.0,0.0,4825240.4244,4080505.9323,2318407.0866,-1518.8155,-2295.4678,7188.8814,4825216.6046,4080479.1639,2318509.882,-1518.7973,-2295.4535,7188.8525,0.0,0.0765,3.9732,0.0,0.0,1.0,0.0,1.0,0.0,0.0,-4.1,-36.453,0.0,0.0,-1.0,-0.7071,0.7071,0.0,14.183451096260034,0.0161245154965971,-0.35949,2.290452808361862,12.677557258977215,,
7.3733,71.891,5.341,-13.136,67.962,5.155,-12.573,-0.034,-0.008,0.014,-0.034,-0.008,0.014,34.732,8.776,-3.623,-0.0,-0.0,0.0,0.0,0.0,-0.0,887.863,-0.0,0.0,-0.0,0.0,0.0,0.0,0.0,0.0,0.7679,0.5774,-0.2775,-0.6395,0.7167,-0.2783,0.0382,0.3912,0.9195,0.669,0.7326,-0.1252,-0.7377,0.634,-0.2321,-0.0907,0.2476,0.9646,0.0,0.0,-0.0,0.0,0.0,0.0,-0.0183,-0.0143,0.029,23.816,26.7655,-102.7895,0.0,0.0436,-0.3754,0.0,0.0,0.0,4824932.1031,4080040.0366,2319865.7603,-1520.0952,-2296.5499,7188.2664,4824908.2871,4080013.2711,2319968.5498,-1520.0769,-2296.5356,7188.2374,0.0,0.0765,3.9732,0.0,0.0,1.0,0.0,1.0,0.0,0.0,-4.1,-36.453,0.0,0.0,-1.0,-0.7071,0.7071,0.0,14.180295377741606,0.0161245154965971,-0.359455,2.289134251711692,12.676322970112256,,
7.5756,71.885,5.339,-13.133,67.955,5.153,-12.57,-0.034,-0.008,0.014,-0.034,-0.008,0.014,34.732,8.776,-3.623,-0.0,-0.0,0.0,0.0,0.0,-0.0,887.863,-0.0,0.0,-0.0,0.0,0.0,0.0,0.0,0.0,0.7679,0.5774,-0.2775,-0.6395,0.7167,-0.2783,0.0382,0.3912,0.9195,0.669,0.7326,-0.1252,-0.7377,0.634,-0.2321,-0.0907,0.2476,0.9646,0.0,0.0,-0.0,0.0,0.0,0.0,-0.0183,-0.0143,0.029,23.8123,26.7626,-102.7836,0.0,0.0436,-0.3754,0.0,0.0,0.0,4824624.0312,4079574.6886,2321321.9058,-1521.3726,-2297.6301,7187.652,4824600.2188,4079547.926,2321424.6894,-1521.3544,-2297.6158,7187.623,0.0,0.0765,3.9732,0.0,0.0,1.0,0.0,1.0,0.0,0.0,-4.1,-36.453,0.0,0.0,-1.0,-0.7071,0.7071,0.0,14.176763029690521,0.0161245154965971,-0.35942500000000005,2.2893742344132995,12.675265008228006,,
7.7759,71.878,5.338,-13.13,67.948,5.152,-12.567,-0.034,-0.008,0.014,-0.034,-0.008,0.014,34.732,8.776,-3.623,-0.0,-0.0,0.0,0.0,0.0,-0.0,887.863,-0.0,0.0,-0.0,0.0,0.0,0.0,0.0,0.0,0.7679,0.5774,-0.2775,-0.6395,0.7167,-0.2783,0.0382,0.3912,0.9195,0.669,0.7326,-0.1252,-0.7377,0.634,-0.2321,-0.0907,0.2476,0.9646,0.0,0.0,-0.0,0.0,0.0,0.0,-0.0183,-0.0143,0.029,23.8087,26.7597,-102.7778,0.0,0.0436,-0.3754,0.0,0.0,0.0,4824318.4689,4079113.3016,2322764.8591,-1522.6386,-2298.7005,7187.0427,4824294.6602,4079086.5419,2322867.6369,-1522.6203,-2298.6862,7187.0136,0.0,0.0765,3.9732,0.0,0.0,1.0,0.0,1.0,0.0,0.0,-4.1,-36.453,0.0,0.0,-1.0,-0.7071,0.7071,0.0,14.173607303717711,0.0161245154965971,-0.35939,2.288055023489287,12.674030719363046,,
7.98,71.871,5.336,-13.127,67.942,5.15,-12.564,-0.034,-0.008,0.014,-0.034,-0.008,0.014,34.732,8.776,-3.623,-0.0,-0.0,0.0,0.0,0.0,-0.0,887.863,-0.0,0.0,-0.0,0.0,0.0,0.0,0.0,0.0,0.7679,0.5774,-0.2775,-0.6395,0.7167,-0.2783,0.0382,0.3912,0.9195,0.669,0.7326,-0.1252,-0.7377,0.634,-0.2321,-0.0907,0.2476,0.9646,0.0,0.0,-0.0,0.0,0.0,0.0,-0.0183,-0.0143,0.0291,23.805,26.7568,-102.7719,0.0,0.0436,-0.3754,0.0,0.0,0.0,4824009.2104,4078646.5059,2324223.9215,-1523.9186,-2299.7828,7186.4261,4823985.4055,4078619.7491,2324326.6934,-1523.9003,-2299.7685,7186.3971,0.0,0.0765,3.9732,0.0,0.0,1.0,0.0,1.0,0.0,0.0,-4.1,-36.453,0.0,0.0,-1.0,-0.7071,0.7071,0.0,14.170074982158704,0.0161245154965971,-0.359355,2.284086762248782,12.672796430498085,,
8.1828,71.864,5.334,-13.125,67.935,5.149,-12.561,-0.034,-0.008,0.014,-0.034,-0.008,0.014,34.732,8.776,-3.623,-0.0,-0.0,0.0,0.0,0.0,-0.0,887.863,-0.0,0.0,-0.0,0.0,0.0,0.0,0.0,0.0,0.7679,0.5774,-0.2775,-0.6395,0.7167,-0.2783,0.0382,0.3912,0.9195,0.669,0.7326,-0.1252,-0.7377,0.634,-0.2321,-0.0907,0.2476,0.9646,0.0,0.0,-0.0,0.0,0.0,0.0,-0.0183,-0.0143,0.0291,23.8012,26.7539,-102.766,0.0,0.0436,-0.3754,0.0,0.0,0.0,4823698.273,4078177.3491,2325689.5448,-1525.2045,-2300.8699,7185.8064,4823674.4718,4078150.5952,2325792.3108,-1525.1862,-2300.8556,7185.7773,0.0,0.0765,3.9732,0.0,0.0,1.0,0.0,1.0,0.0,0.0,-4.1,-36.453,0.0,0.0,-1.0,-0.7071,0.7071,0.0,14.167469110606875,0.0161245154965971,-0.35932000000000003,2.280260634989897,12.671562141633128,,
8.3953,71.857,5.333,-13.122,67.928,5.147,-12.559,-0.034,-0.008,0.014,-0.034,-0.008,0.014,34.732,8.776,-3.623,-0.0,-0.0,0.0,0.0,0.0,-0.0,887.863,-0.0,0.0,-0.0,0.0,0.0,0.0,0.0,0.0,0.7679,0.5774,-0.2775,-0.6395,0.7167,-0.2783,0.0382,0.3912,0.9195,0.669,0.7326,-0.1252,-0.7377,0.634,-0.2321,-0.0907,0.2476,0.9646,0.0,0.0,-0.0,0.0,0.0,0.0,-0.0183,-0.0143,0.0291,23.7974,26.7509,-102.7598,0.0,0.0436,-0.3754,0.0,0.0,0.0,4823375.9453,4077691.1896,2327207.421,-1526.5362,-2301.9958,7185.1641,4823352.1479,4077664.4387,2327310.1808,-1526.5179,-2301.9815,7185.135,0.0,0.0765,3.9732,0.0,0.0,1.0,0.0,1.0,0.0,0.0,-4.1,-36.453,0.0,0.0,-1.0,-0.7071,0.7071,0.0,14.164313361402309,0.0161245154965971,-0.359285,2.281586407653173,12.670327852768168,,
8.6107,71.85,5.331,-13.119,67.92,5.145,-12.556,-0.034,-0.008,0.014,-0.034,-0.008,0.014,34.732,8.776,-3.623,-0.0,-0.0,0.0,0.0,0.0,-0.0,887.863,-0.0,0.0,-0.0,0.0,0.0,0.0,0.0,0.0,0.7679,0.5774,-0.2775,-0.6395,0.7167,-0.2783,0.0382,0.3912,0.9195,0.669,0.7326,-0.1252,-0.7377,0.634,-0.2321,-0.0907,0.2476,0.9646,0.0,0.0,-0.0,0.0,0.0,0.0,-0.0183,-0.0143,0.0291,23.7934,26.7478,-102.7535,0.0,0.0436,-0.3754,0.0,0.0,0.0,4823045.9997,4077193.7328,2328759.6595,-1527.8981,-2303.1471,7184.5067,4823022.2062,4077166.985,2328862.413,-1527.8798,-2303.1328,7184.4776,0.0,0.0765,3.9732,0.0,0.0,1.0,0.0,1.0,0.0,0.0,-4.1,-36.453,0.0,0.0,-1.0,-0.7071,0.7071,0.0,14.160781122522868,0.0161245154965971,-0.35924999999999996,2.281966697111741,12.669093563903207,,
8.8221,71.843,5.329,-13.116,67.913,5.144,-12.553,-0.034,-0.008,0.014,-0.034,-0.008,0.014,34.732,8.776,-3.623,-0.0,-0.0,0.0,0.0,0.0,-0.0,887.863,-0.0,0.0,-0.0,0.0,0.0,0.0,0.0,0.0,0.7679,0.5774,-0.2775,-0.6395,0.7167,-0.2783,0.0382,0.3912,0.9195,0.669,0.7326,-0.1252,-0.7377,0.634,-0.2321,-0.0907,0.2476,0.9646,0.0,0.0,-0.0,0.0,0.0,0.0,-0.0183,-0.0143,0.0292,23.7896,26.7448,-102.7474,0.0,0.0436,-0.3754,0.0,0.0,0.0,4822723.4289,4076707.5843,2330275.7289,-1529.2283,-2304.2716,7183.8642,4822699.6394,4076680.8395,2330378.4763,-1529.21,-2304.2573,7183.8351,0.0,0.0765,3.9732,0.0,0.0,1.0,0.0,1.0,0.0,0.0,-4.1,-36.453,0.0,0.0,-1.0,-0.7071,0.7071,0.0,14.157248920606008,0.0161245154965971,-0.359215,2.2893809291787224,12.66785927503825,,
9.0328,71.836,5.328,-13.113,67.906,5.142,-12.55,-0.034,-0.008,0.014,-0.034,-0.008,0.014,34.732,8.776,-3.623,-0.0,-0.0,0.0,0.0,0.0,-0.0,887.863,-0.0,0.0,-0.0,0.0,0.0,0.0,0.0,0.0,0.7679,0.5774,-0.2775,-0.6395,0.7167,-0.2783,0.0382,0.3912,0.9195,0.669,0.7326,-0.1252,-0.7377,0.634,-0.2321,-0.0907,0.2476,0.9646,0.0,0.0,-0.0,0.0,0.0,0.0,-0.0183,-0.0144,0.0292,23.7857,26.7417,-102.7412,0.0,0.0436,-0.3754,0.0,0.0,0.0,4822400.2191,4076220.6573,2331793.3454,-1530.5599,-2305.3972,7183.2206,4822376.4334,4076193.9156,2331896.0866,-1530.5416,-2305.3828,7183.1914,0.0,0.0765,3.9732,0.0,0.0,1.0,0.0,1.0,0.0,0.0,-4.1,-36.453,0.0,0.0,-1.0,-0.7071,0.7071,0.0,14.15409315357222,0.0161245154965971,-0.35918,2.2788509174131435,12.66662498617329,,
9.2337,71.829,5.326,-13.11,67.899,5.14,-12.547,-0.034,-0.008,0.014,-0.034,-0.008,0.014,34.732,8.776,-3.623,-0.0,-0.0,0.0,0.0,0.0,-0.0,887.863,-0.0,0.0,-0.0,0.0,0.0,0.0,0.0,0.0,0.7679,0.5774,-0.2775,-0.6395,0.7167,-0.2783,0.0382,0.3912,0.9195,0.669,0.7326,-0.1252,-0.7377,0.634,-0.2321,-0.0907,0.2476,0.9646,0.0,0.0,-0.0,0.0,0.0,0.0,-0.0183,-0.0144,0.0292,23.782,26.7389,-102.7353,0.0,0.0436,-0.3754,0.0,0.0,0.0,4822093.0633,4075758.0889,2333234.2324,-1531.8242,-2306.4658,7182.6091,4822069.2813,4075731.35,2333336.9678,-1531.8059,-2306.4515,7182.5798,0.0,0.0765,3.9732,0.0,0.0,1.0,0.0,1.0,0.0,0.0,-4.1,-36.453,0.0,0.0,-1.0,-0.7071,0.7071,0.0,14.150560978279271,0.0161245154965971,-0.359145,2.277055350993816,12.665390697308329,,
9.4455,71.822,5.325,-13.107,67.892,5.139,-12.544,-0.034,-0.008,0.014,-0.034,-0.008,0.014,34.732,8.776,-3.623,-0.0,-0.0,0.0,0.0,0.0,-0.0,887.863,-0.0,0.0,-0.0,0.0,0.0,0.0,0.0,0.0,0.7679,0.5774,-0.2775,-0.6395,0.7167,-0.2783,0.0382,0.3912,0.9195,0.669,0.7326,-0.1252,-0.7377,0.634,-0.2321,-0.0907,0.2476,0.9646,0.0,0.0,-0.0,0.0,0.0,0.0,-0.0183,-0.0144,0.0293,23.7781,26.7358,-102.7291,0.0,0.0436,-0.3754,0.0,0.0,0.0,4821766.8868,4075267.0598,2334762.9112,-1533.1656,-2307.5996,7181.9598,4821743.1087,4075240.324,2334865.6403,-1533.1472,-2307.5852,7181.9305,0.0,0.0765,3.9732,0.0,0.0,1.0,0.0,1.0,0.0,0.0,-4.1,-36.453,0.0,0.0,-1.0,-0.7071,0.7071,0.0,14.14740520378207,0.0161245154965971,-0.35911000000000004,2.2757339336850237,12.664156408443372,,
9.6573,71.814,5.323,-13.104,67.885,5.137,-12.541,-0.034,-0.008,0.014,-0.034,-0.008,0.014,34.732,8.776,-3.623,-0.0,-0.0,0.0,0.0,0.0,-0.0,887.863,-0.0,0.0,-0.0,0.0,0.0,0.0,0.0,0.0,0.7679,0.5774,-0.2775,-0.6395,0.7167,-0.2783,0.0382,0.3912,0.9195,0.669,0.7326,-0.1252,-0.7377,0.634,-0.2321,-0.0907,0.2476,0.9646,0.0,0.0,-0.0,0.0,0.0,0.0,-0.0183,-0.0144,0.0293,23.7742,26.7328,-102.7229,0.0,0.0436,-0.3754,0.0,0.0,0.0,4821442.2923,4074778.5978,2336282.7129,-1534.4992,-2308.7267,7181.3138,4821418.5181,4074751.865,2336385.4358,-1534.4808,-2308.7123,7181.2845,0.0,0.0765,3.9732,0.0,0.0,1.0,0.0,1.0,0.0,0.0,-4.1,-36.453,0.0,0.0,-1.0,-0.7071,0.7071,0.0,14.143873055142993,0.0161245154965971,-0.35906999999999994,2.2719051899576517,12.662745792597702,,
9.8689,71.807,5.321,-13.101,67.878,5.135,-12.538,-0.034,-0.008,0.014,-0.034,-0.008,0.014,34.732,8.776,-3.623,-0.0,-0.0,0.0,0.0,0.0,-0.0,887.863,-0.0,0.0,-0.0,0.0,0.0,0.0,0.0,0.0,0.7679,0.5774,-0.2775,-0.6395,0.7167,-0.2783,0.0382,0.3912,0.9195,0.669,0.7326,-0.1252,-0.7377,0.634,-0.2321,-0.0907,0.2476,0.9646,0.0,0.0,-0.0,0.0,0.0,0.0,-0.0184,-0.0144,0.0293,23.7704,26.7297,-102.7167,0.0,0.0436,-0.3754,0.0,0.0,0.0,4821118.2146,4074291.1,2337798.6415,-1535.8294,-2309.8509,7180.669,4821094.4442,4074264.3703,2337901.3582,-1535.811,-2309.8365,7180.6397,0.0,0.0765,3.9732,0.0,0.0,1.0,0.0,1.0,0.0,0.0,-4.1,-36.453,0.0,0.0,-1.0,-0.7071,0.7071,0.0,14.140340943555783,0.0161245154965971,-0.359035,2.270108512380402,12.661511503732745,,
10.0802,71.8,5.32,-13.098,67.871,5.134,-12.535,-0.034,-0.008,0.014,-0.034,-0.008,0.014,34.732,8.776,-3.623,-0.0,-0.0,0.0,0.0,0.0,-0.0,887.863,-0.0,0.0,-0.0,0.0,0.0,0.0,0.0,0.0,0.7679,0.5774,-0.2775,-0.6395,0.7167,-0.2783,0.0382,0.3912,0.9195,0.669,0.7326,-0.1252,-0.7377,0.634,-0.2321,-0.0907,0.2476,0.9646,0.0,0.0,-0.0,0.0,0.0,0.0,-0.0184,-0.0144,0.0293,23.7665,26.7267,-102.7105,0.0,0.0436,-0.3754,0.0,0.0,0.0,4820793.8361,4073803.3349,2339314.5272,-1537.1596,-2310.975,7180.0237,4820770.0696,4073776.6082,2339417.2378,-1537.1413,-2310.9606,7179.9944,0.0,0.0765,3.9732,0.0,0.0,1.0,0.0,1.0,0.0,0.0,-4.1,-36.453,0.0,0.0,-1.0,-0.7071,0.7071,0.0,14.137185151224413,0.0161245154965971,-0.359,2.2687864243003575,12.660277214867785,,
10.2931,71.793,5.318,-13.095,67.863,5.132,-12.532,-0.034,-0.008,0.014,-0.034,-0.008,0.014,34.732,8.776,-3.623,-0.0,-0.0,0.0,0.0,0.0,-0.0,887.863,-0.0,0.0,-0.0,0.0,0.0,0.0,0.0,0.0,0.7679,0.5774,-0.2775,-0.6395,0.7167,-0.2783,0.0382,0.3912,0.9195,0.669,0.7326,-0.1252,-0.7377,0.634,-0.2321,-0.0907,0.2476,0.9646,0.0,0.0,-0.0,0.0,0.0,0.0,-0.0184,-0.0144,0.0294,23.7626,26.7236,-102.7043,0.0,0.0436,-0.3754,0.0,0.0,0.0,4820465.9456,4073310.4759,2340845.3554,-1538.503,-2312.1102,7179.3716,4820442.183,4073283.7522,2340948.0597,-1538.4846,-2312.0958,7179.3423,0.0,0.0765,3.9732,0.0,0.0,1.0,0.0,1.0,0.0,0.0,-4.1,-36.453,0.0,0.0,-1.0,-0.7071,0.7071,0.0,14.133653066351954,0.0161245154965971,-0.35896500000000003,2.2691634249827284,12.659042926002828,,
10.5055,71.786,5.316,-13.092,67.856,5.131,-12.529,-0.034,-0.008,0.014,-0.034,-0.008,0.014,34.732,8.776,-3.623,-0.0,-0.0,0.0,0.0,0.0,-0.0,887.863,-0.0,0.0,-0.0,0.0,0.0,0.0,0.0,0.0,0.7679,0.5774,-0.2775,-0.6395,0.7167,-0.2783,0.0382,0.3912,0.9195,0.669,0.7326,-0.1252,-0.7377,0.634,-0.2321,-0.0907,0.2476,0.9646,0.0,0.0,-0.0,0.0,0.0,0.0,-0.0184,-0.0144,0.0294,23.7587,26.7205,-102.6981,0.0,0.0436,-0.3754,0.0,0.0,0.0,4820138.7481,4072818.847,2342371.4778,-1539.8423,-2313.2418,7178.721,4820114.9894,4072792.1264,2342474.1759,-1539.8239,-2313.2274,7178.6916,0.0,0.0765,3.9732,0.0,0.0,1.0,0.0,1.0,0.0,0.0,-4.1,-36.453,0.0,0.0,-1.0,-0.7071,0.7071,0.0,14.130121018590039,0.0161245154965971,-0.35893,2.2765810623913625,12.657808637137867,,
10.714,71.779,5.315,-13.089,67.849,5.129,-12.526,-0.034,-0.008,0.014,-0.034,-0.008,0.014,34.732,8.776,-3.623,-0.0,-0.0,0.0,0.0,0.0,-0.0,887.863,-0.0,0.0,-0.0,0.0,0.0,0.0,0.0,0.0,0.7679,0.5774,-0.2775,-0.6395,0.7167,-0.2783,0.0382,0.3912,0.9195,0.669,0.7326,-0.1252,-0.7377,0.634,-0.2321,-0.0907,0.2476,0.9646,0.0,0.0,-0.0,0.0,0.0,0.0,-0.0184,-0.0144,0.0294,23.7548,26.7175,-102.6919,0.0,0.0436,-0.3754,0.0,0.0,0.0,4819817.0458,4072335.6564,2343870.5423,-1541.1578,-2314.3534,7178.0815,4819793.291,4072308.9388,2343973.2342,-1541.1394,-2314.339,7178.0521,0.0,0.0765,3.9732,0.0,0.0,1.0,0.0,1.0,0.0,0.0,-4.1,-36.453,0.0,0.0,-1.0,-0.7071,0.7071,0.0,14.126965208423217,0.0161245154965971,-0.35889499999999996,2.2660425846885843,12.656574348272907,,
10.9272,71.771,5.313,-13.087,67.842,5.127,-12.523,-0.034,-0.008,0.014,-0.034,-0.008,0.014,34.732,8.776,-3.623,-0.0,-0.0,0.0,0.0,0.0,-0.0,887.863,-0.0,0.0,-0.0,0.0,0.0,0.0,0.0,0.0,0.7679,0.5774,-0.2775,-0.6395,0.7167,-0.2783,0.0382,0.3912,0.9195,0.669,0.7326,-0.1252,-0.7377,0.634,-0.2321,-0.0907,0.2476,0.9646,0.0,0.0,-0.0,0.0,0.0,0.0,-0.0184,-0.0144,0.0294,23.7509,26.7145,-102.6857,0.0,0.0436,-0.3754,0.0,0.0,0.0,4819489.9692,4071844.5785,2345393.2026,-1542.4941,-2315.4824,7177.4314,4819466.2183,4071817.864,2345495.8882,-1542.4757,-2315.468,7177.402,0.0,0.0765,3.9732,0.0,0.0,1.0,0.0,1.0,0.0,0.0,-4.1,-36.453,0.0,0.0,-1.0,-0.7071,0.7071,0.0,14.124359737701386,0.0161245154965971,-0.358855,2.2509234227295214,12.65516373242724,,
11.1297,71.764,5.311,-13.084,67.835,5.126,-12.521,-0.034,-0.008,0.014,-0.034,-0.008,0.014,34.732,8.776,-3.623,-0.0,-0.0,0.0,0.0,0.0,-0.0,887.863,-0.0,0.0,-0.0,0.0,0.0,0.0,0.0,0.0,0.7679,0.5774,-0.2775,-0.6395,0.7167,-0.2783,0.0382,0.3912,0.9195,0.669,0.7326,-0.1252,-0.7377,0.634,-0.2321,-0.0907,0.2476,0.9646,0.0,0.0,-0.0,0.0,0.0,0.0,-0.0184,-0.0144,0.0295,23.7472,26.7115,-102.6797,0.0,0.0436,-0.3754,0.0,0.0,0.0,4819176.5261,4071374.1454,2346851.0275,-1543.7735,-2316.5633,7176.8086,4819152.7789,4071347.4338,2346953.7072,-1543.7551,-2316.5489,7176.7791,0.0,0.0765,3.9732,0.0,0.0,1.0,0.0,1.0,0.0,0.0,-4.1,-36.453,0.0,0.0,-1.0,-0.7071,0.7071,0.0,14.120827773186669,0.0161245154965971,-0.35882,2.270247957335286,12.65392944356228,,
11.3428,71.757,5.31,-13.081,67.828,5.124,-12.518,-0.034,-0.008,0.014,-0.034,-0.008,0.014,34.732,8.776,-3.623,-0.0,-0.0,0.0,0.0,0.0,-0.0,887.863,-0.0,0.0,-0.0,0.0,0.0,0.0,0.0,0.0,0.7679,0.5774,-0.2775,-0.6395,0.7167,-0.2783,0.0382,0.3912,0.9195,0.669,0.7326,-0.1252,-0.7377,0.634,-0.2321,-0.0907,0.2476,0.9646,0.0,0.0,-0.0,0.0,0.0,0.0,-0.0184,-0.0144,0.0295,23.7433,26.7085,-102.6734,0.0,0.0436,-0.3754,0.0,0.0,0.0,4818847.7207,4070880.8382,2348378.8695,-1545.1144,-2317.6961,7176.1554,4818823.9774,4070854.1297,2348481.5429,-1545.096,-2317.6817,7176.1259,0.0,0.0765,3.9732,0.0,0.0,1.0,0.0,1.0,0.0,0.0,-4.1,-36.453,0.0,0.0,-1.0,-0.7071,0.7071,0.0,14.117671939806506,0.0161245154965971,-0.358785,2.2597033366649475,12.652695154697323,,
11.5447,71.75,5.308,-13.078,67.821,5.122,-12.515,-0.034,-0.008,0.014,-0.034,-0.008,0.014,34.732,8.776,-3.623,-0.0,-0.0,0.0,0.0,0.0,-0.0,887.863,-0.0,0.0,-0.0,0.0,0.0,0.0,0.0,0.0,0.7679,0.5774,-0.2775,-0.6395,0.7167,-0.2783,0.0382,0.3912,0.9195,0.669,0.7326,-0.1252,-0.7377,0.634,-0.2321,-0.0907,0.2476,0.9646,0.0,0.0,-0.0,0.0,0.0,0.0,-0.0184,-0.0145,0.0295,23.7395,26.7056,-102.6674,0.0,0.0436,-0.3754,0.0,0.0,0.0,4818535.8685,4070413.138,2349826.5837,-1546.385,-2318.7695,7175.536,4818512.129,4070386.4324,2349929.2512,-1546.3666,-2318.755,7175.5064,0.0,0.0765,3.9732,0.0,0.0,1.0,0.0,1.0,0.0,0.0,-4.1,-36.453,0.0,0.0,-1.0,-0.7071,0.7071,0.0,14.114140002139697,0.0161245154965971,-0.35875,2.2579038587635374,12.651460865832362,,
11.7497,71.743,5.307,-13.075,67.814,5.121,-12.512,-0.034,-0.008,0.014,-0.034,-0.008,0.014,34.732,8.776,-3.623,-0.0,-0.0,0.0,0.0,0.0,-0.0,887.863,-0.0,0.0,-0.0,0.0,0.0,0.0,0.0,0.0,0.7679,0.5774,-0.2775,-0.6395,0.7167,-0.2783,0.0382,0.3912,0.9195,0.669,0.7326,-0.1252,-0.7377,0.634,-0.2321,-0.0907,0.2476,0.9646,0.0,0.0,-0.0,0.0,0.0,0.0,-0.0184,-0.0145,0.0296,23.7358,26.7026,-102.6614,0.0,0.0436,-0.3754,0.0,0.0,0.0,4818219.6787,4069939.1047,2351293.0932,-1547.6722,-2319.8568,7174.908,4818195.9429,4069912.4021,2351395.7546,-1547.6537,-2319.8423,7174.8785,0.0,0.0765,3.9732,0.0,0.0,1.0,0.0,1.0,0.0,0.0,-4.1,-36.453,0.0,0.0,-1.0,-0.7071,0.7071,0.0,14.110984161283719,0.0161245154965971,-0.35871499999999995,2.2565795483639834,12.650226576967402,,
11.9498,71.736,5.305,-13.072,67.807,5.119,-12.509,-0.034,-0.008,0.014,-0.034,-0.008,0.014,34.732,8.776,-3.623,-0.0,-0.0,0.0,0.0,0.0,-0.0,887.863,-0.0,0.0,-0.0,0.0,0.0,0.0,0.0,0.0,0.7679,0.5774,-0.2775,-0.6395,0.7167,-0.2783,0.0382,0.3912,0.9195,0.669,0.7326,-0.1252,-0.7377,0.634,-0.2321,-0.0907,0.2476,0.9646,0.0,0.0,-0.0,0.0,0.0,0.0,-0.0184,-0.0145,0.0296,23.7321,26.6997,-102.6555,0.0,0.0436,-0.3754,0.0,0.0,0.0,4817909.9649,4069474.946,2352728.2612,-1548.9318,-2320.9208,7174.2931,4817886.2328,4069448.2463,2352830.9167,-1548.9134,-2320.9063,7174.2636,0.0,0.0765,3.9732,0.0,0.0,1.0,0.0,1.0,0.0,0.0,-4.1,-36.453,0.0,0.0,-1.0,-0.7071,0.7071,0.0,14.107452250495125,0.0161245154965971,-0.35868,2.2547793554859275,12.648992288102445,,
12.1639,71.729,5.303,-13.069,67.8,5.118,-12.506,-0.034,-0.008,0.014,-0.034,-0.008,0.014,34.732,8.776,-3.623,-0.0,-0.0,0.0,0.0,0.0,-0.0,887.863,-0.0,0.0,-0.0,0.0,0.0,0.0,0.0,0.0,0.7679,0.5774,-0.2775,-0.6395,0.7167,-0.2783,0.0382,0.3912,0.9195,0.669,0.7326,-0.1252,-0.7377,0.634,-0.2321,-0.0907,0.2476,0.9646,0.0,0.0,-0.0,0.0,0.0,0.0,-0.0184,-0.0145,0.0296,23.7281,26.6966,-102.6491,0.0,0.0436,-0.3754,0.0,0.0,0.0,4817575.3334,4068973.6293,2354277.4456,-1550.2916,-2322.0693,7173.6289,4817551.6053,4068946.9328,2354380.0947,-1550.2731,-2322.0548,7173.5993,0.0,0.0765,3.9732,0.0,0.0,1.0,0.0,1.0,0.0,0.0,-4.1,-36.453,0.0,0.0,-1.0,-0.7071,0.7071,0.0,14.103920376973205,0.0161245154965971,-0.358645,2.2622041320245825,12.647757999237484,,
12.366,71.722,5.302,-13.067,67.793,5.116,-12.503,-0.034,-0.008,0.014,-0.034,-0.008,0.014,34.732,8.776,-3.623,-0.0,-0.0,0.0,0.0,0.0,-0.0,887.863,-0.0,0.0,-0.0,0.0,0.0,0.0,0.0,0.0,0.7679,0.5774,-0.2775,-0.6395,0.7167,-0.2783,0.0382,0.3912,0.9195,0.669,0.7326,-0.1252,-0.7377,0.634,-0.2321,-0.0907,0.2476,0.9646,0.0,0.0,-0.0,0.0,0.0,0.0,-0.0185,-0.0145,0.0296,23.7244,26.6937,-102.6431,0.0,0.0436,-0.3754,0.0,0.0,0.0,4817263.223,4068506.2252,2355721.0145,-1551.5587,-2323.1394,7173.0095,4817239.4986,4068479.5315,2355823.6576,-1551.5402,-2323.1249,7172.9798,0.0,0.0765,3.9732,0.0,0.0,1.0,0.0,1.0,0.0,0.0,-4.1,-36.453,0.0,0.0,-1.0,-0.7071,0.7071,0.0,14.101691139717959,0.0161245154965971,-0.35861,2.240368168448483,12.646523710372524,,
12.5684,71.715,5.3,-13.064,67.786,5.114,-12.501,-0.034,-0.008,0.014,-0.034,-0.008,0.014,34.732,8.776,-3.623,-0.0,-0.0,0.0,0.0,0.0,-0.0,884.363,-0.0,0.0,-0.0,0.0,0.0,0.0,0.0,0.0,0.7679,0.5774,-0.2775,-0.6395,0.7167,-0.2783,0.0382,0.3912,0.9195,0.669,0.7326,-0.1252,-0.7377,0.634,-0.2321,-0.0907,0.2476,0.9646,0.0,0.0,-0.0,0.0,0.0,0.0,-0.0185,-0.0145,0.0297,23.7206,26.6907,-102.6372,0.0,0.0435,-0.3746,0.0,0.0,0.0,4816950.1497,4068037.5461,2357167.7283,-1552.8285,-2324.2119,7172.3883,4816926.4291,4068010.8554,2357270.3655,-1552.8101,-2324.1974,7172.3586,0.0,0.0765,3.9732,0.0,0.0,1.0,0.0,1.0,0.0,0.0,-4.1,-36.453,0.0,0.0,-1.0,-0.7071,0.7071,0.0,14.09815931247764,0.0161245154965971,-0.35857500000000003,2.250466816614363,12.645289421507567,,
12.7699,71.708,5.299,-13.061,67.779,5.113,-12.498,-0.034,-0.008,0.014,-0.034,-0.008,0.014,34.732,8.776,-3.623,-0.0,-0.0,0.0,0.0,0.0,-0.0,884.363,-0.0,0.0,-0.0,0.0,0.0,0.0,0.0,0.0,0.7679,0.5774,-0.2775,-0.6395,0.7167,-0.2783,0.0382,0.3912,0.9195,0.669,0.7326,-0.1252,-0.7377,0.634,-0.2321,-0.0907,0.2476,0.9646,0.0,0.0,-0.0,0.0,0.0,0.0,-0.0185,-0.0145,0.0297,23.7169,26.6878,-102.6312,0.0,0.0435,-0.3746,0.0,0.0,0.0,4816636.1486,4067567.645,2358617.4175,-1554.101,-2325.2865,7171.7654,4816612.4317,4067540.9572,2358720.0487,-1554.0826,-2325.272,7171.7357,0.0,0.0765,3.9732,0.0,0.0,1.0,0.0,1.0,0.0,0.0,-4.1,-36.453,0.0,0.0,-1.0,-0.7071,0.7071,0.0,14.095003440936082,0.0161245154965971,-0.35853999999999997,2.2491411305090154,12.644055132642606,,
12.9847,71.701,5.297,-13.058,67.771,5.111,-12.495,-0.034,-0.008,0.014,-0.034,-0.008,0.014,34.732,8.776,-3.623,-0.0,-0.0,0.0,0.0,0.0,-0.0,880.863,-0.0,0.0,-0.0,0.0,0.0,0.0,0.0,0.0,0.7679,0.5774,-0.2775,-0.6395,0.7167,-0.2783,0.0382,0.3912,0.9195,0.669,0.7326,-0.1252,-0.7377,0.634,-0.2321,-0.0907,0.2476,0.9646,0.0,0.0,-0.0,0.0,0.0,0.0,-0.0185,-0.0145,0.0297,23.713,26.6847,-102.6248,0.0,0.0435,-0.3737,0.0,0.0,0.0,4816301.9812,4067067.7491,2360158.7698,-1555.454,-2326.4291,7171.1026,4816278.2683,4067041.0644,2360261.3946,-1555.4356,-2326.4146,7171.0729,0.0,0.0765,3.9732,0.0,0.0,1.0,0.0,1.0,0.0,0.0,-4.1,-36.453,0.0,0.0,-1.0,-0.7071,0.7071,0.0,14.091471640676852,0.0161245154965971,-0.35850499999999996,2.2495132415729735,12.642820843777645,,
13.1857,71.694,5.295,-13.055,67.765,5.11,-12.492,-0.034,-0.008,0.014,-0.034,-0.008,0.014,34.732,8.776,-3.623,-0.0,-0.0,0.0,0.0,0.0,-0.0,880.863,-0.0,0.0,-0.0,0.0,0.0,0.0,0.0,0.0,0.7679,0.5774,-0.2775,-0.6395,0.7167,-0.2783,0.0382,0.3912,0.9195,0.669,0.7326,-0.1252,-0.7377,0.634,-0.2321,-0.0907,0.2476,0.9646,0.0,0.0,-0.0,0.0,0.0,0.0,-0.0185,-0.0145,0.0297,23.7092,26.6818,-102.6188,0.0,0.0435,-0.3737,0.0,0.0,0.0,4815990.142,4066601.4257,2361595.7963,-1556.7155,-2327.4943,7170.4842,4815966.4328,4066574.744,2361698.4151,-1556.697,-2327.4797,7170.4545,0.0,0.0765,3.9732,0.0,0.0,1.0,0.0,1.0,0.0,0.0,-4.1,-36.453,0.0,0.0,-1.0,-0.7071,0.7071,0.0,14.087939877781988,0.0161245154965971,-0.35847,2.2547642846053537,12.641586554912688,,
13.401,71.687,5.294,-13.052,67.757,5.108,-12.489,-0.034,-0.008,0.014,-0.034,-0.008,0.014,34.732,8.776,-3.623,-0.0,-0.0,0.0,0.0,0.0,-0.0,880.863,-0.0,0.0,-0.0,0.0,0.0,0.0,0.0,0.0,0.7679,0.5774,-0.2775,-0.6395,0.7167,-0.2783,0.0382,0.3912,0.9195,0.669,0.7326,-0.1252,-0.7377,0.634,-0.2321,-0.0907,0.2476,0.9646,0.0,0.0,-0.0,0.0,0.0,0.0,-0.0185,-0.0145,0.0298,23.7053,26.6787,-102.6124,0.0,0.0435,-0.3737,0.0,0.0,0.0,4815655.1895,4066100.7219,2363137.9006,-1558.0692,-2328.6373,7169.8202,4815631.4842,4066074.0432,2363240.5131,-1558.0507,-2328.6228,7169.7904,0.0,0.0765,3.9732,0.0,0.0,1.0,0.0,1.0,0.0,0.0,-4.1,-36.453,0.0,0.0,-1.0,-0.7071,0.7071,0.0,14.08478398840394,0.0161245154965971,-0.358435,2.2463842819721935,12.640352266047728,,
13.602,71.68,5.292,-13.049,67.75,5.106,-12.486,-0.034,-0.008,0.014,-0.034,-0.008,0.014,34.732,8.776,-3.623,-0.0,-0.0,0.0,0.0,0.0,-0.0,880.863,-0.0,0.0,-0.0,0.0,0.0,0.0,0.0,0.0,0.7679,0.5774,-0.2775,-0.6395,0.7167,-0.2783,0.0382,0.3912,0.9195,0.669,0.7326,-0.1252,-0.7377,0.634,-0.2321,-0.0907,0.2476,0.9646,0.0,0.0,-0.0,0.0,0.0,0.0,-0.0185,-0.0145,0.0298,23.7016,26.6757,-102.6064,0.0,0.0435,-0.3737,0.0,0.0,0.0,4815341.831,4065632.4694,2364579.2452,-1559.3345,-2329.7056,7169.199,4815318.1295,4065605.7937,2364681.8517,-1559.316,-2329.6911,7169.1692,0.0,0.0765,3.9732,0.0,0.0,1.0,0.0,1.0,0.0,0.0,-4.1,-36.453,0.0,0.0,-1.0,-0.7071,0.7071,0.0,14.081252252551971,0.0161245154965971,-0.35840000000000005,2.2445813099479817,12.63911797718277,,
13.8025,71.673,5.291,-13.046,67.743,5.105,-12.483,-0.034,-0.008,0.014,-0.034,-0.008,0.014,34.732,8.776,-3.623,-0.0,-0.0,0.0,0.0,0.0,-0.0,880.863,-0.0,0.0,-0.0,0.0,0.0,0.0,0.0,0.0,0.7679,0.5774,-0.2775,-0.6395,0.7167,-0.2783,0.0382,0.3912,0.9195,0.669,0.7326,-0.1252,-0.7377,0.634,-0.2321,-0.0907,0.2476,0.9646,0.0,0.0,-0.0,0.0,0.0,0.0,-0.0185,-0.0145,0.0298,23.6978,26.6728,-102.6005,0.0,0.0435,-0.3737,0.0,0.0,0.0,4815028.6202,4065164.6026,2366018.6186,-1560.5981,-2330.7725,7168.5783,4815004.9224,4065137.9298,2366121.219,-1560.5796,-2330.7579,7168.5485,0.0,0.0765,3.9732,0.0,0.0,1.0,0.0,1.0,0.0,0.0,-4.1,-36.453,0.0,0.0,-1.0,-0.7071,0.7071,0.0,14.07809635568673,0.0161245154965971,-0.358365,2.243254113053187,12.63788368831781,,
14.0053,71.666,5.289,-13.044,67.736,5.103,-12.48,-0.034,-0.008,0.014,-0.034,-0.008,0.014,34.732,8.776,-3.623,-0.0,-0.0,0.0,0.0,0.0,-0.0,880.863,-0.0,0.0,-0.0,0.0,0.0,0.0,0.0,0.0,0.7679,0.5774,-0.2775,-0.6395,0.7167,-0.2783,0.0382,0.3912,0.9195,0.669,0.7326,-0.1252,-0.7377,0.634,-0.2321,-0.0907,0.2476,0.9646,0.0,0.0,-0.0,0.0,0.0,0.0,-0.0185,-0.0146,0.0298,23.6941,26.6699,-102.5944,0.0,0.0435,-0.3737,0.0,0.0,0.0,4814711.3476,4064690.8362,2367475.3436,-1561.877,-2331.8522,7167.9497,4814687.6535,4064664.1663,2367577.938,-1561.8585,-2331.8376,7167.9199,0.0,0.0765,3.9732,0.0,0.0,1.0,0.0,1.0,0.0,0.0,-4.1,-36.453,0.0,0.0,-1.0,-0.7071,0.7071,0.0,14.075491359096493,0.0161245154965971,-0.35833,2.230167397454175,12.63664939945285,,
14.208,71.659,5.287,-13.041,67.729,5.102,-12.478,-0.035,-0.008,0.014,-0.035,-0.008,0.014,34.732,8.776,-3.623,-0.0,-0.0,0.0,0.0,0.0,-0.0,880.863,-0.0,0.0,-0.0,0.0,0.0,0.0,0.0,0.0,0.7679,0.5774,-0.2775,-0.6395,0.7167,-0.2783,0.0382,0.3912,0.9195,0.669,0.7326,-0.1252,-0.7377,0.634,-0.2321,-0.0907,0.2476,0.9646,0.0,0.0,-0.0,0.0,0.0,0.0,-0.0185,-0.0146,0.0299,23.6903,26.6669,-102.5884,0.0,0.0435,-0.3737,0.0,0.0,0.0,4814395.1678,4064218.8687,2368925.7395,-1563.1503,-2332.9271,7167.3234,4814371.4774,4064192.2018,2369028.3279,-1563.1318,-2332.9125,7167.2935,0.0,0.0765,3.9732,0.0,0.0,1.0,0.0,1.0,0.0,0.0,-4.1,-36.453,0.0,0.0,-1.0,-0.7071,0.7071,0.0,14.071959707162327,0.0161245154965971,-0.35829500000000003,2.2494845389330598,12.635415110587893,,
14.4097,71.652,5.286,-13.038,67.722,5.1,-12.475,-0.035,-0.008,0.014,-0.035,-0.008,0.014,34.732,8.776,-3.623,-0.0,-0.0,0.0,0.0,0.0,-0.0,880.863,-0.0,0.0,-0.0,0.0,0.0,0.0,0.0,0.0,0.7679,0.5774,-0.2775,-0.6395,0.7167,-0.2783,0.0382,0.3912,0.9195,0.669,0.7326,-0.1252,-0.7377,0.634,-0.2321,-0.0907,0.2476,0.9646,0.0,0.0,-0.0,0.0,0.0,0.0,-0.0185,-0.0146,0.0299,23.6866,26.664,-102.5823,0.0,0.0435,-0.3737,0.0,0.0,0.0,4814080.1278,4063748.7697,2370369.6056,-1564.4179,-2333.9972,7166.6994,4814056.4412,4063722.1057,2370472.1879,-1564.3994,-2333.9826,7166.6695,0.0,0.0765,3.9732,0.0,0.0,1.0,0.0,1.0,0.0,0.0,-4.1,-36.453,0.0,0.0,-1.0,-0.7071,0.7071,0.0,14.068803787102867,0.0161245154965971,-0.35826,2.2389332958421733,12.634180821722932,,
14.6108,71.645,5.284,-13.035,67.715,5.099,-12.472,-0.035,-0.008,0.014,-0.035,-0.008,0.014,34.732,8.776,-3.623,-0.0,-0.0,0.0,0.0,0.0,-0.0,880.863,-0.0,0.0,-0.0,0.0,0.0,0.0,0.0,0.0,0.7679,0.5774,-0.2775,-0.6395,0.7167,-0.2783,0.0382,0.3912,0.9195,0.669,0.7326,-0.1252,-0.7377,0.634,-0.2321,-0.0907,0.2476,0.9646,0.0,0.0,-0.0,0.0,0.0,0.0,-0.0185,-0.0146,0.0299,23.6829,26.661,-102.5763,0.0,0.0435,-0.3737,0.0,0.0,0.0,4813765.1103,4063278.8684,2371812.0751,-1565.6844,-2335.0662,7166.0757,4813741.4274,4063252.2073,2371914.6514,-1565.6658,-2335.0516,7166.0457,0.0,0.0765,3.9732,0.0,0.0,1.0,0.0,1.0,0.0,0.0,-4.1,-36.453,0.0,0.0,-1.0,-0.7071,0.7071,0.0,14.065272162315239,0.0161245154965971,-0.35822499999999996,2.246354277507537,12.632946532857973,,
14.8136,71.638,5.283,-13.032,67.708,5.097,-12.469,-0.035,-0.008,0.014,-0.035,-0.008,0.014,34.732,8.776,-3.623,-0.0,-0.0,0.0,0.0,0.0,-0.0,880.863,-0.0,0.0,-0.0,0.0,0.0,0.0,0.0,0.0,0.7679,0.5774,-0.2775,-0.6395,0.7167,-0.2783,0.0382,0.3912,0.9195,0.669,0.7326,-0.1252,-0.7377,0.634,-0.2321,-0.0907,0.2476,0.9646,0.0,0.0,-0.0,0.0,0.0,0.0,-0.0185,-0.0146,0.0299,23.6791,26.6581,-102.5703,0.0,0.0435,-0.3737,0.0,0.0,0.0,4813447.695,4062805.5582,2373264.2169,-1566.9593,-2336.1423,7165.4473,4813424.016,4062778.9001,2373366.7872,-1566.9408,-2336.1278,7165.4173,0.0,0.0765,3.9732,0.0,0.0,1.0,0.0,1.0,0.0,0.0,-4.1,-36.453,0.0,0.0,-1.0,-0.7071,0.7071,0.0,14.06211623476353,0.0161245154965971,-0.35819,2.235800030031406,12.631712243993015,,
15.027,71.63,5.281,-13.029,67.701,5.095,-12.466,-0.035,-0.008,0.014,-0.035,-0.008,0.014,34.732,8.776,-3.623,-0.0,-0.0,0.0,0.0,0.0,-0.0,880.863,-0.0,0.0,-0.0,0.0,0.0,0.0,0.0,0.0,0.7679,0.5774,-0.2775,-0.6395,0.7167,-0.2783,0.0382,0.3912,0.9195,0.669,0.7326,-0.1252,-0.7377,0.634,-0.2321,-0.0907,0.2476,0.9646,0.0,0.0,-0.0,0.0,0.0,0.0,-0.0186,-0.0146,0.03,23.6751,26.655,-102.5638,0.0,0.0435,-0.3737,0.0,0.0,0.0,4813111.0434,4062303.7452,2374802.9352,-1568.3103,-2337.2826,7164.7809,4813087.3683,4062277.0902,2374905.4991,-1568.2917,-2337.268,7164.7509,0.0,0.0765,3.9732,0.0,0.0,1.0,0.0,1.0,0.0,0.0,-4.1,-36.453,0.0,0.0,-1.0,-0.7071,0.7071,0.0,14.058584637153201,0.0161245154965971,-0.35814999999999997,2.2319628806201743,12.630301628147345,,
15.2272,71.624,5.28,-13.027,67.694,5.094,-12.463,-0.035,-0.008,0.014,-0.035,-0.008,0.014,34.732,8.776,-3.623,-0.0,-0.0,0.0,0.0,0.0,-0.0,880.863,-0.0,0.0,-0.0,0.0,0.0,0.0,0.0,0.0,0.7679,0.5774,-0.2775,-0.6395,0.7167,-0.2783,0.0382,0.3912,0.9195,0.669,0.7326,-0.1252,-0.7377,0.634,-0.2321,-0.0907,0.2476,0.9646,0.0,0.0,-0.0,0.0,0.0,0.0,-0.0186,-0.0146,0.03,23.6714,26.652,-102.5578,0.0,0.0435,-0.3737,0.0,0.0,0.0,4812798.6444,4061838.2517,2376229.4899,-1569.5628,-2338.3397,7164.1627,4812774.9729,4061811.5996,2376332.0478,-1569.5443,-2338.3251,7164.1327,0.0,0.0765,3.9732,0.0,0.0,1.0,0.0,1.0,0.0,0.0,-4.1,-36.453,0.0,0.0,-1.0,-0.7071,0.7071,0.0,14.056355466478498,0.0161245154965971,-0.35812,2.221385899235363,12.629243666263095,,
15.4407,71.616,5.278,-13.024,67.687,5.092,-12.46,-0.035,-0.008,0.014,-0.035,-0.008,0.014,34.732,8.776,-3.623,-0.0,-0.0,0.0,0.0,0.0,-0.0,880.863,-0.0,0.0,-0.0,0.0,0.0,0.0,0.0,0.0,0.7679,0.5774,-0.2775,-0.6395,0.7167,-0.2783,0.0382,0.3912,0.9195,0.669,0.7326,-0.1252,-0.7377,0.634,-0.2321,-0.0907,0.2476,0.9646,0.0,0.0,-0.0,0.0,0.0,0.0,-0.0186,-0.0146,0.03,23.6674,26.6489,-102.5514,0.0,0.0435,-0.3737,0.0,0.0,0.0,4812463.0568,4061338.3842,2377760.5305,-1570.9071,-2339.4743,7163.4987,4812439.3893,4061311.7353,2377863.0819,-1570.8886,-2339.4597,7163.4687,0.0,0.0765,3.9732,0.0,0.0,1.0,0.0,1.0,0.0,0.0,-4.1,-36.453,0.0,0.0,-1.0,-0.7071,0.7071,0.0,14.052823915498266,0.0161245154965971,-0.35808,2.2175478813514986,12.627833050417427,,
15.6411,71.609,5.276,-13.021,67.68,5.09,-12.458,-0.035,-0.008,0.014,-0.035,-0.008,0.014,34.732,8.776,-3.623,-0.0,-0.0,0.0,0.0,0.0,-0.0,880.863,-0.0,0.0,-0.0,0.0,0.0,0.0,0.0,0.0,0.7679,0.5774,-0.2775,-0.6395,0.7167,-0.2783,0.0382,0.3912,0.9195,0.669,0.7326,-0.1252,-0.7377,0.634,-0.2321,-0.0907,0.2476,0.9646,0.0,0.0,-0.0,0.0,0.0,0.0,-0.0186,-0.0146,0.0301,23.6637,26.646,-102.5454,0.0,0.0435,-0.3737,0.0,0.0,0.0,4812147.9265,4060869.1579,2379196.9178,-1572.1684,-2340.5386,7162.8754,4812124.2628,4060842.512,2379299.4632,-1572.1498,-2340.524,7162.8453,0.0,0.0765,3.9732,0.0,0.0,1.0,0.0,1.0,0.0,0.0,-4.1,-36.453,0.0,0.0,-1.0,-0.7071,0.7071,0.0,14.049292402110506,0.0161245154965971,-0.35804499999999995,2.227636470619303,12.626598761552467,,
15.8444,71.602,5.275,-13.018,67.673,5.089,-12.455,-0.035,-0.008,0.014,-0.035,-0.008,0.014,34.732,8.776,-3.623,-0.0,-0.0,0.0,0.0,0.0,-0.0,880.863,-0.0,0.0,-0.0,0.0,0.0,0.0,0.0,0.0,0.7679,0.5774,-0.2775,-0.6395,0.7167,-0.2783,0.0382,0.3912,0.9195,0.669,0.7326,-0.1252,-0.7377,0.634,-0.2321,-0.0907,0.2476,0.9646,0.0,0.0,-0.0,0.0,0.0,0.0,-0.0186,-0.0146,0.0301,23.66,26.643,-102.5393,0.0,0.0435,-0.3737,0.0,0.0,0.0,4811829.6634,4060395.4319,2380646.2903,-1573.441,-2341.6126,7162.2459,4811806.0034,4060368.7889,2380748.8296,-1573.4224,-2341.5979,7162.2159,0.0,0.0765,3.9732,0.0,0.0,1.0,0.0,1.0,0.0,0.0,-4.1,-36.453,0.0,0.0,-1.0,-0.7071,0.7071,0.0,14.046136443876659,0.0161245154965971,-0.35801,2.2263066835944687,12.62536447268751,,
16.0478,71.595,5.273,-13.015,67.666,5.087,-12.452,-0.035,-0.008,0.014,-0.035,-0.008,0.014,34.732,8.776,-3.623,-0.0,-0.0,0.0,0.0,0.0,-0.0,880.863,-0.0,0.0,-0.0,0.0,0.0,0.0,0.0,0.0,0.7679,0.5774,-0.2775,-0.6395,0.7167,-0.2783,0.0382,0.3912,0.9195,0.669,0.7326,-0.1252,-0.7377,0.634,-0.2321,-0.0907,0.2476,0.9646,0.0,0.0,-0.0,0.0,0.0,0.0,-0.0186,-0.0146,0.0301,23.6562,26.6401,-102.5332,0.0,0.0435,-0.3737,0.0,0.0,0.0,4811510.0729,4059919.8963,2382100.4009,-1574.7179,-2342.69,7161.614,4811486.4167,4059893.2562,2382202.9341,-1574.6993,-2342.6753,7161.5839,0.0,0.0765,3.9732,0.0,0.0,1.0,0.0,1.0,0.0,0.0,-4.1,-36.453,0.0,0.0,-1.0,-0.7071,0.7071,0.0,14.042604957770479,0.0161245154965971,-0.357975,2.2244995246369887,12.62413018382255,,
16.2486,71.588,5.272,-13.012,67.659,5.086,-12.449,-0.035,-0.008,0.014,-0.035,-0.008,0.014,34.732,8.776,-3.623,-0.0,-0.0,0.0,0.0,0.0,-0.0,880.863,-0.0,0.0,-0.0,0.0,0.0,0.0,0.0,0.0,0.7679,0.5774,-0.2775,-0.6395,0.7167,-0.2783,0.0382,0.3912,0.9195,0.669,0.7326,-0.1252,-0.7377,0.634,-0.2321,-0.0907,0.2476,0.9646,0.0,0.0,-0.0,0.0,0.0,0.0,-0.0186,-0.0147,0.0301,23.6524,26.6371,-102.5271,0.0,0.0435,-0.3737,0.0,0.0,0.0,4811192.145,4059447.0008,2383545.6501,-1575.987,-2343.7608,7160.9855,4811168.4925,4059420.3637,2383648.1773,-1575.9684,-2343.7462,7160.9554,0.0,0.0765,3.9732,0.0,0.0,1.0,0.0,1.0,0.0,0.0,-4.1,-36.453,0.0,0.0,-1.0,-0.7071,0.7071,0.0,14.03944899203669,0.0161245154965971,-0.35794,2.2231692450431266,12.62289589495759,,
16.4503,71.581,5.27,-13.009,67.652,5.084,-12.446,-0.035,-0.008,0.014,-0.035,-0.008,0.014,34.732,8.776,-3.623,-0.0,-0.0,0.0,0.0,0.0,-0.0,880.863,-0.0,0.0,-0.0,0.0,0.0,0.0,0.0,0.0,0.7679,0.5774,-0.2775,-0.6395,0.7167,-0.2783,0.0382,0.3912,0.9195,0.669,0.7326,-0.1252,-0.7377,0.634,-0.2321,-0.0907,0.2476,0.9646,0.0,0.0,-0.0,0.0,0.0,0.0,-0.0186,-0.0147,0.0302,23.6487,26.6341,-102.521,0.0,0.0435,-0.3737,0.0,0.0,0.0,4810874.2094,4058974.2591,2384989.6446,-1577.255,-2344.8307,7160.3571,4810850.5607,4058947.6249,2385092.1657,-1577.2364,-2344.816,7160.3269,0.0,0.0765,3.9732,0.0,0.0,1.0,0.0,1.0,0.0,0.0,-4.1,-36.453,0.0,0.0,-1.0,-0.7071,0.7071,0.0,14.035917533243062,0.0161245154965971,-0.35790500000000003,2.221361366493228,12.621661606092632,,
16.6549,71.574,5.268,-13.007,67.645,5.083,-12.443,-0.035,-0.008,0.014,-0.035,-0.008,0.014,34.732,8.776,-3.623,-0.0,-0.0,0.0,0.0,0.0,-0.0,880.863,-0.0,0.0,-0.0,0.0,0.0,0.0,0.0,0.0,0.7679,0.5774,-0.2775,-0.6395,0.7167,-0.2783,0.0382,0.3912,0.9195,0.669,0.7326,-0.1252,-0.7377,0.634,-0.2321,-0.0907,0.2476,0.9646,0.0,0.0,-0.0,0.0,0.0,0.0,-0.0186,-0.0147,0.0302,23.6449,26.6311,-102.5149,0.0,0.0435,-0.3737,0.0,0.0,0.0,4810551.6927,4058494.8729,2386453.1313,-1578.5402,-2345.915,7159.7197,4810528.0479,4058468.2417,2386555.6462,-1578.5215,-2345.9003,7159.6896,0.0,0.0765,3.9732,0.0,0.0,1.0,0.0,1.0,0.0,0.0,-4.1,-36.453,0.0,0.0,-1.0,-0.7071,0.7071,0.0,14.033312973065197,0.0161245154965971,-0.35786999999999997,2.217559656905155,12.620427317227671,,
16.8556,71.567,5.267,-13.004,67.638,5.081,-12.441,-0.035,-0.008,0.014,-0.035,-0.008,0.014,34.732,8.776,-3.623,-0.0,-0.0,0.0,0.0,0.0,-0.0,880.863,-0.0,0.0,-0.0,0.0,0.0,0.0,0.0,0.0,0.7679,0.5774,-0.2775,-0.6395,0.7167,-0.2783,0.0382,0.3912,0.9195,0.669,0.7326,-0.1252,-0.7377,0.634,-0.2321,-0.0907,0.2476,0.9646,0.0,0.0,-0.0,0.0,0.0,0.0,-0.0186,-0.0147,0.0302,23.6411,26.6282,-102.5088,0.0,0.0435,-0.3737,0.0,0.0,0.0,4810233.8821,4058022.6461,2387893.9717,-1579.8055,-2346.9824,7159.0918,4810210.2409,4057996.0179,2387996.4805,-1579.7868,-2346.9677,7159.0616,0.0,0.0765,3.9732,0.0,0.0,1.0,0.0,1.0,0.0,0.0,-4.1,-36.453,0.0,0.0,-1.0,-0.7071,0.7071,0.0,14.030156984153813,0.0161245154965971,-0.35783499999999996,2.2188373885281325,12.619193028362712,,
17.0567,71.56,5.265,-13.001,67.631,5.079,-12.438,-0.035,-0.008,0.014,-0.035,-0.008,0.014,34.732,8.776,-3.623,-0.0,-0.0,0.0,0.0,0.0,-0.0,880.863,-0.0,0.0,-0.0,0.0,0.0,0.0,0.0,0.0,0.7679,0.5774,-0.2775,-0.6395,0.7167,-0.2783,0.0382,0.3912,0.9195,0.669,0.7326,-0.1252,-0.7377,0.634,-0.2321,-0.0907,0.2476,0.9646,0.0,0.0,-0.0,0.0,0.0,0.0,-0.0186,-0.0147,0.0302,23.6374,26.6252,-102.5027,0.0,0.0435,-0.3737,0.0,0.0,0.0,4809916.8703,4057551.7699,2389329.9154,-1581.0665,-2348.0462,7158.4656,4809893.2329,4057525.1447,2389432.4182,-1581.0479,-2348.0316,7158.4354,0.0,0.0765,3.9732,0.0,0.0,1.0,0.0,1.0,0.0,0.0,-4.1,-36.453,0.0,0.0,-1.0,-0.7071,0.7071,0.0,14.026625609889214,0.0161245154965971,-0.3578,2.2170285056418306,12.617958739497753,,
17.2587,71.553,5.264,-12.998,67.623,5.078,-12.435,-0.035,-0.008,0.014,-0.035,-0.008,0.014,34.732,8.776,-3.623,-0.0,-0.0,0.0,0.0,0.0,-0.0,880.863,-0.0,0.0,-0.0,0.0,0.0,0.0,0.0,0.0,0.7679,0.5774,-0.2775,-0.6395,0.7167,-0.2783,0.0382,0.3912,0.9195,0.669,0.7326,-0.1252,-0.7377,0.634,-0.2321,-0.0907,0.2476,0.9646,0.0,0.0,-0.0,0.0,0.0,0.0,-0.0186,-0.0147,0.0303,23.6336,26.6223,-102.4966,0.0,0.0435,-0.3737,0.0,0.0,0.0,4809596.5542,4057076.1499,2390779.5373,-1582.3396,-2349.1202,7157.833,4809572.9205,4057049.5276,2390882.0339,-1582.3209,-2349.1055,7157.8027,0.0,0.0765,3.9732,0.0,0.0,1.0,0.0,1.0,0.0,0.0,-4.1,-36.453,0.0,0.0,-1.0,-0.7071,0.7071,0.0,14.02346961347298,0.0161245154965971,-0.357765,2.2178700023000966,12.616724450632795,,
17.4593,71.546,5.262,-12.995,67.616,5.076,-12.432,-0.035,-0.008,0.014,-0.035,-0.008,0.014,34.732,8.776,-3.623,-0.0,-0.0,0.0,0.0,0.0,-0.0,880.863,-0.0,0.0,-0.0,0.0,0.0,0.0,0.0,0.0,0.7679,0.5774,-0.2775,-0.6395,0.7167,-0.2783,0.0382,0.3912,0.9195,0.669,0.7326,-0.1252,-0.7377,0.634,-0.2321,-0.0907,0.2476,0.9646,0.0,0.0,-0.0,0.0,0.0,0.0,-0.0187,-0.0147,0.0303,23.6299,26.6193,-102.4906,0.0,0.0435,-0.3737,0.0,0.0,0.0,4809280.0799,4056606.397,2392210.5016,-1583.5963,-2350.1802,7157.2081,4809256.45,4056579.7777,2392312.9922,-1583.5776,-2350.1655,7157.1778,0.0,0.0765,3.9732,0.0,0.0,1.0,0.0,1.0,0.0,0.0,-4.1,-36.453,0.0,0.0,-1.0,-0.7071,0.7071,0.0,14.019938266625854,0.0161245154965971,-0.35773000000000005,2.21606042027904,12.615490161767836,,
17.6621,71.539,5.26,-12.992,67.609,5.075,-12.429,-0.035,-0.008,0.014,-0.035,-0.008,0.014,34.732,8.776,-3.623,-0.0,-0.0,0.0,0.0,0.0,-0.0,880.863,-0.0,0.0,-0.0,0.0,0.0,0.0,0.0,0.0,0.7679,0.5774,-0.2775,-0.6395,0.7167,-0.2783,0.0382,0.3912,0.9195,0.669,0.7326,-0.1252,-0.7377,0.634,-0.2321,-0.0907,0.2476,0.9646,0.0,0.0,-0.0,0.0,0.0,0.0,-0.0187,-0.0147,0.0303,23.6261,26.6164,-102.4844,0.0,0.0435,-0.3737,0.0,0.0,0.0,4808959.0978,4056130.1165,2393660.5631,-1584.8698,-2351.2544,7156.5744,4808935.4716,4056103.5002,2393763.0475,-1584.8511,-2351.2397,7156.5441,0.0,0.0765,3.9732,0.0,0.0,1.0,0.0,1.0,0.0,0.0,-4.1,-36.453,0.0,0.0,-1.0,-0.7071,0.7071,0.0,14.01640695756227,0.0161245154965971,-0.357695,2.2234846529473518,12.614255872902875,,
17.8639,71.532,5.259,-12.99,67.602,5.073,-12.426,-0.035,-0.008,0.014,-0.035,-0.008,0.014,34.732,8.776,-3.623,-0.0,-0.0,0.0,0.0,0.0,-0.0,880.863,-0.0,0.0,-0.0,0.0,0.0,0.0,0.0,0.0,0.7679,0.5774,-0.2775,-0.6395,0.7167,-0.2783,0.0382,0.3912,0.9195,0.669,0.7326,-0.1252,-0.7377,0.634,-0.2321,-0.0907,0.2476,0.9646,0.0,0.0,-0.0,0.0,0.0,0.0,-0.0187,-0.0147,0.0303,23.6223,26.6134,-102.4783,0.0,0.0435,-0.3737,0.0,0.0,0.0,4808638.5346,4055654.6226,2395107.4415,-1586.1406,-2352.3262,7155.9417,4808614.9122,4055628.0093,2395209.9198,-1586.1219,-2352.3115,7155.9114,0.0,0.0765,3.9732,0.0,0.0,1.0,0.0,1.0,0.0,0.0,-4.1,-36.453,0.0,0.0,-1.0,-0.7071,0.7071,0.0,14.014177856727809,0.0161245154965971,-0.35766,2.2016419700697063,12.613021584037917,,
18.0657,71.525,5.257,-12.987,67.595,5.071,-12.424,-0.035,-0.008,0.014,-0.035,-0.008,0.014,34.732,8.776,-3.623,-0.0,-0.0,0.0,0.0,0.0,-0.0,880.863,-0.0,0.0,-0.0,0.0,0.0,0.0,0.0,0.0,0.7679,0.5774,-0.2775,-0.6395,0.7167,-0.2783,0.0382,0.3912,0.9195,0.669,0.7326,-0.1252,-0.7377,0.634,-0.2321,-0.0907,0.2476,0.9646,0.0,0.0,-0.0,0.0,0.0,0.0,-0.0187,-0.0147,0.0304,23.6186,26.6104,-102.4722,0.0,0.0435,-0.3737,0.0,0.0,0.0,4808318.1237,4055179.519,2396552.3474,-1587.4096,-2353.3965,7155.3094,4808294.5051,4055152.9086,2396654.8195,-1587.3909,-2353.3817,7155.279,0.0,0.0765,3.9732,0.0,0.0,1.0,0.0,1.0,0.0,0.0,-4.1,-36.453,0.0,0.0,-1.0,-0.7071,0.7071,0.0,14.01064659464366,0.0161245154965971,-0.357625,2.2117230205870957,12.611787295172958,,
18.2676,71.518,5.256,-12.984,67.588,5.07,-12.421,-0.035,-0.008,0.014,-0.035,-0.008,0.014,34.732,8.776,-3.623,-0.0,-0.0,0.0,0.0,0.0,-0.0,880.863,-0.0,0.0,-0.0,0.0,0.0,0.0,0.0,0.0,0.7679,0.5774,-0.2775,-0.6395,0.7167,-0.2783,0.0382,0.3912,0.9195,0.669,0.7326,-0.1252,-0.7377,0.634,-0.2321,-0.0907,0.2476,0.9646,0.0,0.0,-0.0,0.0,0.0,0.0,-0.0187,-0.0147,0.0304,23.6148,26.6074,-102.466,0.0,0.0435,-0.3737,0.0,0.0,0.0,4807997.7454,4054704.6271,2397995.8247,-1588.6774,-2354.4657,7154.6773,4807974.1306,4054678.0196,2398098.2907,-1588.6587,-2354.451,7154.6469,0.0,0.0765,3.9732,0.0,0.0,1.0,0.0,1.0,0.0,0.0,-4.1,-36.453,0.0,0.0,-1.0,-0.7071,0.7071,0.0,14.00749056754992,0.0161245154965971,-0.35759,2.2103897909936765,12.610553006307999,,
18.4829,71.51,5.254,-12.981,67.581,5.068,-12.418,-0.035,-0.008,0.014,-0.035,-0.008,0.014,34.732,8.776,-3.623,-0.0,-0.0,0.0,0.0,0.0,-0.0,880.863,-0.0,0.0,-0.0,0.0,0.0,0.0,0.0,0.0,0.7679,0.5774,-0.2775,-0.6395,0.7167,-0.2783,0.0382,0.3912,0.9195,0.669,0.7326,-0.1252,-0.7377,0.634,-0.2321,-0.0907,0.2476,0.9646,0.0,0.0,-0.0,0.0,0.0,0.0,-0.0187,-0.0147,0.0304,23.6108,26.6043,-102.4595,0.0,0.0435,-0.3737,0.0,0.0,0.0,4807656.1988,4054198.5373,2399533.269,-1590.0278,-2355.6045,7154.0035,4807632.588,4054171.933,2399635.7285,-1590.0091,-2355.5897,7153.9731,0.0,0.0765,3.9732,0.0,0.0,1.0,0.0,1.0,0.0,0.0,-4.1,-36.453,0.0,0.0,-1.0,-0.7071,0.7071,0.0,14.003959332988652,0.0161245154965971,-0.35755000000000003,2.2065471675440014,12.609142390462331,,
18.6844,71.503,5.252,-12.978,67.573,5.067,-12.415,-0.035,-0.008,0.014,-0.035,-0.008,0.014,34.732,8.776,-3.623,-0.0,-0.0,0.0,0.0,0.0,-0.0,880.863,-0.0,0.0,-0.0,0.0,0.0,0.0,0.0,0.0,0.7679,0.5774,-0.2775,-0.6395,0.7167,-0.2783,0.0382,0.3912,0.9195,0.669,0.7326,-0.1252,-0.7377,0.634,-0.2321,-0.0907,0.2476,0.9646,0.0,0.0,-0.0,0.0,0.0,0.0,-0.0187,-0.0148,0.0305,23.607,26.6012,-102.4533,0.0,0.0435,-0.3737,0.0,0.0,0.0,4807330.5592,4053716.1909,2400997.759,-1591.3141,-2356.6892,7153.3613,4807306.9523,4053689.5897,2401100.2123,-1591.2954,-2356.6744,7153.3309,0.0,0.0765,3.9732,0.0,0.0,1.0,0.0,1.0,0.0,0.0,-4.1,-36.453,0.0,0.0,-1.0,-0.7071,0.7071,0.0,14.00042813631069,0.0161245154965971,-0.357515,2.216144591320704,12.60790810159737,,
18.9019,71.495,5.251,-12.975,67.566,5.065,-12.412,-0.035,-0.008,0.014,-0.035,-0.008,0.014,34.732,8.776,-3.623,-0.0,-0.0,0.0,0.0,0.0,-0.0,880.863,-0.0,0.0,-0.0,0.0,0.0,0.0,0.0,0.0,0.7679,0.5774,-0.2775,-0.6395,0.7167,-0.2783,0.0382,0.3912,0.9195,0.669,0.7326,-0.1252,-0.7377,0.634,-0.2321,-0.0907,0.2476,0.9646,0.0,0.0,-0.0,0.0,0.0,0.0,-0.0187,-0.0148,0.0305,23.603,26.5981,-102.4468,0.0,0.0435,-0.3737,0.0,0.0,0.0,4806992.8701,4053216.1725,2402515.0521,-1592.6469,-2357.813,7152.6954,4806969.2671,4053189.5744,2402617.4989,-1592.6282,-2357.7982,7152.665,0.0,0.0765,3.9732,0.0,0.0,1.0,0.0,1.0,0.0,0.0,-4.1,-36.453,0.0,0.0,-1.0,-0.7071,0.7071,0.0,13.99727209137552,0.0161245154965971,-0.35747500000000004,2.2035432695743307,12.606497485751705,,
19.116,71.488,5.249,-12.972,67.558,5.063,-12.409,-0.035,-0.008,0.014,-0.035,-0.008,0.014,34.732,8.776,-3.623,-0.0,-0.0,0.0,0.0,0.0,-0.0,880.863,-0.0,0.0,-0.0,0.0,0.0,0.0,0.0,0.0,0.7679,0.5774,-0.2775,-0.6395,0.7167,-0.2783,0.0382,0.3912,0.9195,0.669,0.7326,-0.1252,-0.7377,0.634,-0.2321,-0.0907,0.2476,0.9646,0.0,0.0,-0.0,0.0,0.0,0.0,-0.0187,-0.0148,0.0305,23.5989,26.5949,-102.4402,0.0,0.0435,-0.3737,0.0,0.0,0.0,4806647.2908,4052704.6581,2404066.3371,-1594.0095,-2358.9619,7152.0142,4806623.6918,4052678.0632,2404168.7773,-1593.9908,-2358.9471,7151.9836,0.0,0.0765,3.9732,0.0,0.0,1.0,0.0,1.0,0.0,0.0,-4.1,-36.453,0.0,0.0,-1.0,-0.7071,0.7071,0.0,13.99374092228379,0.0161245154965971,-0.35744,2.203903762443963,12.605263196886744,,
19.3191,71.481,5.247,-12.969,67.551,5.062,-12.406,-0.035,-0.008,0.014,-0.035,-0.008,0.014,34.732,8.776,-3.623,-0.0,-0.0,0.0,0.0,0.0,-0.0,880.863,-0.0,0.0,-0.0,0.0,0.0,0.0,0.0,0.0,0.7679,0.5774,-0.2775,-0.6395,0.7167,-0.2783,0.0382,0.3912,0.9195,0.669,0.7326,-0.1252,-0.7377,0.634,-0.2321,-0.0907,0.2476,0.9646,0.0,0.0,-0.0,0.0,0.0,0.0,-0.0187,-0.0148,0.0305,23.5951,26.5919,-102.434,0.0,0.0435,-0.3737,0.0,0.0,0.0,4806323.5428,4052225.6287,2405518.2862,-1595.2849,-2360.0372,7151.376,4806299.9477,4052199.0368,2405620.7202,-1595.2662,-2360.0224,7151.3455,0.0,0.0765,3.9732,0.0,0.0,1.0,0.0,1.0,0.0,0.0,-4.1,-36.453,0.0,0.0,-1.0,-0.7071,0.7071,0.0,13.990209791136085,0.0161245154965971,-0.357405,2.2113289547337813,12.604028908021784,,
19.5221,71.473,5.246,-12.966,67.544,5.06,-12.403,-0.035,-0.008,0.014,-0.035,-0.008,0.014,34.732,8.776,-3.623,-0.0,-0.0,0.0,0.0,0.0,-0.0,880.863,-0.0,0.0,-0.0,0.0,0.0,0.0,0.0,0.0,0.7679,0.5774,-0.2775,-0.6395,0.7167,-0.2783,0.0382,0.3912,0.9195,0.669,0.7326,-0.1252,-0.7377,0.634,-0.2321,-0.0907,0.2476,0.9646,0.0,0.0,-0.0,0.0,0.0,0.0,-0.0187,-0.0148,0.0306,23.5913,26.5889,-102.4278,0.0,0.0435,-0.3737,0.0,0.0,0.0,4806000.3138,4051747.5307,2406966.622,-1596.5572,-2361.1098,7150.7391,4805976.7225,4051720.9417,2407069.0499,-1596.5384,-2361.0951,7150.7085,0.0,0.0765,3.9732,0.0,0.0,1.0,0.0,1.0,0.0,0.0,-4.1,-36.453,0.0,0.0,-1.0,-0.7071,0.7071,0.0,13.98705372835895,0.0161245154965971,-0.357365,2.1987249435357707,12.602618292176118,,
19.7365,71.466,5.244,-12.963,67.536,5.058,-12.4,-0.035,-0.008,0.014,-0.035,-0.008,0.014,34.732,8.776,-3.623,-0.0,-0.0,0.0,0.0,0.0,-0.0,880.863,-0.0,0.0,-0.0,0.0,0.0,0.0,0.0,0.0,0.7679,0.5774,-0.2775,-0.6395,0.7167,-0.2783,0.0382,0.3912,0.9195,0.669,0.7326,-0.1252,-0.7377,0.634,-0.2321,-0.0907,0.2476,0.9646,0.0,0.0,-0.0,0.0,0.0,0.0,-0.0187,-0.0148,0.0306,23.5873,26.5857,-102.4212,0.0,0.0435,-0.3737,0.0,0.0,0.0,4805656.8616,4051239.7,2408504.1694,-1597.9078,-2362.2485,7150.0624,4805633.2743,4051213.1142,2408606.5907,-1597.8891,-2362.2337,7150.0318,0.0,0.0765,3.9732,0.0,0.0,1.0,0.0,1.0,0.0,0.0,-4.1,-36.453,0.0,0.0,-1.0,-0.7071,0.7071,0.0,13.983522624861019,0.0161245154965971,-0.35733,2.1990842051664736,12.601384003311157,,
19.9373,71.459,5.243,-12.96,67.529,5.057,-12.397,-0.035,-0.008,0.014,-0.035,-0.008,0.014,34.732,8.776,-3.623,-0.0,-0.0,0.0,0.0,0.0,-0.0,880.863,-0.0,0.0,-0.0,0.0,0.0,0.0,0.0,0.0,0.7679,0.5774,-0.2775,-0.6395,0.7167,-0.2783,0.0382,0.3912,0.9195,0.669,0.7326,-0.1252,-0.7377,0.634,-0.2321,-0.0907,0.2476,0.9646,0.0,0.0,-0.0,0.0,0.0,0.0,-0.0188,-0.0148,0.0306,23.5835,26.5828,-102.4151,0.0,0.0435,-0.3737,0.0,0.0,0.0,4805335.304,4050764.4095,2409942.392,-1599.1713,-2363.3136,7149.429,4805311.7205,4050737.8268,2410044.8071,-1599.1525,-2363.2988,7149.3984,0.0,0.0765,3.9732,0.0,0.0,1.0,0.0,1.0,0.0,0.0,-4.1,-36.453,0.0,0.0,-1.0,-0.7071,0.7071,0.0,13.980366554565013,0.0161245154965971,-0.35729500000000003,2.197748758196167,12.6001497144462,,
20.1376,71.452,5.241,-12.958,67.522,5.055,-12.394,-0.035,-0.008,0.014,-0.035,-0.008,0.014,34.732,8.776,-3.623,-0.0,-0.0,0.0,0.0,0.0,-0.0,880.863,-0.0,0.0,-0.0,0.0,0.0,0.0,0.0,0.0,0.7679,0.5774,-0.2775,-0.6395,0.7167,-0.2783,0.0382,0.3912,0.9195,0.669,0.7326,-0.1252,-0.7377,0.634,-0.2321,-0.0907,0.2476,0.9646,0.0,0.0,-0.0,0.0,0.0,0.0,-0.0188,-0.0148,0.0306,23.5798,26.5798,-102.409,0.0,0.0435,-0.3737,0.0,0.0,0.0,4805016.1024,4050292.7605,2411368.8278,-1600.4244,-2364.3699,7148.8003,4804992.5226,4050266.1807,2411471.2367,-1600.4056,-2364.3551,7148.7697,0.0,0.0765,3.9732,0.0,0.0,1.0,0.0,1.0,0.0,0.0,-4.1,-36.453,0.0,0.0,-1.0,-0.7071,0.7071,0.0,13.977762517656393,0.0161245154965971,-0.35725999999999997,2.184662430873889,12.59891542558124,,
20.3387,71.445,5.239,-12.955,67.515,5.054,-12.392,-0.035,-0.008,0.014,-0.035,-0.008,0.014,34.732,8.776,-3.623,-0.0,-0.0,0.0,0.0,0.0,-0.0,880.863,-0.0,0.0,-0.0,0.0,0.0,0.0,0.0,0.0,0.7679,0.5774,-0.2775,-0.6395,0.7167,-0.2783,0.0382,0.3912,0.9195,0.669,0.7326,-0.1252,-0.7377,0.634,-0.2321,-0.0907,0.2476,0.9646,0.0,0.0,-0.0,0.0,0.0,0.0,-0.0188,-0.0148,0.0307,23.576,26.5768,-102.4028,0.0,0.0435,-0.3737,0.0,0.0,0.0,4804694.4444,4049817.6423,2412804.9855,-1601.6861,-2365.4334,7148.1669,4804670.8684,4049791.0655,2412907.3883,-1601.6673,-2365.4185,7148.1363,0.0,0.0765,3.9732,0.0,0.0,1.0,0.0,1.0,0.0,0.0,-4.1,-36.453,0.0,0.0,-1.0,-0.7071,0.7071,0.0,13.974231499442109,0.0161245154965971,-0.35722499999999996,2.2039762498591995,12.597681136716279,,
20.5537,71.437,5.238,-12.952,67.508,5.052,-12.389,-0.035,-0.008,0.014,-0.035,-0.008,0.014,34.732,8.776,-3.623,-0.0,-0.0,0.0,0.0,0.0,-0.0,880.863,-0.0,0.0,-0.0,0.0,0.0,0.0,0.0,0.0,0.7679,0.5774,-0.2775,-0.6395,0.7167,-0.2783,0.0382,0.3912,0.9195,0.669,0.7326,-0.1252,-0.7377,0.634,-0.2321,-0.0907,0.2476,0.9646,0.0,0.0,-0.0,0.0,0.0,0.0,-0.0188,-0.0148,0.0307,23.572,26.5736,-102.3962,0.0,0.0435,-0.3737,0.0,0.0,0.0,4804348.9085,4049307.4336,2414346.3532,-1603.0402,-2366.5747,7147.4867,4804325.3365,4049280.86,2414448.7494,-1603.0214,-2366.5599,7147.456,0.0,0.0765,3.9732,0.0,0.0,1.0,0.0,1.0,0.0,0.0,-4.1,-36.453,0.0,0.0,-1.0,-0.7071,0.7071,0.0,13.971075405995059,0.0161245154965971,-0.357185,2.1913690393050542,12.596270520870611,,
20.7675,71.429,5.236,-12.949,67.5,5.05,-12.385,-0.035,-0.008,0.014,-0.035,-0.008,0.014,34.732,8.776,-3.623,-0.0,-0.0,0.0,0.0,0.0,-0.0,880.863,-0.0,0.0,-0.0,0.0,0.0,0.0,0.0,0.0,0.7679,0.5774,-0.2775,-0.6395,0.7167,-0.2783,0.0382,0.3912,0.9195,0.669,0.7326,-0.1252,-0.7377,0.634,-0.2321,-0.0907,0.2476,0.9646,0.0,0.0,-0.0,0.0,0.0,0.0,-0.0188,-0.0148,0.0307,23.5679,26.5704,-102.3896,0.0,0.0435,-0.3737,0.0,0.0,0.0,4804005.9328,4048801.1882,2415874.8692,-1604.3831,-2367.7065,7146.8116,4803982.3648,4048774.6177,2415977.2589,-1604.3643,-2367.6917,7146.7809,0.0,0.0765,3.9732,0.0,0.0,1.0,0.0,1.0,0.0,0.0,-4.1,-36.453,0.0,0.0,-1.0,-0.7071,0.7071,0.0,13.967544415537041,0.0161245154965971,-0.357145,2.1778083667798054,12.594859905024945,,
20.9791,71.422,5.234,-12.946,67.492,5.048,-12.382,-0.035,-0.008,0.014,-0.035,-0.008,0.014,34.732,8.776,-3.623,-0.0,-0.0,0.0,0.0,0.0,-0.0,880.863,-0.0,0.0,-0.0,0.0,0.0,0.0,0.0,0.0,0.7679,0.5774,-0.2775,-0.6395,0.7167,-0.2783,0.0382,0.3912,0.9195,0.669,0.7326,-0.1252,-0.7377,0.634,-0.2321,-0.0907,0.2476,0.9646,0.0,0.0,-0.0,0.0,0.0,0.0,-0.0188,-0.0149,0.0307,23.564,26.5673,-102.3831,0.0,0.0435,-0.3737,0.0,0.0,0.0,4803665.9873,4048299.5947,2417388.4766,-1605.7129,-2368.8272,7146.1426,4803642.4233,4048273.0274,2417490.8598,-1605.6941,-2368.8124,7146.1119,0.0,0.0765,3.9732,0.0,0.0,1.0,0.0,1.0,0.0,0.0,-4.1,-36.453,0.0,0.0,-1.0,-0.7071,0.7071,0.0,13.964013463184573,0.0161245154965971,-0.35711,2.1781645192226384,12.593625616159985,,
21.1908,71.414,5.233,-12.943,67.485,5.047,-12.38,-0.035,-0.008,0.014,-0.035,-0.008,0.014,34.732,8.776,-3.623,-0.0,-0.0,0.0,0.0,0.0,-0.0,880.863,-0.0,0.0,-0.0,0.0,0.0,0.0,0.0,0.0,0.7679,0.5774,-0.2775,-0.6395,0.7167,-0.2783,0.0382,0.3912,0.9195,0.669,0.7326,-0.1252,-0.7377,0.634,-0.2321,-0.0907,0.2476,0.9646,0.0,0.0,-0.0,0.0,0.0,0.0,-0.0188,-0.0149,0.0308,23.56,26.5642,-102.3766,0.0,0.0435,-0.3737,0.0,0.0,0.0,4803326.9205,4047799.4743,2418896.7835,-1607.0381,-2369.944,7145.4755,4803303.3605,4047772.9101,2418999.1601,-1607.0192,-2369.9291,7145.4447,0.0,0.0765,3.9732,0.0,0.0,1.0,0.0,1.0,0.0,0.0,-4.1,-36.453,0.0,0.0,-1.0,-0.7071,0.7071,0.0,13.960857351896408,0.0161245154965971,-0.35707,2.1866843459554963,12.592215000314319,,
21.3913,71.407,5.231,-12.94,67.478,5.045,-12.377,-0.036,-0.008,0.014,-0.036,-0.008,0.014,34.732,8.776,-3.623,-0.0,-0.0,0.0,0.0,0.0,-0.0,880.863,-0.0,0.0,-0.0,0.0,0.0,0.0,0.0,0.0,0.7679,0.5774,-0.2775,-0.6395,0.7167,-0.2783,0.0382,0.3912,0.9195,0.669,0.7326,-0.1252,-0.7377,0.634,-0.2321,-0.0907,0.2476,0.9646,0.0,0.0,-0.0,0.0,0.0,0.0,-0.0188,-0.0149,0.0308,23.5562,26.5612,-102.3705,0.0,0.0435,-0.3737,0.0,0.0,0.0,4803006.161,4047326.5199,2420322.3785,-1608.2906,-2370.9995,7144.8445,4802982.6048,4047299.9587,2420424.749,-1608.2718,-2370.9846,7144.8137,0.0,0.0765,3.9732,0.0,0.0,1.0,0.0,1.0,0.0,0.0,-4.1,-36.453,0.0,0.0,-1.0,-0.7071,0.7071,0.0,13.957326427364231,0.0161245154965971,-0.357035,2.1848679390165238,12.590980711449358,,
21.592,71.4,5.229,-12.937,67.471,5.044,-12.374,-0.036,-0.008,0.014,-0.036,-0.008,0.014,34.732,8.776,-3.623,-0.0,-0.0,0.0,0.0,0.0,-0.0,880.863,-0.0,0.0,-0.0,0.0,0.0,0.0,0.0,0.0,0.7679,0.5774,-0.2775,-0.6395,0.7167,-0.2783,0.0382,0.3912,0.9195,0.669,0.7326,-0.1252,-0.7377,0.634,-0.2321,-0.0907,0.2476,0.9646,0.0,0.0,-0.0,0.0,0.0,0.0,-0.0188,-0.0149,0.0308,23.5524,26.5582,-102.3643,0.0,0.0435,-0.3737,0.0,0.0,0.0,4802681.416,4046847.8501,2421764.4285,-1609.5576,-2372.0672,7144.2059,4802657.8635,4046821.2919,2421866.7928,-1609.5388,-2372.0523,7144.175,0.0,0.0765,3.9732,0.0,0.0,1.0,0.0,1.0,0.0,0.0,-4.1,-36.453,0.0,0.0,-1.0,-0.7071,0.7071,0.0,13.953795540998872,0.0161245154965971,-0.35700000000000004,2.1923010528927738,12.589746422584401,,
21.8034,71.393,5.228,-12.934,67.463,5.042,-12.371,-0.036,-0.008,0.014,-0.036,-0.008,0.014,34.732,8.776,-3.623,-0.0,-0.0,0.0,0.0,0.0,-0.0,880.863,-0.0,0.0,-0.0,0.0,0.0,0.0,0.0,0.0,0.7679,0.5774,-0.2775,-0.6395,0.7167,-0.2783,0.0382,0.3912,0.9195,0.669,0.7326,-0.1252,-0.7377,0.634,-0.2321,-0.0907,0.2476,0.9646,0.0,0.0,-0.0,0.0,0.0,0.0,-0.0188,-0.0149,0.0309,23.5485,26.5551,-102.3578,0.0,0.0435,-0.3737,0.0,0.0,0.0,4802341.5662,4046347.0883,2423272.1998,-1610.8824,-2373.1834,7143.5376,4802318.0177,4046320.5332,2423374.5575,-1610.8636,-2373.1685,7143.5067,0.0,0.0765,3.9732,0.0,0.0,1.0,0.0,1.0,0.0,0.0,-4.1,-36.453,0.0,0.0,-1.0,-0.7071,0.7071,0.0,13.950639411869263,0.0161245154965971,-0.356965,2.183885690208476,12.58851213371944,,
22.0186,71.385,5.226,-12.931,67.456,5.04,-12.368,-0.036,-0.008,0.014,-0.036,-0.008,0.014,34.732,8.776,-3.623,-0.0,-0.0,0.0,0.0,0.0,-0.0,880.863,-0.0,0.0,-0.0,0.0,0.0,0.0,0.0,0.0,0.7679,0.5774,-0.2775,-0.6395,0.7167,-0.2783,0.0382,0.3912,0.9195,0.669,0.7326,-0.1252,-0.7377,0.634,-0.2321,-0.0907,0.2476,0.9646,0.0,0.0,-0.0,0.0,0.0,0.0,-0.0188,-0.0149,0.0309,23.5445,26.5519,-102.3512,0.0,0.0435,-0.3737,0.0,0.0,0.0,4801998.782,4045842.1814,2424791.592,-1612.2175,-2374.3083,7142.8637,4801975.2375,4045815.6295,2424893.9432,-1612.1986,-2374.2934,7142.8328,0.0,0.0765,3.9732,0.0,0.0,1.0,0.0,1.0,0.0,0.0,-4.1,-36.453,0.0,0.0,-1.0,-0.7071,0.7071,0.0,13.947108553388405,0.0161245154965971,-0.35692500000000005,2.1800373742940455,12.587101517873773,,
22.2205,71.378,5.224,-12.928,67.448,5.039,-12.365,-0.036,-0.008,0.014,-0.036,-0.008,0.014,34.732,8.776,-3.623,-0.0,-0.0,0.0,0.0,0.0,-0.0,880.863,-0.0,0.0,-0.0,0.0,0.0,0.0,0.0,0.0,0.7679,0.5774,-0.2775,-0.6395,0.7167,-0.2783,0.0382,0.3912,0.9195,0.669,0.7326,-0.1252,-0.7377,0.634,-0.2321,-0.0907,0.2476,0.9646,0.0,0.0,-0.0,0.0,0.0,0.0,-0.0189,-0.0149,0.0309,23.5406,26.5488,-102.3449,0.0,0.0435,-0.3737,0.0,0.0,0.0,4801668.1353,4045355.3212,2426255.8581,-1613.5041,-2375.3923,7142.2138,4801644.5947,4045328.7723,2426358.203,-1613.4853,-2375.3774,7142.1829,0.0,0.0765,3.9732,0.0,0.0,1.0,0.0,1.0,0.0,0.0,-4.1,-36.453,0.0,0.0,-1.0,-0.7071,0.7071,0.0,13.943577733135783,0.0161245154965971,-0.35689,2.1896375144208378,12.585867229008812,,
22.4262,71.37,5.223,-12.925,67.441,5.037,-12.362,-0.036,-0.008,0.014,-0.036,-0.008,0.014,34.732,8.776,-3.623,-0.0,-0.0,0.0,0.0,0.0,-0.0,880.863,-0.0,0.0,-0.0,0.0,0.0,0.0,0.0,0.0,0.7679,0.5774,-0.2775,-0.6395,0.7167,-0.2783,0.0382,0.3912,0.9195,0.669,0.7326,-0.1252,-0.7377,0.634,-0.2321,-0.0907,0.2476,0.9646,0.0,0.0,-0.0,0.0,0.0,0.0,-0.0189,-0.0149,0.0309,23.5367,26.5458,-102.3385,0.0,0.0435,-0.3737,0.0,0.0,0.0,4801336.6598,4044867.4082,2427722.4898,-1614.7928,-2376.478,7141.5624,4801313.123,4044840.8624,2427824.8283,-1614.774,-2376.4631,7141.5314,0.0,0.0765,3.9732,0.0,0.0,1.0,0.0,1.0,0.0,0.0,-4.1,-36.453,0.0,0.0,-1.0,-0.7071,0.7071,0.0,13.94042158616446,0.0161245154965971,-0.35685,2.177022333620755,12.584456613163146,,
22.6321,71.363,5.221,-12.922,67.434,5.035,-12.359,-0.036,-0.008,0.014,-0.036,-0.008,0.014,34.732,8.776,-3.623,-0.0,-0.0,0.0,0.0,0.0,-0.0,880.863,-0.0,0.0,-0.0,0.0,0.0,0.0,0.0,0.0,0.7679,0.5774,-0.2775,-0.6395,0.7167,-0.2783,0.0382,0.3912,0.9195,0.669,0.7326,-0.1252,-0.7377,0.634,-0.2321,-0.0907,0.2476,0.9646,0.0,0.0,-0.0,0.0,0.0,0.0,-0.0189,-0.0149,0.031,23.5328,26.5427,-102.3321,0.0,0.0435,-0.3737,0.0,0.0,0.0,4801004.7761,4044379.0608,2429189.6213,-1616.0821,-2377.5641,7140.9103,4800981.2433,4044352.5181,2429291.9535,-1616.0632,-2377.5491,7140.8793,0.0,0.0765,3.9732,0.0,0.0,1.0,0.0,1.0,0.0,0.0,-4.1,-36.453,0.0,0.0,-1.0,-0.7071,0.7071,0.0,13.936890793860732,0.0161245154965971,-0.356815,2.1752037075168476,12.583222324298186,,
22.8341,71.356,5.22,-12.919,67.427,5.034,-12.356,-0.036,-0.008,0.014,-0.036,-0.008,0.014,34.732,8.776,-3.623,-0.0,-0.0,0.0,0.0,0.0,-0.0,880.863,-0.0,0.0,-0.0,0.0,0.0,0.0,0.0,0.0,0.7679,0.5774,-0.2775,-0.6395,0.7167,-0.2783,0.0382,0.3912,0.9195,0.669,0.7326,-0.1252,-0.7377,0.634,-0.2321,-0.0907,0.2476,0.9646,0.0,0.0,-0.0,0.0,0.0,0.0,-0.0189,-0.0149,0.031,23.5291,26.5397,-102.3259,0.0,0.0435,-0.3737,0.0,0.0,0.0,4800677.8984,4043898.2419,2430633.3498,-1617.3507,-2378.6328,7140.2681,4800654.3694,4043871.7022,2430735.6757,-1617.3319,-2378.6178,7140.2372,0.0,0.0765,3.9732,0.0,0.0,1.0,0.0,1.0,0.0,0.0,-4.1,-36.453,0.0,0.0,-1.0,-0.7071,0.7071,0.0,13.933734639356386,0.0161245154965971,-0.35678,2.1738644634005775,12.581988035433225,,
23.0359,71.349,5.218,-12.917,67.419,5.032,-12.353,-0.036,-0.008,0.014,-0.036,-0.008,0.014,34.732,8.776,-3.623,-0.0,-0.0,0.0,0.0,0.0,-0.0,880.863,-0.0,0.0,-0.0,0.0,0.0,0.0,0.0,0.0,0.7679,0.5774,-0.2775,-0.6395,0.7167,-0.2783,0.0382,0.3912,0.9195,0.669,0.7326,-0.1252,-0.7377,0.634,-0.2321,-0.0907,0.2476,0.9646,0.0,0.0,-0.0,0.0,0.0,0.0,-0.0189,-0.0149,0.031,23.5252,26.5367,-102.3196,0.0,0.0435,-0.3737,0.0,0.0,0.0,4800350.7286,4043417.1548,2432077.1057,-1618.6195,-2379.7015,7139.6256,4800327.2034,4043390.6182,2432179.4253,-1618.6006,-2379.6865,7139.5946,0.0,0.0765,3.9732,0.0,0.0,1.0,0.0,1.0,0.0,0.0,-4.1,-36.453,0.0,0.0,-1.0,-0.7071,0.7071,0.0,13.931131073965243,0.0161245154965971,-0.35674500000000003,2.1629501525459656,12.580753746568268,,
23.2511,71.341,5.216,-12.913,67.412,5.03,-12.35,-0.036,-0.008,0.014,-0.036,-0.008,0.014,34.732,8.776,-3.623,-0.0,-0.0,0.0,0.0,0.0,-0.0,880.863,-0.0,0.0,-0.0,0.0,0.0,0.0,0.0,0.0,0.7679,0.5774,-0.2775,-0.6395,0.7167,-0.2783,0.0382,0.3912,0.9195,0.669,0.7326,-0.1252,-0.7377,0.634,-0.2321,-0.0907,0.2476,0.9646,0.0,0.0,-0.0,0.0,0.0,0.0,-0.0189,-0.015,0.031,23.5212,26.5334,-102.313,0.0,0.0435,-0.3737,0.0,0.0,0.0,4800003.0641,4042906.1073,2433609.9203,-1619.9665,-2380.8361,7138.9429,4799979.5429,4042879.5739,2433712.2333,-1619.9476,-2380.8211,7138.9118,0.0,0.0765,3.9732,0.0,0.0,1.0,0.0,1.0,0.0,0.0,-4.1,-36.453,0.0,0.0,-1.0,-0.7071,0.7071,0.0,13.926673149033117,0.0161245154965971,-0.356705,2.170366936075687,12.579343130722599,,
23.4518,71.334,5.215,-12.911,67.404,5.029,-12.347,-0.036,-0.008,0.014,-0.036,-0.008,0.014,34.732,8.776,-3.623,-0.0,-0.0,0.0,0.0,0.0,-0.0,880.863,-0.0,0.0,-0.0,0.0,0.0,0.0,0.0,0.0,0.7679,0.5774,-0.2775,-0.6395,0.7167,-0.2783,0.0382,0.3912,0.9195,0.669,0.7326,-0.1252,-0.7377,0.634,-0.2321,-0.0907,0.2476,0.9646,0.0,0.0,-0.0,0.0,0.0,0.0,-0.0189,-0.015,0.0311,23.5174,26.5304,-102.3067,0.0,0.0435,-0.3737,0.0,0.0,0.0,4799675.824,4042425.2481,2435051.3891,-1621.2332,-2381.903,7138.3004,4799652.3066,4042398.7176,2435153.6958,-1621.2143,-2381.888,7138.2693,0.0,0.0765,3.9732,0.0,0.0,1.0,0.0,1.0,0.0,0.0,-4.1,-36.453,0.0,0.0,-1.0,-0.7071,0.7071,0.0,13.924444189984747,0.0161245154965971,-0.35667000000000004,2.159933404796543,12.578108841857642,,
23.6592,71.326,5.213,-12.908,67.397,5.027,-12.345,-0.036,-0.008,0.014,-0.036,-0.008,0.014,34.732,8.776,-3.623,-0.0,-0.0,0.0,0.0,0.0,-0.0,880.863,-0.0,0.0,-0.0,0.0,0.0,0.0,0.0,0.0,0.7679,0.5774,-0.2775,-0.6395,0.7167,-0.2783,0.0382,0.3912,0.9195,0.669,0.7326,-0.1252,-0.7377,0.634,-0.2321,-0.0907,0.2476,0.9646,0.0,0.0,-0.0,0.0,0.0,0.0,-0.0189,-0.015,0.0311,23.5135,26.5273,-102.3003,0.0,0.0435,-0.3737,0.0,0.0,0.0,4799340.7772,4041933.084,2436525.9449,-1622.5291,-2382.9944,7137.6427,4799317.2638,4041906.5566,2436628.2451,-1622.5102,-2382.9794,7137.6116,0.0,0.0765,3.9732,0.0,0.0,1.0,0.0,1.0,0.0,0.0,-4.1,-36.453,0.0,0.0,-1.0,-0.7071,0.7071,0.0,13.92091351169168,0.0161245154965971,-0.35662999999999995,2.1679650218418476,12.576698226011972,,
23.8635,71.319,5.211,-12.905,67.39,5.026,-12.342,-0.036,-0.008,0.014,-0.036,-0.008,0.014,34.732,8.776,-3.623,-0.0,-0.0,0.0,0.0,0.0,-0.0,880.863,-0.0,0.0,-0.0,0.0,0.0,0.0,0.0,0.0,0.7679,0.5774,-0.2775,-0.6395,0.7167,-0.2783,0.0382,0.3912,0.9195,0.669,0.7326,-0.1252,-0.7377,0.634,-0.2321,-0.0907,0.2476,0.9646,0.0,0.0,-0.0,0.0,0.0,0.0,-0.0189,-0.015,0.0311,23.5096,26.5243,-102.2939,0.0,0.0435,-0.3737,0.0,0.0,0.0,4799009.0654,4041445.9835,2437984.5307,-1623.811,-2384.074,7136.9917,4798985.5558,4041419.4592,2438086.8246,-1623.7921,-2384.059,7136.9606,0.0,0.0765,3.9732,0.0,0.0,1.0,0.0,1.0,0.0,0.0,-4.1,-36.453,0.0,0.0,-1.0,-0.7071,0.7071,0.0,13.917382871790226,0.0161245154965971,-0.356595,2.1753998830216577,12.575463937147013,,
24.065,71.312,5.21,-12.902,67.382,5.024,-12.339,-0.036,-0.008,0.014,-0.036,-0.008,0.014,34.732,8.776,-3.623,-0.0,-0.0,0.0,0.0,0.0,-0.0,880.863,-0.0,0.0,-0.0,0.0,0.0,0.0,0.0,0.0,0.7679,0.5774,-0.2775,-0.6395,0.7167,-0.2783,0.0382,0.3912,0.9195,0.669,0.7326,-0.1252,-0.7377,0.634,-0.2321,-0.0907,0.2476,0.9646,0.0,0.0,-0.0,0.0,0.0,0.0,-0.0189,-0.015,0.0311,23.5058,26.5213,-102.2876,0.0,0.0435,-0.3737,0.0,0.0,0.0,4798681.2371,4040964.7464,2439424.779,-1625.0768,-2385.1399,7136.3485,4798657.7313,4040938.2252,2439527.0667,-1625.0579,-2385.1249,7136.3173,0.0,0.0765,3.9732,0.0,0.0,1.0,0.0,1.0,0.0,0.0,-4.1,-36.453,0.0,0.0,-1.0,-0.7071,0.7071,0.0,13.914226676319457,0.0161245154965971,-0.35656,2.1669752965853166,12.574229648282055,,
24.2696,71.304,5.208,-12.899,67.375,5.022,-12.336,-0.036,-0.008,0.014,-0.036,-0.008,0.014,34.732,8.776,-3.623,-0.0,-0.0,0.0,0.0,0.0,-0.0,880.863,-0.0,0.0,-0.0,0.0,0.0,0.0,0.0,0.0,0.7679,0.5774,-0.2775,-0.6395,0.7167,-0.2783,0.0382,0.3912,0.9195,0.669,0.7326,-0.1252,-0.7377,0.634,-0.2321,-0.0907,0.2476,0.9646,0.0,0.0,-0.0,0.0,0.0,0.0,-0.0189,-0.015,0.0312,23.5019,26.5182,-102.2813,0.0,0.0435,-0.3737,0.0,0.0,0.0,4798348.1721,4040475.9863,2440886.753,-1626.3617,-2386.2219,7135.6951,4798324.6702,4040449.4681,2440989.0342,-1626.3428,-2386.2069,7135.6639,0.0,0.0765,3.9732,0.0,0.0,1.0,0.0,1.0,0.0,0.0,-4.1,-36.453,0.0,0.0,-1.0,-0.7071,0.7071,0.0,13.910696064539689,0.0161245154965971,-0.35652,2.163123288014495,12.572819032436387,,
24.4853,71.297,5.207,-12.896,67.367,5.021,-12.333,-0.036,-0.008,0.014,-0.036,-0.008,0.014,34.732,8.776,-3.623,-0.0,-0.0,0.0,0.0,0.0,-0.0,880.863,-0.0,0.0,-0.0,0.0,0.0,0.0,0.0,0.0,0.7679,0.5774,-0.2775,-0.6395,0.7167,-0.2783,0.0382,0.3912,0.9195,0.669,0.7326,-0.1252,-0.7377,0.634,-0.2321,-0.0907,0.2476,0.9646,0.0,0.0,-0.0,0.0,0.0,0.0,-0.0189,-0.015,0.0312,23.4978,26.515,-102.2746,0.0,0.0435,-0.3737,0.0,0.0,0.0,4797998.4697,4039962.9879,2442420.3704,-1627.7096,-2387.3569,7135.0092,4797974.9719,4039936.473,2442522.6449,-1627.6907,-2387.3419,7134.978,0.0,0.0765,3.9732,0.0,0.0,1.0,0.0,1.0,0.0,0.0,-4.1,-36.453,0.0,0.0,-1.0,-0.7071,0.7071,0.0,13.90753986152835,0.0161245154965971,-0.356485,2.1639536636957337,12.571584743571426,,
24.686,71.29,5.205,-12.893,67.36,5.019,-12.33,-0.036,-0.008,0.014,-0.036,-0.008,0.014,34.732,8.776,-3.623,-0.0,-0.0,0.0,0.0,0.0,-0.0,880.863,-0.0,0.0,-0.0,0.0,0.0,0.0,0.0,0.0,0.7679,0.5774,-0.2775,-0.6395,0.7167,-0.2783,0.0382,0.3912,0.9195,0.669,0.7326,-0.1252,-0.7377,0.634,-0.2321,-0.0907,0.2476,0.9646,0.0,0.0,-0.0,0.0,0.0,0.0,-0.019,-0.015,0.0312,23.494,26.5119,-102.2683,0.0,0.0435,-0.3737,0.0,0.0,0.0,4797670.3002,4039481.7421,2443858.2669,-1628.9734,-2388.421,7134.3656,4797646.8062,4039455.2302,2443960.5352,-1628.9545,-2388.406,7134.3344,0.0,0.0765,3.9732,0.0,0.0,1.0,0.0,1.0,0.0,0.0,-4.1,-36.453,0.0,0.0,-1.0,-0.7071,0.7071,0.0,13.904009277902544,0.0161245154965971,-0.35645000000000004,2.1621314598405936,12.57035045470647,,
24.8875,71.282,5.203,-12.89,67.353,5.017,-12.327,-0.036,-0.008,0.014,-0.036,-0.008,0.014,34.732,8.776,-3.623,-0.0,-0.0,0.0,0.0,0.0,-0.0,880.863,-0.0,0.0,-0.0,0.0,0.0,0.0,0.0,0.0,0.7679,0.5774,-0.2775,-0.6395,0.7167,-0.2783,0.0382,0.3912,0.9195,0.669,0.7326,-0.1252,-0.7377,0.634,-0.2321,-0.0907,0.2476,0.9646,0.0,0.0,-0.0,0.0,0.0,0.0,-0.019,-0.015,0.0312,23.4902,26.5089,-102.262,0.0,0.0435,-0.3737,0.0,0.0,0.0,4797342.5353,4039001.2479,2445293.1491,-1630.2346,-2389.4828,7133.723,4797319.0451,4038974.739,2445395.4111,-1630.2156,-2389.4678,7133.6917,0.0,0.0765,3.9732,0.0,0.0,1.0,0.0,1.0,0.0,0.0,-4.1,-36.453,0.0,0.0,-1.0,-0.7071,0.7071,0.0,13.900478732763128,0.0161245154965971,-0.35641,2.1582784424554955,12.5689398388608,,
25.0894,71.275,5.202,-12.887,67.346,5.016,-12.324,-0.036,-0.008,0.014,-0.036,-0.008,0.014,34.732,8.776,-3.623,-0.0,-0.0,0.0,0.0,0.0,-0.0,880.863,-0.0,0.0,-0.0,0.0,0.0,0.0,0.0,0.0,0.7679,0.5774,-0.2775,-0.6395,0.7167,-0.2783,0.0382,0.3912,0.9195,0.669,0.7326,-0.1252,-0.7377,0.634,-0.2321,-0.0907,0.2476,0.9646,0.0,0.0,-0.0,0.0,0.0,0.0,-0.019,-0.015,0.0313,23.4864,26.5059,-102.2557,0.0,0.0435,-0.3737,0.0,0.0,0.0,4797013.5334,4038519.0996,2446732.2009,-1631.4995,-2390.5477,7133.078,4796990.0471,4038492.5937,2446834.4566,-1631.4805,-2390.5327,7133.0467,0.0,0.0765,3.9732,0.0,0.0,1.0,0.0,1.0,0.0,0.0,-4.1,-36.453,0.0,0.0,-1.0,-0.7071,0.7071,0.0,13.897322511908543,0.0161245154965971,-0.35637500000000005,2.1569360628851806,12.567705549995843,,
25.2916,71.268,5.2,-12.885,67.338,5.014,-12.321,-0.036,-0.008,0.014,-0.036,-0.008,0.014,34.732,8.776,-3.623,-0.0,-0.0,0.0,0.0,0.0,-0.0,880.863,-0.0,0.0,-0.0,0.0,0.0,0.0,0.0,0.0,0.7679,0.5774,-0.2775,-0.6395,0.7167,-0.2783,0.0382,0.3912,0.9195,0.669,0.7326,-0.1252,-0.7377,0.634,-0.2321,-0.0907,0.2476,0.9646,0.0,0.0,-0.0,0.0,0.0,0.0,-0.019,-0.015,0.0313,23.4825,26.5028,-102.2494,0.0,0.0435,-0.3737,0.0,0.0,0.0,4796684.4262,4038036.956,2448170.468,-1632.7637,-2391.612,7132.433,4796660.9437,4038010.4532,2448272.7174,-1632.7447,-2391.597,7132.4017,0.0,0.0765,3.9732,0.0,0.0,1.0,0.0,1.0,0.0,0.0,-4.1,-36.453,0.0,0.0,-1.0,-0.7071,0.7071,0.0,13.894719320662796,0.0161245154965971,-0.35634,2.1460211287996565,12.566471261130882,,
25.4935,71.26,5.198,-12.882,67.331,5.013,-12.318,-0.036,-0.008,0.014,-0.036,-0.008,0.014,34.732,8.776,-3.623,-0.0,-0.0,0.0,0.0,0.0,-0.0,880.863,-0.0,0.0,-0.0,0.0,0.0,0.0,0.0,0.0,0.7679,0.5774,-0.2775,-0.6395,0.7167,-0.2783,0.0382,0.3912,0.9195,0.669,0.7326,-0.1252,-0.7377,0.634,-0.2321,-0.0907,0.2476,0.9646,0.0,0.0,-0.0,0.0,0.0,0.0,-0.019,-0.0151,0.0313,23.4787,26.4998,-102.243,0.0,0.0435,-0.3737,0.0,0.0,0.0,4796353.8525,4037552.8242,2449613.893,-1634.0325,-2392.6801,7131.7852,4796330.3738,4037526.3244,2449716.136,-1634.0135,-2392.6651,7131.7539,0.0,0.0765,3.9732,0.0,0.0,1.0,0.0,1.0,0.0,0.0,-4.1,-36.453,0.0,0.0,-1.0,-0.7071,0.7071,0.0,13.891188862008896,0.0161245154965971,-0.3563,2.1514777552305406,12.565060645285214,,
25.6961,71.253,5.197,-12.879,67.324,5.011,-12.316,-0.036,-0.008,0.014,-0.036,-0.008,0.014,34.732,8.776,-3.623,-0.0,-0.0,0.0,0.0,0.0,-0.0,880.863,-0.0,0.0,-0.0,0.0,0.0,0.0,0.0,0.0,0.7679,0.5774,-0.2775,-0.6395,0.7167,-0.2783,0.0382,0.3912,0.9195,0.669,0.7326,-0.1252,-0.7377,0.634,-0.2321,-0.0907,0.2476,0.9646,0.0,0.0,-0.0,0.0,0.0,0.0,-0.019,-0.0151,0.0313,23.4749,26.4967,-102.2367,0.0,0.0435,-0.3737,0.0,0.0,0.0,4796023.2704,4037068.8388,2451056.1041,-1635.3002,-2393.7473,7131.1375,4795999.7956,4037042.3421,2451158.3408,-1635.2812,-2393.7322,7131.1062,0.0,0.0765,3.9732,0.0,0.0,1.0,0.0,1.0,0.0,0.0,-4.1,-36.453,0.0,0.0,-1.0,-0.7071,0.7071,0.0,13.888032618049253,0.0161245154965971,-0.356265,2.152704833288838,12.563826356420256,,
25.8972,71.246,5.195,-12.876,67.316,5.009,-12.313,-0.036,-0.008,0.014,-0.036,-0.008,0.014,34.732,8.776,-3.623,-0.0,-0.0,0.0,0.0,0.0,-0.0,880.863,-0.0,0.0,-0.0,0.0,0.0,0.0,0.0,0.0,0.7679,0.5774,-0.2775,-0.6395,0.7167,-0.2783,0.0382,0.3912,0.9195,0.669,0.7326,-0.1252,-0.7377,0.634,-0.2321,-0.0907,0.2476,0.9646,0.0,0.0,-0.0,0.0,0.0,0.0,-0.019,-0.0151,0.0314,23.471,26.4937,-102.2304,0.0,0.0435,-0.3737,0.0,0.0,0.0,4795693.8741,4036586.7482,2452491.9007,-1636.5623,-2394.8096,7130.4923,4795670.4031,4036560.2545,2452594.1311,-1636.5433,-2394.7946,7130.4609,0.0,0.0765,3.9732,0.0,0.0,1.0,0.0,1.0,0.0,0.0,-4.1,-36.453,0.0,0.0,-1.0,-0.7071,0.7071,0.0,13.884502187691137,0.0161245154965971,-0.35623,2.1530522972137858,12.562592067555295,,
26.098,71.239,5.194,-12.873,67.309,5.008,-12.31,-0.036,-0.008,0.014,-0.036,-0.008,0.014,34.732,8.776,-3.623,-0.0,-0.0,0.0,0.0,0.0,-0.0,880.863,-0.0,0.0,-0.0,0.0,0.0,0.0,0.0,0.0,0.7679,0.5774,-0.2775,-0.6395,0.7167,-0.2783,0.0382,0.3912,0.9195,0.669,0.7326,-0.1252,-0.7377,0.634,-0.2321,-0.0907,0.2476,0.9646,0.0,0.0,-0.0,0.0,0.0,0.0,-0.019,-0.0151,0.0314,23.4672,26.4907,-102.2241,0.0,0.0435,-0.3737,0.0,0.0,0.0,4795364.9591,4036105.5202,2453924.3654,-1637.8216,-2395.8695,7129.8481,4795341.4919,4036079.0295,2454026.5894,-1637.8026,-2395.8544,7129.8167,0.0,0.0765,3.9732,0.0,0.0,1.0,0.0,1.0,0.0,0.0,-4.1,-36.453,0.0,0.0,-1.0,-0.7071,0.7071,0.0,13.881345936183566,0.0161245154965971,-0.35619500000000004,2.151708317275402,12.561357778690336,,
26.3116,71.231,5.192,-12.87,67.301,5.006,-12.307,-0.036,-0.008,0.014,-0.036,-0.008,0.014,34.732,8.776,-3.623,-0.0,-0.0,0.0,0.0,0.0,-0.0,880.863,-0.0,0.0,-0.0,0.0,0.0,0.0,0.0,0.0,0.7679,0.5774,-0.2775,-0.6395,0.7167,-0.2783,0.0382,0.3912,0.9195,0.669,0.7326,-0.1252,-0.7377,0.634,-0.2321,-0.0907,0.2476,0.9646,0.0,0.0,-0.0,0.0,0.0,0.0,-0.019,-0.0151,0.0314,23.4631,26.4875,-102.2174,0.0,0.0435,-0.3737,0.0,0.0,0.0,4795014.5435,4035593.0072,2455449.1151,-1639.162,-2396.9976,7129.162,4794991.0804,4035566.5197,2455551.3324,-1639.1429,-2396.9826,7129.1305,0.0,0.0765,3.9732,0.0,0.0,1.0,0.0,1.0,0.0,0.0,-4.1,-36.453,0.0,0.0,-1.0,-0.7071,0.7071,0.0,13.87781553415378,0.0161245154965971,-0.356155,2.150024713796418,12.559947162844667,,
26.5125,71.224,5.19,-12.867,67.294,5.005,-12.304,-0.036,-0.008,0.014,-0.036,-0.008,0.014,34.732,8.776,-3.623,-0.0,-0.0,0.0,0.0,0.0,-0.0,880.863,-0.0,0.0,-0.0,0.0,0.0,0.0,0.0,0.0,0.7679,0.5774,-0.2775,-0.6395,0.7167,-0.2783,0.0382,0.3912,0.9195,0.669,0.7326,-0.1252,-0.7377,0.634,-0.2321,-0.0907,0.2476,0.9646,0.0,0.0,-0.0,0.0,0.0,0.0,-0.019,-0.0151,0.0315,23.4593,26.4844,-102.211,0.0,0.0435,-0.3737,0.0,0.0,0.0,4794684.8085,4035110.9041,2456882.6066,-1640.4221,-2398.0582,7128.5164,4794661.3492,4035084.4197,2456984.8176,-1640.4031,-2398.0431,7128.485,0.0,0.0765,3.9732,0.0,0.0,1.0,0.0,1.0,0.0,0.0,-4.1,-36.453,0.0,0.0,-1.0,-0.7071,0.7071,0.0,13.874285170775467,0.0161245154965971,-0.35612,2.1574569791600617,12.55871287397971,,
26.7259,71.216,5.189,-12.864,67.286,5.003,-12.301,-0.036,-0.008,0.014,-0.036,-0.008,0.014,34.732,8.776,-3.623,-0.0,-0.0,0.0,0.0,0.0,-0.0,880.863,-0.0,0.0,-0.0,0.0,0.0,0.0,0.0,0.0,0.7679,0.5774,-0.2775,-0.6395,0.7167,-0.2783,0.0382,0.3912,0.9195,0.669,0.7326,-0.1252,-0.7377,0.634,-0.2321,-0.0907,0.2476,0.9646,0.0,0.0,-0.0,0.0,0.0,0.0,-0.019,-0.0151,0.0315,23.4552,26.4812,-102.2043,0.0,0.0435,-0.3737,0.0,0.0,0.0,4794334.1529,4034598.3851,2458405.699,-1641.7611,-2399.1851,7127.8301,4794310.6976,4034571.9039,2458507.9033,-1641.7421,-2399.1699,7127.7986,0.0,0.0765,3.9732,0.0,0.0,1.0,0.0,1.0,0.0,0.0,-4.1,-36.453,0.0,0.0,-1.0,-0.7071,0.7071,0.0,13.871128901426879,0.0161245154965971,-0.35607999999999995,2.146995865427333,12.55730225813404,,
26.9372,71.208,5.187,-12.861,67.279,5.001,-12.298,-0.036,-0.008,0.014,-0.036,-0.008,0.014,34.732,8.776,-3.623,-0.0,-0.0,0.0,0.0,0.0,-0.0,880.863,-0.0,0.0,-0.0,0.0,0.0,0.0,0.0,0.0,0.7679,0.5774,-0.2775,-0.6395,0.7167,-0.2783,0.0382,0.3912,0.9195,0.669,0.7326,-0.1252,-0.7377,0.634,-0.2321,-0.0907,0.2476,0.9646,0.0,0.0,-0.0,0.0,0.0,0.0,-0.0191,-0.0151,0.0315,23.4512,26.478,-102.1977,0.0,0.0435,-0.3737,0.0,0.0,0.0,4793988.2112,4034092.9297,2459906.9566,-1643.081,-2400.2957,7127.1531,4793964.7599,4034066.4517,2460009.1543,-1643.0619,-2400.2806,7127.1216,0.0,0.0765,3.9732,0.0,0.0,1.0,0.0,1.0,0.0,0.0,-4.1,-36.453,0.0,0.0,-1.0,-0.7071,0.7071,0.0,13.86759856644257,0.0161245154965971,-0.35603999999999997,2.143139553446366,12.555891642288374,,
27.1481,71.201,5.185,-12.858,67.271,4.999,-12.295,-0.036,-0.008,0.014,-0.036,-0.008,0.014,34.732,8.776,-3.623,-0.0,-0.0,0.0,0.0,0.0,-0.0,880.863,-0.0,0.0,-0.0,0.0,0.0,0.0,0.0,0.0,0.7679,0.5774,-0.2775,-0.6395,0.7167,-0.2783,0.0382,0.3912,0.9195,0.669,0.7326,-0.1252,-0.7377,0.634,-0.2321,-0.0907,0.2476,0.9646,0.0,0.0,-0.0,0.0,0.0,0.0,-0.0191,-0.0151,0.0315,23.4472,26.4748,-102.191,0.0,0.0435,-0.3737,0.0,0.0,0.0,4793640.5958,4033585.2018,2461414.1197,-1644.406,-2401.4107,7126.4729,4793617.1486,4033558.727,2461516.3108,-1644.3869,-2401.3956,7126.4414,0.0,0.0765,3.9732,0.0,0.0,1.0,0.0,1.0,0.0,0.0,-4.1,-36.453,0.0,0.0,-1.0,-0.7071,0.7071,0.0,13.864068270172359,0.0161245154965971,-0.35600499999999996,2.1434845268916027,12.554657353423414,,
27.3604,71.193,5.184,-12.855,67.263,4.998,-12.292,-0.036,-0.008,0.014,-0.036,-0.008,0.014,34.732,8.776,-3.623,-0.0,-0.0,0.0,0.0,0.0,-0.0,880.863,-0.0,0.0,-0.0,0.0,0.0,0.0,0.0,0.0,0.7679,0.5774,-0.2775,-0.6395,0.7167,-0.2783,0.0382,0.3912,0.9195,0.669,0.7326,-0.1252,-0.7377,0.634,-0.2321,-0.0907,0.2476,0.9646,0.0,0.0,-0.0,0.0,0.0,0.0,-0.0191,-0.0151,0.0316,23.4432,26.4716,-102.1844,0.0,0.0435,-0.3737,0.0,0.0,0.0,4793293.6557,4033078.634,2462917.0018,-1645.7273,-2402.5225,7125.7942,4793270.2126,4033052.1624,2463019.1862,-1645.7082,-2402.5073,7125.7627,0.0,0.0765,3.9732,0.0,0.0,1.0,0.0,1.0,0.0,0.0,-4.1,-36.453,0.0,0.0,-1.0,-0.7071,0.7071,0.0,13.860911982982937,0.0161245154965971,-0.355965,2.1422802436564745,12.553246737577746,,
27.575,71.185,5.182,-12.852,67.256,4.996,-12.289,-0.036,-0.008,0.014,-0.036,-0.008,0.014,34.732,8.776,-3.623,-0.0,-0.0,0.0,0.0,0.0,-0.0,880.863,-0.0,0.0,-0.0,0.0,0.0,0.0,0.0,0.0,0.7679,0.5774,-0.2775,-0.6395,0.7167,-0.2783,0.0382,0.3912,0.9195,0.669,0.7326,-0.1252,-0.7377,0.634,-0.2321,-0.0907,0.2476,0.9646,0.0,0.0,-0.0,0.0,0.0,0.0,-0.0191,-0.0152,0.0316,23.4391,26.4683,-102.1776,0.0,0.0435,-0.3737,0.0,0.0,0.0,4792938.8711,4032560.7894,2464452.471,-1647.0773,-2403.6583,7125.1003,4792915.432,4032534.3211,2464554.6485,-1647.0582,-2403.6432,7125.0688,0.0,0.0765,3.9732,0.0,0.0,1.0,0.0,1.0,0.0,0.0,-4.1,-36.453,0.0,0.0,-1.0,-0.7071,0.7071,0.0,13.857381715172604,0.0161245154965971,-0.355925,2.1384228992013354,12.55183612173208,,
27.7768,71.178,5.18,-12.849,67.248,4.994,-12.286,-0.036,-0.008,0.014,-0.036,-0.008,0.014,34.732,8.776,-3.623,-0.0,-0.0,0.0,0.0,0.0,-0.0,880.863,-0.0,0.0,-0.0,0.0,0.0,0.0,0.0,0.0,0.7679,0.5774,-0.2775,-0.6395,0.7167,-0.2783,0.0382,0.3912,0.9195,0.669,0.7326,-0.1252,-0.7377,0.634,-0.2321,-0.0907,0.2476,0.9646,0.0,0.0,-0.0,0.0,0.0,0.0,-0.0191,-0.0152,0.0316,23.4352,26.4653,-102.1712,0.0,0.0435,-0.3737,0.0,0.0,0.0,4792607.056,4032076.6341,2465887.2565,-1648.3388,-2404.7197,7124.4515,4792583.6208,4032050.1688,2465989.4277,-1648.3197,-2404.7045,7124.4199,0.0,0.0765,3.9732,0.0,0.0,1.0,0.0,1.0,0.0,0.0,-4.1,-36.453,0.0,0.0,-1.0,-0.7071,0.7071,0.0,13.853851486139153,0.0161245154965971,-0.35589,2.1387666293960543,12.55060183286712,,
27.9783,71.17,5.179,-12.846,67.241,4.993,-12.283,-0.036,-0.008,0.014,-0.036,-0.008,0.014,34.732,8.776,-3.623,-0.0,-0.0,0.0,0.0,0.0,-0.0,880.863,-0.0,0.0,-0.0,0.0,0.0,0.0,0.0,0.0,0.7679,0.5774,-0.2775,-0.6395,0.7167,-0.2783,0.0382,0.3912,0.9195,0.669,0.7326,-0.1252,-0.7377,0.634,-0.2321,-0.0907,0.2476,0.9646,0.0,0.0,-0.0,0.0,0.0,0.0,-0.0191,-0.0152,0.0316,23.4314,26.4622,-102.1648,0.0,0.0435,-0.3737,0.0,0.0,0.0,4792273.5583,4031590.1824,2467328.0806,-1649.6056,-2405.7855,7123.7995,4792250.127,4031563.7201,2467430.2454,-1649.5865,-2405.7703,7123.7678,0.0,0.0765,3.9732,0.0,0.0,1.0,0.0,1.0,0.0,0.0,-4.1,-36.453,0.0,0.0,-1.0,-0.7071,0.7071,0.0,13.850695181109142,0.0161245154965971,-0.35585,2.135390159175999,12.549191217021452,,
28.1792,71.163,5.177,-12.843,67.234,4.991,-12.28,-0.036,-0.008,0.014,-0.036,-0.008,0.014,34.732,8.776,-3.623,-0.005,0.0,0.001,0.0,0.0,-0.0,880.862,-0.0,0.0,-0.0,0.0,0.0,-0.492,0.0,0.0,0.7679,0.5774,-0.2775,-0.6395,0.7167,-0.2783,0.0382,0.3912,0.9195,0.669,0.7326,-0.1252,-0.7377,0.634,-0.2321,-0.0907,0.2476,0.9646,0.0,0.0,-0.0001,0.0,0.0,0.0,-0.0191,-0.0152,0.0317,23.4275,26.4592,-102.1584,0.0,0.0435,-0.3737,0.0,0.0,0.0,4791939.0235,4031102.3759,2468772.1428,-1650.8754,-2406.8536,7123.1455,4791915.596,4031075.9168,2468874.3012,-1650.8563,-2406.8384,7123.1139,0.0,0.0765,3.9732,0.0,0.0,1.0,0.0,1.0,0.0,0.0,-4.1,-36.453,0.0,0.0,-1.0,-0.7071,0.7071,0.0,13.847164980601624,0.0161245154965971,-0.355815,2.1335616820603915,12.547956928156493,,
28.3814,71.156,5.175,-12.84,67.226,4.99,-12.277,-0.036,-0.008,0.014,-0.036,-0.008,0.014,34.724,8.776,-3.623,-0.076,0.005,0.012,0.0,0.0,-0.001,880.846,-0.0,0.0,-0.0,0.0,0.0,-1.0,0.0,0.0,0.768,0.5773,-0.2775,-0.6394,0.7168,-0.2783,0.0382,0.3911,0.9195,0.669,0.7326,-0.1252,-0.7377,0.634,-0.2321,-0.0907,0.2476,0.9646,0.0,0.0,-0.0013,0.0,0.0,0.0,-0.0191,-0.0152,0.0317,23.4236,26.4561,-102.1519,0.0,0.0435,-0.3737,0.0,0.0,0.0,4791604.0761,4030614.1261,2470216.7419,-1652.1456,-2407.9221,7122.4909,4791580.6524,4030587.67,2470318.8939,-1652.1265,-2407.9069,7122.4592,0.0,0.0765,3.9732,0.0,0.0,1.0,0.0,1.0,0.0,0.0,-4.1,-36.453,0.0,0.0,-1.0,-0.7071,0.7071,0.0,13.843634818933934,0.0161245154965971,-0.35578000000000004,2.143167604056473,12.546722639291534,,
28.5857,71.148,5.174,-12.837,67.219,4.988,-12.274,-0.037,-0.008,0.014,-0.037,-0.008,0.014,34.701,8.776,-3.623,-0.142,0.009,0.022,0.0,0.0,-0.003,880.832,-0.0,0.0,-0.0,0.0,0.0,-1.0,0.0,0.0,0.7682,0.577,-0.2775,-0.6391,0.717,-0.2783,0.0384,0.3911,0.9195,0.669,0.7326,-0.1252,-0.7377,0.634,-0.2321,-0.0907,0.2476,0.9646,0.0,0.0,-0.0025,0.0,0.0,0.0,-0.0191,-0.0152,0.0317,23.4198,26.453,-102.1455,0.0,0.0435,-0.3737,0.0,0.0,0.0,4791267.6409,4030123.8678,2471666.5066,-1653.4204,-2408.9944,7121.8335,4791244.2211,4030097.4148,2471768.6521,-1653.4012,-2408.9792,7121.8018,0.0,0.0765,3.9732,0.0,0.0,1.0,0.0,1.0,0.0,0.0,-4.1,-36.453,0.0,0.0,-1.0,-0.7071,0.7071,0.0,13.84047849606364,0.0161245154965971,-0.35574,2.1305269342887447,12.545312023445865,,
28.7936,71.141,5.172,-12.834,67.211,4.986,-12.271,-0.037,-0.008,0.014,-0.037,-0.008,0.014,34.663,8.776,-3.623,-0.215,0.014,0.033,0.0,0.0,-0.004,880.816,-0.0,0.0,-0.0,0.0,0.0,-1.0,0.0,0.0,0.7686,0.5765,-0.2775,-0.6386,0.7175,-0.2783,0.0386,0.3911,0.9195,0.669,0.7326,-0.1252,-0.7377,0.634,-0.2321,-0.0907,0.2476,0.9646,0.0,0.0,-0.0038,0.0,0.0,0.0,-0.0191,-0.0152,0.0317,23.4158,26.4498,-102.1389,0.0,0.0435,-0.3737,0.0,0.0,0.0,4790923.6271,4029622.7312,2473147.6355,-1654.7228,-2410.0899,7121.1614,4790900.2113,4029596.2814,2473249.7744,-1654.7036,-2410.0747,7121.1297,0.0,0.0765,3.9732,0.0,0.0,1.0,0.0,1.0,0.0,0.0,-4.1,-36.453,0.0,0.0,-1.0,-0.7071,0.7071,0.0,13.836948362988133,0.0161245154965971,-0.35570500000000005,2.1308685127847236,12.544077734580908,,
28.996,71.133,5.17,-12.832,67.204,4.985,-12.268,-0.037,-0.008,0.014,-0.037,-0.008,0.014,34.612,8.776,-3.623,-0.286,0.018,0.044,0.0,0.0,-0.005,880.8,-0.0,0.0,-0.0,0.0,0.0,-1.0,0.0,0.0,0.7691,0.5758,-0.2775,-0.6379,0.718,-0.2783,0.039,0.3911,0.9195,0.669,0.7326,-0.1252,-0.7377,0.634,-0.2321,-0.0907,0.2476,0.9646,0.0,0.0,-0.0051,0.0,0.0,0.0,-0.0191,-0.0152,0.0318,23.412,26.4467,-102.1325,0.0,0.0435,-0.3737,0.0,0.0,0.0,4790587.9978,4029133.9693,2474591.4087,-1655.9923,-2411.1577,7120.5058,4790564.5859,4029107.5226,2474693.5411,-1655.9732,-2411.1425,7120.4741,0.0,0.0765,3.9732,0.0,0.0,1.0,0.0,1.0,0.0,0.0,-4.1,-36.453,0.0,0.0,-1.0,-0.7071,0.7071,0.0,13.834345810337402,0.0161245154965971,-0.35566499999999995,2.1250725241179893,12.542667118735238,,
29.2011,71.126,5.169,-12.829,67.196,4.983,-12.265,-0.037,-0.008,0.014,-0.037,-0.008,0.015,34.547,8.776,-3.623,-0.348,0.022,0.054,0.0,0.0,-0.006,880.786,-0.0,0.0,-0.0,0.0,0.0,-1.0,0.0,0.0,0.7697,0.5749,-0.2775,-0.6371,0.7188,-0.2783,0.0394,0.391,0.9195,0.669,0.7326,-0.1252,-0.7377,0.634,-0.2321,-0.0907,0.2476,0.9646,0.0,0.0,-0.0062,0.0,0.0,0.0,-0.0192,-0.0152,0.0318,23.4081,26.4435,-102.126,0.0,0.0435,-0.3737,0.0,0.0,0.0,4790249.8185,4028641.6537,2476044.8981,-1657.2705,-2412.2326,7119.8454,4790226.4104,4028615.2102,2476147.0241,-1657.2513,-2412.2174,7119.8136,0.0,0.0765,3.9732,0.0,0.0,1.0,0.0,1.0,0.0,0.0,-4.1,-36.453,0.0,0.0,-1.0,-0.7071,0.7071,0.0,13.831189464395317,0.0161245154965971,-0.35563,2.1165761860043686,12.541432829870281,,
29.414,71.118,5.167,-12.826,67.188,4.981,-12.262,-0.037,-0.008,0.014,-0.037,-0.008,0.015,34.463,8.776,-3.623,-0.423,0.027,0.065,0.0,0.0,-0.007,880.77,-0.0,0.0,-0.0,0.0,0.0,-1.0,0.0,0.0,0.7706,0.5738,-0.2775,-0.6361,0.7197,-0.2783,0.04,0.391,0.9195,0.669,0.7326,-0.1252,-0.7377,0.634,-0.2321,-0.0907,0.2476,0.9646,0.0,0.0,-0.0075,0.0,0.0,0.0,-0.0192,-0.0152,0.0318,23.404,26.4402,-102.1192,0.0,0.0435,-0.3737,0.0,0.0,0.0,4789895.4561,4028125.9501,2477566.5964,-1658.6086,-2413.358,7119.1534,4789872.0521,4028099.5098,2477668.7156,-1658.5895,-2413.3428,7119.1216,0.0,0.0765,3.9732,0.0,0.0,1.0,0.0,1.0,0.0,0.0,-4.1,-36.453,0.0,0.0,-1.0,-0.7071,0.7071,0.0,13.82765941871581,0.0161245154965971,-0.35558999999999996,2.1148863262114794,12.540022214024612,,
29.6186,71.11,5.165,-12.823,67.181,4.98,-12.259,-0.037,-0.008,0.014,-0.037,-0.008,0.015,34.369,8.776,-3.623,-0.489,0.031,0.076,0.0,0.0,-0.009,880.755,-0.0,0.0,-0.0,0.0,0.0,-1.0,0.0,0.0,0.7715,0.5725,-0.2775,-0.6349,0.7207,-0.2783,0.0407,0.3909,0.9195,0.669,0.7326,-0.1252,-0.7377,0.634,-0.2321,-0.0907,0.2476,0.9646,0.0,0.0,-0.0087,0.0,0.0,0.0,-0.0192,-0.0152,0.0318,23.4002,26.4371,-102.1127,0.0,0.0435,-0.3737,0.0,0.0,0.0,4789557.0698,4027633.6613,2479018.4071,-1659.8854,-2414.4317,7118.4928,4789533.6696,4027607.2242,2479120.5197,-1659.8662,-2414.4164,7118.461,0.0,0.0765,3.9732,0.0,0.0,1.0,0.0,1.0,0.0,0.0,-4.1,-36.453,0.0,0.0,-1.0,-0.7071,0.7071,0.0,13.824129412010002,0.0161245154965971,-0.35555,2.12034845040507,12.538611598178944,,
29.8195,71.103,5.164,-12.82,67.174,4.978,-12.256,-0.037,-0.008,0.014,-0.037,-0.008,0.015,34.262,8.776,-3.623,-0.559,0.035,0.087,0.0,0.0,-0.01,880.739,-0.0,0.0,-0.0,0.0,0.0,-1.0,0.0,0.0,0.7726,0.5711,-0.2775,-0.6335,0.7219,-0.2783,0.0414,0.3908,0.9195,0.669,0.7326,-0.1252,-0.7377,0.634,-0.2321,-0.0907,0.2476,0.9646,0.0,0.0,-0.0099,0.0,0.0,0.0,-0.0192,-0.0153,0.0319,23.3964,26.434,-102.1063,0.0,0.0435,-0.3737,0.0,0.0,0.0,4789223.2916,4027148.2324,2480449.2221,-1661.1437,-2415.4898,7117.8414,4789199.8952,4027121.7984,2480551.3283,-1661.1245,-2415.4745,7117.8095,0.0,0.0765,3.9732,0.0,0.0,1.0,0.0,1.0,0.0,0.0,-4.1,-36.453,0.0,0.0,-1.0,-0.7071,0.7071,0.0,13.820973048233617,0.0161245154965971,-0.35551499999999997,2.1096786419840763,12.537377309313984,,
30.0313,71.095,5.162,-12.817,67.166,4.977,-12.253,-0.037,-0.008,0.014,-0.037,-0.008,0.015,34.133,8.776,-3.623,-0.634,0.04,0.098,0.0,0.0,-0.011,880.723,-0.0,0.0,-0.0,0.0,0.0,-1.0,0.0,0.0,0.7739,0.5693,-0.2775,-0.6319,0.7233,-0.2783,0.0423,0.3907,0.9195,0.669,0.7326,-0.1252,-0.7377,0.634,-0.2321,-0.0907,0.2476,0.9646,0.0,0.0,-0.0112,0.0,0.0,0.0,-0.0192,-0.0153,0.0319,23.3924,26.4307,-102.0995,0.0,0.0435,-0.3737,0.0,0.0,0.0,4788870.631,4026635.5106,2481959.6625,-1662.472,-2416.6067,7117.1531,4788847.2386,4026609.08,2482061.762,-1662.4528,-2416.5914,7117.1212,0.0,0.0765,3.9732,0.0,0.0,1.0,0.0,1.0,0.0,0.0,-4.1,-36.453,0.0,0.0,-1.0,-0.7071,0.7071,0.0,13.817443070264483,0.0161245154965971,-0.355475,2.117313252575469,12.535966693468318,,
30.2338,71.088,5.16,-12.814,67.158,4.975,-12.25,-0.037,-0.008,0.014,-0.037,-0.008,0.015,33.997,8.776,-3.623,-0.699,0.044,0.108,0.0,0.0,-0.012,880.708,-0.0,0.0,-0.0,0.0,0.0,-1.0,0.0,0.0,0.7752,0.5675,-0.2775,-0.6302,0.7248,-0.2783,0.0432,0.3906,0.9195,0.669,0.7326,-0.1252,-0.7377,0.634,-0.2321,-0.0907,0.2476,0.9646,0.0,0.0,-0.0124,0.0,0.0,0.0,-0.0192,-0.0153,0.0319,23.3886,26.4275,-102.093,0.0,0.0435,-0.3737,0.0,0.0,0.0,4788534.6363,4026147.179,2483397.4653,-1663.7365,-2417.6699,7116.4976,4788511.2477,4026120.7515,2483499.5584,-1663.7173,-2417.6546,7116.4656,0.0,0.0765,3.9732,0.0,0.0,1.0,0.0,1.0,0.0,0.0,-4.1,-36.453,0.0,0.0,-1.0,-0.7071,0.7071,0.0,13.813913131332482,0.0161245154965971,-0.35544,2.117644282443184,12.534732404603357,,
30.4354,71.08,5.159,-12.811,67.151,4.973,-12.247,-0.037,-0.008,0.014,-0.037,-0.008,0.015,33.847,8.776,-3.623,-0.77,0.049,0.119,0.0,0.0,-0.014,880.693,-0.0,0.0,-0.0,0.0,0.0,-1.0,0.0,0.0,0.7767,0.5654,-0.2775,-0.6283,0.7265,-0.2783,0.0442,0.3905,0.9195,0.669,0.7326,-0.1252,-0.7377,0.634,-0.2321,-0.0907,0.2476,0.9646,0.0,0.0,-0.0136,0.0,0.0,0.0,-0.0192,-0.0153,0.0319,23.3848,26.4244,-102.0866,0.0,0.0435,-0.3737,0.0,0.0,0.0,4788198.2796,4025658.4778,2484835.5912,-1665.0013,-2418.7333,7115.8414,4788174.8948,4025632.0535,2484937.6777,-1664.9821,-2418.718,7115.8095,0.0,0.0765,3.9732,0.0,0.0,1.0,0.0,1.0,0.0,0.0,-4.1,-36.453,0.0,0.0,-1.0,-0.7071,0.7071,0.0,13.810756749722298,0.0161245154965971,-0.3554,2.104948535135087,12.53332178875769,,
30.637,71.073,5.157,-12.809,67.144,4.972,-12.244,-0.037,-0.008,0.014,-0.037,-0.008,0.015,33.683,8.776,-3.623,-0.836,0.053,0.129,0.0,0.0,-0.015,880.678,-0.0,0.0,-0.0,0.0,0.0,-1.0,0.0,0.0,0.7783,0.5632,-0.2775,-0.6262,0.7283,-0.2783,0.0453,0.3904,0.9195,0.669,0.7326,-0.1252,-0.7377,0.634,-0.2321,-0.0907,0.2476,0.9646,0.0,0.0,-0.0148,0.0,0.0,0.0,-0.0192,-0.0153,0.032,23.381,26.4212,-102.0802,0.0,0.0435,-0.3737,0.0,0.0,0.0,4787864.0644,4025173.0433,2486263.3485,-1666.257,-2419.789,7115.1895,4787840.6833,4025146.6221,2486365.4287,-1666.2378,-2419.7737,7115.1576,0.0,0.0765,3.9732,0.0,0.0,1.0,0.0,1.0,0.0,0.0,-4.1,-36.453,0.0,0.0,-1.0,-0.7071,0.7071,0.0,13.808154474802198,0.0161245154965971,-0.355365,2.101277881132836,12.53208749989273,,
30.8468,71.065,5.155,-12.806,67.136,4.97,-12.241,-0.037,-0.008,0.014,-0.037,-0.008,0.015,33.496,8.776,-3.623,-0.909,0.058,0.141,0.0,0.0,-0.016,880.662,-0.0,0.0,-0.0,0.0,0.0,-1.0,0.0,0.0,0.7802,0.5607,-0.2775,-0.6238,0.7303,-0.2783,0.0466,0.3902,0.9195,0.669,0.7326,-0.1252,-0.7377,0.634,-0.2321,-0.0907,0.2476,0.9646,0.0,0.0,-0.0161,0.0,0.0,0.0,-0.0192,-0.0153,0.032,23.3771,26.4179,-102.0734,0.0,0.0435,-0.3737,0.0,0.0,0.0,4787511.7111,4024661.4302,2487767.2855,-1667.5798,-2420.9011,7114.5024,4787488.334,4024635.0123,2487869.3589,-1667.5606,-2420.8857,7114.4704,0.0,0.0765,3.9732,0.0,0.0,1.0,0.0,1.0,0.0,0.0,-4.1,-36.453,0.0,0.0,-1.0,-0.7071,0.7071,0.0,13.804624623654204,0.0161245154965971,-0.355325,2.0995842355700716,12.530676884047063,,
31.0558,71.057,5.153,-12.803,67.128,4.969,-12.238,-0.037,-0.008,0.014,-0.037,-0.008,0.015,33.296,8.776,-3.623,-0.982,0.062,0.152,0.0,0.0,-0.017,880.646,-0.0,0.0,-0.0,0.0,0.0,-1.0,0.0,0.0,0.7821,0.5579,-0.2775,-0.6213,0.7325,-0.2783,0.048,0.3901,0.9195,0.669,0.7326,-0.1252,-0.7377,0.634,-0.2321,-0.0907,0.2476,0.9646,0.0,0.0,-0.0174,0.0,0.0,0.0,-0.0192,-0.0153,0.032,23.3732,26.4146,-102.0667,0.0,0.0435,-0.3737,0.0,0.0,0.0,4787163.4369,4024155.9073,2489252.4981,-1668.8861,-2421.9992,7113.8234,4787140.0637,4024129.4927,2489354.5648,-1668.8669,-2421.9839,7113.7914,0.0,0.0765,3.9732,0.0,0.0,1.0,0.0,1.0,0.0,0.0,-4.1,-36.453,0.0,0.0,-1.0,-0.7071,0.7071,0.0,13.801094811644473,0.0161245154965971,-0.355285,2.107335063388803,12.529266268201397,,
31.2598,71.05,5.152,-12.8,67.121,4.967,-12.235,-0.037,-0.009,0.014,-0.037,-0.008,0.015,33.087,8.776,-3.623,-1.049,0.066,0.162,0.0,0.0,-0.019,880.631,-0.0,0.0,-0.0,0.0,0.0,-1.0,0.0,0.0,0.7841,0.5551,-0.2775,-0.6186,0.7347,-0.2783,0.0494,0.3899,0.9195,0.669,0.7326,-0.1252,-0.7377,0.634,-0.2321,-0.0907,0.2476,0.9646,0.0,0.0,-0.0186,0.0,0.0,0.0,-0.0192,-0.0153,0.0321,23.3694,26.4114,-102.0602,0.0,0.0435,-0.3737,0.0,0.0,0.0,4786823.9463,4023663.2944,2490698.9986,-1670.1584,-2423.0687,7113.1616,4786800.5769,4023636.883,2490801.0588,-1670.1391,-2423.0533,7113.1296,0.0,0.0765,3.9732,0.0,0.0,1.0,0.0,1.0,0.0,0.0,-4.1,-36.453,0.0,0.0,-1.0,-0.7071,0.7071,0.0,13.797938396731594,0.016643316977093238,-0.35525,2.0965469446234892,12.528031979336436,,
31.4611,71.042,5.15,-12.797,67.113,4.965,-12.232,-0.037,-0.009,0.014,-0.037,-0.008,0.015,32.865,8.776,-3.623,-1.119,0.071,0.173,0.0,0.0,-0.02,880.616,-0.0,0.0,-0.0,0.0,0.0,-1.0,0.0,0.0,0.7863,0.552,-0.2775,-0.6158,0.7371,-0.2783,0.0509,0.3897,0.9195,0.669,0.7326,-0.1252,-0.7377,0.634,-0.2321,-0.0907,0.2476,0.9646,0.0,0.0,-0.0198,0.0,0.0,0.0,-0.0193,-0.0153,0.0321,23.3656,26.4082,-102.0537,0.0,0.0435,-0.3737,0.0,0.0,0.0,4786485.6373,4023172.5531,2492139.2355,-1671.4252,-2424.1335,7112.5022,4786462.2717,4023146.145,2492241.2892,-1671.4059,-2424.1181,7112.4702,0.0,0.0765,3.9732,0.0,0.0,1.0,0.0,1.0,0.0,0.0,-4.1,-36.453,0.0,0.0,-1.0,-0.7071,0.7071,0.0,13.79440861363763,0.016643316977093238,-0.35521,2.094852143061224,12.526621363490769,,
31.662,71.035,5.148,-12.795,67.106,4.964,-12.229,-0.037,-0.009,0.014,-0.037,-0.008,0.015,32.63,8.776,-3.623,-1.185,0.075,0.183,0.0,0.0,-0.021,880.601,-0.0,0.0,-0.0,0.0,0.0,-1.0,0.0,0.0,0.7885,0.5488,-0.2775,-0.6127,0.7397,-0.2783,0.0525,0.3895,0.9195,0.669,0.7326,-0.1252,-0.7377,0.634,-0.2321,-0.0907,0.2476,0.9646,0.0,0.0,-0.021,0.0,0.0,0.0,-0.0193,-0.0153,0.0321,23.3619,26.405,-102.0472,0.0,0.0435,-0.3737,0.0,0.0,0.0,4786150.5753,4022686.6758,2493564.4427,-1672.6788,-2425.1872,7111.8493,4786127.2134,4022660.2708,2493666.49,-1672.6596,-2425.1718,7111.8172,0.0,0.0765,3.9732,0.0,0.0,1.0,0.0,1.0,0.0,0.0,-4.1,-36.453,0.0,0.0,-1.0,-0.7071,0.7071,0.0,13.791806589421126,0.016643316977093238,-0.35517499999999996,2.091388395198513,12.52538707462581,,
31.874,71.027,5.146,-12.792,67.098,4.962,-12.226,-0.037,-0.009,0.014,-0.037,-0.008,0.015,32.369,8.776,-3.623,-1.258,0.08,0.195,0.0,0.0,-0.022,880.585,-0.0,0.0,-0.0,0.0,0.0,-1.0,0.0,0.0,0.791,0.5452,-0.2775,-0.6094,0.7424,-0.2783,0.0543,0.3892,0.9195,0.669,0.7326,-0.1252,-0.7377,0.634,-0.2321,-0.0907,0.2476,0.9646,0.0,0.0,-0.0223,0.0,0.0,0.0,-0.0193,-0.0154,0.0321,23.358,26.4016,-102.0405,0.0,0.0435,-0.3737,0.0,0.0,0.0,4785797.3494,4022174.6246,2495065.6144,-1673.9993,-2426.297,7111.1611,4785773.9914,4022148.223,2495167.6549,-1673.98,-2426.2816,7111.129,0.0,0.0765,3.9732,0.0,0.0,1.0,0.0,1.0,0.0,0.0,-4.1,-36.453,0.0,0.0,-1.0,-0.7071,0.7071,0.0,13.788276904675218,0.016643316977093238,-0.355135,2.0896919187299896,12.523976458780142,,
32.0854,71.019,5.144,-12.789,67.09,4.961,-12.223,-0.037,-0.009,0.014,-0.037,-0.008,0.015,32.091,8.776,-3.623,-1.332,0.084,0.206,0.0,0.0,-0.024,880.568,-0.0,0.0,-0.0,0.0,0.0,-1.0,0.0,0.0,0.7937,0.5414,-0.2775,-0.6057,0.7454,-0.2783,0.0562,0.389,0.9195,0.669,0.7326,-0.1252,-0.7377,0.634,-0.2321,-0.0907,0.2476,0.9646,0.0,0.0,-0.0236,0.0,0.0,0.0,-0.0193,-0.0154,0.0322,23.3541,26.3983,-102.0336,0.0,0.0435,-0.3737,0.0,0.0,0.0,4785442.5494,4021660.462,2496572.1385,-1675.3245,-2427.4107,7110.47,4785419.1953,4021634.0638,2496674.1721,-1675.3052,-2427.3953,7110.4378,0.0,0.0765,3.9732,0.0,0.0,1.0,0.0,1.0,0.0,0.0,-4.1,-36.453,0.0,0.0,-1.0,-0.7071,0.7071,0.0,13.784747259199204,0.016643316977093238,-0.35509500000000005,2.0975593078803647,12.522565842934474,,
32.2888,71.012,5.143,-12.786,67.083,4.959,-12.22,-0.037,-0.009,0.014,-0.037,-0.008,0.015,31.81,8.776,-3.623,-1.399,0.089,0.216,0.0,0.0,-0.025,880.554,-0.0,0.0,-0.0,0.0,0.0,-1.0,0.0,0.0,0.7963,0.5375,-0.2775,-0.6021,0.7484,-0.2783,0.0581,0.3887,0.9195,0.669,0.7326,-0.1252,-0.7377,0.634,-0.2321,-0.0907,0.2476,0.9646,0.0,0.0,-0.0247,0.0,0.0,0.0,-0.0193,-0.0154,0.0322,23.3503,26.395,-102.0271,0.0,0.0435,-0.3737,0.0,0.0,0.0,4785102.4696,4021167.7913,2498014.9042,-1676.5936,-2428.4772,7109.8077,4785079.1192,4021141.3963,2498116.9312,-1676.5743,-2428.4619,7109.7755,0.0,0.0765,3.9732,0.0,0.0,1.0,0.0,1.0,0.0,0.0,-4.1,-36.453,0.0,0.0,-1.0,-0.7071,0.7071,0.0,13.781590800774778,0.016643316977093238,-0.35506,2.086655985324463,12.521331554069516,,
32.4895,71.004,5.141,-12.783,67.075,4.958,-12.217,-0.037,-0.009,0.013,-0.037,-0.008,0.015,31.518,8.776,-3.623,-1.469,0.093,0.227,0.0,0.0,-0.026,880.538,-0.0,0.0,-0.0,0.0,0.0,-1.0,0.0,0.0,0.799,0.5334,-0.2775,-0.5983,0.7514,-0.2783,0.06,0.3884,0.9195,0.669,0.7326,-0.1252,-0.7377,0.634,-0.2321,-0.0907,0.2476,0.9646,0.0,0.0,-0.026,0.0,0.0,0.0,-0.0193,-0.0154,0.0322,23.3466,26.3918,-102.0206,0.0,0.0435,-0.3737,0.0,0.0,0.0,4784765.5677,4020679.8788,2499442.9792,-1677.8499,-2429.5329,7109.1516,4784742.221,4020653.487,2499544.9998,-1677.8306,-2429.5175,7109.1194,0.0,0.0765,3.9732,0.0,0.0,1.0,0.0,1.0,0.0,0.0,-4.1,-36.453,0.0,0.0,-1.0,-0.7071,0.7071,0.0,13.77806118436117,0.015811388300841896,-0.35502,2.094525555676243,12.519920938223848,,
32.6979,70.997,5.139,-12.78,67.068,4.956,-12.213,-0.037,-0.009,0.013,-0.037,-0.008,0.015,31.199,8.776,-3.623,-1.537,0.097,0.238,0.0,0.0,-0.027,880.523,-0.0,0.0,-0.0,0.0,0.0,-1.0,0.0,0.0,0.802,0.529,-0.2775,-0.5941,0.7547,-0.2783,0.0622,0.3881,0.9195,0.669,0.7326,-0.1252,-0.7377,0.634,-0.2321,-0.0907,0.2476,0.9646,0.0,0.0,-0.0272,0.0,0.0,0.0,-0.0193,-0.0154,0.0322,23.3428,26.3884,-102.0139,0.0,0.0435,-0.3736,0.0,0.0,0.0,4784414.3382,4020171.38,2500930.5089,-1679.1585,-2430.6325,7108.4678,4784390.9954,4020144.9916,2501032.5228,-1679.1392,-2430.6171,7108.4356,0.0,0.0765,3.9732,0.0,0.0,1.0,0.0,1.0,0.0,0.0,-4.1,-36.453,0.0,0.0,-1.0,-0.7071,0.7071,0.0,13.774531607281606,0.015811388300841896,-0.354985,2.08110132226103,12.518686649358887,,
32.9094,70.989,5.137,-12.778,67.06,4.954,-12.21,-0.037,-0.009,0.013,-0.037,-0.008,0.015,30.862,8.776,-3.623,-1.611,0.102,0.249,0.0,0.0,-0.029,880.507,-0.0,0.0,-0.0,0.0,0.0,-1.0,0.0,0.0,0.8051,0.5242,-0.2775,-0.5896,0.7582,-0.2783,0.0645,0.3877,0.9195,0.669,0.7326,-0.1252,-0.7377,0.634,-0.2321,-0.0907,0.2476,0.9646,0.0,0.0,-0.0285,0.0,0.0,0.0,-0.0193,-0.0154,0.0323,23.3389,26.385,-102.007,0.0,0.0435,-0.3736,0.0,0.0,0.0,4784060.0085,4019658.5611,2502429.8504,-1680.4775,-2431.7408,7107.7781,4784036.6695,4019632.1761,2502531.8574,-1680.4582,-2431.7254,7107.7459,0.0,0.0765,3.9732,0.0,0.0,1.0,0.0,1.0,0.0,0.0,-4.1,-36.453,0.0,0.0,-1.0,-0.7071,0.7071,0.0,13.771929893809364,0.015811388300841896,-0.354945,2.068461606616805,12.517276033513221,,
33.1171,70.981,5.136,-12.775,67.052,4.953,-12.207,-0.037,-0.009,0.013,-0.037,-0.008,0.015,30.515,8.776,-3.623,-1.684,0.107,0.26,0.0,0.0,-0.03,880.491,-0.0,0.0,-0.0,0.0,0.0,-1.0,0.0,0.0,0.8083,0.5193,-0.2775,-0.585,0.7618,-0.2783,0.0668,0.3873,0.9195,0.669,0.7326,-0.1252,-0.7377,0.634,-0.2321,-0.0907,0.2476,0.9646,0.0,0.0,-0.0298,0.0,0.0,0.0,-0.0193,-0.0154,0.0323,23.3351,26.3817,-102.0003,0.0,0.0435,-0.3736,0.0,0.0,0.0,4783710.6483,4019153.0997,2503906.87,-1681.7769,-2432.8325,7107.0982,4783687.3131,4019126.718,2504008.8703,-1681.7576,-2432.8171,7107.0659,0.0,0.0765,3.9732,0.0,0.0,1.0,0.0,1.0,0.0,0.0,-4.1,-36.453,0.0,0.0,-1.0,-0.7071,0.7071,0.0,13.76877340215896,0.015811388300841896,-0.35490499999999997,2.06726957114577,12.515865417667552,,
33.3284,70.973,5.134,-12.772,67.044,4.951,-12.204,-0.037,-0.009,0.013,-0.037,-0.008,0.015,30.146,8.776,-3.623,-1.753,0.111,0.271,0.0,0.0,-0.031,880.475,-0.0,0.0,-0.0,0.0,0.0,-1.0,0.0,0.0,0.8116,0.5141,-0.2775,-0.5801,0.7655,-0.2783,0.0693,0.3869,0.9195,0.669,0.7326,-0.1252,-0.7377,0.634,-0.2321,-0.0907,0.2476,0.9646,0.0,0.0,-0.031,0.0,0.0,0.0,-0.0193,-0.0154,0.0323,23.3312,26.3782,-101.9935,0.0,0.0435,-0.3736,0.0,0.0,0.0,4783354.1559,4018637.488,2505412.7214,-1683.1017,-2433.9456,7106.4046,4783330.8247,4018611.1098,2505514.7149,-1683.0823,-2433.9301,7106.3722,0.0,0.0765,3.9732,0.0,0.0,1.0,0.0,1.0,0.0,0.0,-4.1,-36.453,0.0,0.0,-1.0,-0.7071,0.7071,0.0,13.765243913567243,0.015811388300841896,-0.354865,2.0655692894178452,12.514454801821884,,
33.5365,70.965,5.132,-12.769,67.036,4.95,-12.201,-0.037,-0.009,0.013,-0.037,-0.008,0.015,29.77,8.776,-3.623,-1.826,0.116,0.282,0.0,0.0,-0.032,880.459,-0.0,0.0,-0.0,0.0,0.0,-1.0,0.0,0.0,0.8149,0.5088,-0.2775,-0.5751,0.7693,-0.2783,0.0719,0.3864,0.9195,0.669,0.7326,-0.1252,-0.7377,0.634,-0.2321,-0.0907,0.2476,0.9646,0.0,0.0,-0.0323,0.0,0.0,0.0,-0.0194,-0.0154,0.0323,23.3275,26.3749,-101.9867,0.0,0.0435,-0.3736,0.0,0.0,0.0,4783004.437,4018131.8382,2506888.6684,-1684.4002,-2435.0365,7105.7242,4782981.1095,4018105.4633,2506990.6551,-1684.3809,-2435.021,7105.6919,0.0,0.0765,3.9732,0.0,0.0,1.0,0.0,1.0,0.0,0.0,-4.1,-36.453,0.0,0.0,-1.0,-0.7071,0.7071,0.0,13.761714464411765,0.015811388300841896,-0.354825,2.073609468631892,12.513044185976218,,
33.7366,70.958,5.13,-12.767,67.029,4.948,-12.198,-0.037,-0.009,0.013,-0.037,-0.008,0.015,29.394,8.776,-3.623,-1.89,0.12,0.292,0.0,0.0,-0.033,880.445,-0.0,0.0,-0.0,0.0,0.0,-1.0,0.0,0.0,0.8183,0.5034,-0.2775,-0.57,0.7731,-0.2783,0.0744,0.3859,0.9195,0.669,0.7326,-0.1252,-0.7377,0.634,-0.2321,-0.0907,0.2476,0.9646,0.0,0.0,-0.0334,0.0,0.0,0.0,-0.0194,-0.0154,0.0324,23.3238,26.3716,-101.9802,0.0,0.0435,-0.3736,0.0,0.0,0.0,4782668.285,4017645.9581,2508306.1527,-1685.6473,-2436.0841,7105.0703,4782644.9612,4017619.5865,2508408.133,-1685.628,-2436.0687,7105.038,0.0,0.0765,3.9732,0.0,0.0,1.0,0.0,1.0,0.0,0.0,-4.1,-36.453,0.0,0.0,-1.0,-0.7071,0.7071,0.0,13.759112943791107,0.015811388300841896,-0.35479,2.0609235602914318,12.511809897111258,,
33.9435,70.95,5.128,-12.764,67.021,4.947,-12.194,-0.037,-0.009,0.013,-0.037,-0.008,0.015,28.989,8.776,-3.623,-1.962,0.124,0.304,0.0,0.0,-0.035,880.429,-0.0,0.0,-0.0,0.0,0.0,-1.0,0.0,0.0,0.8218,0.4976,-0.2775,-0.5645,0.7771,-0.2783,0.0771,0.3854,0.9195,0.669,0.7326,-0.1252,-0.7377,0.634,-0.2321,-0.0907,0.2476,0.9646,0.0,0.0,-0.0347,0.0,0.0,0.0,-0.0194,-0.0155,0.0324,23.3201,26.3682,-101.9735,0.0,0.0435,-0.3736,0.0,0.0,0.0,4782318.6576,4017140.7596,2509779.2107,-1686.9434,-2437.1728,7104.3904,4782295.3375,4017114.3914,2509881.1842,-1686.924,-2437.1574,7104.358,0.0,0.0765,3.9732,0.0,0.0,1.0,0.0,1.0,0.0,0.0,-4.1,-36.453,0.0,0.0,-1.0,-0.7071,0.7071,0.0,13.75558359358119,0.015811388300841896,-0.35475,2.0577386543919265,12.51039928126559,,
34.1449,70.943,5.126,-12.761,67.014,4.945,-12.191,-0.037,-0.009,0.013,-0.037,-0.008,0.016,28.585,8.776,-3.623,-2.028,0.128,0.314,0.0,0.0,-0.036,880.415,-0.0,0.0,-0.0,0.0,0.0,-1.0,0.0,0.0,0.8253,0.4918,-0.2775,-0.559,0.781,-0.2783,0.0798,0.3848,0.9195,0.669,0.7326,-0.1252,-0.7377,0.634,-0.2321,-0.0907,0.2476,0.9646,0.0,0.0,-0.0359,0.0,0.0,0.0,-0.0194,-0.0155,0.0324,23.3164,26.365,-101.967,0.0,0.0435,-0.3736,0.0,0.0,0.0,4781982.1198,4016654.6292,2511195.9174,-1688.1898,-2438.2198,7103.736,4781958.8034,4016628.2642,2511297.8845,-1688.1705,-2438.2044,7103.7036,0.0,0.0765,3.9732,0.0,0.0,1.0,0.0,1.0,0.0,0.0,-4.1,-36.453,0.0,0.0,-1.0,-0.7071,0.7071,0.0,13.752054282906244,0.015811388300841896,-0.354715,2.055897342881207,12.509164992400631,,
34.3548,70.935,5.125,-12.759,67.006,4.943,-12.188,-0.037,-0.009,0.013,-0.037,-0.008,0.016,28.141,8.776,-3.623,-2.102,0.133,0.325,0.0,0.0,-0.037,880.398,-0.0,0.0,-0.0,0.0,0.0,-1.0,0.0,0.0,0.8291,0.4854,-0.2775,-0.553,0.7853,-0.2783,0.0828,0.3842,0.9195,0.669,0.7326,-0.1252,-0.7377,0.634,-0.2321,-0.0907,0.2476,0.9646,0.0,0.0,-0.0372,0.0,0.0,0.0,-0.0194,-0.0155,0.0324,23.3127,26.3615,-101.9601,0.0,0.0435,-0.3736,0.0,0.0,0.0,4781624.2341,4016137.8262,2512701.2021,-1689.5143,-2439.3323,7103.0403,4781600.9215,4016111.4647,2512803.1622,-1689.4949,-2439.3168,7103.0078,0.0,0.0765,3.9732,0.0,0.0,1.0,0.0,1.0,0.0,0.0,-4.1,-36.453,0.0,0.0,-1.0,-0.7071,0.7071,0.0,13.749825671622167,0.015811388300841896,-0.354675,2.0340446472113576,12.507754376554963,,
34.562,70.927,5.123,-12.756,66.998,4.942,-12.185,-0.038,-0.009,0.013,-0.037,-0.008,0.016,27.692,8.776,-3.623,-2.174,0.138,0.336,0.0,0.0,-0.038,880.382,-0.0,0.0,-0.0,0.0,0.0,-1.0,0.0,0.0,0.8329,0.4789,-0.2775,-0.5468,0.7897,-0.2783,0.0858,0.3835,0.9195,0.669,0.7326,-0.1252,-0.7377,0.634,-0.2321,-0.0907,0.2476,0.9646,0.0,0.0,-0.0385,0.0,0.0,0.0,-0.0194,-0.0155,0.0325,23.3089,26.3581,-101.9534,0.0,0.0435,-0.3736,0.0,0.0,0.0,4781273.534,4015631.5631,2514174.9775,-1690.811,-2440.4214,7102.3586,4781250.2251,4015605.2049,2514276.9309,-1690.7916,-2440.4059,7102.3262,0.0,0.0765,3.9732,0.0,0.0,1.0,0.0,1.0,0.0,0.0,-4.1,-36.453,0.0,0.0,-1.0,-0.7071,0.7071,0.0,13.746296410306305,0.015811388300841896,-0.35463500000000003,2.042309684062021,12.506343760709296,,
34.7737,70.919,5.121,-12.753,66.991,4.94,-12.181,-0.038,-0.009,0.013,-0.037,-0.008,0.016,27.22,8.776,-3.623,-2.239,0.142,0.346,0.0,0.0,-0.04,880.368,-0.0,0.0,-0.0,0.0,0.0,-1.0,0.0,0.0,0.8368,0.472,-0.2775,-0.5403,0.7941,-0.2783,0.089,0.3828,0.9195,0.669,0.7326,-0.1252,-0.7377,0.634,-0.2321,-0.0907,0.2476,0.9646,0.0,0.0,-0.0396,0.0,0.0,0.0,-0.0194,-0.0155,0.0325,23.3051,26.3547,-101.9465,0.0,0.0435,-0.3736,0.0,0.0,0.0,4780916.6369,4015116.5213,2515673.49,-1692.1296,-2441.5288,7101.6651,4780893.3318,4015090.1666,2515775.4364,-1692.1102,-2441.5133,7101.6326,0.0,0.0765,3.9732,0.0,0.0,1.0,0.0,1.0,0.0,0.0,-4.1,-36.453,0.0,0.0,-1.0,-0.7071,0.7071,0.0,13.74276718859779,0.015811388300841896,-0.354595,2.0272377725115707,12.504933144863626,,
34.982,70.911,5.119,-12.75,66.983,4.939,-12.178,-0.038,-0.009,0.013,-0.037,-0.008,0.016,26.738,8.776,-3.623,-2.312,0.146,0.358,0.0,0.0,-0.041,880.352,-0.0,0.0,-0.0,0.0,0.0,-1.0,0.0,0.0,0.8407,0.465,-0.2775,-0.5336,0.7987,-0.2783,0.0922,0.382,0.9195,0.669,0.7326,-0.1252,-0.7377,0.634,-0.2321,-0.0907,0.2476,0.9646,0.0,0.0,-0.0409,0.0,0.0,0.0,-0.0194,-0.0155,0.0325,23.3014,26.3512,-101.9397,0.0,0.0435,-0.3736,0.0,0.0,0.0,4780562.9304,4014606.2488,2517157.3111,-1693.4352,-2442.6253,7100.9778,4780539.629,4014579.8976,2517259.2508,-1693.4158,-2442.6098,7100.9453,0.0,0.0765,3.9732,0.0,0.0,1.0,0.0,1.0,0.0,0.0,-4.1,-36.453,0.0,0.0,-1.0,-0.7071,0.7071,0.0,13.739238006527145,0.015811388300841896,-0.354555,2.0356293962581917,12.50352252901796,,
35.1896,70.903,5.117,-12.748,66.975,4.937,-12.175,-0.038,-0.009,0.013,-0.037,-0.008,0.016,26.252,8.776,-3.623,-2.363,0.15,0.366,0.0,0.0,-0.042,880.341,-0.0,0.0,-0.0,0.0,0.0,-1.0,0.0,0.0,0.8446,0.4578,-0.2775,-0.5268,0.8031,-0.2783,0.0954,0.3812,0.9195,0.669,0.7326,-0.1252,-0.7377,0.634,-0.2321,-0.0907,0.2476,0.9646,0.0,0.0,-0.0418,0.0,0.0,0.0,-0.0194,-0.0155,0.0325,23.2977,26.3479,-101.933,0.0,0.0435,-0.3736,0.0,0.0,0.0,4780216.9618,4014107.299,2518607.4258,-1694.7113,-2443.6968,7100.3057,4780193.6641,4014080.9511,2518709.3587,-1694.6918,-2443.6813,7100.2732,0.0,0.0765,3.9732,0.0,0.0,1.0,0.0,1.0,0.0,0.0,-4.1,-36.453,0.0,0.0,-1.0,-0.7071,0.7071,0.0,13.736636888263442,0.015811388300841896,-0.354515,2.0233698667474753,12.502111913172293,,
35.3925,70.896,5.115,-12.745,66.968,4.936,-12.172,-0.038,-0.009,0.013,-0.037,-0.008,0.016,25.763,8.776,-3.623,-2.363,0.15,0.366,0.0,0.0,-0.042,880.341,-0.0,0.0,-0.0,0.0,0.0,-1.0,0.0,0.0,0.8485,0.4506,-0.2775,-0.5199,0.8076,-0.2783,0.0987,0.3804,0.9195,0.669,0.7326,-0.1252,-0.7377,0.634,-0.2321,-0.0907,0.2476,0.9646,0.0,0.0,-0.0418,0.0,0.0,0.0,-0.0194,-0.0155,0.0326,23.294,26.3445,-101.9263,0.0,0.0435,-0.3736,0.0,0.0,0.0,4779870.9957,4013608.5094,2520056.3025,-1695.9862,-2444.7674,7099.6337,4779847.7017,4013582.1649,2520158.2288,-1695.9668,-2444.7519,7099.6012,0.0,0.0765,3.9732,0.0,0.0,1.0,0.0,1.0,0.0,0.0,-4.1,-36.453,0.0,0.0,-1.0,-0.7071,0.7071,0.0,13.733107805591565,0.015811388300841896,-0.35448,2.0317400331861943,12.500877624307334,,
35.5945,70.888,5.114,-12.743,66.96,4.934,-12.169,-0.038,-0.009,0.013,-0.037,-0.008,0.016,25.28,8.776,-3.623,-2.363,0.15,0.366,0.0,0.0,-0.042,880.341,-0.0,0.0,-0.0,0.0,0.0,-1.0,0.0,0.0,0.8523,0.4434,-0.2775,-0.5131,0.812,-0.2783,0.1019,0.3796,0.9195,0.669,0.7326,-0.1252,-0.7377,0.634,-0.2321,-0.0907,0.2476,0.9646,0.0,0.0,-0.0418,0.0,0.0,0.0,-0.0194,-0.0155,0.0326,23.2904,26.3412,-101.9197,0.0,0.0435,-0.3736,0.0,0.0,0.0,4779528.4713,4013114.8353,2521489.5584,-1697.2475,-2445.8265,7098.9686,4779505.1809,4013088.4942,2521591.4781,-1697.228,-2445.8109,7098.936,0.0,0.0765,3.9732,0.0,0.0,1.0,0.0,1.0,0.0,0.0,-4.1,-36.453,0.0,0.0,-1.0,-0.7071,0.7071,0.0,13.73087925079818,0.015811388300841896,-0.35444000000000003,2.009850136781612,12.499467008461666,,
35.7978,70.881,5.112,-12.74,66.952,4.933,-12.165,-0.038,-0.009,0.013,-0.037,-0.008,0.016,24.795,8.776,-3.623,-2.363,0.15,0.366,0.0,0.0,-0.042,880.341,-0.0,0.0,-0.0,0.0,0.0,-1.0,0.0,0.0,0.856,0.4362,-0.2775,-0.5062,0.8163,-0.2783,0.1051,0.3787,0.9195,0.669,0.7326,-0.1252,-0.7377,0.634,-0.2321,-0.0907,0.2476,0.9646,0.0,0.0,-0.0418,0.0,0.0,0.0,-0.0195,-0.0155,0.0326,23.2868,26.3379,-101.913,0.0,0.0435,-0.3736,0.0,0.0,0.0,4779184.5985,4012619.3724,2522927.251,-1698.5127,-2446.8887,7098.3009,4779161.3117,4012593.0345,2523029.164,-1698.4932,-2446.8732,7098.2683,0.0,0.0765,3.9732,0.0,0.0,1.0,0.0,1.0,0.0,0.0,-4.1,-36.453,0.0,0.0,-1.0,-0.7071,0.7071,0.0,13.727350217722282,0.015811388300841896,-0.354405,2.009405154764903,12.498232719596706,,
35.9997,70.873,5.11,-12.737,66.945,4.931,-12.162,-0.038,-0.009,0.013,-0.037,-0.008,0.016,24.31,8.776,-3.623,-2.363,0.15,0.366,0.0,0.0,-0.042,880.341,-0.0,0.0,-0.0,0.0,0.0,-1.0,0.0,0.0,0.8597,0.4289,-0.2775,-0.4993,0.8205,-0.2783,0.1083,0.3778,0.9195,0.669,0.7326,-0.1252,-0.7377,0.634,-0.2321,-0.0907,0.2476,0.9646,0.0,0.0,-0.0418,0.0,0.0,0.0,-0.0195,-0.0155,0.0326,23.2832,26.3345,-101.9064,0.0,0.0435,-0.3736,0.0,0.0,0.0,4778840.7496,4012124.0977,2524363.6386,-1699.7767,-2447.95,7097.6334,4778817.4664,4012097.7632,2524465.545,-1699.7573,-2447.9345,7097.6007,0.0,0.0765,3.9732,0.0,0.0,1.0,0.0,1.0,0.0,0.0,-4.1,-36.453,0.0,0.0,-1.0,-0.7071,0.7071,0.0,13.723821224425798,0.015811388300841896,-0.35436500000000004,2.0055963992004995,12.49682210375104,,
36.2015,70.865,5.108,-12.735,66.937,4.93,-12.159,-0.038,-0.009,0.013,-0.037,-0.008,0.016,23.828,8.776,-3.623,-2.363,0.15,0.366,0.0,0.0,-0.042,880.341,-0.0,0.0,-0.0,0.0,0.0,-1.0,0.0,0.0,0.8632,0.4217,-0.2775,-0.4923,0.8247,-0.2783,0.1115,0.3769,0.9195,0.669,0.7326,-0.1252,-0.7377,0.634,-0.2321,-0.0907,0.2476,0.9646,0.0,0.0,-0.0418,0.0,0.0,0.0,-0.0195,-0.0156,0.0327,23.2796,26.3312,-101.8998,0.0,0.0435,-0.3736,0.0,0.0,0.0,4778498.4987,4011631.277,2525792.157,-1701.0339,-2449.0054,7096.9691,4778475.2191,4011604.9458,2525894.0567,-1701.0144,-2448.9899,7096.9364,0.0,0.0765,3.9732,0.0,0.0,1.0,0.0,1.0,0.0,0.0,-4.1,-36.453,0.0,0.0,-1.0,-0.7071,0.7071,0.0,13.721220390329718,0.015811388300841896,-0.354325,2.003981329964206,12.49541148790537,,
36.4049,70.858,5.106,-12.732,66.93,4.928,-12.156,-0.038,-0.009,0.013,-0.037,-0.008,0.016,23.34,8.776,-3.623,-2.363,0.15,0.366,0.0,0.0,-0.042,880.341,-0.0,0.0,-0.0,0.0,0.0,-1.0,0.0,0.0,0.8668,0.4143,-0.2775,-0.4853,0.8289,-0.2783,0.1147,0.3759,0.9195,0.669,0.7326,-0.1252,-0.7377,0.634,-0.2321,-0.0907,0.2476,0.9646,0.0,0.0,-0.0418,0.0,0.0,0.0,-0.0195,-0.0156,0.0327,23.2759,26.3279,-101.8931,0.0,0.0435,-0.3736,0.0,0.0,0.0,4778152.1909,4011132.769,2527236.3988,-1702.3049,-2450.0725,7096.297,4778128.9149,4011106.4411,2527338.2919,-1702.2854,-2450.0569,7096.2643,0.0,0.0765,3.9732,0.0,0.0,1.0,0.0,1.0,0.0,0.0,-4.1,-36.453,0.0,0.0,-1.0,-0.7071,0.7071,0.0,13.717691496749735,0.015811388300841896,-0.35429,2.002138929528507,12.494177199040411,,
36.6084,70.85,5.105,-12.729,66.922,4.926,-12.153,-0.038,-0.009,0.013,-0.037,-0.008,0.016,22.852,8.776,-3.623,-2.363,0.15,0.366,0.0,0.0,-0.042,880.341,-0.0,0.0,-0.0,0.0,0.0,-1.0,0.0,0.0,0.8703,0.4069,-0.2775,-0.4782,0.833,-0.2783,0.1179,0.3749,0.9195,0.669,0.7326,-0.1252,-0.7377,0.634,-0.2321,-0.0907,0.2476,0.9646,0.0,0.0,-0.0418,0.0,0.0,0.0,-0.0195,-0.0156,0.0327,23.2723,26.3245,-101.8864,0.0,0.0435,-0.3736,0.0,0.0,0.0,4777805.3274,4010633.6165,2528681.7405,-1703.5769,-2451.1403,7095.624,4777782.0551,4010607.292,2528783.6269,-1703.5574,-2451.1247,7095.5913,0.0,0.0765,3.9732,0.0,0.0,1.0,0.0,1.0,0.0,0.0,-4.1,-36.453,0.0,0.0,-1.0,-0.7071,0.7071,0.0,13.714534844463373,0.015811388300841896,-0.35424999999999995,1.9905341235966167,12.492766583194742,,
36.811,70.842,5.103,-12.727,66.915,4.925,-12.149,-0.038,-0.009,0.013,-0.037,-0.008,0.016,22.367,8.776,-3.623,-2.363,0.15,0.366,0.0,0.0,-0.042,880.341,-0.0,0.0,-0.0,0.0,0.0,-1.0,0.0,0.0,0.8737,0.3995,-0.2775,-0.4711,0.837,-0.2783,0.1211,0.3739,0.9195,0.669,0.7326,-0.1252,-0.7377,0.634,-0.2321,-0.0907,0.2476,0.9646,0.0,0.0,-0.0418,0.0,0.0,0.0,-0.0195,-0.0156,0.0327,23.2686,26.3212,-101.8797,0.0,0.0435,-0.3736,0.0,0.0,0.0,4777459.9161,4010136.7084,2530119.8237,-1704.8426,-2452.2027,7094.954,4777436.6474,4010110.3872,2530221.7034,-1704.8231,-2452.1871,7094.9212,0.0,0.0765,3.9732,0.0,0.0,1.0,0.0,1.0,0.0,0.0,-4.1,-36.453,0.0,0.0,-1.0,-0.7071,0.7071,0.0,13.711934145116071,0.015811388300841896,-0.35420999999999997,1.9761900145736346,12.491355967349076,,
37.0152,70.835,5.101,-12.724,66.907,4.923,-12.146,-0.038,-0.009,0.013,-0.038,-0.008,0.016,21.878,8.776,-3.623,-2.363,0.15,0.366,0.0,0.0,-0.042,880.341,-0.0,0.0,-0.0,0.0,0.0,-1.0,0.0,0.0,0.8771,0.3921,-0.2775,-0.464,0.841,-0.2783,0.1242,0.3729,0.9195,0.669,0.7326,-0.1252,-0.7377,0.634,-0.2321,-0.0907,0.2476,0.9646,0.0,0.0,-0.0418,0.0,0.0,0.0,-0.0195,-0.0156,0.0328,23.265,26.3178,-101.873,0.0,0.0435,-0.3736,0.0,0.0,0.0,4777111.8258,4009636.1015,2531567.8439,-1706.117,-2453.2724,7094.2788,4777088.5608,4009609.7837,2531669.7169,-1706.0975,-2453.2568,7094.246,0.0,0.0765,3.9732,0.0,0.0,1.0,0.0,1.0,0.0,0.0,-4.1,-36.453,0.0,0.0,-1.0,-0.7071,0.7071,0.0,13.70840534124958,0.015811388300841896,-0.35417499999999996,1.9764339961493098,12.490121678484115,,
37.2158,70.827,5.099,-12.722,66.899,4.922,-12.143,-0.038,-0.009,0.013,-0.038,-0.008,0.016,21.397,8.776,-3.623,-2.363,0.15,0.366,0.0,0.0,-0.042,880.341,-0.0,0.0,-0.0,0.0,0.0,-1.0,0.0,0.0,0.8803,0.3847,-0.2775,-0.4569,0.8448,-0.2783,0.1274,0.3718,0.9195,0.669,0.7326,-0.1252,-0.7377,0.634,-0.2321,-0.0907,0.2476,0.9646,0.0,0.0,-0.0418,0.0,0.0,0.0,-0.0195,-0.0156,0.0328,23.2614,26.3145,-101.8663,0.0,0.0435,-0.3736,0.0,0.0,0.0,4776769.528,4009143.9762,2532990.5798,-1707.3693,-2454.3234,7093.615,4776746.2667,4009117.6617,2533092.4461,-1707.3497,-2454.3078,7093.5822,0.0,0.0765,3.9732,0.0,0.0,1.0,0.0,1.0,0.0,0.0,-4.1,-36.453,0.0,0.0,-1.0,-0.7071,0.7071,0.0,13.705804792130959,0.015811388300841896,-0.354135,1.975264310260849,12.488711062638448,,
37.4183,70.819,5.097,-12.719,66.892,4.92,-12.14,-0.038,-0.009,0.013,-0.038,-0.008,0.016,20.911,8.776,-3.623,-2.363,0.15,0.366,0.0,0.0,-0.042,880.341,-0.0,0.0,-0.0,0.0,0.0,-1.0,0.0,0.0,0.8836,0.3772,-0.2775,-0.4497,0.8487,-0.2783,0.1305,0.3707,0.9195,0.669,0.7326,-0.1252,-0.7377,0.634,-0.2321,-0.0907,0.2476,0.9646,0.0,0.0,-0.0418,0.0,0.0,0.0,-0.0195,-0.0156,0.0328,23.2578,26.3112,-101.8596,0.0,0.0435,-0.3736,0.0,0.0,0.0,4776422.6256,4008645.3849,2534431.255,-1708.6373,-2455.3876,7092.9424,4776399.3678,4008619.0737,2534533.1147,-1708.6178,-2455.372,7092.9096,0.0,0.0765,3.9732,0.0,0.0,1.0,0.0,1.0,0.0,0.0,-4.1,-36.453,0.0,0.0,-1.0,-0.7071,0.7071,0.0,13.702276088300074,0.015811388300841896,-0.354095,1.971482953472646,12.487300446792782,,
37.6226,70.811,5.096,-12.716,66.884,4.919,-12.137,-0.038,-0.009,0.013,-0.038,-0.008,0.016,20.423,8.776,-3.623,-2.363,0.15,0.366,0.0,0.0,-0.042,880.341,-0.0,0.0,-0.0,0.0,0.0,-1.0,0.0,0.0,0.8868,0.3697,-0.2775,-0.4425,0.8525,-0.2783,0.1337,0.3696,0.9195,0.669,0.7326,-0.1252,-0.7377,0.634,-0.2321,-0.0907,0.2476,0.9646,0.0,0.0,-0.0418,0.0,0.0,0.0,-0.0195,-0.0156,0.0328,23.2541,26.3078,-101.8529,0.0,0.0435,-0.3736,0.0,0.0,0.0,4776074.3753,4008145.0104,2535876.3159,-1709.9092,-2456.4551,7092.2673,4776051.1212,4008118.7025,2535978.1688,-1709.8897,-2456.4395,7092.2344,0.0,0.0765,3.9732,0.0,0.0,1.0,0.0,1.0,0.0,0.0,-4.1,-36.453,0.0,0.0,-1.0,-0.7071,0.7071,0.0,13.69911938775628,0.015811388300841896,-0.354055,1.9703382126295976,12.485889830947114,,
37.825,70.804,5.094,-12.714,66.876,4.917,-12.133,-0.038,-0.009,0.013,-0.038,-0.008,0.016,19.937,8.776,-3.623,-2.363,0.15,0.366,0.0,0.0,-0.042,880.341,-0.0,0.0,-0.0,0.0,0.0,-1.0,0.0,0.0,0.8899,0.3621,-0.2775,-0.4352,0.8562,-0.2783,0.1368,0.3684,0.9195,0.669,0.7326,-0.1252,-0.7377,0.634,-0.2321,-0.0907,0.2476,0.9646,0.0,0.0,-0.0418,0.0,0.0,0.0,-0.0196,-0.0156,0.0329,23.2505,26.3045,-101.8462,0.0,0.0435,-0.3736,0.0,0.0,0.0,4775727.8458,4007647.2622,2537313.034,-1711.1738,-2457.5163,7091.5956,4775704.5953,4007620.9577,2537414.8802,-1711.1543,-2457.5007,7091.5627,0.0,0.0765,3.9732,0.0,0.0,1.0,0.0,1.0,0.0,0.0,-4.1,-36.453,0.0,0.0,-1.0,-0.7071,0.7071,0.0,13.696518973812289,0.015811388300841896,-0.35402,1.9500221435595952,12.484655542082155,,
38.0314,70.796,5.092,-12.711,66.869,4.916,-12.13,-0.038,-0.009,0.013,-0.038,-0.008,0.016,19.444,8.776,-3.623,-2.363,0.15,0.366,0.0,0.0,-0.042,880.341,-0.0,0.0,-0.0,0.0,0.0,-1.0,0.0,0.0,0.8929,0.3545,-0.2775,-0.4279,0.8599,-0.2783,0.14,0.3672,0.9195,0.669,0.7326,-0.1252,-0.7377,0.634,-0.2321,-0.0907,0.2476,0.9646,0.0,0.0,-0.0418,0.0,0.0,0.0,-0.0196,-0.0156,0.0329,23.2468,26.3011,-101.8394,0.0,0.0435,-0.3736,0.0,0.0,0.0,4775375.2253,4007140.921,2538773.7771,-1712.4596,-2458.5953,7090.9122,4775351.9785,4007114.6199,2538875.6165,-1712.44,-2458.5797,7090.8794,0.0,0.0765,3.9732,0.0,0.0,1.0,0.0,1.0,0.0,0.0,-4.1,-36.453,0.0,0.0,-1.0,-0.7071,0.7071,0.0,13.692990360034582,0.015811388300841896,-0.35398,1.9571111245876225,12.483244926236488,,
38.2328,70.788,5.09,-12.709,66.861,4.914,-12.127,-0.038,-0.009,0.013,-0.038,-0.008,0.016,18.961,8.776,-3.623,-2.363,0.15,0.366,0.0,0.0,-0.042,880.341,-0.0,0.0,-0.0,0.0,0.0,-1.0,0.0,0.0,0.8959,0.3469,-0.2775,-0.4206,0.8635,-0.2783,0.143,0.3661,0.9195,0.669,0.7326,-0.1252,-0.7377,0.634,-0.2321,-0.0907,0.2476,0.9646,0.0,0.0,-0.0418,0.0,0.0,0.0,-0.0196,-0.0157,0.0329,23.2432,26.2978,-101.8327,0.0,0.0435,-0.3736,0.0,0.0,0.0,4775030.0368,4006645.4056,2540202.5346,-1713.7173,-2459.6506,7090.2434,4775006.7937,4006619.1078,2540304.3673,-1713.6977,-2459.6349,7090.2105,0.0,0.0765,3.9732,0.0,0.0,1.0,0.0,1.0,0.0,0.0,-4.1,-36.453,0.0,0.0,-1.0,-0.7071,0.7071,0.0,13.69039009670652,0.015811388300841896,-0.35394,1.945549026518096,12.481834310390818,,
38.4381,70.78,5.088,-12.706,66.853,4.912,-12.124,-0.038,-0.009,0.013,-0.038,-0.008,0.016,18.468,8.776,-3.623,-2.363,0.15,0.366,0.0,0.0,-0.042,880.341,-0.0,0.0,-0.0,0.0,0.0,-1.0,0.0,0.0,0.8989,0.3392,-0.2775,-0.4131,0.8671,-0.2783,0.1462,0.3648,0.9195,0.669,0.7326,-0.1252,-0.7377,0.634,-0.2321,-0.0907,0.2476,0.9646,0.0,0.0,-0.0418,0.0,0.0,0.0,-0.0196,-0.0157,0.0329,23.2394,26.2944,-101.8259,0.0,0.0435,-0.3736,0.0,0.0,0.0,4774676.9038,4006138.642,2541662.9516,-1715.0028,-2460.7293,7089.5593,4774653.6644,4006112.3476,2541764.7774,-1714.9832,-2460.7136,7089.5264,0.0,0.0765,3.9732,0.0,0.0,1.0,0.0,1.0,0.0,0.0,-4.1,-36.453,0.0,0.0,-1.0,-0.7071,0.7071,0.0,13.686861583284898,0.015811388300841896,-0.3539,1.9438429269569455,12.48042369454515,,
38.6409,70.773,5.087,-12.703,66.846,4.911,-12.12,-0.038,-0.009,0.013,-0.038,-0.008,0.016,17.983,8.776,-3.623,-2.363,0.15,0.366,0.0,0.0,-0.042,880.341,-0.0,0.0,-0.0,0.0,0.0,-1.0,0.0,0.0,0.9017,0.3316,-0.2775,-0.4058,0.8706,-0.2783,0.1493,0.3636,0.9195,0.669,0.7326,-0.1252,-0.7377,0.634,-0.2321,-0.0907,0.2476,0.9646,0.0,0.0,-0.0418,0.0,0.0,0.0,-0.0196,-0.0157,0.033,23.2358,26.2911,-101.8191,0.0,0.0435,-0.3736,0.0,0.0,0.0,4774329.7802,4005640.6558,2543097.3127,-1716.2655,-2461.7886,7088.887,4774306.5444,4005614.3647,2543199.1319,-1716.2459,-2461.773,7088.854,0.0,0.0765,3.9732,0.0,0.0,1.0,0.0,1.0,0.0,0.0,-4.1,-36.453,0.0,0.0,-1.0,-0.7071,0.7071,0.0,13.68370483458336,0.015811388300841896,-0.353865,1.9322441907113102,12.479189405680192,,
38.8409,70.765,5.085,-12.701,66.838,4.909,-12.117,-0.038,-0.009,0.013,-0.038,-0.008,0.016,17.503,8.776,-3.623,-2.363,0.15,0.366,0.0,0.0,-0.042,880.341,-0.0,0.0,-0.0,0.0,0.0,-1.0,0.0,0.0,0.9044,0.324,-0.2775,-0.3985,0.8739,-0.2783,0.1523,0.3623,0.9195,0.669,0.7326,-0.1252,-0.7377,0.634,-0.2321,-0.0907,0.2476,0.9646,0.0,0.0,-0.0418,0.0,0.0,0.0,-0.0196,-0.0157,0.033,23.2322,26.2878,-101.8125,0.0,0.0435,-0.3736,0.0,0.0,0.0,4773985.8724,4005147.4327,2544517.2123,-1717.5154,-2462.8373,7088.221,4773962.6401,4005121.1449,2544619.0248,-1717.4958,-2462.8216,7088.188,0.0,0.0765,3.9732,0.0,0.0,1.0,0.0,1.0,0.0,0.0,-4.1,-36.453,0.0,0.0,-1.0,-0.7071,0.7071,0.0,13.681104706857557,0.015811388300841896,-0.353825,1.920803239026627,12.477778789834524,,
39.0556,70.757,5.083,-12.698,66.83,4.908,-12.114,-0.038,-0.009,0.013,-0.038,-0.008,0.016,16.99,8.776,-3.623,-2.363,0.15,0.366,0.0,0.0,-0.042,880.341,-0.0,0.0,-0.0,0.0,0.0,-1.0,0.0,0.0,0.9073,0.3159,-0.2775,-0.3906,0.8775,-0.2783,0.1556,0.3609,0.9195,0.669,0.7326,-0.1252,-0.7377,0.634,-0.2321,-0.0907,0.2476,0.9646,0.0,0.0,-0.0418,0.0,0.0,0.0,-0.0196,-0.0157,0.033,23.2284,26.2843,-101.8053,0.0,0.0435,-0.3736,0.0,0.0,0.0,4773617.3724,4004619.1057,2546037.3518,-1718.8536,-2463.96,7087.5075,4773594.144,4004592.8214,2546139.1571,-1718.834,-2463.9443,7087.4744,0.0,0.0765,3.9732,0.0,0.0,1.0,0.0,1.0,0.0,0.0,-4.1,-36.453,0.0,0.0,-1.0,-0.7071,0.7071,0.0,13.677576283830406,0.015811388300841896,-0.353785,1.9301954345754064,12.476368173988858,,
39.2593,70.749,5.081,-12.695,66.822,4.906,-12.111,-0.038,-0.009,0.013,-0.038,-0.008,0.016,16.504,8.776,-3.623,-2.363,0.15,0.366,0.0,0.0,-0.042,880.341,-0.0,0.0,-0.0,0.0,0.0,-1.0,0.0,0.0,0.91,0.3082,-0.2775,-0.3832,0.8807,-0.2783,0.1586,0.3596,0.9195,0.669,0.7326,-0.1252,-0.7377,0.634,-0.2321,-0.0907,0.2476,0.9646,0.0,0.0,-0.0418,0.0,0.0,0.0,-0.0196,-0.0157,0.033,23.2247,26.281,-101.7986,0.0,0.0435,-0.3736,0.0,0.0,0.0,4773268.9772,4004119.7599,2547473.3267,-1720.1178,-2465.0205,7086.833,4773245.7525,4004093.479,2547575.1253,-1720.0982,-2465.0048,7086.7999,0.0,0.0765,3.9732,0.0,0.0,1.0,0.0,1.0,0.0,0.0,-4.1,-36.453,0.0,0.0,-1.0,-0.7071,0.7071,0.0,13.674047901042325,0.015811388300841896,-0.353745,1.9284902731119553,12.474957558143188,,
39.4635,70.741,5.079,-12.693,66.815,4.904,-12.107,-0.038,-0.009,0.013,-0.038,-0.008,0.016,16.013,8.776,-3.623,-2.363,0.15,0.366,0.0,0.0,-0.042,880.341,-0.0,0.0,-0.0,0.0,0.0,-1.0,0.0,0.0,0.9126,0.3004,-0.2775,-0.3756,0.884,-0.2783,0.1617,0.3582,0.9195,0.669,0.7326,-0.1252,-0.7377,0.634,-0.2321,-0.0907,0.2476,0.9646,0.0,0.0,-0.0418,0.0,0.0,0.0,-0.0196,-0.0157,0.0331,23.2211,26.2776,-101.7917,0.0,0.0435,-0.3736,0.0,0.0,0.0,4772916.206,4003614.2972,2548926.1249,-1721.3968,-2466.0933,7086.1502,4772892.9849,4003588.0196,2549027.9167,-1721.3771,-2466.0776,7086.1171,0.0,0.0765,3.9732,0.0,0.0,1.0,0.0,1.0,0.0,0.0,-4.1,-36.453,0.0,0.0,-1.0,-0.7071,0.7071,0.0,13.671447984760064,0.015811388300841896,-0.353705,1.9050527778231614,12.47354694229752,,
39.6675,70.734,5.078,-12.69,66.807,4.903,-12.104,-0.038,-0.009,0.013,-0.038,-0.008,0.016,15.524,8.776,-3.623,-2.363,0.15,0.366,0.0,0.0,-0.042,880.341,-0.0,0.0,-0.0,0.0,0.0,-1.0,0.0,0.0,0.9151,0.2926,-0.2775,-0.3681,0.8872,-0.2783,0.1647,0.3568,0.9195,0.669,0.7326,-0.1252,-0.7377,0.634,-0.2321,-0.0907,0.2476,0.9646,0.0,0.0,-0.0418,0.0,0.0,0.0,-0.0196,-0.0157,0.0331,23.2174,26.2743,-101.7849,0.0,0.0435,-0.3736,0.0,0.0,0.0,4772564.7138,4003110.8224,2550372.4437,-1722.6701,-2467.1614,7085.47,4772541.4964,4003084.5481,2550474.2286,-1722.6504,-2467.1457,7085.4369,0.0,0.0765,3.9732,0.0,0.0,1.0,0.0,1.0,0.0,0.0,-4.1,-36.453,0.0,0.0,-1.0,-0.7071,0.7071,0.0,13.66829118800152,0.015811388300841896,-0.35367,1.9058360509946817,12.47231265343256,,
39.8709,70.726,5.076,-12.687,66.799,4.901,-12.101,-0.038,-0.009,0.013,-0.038,-0.008,0.016,15.037,8.776,-3.623,-2.363,0.15,0.366,0.0,0.0,-0.042,880.341,-0.0,0.0,-0.0,0.0,0.0,-1.0,0.0,0.0,0.9175,0.2848,-0.2775,-0.3605,0.8903,-0.2783,0.1678,0.3554,0.9195,0.669,0.7326,-0.1252,-0.7377,0.634,-0.2321,-0.0907,0.2476,0.9646,0.0,0.0,-0.0418,0.0,0.0,0.0,-0.0197,-0.0157,0.0331,23.2137,26.2709,-101.7781,0.0,0.0435,-0.3736,0.0,0.0,0.0,4772214.3029,4002609.0492,2551813.1117,-1723.9385,-2468.2252,7084.792,4772191.0892,4002582.7782,2551914.8898,-1723.9188,-2468.2095,7084.7588,0.0,0.0765,3.9732,0.0,0.0,1.0,0.0,1.0,0.0,0.0,-4.1,-36.453,0.0,0.0,-1.0,-0.7071,0.7071,0.0,13.664762895857358,0.015811388300841896,-0.35363,1.9041317117822008,12.470902037586894,,
40.0735,70.718,5.074,-12.685,66.792,4.9,-12.098,-0.038,-0.009,0.013,-0.038,-0.008,0.016,14.551,8.776,-3.623,-2.363,0.15,0.366,0.0,0.0,-0.042,880.341,-0.0,0.0,-0.0,0.0,0.0,-1.0,0.0,0.0,0.9199,0.277,-0.2775,-0.353,0.8933,-0.2783,0.1708,0.354,0.9195,0.669,0.7326,-0.1252,-0.7377,0.634,-0.2321,-0.0907,0.2476,0.9646,0.0,0.0,-0.0418,0.0,0.0,0.0,-0.0197,-0.0157,0.0331,23.2101,26.2676,-101.7713,0.0,0.0435,-0.3736,0.0,0.0,0.0,4771864.6277,4002108.4817,2553249.562,-1725.2031,-2469.2859,7084.1155,4771841.4176,4002082.2141,2553351.3333,-1725.1835,-2469.2702,7084.0823,0.0,0.0765,3.9732,0.0,0.0,1.0,0.0,1.0,0.0,0.0,-4.1,-36.453,0.0,0.0,-1.0,-0.7071,0.7071,0.0,13.662163115700237,0.015811388300841896,-0.35359,1.9022566360469417,12.469491421741226,,
40.2755,70.71,5.072,-12.682,66.784,4.898,-12.094,-0.038,-0.009,0.013,-0.038,-0.008,0.016,14.069,8.776,-3.623,-2.363,0.15,0.366,0.0,0.0,-0.042,880.341,-0.0,0.0,-0.0,0.0,0.0,-1.0,0.0,0.0,0.9222,0.2693,-0.2775,-0.3454,0.8962,-0.2783,0.1737,0.3525,0.9195,0.669,0.7326,-0.1252,-0.7377,0.634,-0.2321,-0.0907,0.2476,0.9646,0.0,0.0,-0.0418,0.0,0.0,0.0,-0.0197,-0.0158,0.0332,23.2065,26.2643,-101.7646,0.0,0.0435,-0.3736,0.0,0.0,0.0,4771516.8076,4001610.7209,2554677.2117,-1726.4601,-2470.3401,7083.4427,4771493.6012,4001584.4565,2554778.9763,-1726.4404,-2470.3244,7083.4095,0.0,0.0765,3.9732,0.0,0.0,1.0,0.0,1.0,0.0,0.0,-4.1,-36.453,0.0,0.0,-1.0,-0.7071,0.7071,0.0,13.658634924471771,0.015811388300841896,-0.35355,1.8906720490200193,12.468080805895557,,
40.4795,70.702,5.071,-12.68,66.776,4.896,-12.091,-0.038,-0.009,0.013,-0.038,-0.008,0.016,13.58,8.776,-3.623,-2.363,0.15,0.366,0.0,0.0,-0.042,880.341,-0.0,0.0,-0.0,0.0,0.0,-1.0,0.0,0.0,0.9245,0.2614,-0.2775,-0.3378,0.8991,-0.2783,0.1767,0.351,0.9195,0.669,0.7326,-0.1252,-0.7377,0.634,-0.2321,-0.0907,0.2476,0.9646,0.0,0.0,-0.0418,0.0,0.0,0.0,-0.0197,-0.0158,0.0332,23.2028,26.261,-101.7578,0.0,0.0435,-0.3736,0.0,0.0,0.0,4771164.5779,4001106.8024,2556121.7644,-1727.732,-2471.4068,7082.7615,4771141.3751,4001080.5414,2556223.5222,-1727.7123,-2471.391,7082.7283,0.0,0.0765,3.9732,0.0,0.0,1.0,0.0,1.0,0.0,0.0,-4.1,-36.453,0.0,0.0,-1.0,-0.7071,0.7071,0.0,13.656406591779552,0.015811388300841896,-0.35351,1.8688090434612972,12.466670190049891,,
40.6831,70.695,5.069,-12.677,66.768,4.895,-12.088,-0.038,-0.009,0.013,-0.038,-0.008,0.016,13.09,8.776,-3.623,-2.363,0.15,0.366,0.0,0.0,-0.042,880.341,-0.0,0.0,-0.0,0.0,0.0,-1.0,0.0,0.0,0.9267,0.2535,-0.2775,-0.3301,0.902,-0.2783,0.1797,0.3495,0.9195,0.669,0.7326,-0.1252,-0.7377,0.634,-0.2321,-0.0907,0.2476,0.9646,0.0,0.0,-0.0418,0.0,0.0,0.0,-0.0197,-0.0158,0.0332,23.1991,26.2576,-101.7509,0.0,0.0435,-0.3736,0.0,0.0,0.0,4770811.3535,4000601.6144,2557569.1904,-1729.0064,-2472.4755,7082.0785,4770788.1544,4000575.3568,2557670.9413,-1728.9867,-2472.4597,7082.0453,0.0,0.0765,3.9732,0.0,0.0,1.0,0.0,1.0,0.0,0.0,-4.1,-36.453,0.0,0.0,-1.0,-0.7071,0.7071,0.0,13.652878451081294,0.015811388300841896,-0.353475,1.880445251821705,12.46543590118493,,
40.8864,70.687,5.067,-12.674,66.761,4.893,-12.085,-0.038,-0.009,0.013,-0.038,-0.008,0.016,12.605,8.776,-3.623,-2.363,0.15,0.366,0.0,0.0,-0.042,880.341,-0.0,0.0,-0.0,0.0,0.0,-1.0,0.0,0.0,0.9288,0.2456,-0.2775,-0.3224,0.9048,-0.2783,0.1827,0.348,0.9195,0.669,0.7326,-0.1252,-0.7377,0.634,-0.2321,-0.0907,0.2476,0.9646,0.0,0.0,-0.0418,0.0,0.0,0.0,-0.0197,-0.0158,0.0332,23.1955,26.2543,-101.7441,0.0,0.0435,-0.3736,0.0,0.0,0.0,4770460.61,4000100.1271,2559005.2569,-1730.2709,-2473.5358,7081.4005,4770437.4146,4000073.8728,2559107.001,-1730.2512,-2473.52,7081.3672,0.0,0.0765,3.9732,0.0,0.0,1.0,0.0,1.0,0.0,0.0,-4.1,-36.453,0.0,0.0,-1.0,-0.7071,0.7071,0.0,13.649350350840876,0.015811388300841896,-0.353435,1.8767413851488648,12.464025285339263,,
41.09,70.679,5.065,-12.672,66.753,4.892,-12.081,-0.038,-0.009,0.013,-0.038,-0.008,0.016,12.118,8.776,-3.623,-2.363,0.15,0.366,0.0,0.0,-0.042,880.341,-0.0,0.0,-0.0,0.0,0.0,-1.0,0.0,0.0,0.9309,0.2377,-0.2775,-0.3147,0.9075,-0.2783,0.1856,0.3464,0.9195,0.669,0.7326,-0.1252,-0.7377,0.634,-0.2321,-0.0907,0.2476,0.9646,0.0,0.0,-0.0418,0.0,0.0,0.0,-0.0197,-0.0158,0.0333,23.1918,26.251,-101.7373,0.0,0.0435,-0.3736,0.0,0.0,0.0,4770108.891,3999597.3973,2560444.1271,-1731.5378,-2474.5981,7080.7206,4770085.6992,3999571.1463,2560545.8644,-1731.5181,-2474.5823,7080.6873,0.0,0.0765,3.9732,0.0,0.0,1.0,0.0,1.0,0.0,0.0,-4.1,-36.453,0.0,0.0,-1.0,-0.7071,0.7071,0.0,13.646750858720914,0.015811388300841896,-0.353395,1.8677798815840072,12.462614669493597,,
41.294,70.671,5.063,-12.669,66.745,4.89,-12.078,-0.039,-0.009,0.013,-0.038,-0.008,0.016,11.632,8.776,-3.623,-2.363,0.15,0.366,0.0,0.0,-0.042,880.341,-0.0,0.0,-0.0,0.0,0.0,-1.0,0.0,0.0,0.9328,0.2298,-0.2775,-0.307,0.9101,-0.2783,0.1886,0.3448,0.9195,0.669,0.7326,-0.1252,-0.7377,0.634,-0.2321,-0.0907,0.2476,0.9646,0.0,0.0,-0.0418,0.0,0.0,0.0,-0.0197,-0.0158,0.0333,23.1881,26.2476,-101.7305,0.0,0.0435,-0.3736,0.0,0.0,0.0,4769757.9059,3999095.8677,2561878.8081,-1732.8011,-2475.6573,7080.0423,4769734.7177,3999069.6201,2561980.5385,-1732.7814,-2475.6415,7080.009,0.0,0.0765,3.9732,0.0,0.0,1.0,0.0,1.0,0.0,0.0,-4.1,-36.453,0.0,0.0,-1.0,-0.7071,0.7071,0.0,13.6432228597205,0.015811388300841896,-0.35335500000000003,1.8660818335212461,12.46120405364793,,
41.4963,70.663,5.062,-12.666,66.737,4.888,-12.075,-0.039,-0.009,0.013,-0.038,-0.008,0.016,11.139,8.776,-3.623,-2.363,0.15,0.366,0.0,0.0,-0.042,880.341,-0.0,0.0,-0.0,0.0,0.0,-1.0,0.0,0.0,0.9348,0.2218,-0.2775,-0.2992,0.9127,-0.2783,0.1915,0.3432,0.9195,0.669,0.7326,-0.1252,-0.7377,0.634,-0.2321,-0.0907,0.2476,0.9646,0.0,0.0,-0.0418,0.0,0.0,0.0,-0.0197,-0.0158,0.0333,23.1844,26.2443,-101.7235,0.0,0.0435,-0.3736,0.0,0.0,0.0,4769400.875,3998585.8543,2563336.9887,-1734.0852,-2476.7339,7079.3524,4769377.6905,3998559.61,2563438.7123,-1734.0654,-2476.718,7079.3191,0.0,0.0765,3.9732,0.0,0.0,1.0,0.0,1.0,0.0,0.0,-4.1,-36.453,0.0,0.0,-1.0,-0.7071,0.7071,0.0,13.640065982245101,0.015811388300841896,-0.353315,1.8533526553315705,12.45979343780226,,
41.6964,70.656,5.06,-12.664,66.73,4.887,-12.072,-0.039,-0.009,0.013,-0.038,-0.008,0.016,10.664,8.776,-3.623,-2.363,0.15,0.366,0.0,0.0,-0.042,880.341,-0.0,0.0,-0.0,0.0,0.0,-1.0,0.0,0.0,0.9366,0.214,-0.2775,-0.2916,0.9152,-0.2783,0.1944,0.3416,0.9195,0.669,0.7326,-0.1252,-0.7377,0.634,-0.2321,-0.0907,0.2476,0.9646,0.0,0.0,-0.0418,0.0,0.0,0.0,-0.0197,-0.0158,0.0333,23.1808,26.241,-101.7169,0.0,0.0435,-0.3736,0.0,0.0,0.0,4769056.6545,3998094.288,2564741.6933,-1735.3221,-2477.7709,7078.6874,4769033.4736,3998068.047,2564843.4101,-1735.3024,-2477.755,7078.654,0.0,0.0765,3.9732,0.0,0.0,1.0,0.0,1.0,0.0,0.0,-4.1,-36.453,0.0,0.0,-1.0,-0.7071,0.7071,0.0,13.63746662690692,0.015811388300841896,-0.35328000000000004,1.8541385507803647,12.458559148937303,,
41.9089,70.647,5.058,-12.661,66.722,4.885,-12.068,-0.039,-0.009,0.013,-0.038,-0.008,0.016,10.155,8.776,-3.623,-2.363,0.15,0.366,0.0,0.0,-0.042,880.341,-0.0,0.0,-0.0,0.0,0.0,-1.0,0.0,0.0,0.9385,0.2057,-0.2775,-0.2834,0.9177,-0.2783,0.1974,0.3398,0.9195,0.669,0.7326,-0.1252,-0.7377,0.634,-0.2321,-0.0907,0.2476,0.9646,0.0,0.0,-0.0418,0.0,0.0,0.0,-0.0198,-0.0158,0.0334,23.177,26.2376,-101.7097,0.0,0.0435,-0.3736,0.0,0.0,0.0,4768688.1334,3997568.1795,2566244.3094,-1736.6453,-2478.8801,7077.9756,4768664.9564,3997541.942,2566346.0191,-1736.6256,-2478.8643,7077.9422,0.0,0.0765,3.9732,0.0,0.0,1.0,0.0,1.0,0.0,0.0,-4.1,-36.453,0.0,0.0,-1.0,-0.7071,0.7071,0.0,13.633938719240305,0.015811388300841896,-0.353235,1.8411447790444744,12.456972206110926,,
42.114,70.639,5.056,-12.658,66.714,4.883,-12.065,-0.039,-0.009,0.013,-0.038,-0.008,0.016,9.663,8.776,-3.623,-2.363,0.15,0.366,0.0,0.0,-0.042,880.341,-0.0,0.0,-0.0,0.0,0.0,-1.0,0.0,0.0,0.9402,0.1976,-0.2775,-0.2755,0.9201,-0.2783,0.2003,0.3381,0.9195,0.669,0.7326,-0.1252,-0.7377,0.634,-0.2321,-0.0907,0.2476,0.9646,0.0,0.0,-0.0418,0.0,0.0,0.0,-0.0198,-0.0159,0.0334,23.1733,26.2342,-101.7028,0.0,0.0435,-0.3736,0.0,0.0,0.0,4768331.2699,3997058.8708,2567698.1582,-1737.9256,-2479.9534,7077.2864,4768308.0966,3997032.6366,2567799.861,-1737.9059,-2479.9375,7077.2529,0.0,0.0765,3.9732,0.0,0.0,1.0,0.0,1.0,0.0,0.0,-4.1,-36.453,0.0,0.0,-1.0,-0.7071,0.7071,0.0,13.63041085220838,0.015811388300841896,-0.353195,1.8394487878553263,12.455561590265257,,
42.3193,70.632,5.055,-12.656,66.706,4.882,-12.062,-0.039,-0.009,0.013,-0.038,-0.008,0.016,9.173,8.776,-3.623,-2.363,0.15,0.366,0.0,0.0,-0.042,880.341,-0.0,0.0,-0.0,0.0,0.0,-1.0,0.0,0.0,0.9418,0.1896,-0.2775,-0.2677,0.9224,-0.2783,0.2032,0.3364,0.9195,0.669,0.7326,-0.1252,-0.7377,0.634,-0.2321,-0.0907,0.2476,0.9646,0.0,0.0,-0.0418,0.0,0.0,0.0,-0.0198,-0.0159,0.0334,23.1696,26.2309,-101.6958,0.0,0.0435,-0.3736,0.0,0.0,0.0,4767975.5247,3996551.3125,2569146.2454,-1739.2009,-2481.0223,7076.5994,4767952.355,3996525.0817,2569247.9413,-1739.1811,-2481.0065,7076.566,0.0,0.0765,3.9732,0.0,0.0,1.0,0.0,1.0,0.0,0.0,-4.1,-36.453,0.0,0.0,-1.0,-0.7071,0.7071,0.0,13.628182600772563,0.015811388300841896,-0.35316000000000003,1.8313281042362772,12.4543273014003,,
42.5202,70.624,5.053,-12.653,66.698,4.88,-12.058,-0.039,-0.009,0.013,-0.038,-0.008,0.016,8.691,8.776,-3.623,-2.363,0.15,0.366,0.0,0.0,-0.042,880.341,-0.0,0.0,-0.0,0.0,0.0,-1.0,0.0,0.0,0.9434,0.1817,-0.2775,-0.2599,0.9247,-0.2783,0.206,0.3347,0.9195,0.669,0.7326,-0.1252,-0.7377,0.634,-0.2321,-0.0907,0.2476,0.9646,0.0,0.0,-0.0418,0.0,0.0,0.0,-0.0198,-0.0159,0.0335,23.166,26.2276,-101.689,0.0,0.0435,-0.3736,0.0,0.0,0.0,4767625.7466,3996052.4172,2570568.8712,-1740.4537,-2482.0725,7075.9241,4767602.5807,3996026.1896,2570670.5602,-1740.434,-2482.0566,7075.8907,0.0,0.0765,3.9732,0.0,0.0,1.0,0.0,1.0,0.0,0.0,-4.1,-36.453,0.0,0.0,-1.0,-0.7071,0.7071,0.0,13.62465478461748,0.015811388300841896,-0.35312,1.820333685675481,12.45291668555463,,
42.7348,70.615,5.051,-12.65,66.69,4.878,-12.055,-0.039,-0.009,0.013,-0.038,-0.008,0.016,8.179,8.776,-3.623,-2.363,0.15,0.366,0.0,0.0,-0.042,880.341,-0.0,0.0,-0.0,0.0,0.0,-1.0,0.0,0.0,0.945,0.1732,-0.2775,-0.2516,0.9269,-0.2783,0.209,0.3328,0.9195,0.669,0.7326,-0.1252,-0.7377,0.634,-0.2321,-0.0907,0.2476,0.9646,0.0,0.0,-0.0418,0.0,0.0,0.0,-0.0198,-0.0159,0.0335,23.1621,26.2241,-101.6818,0.0,0.0435,-0.3736,0.0,0.0,0.0,4767253.269,3995521.3073,2572082.5474,-1741.7868,-2483.1898,7075.2051,4767230.1069,3995495.0832,2572184.2292,-1741.767,-2483.1739,7075.1717,0.0,0.0765,3.9732,0.0,0.0,1.0,0.0,1.0,0.0,0.0,-4.1,-36.453,0.0,0.0,-1.0,-0.7071,0.7071,0.0,13.621127009172184,0.015811388300841896,-0.35307499999999997,1.8168128487838642,12.451329742728253,,
42.9355,70.608,5.049,-12.648,66.683,4.877,-12.052,-0.039,-0.009,0.013,-0.038,-0.008,0.016,7.697,8.776,-3.623,-2.363,0.15,0.366,0.0,0.0,-0.042,880.341,-0.0,0.0,-0.0,0.0,0.0,-0.948,0.0,0.0,0.9464,0.1653,-0.2775,-0.2438,0.929,-0.2783,0.2118,0.3311,0.9195,0.669,0.7326,-0.1252,-0.7377,0.634,-0.2321,-0.0907,0.2476,0.9646,0.0,0.0,-0.0418,0.0,0.0,0.0,-0.0198,-0.0159,0.0335,23.1585,26.2208,-101.675,0.0,0.0435,-0.3736,0.0,0.0,0.0,4766902.6808,3995021.5626,2573506.071,-1743.0405,-2484.2405,7074.5285,4766879.5223,3994995.3418,2573607.746,-1743.0207,-2484.2246,7074.495,0.0,0.0765,3.9732,0.0,0.0,1.0,0.0,1.0,0.0,0.0,-4.1,-36.453,0.0,0.0,-1.0,-0.7071,0.7071,0.0,13.61852800415669,0.015811388300841896,-0.35304,1.818273811107575,12.450095453863296,,
43.1429,70.6,5.048,-12.645,66.674,4.875,-12.048,-0.039,-0.009,0.013,-0.038,-0.008,0.016,7.201,8.776,-3.623,-2.274,0.144,0.352,-0.0,0.0,-0.04,880.319,-0.0,0.0,-0.0,0.0,0.0,-0.883,0.0,0.0,0.9478,0.157,-0.2775,-0.2358,0.9311,-0.2783,0.2147,0.3292,0.9195,0.669,0.7326,-0.1252,-0.7377,0.634,-0.2321,-0.0907,0.2476,0.9646,-0.0,0.0,-0.0402,0.0,0.0,0.0,-0.0198,-0.0159,0.0335,23.1547,26.2173,-101.6678,0.0,0.0435,-0.3736,0.0,0.0,0.0,4766534.8249,3994497.363,2574998.4624,-1744.3549,-2485.342,7073.8187,4766511.6702,3994471.1457,2575100.1302,-1744.3351,-2485.3261,7073.7851,0.0,0.0765,3.9732,0.0,0.0,1.0,0.0,1.0,0.0,0.0,-4.1,-36.453,0.0,0.0,-1.0,-0.7071,0.7071,0.0,13.615371056273126,0.015811388300841896,-0.353,1.7980103822567193,12.448684838017627,,
43.3544,70.591,5.046,-12.642,66.666,4.873,-12.045,-0.039,-0.009,0.013,-0.038,-0.008,0.016,6.726,8.776,-3.623,-2.186,0.138,0.338,-0.0,0.0,-0.039,880.297,-0.0,0.0,-0.0,0.0,0.0,0.0,0.0,0.0,0.9491,0.1492,-0.2775,-0.228,0.933,-0.2783,0.2174,0.3274,0.9195,0.669,0.7326,-0.1252,-0.7377,0.634,-0.2321,-0.0907,0.2476,0.9646,-0.0,0.0,-0.0387,0.0,0.0,0.0,-0.0198,-0.0159,0.0336,23.1508,26.2139,-101.6607,0.0,0.0435,-0.3736,0.0,0.0,0.0,4766168.4255,3993975.4006,2576483.6785,-1745.663,-2486.4382,7073.1118,4766145.2747,3993949.1866,2576585.3393,-1745.6432,-2486.4223,7073.0782,0.0,0.0765,3.9732,0.0,0.0,1.0,0.0,1.0,0.0,0.0,-4.1,-36.453,0.0,0.0,-1.0,-0.7071,0.7071,0.0,13.611843372592853,0.015811388300841896,-0.35295499999999996,1.7945064460079792,12.44709789519125,,
43.566,70.583,5.044,-12.639,66.658,4.872,-12.042,-0.039,-0.008,0.013,-0.038,-0.008,0.016,6.267,8.776,-3.623,-2.09,0.132,0.323,-0.0,0.0,-0.037,880.272,-0.0,0.0,-0.0,0.0,0.0,0.0,0.0,0.0,0.9502,0.1416,-0.2775,-0.2206,0.9348,-0.2783,0.22,0.3257,0.9195,0.669,0.7326,-0.1252,-0.7377,0.634,-0.2321,-0.0907,0.2476,0.9646,-0.0,0.0,-0.037,0.0,0.0,0.0,-0.0198,-0.0159,0.0336,23.147,26.2105,-101.6536,0.0,0.0435,-0.3736,0.0,0.0,0.0,4765799.8482,3993450.4973,2577976.4516,-1746.9778,-2487.54,7072.4008,4765776.7012,3993424.2868,2578078.1052,-1746.958,-2487.524,7072.3672,0.0,0.0765,3.9732,0.0,0.0,1.0,0.0,1.0,0.0,0.0,-4.1,-36.453,0.0,0.0,-1.0,-0.7071,0.7071,0.0,13.608315729729377,0.015264337522473748,-0.352915,1.804896150833445,12.445687279345583,,
43.7708,70.575,5.042,-12.637,66.65,4.87,-12.038,-0.039,-0.008,0.013,-0.038,-0.008,0.016,5.838,8.776,-3.623,-2.005,0.127,0.31,-0.0,0.0,-0.035,880.25,-0.0,0.0,-0.0,0.0,0.0,0.0,0.0,0.0,0.9513,0.1345,-0.2775,-0.2135,0.9364,-0.2783,0.2224,0.324,0.9195,0.669,0.7326,-0.1252,-0.7377,0.634,-0.2321,-0.0907,0.2476,0.9646,-0.0,0.0,-0.0355,0.0,0.0,0.0,-0.0198,-0.0159,0.0336,23.1432,26.2071,-101.6465,0.0,0.0435,-0.3736,0.0,0.0,0.0,4765438.1356,3992935.5286,2579440.1846,-1748.267,-2488.6202,7071.7032,4765414.9924,3992909.3215,2579541.8311,-1748.2472,-2488.6043,7071.6696,0.0,0.0765,3.9732,0.0,0.0,1.0,0.0,1.0,0.0,0.0,-4.1,-36.453,0.0,0.0,-1.0,-0.7071,0.7071,0.0,13.605716923411276,0.015264337522473748,-0.352875,1.7857885960897748,12.444276663499917,,
43.9763,70.567,5.04,-12.634,66.642,4.868,-12.035,-0.039,-0.008,0.013,-0.038,-0.008,0.016,5.428,8.776,-3.623,-1.937,0.123,0.3,-0.0,0.0,-0.034,880.235,-0.0,0.0,-0.0,0.0,0.0,0.0,0.0,0.0,0.9522,0.1276,-0.2775,-0.2068,0.938,-0.2783,0.2247,0.3224,0.9195,0.669,0.7326,-0.1252,-0.7377,0.634,-0.2321,-0.0907,0.2476,0.9646,-0.0,0.0,-0.0343,0.0,0.0,0.0,-0.0199,-0.0159,0.0336,23.1394,26.2038,-101.6396,0.0,0.0435,-0.3736,0.0,0.0,0.0,4765079.4378,3992425.0065,2580890.5098,-1749.5445,-2489.6906,7071.0115,4765056.2984,3992398.8027,2580992.1494,-1749.5246,-2489.6746,7070.9779,0.0,0.0765,3.9732,0.0,0.0,1.0,0.0,1.0,0.0,0.0,-4.1,-36.453,0.0,0.0,-1.0,-0.7071,0.7071,0.0,13.60218938259573,0.015264337522473748,-0.35283499999999995,1.784103462416053,12.442866047654247,,
44.187,70.559,5.039,-12.631,66.634,4.867,-12.032,-0.039,-0.008,0.013,-0.038,-0.008,0.016,5.029,8.776,-3.623,-1.84,0.116,0.285,-0.0,0.0,-0.033,880.21,-0.0,0.0,-0.0,0.0,0.0,0.0,0.0,0.0,0.9531,0.121,-0.2775,-0.2003,0.9394,-0.2783,0.227,0.3208,0.9195,0.669,0.7326,-0.1252,-0.7377,0.634,-0.2321,-0.0907,0.2476,0.9646,-0.0,0.0,-0.0326,0.0,0.0,0.0,-0.0199,-0.016,0.0337,23.1356,26.2004,-101.6325,0.0,0.0435,-0.3736,0.0,0.0,0.0,4764715.1326,3991906.6606,2582362.2792,-1750.8409,-2490.7767,7070.3091,4764691.997,3991880.4602,2582463.9117,-1750.821,-2490.7608,7070.2755,0.0,0.0765,3.9732,0.0,0.0,1.0,0.0,1.0,0.0,0.0,-4.1,-36.453,0.0,0.0,-1.0,-0.7071,0.7071,0.0,13.599032392049075,0.015264337522473748,-0.35279499999999997,1.7830623759242692,12.44145543180858,,
44.3932,70.551,5.037,-12.628,66.626,4.865,-12.028,-0.039,-0.008,0.013,-0.039,-0.008,0.016,4.649,8.776,-3.623,-1.766,0.112,0.273,-0.0,0.0,-0.031,880.192,-0.0,0.0,-0.0,0.0,0.0,0.0,0.0,0.0,0.9539,0.1147,-0.2775,-0.1941,0.9407,-0.2783,0.2291,0.3193,0.9195,0.669,0.7326,-0.1252,-0.7377,0.634,-0.2321,-0.0907,0.2476,0.9646,-0.0,0.0,-0.0313,0.0,0.0,0.0,-0.0199,-0.016,0.0337,23.1317,26.197,-101.6254,0.0,0.0435,-0.3736,0.0,0.0,0.0,4764350.7597,3991388.3756,2583833.0873,-1752.1364,-2491.8621,7069.6067,4764327.6279,3991362.1786,2583934.7127,-1752.1166,-2491.8462,7069.5731,0.0,0.0765,3.9732,0.0,0.0,1.0,0.0,1.0,0.0,0.0,-4.1,-36.453,0.0,0.0,-1.0,-0.7071,0.7071,0.0,13.595504882129239,0.015264337522473748,-0.352755,1.7725662716934802,12.440044815962914,,
44.6019,70.543,5.035,-12.626,66.618,4.863,-12.025,-0.039,-0.008,0.014,-0.039,-0.008,0.016,4.285,8.776,-3.623,-1.68,0.106,0.26,-0.0,0.0,-0.03,880.171,-0.0,0.0,-0.0,0.0,0.0,0.0,0.0,0.0,0.9546,0.1086,-0.2775,-0.1881,0.9419,-0.2783,0.2311,0.3179,0.9195,0.669,0.7326,-0.1252,-0.7377,0.634,-0.2321,-0.0907,0.2476,0.9646,-0.0,0.0,-0.0297,0.0,0.0,0.0,-0.0199,-0.016,0.0337,23.1278,26.1936,-101.6183,0.0,0.0435,-0.3736,0.0,0.0,0.0,4763985.6292,3990869.1706,2585305.7165,-1753.4336,-2492.9488,7068.903,4763962.5013,3990842.977,2585407.3348,-1753.4137,-2492.9329,7068.8693,0.0,0.0765,3.9732,0.0,0.0,1.0,0.0,1.0,0.0,0.0,-4.1,-36.453,0.0,0.0,-1.0,-0.7071,0.7071,0.0,13.59290627496563,0.0161245154965971,-0.35271500000000006,1.7626145125010857,12.438634200117246,,
44.8078,70.535,5.033,-12.623,66.61,4.861,-12.022,-0.039,-0.008,0.014,-0.039,-0.008,0.016,3.945,8.776,-3.623,-1.591,0.101,0.246,-0.0,0.0,-0.028,880.149,-0.0,0.0,-0.0,0.0,0.0,0.0,0.0,0.0,0.9552,0.103,-0.2775,-0.1825,0.943,-0.2783,0.233,0.3165,0.9195,0.669,0.7326,-0.1252,-0.7377,0.634,-0.2321,-0.0907,0.2476,0.9646,-0.0,0.0,-0.0282,0.0,0.0,0.0,-0.0199,-0.016,0.0337,23.124,26.1903,-101.6114,0.0,0.0435,-0.3736,0.0,0.0,0.0,4763624.6708,3990356.0539,2586760.305,-1754.715,-2494.0222,7068.2074,4763601.5468,3990329.8636,2586861.9163,-1754.6951,-2494.0062,7068.1737,0.0,0.0765,3.9732,0.0,0.0,1.0,0.0,1.0,0.0,0.0,-4.1,-36.453,0.0,0.0,-1.0,-0.7071,0.7071,0.0,13.589378867336062,0.0161245154965971,-0.35267499999999996,1.760933119505035,12.437223584271576,,
45.0092,70.527,5.032,-12.62,66.603,4.86,-12.019,-0.039,-0.008,0.014,-0.039,-0.008,0.016,3.63,8.776,-3.623,-1.485,0.094,0.23,-0.0,0.0,-0.026,880.12,-0.0,0.0,-0.0,0.0,0.0,-0.167,0.0,0.0,0.9557,0.0977,-0.2775,-0.1773,0.944,-0.2783,0.2347,0.3152,0.9195,0.669,0.7326,-0.1252,-0.7377,0.634,-0.2321,-0.0907,0.2476,0.9646,-0.0,0.0,-0.0263,0.0,0.0,0.0,-0.0199,-0.016,0.0338,23.1202,26.187,-101.6045,0.0,0.0435,-0.3736,0.0,0.0,0.0,4763271.9019,3989854.7279,2588180.7273,-1755.9662,-2495.0703,7067.5278,4763248.7816,3989828.5408,2588282.3318,-1755.9463,-2495.0543,7067.494,0.0,0.0765,3.9732,0.0,0.0,1.0,0.0,1.0,0.0,0.0,-4.1,-36.453,0.0,0.0,-1.0,-0.7071,0.7071,0.0,13.586221844206724,0.0161245154965971,-0.35263500000000003,1.7580080228041495,12.435812968425909,,
45.2119,70.519,5.03,-12.617,66.595,4.858,-12.015,-0.039,-0.008,0.014,-0.039,-0.008,0.016,3.322,8.776,-3.623,-1.512,0.096,0.234,-0.0,0.0,-0.027,880.102,-0.0,0.0,-0.0,0.0,0.0,-1.0,0.0,0.0,0.9563,0.0926,-0.2775,-0.1722,0.9449,-0.2783,0.2364,0.3139,0.9195,0.669,0.7326,-0.1252,-0.7377,0.634,-0.2321,-0.0907,0.2476,0.9646,-0.0,0.0,-0.0268,0.0,0.0,0.0,-0.0199,-0.016,0.0338,23.1164,26.1837,-101.5975,0.0,0.0435,-0.3735,0.0,0.0,0.0,4762911.8132,3989343.1496,2589629.4393,-1757.2424,-2496.1393,7066.8341,4762888.6968,3989316.9658,2589731.0369,-1757.2225,-2496.1233,7066.8003,0.0,0.0765,3.9732,0.0,0.0,1.0,0.0,1.0,0.0,0.0,-4.1,-36.453,0.0,0.0,-1.0,-0.7071,0.7071,0.0,13.582694467593683,0.0161245154965971,-0.35259500000000005,1.7477049915247629,12.434402352580243,,
45.4237,70.511,5.028,-12.614,66.587,4.856,-12.012,-0.039,-0.008,0.014,-0.039,-0.008,0.016,2.992,8.776,-3.623,-1.581,0.1,0.245,-0.0,0.0,-0.028,880.087,-0.0,0.0,-0.0,0.0,0.0,-1.0,0.0,0.0,0.9568,0.0871,-0.2775,-0.1668,0.9459,-0.2783,0.2382,0.3126,0.9195,0.669,0.7326,-0.1252,-0.7377,0.634,-0.2321,-0.0907,0.2476,0.9646,-0.0,0.0,-0.028,0.0,0.0,0.0,-0.0199,-0.016,0.0338,23.1124,26.1803,-101.5903,0.0,0.0435,-0.3735,0.0,0.0,0.0,4762541.4409,3988817.1212,2591118.2793,-1758.554,-2497.2378,7066.1207,4762518.3285,3988790.9409,2591219.8696,-1758.5341,-2497.2218,7066.0869,0.0,0.0765,3.9732,0.0,0.0,1.0,0.0,1.0,0.0,0.0,-4.1,-36.453,0.0,0.0,-1.0,-0.7071,0.7071,0.0,13.579167132044587,0.0161245154965971,-0.35255499999999995,1.7460258349887081,12.432991736734573,,
45.6317,70.503,5.027,-12.612,66.579,4.855,-12.009,-0.039,-0.008,0.014,-0.039,-0.008,0.016,2.649,8.776,-3.623,-1.654,0.105,0.256,-0.0,0.0,-0.029,880.071,-0.0,0.0,-0.0,0.0,0.0,-1.0,0.0,0.0,0.9573,0.0813,-0.2775,-0.1611,0.9469,-0.2783,0.2401,0.3111,0.9195,0.669,0.7326,-0.1252,-0.7377,0.634,-0.2321,-0.0907,0.2476,0.9646,-0.0,0.0,-0.0293,0.0,0.0,0.0,-0.0199,-0.016,0.0338,23.1085,26.1769,-101.5832,0.0,0.0435,-0.3735,0.0,0.0,0.0,4762173.6642,3988294.9385,2592595.4386,-1759.8554,-2498.3277,7065.4125,4762150.5558,3988268.7615,2592697.0219,-1759.8354,-2498.3117,7065.3787,0.0,0.0765,3.9732,0.0,0.0,1.0,0.0,1.0,0.0,0.0,-4.1,-36.453,0.0,0.0,-1.0,-0.7071,0.7071,0.0,13.576939014372865,0.0161245154965971,-0.352515,1.7369221063366345,12.431581120888906,,
45.8435,70.495,5.025,-12.609,66.57,4.853,-12.006,-0.039,-0.008,0.014,-0.039,-0.008,0.016,2.292,8.776,-3.623,-1.723,0.109,0.266,-0.0,0.0,-0.03,880.056,-0.0,0.0,-0.0,0.0,0.0,-1.0,0.0,0.0,0.9578,0.0754,-0.2775,-0.1552,0.9479,-0.2783,0.242,0.3096,0.9195,0.669,0.7326,-0.1252,-0.7377,0.634,-0.2321,-0.0907,0.2476,0.9646,-0.0,0.0,-0.0305,0.0,0.0,0.0,-0.0199,-0.016,0.0339,23.1046,26.1735,-101.5761,0.0,0.0435,-0.3735,0.0,0.0,0.0,4761807.0033,3987774.4969,2594066.883,-1761.1517,-2499.4134,7064.7065,4761783.8987,3987748.3234,2594168.4591,-1761.1318,-2499.3973,7064.6727,0.0,0.0765,3.9732,0.0,0.0,1.0,0.0,1.0,0.0,0.0,-4.1,-36.453,0.0,0.0,-1.0,-0.7071,0.7071,0.0,13.573411730290953,0.0161245154965971,-0.35247500000000004,1.7371214738158778,12.43017050504324,,
46.0554,70.486,5.023,-12.606,66.562,4.851,-12.002,-0.039,-0.008,0.013,-0.039,-0.008,0.016,1.909,8.776,-3.623,-1.798,0.114,0.278,-0.0,0.0,-0.032,880.039,-0.0,0.0,-0.0,0.0,0.0,-0.714,0.0,0.0,0.9583,0.069,-0.2775,-0.1489,0.9489,-0.2783,0.2441,0.308,0.9195,0.669,0.7326,-0.1252,-0.7377,0.634,-0.2321,-0.0907,0.2476,0.9646,-0.0,0.0,-0.0318,0.0,0.0,0.0,-0.02,-0.0161,0.0339,23.1006,26.17,-101.5688,0.0,0.0435,-0.3735,0.0,0.0,0.0,4761429.1647,3987238.354,2595581.8985,-1762.4865,-2500.5311,7063.9792,4761406.0641,3987212.184,2595683.4673,-1762.4665,-2500.5151,7063.9453,0.0,0.0765,3.9732,0.0,0.0,1.0,0.0,1.0,0.0,0.0,-4.1,-36.453,0.0,0.0,-1.0,-0.7071,0.7071,0.0,13.569884487349183,0.015264337522473748,-0.35243,1.7252552865484685,12.428583562216863,,
46.26,70.478,5.021,-12.603,66.554,4.849,-11.999,-0.039,-0.008,0.014,-0.039,-0.008,0.016,1.545,8.776,-3.623,-1.709,0.108,0.264,-0.0,0.0,-0.03,880.017,-0.0,0.0,-0.0,0.0,0.0,0.0,0.0,0.0,0.9587,0.0629,-0.2775,-0.1428,0.9498,-0.2783,0.2461,0.3065,0.9195,0.669,0.7326,-0.1252,-0.7377,0.634,-0.2321,-0.0907,0.2476,0.9646,-0.0,0.0,-0.0302,0.0,0.0,0.0,-0.02,-0.0161,0.0339,23.0968,26.1667,-101.5618,0.0,0.0435,-0.3735,0.0,0.0,0.0,4761068.401,3986726.5955,2597027.2339,-1763.7598,-2501.5974,7063.2848,4761045.3042,3986700.4288,2597128.7957,-1763.7399,-2501.5814,7063.2509,0.0,0.0765,3.9732,0.0,0.0,1.0,0.0,1.0,0.0,0.0,-4.1,-36.453,0.0,0.0,-1.0,-0.7071,0.7071,0.0,13.566357285579649,0.0161245154965971,-0.35239,1.7235806969356338,12.427172946371194,,
46.4707,70.47,5.019,-12.6,66.546,4.848,-11.996,-0.039,-0.008,0.014,-0.039,-0.008,0.016,1.191,8.776,-3.623,-1.598,0.101,0.247,-0.0,0.0,-0.028,879.987,-0.0,0.0,-0.0,0.0,0.0,0.0,0.0,0.0,0.959,0.0569,-0.2775,-0.137,0.9507,-0.2783,0.2479,0.3049,0.9195,0.669,0.7326,-0.1252,-0.7377,0.634,-0.2321,-0.0907,0.2476,0.9646,-0.0,0.0,-0.0283,0.0,0.0,0.0,-0.02,-0.0161,0.0339,23.0929,26.1633,-101.5546,0.0,0.0435,-0.3735,0.0,0.0,0.0,4760697.5283,3986200.6543,2598511.8342,-1765.0679,-2502.6927,7062.5711,4760674.4354,3986174.491,2598613.3888,-1765.0479,-2502.6766,7062.5371,0.0,0.0765,3.9732,0.0,0.0,1.0,0.0,1.0,0.0,0.0,-4.1,-36.453,0.0,0.0,-1.0,-0.7071,0.7071,0.0,13.562830125014468,0.0161245154965971,-0.35235,1.7344950713250156,12.425762330525526,,
46.6728,70.462,5.018,-12.598,66.538,4.846,-11.992,-0.039,-0.008,0.014,-0.039,-0.008,0.016,0.872,8.776,-3.623,-1.518,0.096,0.235,-0.0,0.0,-0.027,879.968,-0.0,0.0,-0.0,0.0,0.0,0.0,0.0,0.0,0.9593,0.0516,-0.2775,-0.1317,0.9514,-0.2783,0.2496,0.3035,0.9195,0.669,0.7326,-0.1252,-0.7377,0.634,-0.2321,-0.0907,0.2476,0.9646,-0.0,0.0,-0.0269,0.0,0.0,0.0,-0.02,-0.0161,0.034,23.0891,26.16,-101.5477,0.0,0.0435,-0.3735,0.0,0.0,0.0,4760342.478,3985697.3005,2599931.9268,-1766.3191,-2503.7403,7061.8879,4760319.3889,3985671.1405,2600033.4745,-1766.2991,-2503.7242,7061.854,0.0,0.0765,3.9732,0.0,0.0,1.0,0.0,1.0,0.0,0.0,-4.1,-36.453,0.0,0.0,-1.0,-0.7071,0.7071,0.0,13.560602051531488,0.0161245154965971,-0.35231,1.7047538371033624,12.42435171467986,,
46.8801,70.454,5.016,-12.595,66.53,4.844,-11.989,-0.039,-0.008,0.014,-0.039,-0.008,0.016,0.563,8.776,-3.623,-1.439,0.091,0.223,-0.0,0.0,-0.025,879.948,-0.0,0.0,-0.0,0.0,0.0,0.0,0.0,0.0,0.9596,0.0464,-0.2775,-0.1266,0.9521,-0.2783,0.2513,0.3022,0.9195,0.669,0.7326,-0.1252,-0.7377,0.634,-0.2321,-0.0907,0.2476,0.9646,-0.0,0.0,-0.0255,0.0,0.0,0.0,-0.02,-0.0161,0.034,23.0852,26.1567,-101.5406,0.0,0.0435,-0.3735,0.0,0.0,0.0,4759977.0809,3985179.4309,2601392.2104,-1767.6057,-2504.8175,7061.185,4759953.9958,3985153.2742,2601493.751,-1767.5857,-2504.8014,7061.151,0.0,0.0765,3.9732,0.0,0.0,1.0,0.0,1.0,0.0,0.0,-4.1,-36.453,0.0,0.0,-1.0,-0.7071,0.7071,0.0,13.557074942626821,0.0161245154965971,-0.35226999999999997,1.703084698405304,12.42294109883419,,
47.0823,70.446,5.014,-12.592,66.522,4.843,-11.986,-0.039,-0.008,0.014,-0.039,-0.008,0.016,0.273,8.776,-3.623,-1.347,0.085,0.208,-0.0,0.0,-0.024,879.925,-0.0,0.0,-0.0,0.0,0.0,0.0,0.0,0.0,0.9598,0.0416,-0.2775,-0.1217,0.9527,-0.2783,0.2528,0.3009,0.9195,0.669,0.7326,-0.1252,-0.7377,0.634,-0.2321,-0.0907,0.2476,0.9646,-0.0,0.0,-0.0238,0.0,0.0,0.0,-0.02,-0.0161,0.034,23.0813,26.1534,-101.5336,0.0,0.0435,-0.3735,0.0,0.0,0.0,4759614.2311,3984665.3238,2602841.1194,-1768.8824,-2505.8864,7060.487,4759591.1498,3984639.1705,2602942.653,-1768.8624,-2505.8703,7060.453,0.0,0.0765,3.9732,0.0,0.0,1.0,0.0,1.0,0.0,0.0,-4.1,-36.453,0.0,0.0,-1.0,-0.7071,0.7071,0.0,13.553547875003062,0.0161245154965971,-0.35223,1.7141325146523112,12.421530482988523,,
47.2876,70.438,5.013,-12.589,66.514,4.841,-11.983,-0.039,-0.008,0.014,-0.039,-0.008,0.016,0.004,8.776,-3.623,-1.246,0.079,0.193,-0.0,0.0,-0.022,879.899,-0.0,0.0,-0.0,0.0,0.0,0.0,0.0,0.0,0.96,0.0371,-0.2775,-0.1173,0.9533,-0.2783,0.2542,0.2997,0.9195,0.669,0.7326,-0.1252,-0.7377,0.634,-0.2321,-0.0907,0.2476,0.9646,-0.0,0.0,-0.0221,0.0,0.0,0.0,-0.02,-0.0161,0.034,23.0774,26.15,-101.5266,0.0,0.0435,-0.3735,0.0,0.0,0.0,4759253.4198,3984154.255,2604280.7101,-1770.1508,-2506.9483,7059.7931,4759230.3424,3984128.105,2604382.2367,-1770.1308,-2506.9322,7059.7591,0.0,0.0765,3.9732,0.0,0.0,1.0,0.0,1.0,0.0,0.0,-4.1,-36.453,0.0,0.0,-1.0,-0.7071,0.7071,0.0,13.55039076927304,0.0161245154965971,-0.35219,1.700416014930756,12.420119867142857,,
47.4921,70.43,5.011,-12.586,66.506,4.839,-11.98,-0.039,-0.008,0.014,-0.039,-0.008,0.016,-0.246,8.776,-3.623,-1.165,0.074,0.18,-0.0,0.0,-0.021,879.879,-0.0,0.0,-0.0,0.0,0.0,0.0,0.0,0.0,0.9602,0.0329,-0.2775,-0.1131,0.9538,-0.2783,0.2555,0.2986,0.9195,0.669,0.7326,-0.1252,-0.7377,0.634,-0.2321,-0.0907,0.2476,0.9646,-0.0,0.0,-0.0206,0.0,0.0,0.0,-0.02,-0.0161,0.0341,23.0735,26.1467,-101.5196,0.0,0.0435,-0.3735,0.0,0.0,0.0,4758891.4369,3983641.6774,2605723.7976,-1771.4224,-2508.0127,7059.0971,4758868.3634,3983615.5306,2605825.3172,-1771.4024,-2507.9966,7059.0631,0.0,0.0765,3.9732,0.0,0.0,1.0,0.0,1.0,0.0,0.0,-4.1,-36.453,0.0,0.0,-1.0,-0.7071,0.7071,0.0,13.546863732982628,0.0161245154965971,-0.35215,1.6987462300480134,12.418709251297189,,
47.6957,70.422,5.009,-12.583,66.498,4.837,-11.976,-0.039,-0.008,0.014,-0.039,-0.008,0.016,-0.477,8.776,-3.623,-1.073,0.068,0.166,-0.0,0.0,-0.019,879.856,-0.0,0.0,-0.0,0.0,0.0,0.0,0.0,0.0,0.9603,0.029,-0.2775,-0.1092,0.9543,-0.2783,0.2567,0.2976,0.9195,0.669,0.7326,-0.1252,-0.7377,0.634,-0.2321,-0.0907,0.2476,0.9646,-0.0,0.0,-0.019,0.0,0.0,0.0,-0.02,-0.0161,0.0341,23.0696,26.1434,-101.5126,0.0,0.0435,-0.3735,0.0,0.0,0.0,4758531.2215,3983131.7525,2607158.6695,-1772.6868,-2509.0711,7058.4046,4758508.1519,3983105.609,2607260.1821,-1772.6668,-2509.055,7058.3705,0.0,0.0765,3.9732,0.0,0.0,1.0,0.0,1.0,0.0,0.0,-4.1,-36.453,0.0,0.0,-1.0,-0.7071,0.7071,0.0,13.54333673804207,0.0161245154965971,-0.35211,1.6889465223102222,12.41729863545152,,
47.9055,70.414,5.007,-12.58,66.49,4.836,-11.973,-0.039,-0.008,0.014,-0.039,-0.008,0.015,-0.696,8.776,-3.623,-0.985,0.062,0.152,-0.0,0.0,-0.017,879.834,-0.0,0.0,-0.0,0.0,0.0,0.0,0.0,0.0,0.9604,0.0253,-0.2775,-0.1056,0.9547,-0.2783,0.2578,0.2966,0.9195,0.669,0.7326,-0.1252,-0.7377,0.634,-0.2321,-0.0907,0.2476,0.9646,-0.0,0.0,-0.0174,0.0,0.0,0.0,-0.0201,-0.0161,0.0341,23.0655,26.14,-101.5054,0.0,0.0435,-0.3735,0.0,0.0,0.0,4758157.6893,3982603.1325,2608645.3587,-1773.9969,-2510.1677,7057.6866,4758134.6238,3982576.9925,2608746.8641,-1773.9768,-2510.1515,7057.6525,0.0,0.0765,3.9732,0.0,0.0,1.0,0.0,1.0,0.0,0.0,-4.1,-36.453,0.0,0.0,-1.0,-0.7071,0.7071,0.0,13.539809784483682,0.0161245154965971,-0.35207,1.700069315353193,12.415888019605854,,
48.11,70.406,5.006,-12.577,66.482,4.834,-11.97,-0.039,-0.008,0.014,-0.039,-0.008,0.015,-0.89,8.776,-3.623,-0.897,0.057,0.139,-0.0,0.0,-0.016,879.812,-0.0,0.0,-0.0,0.0,0.0,0.0,0.0,0.0,0.9605,0.0221,-0.2775,-0.1024,0.955,-0.2783,0.2589,0.2957,0.9195,0.669,0.7326,-0.1252,-0.7377,0.634,-0.2321,-0.0907,0.2476,0.9646,-0.0,0.0,-0.0159,0.0,0.0,0.0,-0.0201,-0.0162,0.0341,23.0616,26.1367,-101.4984,0.0,0.0435,-0.3735,0.0,0.0,0.0,4757798.2234,3982094.5696,2610074.8843,-1775.2566,-2511.222,7056.9957,4757775.1618,3982068.4329,2610176.3828,-1775.2365,-2511.2059,7056.9616,0.0,0.0765,3.9732,0.0,0.0,1.0,0.0,1.0,0.0,0.0,-4.1,-36.453,0.0,0.0,-1.0,-0.7071,0.7071,0.0,13.536652651228072,0.0161245154965971,-0.35203,1.6862869121250257,12.414477403760186,,
48.3206,70.397,5.004,-12.574,66.474,4.832,-11.967,-0.039,-0.008,0.014,-0.039,-0.008,0.015,-1.074,8.776,-3.623,-0.813,0.052,0.126,-0.0,0.0,-0.014,879.792,-0.0,0.0,-0.0,0.0,0.0,0.69,0.0,0.0,0.9605,0.019,-0.2775,-0.0993,0.9553,-0.2783,0.2598,0.2949,0.9195,0.669,0.7326,-0.1252,-0.7377,0.634,-0.2321,-0.0907,0.2476,0.9646,-0.0,0.0,-0.0144,0.0,0.0,0.0,-0.0201,-0.0162,0.0342,23.0575,26.1333,-101.4912,0.0,0.0435,-0.3735,0.0,0.0,0.0,4757421.2828,3981561.4417,2611572.6649,-1776.5765,-2512.3267,7056.2714,4757398.2253,3981535.3085,2611674.156,-1776.5564,-2512.3105,7056.2373,0.0,0.0765,3.9732,0.0,0.0,1.0,0.0,1.0,0.0,0.0,-4.1,-36.453,0.0,0.0,-1.0,-0.7071,0.7071,0.0,13.53312572911373,0.0161245154965971,-0.35198500000000005,1.6829067998173937,12.41289046093381,,
48.5266,70.389,5.002,-12.571,66.466,4.83,-11.964,-0.039,-0.008,0.014,-0.039,-0.008,0.015,-1.236,8.776,-3.623,-0.732,0.046,0.113,-0.0,0.0,-0.013,879.772,-0.0,0.0,-0.0,0.0,0.0,1.0,0.0,0.0,0.9606,0.0163,-0.2775,-0.0966,0.9556,-0.2783,0.2606,0.2942,0.9195,0.669,0.7326,-0.1252,-0.7377,0.634,-0.2321,-0.0907,0.2476,0.9646,-0.0,0.0,-0.0129,0.0,0.0,0.0,-0.0201,-0.0162,0.0342,23.0535,26.1299,-101.4841,0.0,0.0435,-0.3735,0.0,0.0,0.0,4757056.5009,3981045.6652,2613020.9272,-1777.8528,-2513.3948,7055.5706,4757033.4474,3981019.5353,2613122.4113,-1777.8327,-2513.3787,7055.5364,0.0,0.0765,3.9732,0.0,0.0,1.0,0.0,1.0,0.0,0.0,-4.1,-36.453,0.0,0.0,-1.0,-0.7071,0.7071,0.0,13.529598848450755,0.0161245154965971,-0.35194499999999995,1.6812396182094071,12.41147984508814,,
48.7271,70.381,5.0,-12.569,66.458,4.829,-11.961,-0.039,-0.008,0.014,-0.039,-0.008,0.015,-1.376,8.776,-3.623,-0.645,0.041,0.1,-0.0,0.0,-0.011,879.751,-0.0,0.0,-0.0,0.0,0.0,1.0,0.0,0.0,0.9606,0.0139,-0.2775,-0.0943,0.9559,-0.2783,0.2614,0.2935,0.9195,0.669,0.7326,-0.1252,-0.7377,0.634,-0.2321,-0.0907,0.2476,0.9646,-0.0,0.0,-0.0114,0.0,0.0,0.0,-0.0201,-0.0162,0.0342,23.0495,26.1267,-101.4772,0.0,0.0435,-0.3735,0.0,0.0,0.0,4756698.252,3980539.2722,2614442.1009,-1779.1052,-2514.4429,7054.8824,4756675.2025,3980513.1455,2614543.5781,-1779.0851,-2514.4268,7054.8482,0.0,0.0765,3.9732,0.0,0.0,1.0,0.0,1.0,0.0,0.0,-4.1,-36.453,0.0,0.0,-1.0,-0.7071,0.7071,0.0,13.527001182819495,0.0161245154965971,-0.351905,1.684856191742871,12.410069229242474,,
48.9317,70.373,4.999,-12.566,66.45,4.827,-11.957,-0.039,-0.008,0.015,-0.039,-0.008,0.015,-1.5,8.776,-3.623,-0.559,0.035,0.086,-0.0,0.0,-0.01,879.729,-0.0,0.0,-0.0,0.0,0.0,0.0,0.0,0.0,0.9607,0.0119,-0.2775,-0.0922,0.9561,-0.2783,0.262,0.293,0.9195,0.669,0.7326,-0.1252,-0.7377,0.634,-0.2321,-0.0907,0.2476,0.9646,-0.0,0.0,-0.0099,0.0,0.0,0.0,-0.0201,-0.0162,0.0342,23.0455,26.1233,-101.4702,0.0,0.0435,-0.3735,0.0,0.0,0.0,4756333.4025,3980023.6988,2615888.2891,-1780.3797,-2515.5095,7054.1817,4756310.3571,3979997.5755,2615989.7593,-1780.3596,-2515.4933,7054.1474,0.0,0.0765,3.9732,0.0,0.0,1.0,0.0,1.0,0.0,0.0,-4.1,-36.453,0.0,0.0,-1.0,-0.7071,0.7071,0.0,13.523844017142464,0.016999999999999998,-0.35186500000000004,1.6630978784573471,12.408658613396806,,
49.1352,70.365,4.997,-12.563,66.442,4.825,-11.954,-0.039,-0.008,0.015,-0.039,-0.008,0.015,-1.604,8.776,-3.623,-0.466,0.029,0.072,-0.0,0.0,-0.008,879.705,-0.0,0.0,-0.0,0.0,0.0,0.0,0.0,0.0,0.9607,0.0101,-0.2775,-0.0905,0.9562,-0.2783,0.2625,0.2925,0.9195,0.669,0.7326,-0.1252,-0.7377,0.634,-0.2321,-0.0907,0.2476,0.9646,-0.0,0.0,-0.0082,0.0,0.0,0.0,-0.0201,-0.0162,0.0343,23.0415,26.1201,-101.4632,0.0,0.0435,-0.3735,0.0,0.0,0.0,4755974.9052,3979517.2485,2617308.1514,-1781.6311,-2516.5566,7053.4932,4755951.8637,3979491.1285,2617409.6147,-1781.611,-2516.5403,7053.459,0.0,0.0765,3.9732,0.0,0.0,1.0,0.0,1.0,0.0,0.0,-4.1,-36.453,0.0,0.0,-1.0,-0.7071,0.7071,0.0,13.520317230006109,0.016999999999999998,-0.351825,1.66143719865187,12.407247997551137,,
49.3398,70.357,4.995,-12.56,66.434,4.824,-11.951,-0.039,-0.008,0.015,-0.039,-0.008,0.015,-1.691,8.776,-3.623,-0.367,0.023,0.057,-0.0,0.0,-0.006,879.679,-0.0,0.0,-0.0,0.0,0.0,0.0,0.0,0.0,0.9607,0.0087,-0.2775,-0.089,0.9564,-0.2783,0.263,0.2921,0.9195,0.669,0.7326,-0.1252,-0.7377,0.634,-0.2321,-0.0907,0.2476,0.9646,-0.0,0.0,-0.0065,0.0,0.0,0.0,-0.0201,-0.0162,0.0343,23.0374,26.1168,-101.4562,0.0,0.0435,-0.3734,0.0,0.0,0.0,4755609.5517,3979001.2618,2618754.0003,-1782.9054,-2517.6228,7052.7917,4755586.5143,3978975.145,2618855.4565,-1782.8852,-2517.6065,7052.7575,0.0,0.0765,3.9732,0.0,0.0,1.0,0.0,1.0,0.0,0.0,-4.1,-36.453,0.0,0.0,-1.0,-0.7071,0.7071,0.0,13.516790484430837,0.016999999999999998,-0.351785,1.672716504443895,12.40583738170547,,
49.5426,70.349,4.994,-12.557,66.426,4.822,-11.948,-0.039,-0.008,0.015,-0.039,-0.008,0.015,-1.76,8.776,-3.623,-0.289,0.018,0.045,-0.0,0.0,-0.005,879.66,-0.0,0.0,-0.0,0.0,0.0,0.0,0.0,0.0,0.9607,0.0075,-0.2775,-0.0879,0.9565,-0.2783,0.2633,0.2918,0.9195,0.669,0.7326,-0.1252,-0.7377,0.634,-0.2321,-0.0907,0.2476,0.9646,-0.0,0.0,-0.0051,0.0,0.0,0.0,-0.0201,-0.0162,0.0343,23.0334,26.1134,-101.4492,0.0,0.0435,-0.3734,0.0,0.0,0.0,4755244.5318,3978485.8957,2620197.3544,-1784.1775,-2518.6871,7052.091,4755221.4984,3978459.7822,2620298.8036,-1784.1573,-2518.6709,7052.0567,0.0,0.0765,3.9732,0.0,0.0,1.0,0.0,1.0,0.0,0.0,-4.1,-36.453,0.0,0.0,-1.0,-0.7071,0.7071,0.0,13.513633301225841,0.016999999999999998,-0.35174500000000003,1.6587981876990874,12.404426765859803,,
49.7472,70.341,4.992,-12.554,66.418,4.82,-11.945,-0.039,-0.008,0.015,-0.039,-0.008,0.015,-1.81,8.776,-3.623,-0.189,0.012,0.029,-0.0,0.0,-0.003,879.634,-0.0,0.0,-0.0,0.0,0.0,0.0,0.0,0.0,0.9607,0.0067,-0.2775,-0.087,0.9565,-0.2783,0.2636,0.2915,0.9195,0.669,0.7326,-0.1252,-0.7377,0.634,-0.2321,-0.0907,0.2476,0.9646,-0.0,0.0,-0.0033,0.0,0.0,0.0,-0.0201,-0.0162,0.0343,23.0293,26.1101,-101.4421,0.0,0.0435,-0.3734,0.0,0.0,0.0,4754877.9532,3977968.4791,2621645.6927,-1785.454,-2519.7551,7051.3874,4754854.9239,3977942.369,2621747.1348,-1785.4339,-2519.7389,7051.3531,0.0,0.0765,3.9732,0.0,0.0,1.0,0.0,1.0,0.0,0.0,-4.1,-36.453,0.0,0.0,-1.0,-0.7071,0.7071,0.0,13.510106587292345,0.016999999999999998,-0.351705,1.6571369662584299,12.403016150014134,,
49.9586,70.333,4.99,-12.551,66.41,4.818,-11.942,-0.039,-0.008,0.015,-0.039,-0.008,0.015,-1.842,8.776,-3.623,-0.115,0.007,0.018,-0.0,0.0,-0.002,879.617,-0.0,0.0,-0.0,0.0,0.0,0.0,0.0,0.0,0.9607,0.0061,-0.2775,-0.0865,0.9566,-0.2783,0.2637,0.2914,0.9195,0.669,0.7326,-0.1252,-0.7377,0.634,-0.2321,-0.0907,0.2476,0.9646,-0.0,0.0,-0.002,0.0,0.0,0.0,-0.0202,-0.0163,0.0344,23.0251,26.1067,-101.4348,0.0,0.0435,-0.3734,0.0,0.0,0.0,4754500.4251,3977435.7661,2623136.059,-1786.7676,-2520.854,7050.6629,4754477.4001,3977409.6595,2623237.4938,-1786.7475,-2520.8378,7050.6286,0.0,0.0765,3.9732,0.0,0.0,1.0,0.0,1.0,0.0,0.0,-4.1,-36.453,0.0,0.0,-1.0,-0.7071,0.7071,0.0,13.506579914989583,0.016999999999999998,-0.351665,1.6554754953187036,12.401605534168468,,
50.1664,70.325,4.988,-12.547,66.401,4.817,-11.939,-0.039,-0.008,0.015,-0.039,-0.008,0.015,-1.857,8.776,-3.623,-0.028,0.002,0.004,-0.0,0.0,-0.0,879.594,-0.0,0.0,-0.0,0.0,0.0,0.0,0.0,0.0,0.9607,0.0059,-0.2775,-0.0862,0.9566,-0.2783,0.2638,0.2913,0.9195,0.669,0.7326,-0.1252,-0.7377,0.634,-0.2321,-0.0907,0.2476,0.9646,-0.0,0.0,-0.0005,0.0,0.0,0.0,-0.0202,-0.0163,0.0344,23.0209,26.1033,-101.4278,0.0,0.0435,-0.3734,0.0,0.0,0.0,4754134.3984,3976919.4334,2624579.8305,-1788.0402,-2521.9186,7049.9606,4754111.3775,3976893.33,2624681.2583,-1788.02,-2521.9023,7049.9262,0.0,0.0765,3.9732,0.0,0.0,1.0,0.0,1.0,0.0,0.0,-4.1,-36.453,0.0,0.0,-1.0,-0.7071,0.7071,0.0,13.502124018094339,0.016999999999999998,-0.351625,1.675975004583966,12.4001949183228,,
50.3745,70.317,4.987,-12.544,66.393,4.815,-11.936,-0.039,-0.008,0.015,-0.039,-0.008,0.015,-1.858,8.776,-3.623,0.0,-0.0,-0.0,-0.0,0.0,0.0,879.587,-0.0,0.0,-0.0,0.0,0.0,0.0,0.0,0.0,0.9607,0.0059,-0.2775,-0.0862,0.9566,-0.2783,0.2638,0.2913,0.9195,0.669,0.7326,-0.1252,-0.7377,0.634,-0.2321,-0.0907,0.2476,0.9646,-0.0,0.0,0.0,0.0,0.0,0.0,-0.0202,-0.0163,0.0344,23.0167,26.0999,-101.4206,0.0,0.0435,-0.3734,0.0,0.0,0.0,4753762.2293,3976394.5893,2626046.6298,-1789.3331,-2523.0001,7049.2466,4753739.2126,3976368.4893,2626148.0505,-1789.3129,-2522.9838,7049.2122,0.0,0.0765,3.9732,0.0,0.0,1.0,0.0,1.0,0.0,0.0,-4.1,-36.453,0.0,0.0,-1.0,-0.7071,0.7071,0.0,13.498966812315675,0.016999999999999998,-0.351585,1.6621062069089454,12.39878430247713,,
50.5872,70.308,4.985,-12.541,66.385,4.813,-11.932,-0.04,-0.008,0.015,-0.04,-0.008,0.015,-1.858,8.776,-3.623,0.0,-0.0,-0.0,-0.0,0.0,0.0,879.587,-0.0,0.0,-0.0,0.0,0.0,0.0,0.0,0.0,0.9607,0.0059,-0.2775,-0.0862,0.9566,-0.2783,0.2638,0.2913,0.9195,0.669,0.7326,-0.1252,-0.7377,0.634,-0.2321,-0.0907,0.2476,0.9646,-0.0,0.0,0.0,0.0,0.0,0.0,-0.0202,-0.0163,0.0344,23.0125,26.0965,-101.4134,0.0,0.0435,-0.3734,0.0,0.0,0.0,4753382.9348,3975859.8559,2627540.2696,-1790.6497,-2524.1014,7048.5191,4753359.9224,3975833.7594,2627641.6829,-1790.6295,-2524.0851,7048.4846,0.0,0.0765,3.9732,0.0,0.0,1.0,0.0,1.0,0.0,0.0,-4.1,-36.453,0.0,0.0,-1.0,-0.7071,0.7071,0.0,13.495440192894783,0.016999999999999998,-0.35154,1.6508806445299278,12.397197359650757,,
50.8014,70.3,4.983,-12.538,66.376,4.811,-11.929,-0.04,-0.008,0.015,-0.04,-0.008,0.015,-1.858,8.776,-3.623,0.0,-0.0,-0.0,-0.0,0.0,0.0,879.587,-0.0,0.0,-0.0,0.0,0.0,0.0,0.0,0.0,0.9607,0.0059,-0.2775,-0.0862,0.9566,-0.2783,0.2638,0.2913,0.9195,0.669,0.7326,-0.1252,-0.7377,0.634,-0.2321,-0.0907,0.2476,0.9646,-0.0,0.0,0.0,0.0,0.0,0.0,-0.0202,-0.0163,0.0345,23.0081,26.093,-101.406,0.0,0.0435,-0.3734,0.0,0.0,0.0,4752998.2116,3975317.6323,2629054.0087,-1791.984,-2525.2174,7047.7812,4752975.2035,3975291.5393,2629155.4146,-1791.9638,-2525.2011,7047.7468,0.0,0.0765,3.9732,0.0,0.0,1.0,0.0,1.0,0.0,0.0,-4.1,-36.453,0.0,0.0,-1.0,-0.7071,0.7071,0.0,13.49191361519929,0.016999999999999998,-0.3515,1.6510221775690568,12.395786743805088,,
51.0153,70.291,4.981,-12.535,66.368,4.809,-11.926,-0.04,-0.008,0.015,-0.04,-0.008,0.015,-1.858,8.776,-3.623,0.0,-0.0,-0.0,-0.0,0.0,0.0,879.587,-0.0,0.0,-0.0,0.0,0.0,0.0,0.0,0.0,0.9607,0.0059,-0.2775,-0.0862,0.9566,-0.2783,0.2638,0.2913,0.9195,0.669,0.7326,-0.1252,-0.7377,0.634,-0.2321,-0.0907,0.2476,0.9646,-0.0,0.0,0.0,0.0,0.0,0.0,-0.0202,-0.0163,0.0345,23.0038,26.0895,-101.3986,0.0,0.0435,-0.3734,0.0,0.0,0.0,4752614.0706,3974776.3928,2630564.1759,-1793.3152,-2526.3308,7047.0447,4752591.0668,3974750.3033,2630665.5744,-1793.295,-2526.3145,7047.0102,0.0,0.0765,3.9732,0.0,0.0,1.0,0.0,1.0,0.0,0.0,-4.1,-36.453,0.0,0.0,-1.0,-0.7071,0.7071,0.0,13.488387079261923,0.016999999999999998,-0.35145499999999996,1.647673312181194,12.394199800978711,,
51.2266,70.283,4.979,-12.532,66.36,4.808,-11.923,-0.04,-0.008,0.015,-0.04,-0.008,0.015,-1.858,8.776,-3.623,0.0,-0.0,-0.0,-0.0,0.0,0.0,879.587,-0.0,0.0,-0.0,0.0,0.0,0.0,0.0,0.0,0.9607,0.0059,-0.2775,-0.0862,0.9566,-0.2783,0.2638,0.2913,0.9195,0.669,0.7326,-0.1252,-0.7377,0.634,-0.2321,-0.0907,0.2476,0.9646,-0.0,0.0,0.0,0.0,0.0,0.0,-0.0202,-0.0163,0.0345,22.9995,26.086,-101.3913,0.0,0.0435,-0.3734,0.0,0.0,0.0,4752234.7451,3974242.0976,2632054.1576,-1794.6287,-2527.4292,7046.3174,4752211.7456,3974216.0116,2632155.5489,-1794.6084,-2527.4129,7046.2829,0.0,0.0765,3.9732,0.0,0.0,1.0,0.0,1.0,0.0,0.0,-4.1,-36.453,0.0,0.0,-1.0,-0.7071,0.7071,0.0,13.484860585115443,0.016999999999999998,-0.35141500000000003,1.658979831347987,12.392789185133044,,
51.4354,70.274,4.978,-12.528,66.351,4.806,-11.92,-0.047,-0.009,0.016,-0.047,-0.009,0.016,-1.858,8.776,-3.623,0.0,-0.0,-0.001,-0.0,0.0,0.0,879.565,-0.0,0.0,-1.0,0.0,0.0,0.0,0.0,0.0,0.9607,0.0059,-0.2775,-0.0862,0.9566,-0.2783,0.2638,0.2913,0.9195,0.669,0.7326,-0.1252,-0.7377,0.634,-0.2321,-0.0907,0.2476,0.9646,-0.0,0.0,0.0,0.0,0.0,0.0,-0.0222,-0.0183,0.041,22.9951,26.0824,-101.3833,0.0,0.0435,-0.3734,0.0,0.0,0.0,4751855.192,3973707.6411,2633543.7889,-1795.9438,-2528.5294,7045.5963,4751832.197,3973681.5587,2633645.1722,-1795.9216,-2528.5111,7045.5554,0.0,0.0765,3.9732,0.0,0.0,1.0,0.0,1.0,0.0,0.0,-4.1,-36.453,0.0,0.0,-1.0,-0.7071,0.7071,0.0,13.48077401338662,0.018357559750685818,-0.35137,1.6525807365903162,12.391202242306667,,
51.6393,70.264,4.976,-12.525,66.34,4.804,-11.916,-0.054,-0.009,0.017,-0.054,-0.01,0.017,-1.858,8.776,-3.623,0.0,-0.0,-0.001,-0.0,0.0,0.0,879.543,-0.0,0.0,-1.0,0.0,0.0,0.0,0.0,0.0,0.9607,0.0059,-0.2775,-0.0862,0.9566,-0.2783,0.2638,0.2913,0.9195,0.669,0.7326,-0.1252,-0.7377,0.634,-0.2321,-0.0907,0.2476,0.9646,-0.0,0.0,0.0,0.0,0.0,0.0,-0.0242,-0.0204,0.0477,22.9903,26.0784,-101.3743,0.0,0.0435,-0.3734,0.0,0.0,0.0,4751488.0872,3973190.8649,2634983.3825,-1797.2149,-2529.5927,7044.8995,4751465.0969,3973164.7865,2635084.7568,-1797.1907,-2529.5723,7044.8518,0.0,0.0765,3.9732,0.0,0.0,1.0,0.0,1.0,0.0,0.0,-4.1,-36.453,0.0,0.0,-1.0,-0.7071,0.7071,0.0,13.477247530560534,0.019235384061671346,-0.35131999999999997,1.6451128650525055,12.389438972499581,,
51.8472,70.252,4.974,-12.521,66.328,4.802,-11.913,-0.061,-0.01,0.018,-0.061,-0.01,0.018,-1.858,8.776,-3.624,0.0,-0.0,-0.002,-0.0,0.0,0.0,879.521,-0.0,0.0,-1.0,0.0,0.0,0.0,0.0,0.0,0.9607,0.0059,-0.2775,-0.0862,0.9566,-0.2783,0.2638,0.2913,0.9195,0.669,0.7326,-0.1252,-0.7377,0.634,-0.2321,-0.0907,0.2476,0.9646,-0.0,0.0,0.0,0.0,0.0,0.0,-0.0263,-0.0225,0.0546,22.9851,26.074,-101.3637,0.0,0.0435,-0.3734,0.0,0.0,0.0,4751116.5609,3972668.0148,2636439.1345,-1798.5003,-2530.6679,7044.1944,4751093.5758,3972641.9407,2636540.4982,-1798.474,-2530.6454,7044.1398,0.0,0.0765,3.9732,0.0,0.0,1.0,0.0,1.0,0.0,0.0,-4.1,-36.453,0.0,0.0,-1.0,-0.7071,0.7071,0.0,13.47279173000162,0.020591260281974,-0.35125999999999996,1.6513500387750915,12.38732304873108,,
52.0592,70.238,4.972,-12.517,66.315,4.8,-11.908,-0.069,-0.01,0.02,-0.069,-0.011,0.02,-1.858,8.776,-3.624,0.0,-0.0,-0.002,-0.0,0.0,0.0,879.498,-0.0,0.0,-1.0,0.0,0.0,0.0,0.0,0.0,0.9607,0.0059,-0.2775,-0.0862,0.9566,-0.2783,0.2638,0.2913,0.9195,0.669,0.7326,-0.1252,-0.7377,0.634,-0.2321,-0.0907,0.2476,0.9646,-0.0,0.0,0.0,0.0,0.0,0.0,-0.0284,-0.0246,0.0616,22.9793,26.069,-101.3514,0.0,0.0435,-0.3734,0.0,0.0,0.0,4750734.4682,3972130.4527,2637935.0523,-1799.8212,-2531.7727,7043.4693,4750711.4889,3972104.3836,2638036.4037,-1799.7928,-2531.7481,7043.4077,0.0,0.0765,3.9732,0.0,0.0,1.0,0.0,1.0,0.0,0.0,-4.1,-36.453,0.0,0.0,-1.0,-0.7071,0.7071,0.0,13.468335940271166,0.022360679774997897,-0.35119,1.6403374115132663,12.384854471001162,,
52.2702,70.223,4.969,-12.513,66.299,4.797,-11.904,-0.076,-0.011,0.021,-0.076,-0.011,0.021,-1.858,8.776,-3.625,-0.0,-0.0,-0.003,-0.0,0.0,0.0,879.475,-0.0,0.0,-1.0,0.0,0.0,0.0,0.0,0.0,0.9607,0.0059,-0.2775,-0.0862,0.9566,-0.2783,0.2638,0.2913,0.9195,0.669,0.7326,-0.1252,-0.7377,0.634,-0.2321,-0.0907,0.2476,0.9646,-0.0,0.0,0.0,0.0,0.0,0.0,-0.0305,-0.0267,0.0685,22.9731,26.0636,-101.3377,0.0,0.0435,-0.3734,0.0,0.0,0.0,4750356.5994,3971598.9907,2639413.203,-1801.1265,-2532.8644,7042.7523,4750333.6263,3971572.927,2639514.5407,-1801.096,-2532.8376,7042.6839,0.0,0.0765,3.9732,0.0,0.0,1.0,0.0,1.0,0.0,0.0,-4.1,-36.453,0.0,0.0,-1.0,-0.7071,0.7071,0.0,13.463511057669912,0.023706539182259397,-0.351115,1.6401962476062366,12.382209566290536,,
52.4784,70.206,4.967,-12.509,66.283,4.795,-11.9,-0.084,-0.011,0.022,-0.083,-0.012,0.022,-1.858,8.776,-3.625,-0.0,-0.0,-0.004,-0.0,0.0,0.0,879.452,-0.0,0.0,-1.0,0.0,0.0,0.0,0.0,0.0,0.9607,0.0059,-0.2775,-0.0862,0.9566,-0.2784,0.2638,0.2913,0.9195,0.669,0.7326,-0.1252,-0.7377,0.634,-0.2321,-0.0907,0.2476,0.9646,-0.0001,0.0,0.0,0.0,0.0,0.0,-0.0326,-0.0288,0.0754,22.9665,26.0578,-101.3226,0.0,0.0435,-0.3734,0.0,0.0,0.0,4749978.2696,3971067.0363,2640891.9338,-1802.4323,-2533.9564,7042.0346,4749955.3031,3971040.9785,2640993.2565,-1802.3997,-2533.9276,7041.9592,0.0,0.0765,3.9732,0.0,0.0,1.0,0.0,1.0,0.0,0.0,-4.1,-36.453,0.0,0.0,-1.0,-0.7071,0.7071,0.0,13.459055316031657,0.024596747752497684,-0.35103,1.637376534182603,12.379212007618493,,
52.689,70.188,4.964,-12.504,66.264,4.792,-11.895,-0.091,-0.012,0.023,-0.091,-0.012,0.023,-1.858,8.776,-3.626,-0.0,-0.0,-0.004,-0.0,0.0,0.0,879.43,-0.0,0.0,-1.0,0.0,0.0,0.0,0.0,0.0,0.9607,0.0059,-0.2775,-0.0862,0.9566,-0.2784,0.2638,0.2914,0.9195,0.669,0.7326,-0.1252,-0.7377,0.634,-0.2321,-0.0907,0.2476,0.9646,-0.0001,0.0,0.0,0.0,0.0,0.0,-0.0347,-0.031,0.0823,22.9594,26.0515,-101.3061,0.0,0.0435,-0.3734,0.0,0.0,0.0,4749600.4288,3970535.9257,2642367.5349,-1803.7354,-2535.0461,7041.318,4749577.4694,3970509.8742,2642468.841,-1803.7007,-2535.0152,7041.2357,0.0,0.0765,3.9732,0.0,0.0,1.0,0.0,1.0,0.0,0.0,-4.1,-36.453,0.0,0.0,-1.0,-0.7071,0.7071,0.0,13.453301156221844,0.025942243542145693,-0.35094000000000003,1.637174967676847,12.37603812196574,,
52.8931,70.168,4.962,-12.499,66.245,4.79,-11.89,-0.098,-0.012,0.024,-0.098,-0.013,0.024,-1.858,8.776,-3.627,-0.0,-0.0,-0.005,-0.0,0.0,0.0,879.407,-0.0,0.0,-1.0,0.0,0.0,0.0,0.0,0.0,0.9607,0.0059,-0.2775,-0.0862,0.9566,-0.2784,0.2638,0.2914,0.9195,0.669,0.7326,-0.1252,-0.7377,0.634,-0.2321,-0.0907,0.2476,0.9646,-0.0001,0.0,0.0,0.0,0.0,0.0,-0.0367,-0.033,0.0891,22.9521,26.045,-101.2885,0.0,0.0435,-0.3734,0.0,0.0,0.0,4749230.4803,3970016.0587,2643811.136,-1805.0102,-2536.1122,7040.6164,4749207.5282,3969990.0137,2643912.4245,-1804.9735,-2536.0792,7040.5273,0.0,0.0765,3.9732,0.0,0.0,1.0,0.0,1.0,0.0,0.0,-4.1,-36.453,0.0,0.0,-1.0,-0.7071,0.7071,0.0,13.447916009553303,0.02683281572999748,-0.35084000000000004,1.6342974064779725,12.37251158235157,,
53.1044,70.147,4.959,-12.494,66.224,4.787,-11.885,-0.105,-0.013,0.025,-0.105,-0.013,0.025,-1.858,8.776,-3.628,-0.0,-0.0,-0.005,-0.0,0.0,0.0,879.388,-0.0,0.0,-0.0,0.0,0.0,0.0,0.0,0.0,0.9607,0.0059,-0.2775,-0.0862,0.9566,-0.2784,0.2638,0.2914,0.9195,0.669,0.7326,-0.1252,-0.7377,0.634,-0.2321,-0.0907,0.2476,0.9646,-0.0001,0.0,0.0,0.0,0.0,0.0,-0.0385,-0.0348,0.095,22.9442,26.0379,-101.2693,0.0,0.0435,-0.3734,0.0,0.0,0.0,4748854.675,3969488.1137,2645276.4016,-1806.3039,-2537.1939,7039.9029,4748831.7308,3969462.0758,2645377.6709,-1806.2654,-2537.1591,7039.8079,0.0,0.0765,3.9732,0.0,0.0,1.0,0.0,1.0,0.0,0.0,-4.1,-36.453,0.0,0.0,-1.0,-0.7071,0.7071,0.0,13.442161916894172,0.028178005607210743,-0.350735,1.6326468072241465,12.368808715756694,,
53.3045,70.126,4.957,-12.489,66.203,4.785,-11.88,-0.105,-0.013,0.025,-0.105,-0.013,0.025,-1.858,8.776,-3.629,-0.0,-0.0,-0.005,-0.0,0.0,0.0,879.388,-0.0,0.0,-0.0,0.0,0.0,0.0,0.0,0.0,0.9607,0.0058,-0.2775,-0.0862,0.9566,-0.2784,0.2638,0.2914,0.9195,0.669,0.7326,-0.1252,-0.7377,0.634,-0.2321,-0.0907,0.2476,0.9646,-0.0001,0.0,0.0,0.0,0.0,0.0,-0.0385,-0.0349,0.0951,22.9366,26.0309,-101.2503,0.0,0.0435,-0.3734,0.0,0.0,0.0,4748493.9409,3968981.4851,2646681.7782,-1807.5431,-2538.2297,7039.2124,4748471.0044,3968955.4542,2646783.0285,-1807.5045,-2538.1948,7039.1174,0.0,0.0765,3.9732,0.0,0.0,1.0,0.0,1.0,0.0,0.0,-4.1,-36.453,0.0,0.0,-1.0,-0.7071,0.7071,0.0,13.436776771234983,0.028178005607210743,-0.35063,1.631683533720554,12.365105849161816,,
53.5151,70.104,4.954,-12.483,66.18,4.782,-11.875,-0.108,-0.013,0.026,-0.108,-0.013,0.026,-1.858,8.776,-3.63,-0.0,-0.0,-0.005,-0.0,0.0,0.0,879.378,-0.0,0.0,-1.0,0.0,0.0,0.0,0.0,0.0,0.9607,0.0058,-0.2775,-0.0862,0.9566,-0.2784,0.2638,0.2914,0.9195,0.669,0.7326,-0.1252,-0.7377,0.634,-0.2321,-0.0907,0.2476,0.9646,-0.0001,0.0,0.0,0.0,0.0,0.0,-0.0395,-0.0358,0.0982,22.9283,26.0234,-101.2298,0.0,0.0435,-0.3734,0.0,0.0,0.0,4748106.7621,3968437.8736,2648188.9562,-1808.8729,-2539.3414,7038.4746,4748083.8338,3968411.8502,2648290.186,-1808.8335,-2539.3056,7038.3764,0.0,0.0765,3.9732,0.0,0.0,1.0,0.0,1.0,0.0,0.0,-4.1,-36.453,0.0,0.0,-1.0,-0.7071,0.7071,0.0,13.430093261031363,0.029068883707497266,-0.35052,1.6393432706632467,12.36122665558623,,
53.7291,70.08,4.951,-12.478,66.157,4.779,-11.869,-0.111,-0.013,0.026,-0.111,-0.014,0.026,-1.858,8.776,-3.631,-0.0,-0.0,-0.005,-0.0,0.0,0.0,879.368,-0.0,0.0,-0.0,0.0,0.0,0.0,0.0,0.0,0.9607,0.0058,-0.2775,-0.0862,0.9566,-0.2785,0.2638,0.2914,0.9195,0.669,0.7326,-0.1252,-0.7377,0.634,-0.2321,-0.0907,0.2476,0.9646,-0.0001,0.0,0.0,0.0,0.0,0.0,-0.0404,-0.0367,0.1012,22.9198,26.0157,-101.2087,0.0,0.0435,-0.3734,0.0,0.0,0.0,4747725.7028,3967903.0114,2649671.0774,-1810.1807,-2540.4346,7037.7484,4747702.783,3967876.9957,2649772.286,-1810.1403,-2540.3978,7037.6472,0.0,0.0765,3.9732,0.0,0.0,1.0,0.0,1.0,0.0,0.0,-4.1,-36.453,0.0,0.0,-1.0,-0.7071,0.7071,0.0,13.424339276105918,0.029068883707497266,-0.3504,1.6284374565873327,12.356994808049226,,
53.9385,70.056,4.948,-12.472,66.133,4.776,-11.864,-0.116,-0.014,0.027,-0.116,-0.014,0.027,-1.858,8.776,-3.632,-0.001,-0.0,-0.006,-0.0,0.0,0.0,879.352,-0.0,0.0,-1.0,0.0,0.0,0.0,0.0,0.0,0.9607,0.0058,-0.2775,-0.0862,0.9566,-0.2785,0.2638,0.2915,0.9195,0.669,0.7326,-0.1252,-0.7377,0.634,-0.2321,-0.0907,0.2476,0.9646,-0.0001,0.0,0.0,0.0,0.0,0.0,-0.0419,-0.0383,0.1061,22.9111,26.0078,-101.1868,0.0,0.0435,-0.3734,0.0,0.0,0.0,4747341.1958,3967363.4682,2651165.3686,-1811.4998,-2541.5373,7037.0177,4747318.2847,3967337.4604,2651266.5555,-1811.458,-2541.499,7036.9116,0.0,0.0765,3.9732,0.0,0.0,1.0,0.0,1.0,0.0,0.0,-4.1,-36.453,0.0,0.0,-1.0,-0.7071,0.7071,0.0,13.417655831030993,0.0304138126514911,-0.35028,1.6345164873450604,12.352762960512221,,
54.1504,70.031,4.945,-12.467,66.108,4.773,-11.858,-0.124,-0.014,0.028,-0.124,-0.015,0.028,-1.858,8.776,-3.634,-0.001,-0.0,-0.006,-0.0,0.0,0.0,879.329,-0.0,0.0,-1.0,0.0,0.0,0.0,0.0,0.0,0.9607,0.0058,-0.2775,-0.0862,0.9566,-0.2785,0.2638,0.2915,0.9195,0.669,0.7326,-0.1252,-0.7377,0.634,-0.2321,-0.0907,0.2476,0.9646,-0.0001,0.0,0.0,0.0,0.0,0.0,-0.044,-0.0404,0.1131,22.902,25.9994,-101.1636,0.0,0.0435,-0.3734,0.0,0.0,0.0,4746957.303,3966824.9452,2652656.0335,-1812.8164,-2542.6379,7036.2904,4746934.401,3966798.9458,2652757.1972,-1812.7724,-2542.5975,7036.1773,0.0,0.0765,3.9732,0.0,0.0,1.0,0.0,1.0,0.0,0.0,-4.1,-36.453,0.0,0.0,-1.0,-0.7071,0.7071,0.0,13.411901953116121,0.03130495168499706,-0.35015500000000005,1.625538175377798,12.34835478599451,,
54.3584,70.004,4.942,-12.461,66.081,4.77,-11.852,-0.131,-0.015,0.029,-0.131,-0.015,0.029,-1.859,8.776,-3.635,-0.001,-0.0,-0.007,-0.0,0.0,0.0,879.306,-0.0,0.0,-1.0,0.0,0.0,0.0,0.0,0.0,0.9607,0.0058,-0.2775,-0.0862,0.9566,-0.2785,0.2638,0.2915,0.9195,0.669,0.7326,-0.1252,-0.7377,0.634,-0.2321,-0.0907,0.2476,0.9646,-0.0001,0.0,0.0,0.0,0.0,0.0,-0.0461,-0.0425,0.12,22.8927,25.9908,-101.1394,0.0,0.0435,-0.3734,0.0,0.0,0.0,4746580.2794,3966296.2117,2654118.822,-1814.1084,-2543.7179,7035.5762,4746557.3868,3966270.2209,2654219.9614,-1814.0623,-2543.6754,7035.4562,0.0,0.0765,3.9732,0.0,0.0,1.0,0.0,1.0,0.0,0.0,-4.1,-36.453,0.0,0.0,-1.0,-0.7071,0.7071,0.0,13.405218573376564,0.03264965543462902,-0.35002,1.624175220049778,12.343593957515383,,
54.5672,69.976,4.939,-12.454,66.053,4.767,-11.846,-0.139,-0.015,0.03,-0.139,-0.016,0.03,-1.859,8.776,-3.636,-0.001,-0.0,-0.007,-0.0,0.0,0.0,879.284,-0.0,0.0,-1.0,0.0,0.0,0.0,0.0,0.0,0.9607,0.0058,-0.2775,-0.0862,0.9565,-0.2785,0.2638,0.2915,0.9195,0.669,0.7326,-0.1252,-0.7377,0.634,-0.2321,-0.0907,0.2476,0.9646,-0.0001,0.0,0.0,0.0,0.0,0.0,-0.0482,-0.0446,0.1269,22.8828,25.9817,-101.1136,0.0,0.0435,-0.3734,0.0,0.0,0.0,4746201.0275,3965764.5072,2655589.0567,-1815.407,-2544.8033,7034.8578,4746178.1447,3965738.5255,2655690.1703,-1815.3588,-2544.7587,7034.731,0.0,0.0765,3.9732,0.0,0.0,1.0,0.0,1.0,0.0,0.0,-4.1,-36.453,0.0,0.0,-1.0,-0.7071,0.7071,0.0,13.397605644293312,0.03354101966249685,-0.34987999999999997,1.6302994944035332,12.338656802055546,,
54.7759,69.947,4.936,-12.448,66.024,4.763,-11.839,-0.143,-0.015,0.031,-0.143,-0.016,0.031,-1.859,8.776,-3.638,-0.001,-0.0,-0.008,-0.0,0.0,0.0,879.271,-0.0,0.0,-0.0,0.0,0.0,0.0,0.0,0.0,0.9607,0.0058,-0.2775,-0.0862,0.9565,-0.2786,0.2638,0.2916,0.9195,0.669,0.7326,-0.1252,-0.7377,0.634,-0.2321,-0.0907,0.2476,0.9646,-0.0001,0.0,0.0,0.0,0.0,0.0,-0.0493,-0.0458,0.1307,22.8727,25.9723,-101.087,0.0,0.0435,-0.3733,0.0,0.0,0.0,4745828.1351,3965241.8677,2657033.4665,-1816.6819,-2545.8688,7034.1487,4745805.2624,3965215.8954,2657134.5535,-1816.6326,-2545.823,7034.018,0.0,0.0765,3.9732,0.0,0.0,1.0,0.0,1.0,0.0,0.0,-4.1,-36.453,0.0,0.0,-1.0,-0.7071,0.7071,0.0,13.390922298333301,0.034438350715445126,-0.349735,1.6084074366478933,12.333543319615,,
54.9879,69.917,4.933,-12.441,65.993,4.76,-11.833,-0.143,-0.015,0.031,-0.143,-0.016,0.031,-1.859,8.776,-3.64,-0.001,-0.0,-0.008,-0.0,0.0,0.0,879.271,-0.0,0.0,-0.0,0.0,0.0,0.0,0.0,0.0,0.9607,0.0058,-0.2775,-0.0862,0.9565,-0.2786,0.2638,0.2916,0.9195,0.669,0.7326,-0.1252,-0.7377,0.634,-0.2321,-0.0907,0.2476,0.9646,-0.0001,0.0,0.0,0.0,0.0,0.0,-0.0493,-0.0458,0.1307,22.8622,25.9626,-101.0592,0.0,0.0435,-0.3733,0.0,0.0,0.0,4745441.9532,3964700.7581,2658528.1327,-1818.0001,-2546.9701,7033.4105,4745419.0909,3964674.7955,2658629.1919,-1817.9507,-2546.9243,7033.2798,0.0,0.0765,3.9732,0.0,0.0,1.0,0.0,1.0,0.0,0.0,-4.1,-36.453,0.0,0.0,-1.0,-0.7071,0.7071,0.0,13.383309381464661,0.034438350715445126,-0.34958500000000003,1.6166273904911987,12.328253510193745,,
55.1992,69.887,4.93,-12.435,65.963,4.757,-11.826,-0.143,-0.015,0.031,-0.143,-0.016,0.031,-1.859,8.776,-3.641,-0.001,-0.0,-0.008,-0.0,0.0,0.0,879.271,-0.0,0.0,-0.0,0.0,0.0,0.0,0.0,0.0,0.9607,0.0058,-0.2775,-0.0862,0.9565,-0.2786,0.2638,0.2916,0.9194,0.669,0.7326,-0.1252,-0.7377,0.634,-0.2321,-0.0907,0.2476,0.9646,-0.0001,0.0,0.0,0.0,0.0,0.0,-0.0494,-0.0458,0.1307,22.8518,25.9529,-101.0316,0.0,0.0435,-0.3733,0.0,0.0,0.0,4745058.3023,3964163.3521,2660011.7755,-1819.3085,-2548.0632,7032.6773,4745035.4505,3964137.3992,2660112.8071,-1819.2591,-2548.0174,7032.5465,0.0,0.0765,3.9732,0.0,0.0,1.0,0.0,1.0,0.0,0.0,-4.1,-36.453,0.0,0.0,-1.0,-0.7071,0.7071,0.0,13.376626069379379,0.034438350715445126,-0.349435,1.6077654984652354,12.322963700772492,,
55.402,69.857,4.926,-12.428,65.934,4.753,-11.82,-0.145,-0.016,0.031,-0.145,-0.016,0.031,-1.859,8.776,-3.643,-0.001,-0.0,-0.008,-0.0,0.0,0.0,879.265,-0.0,0.0,-1.0,0.0,0.0,0.0,0.0,0.0,0.9607,0.0058,-0.2775,-0.0863,0.9565,-0.2786,0.2638,0.2916,0.9194,0.669,0.7326,-0.1252,-0.7377,0.634,-0.2321,-0.0907,0.2476,0.9646,-0.0001,0.0,0.0,0.0,0.0,0.0,-0.0499,-0.0464,0.1326,22.8417,25.9435,-101.0047,0.0,0.0435,-0.3733,0.0,0.0,0.0,4744683.8733,3963639.0136,2661458.5787,-1820.585,-2549.1297,7031.9636,4744661.0316,3963613.0701,2661559.5834,-1820.5351,-2549.0833,7031.831,0.0,0.0765,3.9732,0.0,0.0,1.0,0.0,1.0,0.0,0.0,-4.1,-36.453,0.0,0.0,-1.0,-0.7071,0.7071,0.0,13.368644658304,0.03488552708502481,-0.349285,1.6116707770053984,12.317673891351237,,
55.6102,69.827,4.923,-12.422,65.904,4.75,-11.813,-0.148,-0.016,0.032,-0.148,-0.016,0.032,-1.859,8.776,-3.644,-0.001,-0.0,-0.006,-0.0,0.0,0.0,879.253,-0.0,0.0,-0.0,0.0,0.0,0.0,0.0,0.0,0.9607,0.0058,-0.2775,-0.0863,0.9565,-0.2787,0.2638,0.2917,0.9194,0.669,0.7326,-0.1252,-0.7377,0.634,-0.2321,-0.0907,0.2476,0.9646,-0.0001,0.0,0.0,0.0,0.0,0.0,-0.0507,-0.0471,0.1351,22.8313,25.9338,-100.9771,0.0,0.0435,-0.3733,0.0,0.0,0.0,4744310.6626,3963116.5289,2662899.5193,-1821.8566,-2550.1921,7031.253,4744287.8313,3963090.595,2663000.4964,-1821.8059,-2550.1449,7031.1179,0.0,0.0765,3.9732,0.0,0.0,1.0,0.0,1.0,0.0,0.0,-4.1,-36.453,0.0,0.0,-1.0,-0.7071,0.7071,0.0,13.361961420390347,0.03577708763999663,-0.349135,1.6028231703161075,12.312384081929984,,
55.8236,69.796,4.92,-12.415,65.872,4.747,-11.807,-0.148,-0.016,0.032,-0.148,-0.016,0.032,-1.86,8.776,-3.645,-0.001,-0.0,-0.006,-0.0,0.0,0.0,879.253,-0.0,0.0,-0.0,0.0,0.0,0.0,0.0,0.0,0.9607,0.0058,-0.2775,-0.0863,0.9565,-0.2787,0.2638,0.2917,0.9194,0.669,0.7326,-0.1252,-0.7377,0.634,-0.2321,-0.0907,0.2476,0.9646,-0.0001,0.0,0.0,0.0,0.0,0.0,-0.0507,-0.0472,0.1351,22.8206,25.9238,-100.9485,0.0,0.0435,-0.3733,0.0,0.0,0.0,4743924.3231,3962575.8184,2664389.9376,-1823.1711,-2551.2901,7030.5149,4743901.5025,3962549.8946,2664490.8861,-1823.1204,-2551.243,7030.3798,0.0,0.0765,3.9732,0.0,0.0,1.0,0.0,1.0,0.0,0.0,-4.1,-36.453,0.0,0.0,-1.0,-0.7071,0.7071,0.0,13.354348542703233,0.03577708763999663,-0.34898,1.6111422019380086,12.306917945528022,,
56.0277,69.765,4.917,-12.409,65.841,4.743,-11.8,-0.153,-0.016,0.033,-0.153,-0.017,0.033,-1.86,8.776,-3.647,-0.001,-0.0,-0.006,-0.0,0.0,0.0,879.238,-0.0,0.0,-0.0,0.0,0.0,0.0,0.0,0.0,0.9607,0.0058,-0.2775,-0.0863,0.9565,-0.2787,0.2638,0.2917,0.9194,0.669,0.7326,-0.1252,-0.7377,0.634,-0.2321,-0.0907,0.2476,0.9646,-0.0001,0.0,0.0,0.0,0.0,0.0,-0.0521,-0.0486,0.1399,22.8099,25.9139,-100.9201,0.0,0.0435,-0.3733,0.0,0.0,0.0,4743546.3765,3962047.0068,2665846.7874,-1824.4575,-2552.3648,7029.7978,4743523.5666,3962021.0929,2665947.7075,-1824.4053,-2552.3162,7029.6579,0.0,0.0765,3.9732,0.0,0.0,1.0,0.0,1.0,0.0,0.0,-4.1,-36.453,0.0,0.0,-1.0,-0.7071,0.7071,0.0,13.347665338927253,0.0366742416417845,-0.348825,1.5894602925775014,12.301451809126059,,
56.2425,69.732,4.913,-12.402,65.809,4.74,-11.793,-0.153,-0.016,0.033,-0.153,-0.017,0.033,-1.86,8.776,-3.648,-0.001,-0.0,-0.006,-0.0,0.0,0.0,879.238,-0.0,0.0,-0.0,0.0,0.0,0.0,0.0,0.0,0.9607,0.0058,-0.2775,-0.0863,0.9565,-0.2787,0.2638,0.2917,0.9194,0.669,0.7326,-0.1252,-0.7377,0.634,-0.2321,-0.0907,0.2476,0.9646,-0.0001,0.0,0.0,0.0,0.0,0.0,-0.0522,-0.0486,0.14,22.7988,25.9035,-100.8901,0.0,0.0435,-0.3733,0.0,0.0,0.0,4743155.5688,3961500.3584,2667351.9769,-1825.7851,-2553.4737,7029.0515,4743132.77,3961474.4548,2667452.867,-1825.7329,-2553.425,7028.9115,0.0,0.0765,3.9732,0.0,0.0,1.0,0.0,1.0,0.0,0.0,-4.1,-36.453,0.0,0.0,-1.0,-0.7071,0.7071,0.0,13.339684141687913,0.0366742416417845,-0.34865999999999997,1.5988315675667097,12.295633018762679,,
56.4432,69.701,4.91,-12.395,65.778,4.736,-11.786,-0.153,-0.016,0.033,-0.153,-0.017,0.033,-1.86,8.776,-3.649,-0.001,-0.0,-0.006,-0.0,0.0,0.0,879.238,-0.0,0.0,-0.0,0.0,0.0,0.0,0.0,0.0,0.9607,0.0058,-0.2775,-0.0863,0.9565,-0.2788,0.2638,0.2917,0.9194,0.669,0.7326,-0.1252,-0.7377,0.634,-0.2321,-0.0907,0.2476,0.9646,-0.0001,0.0,0.0,0.0,0.0,0.0,-0.0522,-0.0486,0.14,22.7884,25.8938,-100.8621,0.0,0.0435,-0.3733,0.0,0.0,0.0,4742790.868,3960990.3711,2668755.4854,-1827.023,-2554.5076,7028.3551,4742768.0796,3960964.4773,2668856.3476,-1826.9708,-2554.4589,7028.2151,0.0,0.0765,3.9732,0.0,0.0,1.0,0.0,1.0,0.0,0.0,-4.1,-36.453,0.0,0.0,-1.0,-0.7071,0.7071,0.0,13.332071294438835,0.0366742416417845,-0.34850499999999995,1.584551116668705,12.290166882360715,,
56.6433,69.67,4.907,-12.388,65.746,4.733,-11.78,-0.159,-0.017,0.034,-0.159,-0.017,0.034,-1.86,8.776,-3.651,-0.001,-0.0,-0.007,-0.0,0.0,0.0,879.217,-0.0,0.0,-1.0,0.0,0.0,0.0,0.0,0.0,0.9607,0.0058,-0.2775,-0.0863,0.9565,-0.2788,0.2638,0.2918,0.9194,0.669,0.7326,-0.1252,-0.7377,0.634,-0.2321,-0.0907,0.2476,0.9646,-0.0001,0.0,0.0,0.0,0.0,0.0,-0.054,-0.0505,0.1462,22.7776,25.8837,-100.833,0.0,0.0435,-0.3733,0.0,0.0,0.0,4742418.1668,3960469.3404,2670188.657,-1828.289,-2555.5652,7027.6497,4742395.3892,3960443.4567,2670289.4901,-1828.2349,-2555.5146,7027.5036,0.0,0.0765,3.9732,0.0,0.0,1.0,0.0,1.0,0.0,0.0,-4.1,-36.453,0.0,0.0,-1.0,-0.7071,0.7071,0.0,13.324458450533742,0.03801315561749643,-0.34835,1.5929205776303221,12.284700745958755,,
56.8546,69.635,4.903,-12.381,65.712,4.729,-11.773,-0.167,-0.017,0.035,-0.167,-0.018,0.035,-1.86,8.776,-3.652,-0.001,-0.0,-0.007,-0.0,0.0,0.0,879.194,-0.0,0.0,-1.0,0.0,0.0,0.0,0.0,0.0,0.9607,0.0058,-0.2775,-0.0863,0.9565,-0.2788,0.2638,0.2918,0.9194,0.669,0.7326,-0.1252,-0.7377,0.634,-0.2321,-0.0907,0.2476,0.9646,-0.0001,0.0,0.0,0.0,0.0,0.0,-0.0561,-0.0527,0.1531,22.766,25.8728,-100.8015,0.0,0.0435,-0.3733,0.0,0.0,0.0,4742032.9451,3959930.9592,2671668.7813,-1829.5966,-2556.6576,7026.9213,4742010.1791,3959905.0864,2671769.5829,-1829.5405,-2556.6049,7026.7682,0.0,0.0765,3.9732,0.0,0.0,1.0,0.0,1.0,0.0,0.0,-4.1,-36.453,0.0,0.0,-1.0,-0.7071,0.7071,0.0,13.316477387056985,0.03891015291668744,-0.348175,1.589554718261164,12.27852930163396,,
57.0639,69.599,4.9,-12.374,65.676,4.726,-11.765,-0.174,-0.018,0.036,-0.174,-0.018,0.036,-1.86,8.775,-3.654,-0.001,-0.0,-0.008,-0.0,0.0,0.0,879.172,-0.0,0.0,-1.0,0.0,0.0,0.0,0.0,0.0,0.9607,0.0058,-0.2775,-0.0863,0.9565,-0.2788,0.2638,0.2918,0.9194,0.669,0.7326,-0.1252,-0.7377,0.634,-0.2321,-0.0907,0.2476,0.9646,-0.0001,0.0,0.0,0.0,0.0,0.0,-0.0582,-0.0548,0.16,22.7539,25.8615,-100.7687,0.0,0.0435,-0.3733,0.0,0.0,0.0,4741649.2176,3959394.8197,2673141.9612,-1830.8982,-2557.7448,7026.1959,4741626.4637,3959368.9582,2673242.7299,-1830.84,-2557.69,7026.0358,0.0,0.0765,3.9732,0.0,0.0,1.0,0.0,1.0,0.0,0.0,-4.1,-36.453,0.0,0.0,-1.0,-0.7071,0.7071,0.0,13.30886456464262,0.04024922359499621,-0.347995,1.5809496034067996,12.272181530328455,,
57.2724,69.562,4.896,-12.366,65.639,4.722,-11.757,-0.182,-0.018,0.037,-0.182,-0.018,0.037,-1.861,8.775,-3.655,-0.001,-0.0,-0.006,-0.0,0.0,0.0,879.146,-0.0,0.0,-1.0,0.0,0.0,0.0,0.0,0.0,0.9607,0.0057,-0.2775,-0.0863,0.9565,-0.2788,0.2638,0.2918,0.9194,0.669,0.7326,-0.1252,-0.7377,0.634,-0.2321,-0.0907,0.2476,0.9646,-0.0001,0.0,0.0,0.0,0.0,0.0,-0.0603,-0.0569,0.1668,22.7416,25.8499,-100.7347,0.0,0.0435,-0.3733,0.0,0.0,0.0,4741268.4162,3958862.9195,2674602.7227,-1832.1888,-2558.8228,7025.476,4741245.6746,3958837.0696,2674703.4574,-1832.1285,-2558.7659,7025.3091,0.0,0.0765,3.9732,0.0,0.0,1.0,0.0,1.0,0.0,0.0,-4.1,-36.453,0.0,0.0,-1.0,-0.7071,0.7071,0.0,13.299953834506345,0.041146081222881964,-0.34781,1.579224322582951,12.26565743204224,,
57.482,69.524,4.892,-12.358,65.6,4.718,-11.75,-0.189,-0.019,0.038,-0.189,-0.019,0.038,-1.861,8.775,-3.656,-0.001,-0.0,-0.006,-0.0,0.0,0.0,879.123,-0.0,0.0,-1.0,0.0,0.0,0.0,0.0,0.0,0.9607,0.0057,-0.2775,-0.0863,0.9564,-0.2789,0.2638,0.2919,0.9194,0.669,0.7326,-0.1252,-0.7377,0.634,-0.2321,-0.0907,0.2476,0.9646,-0.0001,0.0,0.0,0.0,0.0,0.0,-0.0624,-0.059,0.1737,22.7288,25.8378,-100.6991,0.0,0.0435,-0.3733,0.0,0.0,0.0,4740885.3203,3958327.9672,2676071.0974,-1833.4862,-2559.9064,7024.7519,4740862.5915,3958302.1294,2676171.7965,-1833.4238,-2559.8474,7024.5782,0.0,0.0765,3.9732,0.0,0.0,1.0,0.0,1.0,0.0,0.0,-4.1,-36.453,0.0,0.0,-1.0,-0.7071,0.7071,0.0,13.291043149429619,0.042485291572496,-0.34762,1.5872956480286524,12.258957006775319,,
57.6822,69.485,4.888,-12.35,65.562,4.714,-11.742,-0.196,-0.019,0.039,-0.196,-0.019,0.039,-1.861,8.775,-3.658,-0.001,-0.0,-0.007,-0.0,0.0,0.0,879.101,-0.0,0.0,-1.0,0.0,0.0,0.0,0.0,0.0,0.9607,0.0057,-0.2775,-0.0863,0.9564,-0.2789,0.2638,0.2919,0.9194,0.669,0.7326,-0.1252,-0.7377,0.634,-0.2321,-0.0907,0.2476,0.9646,-0.0001,0.0,0.0,0.0,0.0,0.0,-0.0644,-0.061,0.1804,22.7161,25.8257,-100.6635,0.0,0.0435,-0.3733,0.0,0.0,0.0,4740516.6783,3957813.3413,2677482.9484,-1834.7336,-2560.9483,7024.0553,4740493.9622,3957787.5156,2677583.6119,-1834.6692,-2560.8873,7023.8749,0.0,0.0765,3.9732,0.0,0.0,1.0,0.0,1.0,0.0,0.0,-4.1,-36.453,0.0,0.0,-1.0,-0.7071,0.7071,0.0,13.282132509503132,0.043382023926967724,-0.347425,1.583978840058706,12.252080254527689,,
57.8906,69.443,4.884,-12.342,65.52,4.71,-11.734,-0.204,-0.02,0.04,-0.204,-0.02,0.04,-1.861,8.775,-3.659,-0.001,-0.0,-0.007,-0.0,0.0,0.0,879.079,-0.0,0.0,-1.0,0.0,0.0,0.0,0.0,0.0,0.9607,0.0057,-0.2775,-0.0863,0.9564,-0.2789,0.2638,0.2919,0.9194,0.669,0.7326,-0.1252,-0.7377,0.634,-0.2321,-0.0907,0.2476,0.9646,-0.0001,0.0,0.0,0.0,0.0,0.0,-0.0665,-0.0632,0.1872,22.7024,25.8128,-100.6252,0.0,0.0435,-0.3733,0.0,0.0,0.0,4740133.546,3957278.635,2678949.1305,-1836.0291,-2562.0303,7023.3314,4740110.8436,3957252.8222,2679049.7557,-1835.9626,-2561.9671,7023.1442,0.0,0.0765,3.9732,0.0,0.0,1.0,0.0,1.0,0.0,0.0,-4.1,-36.453,0.0,0.0,-1.0,-0.7071,0.7071,0.0,13.27322191481782,0.044721359549995794,-0.347215,1.5828375271955781,12.244674521337933,,
58.1015,69.4,4.88,-12.334,65.476,4.706,-11.725,-0.211,-0.02,0.042,-0.211,-0.021,0.042,-1.861,8.775,-3.661,-0.001,-0.0,-0.007,-0.0,0.0,0.0,879.056,-0.0,0.0,-1.0,0.0,0.0,0.0,0.0,0.0,0.9607,0.0057,-0.2775,-0.0863,0.9564,-0.2789,0.2638,0.2919,0.9193,0.669,0.7326,-0.1252,-0.7377,0.634,-0.2321,-0.0907,0.2476,0.9646,-0.0001,0.0,0.0,0.0,0.0,0.0,-0.0686,-0.0653,0.1942,22.6882,25.7992,-100.5851,0.0,0.0435,-0.3733,0.0,0.0,0.0,4739747.1715,3956739.5578,2680426.5203,-1837.3345,-2563.1204,7022.6015,4739724.4833,3956713.7586,2680527.1054,-1837.266,-2563.0551,7022.4073,0.0,0.0765,3.9732,0.0,0.0,1.0,0.0,1.0,0.0,0.0,-4.1,-36.453,0.0,0.0,-1.0,-0.7071,0.7071,0.0,13.26431136546485,0.04651881339845203,-0.34700000000000003,1.5757668277141212,12.237092461167471,,
58.3103,69.355,4.876,-12.325,65.432,4.701,-11.716,-0.218,-0.021,0.043,-0.218,-0.021,0.043,-1.861,8.775,-3.662,-0.001,-0.0,-0.008,-0.0,0.0,0.0,879.033,-0.0,0.0,-1.0,0.0,0.0,0.0,0.0,0.0,0.9607,0.0057,-0.2775,-0.0863,0.9564,-0.279,0.2638,0.2919,0.9193,0.669,0.7326,-0.1252,-0.7377,0.634,-0.2321,-0.0907,0.2476,0.9646,-0.0001,0.0,0.0,0.0,0.0,0.0,-0.0707,-0.0674,0.2011,22.6736,25.7853,-100.5437,0.0,0.0435,-0.3733,0.0,0.0,0.0,4739362.5404,3956203.0655,2681896.0498,-1838.633,-2564.2048,7021.875,4739339.8667,3956177.2801,2681996.5935,-1838.5624,-2564.1374,7021.6739,0.0,0.0765,3.9732,0.0,0.0,1.0,0.0,1.0,0.0,0.0,-4.1,-36.453,0.0,0.0,-1.0,-0.7071,0.7071,0.0,13.254470981521669,0.0478539444560216,-0.346775,1.5598103385173079,12.22915774703559,,
58.5223,69.308,4.871,-12.316,65.385,4.697,-11.707,-0.226,-0.021,0.044,-0.226,-0.022,0.044,-1.861,8.775,-3.664,-0.001,-0.0,-0.008,-0.0,0.0,0.0,879.01,-0.0,0.0,-1.0,0.0,0.0,0.0,0.0,0.0,0.9607,0.0057,-0.2775,-0.0863,0.9564,-0.279,0.2638,0.292,0.9193,0.669,0.7326,-0.1252,-0.7377,0.634,-0.2321,-0.0907,0.2476,0.9646,-0.0001,0.0,0.0,0.0,0.0,0.0,-0.0728,-0.0696,0.208,22.6585,25.7709,-100.5006,0.0,0.0435,-0.3733,0.0,0.0,0.0,4738974.5106,3955661.9871,2683377.3593,-1839.942,-2565.2978,7021.1421,4738951.8521,3955636.2162,2683477.8599,-1839.8692,-2565.2282,7020.9341,0.0,0.0765,3.9732,0.0,0.0,1.0,0.0,1.0,0.0,0.0,-4.1,-36.453,0.0,0.0,-1.0,-0.7071,0.7071,0.0,13.244262795640987,0.04875448697299562,-0.34654,1.5710874357175166,12.220870378942292,,
58.7235,69.262,4.867,-12.307,65.339,4.693,-11.698,-0.232,-0.021,0.045,-0.232,-0.022,0.045,-1.862,8.775,-3.665,-0.0,-0.0,-0.005,-0.0,0.0,0.0,878.987,-0.0,0.0,-0.0,0.0,0.0,0.0,0.0,0.0,0.9607,0.0057,-0.2775,-0.0863,0.9564,-0.279,0.2638,0.292,0.9193,0.669,0.7326,-0.1252,-0.7377,0.634,-0.2321,-0.0907,0.2476,0.9646,-0.0001,0.0,0.0,0.0,0.0,0.0,-0.0746,-0.0715,0.2141,22.6438,25.7568,-100.4585,0.0,0.0435,-0.3733,0.0,0.0,0.0,4738607.5569,3955150.4391,2684777.0996,-1841.1787,-2566.3304,7020.4487,4738584.9131,3955124.6823,2684877.5581,-1841.1041,-2566.259,7020.2346,0.0,0.0765,3.9732,0.0,0.0,1.0,0.0,1.0,0.0,0.0,-4.1,-36.453,0.0,0.0,-1.0,-0.7071,0.7071,0.0,13.234422465676394,0.04965883607174054,-0.34631,1.5699974503723388,12.2127593378297,,
58.9369,69.212,4.863,-12.297,65.289,4.688,-11.688,-0.232,-0.021,0.045,-0.232,-0.022,0.045,-1.862,8.775,-3.666,-0.0,-0.0,-0.005,-0.0,0.0,0.0,878.987,-0.0,0.0,-0.0,0.0,0.0,0.0,0.0,0.0,0.9607,0.0057,-0.2775,-0.0863,0.9564,-0.279,0.2638,0.292,0.9193,0.669,0.7326,-0.1252,-0.7377,0.634,-0.2321,-0.0907,0.2476,0.9646,-0.0001,0.0,0.0,0.0,0.0,0.0,-0.0746,-0.0715,0.2141,22.6278,25.7415,-100.4126,0.0,0.0435,-0.3733,0.0,0.0,0.0,4738213.0034,3954600.5697,2686280.9168,-1842.5055,-2567.4378,7019.6968,4738190.3756,3954574.8282,2686381.3294,-1842.4309,-2567.3663,7019.4826,0.0,0.0765,3.9732,0.0,0.0,1.0,0.0,1.0,0.0,0.0,-4.1,-36.453,0.0,0.0,-1.0,-0.7071,0.7071,0.0,13.223652218657296,0.04965883607174054,-0.34606000000000003,1.5560133231036624,12.203942988794278,,
59.1494,69.163,4.858,-12.287,65.24,4.683,-11.679,-0.233,-0.021,0.045,-0.232,-0.022,0.045,-1.862,8.775,-3.667,-0.0,-0.0,-0.005,-0.0,0.0,0.0,878.987,-0.0,0.0,-0.0,0.0,0.0,0.0,0.0,0.0,0.9607,0.0057,-0.2775,-0.0863,0.9564,-0.2791,0.2638,0.292,0.9193,0.669,0.7326,-0.1252,-0.7377,0.634,-0.2321,-0.0907,0.2476,0.9646,-0.0001,0.0,0.0,0.0,0.0,0.0,-0.0746,-0.0715,0.2142,22.612,25.7263,-100.3671,0.0,0.0435,-0.3733,0.0,0.0,0.0,4737821.5588,3954055.1904,2687771.6567,-1843.8208,-2568.5355,7018.9509,4737798.9468,3954029.4641,2687872.0238,-1843.7461,-2568.464,7018.7367,0.0,0.0765,3.9732,0.0,0.0,1.0,0.0,1.0,0.0,0.0,-4.1,-36.453,0.0,0.0,-1.0,-0.7071,0.7071,0.0,13.212514257324381,0.04965883607174054,-0.345815,1.562065456554657,12.195302966739563,,
59.3612,69.114,4.853,-12.278,65.19,4.679,-11.669,-0.233,-0.021,0.045,-0.233,-0.022,0.045,-1.862,8.775,-3.669,-0.0,-0.0,-0.005,-0.0,0.0,0.0,878.987,-0.0,0.0,-0.0,0.0,0.0,0.0,0.0,0.0,0.9607,0.0057,-0.2775,-0.0863,0.9564,-0.2791,0.2638,0.292,0.9193,0.669,0.7326,-0.1252,-0.7377,0.634,-0.2321,-0.0907,0.2476,0.9646,-0.0001,0.0,0.0,0.0,0.0,0.0,-0.0746,-0.0715,0.2142,22.5962,25.7111,-100.3217,0.0,0.0435,-0.3733,0.0,0.0,0.0,4737430.4564,3953510.443,2689259.8738,-1845.1338,-2569.6313,7018.2057,4737407.8602,3953484.7319,2689360.1955,-1845.0592,-2569.5599,7017.9915,0.0,0.0765,3.9732,0.0,0.0,1.0,0.0,1.0,0.0,0.0,-4.1,-36.453,0.0,0.0,-1.0,-0.7071,0.7071,0.0,13.20230635154328,0.04965883607174054,-0.34557000000000004,1.5674825472788638,12.18666294468485,,
59.5668,69.065,4.849,-12.269,65.142,4.674,-11.66,-0.237,-0.022,0.046,-0.237,-0.022,0.046,-1.862,8.775,-3.67,-0.001,-0.0,-0.006,-0.0,0.0,0.0,878.972,-0.0,0.0,-1.0,0.0,0.0,0.0,0.0,0.0,0.9607,0.0057,-0.2775,-0.0863,0.9564,-0.2791,0.2638,0.2921,0.9193,0.669,0.7326,-0.1252,-0.7377,0.634,-0.2321,-0.0907,0.2476,0.9646,-0.0001,0.0,0.0,0.0,0.0,0.0,-0.076,-0.0728,0.2185,22.5806,25.6962,-100.277,0.0,0.0435,-0.3733,0.0,0.0,0.0,4737047.7393,3952977.5254,2690715.0056,-1846.419,-2570.7041,7017.481,4737025.1587,3952951.8292,2690815.2826,-1846.3431,-2570.6313,7017.2625,0.0,0.0765,3.9732,0.0,0.0,1.0,0.0,1.0,0.0,0.0,-4.1,-36.453,0.0,0.0,-1.0,-0.7071,0.7071,0.0,13.19246610759338,0.05099019513592785,-0.345325,1.5519802496898434,12.178022922630133,,
59.7674,69.017,4.845,-12.259,65.094,4.67,-11.651,-0.24,-0.022,0.046,-0.24,-0.022,0.046,-1.862,8.775,-3.671,-0.001,-0.0,-0.006,-0.0,0.0,0.0,878.964,-0.0,0.0,-0.0,0.0,0.0,0.0,0.0,0.0,0.9607,0.0057,-0.2775,-0.0863,0.9564,-0.2791,0.2638,0.2921,0.9193,0.669,0.7326,-0.1252,-0.7377,0.634,-0.2321,-0.0907,0.2476,0.9646,-0.0001,0.0,0.0,0.0,0.0,0.0,-0.0767,-0.0736,0.2211,22.5654,25.6816,-100.2332,0.0,0.0435,-0.3733,0.0,0.0,0.0,4736680.4781,3952466.2692,2692110.2801,-1847.6509,-2571.7322,7016.7841,4736657.9127,3952440.5876,2692210.5133,-1847.5742,-2571.6586,7016.5629,0.0,0.0765,3.9732,0.0,0.0,1.0,0.0,1.0,0.0,0.0,-4.1,-36.453,0.0,0.0,-1.0,-0.7071,0.7071,0.0,13.181695869651978,0.05099019513592785,-0.345085,1.5585970866897825,12.169559227556126,,
59.9677,68.97,4.84,-12.25,65.046,4.665,-11.642,-0.24,-0.022,0.046,-0.24,-0.022,0.046,-1.862,8.775,-3.672,-0.001,-0.0,-0.006,-0.0,0.0,0.0,878.964,-0.0,0.0,-0.0,0.0,0.0,0.0,0.0,0.0,0.9607,0.0057,-0.2775,-0.0863,0.9564,-0.2791,0.2638,0.2921,0.9193,0.669,0.7326,-0.1252,-0.7377,0.634,-0.2321,-0.0907,0.2476,0.9646,-0.0001,0.0,0.0,0.0,0.0,0.0,-0.0768,-0.0736,0.2212,22.55,25.6669,-100.189,0.0,0.0435,-0.3733,0.0,0.0,0.0,4736311.2271,3951952.3806,2693512.0369,-1848.8878,-2572.7643,7016.0809,4736288.6771,3951926.7137,2693612.2259,-1848.8111,-2572.6906,7015.8597,0.0,0.0765,3.9732,0.0,0.0,1.0,0.0,1.0,0.0,0.0,-4.1,-36.453,0.0,0.0,-1.0,-0.7071,0.7071,0.0,13.17148814675092,0.05099019513592785,-0.34485,1.5587479578212786,12.161271859462829,,
60.182,68.918,4.836,-12.24,64.995,4.66,-11.632,-0.24,-0.022,0.046,-0.24,-0.022,0.046,-1.862,8.775,-3.674,-0.001,-0.0,-0.006,-0.0,0.0,0.0,878.964,-0.0,0.0,-0.0,0.0,0.0,0.0,0.0,0.0,0.9607,0.0057,-0.2775,-0.0863,0.9564,-0.2792,0.2638,0.2921,0.9193,0.669,0.7326,-0.1252,-0.7377,0.634,-0.2321,-0.0907,0.2476,0.9646,-0.0001,0.0,0.0,0.0,0.0,0.0,-0.0768,-0.0736,0.2212,22.5336,25.6511,-100.1416,0.0,0.0435,-0.3733,0.0,0.0,0.0,4735914.7405,3951400.7407,2695015.9864,-1850.2149,-2573.8715,7015.3259,4735892.2069,3951375.0896,2695116.128,-1850.1381,-2573.7979,7015.1048,0.0,0.0765,3.9732,0.0,0.0,1.0,0.0,1.0,0.0,0.0,-4.1,-36.453,0.0,0.0,-1.0,-0.7071,0.7071,0.0,13.160717913548638,0.05099019513592785,-0.34459,1.5432488874681871,12.15210285646599,,
60.3942,68.867,4.831,-12.23,64.944,4.655,-11.622,-0.24,-0.022,0.046,-0.24,-0.022,0.046,-1.862,8.775,-3.675,-0.001,-0.0,-0.006,-0.0,0.0,0.0,878.964,-0.0,0.0,-0.0,0.0,0.0,0.0,0.0,0.0,0.9607,0.0057,-0.2775,-0.0863,0.9564,-0.2792,0.2638,0.2921,0.9193,0.669,0.7326,-0.1252,-0.7377,0.634,-0.2321,-0.0907,0.2476,0.9646,-0.0001,0.0,0.0,0.0,0.0,0.0,-0.0768,-0.0737,0.2212,22.5172,25.6354,-100.0945,0.0,0.0435,-0.3733,0.0,0.0,0.0,4735520.653,3950852.596,2696509.6074,-1851.5329,-2574.9712,7014.5757,4735498.1358,3950826.9606,2696609.7019,-1851.4561,-2574.8975,7014.3545,0.0,0.0765,3.9732,0.0,0.0,1.0,0.0,1.0,0.0,0.0,-4.1,-36.453,0.0,0.0,-1.0,-0.7071,0.7071,0.0,13.149580259460755,0.05099019513592785,-0.344335,1.5416163424488962,12.143110180449858,,
60.5961,68.819,4.826,-12.221,64.896,4.651,-11.613,-0.24,-0.022,0.046,-0.24,-0.022,0.046,-1.863,8.775,-3.676,-0.001,-0.0,-0.006,-0.0,0.0,0.0,878.964,-0.0,0.0,-0.0,0.0,0.0,0.0,0.0,0.0,0.9607,0.0057,-0.2775,-0.0863,0.9564,-0.2792,0.2638,0.2922,0.9193,0.669,0.7326,-0.1252,-0.7377,0.634,-0.2321,-0.0907,0.2476,0.9646,-0.0001,0.0,0.0,0.0,0.0,0.0,-0.0768,-0.0737,0.2212,22.5018,25.6206,-100.0499,0.0,0.0435,-0.3733,0.0,0.0,0.0,4735147.8564,3950334.2091,2697921.4098,-1852.7787,-2576.0105,7013.8661,4735125.3546,3950308.5886,2698021.4598,-1852.7019,-2575.9369,7013.6449,0.0,0.0765,3.9732,0.0,0.0,1.0,0.0,1.0,0.0,0.0,-4.1,-36.453,0.0,0.0,-1.0,-0.7071,0.7071,0.0,13.139372778028639,0.05099019513592785,-0.34409500000000004,1.5529062194538863,12.134646485375852,,
60.8064,68.768,4.822,-12.211,64.845,4.646,-11.603,-0.24,-0.022,0.046,-0.24,-0.022,0.046,-1.863,8.775,-3.677,-0.001,-0.004,-0.006,-0.0,-0.0,0.0,878.961,-0.0,0.0,-0.0,0.0,-0.385,0.0,0.0,0.0,0.9607,0.0057,-0.2775,-0.0863,0.9563,-0.2792,0.2638,0.2922,0.9193,0.669,0.7326,-0.1252,-0.7377,0.634,-0.2321,-0.0907,0.2476,0.9646,-0.0001,-0.0001,0.0,0.0,0.0,0.0,-0.0768,-0.0737,0.2213,22.4855,25.6049,-100.003,0.0,0.0435,-0.3733,0.0,0.0,0.0,4734754.5495,3949787.4529,2699409.7026,-1854.092,-2577.1062,7013.1175,4734732.064,3949761.8479,2699509.7056,-1854.0152,-2577.0325,7012.8963,0.0,0.0765,3.9732,0.0,0.0,1.0,0.0,1.0,0.0,0.0,-4.1,-36.453,0.0,0.0,-1.0,-0.7071,0.7071,0.0,13.128602553204207,0.05099019513592785,-0.34384,1.5391071386188528,12.12565380935972,,
61.0139,68.718,4.817,-12.202,64.794,4.642,-11.594,-0.24,-0.022,0.046,-0.241,-0.022,0.042,-1.863,8.769,-3.679,-0.004,-0.052,-0.004,-0.0,-0.001,0.0,878.932,-0.0,0.0,-0.0,0.0,-0.993,0.0,0.0,0.0,0.9607,0.0057,-0.2774,-0.0863,0.9563,-0.2792,0.2637,0.2922,0.9193,0.669,0.7326,-0.1252,-0.7377,0.634,-0.2321,-0.0907,0.2476,0.9646,-0.0001,-0.0009,0.0,0.0,0.0,0.0,-0.0768,-0.0737,0.2213,22.4695,25.5896,-99.9569,0.0,0.0435,-0.3733,0.0,0.0,0.0,4734368.3833,3949250.7735,2700869.7952,-1855.3805,-2578.181,7012.3827,4734345.9138,3949225.184,2700969.7522,-1855.3037,-2578.1073,7012.1614,0.0,0.0765,3.9732,0.0,0.0,1.0,0.0,1.0,0.0,0.0,-4.1,-36.453,0.0,0.0,-1.0,-0.7071,0.7071,0.0,13.118395214354535,0.05099019513592785,-0.34359,1.5524655440726525,12.116837460324296,,
61.2224,68.668,4.813,-12.192,64.744,4.637,-11.585,-0.24,-0.022,0.046,-0.241,-0.022,0.039,-1.863,8.753,-3.679,-0.006,-0.097,-0.003,-0.0,-0.002,0.0,878.905,-0.0,0.0,-0.0,0.0,-0.993,0.0,0.0,0.0,0.9608,0.0057,-0.2771,-0.0862,0.9563,-0.2793,0.2635,0.2922,0.9193,0.669,0.7326,-0.1252,-0.7377,0.634,-0.2321,-0.0907,0.2476,0.9646,-0.0001,-0.0017,0.0,0.0,0.0,0.0,-0.0768,-0.0737,0.2213,22.4536,25.5742,-99.9109,0.0,0.0435,-0.3733,0.0,0.0,0.0,4733982.2047,3948714.2258,2702328.7688,-1856.6681,-2579.255,7011.648,4733959.7511,3948688.6516,2702428.6797,-1856.5913,-2579.1813,7011.4267,0.0,0.0765,3.9732,0.0,0.0,1.0,0.0,1.0,0.0,0.0,-4.1,-36.453,0.0,0.0,-1.0,-0.7071,0.7071,0.0,13.107624994635756,0.05099019513592785,-0.34334000000000003,1.5466230369685952,12.108021111288874,,
61.4282,68.618,4.808,-12.183,64.694,4.632,-11.578,-0.24,-0.022,0.045,-0.242,-0.022,0.035,-1.863,8.728,-3.68,-0.009,-0.145,-0.001,-0.0,-0.003,0.0,878.876,-0.0,0.0,-0.0,0.0,-0.993,0.0,0.0,0.0,0.9609,0.0056,-0.2767,-0.0861,0.9563,-0.2794,0.2631,0.2923,0.9195,0.669,0.7326,-0.1252,-0.7377,0.634,-0.2321,-0.0907,0.2476,0.9646,-0.0001,-0.0025,0.0,0.0,0.0,0.0,-0.0768,-0.0737,0.2213,22.4379,25.559,-99.8651,0.0,0.0435,-0.3733,0.0,0.0,0.0,4733598.6135,3948181.4196,2703776.8161,-1857.946,-2580.3209,7010.9182,4733576.1755,3948155.8607,2703876.6813,-1857.8692,-2580.2472,7010.6969,0.0,0.0765,3.9732,0.0,0.0,1.0,0.0,1.0,0.0,0.0,-4.1,-36.453,0.0,0.0,-1.0,-0.7071,0.7071,0.0,13.09741779894037,0.050089919145472776,-0.34308999999999995,1.561756835656783,12.099204762253448,,
61.6406,68.567,4.803,-12.173,64.643,4.628,-11.57,-0.24,-0.022,0.045,-0.242,-0.022,0.032,-1.863,8.693,-3.68,-0.012,-0.191,0.0,-0.0,-0.003,0.0,878.848,-0.0,0.0,-0.0,0.0,-0.993,0.0,0.0,0.0,0.9611,0.0056,-0.2761,-0.0859,0.9563,-0.2794,0.2625,0.2923,0.9196,0.669,0.7326,-0.1252,-0.7377,0.634,-0.2321,-0.0907,0.2476,0.9646,-0.0001,-0.0033,0.0,0.0,0.0,0.0,-0.0769,-0.0737,0.2213,22.4219,25.5433,-99.8182,0.0,0.0435,-0.3732,0.0,0.0,0.0,4733205.0872,3947634.9661,2705261.1771,-1859.256,-2581.4135,7010.1698,4733182.6653,3947609.4228,2705360.9952,-1859.1792,-2581.3398,7009.9484,0.0,0.0765,3.9732,0.0,0.0,1.0,0.0,1.0,0.0,0.0,-4.1,-36.453,0.0,0.0,-1.0,-0.7071,0.7071,0.0,13.086280525802586,0.050089919145472776,-0.34283499999999995,1.5894873744628775,12.090212086237317,,
61.8538,68.516,4.799,-12.164,64.592,4.623,-11.564,-0.241,-0.022,0.045,-0.243,-0.022,0.028,-1.863,8.647,-3.68,-0.015,-0.24,0.002,-0.0,-0.004,0.0,878.818,-0.0,0.0,-0.0,0.0,-0.993,0.0,0.0,0.0,0.9613,0.0056,-0.2753,-0.0857,0.9563,-0.2795,0.2617,0.2923,0.9198,0.669,0.7326,-0.1252,-0.7377,0.634,-0.2321,-0.0907,0.2476,0.9646,-0.0001,-0.0042,0.0,0.0,0.0,0.0,-0.0769,-0.0737,0.2214,22.4058,25.5276,-99.7711,0.0,0.0435,-0.3732,0.0,0.0,0.0,4732809.899,3947086.3594,2706750.5958,-1860.5705,-2582.5098,7009.4182,4732787.4931,3947060.8317,2706850.3669,-1860.4936,-2582.4361,7009.1968,0.0,0.0765,3.9732,0.0,0.0,1.0,0.0,1.0,0.0,0.0,-4.1,-36.453,0.0,0.0,-1.0,-0.7071,0.7071,0.0,13.07644053249966,0.050089919145472776,-0.34258000000000005,1.6024899386275318,12.081219410221188,,
62.0637,68.466,4.794,-12.155,64.541,4.618,-11.559,-0.241,-0.022,0.044,-0.244,-0.022,0.025,-1.862,8.592,-3.679,-0.017,-0.285,0.003,-0.0,-0.005,0.0,878.791,-0.0,0.0,-0.0,0.0,-0.993,0.0,0.0,0.0,0.9616,0.0056,-0.2744,-0.0854,0.9563,-0.2796,0.2609,0.2923,0.9201,0.669,0.7326,-0.1252,-0.7377,0.634,-0.2321,-0.0907,0.2476,0.9646,-0.0001,-0.005,0.0,0.0,0.0,0.0,-0.0769,-0.0737,0.2214,22.3901,25.5122,-99.7248,0.0,0.0435,-0.3732,0.0,0.0,0.0,4732421.4149,3946547.21,2708213.5672,-1861.8617,-2583.5866,7008.6795,4732399.0248,3946521.6978,2708313.292,-1861.7848,-2583.5129,7008.4581,0.0,0.0765,3.9732,0.0,0.0,1.0,0.0,1.0,0.0,0.0,-4.1,-36.453,0.0,0.0,-1.0,-0.7071,0.7071,0.0,13.066233619524795,0.04919349550499537,-0.34232999999999997,1.6391740019051708,12.072403061185762,,
62.2722,68.415,4.789,-12.145,64.489,4.614,-11.554,-0.241,-0.022,0.044,-0.244,-0.022,0.021,-1.862,8.527,-3.678,-0.02,-0.333,0.005,-0.0,-0.006,0.0,878.762,-0.0,0.0,-0.0,0.0,-0.993,0.0,0.0,0.0,0.9619,0.0056,-0.2733,-0.0851,0.9563,-0.2797,0.2598,0.2923,0.9203,0.669,0.7326,-0.1252,-0.7377,0.634,-0.2321,-0.0907,0.2476,0.9646,-0.0001,-0.0058,0.0,0.0,0.0,0.0,-0.0769,-0.0738,0.2214,22.3743,25.4966,-99.678,0.0,0.0435,-0.3732,0.0,0.0,0.0,4732029.0371,3946002.8085,2709690.0169,-1863.1648,-2584.6733,7007.9336,4732006.6628,3945977.3118,2709789.6949,-1863.0879,-2584.5996,7007.7122,0.0,0.0765,3.9732,0.0,0.0,1.0,0.0,1.0,0.0,0.0,-4.1,-36.453,0.0,0.0,-1.0,-0.7071,0.7071,0.0,13.055096552687766,0.04919349550499537,-0.342075,1.6982383184068661,12.063410385169632,,
62.4757,68.366,4.785,-12.136,64.44,4.609,-11.55,-0.241,-0.022,0.044,-0.245,-0.022,0.018,-1.862,8.454,-3.677,-0.023,-0.38,0.006,-0.0,-0.007,0.0,878.733,-0.0,0.0,-0.0,0.0,-0.993,0.0,0.0,0.0,0.9623,0.0056,-0.2721,-0.0847,0.9563,-0.2799,0.2586,0.2924,0.9207,0.669,0.7326,-0.1252,-0.7377,0.634,-0.2321,-0.0907,0.2476,0.9646,-0.0001,-0.0066,0.0,0.0,0.0,0.0,-0.0769,-0.0738,0.2214,22.3591,25.4815,-99.6328,0.0,0.0435,-0.3732,0.0,0.0,0.0,4731649.1014,3945475.8138,2711118.5163,-1864.4256,-2585.7247,7007.2114,4731626.7422,3945450.3322,2711218.1491,-1864.3487,-2585.6509,7006.9899,0.0,0.0765,3.9732,0.0,0.0,1.0,0.0,1.0,0.0,0.0,-4.1,-36.453,0.0,0.0,-1.0,-0.7071,0.7071,0.0,13.045256647532849,0.04919349550499537,-0.34183,1.7348784383794094,12.054770363114917,,
62.6882,68.315,4.78,-12.127,64.388,4.605,-11.546,-0.241,-0.022,0.043,-0.245,-0.022,0.014,-1.862,8.369,-3.676,-0.026,-0.426,0.008,-0.0,-0.007,0.0,878.705,-0.0,0.0,-0.0,0.0,-0.805,0.0,0.0,0.0,0.9627,0.0056,-0.2707,-0.0843,0.9563,-0.28,0.2573,0.2924,0.921,0.669,0.7326,-0.1252,-0.7377,0.634,-0.2321,-0.0907,0.2476,0.9646,-0.0001,-0.0074,0.0,0.0,0.0,0.0,-0.0769,-0.0738,0.2215,22.3434,25.4659,-99.5859,0.0,0.0435,-0.3732,0.0,0.0,0.0,4731255.6886,3944930.275,2712596.5154,-1865.7302,-2586.8124,7006.4637,4731233.3452,3944904.8091,2712696.1013,-1865.6533,-2586.7387,7006.2422,0.0,0.0765,3.9732,0.0,0.0,1.0,0.0,1.0,0.0,0.0,-4.1,-36.453,0.0,0.0,-1.0,-0.7071,0.7071,0.0,13.035050019083165,0.04830113870293328,-0.34157499999999996,1.797798906116907,12.045777687098784,,
62.8989,68.264,4.776,-12.118,64.336,4.6,-11.543,-0.241,-0.022,0.044,-0.245,-0.022,0.015,-1.861,8.277,-3.674,-0.025,-0.414,0.007,-0.0,-0.007,0.0,878.676,-0.0,0.0,-0.0,0.0,0.0,0.0,0.0,0.0,0.9631,0.0056,-0.2691,-0.0839,0.9563,-0.2802,0.2558,0.2924,0.9215,0.669,0.7326,-0.1252,-0.7377,0.634,-0.2321,-0.0907,0.2476,0.9646,-0.0001,-0.0072,0.0,0.0,0.0,0.0,-0.0769,-0.0738,0.2215,22.3278,25.4502,-99.5389,0.0,0.0435,-0.3732,0.0,0.0,0.0,4730860.3615,3944382.2346,2714080.5075,-1867.04,-2587.9046,7005.7124,4730838.0337,3944356.7844,2714180.0464,-1866.9631,-2587.8308,7005.4909,0.0,0.0765,3.9732,0.0,0.0,1.0,0.0,1.0,0.0,0.0,-4.1,-36.453,0.0,0.0,-1.0,-0.7071,0.7071,0.0,13.025210171049064,0.04919349550499537,-0.34131999999999996,1.8517880371448898,12.036785011082653,,
63.1098,68.214,4.771,-12.109,64.285,4.595,-11.54,-0.241,-0.022,0.044,-0.244,-0.022,0.019,-1.861,8.195,-3.673,-0.022,-0.368,0.006,-0.0,-0.006,0.0,878.648,-0.0,0.0,-0.0,0.0,0.0,0.0,0.0,0.0,0.9635,0.0056,-0.2678,-0.0835,0.9563,-0.2803,0.2545,0.2924,0.9218,0.669,0.7326,-0.1252,-0.7377,0.634,-0.2321,-0.0907,0.2476,0.9646,-0.0001,-0.0064,0.0,0.0,0.0,0.0,-0.0769,-0.0738,0.2215,22.3121,25.4347,-99.4921,0.0,0.0435,-0.3732,0.0,0.0,0.0,4730467.5974,3943837.8995,2715553.6903,-1868.3404,-2588.9887,7004.9662,4730445.2853,3943812.4649,2715653.1824,-1868.2635,-2588.9149,7004.7447,0.0,0.0765,3.9732,0.0,0.0,1.0,0.0,1.0,0.0,0.0,-4.1,-36.453,0.0,0.0,-1.0,-0.7071,0.7071,0.0,13.015003726468924,0.04919349550499537,-0.34107,1.9183544151175373,12.027968662047229,,
63.3116,68.165,4.767,-12.1,64.235,4.591,-11.536,-0.241,-0.022,0.044,-0.244,-0.022,0.018,-1.861,8.122,-3.672,-0.023,-0.372,0.006,-0.0,-0.006,0.0,878.62,-0.0,0.0,-0.0,0.0,-0.655,0.0,0.0,0.0,0.9638,0.0056,-0.2665,-0.0831,0.9563,-0.2804,0.2533,0.2924,0.9221,0.669,0.7326,-0.1252,-0.7377,0.634,-0.2321,-0.0907,0.2476,0.9646,-0.0001,-0.0065,0.0,0.0,0.0,0.0,-0.0769,-0.0738,0.2215,22.297,25.4197,-99.4473,0.0,0.0435,-0.3732,0.0,0.0,0.0,4730090.2079,3943315.0146,2716968.0929,-1869.5889,-2590.0296,7004.2493,4730067.9109,3943289.5949,2717067.5402,-1869.5119,-2589.9558,7004.0277,0.0,0.0765,3.9732,0.0,0.0,1.0,0.0,1.0,0.0,0.0,-4.1,-36.453,0.0,0.0,-1.0,-0.7071,0.7071,0.0,13.005163935914071,0.04919349550499537,-0.34082500000000004,1.9759660935532783,12.019328639992516,,
63.5213,68.115,4.762,-12.091,64.184,4.586,-11.533,-0.241,-0.022,0.044,-0.245,-0.022,0.015,-1.861,8.039,-3.67,-0.026,-0.42,0.007,-0.0,-0.007,0.0,878.59,-0.0,0.0,-0.0,0.0,-0.6,0.0,0.0,0.0,0.9642,0.0056,-0.2651,-0.0827,0.9563,-0.2806,0.252,0.2925,0.9225,0.669,0.7326,-0.1252,-0.7377,0.634,-0.2321,-0.0907,0.2476,0.9646,-0.0001,-0.0073,0.0,0.0,0.0,0.0,-0.077,-0.0738,0.2216,22.2814,25.4042,-99.4007,0.0,0.0435,-0.3732,0.0,0.0,0.0,4729697.7477,3942771.3956,2718437.8242,-1870.8863,-2591.1111,7003.5038,4729675.4663,3942745.9914,2718537.2249,-1870.8093,-2591.0373,7003.2823,0.0,0.0765,3.9732,0.0,0.0,1.0,0.0,1.0,0.0,0.0,-4.1,-36.453,0.0,0.0,-1.0,-0.7071,0.7071,0.0,12.994957675960318,0.04919349550499537,-0.34057499999999996,2.046140449222112,12.010512290957092,,
63.7338,68.064,4.757,-12.081,64.132,4.582,-11.529,-0.241,-0.022,0.044,-0.245,-0.022,0.016,-1.86,7.95,-3.669,-0.024,-0.398,0.007,-0.0,-0.007,0.0,878.563,-0.0,0.0,-0.0,0.0,0.0,0.0,0.0,0.0,0.9646,0.0056,-0.2636,-0.0823,0.9563,-0.2807,0.2505,0.2925,0.9229,0.669,0.7326,-0.1252,-0.7377,0.634,-0.2321,-0.0907,0.2476,0.9646,-0.0001,-0.007,0.0,0.0,0.0,0.0,-0.077,-0.0738,0.2216,22.2656,25.3885,-99.3537,0.0,0.0435,-0.3732,0.0,0.0,0.0,4729301.9277,3942223.2742,2719918.9477,-1872.1937,-2592.201,7002.7521,4729279.6621,3942197.8857,2720018.3014,-1872.1168,-2592.1272,7002.5305,0.0,0.0765,3.9732,0.0,0.0,1.0,0.0,1.0,0.0,0.0,-4.1,-36.453,0.0,0.0,-1.0,-0.7071,0.7071,0.0,12.983821086259622,0.04919349550499537,-0.34031999999999996,2.126789068464558,12.001519614940959,,
63.9395,68.014,4.753,-12.072,64.082,4.577,-11.525,-0.24,-0.022,0.049,-0.243,-0.022,0.025,-1.86,7.873,-3.667,-0.021,-0.353,0.006,-0.0,-0.006,0.0,878.512,1.0,0.0,-0.0,0.0,0.0,0.0,0.0,0.0,0.965,0.0056,-0.2623,-0.0819,0.9562,-0.2809,0.2493,0.2925,0.9232,0.669,0.7326,-0.1252,-0.7377,0.634,-0.2321,-0.0907,0.2476,0.9646,-0.0001,-0.0062,0.0,0.0,0.0,0.0,-0.0819,-0.0735,0.2202,22.2498,25.3732,-99.3078,0.0,0.0435,-0.3732,0.0,0.0,0.0,4728913.9394,3941686.147,2721369.6066,-1873.4792,-2593.2681,7002.014,4728891.6896,3941660.7738,2721468.9144,-1873.3973,-2593.1946,7001.7938,0.0,0.0765,3.9732,0.0,0.0,1.0,0.0,1.0,0.0,0.0,-4.1,-36.453,0.0,0.0,-1.0,-0.7071,0.7071,0.0,12.973981385835266,0.053712196007983146,-0.34007,2.1771134532225727,11.992703265905536,,
64.1456,67.964,4.748,-12.061,64.031,4.573,-11.519,-0.239,-0.022,0.056,-0.242,-0.022,0.034,-1.86,7.804,-3.666,-0.019,-0.314,0.006,-0.0,-0.005,0.0,878.46,1.0,0.0,-0.0,0.0,0.0,0.0,0.0,0.0,0.9653,0.0056,-0.2612,-0.0816,0.9562,-0.281,0.2482,0.2925,0.9235,0.669,0.7326,-0.1252,-0.7377,0.634,-0.2321,-0.0907,0.2476,0.9646,-0.0001,-0.0055,0.0,0.0,0.0,0.0,-0.088,-0.073,0.2186,22.2327,25.358,-99.2624,0.0,0.0435,-0.3732,0.0,0.0,0.0,4728527.2851,3941151.0137,2722814.1355,-1874.7605,-2594.3305,7001.2783,4728505.0524,3941125.6557,2722913.3979,-1874.6725,-2594.2575,7001.0597,0.0,0.0765,3.9732,0.0,0.0,1.0,0.0,1.0,0.0,0.0,-4.1,-36.453,0.0,0.0,-1.0,-0.7071,0.7071,0.0,12.961914403358788,0.0601664358259653,-0.33982,2.2467477896059282,11.983886916870114,,
64.3585,67.914,4.743,-12.049,63.98,4.568,-11.511,-0.238,-0.023,0.062,-0.241,-0.022,0.044,-1.86,7.742,-3.665,-0.016,-0.269,0.006,-0.0,-0.005,0.0,878.403,1.0,0.0,-0.0,0.0,0.0,0.0,0.0,0.0,0.9656,0.0056,-0.2601,-0.0813,0.9562,-0.2811,0.2472,0.2925,0.9238,0.669,0.7326,-0.1252,-0.7377,0.634,-0.2321,-0.0907,0.2476,0.9646,-0.0001,-0.0047,0.0,0.0,0.0,0.0,-0.0942,-0.0725,0.2169,22.2137,25.3426,-99.2161,0.0,0.0435,-0.3731,0.0,0.0,0.0,4728129.5147,3940600.6481,2724299.0051,-1876.0776,-2595.4225,7000.5215,4728107.301,3940575.3056,2724398.2212,-1875.9834,-2595.35,7000.3046,0.0,0.0765,3.9732,0.0,0.0,1.0,0.0,1.0,0.0,0.0,-4.1,-36.453,0.0,0.0,-1.0,-0.7071,0.7071,0.0,12.948916943126942,0.06612866246946175,-0.33957,2.2951381799551624,11.97507056783469,,
64.5589,67.866,4.739,-12.036,63.932,4.563,-11.501,-0.237,-0.023,0.069,-0.239,-0.023,0.053,-1.859,7.692,-3.664,-0.014,-0.226,0.005,-0.0,-0.004,0.0,878.349,1.0,0.0,-0.0,0.0,0.0,0.0,0.0,0.0,0.9658,0.0056,-0.2593,-0.081,0.9562,-0.2812,0.2464,0.2925,0.924,0.669,0.7326,-0.1252,-0.7377,0.634,-0.2321,-0.0907,0.2476,0.9646,-0.0,-0.004,0.0,0.0,0.0,0.0,-0.1001,-0.072,0.2153,22.1946,25.3281,-99.1728,0.0,0.0435,-0.3731,0.0,0.0,0.0,4727753.7832,3940080.9188,2725700.5002,-1877.3208,-2596.4532,6999.8067,4727731.5886,3940055.5907,2725799.673,-1877.2207,-2596.3812,6999.5915,0.0,0.0765,3.9732,0.0,0.0,1.0,0.0,1.0,0.0,0.0,-4.1,-36.453,0.0,0.0,-1.0,-0.7071,0.7071,0.0,12.935355310156734,0.07273238618387273,-0.33933,2.320447036379714,11.966606872760684,,
64.7693,67.816,4.734,-12.02,63.882,4.559,-11.489,-0.236,-0.023,0.075,-0.238,-0.023,0.063,-1.859,7.649,-3.662,-0.011,-0.184,0.005,-0.0,-0.003,0.0,878.295,1.0,0.0,-0.0,0.0,0.0,0.0,0.0,0.0,0.966,0.0056,-0.2586,-0.0808,0.9562,-0.2812,0.2457,0.2925,0.9242,0.669,0.7326,-0.1252,-0.7377,0.634,-0.2321,-0.0907,0.2476,0.9646,-0.0,-0.0032,0.0,0.0,0.0,0.0,-0.1064,-0.0715,0.2136,22.1732,25.313,-99.1276,0.0,0.0435,-0.3731,0.0,0.0,0.0,4727358.5745,3939534.3962,2727173.4906,-1878.6274,-2597.5365,6999.0551,4727336.4013,3939509.0833,2727272.6181,-1878.5211,-2597.4649,6998.8415,0.0,0.0765,3.9732,0.0,0.0,1.0,0.0,1.0,0.0,0.0,-4.1,-36.453,0.0,0.0,-1.0,-0.7071,0.7071,0.0,12.918635996110424,0.07844743462982075,-0.33908,2.3732805013227454,11.957790523725262,,
64.9791,67.767,4.729,-12.004,63.832,4.554,-11.475,-0.235,-0.023,0.082,-0.236,-0.023,0.072,-1.859,7.615,-3.661,-0.008,-0.14,0.005,0.0,-0.002,0.0,878.238,1.0,0.0,-0.0,0.0,0.0,0.0,0.0,0.0,0.9661,0.0056,-0.258,-0.0806,0.9562,-0.2813,0.2451,0.2925,0.9243,0.669,0.7326,-0.1252,-0.7377,0.634,-0.2321,-0.0907,0.2476,0.9646,0.0,-0.0024,0.0,0.0,0.0,0.0,-0.1126,-0.0711,0.2119,22.1503,25.2979,-99.0827,0.0,0.0435,-0.3731,0.0,0.0,0.0,4726963.2299,3938987.8383,2728645.8048,-1879.9335,-2598.6192,6998.3033,4726941.0796,3938962.5404,2728744.8875,-1879.8209,-2598.5481,6998.0913,0.0,0.0765,3.9732,0.0,0.0,1.0,0.0,1.0,0.0,0.0,-4.1,-36.453,0.0,0.0,-1.0,-0.7071,0.7071,0.0,12.901916795577314,0.08516454661418682,-0.338835,2.394643878526385,11.949150501670545,,
65.1792,67.721,4.724,-11.987,63.786,4.549,-11.46,-0.234,-0.023,0.087,-0.235,-0.023,0.08,-1.859,7.591,-3.66,-0.006,-0.1,0.004,0.0,-0.002,0.0,878.192,-0.0,0.0,-0.0,0.0,0.0,0.0,0.0,0.0,0.9662,0.0056,-0.2576,-0.0805,0.9562,-0.2813,0.2447,0.2925,0.9244,0.669,0.7326,-0.1252,-0.7377,0.634,-0.2321,-0.0907,0.2476,0.9646,0.0,-0.0017,0.0,0.0,0.0,0.0,-0.1172,-0.0707,0.2107,22.1277,25.284,-99.0411,0.0,0.0435,-0.3731,0.0,0.0,0.0,4726592.7072,3938475.7338,2730024.6078,-1881.1555,-2599.6332,6997.5991,4726570.5794,3938450.4498,2730123.6489,-1881.0383,-2599.5625,6997.3884,0.0,0.0765,3.9732,0.0,0.0,1.0,0.0,1.0,0.0,0.0,-4.1,-36.453,0.0,0.0,-1.0,-0.7071,0.7071,0.0,12.884267344323465,0.08998888820293315,-0.33860500000000004,2.4128420927073004,11.941039460557958,,
65.3916,67.671,4.719,-11.968,63.736,4.544,-11.442,-0.234,-0.023,0.087,-0.235,-0.023,0.084,-1.859,7.575,-3.66,-0.003,-0.05,0.003,0.0,-0.001,0.0,878.162,-0.0,0.0,-0.0,0.0,0.0,0.0,0.0,0.0,0.9663,0.0056,-0.2573,-0.0804,0.9562,-0.2813,0.2445,0.2925,0.9245,0.669,0.7326,-0.1252,-0.7377,0.634,-0.2321,-0.0907,0.2476,0.9646,0.0,-0.0009,0.0,0.0,0.0,0.0,-0.1172,-0.0707,0.2107,22.1028,25.2689,-98.9961,0.0,0.0435,-0.3731,0.0,0.0,0.0,4726191.4488,3937921.299,2731516.6217,-1882.4728,-2600.7308,6996.838,4726169.3459,3937896.0301,2731615.6178,-1882.3556,-2600.6601,6996.6272,0.0,0.0765,3.9732,0.0,0.0,1.0,0.0,1.0,0.0,0.0,-4.1,-36.453,0.0,0.0,-1.0,-0.7071,0.7071,0.0,12.864757479253155,0.08998888820293315,-0.338355,2.417566942109978,11.932223111522534,,
65.6085,67.62,4.714,-11.95,63.685,4.539,-11.424,-0.234,-0.023,0.088,-0.234,-0.023,0.087,-1.859,7.57,-3.659,-0.0,-0.007,0.001,0.0,-0.0,0.0,878.136,-0.0,0.0,-0.0,0.0,0.0,0.0,0.0,0.0,0.9663,0.0056,-0.2572,-0.0804,0.9562,-0.2813,0.2444,0.2925,0.9245,0.669,0.7326,-0.1252,-0.7377,0.634,-0.2321,-0.0907,0.2476,0.9646,0.0,-0.0001,0.0,0.0,0.0,0.0,-0.1173,-0.0707,0.2108,22.0778,25.2537,-98.951,0.0,0.0435,-0.3731,0.0,0.0,0.0,4725788.0055,3937363.9998,2733015.5443,-1883.7963,-2601.8335,6996.0728,4725765.9277,3937338.7461,2733114.4953,-1883.679,-2601.7628,6995.8621,0.0,0.0765,3.9732,0.0,0.0,1.0,0.0,1.0,0.0,0.0,-4.1,-36.453,0.0,0.0,-1.0,-0.7071,0.7071,0.0,12.846178264371082,0.09095603333479313,-0.3381,2.410398486300701,11.923230435506403,,
65.8135,67.573,4.71,-11.932,63.637,4.535,-11.406,-0.234,-0.023,0.088,-0.234,-0.023,0.087,-1.859,7.568,-3.659,-0.0,-0.007,0.001,0.0,-0.0,0.0,878.136,-0.0,0.0,-0.0,0.0,0.0,0.0,0.0,0.0,0.9663,0.0056,-0.2572,-0.0804,0.9562,-0.2813,0.2444,0.2925,0.9245,0.669,0.7326,-0.1252,-0.7377,0.634,-0.2321,-0.0907,0.2476,0.9646,0.0,-0.0001,0.0,0.0,0.0,0.0,-0.1173,-0.0707,0.2108,22.0539,25.2393,-98.908,0.0,0.0435,-0.3731,0.0,0.0,0.0,4725404.1112,3936833.849,2734440.707,-1885.0546,-2602.8819,6995.3449,4725382.0573,3936808.6097,2734539.615,-1884.9373,-2602.8112,6995.1341,0.0,0.0765,3.9732,0.0,0.0,1.0,0.0,1.0,0.0,0.0,-4.1,-36.453,0.0,0.0,-1.0,-0.7071,0.7071,0.0,12.827966479532131,0.09095603333479313,-0.33786499999999997,2.4051751133602415,11.914943067413102,,
66.0179,67.524,4.705,-11.914,63.589,4.53,-11.388,-0.234,-0.023,0.088,-0.235,-0.023,0.087,-1.859,7.567,-3.659,-0.0,-0.007,0.001,0.0,-0.0,0.0,878.136,-0.0,0.0,-0.0,0.0,0.0,0.0,0.0,0.0,0.9663,0.0056,-0.2572,-0.0804,0.9562,-0.2813,0.2443,0.2925,0.9245,0.669,0.7326,-0.1252,-0.7377,0.634,-0.2321,-0.0907,0.2476,0.9646,0.0,-0.0001,0.0,0.0,0.0,0.0,-0.1173,-0.0707,0.2108,22.0298,25.2248,-98.8647,0.0,0.0435,-0.3731,0.0,0.0,0.0,4725016.7053,3936298.9911,2735877.7919,-1886.3235,-2603.939,6994.6104,4724994.6755,3936273.7663,2735976.6567,-1886.2062,-2603.8683,6994.3996,0.0,0.0765,3.9732,0.0,0.0,1.0,0.0,1.0,0.0,0.0,-4.1,-36.453,0.0,0.0,-1.0,-0.7071,0.7071,0.0,12.809388002555002,0.09095603333479313,-0.33762000000000003,2.3955992148169427,11.906303045358388,,
66.2192,67.477,4.7,-11.896,63.542,4.525,-11.37,-0.234,-0.024,0.091,-0.234,-0.023,0.091,-1.859,7.565,-3.658,-0.0,-0.008,0.001,0.0,-0.0,0.0,878.122,1.0,0.0,-0.0,0.0,0.0,0.0,0.0,0.0,0.9664,0.0056,-0.2571,-0.0804,0.9562,-0.2813,0.2443,0.2925,0.9245,0.669,0.7326,-0.1252,-0.7377,0.634,-0.2321,-0.0907,0.2476,0.9646,0.0,-0.0001,0.0,0.0,0.0,0.0,-0.1207,-0.0705,0.21,22.0057,25.2104,-98.8218,0.0,0.0435,-0.3731,0.0,0.0,0.0,4724631.8169,3935767.7498,2737304.4315,-1887.5867,-2604.9882,6993.8799,4724609.8112,3935742.5394,2737403.2533,-1887.466,-2604.9177,6993.6699,0.0,0.0765,3.9732,0.0,0.0,1.0,0.0,1.0,0.0,0.0,-4.1,-36.453,0.0,0.0,-1.0,-0.7071,0.7071,0.0,12.79080982580853,0.09411163583744574,-0.33738500000000005,2.387817340760306,11.898015677265091,,
66.4303,67.427,4.695,-11.876,63.492,4.52,-11.35,-0.233,-0.024,0.098,-0.233,-0.024,0.098,-1.859,7.563,-3.658,-0.0,-0.008,0.001,0.0,-0.0,-0.0,878.095,1.0,0.0,-0.0,0.0,0.0,0.0,0.0,0.0,0.9664,0.0056,-0.2571,-0.0804,0.9562,-0.2813,0.2443,0.2925,0.9245,0.669,0.7326,-0.1252,-0.7377,0.634,-0.2321,-0.0907,0.2476,0.9646,0.0,-0.0001,-0.0,0.0,0.0,0.0,-0.1275,-0.0699,0.2083,21.9795,25.1956,-98.7776,0.0,0.0435,-0.3731,0.0,0.0,0.0,4724233.2464,3935217.7741,2738780.6213,-1888.8969,-2606.0734,6993.1227,4724211.2669,3935192.5785,2738879.3989,-1888.7694,-2606.0035,6992.9145,0.0,0.0765,3.9732,0.0,0.0,1.0,0.0,1.0,0.0,0.0,-4.1,-36.453,0.0,0.0,-1.0,-0.7071,0.7071,0.0,12.770371999280208,0.10089598604503551,-0.337135,2.379084651177998,11.889199328229669,,
66.6401,67.379,4.69,-11.855,63.444,4.515,-11.329,-0.232,-0.024,0.105,-0.232,-0.024,0.105,-1.859,7.562,-3.658,-0.0,-0.002,0.001,0.0,-0.0,-0.0,878.064,1.0,0.0,-0.0,0.0,0.0,0.0,0.0,0.0,0.9664,0.0056,-0.2571,-0.0804,0.9562,-0.2813,0.2443,0.2925,0.9245,0.669,0.7326,-0.1252,-0.7377,0.634,-0.2321,-0.0907,0.2476,0.9646,0.0,-0.0,-0.0,0.0,0.0,0.0,-0.1341,-0.0694,0.2066,21.9522,25.181,-98.7343,0.0,0.0435,-0.3731,0.0,0.0,0.0,4723838.4837,3934673.2034,2740241.5423,-1890.1936,-2607.1474,6992.3729,4723816.5315,3934648.0223,2740340.2766,-1890.0595,-2607.0781,6992.1663,0.0,0.0765,3.9732,0.0,0.0,1.0,0.0,1.0,0.0,0.0,-4.1,-36.453,0.0,0.0,-1.0,-0.7071,0.7071,0.0,12.749004863125593,0.10770793842609744,-0.336895,2.369355253316901,11.880735633155663,,
66.8485,67.33,4.685,-11.832,63.395,4.51,-11.307,-0.231,-0.024,0.112,-0.231,-0.024,0.112,-1.859,7.561,-3.658,-0.0,-0.003,0.001,0.0,-0.0,-0.0,878.036,1.0,0.0,-0.0,0.0,0.0,0.0,0.0,0.0,0.9664,0.0056,-0.2571,-0.0804,0.9562,-0.2813,0.2443,0.2925,0.9245,0.669,0.7326,-0.1252,-0.7377,0.634,-0.2321,-0.0907,0.2476,0.9646,0.0,-0.0,-0.0,0.0,0.0,0.0,-0.1408,-0.0688,0.2049,21.9235,25.1666,-98.6913,0.0,0.0435,-0.3731,0.0,0.0,0.0,4723443.3309,3934128.2435,2741702.7469,-1891.4906,-2608.2216,6991.6225,4723421.4074,3934103.0769,2741801.4382,-1891.3498,-2608.1528,6991.4176,0.0,0.0765,3.9732,0.0,0.0,1.0,0.0,1.0,0.0,0.0,-4.1,-36.453,0.0,0.0,-1.0,-0.7071,0.7071,0.0,12.725778915257015,0.11454256850621083,-0.33665,2.371036876225579,11.872095611100946,,
67.0545,67.283,4.68,-11.808,63.347,4.505,-11.283,-0.23,-0.024,0.119,-0.23,-0.024,0.118,-1.859,7.561,-3.657,-0.0,-0.003,0.001,0.0,-0.0,-0.0,878.009,1.0,0.0,-0.0,0.0,0.0,0.0,0.0,0.0,0.9664,0.0056,-0.2571,-0.0804,0.9562,-0.2813,0.2443,0.2925,0.9245,0.669,0.7326,-0.1252,-0.7377,0.634,-0.2321,-0.0907,0.2476,0.9646,0.0,-0.0001,-0.0,0.0,0.0,0.0,-0.1475,-0.0683,0.2033,21.8937,25.1524,-98.6491,0.0,0.0435,-0.373,0.0,0.0,0.0,4723052.0221,3933588.7314,2743148.5959,-1892.7741,-2609.2845,6990.8795,4723030.1284,3933563.579,2743247.2449,-1892.6266,-2609.2162,6990.6762,0.0,0.0765,3.9732,0.0,0.0,1.0,0.0,1.0,0.0,0.0,-4.1,-36.453,0.0,0.0,-1.0,-0.7071,0.7071,0.0,12.701624463036215,0.12139604606411199,-0.336415,2.3611403893979577,11.863808243007648,,
67.2701,67.234,4.675,-11.783,63.299,4.5,-11.257,-0.23,-0.024,0.122,-0.23,-0.024,0.121,-1.859,7.56,-3.657,-0.0,-0.003,0.001,0.0,-0.0,-0.0,877.997,-0.0,0.0,-0.0,0.0,0.0,0.0,0.0,0.0,0.9664,0.0056,-0.2571,-0.0804,0.9562,-0.2813,0.2442,0.2925,0.9245,0.669,0.7326,-0.1252,-0.7377,0.634,-0.2321,-0.0907,0.2476,0.9646,0.0,-0.0001,-0.0,0.0,0.0,0.0,-0.1505,-0.068,0.2026,21.8619,25.138,-98.6061,0.0,0.0435,-0.373,0.0,0.0,0.0,4722651.1169,3933036.1404,2744628.7287,-1894.0842,-2610.3728,6990.1193,4722629.2549,3933011.0024,2744727.3349,-1893.9337,-2610.3048,6989.9168,0.0,0.0765,3.9732,0.0,0.0,1.0,0.0,1.0,0.0,0.0,-4.1,-36.453,0.0,0.0,-1.0,-0.7071,0.7071,0.0,12.67654187860396,0.12433824833895642,-0.33616999999999997,2.3340505269679697,11.855168220952933,,
67.4703,67.188,4.67,-11.758,63.253,4.495,-11.233,-0.23,-0.024,0.122,-0.23,-0.024,0.121,-1.859,7.56,-3.657,-0.0,-0.003,0.001,0.0,-0.0,-0.0,877.997,-0.0,0.0,-0.0,0.0,0.0,0.0,0.0,0.0,0.9664,0.0056,-0.2571,-0.0804,0.9562,-0.2813,0.2442,0.2925,0.9245,0.669,0.7326,-0.1252,-0.7377,0.634,-0.2321,-0.0907,0.2476,0.9646,0.0,-0.0001,-0.0,0.0,0.0,0.0,-0.1505,-0.068,0.2026,21.8318,25.1244,-98.5655,0.0,0.0435,-0.373,0.0,0.0,0.0,4722271.2707,3932512.7148,2746030.0212,-1895.3217,-2611.4034,6989.3999,4722249.4389,3932487.5904,2746128.5867,-1895.1712,-2611.3354,6989.1973,0.0,0.0765,3.9732,0.0,0.0,1.0,0.0,1.0,0.0,0.0,-4.1,-36.453,0.0,0.0,-1.0,-0.7071,0.7071,0.0,12.65146094330611,0.12433824833895642,-0.33594,2.333831161122319,11.847057179840345,,
67.6843,67.138,4.665,-11.732,63.203,4.49,-11.207,-0.23,-0.024,0.122,-0.23,-0.024,0.121,-1.859,7.559,-3.657,-0.0,-0.003,0.001,0.0,-0.0,-0.0,877.997,-0.0,0.0,-0.0,0.0,0.0,0.0,0.0,0.0,0.9664,0.0056,-0.257,-0.0804,0.9562,-0.2813,0.2442,0.2925,0.9246,0.669,0.7326,-0.1252,-0.7377,0.634,-0.2321,-0.0907,0.2476,0.9646,0.0,-0.0001,-0.0,0.0,0.0,0.0,-0.1505,-0.0681,0.2026,21.7995,25.1098,-98.5221,0.0,0.0435,-0.373,0.0,0.0,0.0,4721864.7152,3931952.6344,2747528.6748,-1896.6452,-2612.5055,6988.63,4721842.9157,3931927.5246,2747627.1969,-1896.4947,-2612.4375,6988.4274,0.0,0.0765,3.9732,0.0,0.0,1.0,0.0,1.0,0.0,0.0,-4.1,-36.453,0.0,0.0,-1.0,-0.7071,0.7071,0.0,12.625452427537002,0.12433824833895642,-0.33569000000000004,2.3208977099632575,11.838240830804923,,
67.8968,67.088,4.66,-11.706,63.153,4.485,-11.181,-0.23,-0.024,0.122,-0.23,-0.024,0.121,-1.859,7.558,-3.656,-0.001,-0.013,0.001,0.0,-0.0,-0.0,877.991,-0.0,0.0,-0.0,0.0,-0.486,0.0,0.0,0.0,0.9664,0.0056,-0.257,-0.0803,0.9563,-0.2813,0.2442,0.2925,0.9246,0.669,0.7326,-0.1252,-0.7377,0.634,-0.2321,-0.0907,0.2476,0.9646,0.0,-0.0002,-0.0,0.0,0.0,0.0,-0.1505,-0.0681,0.2026,21.7667,25.095,-98.4779,0.0,0.0435,-0.373,0.0,0.0,0.0,4721451.3494,3931383.3303,2749051.1921,-1897.9899,-2613.6252,6987.8474,4721429.5827,3931358.2353,2749149.67,-1897.8393,-2613.5571,6987.6448,0.0,0.0765,3.9732,0.0,0.0,1.0,0.0,1.0,0.0,0.0,-4.1,-36.453,0.0,0.0,-1.0,-0.7071,0.7071,0.0,12.599445860830546,0.12433824833895642,-0.33543999999999996,2.3079650274260097,11.829424481769497,,
68.1063,67.04,4.655,-11.68,63.105,4.48,-11.156,-0.23,-0.024,0.121,-0.231,-0.024,0.117,-1.859,7.55,-3.656,-0.004,-0.062,0.003,0.0,-0.001,-0.0,877.962,-0.0,0.0,-0.0,0.0,-1.0,0.0,0.0,0.0,0.9664,0.0056,-0.2569,-0.0803,0.9563,-0.2813,0.2441,0.2925,0.9246,0.669,0.7326,-0.1252,-0.7377,0.634,-0.2321,-0.0907,0.2476,0.9646,0.0,-0.0011,-0.0,0.0,0.0,0.0,-0.1505,-0.0681,0.2027,21.7353,25.0807,-98.4355,0.0,0.0435,-0.373,0.0,0.0,0.0,4721053.7598,3930835.9038,2750514.4247,-1899.2822,-2614.7012,6987.0947,4721032.0245,3930810.8232,2750612.8602,-1899.1316,-2614.6332,6986.8921,0.0,0.0765,3.9732,0.0,0.0,1.0,0.0,1.0,0.0,0.0,-4.1,-36.453,0.0,0.0,-1.0,-0.7071,0.7071,0.0,12.57344125528091,0.12335720489699821,-0.33520000000000005,2.3072838335277464,11.820960786695492,,
68.3112,66.993,4.65,-11.655,63.058,4.475,-11.132,-0.23,-0.024,0.121,-0.231,-0.024,0.114,-1.859,7.533,-3.655,-0.007,-0.106,0.004,0.0,-0.002,-0.0,877.935,-0.0,0.0,-0.0,0.0,-1.0,0.0,0.0,0.0,0.9665,0.0056,-0.2566,-0.0802,0.9563,-0.2813,0.2438,0.2925,0.9247,0.669,0.7326,-0.1252,-0.7377,0.634,-0.2321,-0.0907,0.2476,0.9646,0.0,-0.0018,-0.0,0.0,0.0,0.0,-0.1505,-0.0681,0.2027,21.7046,25.0668,-98.3941,0.0,0.0435,-0.373,0.0,0.0,0.0,4720666.0854,3930302.271,2751940.0571,-1900.5413,-2615.7496,6986.3609,4720644.3808,3930277.2042,2752038.4512,-1900.3908,-2615.6815,6986.1582,0.0,0.0765,3.9732,0.0,0.0,1.0,0.0,1.0,0.0,0.0,-4.1,-36.453,0.0,0.0,-1.0,-0.7071,0.7071,0.0,12.548367423693012,0.12335720489699821,-0.33496499999999996,2.307130565694878,11.812673418602193,,
68.5251,66.944,4.644,-11.63,63.008,4.47,-11.108,-0.23,-0.024,0.121,-0.232,-0.024,0.11,-1.859,7.506,-3.654,-0.009,-0.155,0.006,0.0,-0.003,-0.0,877.905,-0.0,0.0,-0.0,0.0,-1.0,0.0,0.0,0.0,0.9666,0.0056,-0.2561,-0.0801,0.9563,-0.2814,0.2434,0.2925,0.9248,0.669,0.7326,-0.1252,-0.7377,0.634,-0.2321,-0.0907,0.2476,0.9646,0.0,-0.0027,-0.0,0.0,0.0,0.0,-0.1505,-0.0681,0.2027,21.6728,25.0523,-98.3509,0.0,0.0435,-0.373,0.0,0.0,0.0,4720261.3872,3929745.3536,2753427.127,-1901.8547,-2616.8431,6985.595,4720239.7144,3929720.3013,2753525.4779,-1901.7042,-2616.775,6985.3923,0.0,0.0765,3.9732,0.0,0.0,1.0,0.0,1.0,0.0,0.0,-4.1,-36.453,0.0,0.0,-1.0,-0.7071,0.7071,0.0,12.522924418840834,0.12335720489699821,-0.33472,2.3172977114367583,11.80403339654748,,
68.7337,66.896,4.639,-11.604,62.96,4.465,-11.086,-0.23,-0.024,0.12,-0.232,-0.024,0.107,-1.858,7.468,-3.653,-0.012,-0.2,0.007,0.0,-0.004,-0.0,877.877,-0.0,0.0,-0.0,0.0,-1.0,0.0,0.0,0.0,0.9668,0.0056,-0.2555,-0.0799,0.9563,-0.2814,0.2428,0.2925,0.9249,0.669,0.7326,-0.1252,-0.7377,0.634,-0.2321,-0.0907,0.2476,0.9646,0.0,-0.0035,-0.0,0.0,0.0,0.0,-0.1506,-0.0681,0.2027,21.6413,25.0379,-98.3082,0.0,0.0435,-0.373,0.0,0.0,0.0,4719860.9672,3929194.4731,2754897.306,-1903.1533,-2617.9241,6984.8373,4719839.3259,3929169.4352,2754995.6142,-1903.0027,-2617.856,6984.6346,0.0,0.0765,3.9732,0.0,0.0,1.0,0.0,1.0,0.0,0.0,-4.1,-36.453,0.0,0.0,-1.0,-0.7071,0.7071,0.0,12.496925101800041,0.12237646832622684,-0.33448,2.3543091014869924,11.795569701473474,,
68.9421,66.848,4.634,-11.579,62.911,4.46,-11.064,-0.23,-0.024,0.12,-0.233,-0.024,0.103,-1.858,7.421,-3.651,-0.015,-0.248,0.009,0.0,-0.004,-0.0,877.848,-0.0,0.0,-0.0,0.0,-1.0,0.0,0.0,0.0,0.967,0.0056,-0.2547,-0.0797,0.9563,-0.2815,0.242,0.2925,0.9251,0.669,0.7326,-0.1252,-0.7377,0.634,-0.2321,-0.0907,0.2476,0.9646,0.0,-0.0043,-0.0,0.0,0.0,0.0,-0.1506,-0.0681,0.2027,21.6103,25.0237,-98.2659,0.0,0.0435,-0.373,0.0,0.0,0.0,4719464.6783,3928649.4215,2756351.1741,-1904.4374,-2618.9931,6984.0875,4719443.068,3928624.3978,2756449.44,-1904.2868,-2618.925,6983.8848,0.0,0.0765,3.9732,0.0,0.0,1.0,0.0,1.0,0.0,0.0,-4.1,-36.453,0.0,0.0,-1.0,-0.7071,0.7071,0.0,12.471856197054231,0.12237646832622684,-0.33424,2.381661038674612,11.787106006399467,,
69.1536,66.799,4.629,-11.554,62.862,4.455,-11.042,-0.231,-0.024,0.12,-0.233,-0.024,0.099,-1.858,7.364,-3.649,-0.018,-0.297,0.011,0.0,-0.005,-0.0,877.819,-0.0,0.0,-0.0,0.0,-1.0,0.0,0.0,0.0,0.9673,0.0056,-0.2537,-0.0794,0.9563,-0.2816,0.2411,0.2925,0.9254,0.669,0.7326,-0.1252,-0.7377,0.634,-0.2321,-0.0907,0.2476,0.9646,0.0,-0.0052,-0.0,0.0,0.0,0.0,-0.1506,-0.0681,0.2028,21.5789,25.0093,-98.2231,0.0,0.0435,-0.373,0.0,0.0,0.0,4719063.1468,3928097.3075,2757823.1174,-1905.7376,-2620.0754,6983.328,4719041.5679,3928072.2982,2757921.3405,-1905.587,-2620.0073,6983.1252,0.0,0.0765,3.9732,0.0,0.0,1.0,0.0,1.0,0.0,0.0,-4.1,-36.453,0.0,0.0,-1.0,-0.7071,0.7071,0.0,12.446789023679964,0.12237646832622684,-0.33399500000000004,2.407225277034797,11.778465984344754,,
69.3543,66.753,4.624,-11.53,62.815,4.45,-11.023,-0.231,-0.024,0.12,-0.234,-0.024,0.096,-1.858,7.299,-3.647,-0.021,-0.341,0.012,0.0,-0.006,-0.0,877.792,-0.0,0.0,-0.0,0.0,-1.0,0.0,0.0,0.0,0.9675,0.0056,-0.2527,-0.0791,0.9563,-0.2816,0.24,0.2925,0.9257,0.669,0.7326,-0.1252,-0.7377,0.634,-0.2321,-0.0907,0.2476,0.9646,0.0,-0.006,-0.0,0.0,0.0,0.0,-0.1506,-0.0681,0.2028,21.5489,24.9956,-98.1821,0.0,0.0435,-0.373,0.0,0.0,0.0,4718678.4818,3927568.5244,2759232.1404,-1906.9822,-2621.1114,6982.6004,4718656.9329,3927543.5288,2759330.3225,-1906.8316,-2621.0432,6982.3976,0.0,0.0765,3.9732,0.0,0.0,1.0,0.0,1.0,0.0,0.0,-4.1,-36.453,0.0,0.0,-1.0,-0.7071,0.7071,0.0,12.422651729803906,0.12237646832622684,-0.333765,2.460931132266245,11.770354943232162,,
69.5558,66.706,4.619,-11.506,62.768,4.445,-11.004,-0.231,-0.024,0.119,-0.234,-0.024,0.093,-1.858,7.226,-3.644,-0.023,-0.387,0.013,0.0,-0.007,-0.0,877.764,-0.0,0.0,-0.0,0.0,-0.368,0.0,0.0,0.0,0.9679,0.0056,-0.2514,-0.0787,0.9563,-0.2817,0.2389,0.2925,0.926,0.669,0.7326,-0.1252,-0.7377,0.634,-0.2321,-0.0907,0.2476,0.9646,0.0,-0.0068,-0.0,0.0,0.0,0.0,-0.1506,-0.0682,0.2028,21.5191,24.9818,-98.1413,0.0,0.0435,-0.373,0.0,0.0,0.0,4718295.452,3927042.1242,2760634.1149,-1908.2206,-2622.1421,6981.876,4718273.9329,3927017.1424,2760732.2562,-1908.07,-2622.074,6981.6732,0.0,0.0765,3.9732,0.0,0.0,1.0,0.0,1.0,0.0,0.0,-4.1,-36.453,0.0,0.0,-1.0,-0.7071,0.7071,0.0,12.398515919254207,0.12139604606411199,-0.33353,2.513205206772011,11.762067575138865,,
69.7583,66.659,4.614,-11.482,62.721,4.44,-10.985,-0.231,-0.024,0.12,-0.234,-0.024,0.095,-1.857,7.151,-3.641,-0.021,-0.349,0.012,0.0,-0.006,-0.0,877.737,-0.0,0.0,-0.0,0.0,0.0,0.0,0.0,0.0,0.9682,0.0056,-0.2501,-0.0783,0.9563,-0.2818,0.2376,0.2925,0.9263,0.669,0.7326,-0.1252,-0.7377,0.634,-0.2321,-0.0907,0.2476,0.9646,0.0,-0.0061,-0.0,0.0,0.0,0.0,-0.1506,-0.0682,0.2028,21.489,24.968,-98.0999,0.0,0.0435,-0.373,0.0,0.0,0.0,4717907.6818,3926509.3464,2762052.3661,-1909.4734,-2623.1848,6981.1428,4717886.1928,3926484.3784,2762150.4661,-1909.3228,-2623.1166,6980.94,0.0,0.0765,3.9732,0.0,0.0,1.0,0.0,1.0,0.0,0.0,-4.1,-36.453,0.0,0.0,-1.0,-0.7071,0.7071,0.0,12.374381600710397,0.12237646832622684,-0.333295,2.565925491567446,11.753780207045567,,
69.9583,66.614,4.61,-11.458,62.675,4.436,-10.965,-0.231,-0.024,0.12,-0.233,-0.024,0.099,-1.857,7.086,-3.639,-0.018,-0.304,0.011,0.0,-0.005,-0.0,877.71,-0.0,0.0,-0.0,0.0,0.0,0.0,0.0,0.0,0.9685,0.0056,-0.2491,-0.078,0.9563,-0.2819,0.2366,0.2925,0.9265,0.669,0.7326,-0.1252,-0.7377,0.634,-0.2321,-0.0907,0.2476,0.9646,0.0,-0.0053,-0.0,0.0,0.0,0.0,-0.1506,-0.0682,0.2029,21.4598,24.9545,-98.0599,0.0,0.0435,-0.373,0.0,0.0,0.0,4717531.498,3925992.6192,2763427.2098,-1910.6879,-2624.1956,6980.4316,4717510.0382,3925967.6647,2763525.2697,-1910.5373,-2624.1274,6980.2287,0.0,0.0765,3.9732,0.0,0.0,1.0,0.0,1.0,0.0,0.0,-4.1,-36.453,0.0,0.0,-1.0,-0.7071,0.7071,0.0,12.350622008627743,0.12237646832622684,-0.33307000000000003,2.608020831696329,11.745845492913686,,
70.1709,66.565,4.604,-11.433,62.625,4.431,-10.944,-0.231,-0.024,0.12,-0.233,-0.024,0.103,-1.857,7.027,-3.637,-0.015,-0.255,0.009,0.0,-0.004,-0.0,877.68,-0.0,0.0,-0.0,0.0,0.0,0.0,0.0,0.0,0.9687,0.0056,-0.2481,-0.0777,0.9563,-0.282,0.2356,0.2925,0.9268,0.669,0.7326,-0.1252,-0.7377,0.634,-0.2321,-0.0907,0.2476,0.9646,0.0,-0.0045,-0.0,0.0,0.0,0.0,-0.1506,-0.0682,0.2029,21.4281,24.94,-98.0166,0.0,0.0435,-0.373,0.0,0.0,0.0,4717125.132,3925434.5798,2764911.2215,-1911.9989,-2625.2865,6979.6634,4717103.7039,3925409.6398,2765009.2381,-1911.8482,-2625.2184,6979.4605,0.0,0.0765,3.9732,0.0,0.0,1.0,0.0,1.0,0.0,0.0,-4.1,-36.453,0.0,0.0,-1.0,-0.7071,0.7071,0.0,12.325189856549878,0.12237646832622684,-0.332825,2.6567370266863044,11.73720547085897,,
70.373,66.518,4.599,-11.408,62.578,4.426,-10.923,-0.231,-0.024,0.12,-0.232,-0.024,0.106,-1.857,6.979,-3.635,-0.013,-0.211,0.008,0.0,-0.004,-0.0,877.653,-0.0,0.0,-0.0,0.0,-0.128,0.0,0.0,0.0,0.9689,0.0056,-0.2472,-0.0775,0.9563,-0.2821,0.2349,0.2925,0.927,0.669,0.7326,-0.1252,-0.7377,0.634,-0.2321,-0.0907,0.2476,0.9646,0.0,-0.0037,-0.0,0.0,0.0,0.0,-0.1507,-0.0682,0.2029,21.3978,24.9261,-97.9754,0.0,0.0435,-0.373,0.0,0.0,0.0,4716737.097,3924901.8534,2766327.1888,-1913.2498,-2626.3275,6978.93,4716715.6992,3924876.9273,2766425.1643,-1913.0991,-2626.2593,6978.7271,0.0,0.0765,3.9732,0.0,0.0,1.0,0.0,1.0,0.0,0.0,-4.1,-36.453,0.0,0.0,-1.0,-0.7071,0.7071,0.0,12.300132722861164,0.12237646832622684,-0.33259,2.6962676582432876,11.728918102765673,,
70.575,66.472,4.595,-11.384,62.531,4.421,-10.902,-0.231,-0.024,0.12,-0.233,-0.024,0.103,-1.857,6.934,-3.633,-0.015,-0.251,0.009,0.0,-0.004,-0.0,877.625,-0.0,0.0,-0.0,0.0,-0.779,0.0,0.0,0.0,0.9691,0.0056,-0.2465,-0.0773,0.9563,-0.2821,0.2341,0.2925,0.9272,0.669,0.7326,-0.1252,-0.7377,0.634,-0.2321,-0.0907,0.2476,0.9646,0.0,-0.0044,-0.0,0.0,0.0,0.0,-0.1507,-0.0682,0.2029,21.3678,24.9124,-97.9345,0.0,0.0435,-0.373,0.0,0.0,0.0,4716351.8933,3924373.1496,2767731.7626,-1914.4906,-2627.36,6978.202,4716330.5255,3924348.2373,2767829.6971,-1914.34,-2627.2918,6977.9991,0.0,0.0765,3.9732,0.0,0.0,1.0,0.0,1.0,0.0,0.0,-4.1,-36.453,0.0,0.0,-1.0,-0.7071,0.7071,0.0,12.276378985678146,0.12237646832622684,-0.33236,2.718472981562409,11.720807061653083,,
70.7754,66.426,4.59,-11.36,62.484,4.416,-10.882,-0.231,-0.024,0.12,-0.233,-0.024,0.1,-1.857,6.879,-3.631,-0.018,-0.294,0.01,0.0,-0.005,-0.0,877.599,-0.0,0.0,-0.0,0.0,-0.993,0.0,0.0,0.0,0.9694,0.0056,-0.2455,-0.077,0.9563,-0.2822,0.2332,0.2924,0.9274,0.669,0.7326,-0.1252,-0.7377,0.634,-0.2321,-0.0907,0.2476,0.9646,0.0,-0.0051,-0.0,0.0,0.0,0.0,-0.1507,-0.0682,0.2029,21.338,24.8987,-97.8937,0.0,0.0435,-0.3729,0.0,0.0,0.0,4715967.8362,3923846.1544,2769131.1037,-1915.7269,-2628.3886,6977.4763,4715946.4983,3923821.2557,2769228.9975,-1915.5762,-2628.3204,6977.2734,0.0,0.0765,3.9732,0.0,0.0,1.0,0.0,1.0,0.0,0.0,-4.1,-36.453,0.0,0.0,-1.0,-0.7071,0.7071,0.0,12.252252854067287,0.12237646832622684,-0.33213000000000004,2.761011665359457,11.712696020540495,,
70.9891,66.376,4.584,-11.334,62.435,4.411,-10.861,-0.231,-0.024,0.12,-0.234,-0.024,0.096,-1.856,6.811,-3.629,-0.021,-0.343,0.012,0.0,-0.006,-0.0,877.569,-0.0,0.0,-0.0,0.0,-0.993,0.0,0.0,0.0,0.9697,0.0056,-0.2444,-0.0767,0.9563,-0.2823,0.2321,0.2924,0.9277,0.669,0.7326,-0.1252,-0.7377,0.634,-0.2321,-0.0907,0.2476,0.9646,0.0,-0.006,-0.0,0.0,0.0,0.0,-0.1507,-0.0682,0.203,21.3063,24.8841,-97.8504,0.0,0.0435,-0.3729,0.0,0.0,0.0,4715559.7242,3923286.2972,2770616.9431,-1917.0396,-2629.4808,6976.7053,4715538.4179,3923261.4131,2770714.7935,-1916.8889,-2629.4126,6976.5023,0.0,0.0765,3.9732,0.0,0.0,1.0,0.0,1.0,0.0,0.0,-4.1,-36.453,0.0,0.0,-1.0,-0.7071,0.7071,0.0,12.225899230731455,0.12237646832622684,-0.33188,2.8189055597978836,11.703879671505073,,
71.2002,66.328,4.579,-11.309,62.385,4.406,-10.841,-0.231,-0.024,0.119,-0.234,-0.024,0.092,-1.856,6.733,-3.626,-0.024,-0.392,0.014,0.0,-0.007,-0.0,877.539,-0.0,0.0,-0.0,0.0,-0.993,0.0,0.0,0.0,0.97,0.0056,-0.2431,-0.0763,0.9563,-0.2824,0.2309,0.2924,0.928,0.669,0.7326,-0.1252,-0.7377,0.634,-0.2321,-0.0907,0.2476,0.9646,0.0,-0.0069,-0.0,0.0,0.0,0.0,-0.1507,-0.0683,0.203,21.275,24.8696,-97.8074,0.0,0.0435,-0.3729,0.0,0.0,0.0,4715154.4867,3922730.5331,2772091.1489,-1918.3421,-2630.5644,6975.9398,4715133.2118,3922705.6635,2772188.9562,-1918.1914,-2630.4961,6975.7368,0.0,0.0765,3.9732,0.0,0.0,1.0,0.0,1.0,0.0,0.0,-4.1,-36.453,0.0,0.0,-1.0,-0.7071,0.7071,0.0,12.200849232737857,0.12139604606411199,-0.33164,2.8767621362673133,11.695415976431065,,
71.4019,66.281,4.574,-11.285,62.338,4.401,-10.823,-0.231,-0.024,0.119,-0.234,-0.024,0.089,-1.856,6.65,-3.623,-0.026,-0.435,0.015,0.0,-0.008,-0.0,877.513,-0.0,0.0,-0.0,0.0,-0.993,0.0,0.0,0.0,0.9703,0.0056,-0.2417,-0.0759,0.9563,-0.2825,0.2295,0.2924,0.9283,0.669,0.7326,-0.1252,-0.7377,0.634,-0.2321,-0.0907,0.2476,0.9646,0.0,-0.0076,-0.0,0.0,0.0,0.0,-0.1507,-0.0683,0.203,21.2451,24.8558,-97.7663,0.0,0.0435,-0.3729,0.0,0.0,0.0,4714767.2752,3922199.6289,2773498.693,-1919.5856,-2631.599,6975.2084,4714746.0302,3922174.7731,2773596.4593,-1919.4349,-2631.5307,6975.0054,0.0,0.0765,3.9732,0.0,0.0,1.0,0.0,1.0,0.0,0.0,-4.1,-36.453,0.0,0.0,-1.0,-0.7071,0.7071,0.0,12.176727844540174,0.12139604606411199,-0.331405,2.9452073112023016,11.687128608337767,,
71.6141,66.232,4.569,-11.26,62.288,4.396,-10.804,-0.231,-0.024,0.119,-0.235,-0.024,0.088,-1.855,6.553,-3.62,-0.027,-0.448,0.015,0.0,-0.008,-0.0,877.483,-0.0,0.0,-0.0,0.0,0.0,0.0,0.0,0.0,0.9707,0.0056,-0.24,-0.0754,0.9563,-0.2826,0.228,0.2924,0.9287,0.669,0.7326,-0.1252,-0.7377,0.634,-0.2321,-0.0907,0.2476,0.9646,0.0,-0.0078,-0.0,0.0,0.0,0.0,-0.1507,-0.0683,0.203,21.2137,24.8413,-97.7231,0.0,0.0435,-0.3729,0.0,0.0,0.0,4714359.6558,3921640.8896,2774979.2777,-1920.8938,-2632.6872,6974.4387,4714338.4421,3921616.0484,2775077.0007,-1920.7431,-2632.6189,6974.2356,0.0,0.0765,3.9732,0.0,0.0,1.0,0.0,1.0,0.0,0.0,-4.1,-36.453,0.0,0.0,-1.0,-0.7071,0.7071,0.0,12.151681406291065,0.12139604606411199,-0.33116,3.0155424801669537,11.678488586283052,,
71.8156,66.186,4.564,-11.236,62.241,4.392,-10.786,-0.231,-0.024,0.119,-0.234,-0.024,0.091,-1.855,6.468,-3.617,-0.024,-0.405,0.014,0.0,-0.007,-0.0,877.457,-0.0,0.0,-0.0,0.0,0.0,0.0,0.0,0.0,0.9711,0.0056,-0.2386,-0.075,0.9563,-0.2827,0.2266,0.2924,0.9291,0.669,0.7326,-0.1252,-0.7377,0.634,-0.2321,-0.0907,0.2476,0.9646,0.0,-0.0071,-0.0,0.0,0.0,0.0,-0.1507,-0.0683,0.2031,21.184,24.8275,-97.6822,0.0,0.0435,-0.3729,0.0,0.0,0.0,4713973.8666,3921112.2111,2776379.4909,-1922.131,-2633.7163,6973.7102,4713952.6826,3921087.3836,2776477.1731,-1921.9802,-2633.648,6973.5072,0.0,0.0765,3.9732,0.0,0.0,1.0,0.0,1.0,0.0,0.0,-4.1,-36.453,0.0,0.0,-1.0,-0.7071,0.7071,0.0,12.127563316676603,0.12139604606411199,-0.33093000000000006,3.0929264551723863,11.670377545170464,,
72.0271,66.136,4.559,-11.21,62.191,4.387,-10.766,-0.231,-0.024,0.12,-0.234,-0.024,0.095,-1.855,6.386,-3.614,-0.021,-0.355,0.012,0.0,-0.006,-0.0,877.427,-0.0,0.0,-0.0,0.0,0.0,0.0,0.0,0.0,0.9714,0.0056,-0.2372,-0.0745,0.9563,-0.2828,0.2252,0.2924,0.9294,0.669,0.7326,-0.1252,-0.7377,0.634,-0.2321,-0.0907,0.2476,0.9646,0.0,-0.0062,-0.0,0.0,0.0,0.0,-0.1507,-0.0683,0.2031,21.152,24.8128,-97.6383,0.0,0.0435,-0.3729,0.0,0.0,0.0,4713559.5039,3920544.526,2777882.2443,-1923.4588,-2634.8208,6972.9279,4713538.3519,3920519.7132,2777979.8826,-1923.308,-2634.7525,6972.7249,0.0,0.0765,3.9732,0.0,0.0,1.0,0.0,1.0,0.0,0.0,-4.1,-36.453,0.0,0.0,-1.0,-0.7071,0.7071,0.0,12.101594151185207,0.12237646832622684,-0.33068,3.1613283034077115,11.66156119613504,,
72.2279,66.09,4.554,-11.187,62.145,4.382,-10.747,-0.231,-0.024,0.12,-0.233,-0.024,0.098,-1.855,6.32,-3.612,-0.019,-0.31,0.011,0.0,-0.005,-0.0,877.399,-0.0,0.0,-0.0,0.0,0.0,0.0,0.0,0.0,0.9717,0.0056,-0.2361,-0.0742,0.9563,-0.2829,0.2242,0.2924,0.9296,0.669,0.7326,-0.1252,-0.7377,0.634,-0.2321,-0.0907,0.2476,0.9646,0.0,-0.0054,-0.0,0.0,0.0,0.0,-0.1508,-0.0683,0.2031,21.1227,24.7993,-97.5981,0.0,0.0435,-0.3729,0.0,0.0,0.0,4713179.9045,3920024.6014,2779257.8652,-1924.6743,-2635.8317,6972.2114,4713158.7818,3919999.8021,2779355.4633,-1924.5235,-2635.7634,6972.0083,0.0,0.0765,3.9732,0.0,0.0,1.0,0.0,1.0,0.0,0.0,-4.1,-36.453,0.0,0.0,-1.0,-0.7071,0.7071,0.0,12.078405730890148,0.12237646832622684,-0.33045,3.2040642701197024,11.653450155022451,,
72.4307,66.043,4.549,-11.162,62.097,4.377,-10.726,-0.231,-0.024,0.122,-0.233,-0.024,0.104,-1.855,6.261,-3.61,-0.016,-0.268,0.01,0.0,-0.005,-0.0,877.364,1.0,0.0,-0.0,0.0,0.0,0.0,0.0,0.0,0.972,0.0056,-0.2351,-0.0739,0.9563,-0.283,0.2232,0.2924,0.9299,0.669,0.7326,-0.1252,-0.7377,0.634,-0.2321,-0.0907,0.2476,0.9646,0.0,-0.0047,-0.0,0.0,0.0,0.0,-0.1527,-0.0682,0.2027,21.0923,24.7854,-97.5568,0.0,0.0435,-0.3729,0.0,0.0,0.0,4712789.032,3919489.3723,2780673.283,-1925.9269,-2636.8718,6971.4732,4712767.9397,3919464.587,2780770.8398,-1925.7742,-2636.8036,6971.2705,0.0,0.0765,3.9732,0.0,0.0,1.0,0.0,1.0,0.0,0.0,-4.1,-36.453,0.0,0.0,-1.0,-0.7071,0.7071,0.0,12.053366542174016,0.12433824833895642,-0.33021500000000004,3.2473807324139137,11.645162786929154,,
72.6431,65.995,4.544,-11.136,62.048,4.372,-10.703,-0.23,-0.025,0.129,-0.231,-0.024,0.114,-1.854,6.209,-3.608,-0.013,-0.222,0.01,0.0,-0.004,-0.0,877.307,1.0,0.0,-0.0,0.0,0.0,0.0,0.0,0.0,0.9722,0.0056,-0.2342,-0.0737,0.9563,-0.283,0.2224,0.2924,0.9301,0.669,0.7326,-0.1252,-0.7377,0.634,-0.2321,-0.0907,0.2476,0.9646,0.0,-0.0039,-0.0,0.0,0.0,0.0,-0.159,-0.0677,0.2011,21.0596,24.7709,-97.5138,0.0,0.0435,-0.3729,0.0,0.0,0.0,4712379.5833,3918928.8531,2782154.8191,-1927.2424,-2637.9601,6970.6989,4712358.5237,3918904.0822,2782252.3329,-1927.0834,-2637.8924,6970.4978,0.0,0.0765,3.9732,0.0,0.0,1.0,0.0,1.0,0.0,0.0,-4.1,-36.453,0.0,0.0,-1.0,-0.7071,0.7071,0.0,12.02740337728805,0.13140015220691337,-0.329975,3.2762318318257218,11.636699091855148,,
72.8549,65.946,4.539,-11.108,61.999,4.367,-10.678,-0.229,-0.025,0.136,-0.23,-0.024,0.123,-1.854,6.166,-3.606,-0.011,-0.18,0.009,0.0,-0.003,-0.0,877.252,1.0,0.0,-0.0,0.0,0.0,0.0,0.0,0.0,0.9724,0.0056,-0.2335,-0.0735,0.9563,-0.2831,0.2217,0.2924,0.9302,0.669,0.7326,-0.1252,-0.7377,0.634,-0.2321,-0.0907,0.2476,0.9646,0.0001,-0.0031,-0.0,0.0,0.0,0.0,-0.1653,-0.0673,0.1996,21.0255,24.7566,-97.4714,0.0,0.0435,-0.3729,0.0,0.0,0.0,4711971.6123,3918370.5078,2783629.8395,-1928.5521,-2639.0436,6969.9276,4711950.5868,3918345.7512,2783727.3109,-1928.3868,-2638.9763,6969.728,0.0,0.0765,3.9732,0.0,0.0,1.0,0.0,1.0,0.0,0.0,-4.1,-36.453,0.0,0.0,-1.0,-0.7071,0.7071,0.0,11.999591034697808,0.1382787040726084,-0.32972999999999997,3.3018646344671225,11.62805906980043,,
73.0656,65.898,4.534,-11.078,61.951,4.362,-10.651,-0.228,-0.025,0.142,-0.229,-0.025,0.133,-1.854,6.133,-3.604,-0.008,-0.135,0.009,0.0,-0.002,-0.0,877.195,1.0,0.0,-0.0,0.0,0.0,0.0,0.0,0.0,0.9725,0.0056,-0.2329,-0.0733,0.9563,-0.2831,0.2211,0.2924,0.9304,0.669,0.7326,-0.1252,-0.7377,0.634,-0.2321,-0.0907,0.2476,0.9646,0.0001,-0.0024,-0.0,0.0,0.0,0.0,-0.1716,-0.0669,0.1981,20.9902,24.7424,-97.4293,0.0,0.0435,-0.3729,0.0,0.0,0.0,4711564.2027,3917813.0812,2785101.668,-1929.859,-2640.1247,6969.1575,4711543.2126,3917788.3388,2785199.0973,-1929.6874,-2640.0578,6968.9594,0.0,0.0765,3.9732,0.0,0.0,1.0,0.0,1.0,0.0,0.0,-4.1,-36.453,0.0,0.0,-1.0,-0.7071,0.7071,0.0,11.969930659782452,0.144183910336764,-0.32949,3.3258158085958596,11.619595374726424,,
73.2778,65.85,4.528,-11.047,61.902,4.356,-10.622,-0.227,-0.025,0.149,-0.228,-0.025,0.143,-1.854,6.109,-3.602,-0.005,-0.092,0.009,0.0,-0.002,-0.0,877.14,1.0,0.0,-0.0,0.0,0.0,0.0,0.0,0.0,0.9726,0.0056,-0.2325,-0.0732,0.9563,-0.2831,0.2207,0.2924,0.9305,0.669,0.7326,-0.1252,-0.7377,0.634,-0.2321,-0.0907,0.2476,0.9646,0.0001,-0.0016,-0.0,0.0,0.0,0.0,-0.1779,-0.0664,0.1965,20.9533,24.7283,-97.3875,0.0,0.0435,-0.3728,0.0,0.0,0.0,4711155.2945,3917253.7531,2786577.7455,-1931.1697,-2641.2089,6968.3846,4711134.3412,3917229.0248,2786675.133,-1930.9918,-2641.1424,6968.1881,0.0,0.0765,3.9732,0.0,0.0,1.0,0.0,1.0,0.0,0.0,-4.1,-36.453,0.0,0.0,-1.0,-0.7071,0.7071,0.0,11.938969511645467,0.15108275877809485,-0.32925,3.3365001929621148,11.611131679652418,,
73.4864,65.802,4.523,-11.015,61.855,4.351,-10.591,-0.227,-0.026,0.156,-0.227,-0.025,0.152,-1.854,6.094,-3.6,-0.003,-0.047,0.009,0.0,-0.001,-0.0,877.084,1.0,0.0,-0.0,0.0,0.0,0.0,0.0,0.0,0.9726,0.0056,-0.2322,-0.0731,0.9563,-0.2831,0.2205,0.2923,0.9305,0.669,0.7326,-0.1252,-0.7377,0.634,-0.2321,-0.0907,0.2476,0.9646,0.0001,-0.0008,-0.0,0.0,0.0,0.0,-0.1841,-0.066,0.195,20.9155,24.7144,-97.3465,0.0,0.0435,-0.3728,0.0,0.0,0.0,4710751.2057,3916701.166,2788035.2814,-1932.464,-2642.2794,6967.621,4710730.2901,3916676.4516,2788132.6279,-1932.2799,-2642.2134,6967.426,0.0,0.0765,3.9732,0.0,0.0,1.0,0.0,1.0,0.0,0.0,-4.1,-36.453,0.0,0.0,-1.0,-0.7071,0.7071,0.0,11.907466313200302,0.15815182578775372,-0.32901,3.3291000182183303,11.602667984578414,,
73.6995,65.754,4.517,-10.982,61.807,4.346,-10.558,-0.226,-0.026,0.162,-0.226,-0.026,0.162,-1.854,6.089,-3.598,-0.001,-0.003,0.003,0.0,-0.0,-0.0,877.023,1.0,0.0,-0.0,0.0,0.0,0.0,0.0,0.0,0.9727,0.0056,-0.2321,-0.0731,0.9563,-0.2831,0.2204,0.2923,0.9306,0.669,0.7326,-0.1252,-0.7377,0.634,-0.2321,-0.0907,0.2476,0.9646,0.0001,-0.0001,-0.0,0.0,0.0,0.0,-0.1903,-0.0656,0.1935,20.8759,24.7005,-97.3054,0.0,0.0435,-0.3728,0.0,0.0,0.0,4710341.9917,3916141.7183,2789510.1468,-1933.7736,-2643.3627,6966.8478,4710321.1158,3916117.0178,2789607.4521,-1933.5833,-2643.2971,6966.6543,0.0,0.0765,3.9732,0.0,0.0,1.0,0.0,1.0,0.0,0.0,-4.1,-36.453,0.0,0.0,-1.0,-0.7071,0.7071,0.0,11.874662647839727,0.16407315441594947,-0.32877,3.3143343692106746,11.594204289504408,,
73.9116,65.706,4.512,-10.946,61.759,4.34,-10.523,-0.225,-0.026,0.169,-0.225,-0.026,0.169,-1.854,6.088,-3.597,-0.001,-0.003,0.003,0.0,-0.0,-0.0,876.995,1.0,0.0,-0.0,0.0,0.0,0.0,0.0,0.0,0.9727,0.0056,-0.2321,-0.0731,0.9563,-0.2831,0.2204,0.2923,0.9306,0.669,0.7326,-0.1252,-0.7377,0.634,-0.2321,-0.0907,0.2476,0.9646,0.0001,-0.0001,-0.0,0.0,0.0,0.0,-0.1972,-0.0651,0.192,20.8346,24.6866,-97.2643,0.0,0.0435,-0.3728,0.0,0.0,0.0,4709929.2408,3915577.5871,2790996.5824,-1935.0941,-2644.4543,6966.0681,4709908.4062,3915552.9005,2791093.8466,-1934.8969,-2644.3892,6965.876,0.0,0.0765,3.9732,0.0,0.0,1.0,0.0,1.0,0.0,0.0,-4.1,-36.453,0.0,0.0,-1.0,-0.7071,0.7071,0.0,11.83947042734598,0.17098830369355678,-0.32853,3.2996019003193835,11.5857405944304,,
74.1207,65.66,4.507,-10.911,61.712,4.335,-10.487,-0.224,-0.026,0.174,-0.225,-0.026,0.174,-1.854,6.088,-3.597,-0.001,-0.003,0.003,0.0,-0.0,-0.0,876.976,-0.0,0.0,-0.0,0.0,0.0,0.0,0.0,0.0,0.9727,0.0056,-0.2321,-0.0731,0.9563,-0.2831,0.2204,0.2923,0.9306,0.669,0.7326,-0.1252,-0.7377,0.634,-0.2321,-0.0907,0.2476,0.9646,0.0001,-0.0001,-0.0,0.0,0.0,0.0,-0.2019,-0.0647,0.191,20.7935,24.6733,-97.225,0.0,0.0435,-0.3728,0.0,0.0,0.0,4709531.8443,3915034.585,2792426.6077,-1936.3627,-2645.5046,6965.3178,4709511.0508,3915009.9117,2792523.8326,-1936.1608,-2645.4399,6965.1269,0.0,0.0765,3.9732,0.0,0.0,1.0,0.0,1.0,0.0,0.0,-4.1,-36.453,0.0,0.0,-1.0,-0.7071,0.7071,0.0,11.805209443292398,0.17593180496999397,-0.3283,3.265162327010547,11.57762955331781,,
74.3216,65.615,4.501,-10.876,61.667,4.33,-10.452,-0.225,-0.026,0.174,-0.225,-0.026,0.174,-1.854,6.087,-3.596,-0.001,-0.003,0.003,0.0,-0.0,-0.0,876.976,-0.0,0.0,-0.0,0.0,0.0,0.0,0.0,0.0,0.9727,0.0056,-0.2321,-0.0731,0.9563,-0.2831,0.2204,0.2923,0.9306,0.669,0.7326,-0.1252,-0.7377,0.634,-0.2321,-0.0907,0.2476,0.9646,0.0001,-0.0001,-0.0,0.0,0.0,0.0,-0.2019,-0.0647,0.191,20.7527,24.6602,-97.1863,0.0,0.0435,-0.3728,0.0,0.0,0.0,4709139.97,3914499.2648,2793835.6966,-1937.6081,-2646.5398,6964.5792,4709119.2173,3914474.6046,2793932.8829,-1937.4061,-2646.4751,6964.3882,0.0,0.0765,3.9732,0.0,0.0,1.0,0.0,1.0,0.0,0.0,-4.1,-36.453,0.0,0.0,-1.0,-0.7071,0.7071,0.0,11.770572500944889,0.17593180496999397,-0.32807499999999995,3.2484234545612045,11.569694839185928,,
74.5218,65.57,4.496,-10.841,61.622,4.325,-10.417,-0.225,-0.026,0.174,-0.225,-0.026,0.174,-1.854,6.086,-3.596,-0.001,-0.003,0.003,0.0,-0.0,-0.0,876.976,-0.0,0.0,-0.0,0.0,0.0,0.0,0.0,0.0,0.9727,0.0056,-0.2321,-0.073,0.9563,-0.2831,0.2204,0.2923,0.9306,0.669,0.7326,-0.1252,-0.7377,0.634,-0.2321,-0.0907,0.2476,0.9646,0.0001,-0.0001,-0.0,0.0,0.0,0.0,-0.202,-0.0647,0.191,20.7122,24.6472,-97.1481,0.0,0.0435,-0.3728,0.0,0.0,0.0,4708752.2416,3913969.7409,2795228.8398,-1938.8394,-2647.5633,6963.8485,4708731.5294,3913945.0936,2795325.9879,-1938.6374,-2647.4986,6963.6575,0.0,0.0765,3.9732,0.0,0.0,1.0,0.0,1.0,0.0,0.0,-4.1,-36.453,0.0,0.0,-1.0,-0.7071,0.7071,0.0,11.73632382818402,0.17593180496999397,-0.32785,3.2259959382745675,11.561760125054047,,
74.7367,65.521,4.49,-10.803,61.574,4.319,-10.38,-0.225,-0.026,0.174,-0.225,-0.026,0.174,-1.854,6.086,-3.595,-0.001,-0.003,0.003,0.0,-0.0,-0.0,876.976,-0.0,0.0,-0.0,0.0,0.0,0.0,0.0,0.0,0.9727,0.0056,-0.2321,-0.073,0.9563,-0.283,0.2204,0.2923,0.9306,0.669,0.7326,-0.1252,-0.7377,0.634,-0.2321,-0.0907,0.2476,0.9646,0.0001,-0.0001,-0.0,0.0,0.0,0.0,-0.202,-0.0648,0.191,20.6688,24.6333,-97.107,0.0,0.0435,-0.3728,0.0,0.0,0.0,4708334.8039,3913399.7892,2796727.5796,-1940.1641,-2648.6644,6963.0619,4708314.1351,3913375.1559,2796824.6866,-1939.9621,-2648.5997,6962.8708,0.0,0.0765,3.9732,0.0,0.0,1.0,0.0,1.0,0.0,0.0,-4.1,-36.453,0.0,0.0,-1.0,-0.7071,0.7071,0.0,11.698927685903525,0.17593180496999397,-0.327605,3.2135323208332918,11.553120102999333,,
74.9495,65.474,4.485,-10.766,61.526,4.313,-10.343,-0.225,-0.026,0.174,-0.225,-0.026,0.174,-1.855,6.085,-3.594,-0.001,-0.003,0.003,0.0,-0.0,-0.0,876.976,-0.0,0.0,-0.0,0.0,0.0,0.0,0.0,0.0,0.9727,0.0056,-0.2321,-0.073,0.9563,-0.283,0.2204,0.2923,0.9306,0.669,0.7326,-0.1252,-0.7377,0.634,-0.2321,-0.0907,0.2476,0.9646,0.0001,-0.0001,-0.0,0.0,0.0,0.0,-0.202,-0.0648,0.191,20.6259,24.6196,-97.0664,0.0,0.0435,-0.3728,0.0,0.0,0.0,4707922.6886,3912837.2541,2798206.0414,-1941.4709,-2649.7505,6962.2854,4707902.0627,3912812.6345,2798303.1078,-1941.2689,-2649.6858,6962.0943,0.0,0.0765,3.9732,0.0,0.0,1.0,0.0,1.0,0.0,0.0,-4.1,-36.453,0.0,0.0,-1.0,-0.7071,0.7071,0.0,11.662846179213718,0.17593180496999397,-0.32737,3.1854635291058693,11.544832734906036,,
75.1523,65.427,4.479,-10.73,61.48,4.308,-10.307,-0.224,-0.026,0.176,-0.224,-0.026,0.176,-1.855,6.084,-3.594,-0.001,-0.003,0.003,0.0,-0.0,-0.0,876.968,1.0,0.0,-0.0,0.0,0.0,0.0,0.0,0.0,0.9727,0.0056,-0.2321,-0.073,0.9563,-0.283,0.2203,0.2922,0.9306,0.669,0.7326,-0.1252,-0.7377,0.634,-0.2321,-0.0907,0.2476,0.9646,0.0001,-0.0001,-0.0,0.0,0.0,0.0,-0.2041,-0.0646,0.1906,20.5843,24.6062,-97.0271,0.0,0.0435,-0.3728,0.0,0.0,0.0,4707522.9124,3912291.7033,2799639.1287,-1942.7397,-2650.8031,6961.5318,4707502.3281,3912267.0971,2799736.1558,-1942.5356,-2650.7385,6961.3412,0.0,0.0765,3.9732,0.0,0.0,1.0,0.0,1.0,0.0,0.0,-4.1,-36.453,0.0,0.0,-1.0,-0.7071,0.7071,0.0,11.627310136054685,0.1779100896520487,-0.327135,3.1664686130015283,11.536545366812739,,
75.3639,65.38,4.474,-10.693,61.433,4.303,-10.269,-0.224,-0.026,0.183,-0.224,-0.026,0.183,-1.855,6.083,-3.593,-0.001,-0.004,0.003,0.0,-0.0,-0.0,876.94,1.0,0.0,-0.0,0.0,0.0,0.0,0.0,0.0,0.9727,0.0056,-0.232,-0.073,0.9563,-0.283,0.2203,0.2922,0.9306,0.669,0.7326,-0.1252,-0.7377,0.634,-0.2321,-0.0907,0.2476,0.9646,0.0,-0.0001,-0.0,0.0,0.0,0.0,-0.2109,-0.0641,0.1891,20.5407,24.5927,-96.9873,0.0,0.0435,-0.3728,0.0,0.0,0.0,4707114.7311,3911734.8278,2801101.2184,-1944.0388,-2651.8766,6960.7615,4707094.1904,3911710.2351,2801198.2057,-1943.8279,-2651.8125,6960.5724,0.0,0.0765,3.9732,0.0,0.0,1.0,0.0,1.0,0.0,0.0,-4.1,-36.453,0.0,0.0,-1.0,-0.7071,0.7071,0.0,11.591243462200248,0.18483776670366908,-0.32689999999999997,3.1288631844145534,11.52825799871944,,
75.5739,65.334,4.468,-10.654,61.386,4.297,-10.231,-0.223,-0.027,0.188,-0.223,-0.026,0.188,-1.855,6.083,-3.592,-0.001,-0.004,0.003,0.0,-0.0,-0.0,876.922,-0.0,0.0,-0.0,0.0,0.0,0.0,0.0,0.0,0.9727,0.0056,-0.232,-0.073,0.9563,-0.283,0.2203,0.2922,0.9306,0.669,0.7326,-0.1252,-0.7377,0.634,-0.2321,-0.0907,0.2476,0.9646,0.0,-0.0001,-0.0,0.0,0.0,0.0,-0.2153,-0.0638,0.1881,20.4962,24.5794,-96.9481,0.0,0.0435,-0.3728,0.0,0.0,0.0,4706710.36,3911183.2948,2802548.5387,-1945.3225,-2652.9394,6959.9989,4706689.8637,3911158.7154,2802645.4867,-1945.1073,-2652.8756,6959.8108,0.0,0.0765,3.9732,0.0,0.0,1.0,0.0,1.0,0.0,0.0,-4.1,-36.453,0.0,0.0,-1.0,-0.7071,0.7071,0.0,11.55295373486798,0.18992893407798614,-0.32667,3.118653861046673,11.520146957606851,,
75.7821,65.287,4.463,-10.615,61.34,4.292,-10.192,-0.223,-0.027,0.188,-0.223,-0.026,0.186,-1.855,6.081,-3.592,-0.002,-0.02,0.004,0.0,-0.0,-0.0,876.913,-0.0,0.0,-0.0,0.0,-0.609,0.0,0.0,0.0,0.9727,0.0056,-0.232,-0.073,0.9563,-0.283,0.2203,0.2922,0.9306,0.669,0.7326,-0.1252,-0.7377,0.634,-0.2321,-0.0907,0.2476,0.9646,0.0,-0.0003,-0.0,0.0,0.0,0.0,-0.2153,-0.0638,0.1881,20.4515,24.5662,-96.9089,0.0,0.0435,-0.3728,0.0,0.0,0.0,4706305.6734,3910631.4732,2803995.876,-1946.6019,-2654.0026,6959.2369,4706285.222,3910606.907,2804092.7849,-1946.3867,-2653.9388,6959.0488,0.0,0.0765,3.9732,0.0,0.0,1.0,0.0,1.0,0.0,0.0,-4.1,-36.453,0.0,0.0,-1.0,-0.7071,0.7071,0.0,11.515059444049779,0.18992893407798614,-0.32643500000000003,3.091496976342085,11.511859589513554,,
75.9829,65.242,4.457,-10.577,61.294,4.286,-10.154,-0.223,-0.027,0.187,-0.224,-0.026,0.183,-1.855,6.072,-3.591,-0.005,-0.067,0.005,0.0,-0.001,-0.0,876.884,-0.0,0.0,-0.0,0.0,-1.0,0.0,0.0,0.0,0.9727,0.0056,-0.2319,-0.073,0.9563,-0.283,0.2201,0.2922,0.9307,0.669,0.7326,-0.1252,-0.7377,0.634,-0.2321,-0.0907,0.2476,0.9646,0.0,-0.0012,-0.0,0.0,0.0,0.0,-0.2153,-0.0638,0.1882,20.4076,24.5531,-96.8705,0.0,0.0435,-0.3728,0.0,0.0,0.0,4705907.924,3910089.2493,2805417.3228,-1947.8585,-2655.0466,6958.488,4705887.5164,3910064.6962,2805514.1933,-1947.6432,-2654.9828,6958.2999,0.0,0.0765,3.9732,0.0,0.0,1.0,0.0,1.0,0.0,0.0,-4.1,-36.453,0.0,0.0,-1.0,-0.7071,0.7071,0.0,11.477707872219087,0.18893914364154402,-0.32621,3.0680595709642136,11.503924875381673,,
76.1917,65.195,4.452,-10.538,61.247,4.281,-10.116,-0.223,-0.027,0.187,-0.224,-0.026,0.179,-1.855,6.053,-3.59,-0.007,-0.115,0.007,0.0,-0.002,-0.0,876.855,-0.0,0.0,-0.0,0.0,-1.0,0.0,0.0,0.0,0.9728,0.0056,-0.2315,-0.0729,0.9563,-0.283,0.2198,0.2922,0.9307,0.669,0.7326,-0.1252,-0.7377,0.634,-0.2321,-0.0907,0.2476,0.9646,0.0,-0.002,-0.0,0.0,0.0,0.0,-0.2153,-0.0638,0.1882,20.3628,24.5398,-96.8312,0.0,0.0435,-0.3728,0.0,0.0,0.0,4705501.6217,3909535.5068,2806868.2312,-1949.1411,-2656.1123,6957.7232,4705481.2589,3909510.967,2806965.0624,-1948.9258,-2656.0485,6957.535,0.0,0.0765,3.9732,0.0,0.0,1.0,0.0,1.0,0.0,0.0,-4.1,-36.453,0.0,0.0,-1.0,-0.7071,0.7071,0.0,11.439831642117817,0.18893914364154402,-0.32597499999999996,3.056455057498127,11.495637507288373,,
76.3994,65.149,4.446,-10.499,61.201,4.275,-10.079,-0.223,-0.027,0.187,-0.225,-0.026,0.176,-1.855,6.024,-3.588,-0.01,-0.16,0.008,0.0,-0.003,-0.0,876.827,-0.0,0.0,-0.0,0.0,-1.0,0.0,0.0,0.0,0.9729,0.0056,-0.231,-0.0727,0.9563,-0.283,0.2194,0.2922,0.9309,0.669,0.7326,-0.1252,-0.7377,0.634,-0.2321,-0.0907,0.2476,0.9646,0.0,-0.0028,-0.0,0.0,0.0,0.0,-0.2153,-0.0638,0.1882,20.318,24.5265,-96.7919,0.0,0.0435,-0.3728,0.0,0.0,0.0,4705094.5995,3908980.9254,2808320.5945,-1950.425,-2657.179,6956.9571,4705074.2814,3908956.3989,2808417.3864,-1950.2097,-2657.1152,6956.7689,0.0,0.0765,3.9732,0.0,0.0,1.0,0.0,1.0,0.0,0.0,-4.1,-36.453,0.0,0.0,-1.0,-0.7071,0.7071,0.0,11.40157519819082,0.18893914364154402,-0.325745,3.058088419871538,11.487526466175785,,
76.6054,65.103,4.441,-10.46,61.154,4.27,-10.043,-0.223,-0.027,0.187,-0.225,-0.026,0.172,-1.855,5.986,-3.586,-0.013,-0.208,0.01,0.0,-0.004,-0.0,876.799,-0.0,0.0,-0.0,0.0,-1.0,0.0,0.0,0.0,0.9731,0.0056,-0.2304,-0.0725,0.9563,-0.2831,0.2188,0.2922,0.931,0.669,0.7326,-0.1252,-0.7377,0.634,-0.2321,-0.0907,0.2476,0.9646,0.0,-0.0036,-0.0,0.0,0.0,0.0,-0.2153,-0.0639,0.1882,20.2741,24.5134,-96.7532,0.0,0.0435,-0.3728,0.0,0.0,0.0,4704694.283,3908435.62,2809747.9422,-1951.6869,-2658.2273,6956.2037,4704674.0089,3908411.1066,2809844.6955,-1951.4715,-2658.1635,6956.0155,0.0,0.0765,3.9732,0.0,0.0,1.0,0.0,1.0,0.0,0.0,-4.1,-36.453,0.0,0.0,-1.0,-0.7071,0.7071,0.0,11.36371774552677,0.18893914364154402,-0.325515,3.0756325323894402,11.479415425063195,,
76.8185,65.056,4.435,-10.421,61.107,4.265,-10.007,-0.224,-0.027,0.186,-0.225,-0.026,0.169,-1.855,5.937,-3.584,-0.016,-0.254,0.011,0.0,-0.004,-0.0,876.771,-0.0,0.0,-0.0,0.0,-1.0,0.0,0.0,0.0,0.9733,0.0056,-0.2296,-0.0723,0.9564,-0.2831,0.218,0.2922,0.9312,0.669,0.7326,-0.1252,-0.7377,0.634,-0.2321,-0.0907,0.2476,0.9646,0.0,-0.0044,-0.0,0.0,0.0,0.0,-0.2153,-0.0639,0.1882,20.2288,24.4998,-96.7133,0.0,0.0435,-0.3728,0.0,0.0,0.0,4704281.0561,3907872.8712,2811220.1937,-1952.9884,-2659.3086,6955.4261,4704260.8273,3907848.3714,2811316.907,-1952.7731,-2659.2447,6955.2379,0.0,0.0765,3.9732,0.0,0.0,1.0,0.0,1.0,0.0,0.0,-4.1,-36.453,0.0,0.0,-1.0,-0.7071,0.7071,0.0,11.325478621232746,0.18794946129212503,-0.32528,3.0974816183901797,11.471128056969897,,
77.0298,65.008,4.43,-10.381,61.059,4.259,-9.972,-0.224,-0.027,0.186,-0.226,-0.026,0.165,-1.855,5.878,-3.582,-0.019,-0.303,0.013,0.0,-0.005,-0.0,876.741,-0.0,0.0,-0.0,0.0,-1.0,0.0,0.0,0.0,0.9735,0.0056,-0.2286,-0.072,0.9564,-0.2832,0.217,0.2922,0.9314,0.669,0.7326,-0.1252,-0.7377,0.634,-0.2321,-0.0907,0.2476,0.9646,0.0,-0.0053,-0.0,0.0,0.0,0.0,-0.2154,-0.0639,0.1883,20.1833,24.4862,-96.6731,0.0,0.0435,-0.3727,0.0,0.0,0.0,4703864.7036,3907306.0145,2812702.4234,-1954.2989,-2660.3972,6954.6428,4703844.5203,3907281.5283,2812799.0965,-1954.0835,-2660.3333,6954.4545,0.0,0.0765,3.9732,0.0,0.0,1.0,0.0,1.0,0.0,0.0,-4.1,-36.453,0.0,0.0,-1.0,-0.7071,0.7071,0.0,11.286720560020967,0.18794946129212503,-0.32504,3.1341495357949185,11.462664361895891,,
77.237,64.962,4.424,-10.343,61.012,4.254,-9.938,-0.224,-0.027,0.186,-0.226,-0.026,0.161,-1.855,5.81,-3.579,-0.021,-0.35,0.014,0.0,-0.006,-0.0,876.712,-0.0,0.0,-0.0,0.0,-1.0,0.0,0.0,0.0,0.9738,0.0056,-0.2274,-0.0716,0.9564,-0.2833,0.2159,0.2921,0.9317,0.669,0.7326,-0.1252,-0.7377,0.634,-0.2321,-0.0907,0.2476,0.9646,0.0,-0.0061,-0.0,0.0,0.0,0.0,-0.2154,-0.0639,0.1883,20.1393,24.473,-96.6341,0.0,0.0435,-0.3727,0.0,0.0,0.0,4703460.7113,3906756.1272,2814139.5418,-1955.5694,-2661.4525,6953.8828,4703440.572,3906731.6542,2814236.1759,-1955.3541,-2661.3886,6953.6945,0.0,0.0765,3.9732,0.0,0.0,1.0,0.0,1.0,0.0,0.0,-4.1,-36.453,0.0,0.0,-1.0,-0.7071,0.7071,0.0,11.249418873879664,0.18794946129212503,-0.32481000000000004,3.172161361233924,11.454553320783303,,
77.449,64.914,4.419,-10.304,60.964,4.248,-9.904,-0.224,-0.027,0.185,-0.227,-0.026,0.158,-1.855,5.731,-3.576,-0.024,-0.396,0.016,0.0,-0.007,-0.0,876.684,-0.0,0.0,-0.0,0.0,-1.0,0.0,0.0,0.0,0.9741,0.0056,-0.2261,-0.0712,0.9564,-0.2834,0.2146,0.2921,0.932,0.669,0.7326,-0.1252,-0.7377,0.634,-0.2321,-0.0907,0.2476,0.9646,0.0,-0.0069,-0.0,0.0,0.0,0.0,-0.2154,-0.0639,0.1883,20.0942,24.4594,-96.5942,0.0,0.0435,-0.3727,0.0,0.0,0.0,4703047.3297,3906193.6043,2815608.9325,-1956.8686,-2662.5316,6953.1053,4703027.2354,3906169.1448,2815705.5267,-1956.6532,-2662.4677,6952.917,0.0,0.0765,3.9732,0.0,0.0,1.0,0.0,1.0,0.0,0.0,-4.1,-36.453,0.0,0.0,-1.0,-0.7071,0.7071,0.0,11.211600108815869,0.18695988874622277,-0.32457,3.209975189163489,11.446089625709297,,
77.6588,64.867,4.413,-10.265,60.917,4.243,-9.872,-0.224,-0.027,0.185,-0.227,-0.026,0.154,-1.855,5.643,-3.572,-0.027,-0.445,0.017,0.0,-0.008,-0.0,876.655,-0.0,0.0,-0.0,0.0,-1.0,0.0,0.0,0.0,0.9744,0.0056,-0.2246,-0.0708,0.9564,-0.2835,0.2132,0.2921,0.9323,0.669,0.7326,-0.1252,-0.7377,0.634,-0.2321,-0.0907,0.2476,0.9646,0.0,-0.0078,-0.0,0.0,0.0,0.0,-0.2154,-0.0639,0.1883,20.0495,24.446,-96.5545,0.0,0.0435,-0.3727,0.0,0.0,0.0,4702635.6838,3905633.587,2817071.0219,-1958.1613,-2663.6052,6952.3311,4702615.6343,3905609.1411,2817167.5764,-1957.9459,-2663.5413,6952.1428,0.0,0.0765,3.9732,0.0,0.0,1.0,0.0,1.0,0.0,0.0,-4.1,-36.453,0.0,0.0,-1.0,-0.7071,0.7071,0.0,11.173396708253046,0.18695988874622277,-0.32433500000000004,3.287492478908512,11.437802257616,,
77.8602,64.822,4.408,-10.227,60.871,4.238,-9.841,-0.224,-0.027,0.185,-0.227,-0.025,0.151,-1.855,5.548,-3.569,-0.03,-0.488,0.019,0.0,-0.009,-0.0,876.628,-0.0,0.0,-0.0,0.0,-1.0,0.0,0.0,0.0,0.9748,0.0056,-0.2229,-0.0703,0.9564,-0.2836,0.2116,0.2921,0.9327,0.669,0.7326,-0.1252,-0.7377,0.634,-0.2321,-0.0907,0.2476,0.9646,0.0,-0.0085,-0.0,0.0,0.0,0.0,-0.2154,-0.0639,0.1884,20.0067,24.433,-96.5164,0.0,0.0435,-0.3727,0.0,0.0,0.0,4702240.7151,3905096.3936,2818472.8174,-1959.4007,-2664.6346,6951.5884,4702220.7085,3905071.9606,2818569.3338,-1959.1853,-2664.5707,6951.4001,0.0,0.0765,3.9732,0.0,0.0,1.0,0.0,1.0,0.0,0.0,-4.1,-36.453,0.0,0.0,-1.0,-0.7071,0.7071,0.0,11.136516196728671,0.18695988874622277,-0.32411,3.361810045018981,11.429867543484118,,
78.0744,64.774,4.402,-10.188,60.822,4.232,-9.809,-0.224,-0.027,0.185,-0.227,-0.025,0.152,-1.855,5.444,-3.565,-0.029,-0.471,0.018,0.0,-0.008,-0.0,876.598,-0.0,0.0,-0.0,0.0,0.0,0.0,0.0,0.0,0.9752,0.0056,-0.2212,-0.0698,0.9564,-0.2837,0.2099,0.2921,0.9331,0.669,0.7326,-0.1252,-0.7377,0.634,-0.2321,-0.0907,0.2476,0.9646,0.0,-0.0082,-0.0,0.0,0.0,0.0,-0.2154,-0.0639,0.1884,19.9614,24.4194,-96.4761,0.0,0.0435,-0.3727,0.0,0.0,0.0,4701822.8763,3904528.2379,2819954.6547,-1960.711,-2665.7227,6950.8029,4701802.9149,3904503.8186,2820051.1308,-1960.4956,-2665.6587,6950.6145,0.0,0.0765,3.9732,0.0,0.0,1.0,0.0,1.0,0.0,0.0,-4.1,-36.453,0.0,0.0,-1.0,-0.7071,0.7071,0.0,11.098330865495047,0.18695988874622277,-0.32387,3.4356919317774817,11.42140384841011,,
78.2874,64.727,4.396,-10.149,60.774,4.227,-9.776,-0.224,-0.027,0.185,-0.227,-0.026,0.156,-1.854,5.348,-3.561,-0.026,-0.422,0.016,0.0,-0.007,-0.0,876.568,-0.0,0.0,-0.0,0.0,0.0,0.0,0.0,0.0,0.9756,0.0056,-0.2195,-0.0693,0.9564,-0.2838,0.2084,0.2921,0.9334,0.669,0.7326,-0.1252,-0.7377,0.634,-0.2321,-0.0907,0.2476,0.9646,0.0,-0.0074,-0.0,0.0,0.0,0.0,-0.2154,-0.064,0.1884,19.9161,24.4057,-96.4358,0.0,0.0435,-0.3727,0.0,0.0,0.0,4701404.7601,3903959.8536,2821436.3177,-1962.0211,-2666.8106,6950.0169,4701384.844,3903935.4479,2821532.7535,-1961.8057,-2666.7467,6949.8285,0.0,0.0765,3.9732,0.0,0.0,1.0,0.0,1.0,0.0,0.0,-4.1,-36.453,0.0,0.0,-1.0,-0.7071,0.7071,0.0,11.060154474508934,0.18695988874622277,-0.323635,3.5011124306465913,11.413116480316813,,
78.4923,64.681,4.391,-10.11,60.727,4.222,-9.743,-0.224,-0.027,0.185,-0.226,-0.026,0.159,-1.854,5.265,-3.558,-0.023,-0.378,0.015,0.0,-0.007,-0.0,876.542,-0.0,0.0,-0.0,0.0,0.0,0.0,0.0,0.0,0.9759,0.0056,-0.2181,-0.0689,0.9564,-0.2839,0.207,0.2921,0.9337,0.669,0.7326,-0.1252,-0.7377,0.634,-0.2321,-0.0907,0.2476,0.9646,0.0,-0.0066,-0.0,0.0,0.0,0.0,-0.2154,-0.064,0.1884,19.8722,24.3924,-96.3968,0.0,0.0435,-0.3727,0.0,0.0,0.0,4700999.8024,3903409.4979,2822870.2489,-1963.289,-2667.8635,6949.2557,4700979.9303,3903385.1054,2822966.6457,-1963.0736,-2667.7995,6949.0673,0.0,0.0765,3.9732,0.0,0.0,1.0,0.0,1.0,0.0,0.0,-4.1,-36.453,0.0,0.0,-1.0,-0.7071,0.7071,0.0,11.02238544962024,0.18695988874622277,-0.323405,3.561142254677929,11.405005439204222,,
78.6994,64.635,4.385,-10.072,60.681,4.216,-9.71,-0.224,-0.027,0.188,-0.226,-0.026,0.165,-1.854,5.192,-3.555,-0.02,-0.332,0.014,0.0,-0.006,-0.0,876.504,1.0,0.0,-0.0,0.0,0.0,0.0,0.0,0.0,0.9762,0.0056,-0.2169,-0.0686,0.9564,-0.284,0.2058,0.2921,0.934,0.669,0.7326,-0.1252,-0.7377,0.634,-0.2321,-0.0907,0.2476,0.9646,0.0001,-0.0058,-0.0,0.0,0.0,0.0,-0.2174,-0.0639,0.188,19.8282,24.3792,-96.3579,0.0,0.0435,-0.3727,0.0,0.0,0.0,4700595.2365,3902859.8121,2824301.7117,-1964.5568,-2668.9143,6948.4949,4700575.4083,3902835.4329,2824398.0696,-1964.3394,-2668.8505,6948.307,0.0,0.0765,3.9732,0.0,0.0,1.0,0.0,1.0,0.0,0.0,-4.1,-36.453,0.0,0.0,-1.0,-0.7071,0.7071,0.0,10.985144923941604,0.18992893407798614,-0.32317500000000005,3.6059971614334865,11.396894398091634,,
78.9017,64.589,4.38,-10.033,60.635,4.211,-9.676,-0.223,-0.027,0.194,-0.225,-0.026,0.174,-1.854,5.129,-3.552,-0.018,-0.291,0.014,0.0,-0.005,-0.0,876.452,1.0,0.0,-0.0,0.0,0.0,0.0,0.0,0.0,0.9764,0.0056,-0.2158,-0.0682,0.9564,-0.284,0.2048,0.2921,0.9342,0.669,0.7326,-0.1252,-0.7377,0.634,-0.2321,-0.0907,0.2476,0.9646,0.0001,-0.0051,-0.0,0.0,0.0,0.0,-0.2235,-0.0635,0.1866,19.784,24.3663,-96.3199,0.0,0.0435,-0.3727,0.0,0.0,0.0,4700197.2722,3902319.2324,2825708.7604,-1965.8071,-2669.947,6947.7458,4700177.4883,3902294.866,2825805.0803,-1965.5836,-2669.8835,6947.5591,0.0,0.0765,3.9732,0.0,0.0,1.0,0.0,1.0,0.0,0.0,-4.1,-36.453,0.0,0.0,-1.0,-0.7071,0.7071,0.0,10.947396448471206,0.19586985475054605,-0.322945,3.650436811536076,11.388783356979044,,
79.1018,64.545,4.375,-9.994,60.59,4.206,-9.64,-0.222,-0.027,0.201,-0.224,-0.026,0.183,-1.854,5.074,-3.549,-0.015,-0.249,0.013,0.0,-0.004,-0.0,876.398,1.0,0.0,-0.0,0.0,0.0,0.0,0.0,0.0,0.9766,0.0056,-0.2149,-0.068,0.9564,-0.2841,0.2039,0.292,0.9344,0.669,0.7326,-0.1252,-0.7377,0.634,-0.2321,-0.0907,0.2476,0.9646,0.0001,-0.0044,-0.0,0.0,0.0,0.0,-0.2295,-0.0631,0.1853,19.7388,24.3536,-96.2824,0.0,0.0435,-0.3727,0.0,0.0,0.0,4699802.5133,3901783.1385,2827103.4426,-1967.0464,-2670.9705,6947.0027,4699782.7745,3901758.7849,2827199.7251,-1966.8169,-2670.9074,6946.8174,0.0,0.0765,3.9732,0.0,0.0,1.0,0.0,1.0,0.0,0.0,-4.1,-36.453,0.0,0.0,-1.0,-0.7071,0.7071,0.0,10.909659068916865,0.20280532537386686,-0.322725,3.667706123773419,11.381024969827871,,
79.3153,64.497,4.369,-9.95,60.542,4.2,-9.6,-0.222,-0.027,0.207,-0.223,-0.027,0.193,-1.854,5.026,-3.546,-0.013,-0.206,0.013,0.0,-0.004,-0.0,876.342,1.0,0.0,-0.0,0.0,0.0,0.0,0.0,0.0,0.9768,0.0056,-0.214,-0.0677,0.9564,-0.2841,0.2031,0.292,0.9346,0.669,0.7326,-0.1252,-0.7377,0.634,-0.2321,-0.0907,0.2476,0.9646,0.0001,-0.0036,-0.0,0.0,0.0,0.0,-0.2359,-0.0627,0.1839,19.6895,24.3402,-96.2431,0.0,0.0435,-0.3726,0.0,0.0,0.0,4699383.2382,3901213.8956,2828583.6154,-1968.3617,-2672.0568,6946.2136,4699363.5487,3901189.5554,2828679.8585,-1968.1258,-2671.9941,6946.0298,0.0,0.0765,3.9732,0.0,0.0,1.0,0.0,1.0,0.0,0.0,-4.1,-36.453,0.0,0.0,-1.0,-0.7071,0.7071,0.0,10.86695270073446,0.20875344308537763,-0.322485,3.6938354225962864,11.372561274753865,,
79.5158,64.453,4.363,-9.908,60.498,4.195,-9.56,-0.221,-0.028,0.214,-0.222,-0.027,0.203,-1.854,4.989,-3.544,-0.01,-0.163,0.013,0.0,-0.003,-0.0,876.288,1.0,0.0,-0.0,0.0,0.0,0.0,0.0,0.0,0.9769,0.0056,-0.2134,-0.0675,0.9564,-0.2841,0.2025,0.292,0.9347,0.669,0.7326,-0.1252,-0.7377,0.634,-0.2321,-0.0907,0.2476,0.9646,0.0001,-0.0029,-0.0,0.0,0.0,0.0,-0.2418,-0.0623,0.1825,19.6419,24.3277,-96.2062,0.0,0.0435,-0.3726,0.0,0.0,0.0,4698988.1899,3900677.6822,2829977.2016,-1969.6001,-2673.0794,6945.4703,4698968.5481,3900653.3546,2830073.4079,-1969.3582,-2673.0171,6945.2878,0.0,0.0765,3.9732,0.0,0.0,1.0,0.0,1.0,0.0,0.0,-4.1,-36.453,0.0,0.0,-1.0,-0.7071,0.7071,0.0,10.826090383882816,0.21582400237230334,-0.322265,3.697789104544835,11.364802887602693,,
79.7282,64.406,4.357,-9.862,60.451,4.189,-9.516,-0.22,-0.028,0.22,-0.221,-0.027,0.212,-1.854,4.959,-3.541,-0.008,-0.118,0.01,0.0,-0.002,-0.0,876.23,1.0,0.0,-0.0,0.0,0.0,0.0,0.0,0.0,0.9771,0.0056,-0.2129,-0.0674,0.9564,-0.2841,0.202,0.292,0.9348,0.669,0.7326,-0.1252,-0.7377,0.634,-0.2321,-0.0907,0.2476,0.9646,0.0001,-0.0021,-0.0,0.0,0.0,0.0,-0.2481,-0.0619,0.1811,19.5903,24.3145,-96.1678,0.0,0.0435,-0.3726,0.0,0.0,0.0,4698572.2957,3900113.3156,2831443.2173,-1970.9028,-2674.1552,6944.6878,4698552.7054,3900089.001,2831539.3851,-1970.6547,-2674.0933,6944.5067,0.0,0.0765,3.9732,0.0,0.0,1.0,0.0,1.0,0.0,0.0,-4.1,-36.453,0.0,0.0,-1.0,-0.7071,0.7071,0.0,10.781581192014462,0.22177466041006577,-0.32203000000000004,3.693532803389099,11.356515519509395,,
79.929,64.362,4.352,-9.817,60.407,4.184,-9.473,-0.22,-0.028,0.227,-0.22,-0.027,0.221,-1.854,4.939,-3.539,-0.005,-0.078,0.01,0.0,-0.001,-0.0,876.178,1.0,0.0,-0.0,0.0,0.0,0.0,0.0,0.0,0.9771,0.0056,-0.2126,-0.0673,0.9564,-0.2842,0.2017,0.292,0.9349,0.669,0.7326,-0.1252,-0.7377,0.634,-0.2321,-0.0907,0.2476,0.9646,0.0001,-0.0014,-0.0,0.0,0.0,0.0,-0.2541,-0.0615,0.1798,19.54,24.3021,-96.1315,0.0,0.0435,-0.3726,0.0,0.0,0.0,4698175.6102,3899575.1515,2832840.4666,-1972.1446,-2675.1805,6943.9416,4698156.0703,3899550.8494,2832936.5981,-1971.8904,-2675.119,6943.7618,0.0,0.0765,3.9732,0.0,0.0,1.0,0.0,1.0,0.0,0.0,-4.1,-36.453,0.0,0.0,-1.0,-0.7071,0.7071,0.0,10.738407377260373,0.22872035327010146,-0.32181,3.689928148827376,11.348757132358221,,
80.1297,64.318,4.346,-9.771,60.363,4.178,-9.427,-0.219,-0.028,0.231,-0.219,-0.028,0.229,-1.854,4.928,-3.537,-0.003,-0.034,0.009,0.0,-0.001,-0.0,876.132,-0.0,0.0,-0.0,0.0,0.0,0.0,0.0,0.0,0.9772,0.0056,-0.2124,-0.0672,0.9564,-0.2841,0.2015,0.2919,0.935,0.669,0.7326,-0.1252,-0.7377,0.634,-0.2321,-0.0907,0.2476,0.9646,0.0001,-0.0006,-0.0,0.0,0.0,0.0,-0.2581,-0.0613,0.1789,19.4884,24.2898,-96.0955,0.0,0.0435,-0.3726,0.0,0.0,0.0,4697779.3134,3899037.647,2834235.3189,-1973.3822,-2676.2042,6943.1966,4697759.825,3899013.3572,2834331.4144,-1973.124,-2676.1429,6943.0177,0.0,0.0765,3.9732,0.0,0.0,1.0,0.0,1.0,0.0,0.0,-4.1,-36.453,0.0,0.0,-1.0,-0.7071,0.7071,0.0,10.69393084885067,0.23269078194032528,-0.32159,3.6566424026305704,11.34099874520705,,
80.3463,64.271,4.34,-9.721,60.316,4.172,-9.378,-0.219,-0.028,0.231,-0.219,-0.028,0.231,-1.855,4.925,-3.536,-0.001,-0.006,0.008,0.0,-0.0,-0.0,876.115,-0.0,0.0,-0.0,0.0,0.0,0.0,0.0,0.0,0.9772,0.0056,-0.2123,-0.0672,0.9564,-0.2841,0.2015,0.2919,0.935,0.669,0.7326,-0.1252,-0.7377,0.634,-0.2321,-0.0907,0.2476,0.9646,0.0001,-0.0001,-0.0,0.0,0.0,0.0,-0.2581,-0.0613,0.179,19.433,24.2767,-96.0571,0.0,0.0435,-0.3726,0.0,0.0,0.0,4697355.6801,3898463.2098,2835725.2585,-1974.6999,-2677.2979,6942.4014,4697336.247,3898438.9331,2835821.3156,-1974.4418,-2677.2366,6942.2224,0.0,0.0765,3.9732,0.0,0.0,1.0,0.0,1.0,0.0,0.0,-4.1,-36.453,0.0,0.0,-1.0,-0.7071,0.7071,0.0,10.645818005207492,0.23269078194032528,-0.321355,3.6347144658903687,11.332711377113753,,
80.5473,64.227,4.334,-9.675,60.271,4.167,-9.331,-0.219,-0.028,0.231,-0.219,-0.028,0.231,-1.855,4.924,-3.534,-0.001,-0.006,0.008,0.0,-0.0,-0.0,876.115,-0.0,0.0,-0.0,0.0,0.0,0.0,0.0,0.0,0.9772,0.0056,-0.2123,-0.0672,0.9564,-0.2841,0.2015,0.2919,0.935,0.669,0.7326,-0.1252,-0.7377,0.634,-0.2321,-0.0907,0.2476,0.9646,0.0001,-0.0001,-0.0,0.0,0.0,0.0,-0.2582,-0.0613,0.179,19.381,24.2643,-96.021,0.0,0.0435,-0.3726,0.0,0.0,0.0,4696957.4013,3897923.2894,2837124.9626,-1975.9379,-2678.3252,6941.6538,4696938.0203,3897899.0251,2837220.9835,-1975.6797,-2678.2639,6941.4748,0.0,0.0765,3.9732,0.0,0.0,1.0,0.0,1.0,0.0,0.0,-4.1,-36.453,0.0,0.0,-1.0,-0.7071,0.7071,0.0,10.601376372905548,0.23269078194032528,-0.321135,3.5941550074099973,11.324952989962581,,
80.7533,64.181,4.328,-9.626,60.226,4.161,-9.283,-0.219,-0.028,0.231,-0.219,-0.028,0.23,-1.855,4.923,-3.532,-0.002,-0.015,0.008,0.0,-0.0,-0.0,876.109,-0.0,0.0,-0.0,0.0,-0.44,0.0,0.0,0.0,0.9772,0.0056,-0.2123,-0.0672,0.9564,-0.2841,0.2014,0.2918,0.935,0.669,0.7326,-0.1252,-0.7377,0.634,-0.2321,-0.0907,0.2476,0.9646,0.0001,-0.0003,-0.0,0.0,0.0,0.0,-0.2582,-0.0613,0.179,19.3271,24.2515,-95.9836,0.0,0.0435,-0.3726,0.0,0.0,0.0,4696544.9055,3897364.2331,2838573.5484,-1977.2191,-2679.3885,6940.8797,4696525.5784,3897339.9816,2838669.532,-1976.961,-2679.3272,6940.7007,0.0,0.0765,3.9732,0.0,0.0,1.0,0.0,1.0,0.0,0.0,-4.1,-36.453,0.0,0.0,-1.0,-0.7071,0.7071,0.0,10.554215271634362,0.23269078194032528,-0.320905,3.5713237885438587,11.31684194884999,,
80.9648,64.135,4.323,-9.578,60.179,4.155,-9.235,-0.219,-0.028,0.231,-0.22,-0.028,0.227,-1.855,4.915,-3.53,-0.004,-0.06,0.01,0.0,-0.001,-0.0,876.081,-0.0,0.0,-0.0,0.0,-1.0,0.0,0.0,0.0,0.9772,0.0056,-0.2121,-0.0671,0.9565,-0.284,0.2013,0.2918,0.935,0.669,0.7326,-0.1252,-0.7377,0.634,-0.2321,-0.0907,0.2476,0.9646,0.0001,-0.0011,-0.0,0.0,0.0,0.0,-0.2582,-0.0613,0.179,19.2727,24.2386,-95.9458,0.0,0.0435,-0.3726,0.0,0.0,0.0,4696127.4066,3896798.5388,2840038.5845,-1978.5149,-2680.4638,6940.0962,4696108.1339,3896774.3002,2840134.5303,-1978.2568,-2680.4025,6939.9172,0.0,0.0765,3.9732,0.0,0.0,1.0,0.0,1.0,0.0,0.0,-4.1,-36.453,0.0,0.0,-1.0,-0.7071,0.7071,0.0,10.50839726123827,0.23269078194032528,-0.32067500000000004,3.532892578492762,11.308730907737402,,
81.1737,64.089,4.317,-9.529,60.133,4.149,-9.188,-0.219,-0.028,0.231,-0.22,-0.027,0.223,-1.855,4.897,-3.528,-0.007,-0.109,0.011,0.0,-0.002,-0.0,876.052,-0.0,0.0,-0.0,0.0,-1.0,0.0,0.0,0.0,0.9773,0.0056,-0.2118,-0.067,0.9565,-0.284,0.201,0.2918,0.9351,0.669,0.7326,-0.1252,-0.7377,0.634,-0.2321,-0.0907,0.2476,0.9646,0.0001,-0.0019,-0.0,0.0,0.0,0.0,-0.2582,-0.0613,0.179,19.219,24.2258,-95.9085,0.0,0.0435,-0.3726,0.0,0.0,0.0,4695715.2473,3896240.2209,2841483.781,-1979.7932,-2681.5245,6939.323,4695696.0283,3896215.9951,2841579.6895,-1979.535,-2681.4631,6939.1439,0.0,0.0765,3.9732,0.0,0.0,1.0,0.0,1.0,0.0,0.0,-4.1,-36.453,0.0,0.0,-1.0,-0.7071,0.7071,0.0,10.461277646635711,0.23269078194032528,-0.320445,3.525657767873231,11.300619866624812,,
81.3845,64.043,4.311,-9.481,60.087,4.144,-9.141,-0.219,-0.028,0.231,-0.22,-0.027,0.22,-1.855,4.869,-3.526,-0.01,-0.154,0.013,0.0,-0.003,-0.0,876.024,-0.0,0.0,-0.0,0.0,-1.0,0.0,0.0,0.0,0.9774,0.0056,-0.2114,-0.0669,0.9565,-0.284,0.2006,0.2918,0.9352,0.669,0.7326,-0.1252,-0.7377,0.634,-0.2321,-0.0907,0.2476,0.9646,0.0001,-0.0027,-0.0,0.0,0.0,0.0,-0.2582,-0.0614,0.1791,19.1646,24.2128,-95.8706,0.0,0.0435,-0.3726,0.0,0.0,0.0,4695296.5205,3895673.1489,2842950.8865,-1981.091,-2682.6012,6938.5374,4695277.3558,3895648.9361,2843046.7571,-1980.8327,-2682.5399,6938.3584,0.0,0.0765,3.9732,0.0,0.0,1.0,0.0,1.0,0.0,0.0,-4.1,-36.453,0.0,0.0,-1.0,-0.7071,0.7071,0.0,10.41508914988249,0.23269078194032528,-0.320215,3.5105846142376933,11.292508825512224,,
81.5954,63.997,4.305,-9.432,60.041,4.138,-9.095,-0.219,-0.028,0.23,-0.221,-0.027,0.216,-1.855,4.831,-3.523,-0.013,-0.203,0.014,0.0,-0.004,-0.0,875.995,-0.0,0.0,-0.0,0.0,-1.0,0.0,0.0,0.0,0.9775,0.0056,-0.2107,-0.0667,0.9565,-0.2841,0.2,0.2917,0.9354,0.669,0.7326,-0.1252,-0.7377,0.634,-0.2321,-0.0907,0.2476,0.9646,0.0001,-0.0036,-0.0,0.0,0.0,0.0,-0.2582,-0.0614,0.1791,19.1105,24.1999,-95.8328,0.0,0.0435,-0.3726,0.0,0.0,0.0,4694879.42,3895108.4223,2844411.1744,-1982.3827,-2683.6729,6937.7551,4694860.3094,3895084.2224,2844507.0072,-1982.1244,-2683.6115,6937.576,0.0,0.0765,3.9732,0.0,0.0,1.0,0.0,1.0,0.0,0.0,-4.1,-36.453,0.0,0.0,-1.0,-0.7071,0.7071,0.0,10.368010850688767,0.23169807940507406,-0.319985,3.517410301000719,11.284397784399633,,
81.8041,63.951,4.299,-9.384,59.995,4.132,-9.05,-0.219,-0.028,0.23,-0.221,-0.027,0.213,-1.855,4.784,-3.52,-0.015,-0.251,0.016,0.0,-0.004,-0.0,875.966,-0.0,0.0,-0.0,0.0,-1.0,0.0,0.0,0.0,0.9777,0.0056,-0.2099,-0.0665,0.9565,-0.2841,0.1992,0.2917,0.9355,0.669,0.7326,-0.1252,-0.7377,0.634,-0.2321,-0.0907,0.2476,0.9646,0.0001,-0.0044,-0.0,0.0,0.0,0.0,-0.2582,-0.0614,0.1791,19.057,24.1871,-95.7955,0.0,0.0435,-0.3726,0.0,0.0,0.0,4694466.1772,3894549.0593,2845856.8562,-1983.6615,-2684.7339,6936.9801,4694447.1202,3894524.8722,2845952.6517,-1983.4033,-2684.6725,6936.801,0.0,0.0765,3.9732,0.0,0.0,1.0,0.0,1.0,0.0,0.0,-4.1,-36.453,0.0,0.0,-1.0,-0.7071,0.7071,0.0,10.3218630585762,0.23169807940507406,-0.319755,3.5250156847299925,11.276286743287043,,
82.0067,63.906,4.293,-9.338,59.95,4.127,-9.008,-0.22,-0.028,0.23,-0.221,-0.027,0.209,-1.855,4.729,-3.516,-0.018,-0.295,0.017,0.0,-0.005,-0.0,875.939,-0.0,0.0,-0.0,0.0,-1.0,0.0,0.0,0.0,0.9779,0.0056,-0.209,-0.0662,0.9565,-0.2841,0.1983,0.2917,0.9357,0.669,0.7326,-0.1252,-0.7377,0.634,-0.2321,-0.0907,0.2476,0.9646,0.0001,-0.0052,-0.0,0.0,0.0,0.0,-0.2582,-0.0614,0.1791,19.0051,24.1747,-95.7591,0.0,0.0435,-0.3726,0.0,0.0,0.0,4694064.4591,3894005.429,2847261.1731,-1984.9038,-2685.7644,6936.2268,4694045.454,3893981.2543,2847356.9322,-1984.6455,-2685.703,6936.0477,0.0,0.0765,3.9732,0.0,0.0,1.0,0.0,1.0,0.0,0.0,-4.1,-36.453,0.0,0.0,-1.0,-0.7071,0.7071,0.0,10.277552870211858,0.23169807940507406,-0.31953,3.553838778047641,11.268352029155162,,
82.2203,63.86,4.287,-9.289,59.903,4.121,-8.963,-0.22,-0.028,0.229,-0.222,-0.027,0.206,-1.855,4.661,-3.512,-0.021,-0.344,0.019,0.0,-0.006,-0.0,875.909,-0.0,0.0,-0.0,0.0,-0.056,0.0,0.0,0.0,0.9782,0.0056,-0.2078,-0.0658,0.9565,-0.2842,0.1972,0.2916,0.936,0.669,0.7326,-0.1252,-0.7377,0.634,-0.2321,-0.0907,0.2476,0.9646,0.0001,-0.006,-0.0,0.0,0.0,0.0,-0.2583,-0.0614,0.1791,18.9504,24.1616,-95.7208,0.0,0.0435,-0.3725,0.0,0.0,0.0,4693641.0595,3893432.6014,2848740.1684,-1986.2121,-2686.8497,6935.4329,4693622.1091,3893408.4398,2848835.8893,-1985.9538,-2686.7883,6935.2538,0.0,0.0765,3.9732,0.0,0.0,1.0,0.0,1.0,0.0,0.0,-4.1,-36.453,0.0,0.0,-1.0,-0.7071,0.7071,0.0,10.23053713154886,0.23070543990118655,-0.3193,3.5761940655594535,11.260240988042574,,
82.4235,63.815,4.281,-9.242,59.857,4.115,-8.921,-0.22,-0.028,0.23,-0.221,-0.027,0.209,-1.855,4.595,-3.509,-0.018,-0.303,0.018,0.0,-0.005,-0.0,875.884,-0.0,0.0,-0.0,0.0,0.0,0.0,0.0,0.0,0.9784,0.0056,-0.2067,-0.0655,0.9565,-0.2842,0.1961,0.2916,0.9362,0.669,0.7326,-0.1252,-0.7377,0.634,-0.2321,-0.0907,0.2476,0.9646,0.0001,-0.0053,-0.0,0.0,0.0,0.0,-0.2583,-0.0614,0.1792,18.8982,24.149,-95.6842,0.0,0.0435,-0.3725,0.0,0.0,0.0,4693236.1373,3892884.9082,2850153.5503,-1987.4625,-2687.8869,6934.6738,4693217.2391,3892860.7592,2850249.2346,-1987.2042,-2687.8255,6934.4947,0.0,0.0765,3.9732,0.0,0.0,1.0,0.0,1.0,0.0,0.0,-4.1,-36.453,0.0,0.0,-1.0,-0.7071,0.7071,0.0,10.185358363847588,0.23169807940507406,-0.319075,3.6142429708272883,11.252306273910692,,
82.6291,63.77,4.276,-9.195,59.812,4.11,-8.878,-0.22,-0.028,0.23,-0.221,-0.027,0.212,-1.855,4.537,-3.505,-0.016,-0.255,0.016,0.0,-0.004,-0.0,875.855,-0.0,0.0,-0.0,0.0,0.0,0.0,0.0,0.0,0.9786,0.0056,-0.2057,-0.0652,0.9565,-0.2843,0.1951,0.2916,0.9364,0.669,0.7326,-0.1252,-0.7377,0.634,-0.2321,-0.0907,0.2476,0.9646,0.0001,-0.0045,-0.0,0.0,0.0,0.0,-0.2583,-0.0614,0.1792,18.8454,24.1364,-95.6473,0.0,0.0435,-0.3725,0.0,0.0,0.0,4692826.8466,3892331.4416,2851581.1206,-1988.7254,-2688.9344,6933.9067,4692808.0012,3892307.3052,2851676.7679,-1988.4671,-2688.873,6933.7275,0.0,0.0765,3.9732,0.0,0.0,1.0,0.0,1.0,0.0,0.0,-4.1,-36.453,0.0,0.0,-1.0,-0.7071,0.7071,0.0,10.140621332048644,0.23169807940507406,-0.31885,3.6369434963931875,11.244371559778813,,
82.831,63.725,4.27,-9.148,59.767,4.104,-8.834,-0.22,-0.028,0.23,-0.221,-0.027,0.216,-1.855,4.49,-3.502,-0.013,-0.209,0.015,0.0,-0.004,-0.0,875.827,-0.0,0.0,-0.0,0.0,0.0,0.0,0.0,0.0,0.9788,0.0056,-0.2049,-0.065,0.9565,-0.2843,0.1944,0.2916,0.9366,0.669,0.7326,-0.1252,-0.7377,0.634,-0.2321,-0.0907,0.2476,0.9646,0.0001,-0.0037,-0.0,0.0,0.0,0.0,-0.2583,-0.0614,0.1792,18.7933,24.1239,-95.6109,0.0,0.0435,-0.3725,0.0,0.0,0.0,4692423.6274,3891786.3183,2852986.4727,-1989.9687,-2689.9656,6933.1509,4692404.8341,3891762.1944,2853082.0836,-1989.7104,-2689.9042,6932.9717,0.0,0.0765,3.9732,0.0,0.0,1.0,0.0,1.0,0.0,0.0,-4.1,-36.453,0.0,0.0,-1.0,-0.7071,0.7071,0.0,10.095484337068727,0.23169807940507406,-0.318625,3.645061866453307,11.236436845646931,,
83.033,63.681,4.264,-9.101,59.723,4.099,-8.79,-0.219,-0.028,0.234,-0.22,-0.028,0.223,-1.855,4.452,-3.499,-0.011,-0.167,0.011,0.0,-0.003,-0.0,875.783,1.0,0.0,-0.0,0.0,0.0,0.0,0.0,0.0,0.9789,0.0056,-0.2042,-0.0648,0.9565,-0.2843,0.1938,0.2915,0.9367,0.669,0.7326,-0.1252,-0.7377,0.634,-0.2321,-0.0907,0.2476,0.9646,0.0001,-0.0029,-0.0,0.0,0.0,0.0,-0.2618,-0.0612,0.1785,18.7412,24.1115,-95.5747,0.0,0.0435,-0.3725,0.0,0.0,0.0,4692021.3786,3891242.6378,2854387.4156,-1991.2116,-2690.9933,6932.3964,4692002.6374,3891218.5263,2854482.9903,-1990.9498,-2690.9321,6932.2179,0.0,0.0765,3.9732,0.0,0.0,1.0,0.0,1.0,0.0,0.0,-4.1,-36.453,0.0,0.0,-1.0,-0.7071,0.7071,0.0,10.05036800321262,0.2356692597688549,-0.318405,3.658418911896437,11.228678458495757,,
83.24,63.635,4.258,-9.052,59.677,4.093,-8.743,-0.219,-0.029,0.241,-0.219,-0.028,0.232,-1.855,4.422,-3.497,-0.008,-0.123,0.011,0.0,-0.002,-0.0,875.727,1.0,0.0,-0.0,0.0,0.0,0.0,0.0,0.0,0.979,0.0056,-0.2037,-0.0646,0.9565,-0.2843,0.1933,0.2915,0.9368,0.669,0.7326,-0.1252,-0.7377,0.634,-0.2321,-0.0907,0.2476,0.9646,0.0001,-0.0022,-0.0,0.0,0.0,0.0,-0.268,-0.0609,0.1772,18.6865,24.0988,-95.5378,0.0,0.0435,-0.3725,0.0,0.0,0.0,4691608.6635,3890684.9489,2855823.7416,-1992.4885,-2692.0468,6931.6218,4691589.977,3890660.8501,2855919.2794,-1992.2205,-2691.9859,6931.4446,0.0,0.0765,3.9732,0.0,0.0,1.0,0.0,1.0,0.0,0.0,-4.1,-36.453,0.0,0.0,-1.0,-0.7071,0.7071,0.0,10.003462800450652,0.2427385424690525,-0.318175,3.650666837236935,11.220567417383169,,
83.4499,63.59,4.252,-9.001,59.631,4.087,-8.694,-0.218,-0.029,0.247,-0.219,-0.028,0.242,-1.855,4.4,-3.495,-0.006,-0.084,0.011,0.0,-0.001,-0.0,875.675,1.0,0.0,-0.0,0.0,0.0,0.0,0.0,0.0,0.9791,0.0056,-0.2033,-0.0645,0.9566,-0.2843,0.1929,0.2915,0.9369,0.669,0.7326,-0.1252,-0.7377,0.634,-0.2321,-0.0907,0.2476,0.9646,0.0001,-0.0015,-0.0,0.0,0.0,0.0,-0.2743,-0.0605,0.1758,18.6299,24.0861,-95.5008,0.0,0.0435,-0.3725,0.0,0.0,0.0,4691191.4619,3890121.3394,2857274.5837,-1993.7785,-2693.1108,6930.8388,4691172.832,3890097.2533,2857370.0845,-1993.5041,-2693.0504,6930.663,0.0,0.0765,3.9732,0.0,0.0,1.0,0.0,1.0,0.0,0.0,-4.1,-36.453,0.0,0.0,-1.0,-0.7071,0.7071,0.0,9.954772975814164,0.24869660230891777,-0.31795,3.6424559061860102,11.212632703251288,,
83.6579,63.545,4.246,-8.949,59.586,4.081,-8.643,-0.217,-0.029,0.254,-0.218,-0.029,0.251,-1.856,4.387,-3.493,-0.003,-0.04,0.008,0.0,-0.001,-0.0,875.617,1.0,0.0,-0.0,0.0,0.0,0.0,0.0,0.0,0.9791,0.0056,-0.2031,-0.0644,0.9566,-0.2843,0.1927,0.2915,0.937,0.669,0.7326,-0.1252,-0.7377,0.634,-0.2321,-0.0907,0.2476,0.9646,0.0001,-0.0007,-0.0,0.0,0.0,0.0,-0.2805,-0.0601,0.1745,18.5724,24.0736,-95.4644,0.0,0.0435,-0.3725,0.0,0.0,0.0,4690777.4665,3889562.2012,2858713.1864,-1995.0575,-2694.1659,6930.062,4690758.8941,3889538.1276,2858808.6508,-1994.777,-2694.1058,6929.8875,0.0,0.0765,3.9732,0.0,0.0,1.0,0.0,1.0,0.0,0.0,-4.1,-36.453,0.0,0.0,-1.0,-0.7071,0.7071,0.0,9.905206560188434,0.2556501515743732,-0.31772500000000004,3.6177222493357197,11.204697989119406,,
83.8676,63.499,4.24,-8.895,59.54,4.075,-8.589,-0.217,-0.029,0.261,-0.217,-0.029,0.26,-1.856,4.383,-3.491,-0.001,-0.006,0.008,0.0,-0.0,-0.0,875.568,1.0,0.0,-0.0,0.0,0.0,0.0,0.0,0.0,0.9792,0.0056,-0.203,-0.0644,0.9566,-0.2843,0.1926,0.2914,0.937,0.669,0.7326,-0.1252,-0.7377,0.634,-0.2321,-0.0907,0.2476,0.9646,0.0001,-0.0001,-0.0,0.0,0.0,0.0,-0.2869,-0.0597,0.1732,18.513,24.0611,-95.428,0.0,0.0435,-0.3725,0.0,0.0,0.0,4690359.3212,3888997.5997,2860165.1104,-1996.3485,-2695.2307,6929.2775,4690340.8082,3888973.5386,2860260.5384,-1996.0616,-2695.171,6929.1043,0.0,0.0765,3.9732,0.0,0.0,1.0,0.0,1.0,0.0,0.0,-4.1,-36.453,0.0,0.0,-1.0,-0.7071,0.7071,0.0,9.853863455518349,0.26260616900598505,-0.317495,3.5771933587581617,11.196586948006818,,
84.076,63.454,4.234,-8.84,59.495,4.069,-8.534,-0.216,-0.03,0.268,-0.216,-0.029,0.267,-1.856,4.382,-3.49,-0.001,-0.007,0.008,0.0,-0.0,-0.0,875.54,1.0,0.0,-0.0,0.0,0.0,0.0,0.0,0.0,0.9792,0.0056,-0.203,-0.0644,0.9566,-0.2843,0.1926,0.2914,0.937,0.669,0.7326,-0.1252,-0.7377,0.634,-0.2321,-0.0907,0.2476,0.9646,0.0001,-0.0001,-0.0,0.0,0.0,0.0,-0.2937,-0.0593,0.1719,18.4523,24.0486,-95.3919,0.0,0.0435,-0.3725,0.0,0.0,0.0,4689941.688,3888433.832,2861614.1553,-1997.6374,-2696.2933,6928.4941,4689923.2358,3888409.7834,2861709.5472,-1997.3437,-2696.234,6928.3222,0.0,0.0765,3.9732,0.0,0.0,1.0,0.0,1.0,0.0,0.0,-4.1,-36.453,0.0,0.0,-1.0,-0.7071,0.7071,0.0,9.801650677309409,0.2696738771182704,-0.31727,3.5356825412842094,11.188652233874937,,
84.2833,63.409,4.228,-8.784,59.45,4.063,-8.478,-0.216,-0.03,0.274,-0.216,-0.029,0.274,-1.856,4.38,-3.488,-0.002,-0.007,0.007,0.0,-0.0,-0.0,875.513,1.0,0.0,-0.0,0.0,0.0,0.0,0.0,0.0,0.9792,0.0056,-0.203,-0.0644,0.9566,-0.2842,0.1926,0.2914,0.937,0.669,0.7326,-0.1252,-0.7377,0.634,-0.2321,-0.0907,0.2476,0.9646,0.0001,-0.0001,-0.0,0.0,0.0,0.0,-0.3004,-0.0589,0.1706,18.3908,24.0364,-95.3564,0.0,0.0435,-0.3725,0.0,0.0,0.0,4689527.8338,3887875.3048,2863049.0056,-1998.9137,-2697.3455,6927.7179,4689509.443,3887851.2684,2863144.362,-1998.6133,-2697.2866,6927.5473,0.0,0.0765,3.9732,0.0,0.0,1.0,0.0,1.0,0.0,0.0,-4.1,-36.453,0.0,0.0,-1.0,-0.7071,0.7071,0.0,9.748571177357224,0.2756374430297887,-0.317045,3.493327394107025,11.180717519743055,,
84.5001,63.363,4.221,-8.724,59.404,4.057,-8.419,-0.216,-0.03,0.277,-0.216,-0.029,0.276,-1.856,4.379,-3.487,-0.002,-0.007,0.007,0.0,-0.0,-0.0,875.505,-0.0,0.0,-0.0,0.0,0.0,0.0,0.0,0.0,0.9792,0.0056,-0.203,-0.0644,0.9566,-0.2842,0.1926,0.2914,0.937,0.669,0.7326,-0.1252,-0.7377,0.634,-0.2321,-0.0907,0.2476,0.9646,0.0001,-0.0001,-0.0,0.0,0.0,0.0,-0.3026,-0.0587,0.1702,18.326,24.0238,-95.3199,0.0,0.0435,-0.3724,0.0,0.0,0.0,4689099.0616,3887296.7911,2864534.4433,-2000.2303,-2698.435,6926.9148,4689080.7356,3887272.7673,2864629.7632,-1999.9277,-2698.3763,6926.7446,0.0,0.0765,3.9732,0.0,0.0,1.0,0.0,1.0,0.0,0.0,-4.1,-36.453,0.0,0.0,-1.0,-0.7071,0.7071,0.0,9.691491990400653,0.27861981264798813,-0.316815,3.467306065699228,11.172606478630467,,
84.7156,63.316,4.215,-8.665,59.358,4.05,-8.359,-0.216,-0.03,0.277,-0.216,-0.029,0.276,-1.857,4.377,-3.485,-0.002,-0.007,0.007,0.0,-0.0,-0.0,875.505,-0.0,0.0,-0.0,0.0,0.0,0.0,0.0,0.0,0.9792,0.0056,-0.2029,-0.0644,0.9566,-0.2842,0.1925,0.2913,0.937,0.669,0.7326,-0.1252,-0.7377,0.634,-0.2321,-0.0907,0.2476,0.9646,0.0001,-0.0001,-0.0,0.0,0.0,0.0,-0.3026,-0.0587,0.1702,18.261,24.0112,-95.2833,0.0,0.0435,-0.3724,0.0,0.0,0.0,4688669.3729,3886717.1872,2866021.9046,-2001.5465,-2699.5261,6926.1105,4688651.1119,3886693.176,2866117.188,-2001.2439,-2699.4674,6925.9403,0.0,0.0765,3.9732,0.0,0.0,1.0,0.0,1.0,0.0,0.0,-4.1,-36.453,0.0,0.0,-1.0,-0.7071,0.7071,0.0,9.635790055828322,0.27861981264798813,-0.31658000000000003,3.401466103535562,11.16431911053717,,
84.9297,63.27,4.209,-8.606,59.311,4.044,-8.3,-0.216,-0.03,0.277,-0.216,-0.029,0.276,-1.857,4.376,-3.484,-0.002,-0.007,0.007,0.0,-0.0,-0.0,875.505,-0.0,0.0,-0.0,0.0,-0.258,0.0,0.0,0.0,0.9792,0.0056,-0.2029,-0.0643,0.9566,-0.2842,0.1925,0.2913,0.9371,0.669,0.7326,-0.1252,-0.7377,0.634,-0.2321,-0.0907,0.2476,0.9646,0.0001,-0.0001,-0.0,0.0,0.0,0.0,-0.3026,-0.0588,0.1702,18.1961,23.9986,-95.2468,0.0,0.0435,-0.3724,0.0,0.0,0.0,4688239.8258,3886137.9207,2867507.7263,-2002.8613,-2700.616,6925.3065,4688221.6297,3886113.9221,2867602.9731,-2002.5587,-2700.5573,6925.1363,0.0,0.0765,3.9732,0.0,0.0,1.0,0.0,1.0,0.0,0.0,-4.1,-36.453,0.0,0.0,-1.0,-0.7071,0.7071,0.0,9.580131366531463,0.27861981264798813,-0.31635,3.3581172794064993,11.15620806942458,,
85.1402,63.224,4.202,-8.547,59.266,4.038,-8.242,-0.216,-0.03,0.276,-0.216,-0.029,0.272,-1.857,4.369,-3.482,-0.004,-0.056,0.009,0.0,-0.001,-0.0,875.475,-0.0,0.0,-0.0,0.0,-1.0,0.0,0.0,0.0,0.9792,0.0056,-0.2028,-0.0643,0.9566,-0.2842,0.1924,0.2913,0.9371,0.669,0.7326,-0.1252,-0.7377,0.634,-0.2321,-0.0907,0.2476,0.9646,0.0001,-0.001,-0.0,0.0,0.0,0.0,-0.3026,-0.0588,0.1702,18.1318,23.9861,-95.2106,0.0,0.0435,-0.3724,0.0,0.0,0.0,4687814.053,3885563.8898,2868979.3605,-2004.1636,-2701.6955,6924.5098,4687795.9212,3885539.9036,2869074.5711,-2003.861,-2701.6367,6924.3395,0.0,0.0765,3.9732,0.0,0.0,1.0,0.0,1.0,0.0,0.0,-4.1,-36.453,0.0,0.0,-1.0,-0.7071,0.7071,0.0,9.524075440692394,0.2776256472302226,-0.31611999999999996,3.331627548041022,11.14809702831199,,
85.3415,63.181,4.196,-8.491,59.222,4.032,-8.187,-0.216,-0.03,0.276,-0.216,-0.029,0.269,-1.857,4.353,-3.48,-0.007,-0.103,0.011,0.0,-0.002,-0.0,875.447,-0.0,0.0,-0.0,0.0,-1.0,0.0,0.0,0.0,0.9793,0.0056,-0.2025,-0.0642,0.9566,-0.2842,0.1921,0.2913,0.9371,0.669,0.7326,-0.1252,-0.7377,0.634,-0.2321,-0.0907,0.2476,0.9646,0.0001,-0.0018,-0.0,0.0,0.0,0.0,-0.3026,-0.0588,0.1703,18.0709,23.9743,-95.1762,0.0,0.0435,-0.3724,0.0,0.0,0.0,4687409.2989,3885018.3288,2870377.3035,-2005.4007,-2702.7208,6923.7524,4687391.2281,3884994.3545,2870472.4797,-2005.0981,-2702.6621,6923.5822,0.0,0.0765,3.9732,0.0,0.0,1.0,0.0,1.0,0.0,0.0,-4.1,-36.453,0.0,0.0,-1.0,-0.7071,0.7071,0.0,9.471193008275145,0.2776256472302226,-0.315905,3.304429473728586,11.140514968141526,,
85.5456,63.137,4.19,-8.435,59.178,4.026,-8.133,-0.216,-0.03,0.276,-0.217,-0.029,0.266,-1.858,4.328,-3.478,-0.01,-0.146,0.012,0.0,-0.003,-0.0,875.42,-0.0,0.0,-0.0,0.0,-1.0,0.0,0.0,0.0,0.9794,0.0056,-0.2021,-0.0641,0.9566,-0.2842,0.1917,0.2912,0.9372,0.669,0.7326,-0.1252,-0.7377,0.634,-0.2321,-0.0907,0.2476,0.9646,0.0001,-0.0026,-0.0,0.0,0.0,0.0,-0.3027,-0.0588,0.1703,18.0094,23.9623,-95.1416,0.0,0.0435,-0.3724,0.0,0.0,0.0,4687001.309,3884468.5368,2871785.3958,-2006.6468,-2703.7536,6922.9891,4686983.2996,3884444.5745,2871880.5373,-2006.3442,-2703.6948,6922.8188,0.0,0.0765,3.9732,0.0,0.0,1.0,0.0,1.0,0.0,0.0,-4.1,-36.453,0.0,0.0,-1.0,-0.7071,0.7071,0.0,9.418350439434711,0.2776256472302226,-0.315685,3.2899741045512036,11.132756580990353,,
85.7568,63.091,4.184,-8.377,59.132,4.02,-8.077,-0.216,-0.03,0.275,-0.217,-0.029,0.262,-1.858,4.291,-3.475,-0.013,-0.195,0.014,0.0,-0.003,-0.0,875.39,-0.0,0.0,-0.0,0.0,-1.0,0.0,0.0,0.0,0.9795,0.0056,-0.2015,-0.0639,0.9566,-0.2842,0.1911,0.2912,0.9374,0.669,0.7326,-0.1252,-0.7377,0.634,-0.2321,-0.0907,0.2476,0.9646,0.0001,-0.0034,-0.0,0.0,0.0,0.0,-0.3027,-0.0588,0.1703,17.9456,23.9499,-95.1055,0.0,0.0435,-0.3724,0.0,0.0,0.0,4686576.7787,3883896.5956,2873249.4817,-2007.9425,-2704.8274,6922.195,4686558.833,3883872.6457,2873344.5872,-2007.6399,-2704.7686,6922.0247,0.0,0.0765,3.9732,0.0,0.0,1.0,0.0,1.0,0.0,0.0,-4.1,-36.453,0.0,0.0,-1.0,-0.7071,0.7071,0.0,9.363759127615362,0.2766315238724611,-0.315455,3.2740664631697296,11.124645539877765,,
85.9613,63.047,4.178,-8.321,59.088,4.014,-8.024,-0.216,-0.03,0.275,-0.217,-0.029,0.259,-1.858,4.247,-3.472,-0.015,-0.239,0.015,0.0,-0.004,-0.0,875.364,-0.0,0.0,-0.0,0.0,-1.0,0.0,0.0,0.0,0.9796,0.0056,-0.2007,-0.0637,0.9566,-0.2842,0.1904,0.2912,0.9375,0.669,0.7326,-0.1252,-0.7377,0.634,-0.2321,-0.0907,0.2476,0.9646,0.0001,-0.0042,-0.0,0.0,0.0,0.0,-0.3027,-0.0588,0.1703,17.8843,23.9379,-95.0708,0.0,0.0435,-0.3724,0.0,0.0,0.0,4686167.7805,3883345.7137,2874658.95,-2009.1899,-2705.8611,6921.43,4686149.8962,3883321.7758,2874754.0207,-2008.8872,-2705.8023,6921.2597,0.0,0.0765,3.9732,0.0,0.0,1.0,0.0,1.0,0.0,0.0,-4.1,-36.453,0.0,0.0,-1.0,-0.7071,0.7071,0.0,9.311000214799698,0.2766315238724611,-0.315235,3.273524561195838,11.11688715272659,,
86.1649,63.003,4.172,-8.265,59.043,4.008,-7.972,-0.216,-0.03,0.275,-0.218,-0.029,0.255,-1.858,4.193,-3.469,-0.018,-0.286,0.016,0.0,-0.005,-0.0,875.335,-0.0,0.0,-0.0,0.0,-1.0,0.0,0.0,0.0,0.9798,0.0056,-0.1998,-0.0634,0.9567,-0.2842,0.1895,0.2912,0.9377,0.669,0.7326,-0.1252,-0.7377,0.634,-0.2321,-0.0907,0.2476,0.9646,0.0001,-0.005,-0.0,0.0,0.0,0.0,-0.3027,-0.0588,0.1704,17.8229,23.9259,-95.036,0.0,0.0435,-0.3724,0.0,0.0,0.0,4685758.092,3882794.0341,2876069.7648,-2010.4385,-2706.8958,6920.6639,4685740.2691,3882770.1082,2876164.8008,-2010.1358,-2706.837,6920.4935,0.0,0.0765,3.9732,0.0,0.0,1.0,0.0,1.0,0.0,0.0,-4.1,-36.453,0.0,0.0,-1.0,-0.7071,0.7071,0.0,9.258283264191046,0.2766315238724611,-0.315015,3.288319478303522,11.109128765575418,,
86.3765,62.957,4.165,-8.206,58.997,4.002,-7.918,-0.216,-0.03,0.275,-0.218,-0.029,0.251,-1.858,4.127,-3.465,-0.021,-0.335,0.018,0.0,-0.006,-0.0,875.305,-0.0,0.0,-0.0,0.0,-1.0,0.0,0.0,0.0,0.9801,0.0056,-0.1987,-0.0631,0.9567,-0.2843,0.1885,0.2911,0.9379,0.669,0.7326,-0.1252,-0.7377,0.634,-0.2321,-0.0907,0.2476,0.9646,0.0001,-0.0059,-0.0,0.0,0.0,0.0,-0.3027,-0.0588,0.1704,17.7593,23.9134,-94.9998,0.0,0.0435,-0.3724,0.0,0.0,0.0,4685332.5684,3882221.17,2877534.018,-2011.7345,-2707.9696,6919.8682,4685314.8091,3882197.2566,2877629.0178,-2011.4318,-2707.9108,6919.6978,0.0,0.0765,3.9732,0.0,0.0,1.0,0.0,1.0,0.0,0.0,-4.1,-36.453,0.0,0.0,-1.0,-0.7071,0.7071,0.0,9.20248124149134,0.2766315238724611,-0.314785,3.319147623508676,11.10101772446283,,
86.5779,62.914,4.159,-8.151,58.953,3.996,-7.867,-0.216,-0.03,0.274,-0.218,-0.029,0.248,-1.858,4.055,-3.461,-0.023,-0.379,0.019,0.0,-0.007,-0.0,875.279,-0.0,0.0,-0.0,0.0,-1.0,0.0,0.0,0.0,0.9803,0.0056,-0.1974,-0.0627,0.9567,-0.2843,0.1873,0.2911,0.9382,0.669,0.7326,-0.1252,-0.7377,0.634,-0.2321,-0.0907,0.2476,0.9646,0.0001,-0.0066,-0.0,0.0,0.0,0.0,-0.3027,-0.0589,0.1704,17.6985,23.9015,-94.9653,0.0,0.0435,-0.3724,0.0,0.0,0.0,4684925.6001,3881673.4189,2878933.382,-2012.973,-2708.9959,6919.1073,4684907.9016,3881649.5174,2879028.3473,-2012.6703,-2708.937,6918.9369,0.0,0.0765,3.9732,0.0,0.0,1.0,0.0,1.0,0.0,0.0,-4.1,-36.453,0.0,0.0,-1.0,-0.7071,0.7071,0.0,9.150742155694259,0.2756374430297887,-0.31457,3.3345113315711434,11.093435664292366,,
86.7788,62.871,4.153,-8.096,58.91,3.991,-7.818,-0.216,-0.03,0.274,-0.218,-0.029,0.245,-1.858,3.974,-3.457,-0.026,-0.425,0.021,0.0,-0.007,-0.0,875.251,-0.0,0.0,-0.0,0.0,-0.622,0.0,0.0,0.0,0.9806,0.0056,-0.196,-0.0623,0.9567,-0.2844,0.186,0.2911,0.9384,0.669,0.7326,-0.1252,-0.7377,0.634,-0.2321,-0.0907,0.2476,0.9646,0.0001,-0.0074,-0.0,0.0,0.0,0.0,-0.3027,-0.0589,0.1704,17.6385,23.8897,-94.9311,0.0,0.0435,-0.3724,0.0,0.0,0.0,4684522.5357,3881131.05,2880318.3229,-2014.1988,-2710.0115,6918.3538,4684504.8972,3881107.1603,2880413.2539,-2013.8961,-2709.9526,6918.1834,0.0,0.0765,3.9732,0.0,0.0,1.0,0.0,1.0,0.0,0.0,-4.1,-36.453,0.0,0.0,-1.0,-0.7071,0.7071,0.0,9.099045279588402,0.2756374430297887,-0.314355,3.3825927649154273,11.085853604121901,,
86.9831,62.826,4.147,-8.04,58.865,3.985,-7.768,-0.216,-0.03,0.274,-0.218,-0.029,0.246,-1.858,3.889,-3.453,-0.025,-0.4,0.02,0.0,-0.007,-0.0,875.224,-0.0,0.0,-0.0,0.0,0.0,0.0,0.0,0.0,0.9809,0.0056,-0.1946,-0.0619,0.9567,-0.2845,0.1845,0.2911,0.9387,0.669,0.7326,-0.1252,-0.7377,0.634,-0.2321,-0.0907,0.2476,0.9646,0.0001,-0.007,-0.0,0.0,0.0,0.0,-0.3027,-0.0589,0.1704,17.5772,23.8777,-94.8962,0.0,0.0435,-0.3724,0.0,0.0,0.0,4684111.3507,3880577.8844,2881730.1435,-2015.4484,-2711.0467,6917.5853,4684093.7735,3880554.0067,2881825.0397,-2015.1457,-2710.9879,6917.4149,0.0,0.0765,3.9732,0.0,0.0,1.0,0.0,1.0,0.0,0.0,-4.1,-36.453,0.0,0.0,-1.0,-0.7071,0.7071,0.0,9.046502583871845,0.2756374430297887,-0.31413,3.424237837469507,11.07791888999002,,
87.1835,62.783,4.141,-7.985,58.821,3.979,-7.718,-0.216,-0.03,0.275,-0.218,-0.029,0.25,-1.859,3.812,-3.449,-0.022,-0.354,0.019,0.0,-0.006,-0.0,875.196,-0.0,0.0,-0.0,0.0,0.0,0.0,0.0,0.0,0.9811,0.0056,-0.1933,-0.0615,0.9567,-0.2845,0.1833,0.291,0.939,0.669,0.7326,-0.1252,-0.7377,0.634,-0.2321,-0.0907,0.2476,0.9646,0.0001,-0.0062,-0.0,0.0,0.0,0.0,-0.3028,-0.0589,0.1705,17.5165,23.8657,-94.8616,0.0,0.0435,-0.3724,0.0,0.0,0.0,4683703.6051,3880029.476,2883129.1358,-2016.6867,-2712.0726,6916.8233,4683686.0886,3880005.6103,2883223.9975,-2016.384,-2712.0137,6916.6528,0.0,0.0765,3.9732,0.0,0.0,1.0,0.0,1.0,0.0,0.0,-4.1,-36.453,0.0,0.0,-1.0,-0.7071,0.7071,0.0,8.994893328995069,0.2766315238724611,-0.313915,3.453622334359887,11.070336829819556,,
87.3945,62.737,4.135,-7.927,58.775,3.973,-7.665,-0.216,-0.03,0.275,-0.218,-0.029,0.254,-1.859,3.743,-3.445,-0.019,-0.305,0.017,0.0,-0.005,-0.0,875.166,-0.0,0.0,-0.0,0.0,0.0,0.0,0.0,0.0,0.9814,0.0056,-0.1921,-0.0611,0.9567,-0.2846,0.1822,0.291,0.9392,0.669,0.7326,-0.1252,-0.7377,0.634,-0.2321,-0.0907,0.2476,0.9646,0.0001,-0.0053,-0.0,0.0,0.0,0.0,-0.3028,-0.0589,0.1705,17.4533,23.8533,-94.8257,0.0,0.0435,-0.3724,0.0,0.0,0.0,4683279.4941,3879459.1935,2884583.2044,-2017.9738,-2713.1388,6916.0307,4683262.0408,3879435.3402,2884678.0301,-2017.671,-2713.0799,6915.8603,0.0,0.0765,3.9732,0.0,0.0,1.0,0.0,1.0,0.0,0.0,-4.1,-36.453,0.0,0.0,-1.0,-0.7071,0.7071,0.0,8.940668543235455,0.2766315238724611,-0.313685,3.4796155961291393,11.062225788706968,,
87.5959,62.694,4.129,-7.871,58.731,3.967,-7.613,-0.216,-0.03,0.275,-0.217,-0.029,0.257,-1.859,3.685,-3.442,-0.017,-0.262,0.016,0.0,-0.005,-0.0,875.14,0.844,0.0,-0.0,0.0,0.0,0.0,0.0,0.0,0.9816,0.0056,-0.1911,-0.0608,0.9567,-0.2846,0.1812,0.291,0.9394,0.669,0.7326,-0.1252,-0.7377,0.634,-0.2321,-0.0907,0.2476,0.9646,0.0001,-0.0046,-0.0,0.0,0.0,0.0,-0.3028,-0.0589,0.1705,17.3926,23.8414,-94.7912,0.0,0.0435,-0.3724,0.0,0.0,0.0,4682872.1127,3878911.5381,2885978.8853,-2019.2092,-2714.1621,6915.2696,4682854.7202,3878887.6967,2886073.6765,-2018.9064,-2714.1032,6915.0991,0.0,0.0765,3.9732,0.0,0.0,1.0,0.0,1.0,0.0,0.0,-4.1,-36.453,0.0,0.0,-1.0,-0.7071,0.7071,0.0,8.88826653515746,0.2766315238724611,-0.31347,3.493921631963823,11.054643728536504,,
87.8037,62.649,4.123,-7.814,58.686,3.961,-7.559,-0.216,-0.03,0.281,-0.217,-0.029,0.266,-1.859,3.636,-3.439,-0.014,-0.218,0.013,0.0,-0.004,-0.0,875.084,1.0,0.0,-0.0,0.0,0.0,0.0,0.0,0.0,0.9817,0.0056,-0.1902,-0.0606,0.9567,-0.2846,0.1804,0.291,0.9396,0.669,0.7326,-0.1252,-0.7377,0.634,-0.2321,-0.0907,0.2476,0.9646,0.0001,-0.0038,-0.0,0.0,0.0,0.0,-0.3085,-0.0586,0.1694,17.3296,23.8292,-94.7559,0.0,0.0435,-0.3723,0.0,0.0,0.0,4682453.2786,3878348.621,2887412.7512,-2020.4842,-2715.2131,6914.486,4682435.949,3878324.7918,2887507.5071,-2020.1757,-2715.1545,6914.3166,0.0,0.0765,3.9732,0.0,0.0,1.0,0.0,1.0,0.0,0.0,-4.1,-36.453,0.0,0.0,-1.0,-0.7071,0.7071,0.0,8.835028296502507,0.2825968860408763,-0.313245,3.492167165198215,11.046709014404623,,
88.0115,62.604,4.116,-7.755,58.641,3.955,-7.503,-0.215,-0.03,0.288,-0.216,-0.03,0.276,-1.859,3.595,-3.436,-0.012,-0.176,0.012,0.0,-0.003,-0.0,875.03,1.0,0.0,-0.0,0.0,0.0,0.0,0.0,0.0,0.9819,0.0056,-0.1895,-0.0604,0.9567,-0.2847,0.1797,0.2909,0.9397,0.669,0.7326,-0.1252,-0.7377,0.634,-0.2321,-0.0907,0.2476,0.9646,0.0001,-0.0031,-0.0,0.0,0.0,0.0,-0.3148,-0.0583,0.1681,17.265,23.8171,-94.7208,0.0,0.0435,-0.3723,0.0,0.0,0.0,4682032.9614,3877783.8497,2888850.6214,-2021.7633,-2716.267,6913.6996,4682015.6964,3877760.0327,2888945.3422,-2021.4485,-2716.2087,6913.5315,0.0,0.0765,3.9732,0.0,0.0,1.0,0.0,1.0,0.0,0.0,-4.1,-36.453,0.0,0.0,-1.0,-0.7071,0.7071,0.0,8.779605970657226,0.2895582842883277,-0.31302,3.4939985164014513,11.038774300272742,,
88.2203,62.559,4.11,-7.694,58.596,3.949,-7.444,-0.215,-0.031,0.295,-0.215,-0.03,0.285,-1.859,3.563,-3.434,-0.009,-0.131,0.012,0.0,-0.002,-0.0,874.974,1.0,0.0,-0.0,0.0,0.0,0.0,0.0,0.0,0.982,0.0056,-0.189,-0.0602,0.9567,-0.2847,0.1792,0.2909,0.9398,0.669,0.7326,-0.1252,-0.7377,0.634,-0.2321,-0.0907,0.2476,0.9646,0.0001,-0.0023,-0.0,0.0,0.0,0.0,-0.3211,-0.0579,0.1669,17.1986,23.8049,-94.6857,0.0,0.0435,-0.3723,0.0,0.0,0.0,4681609.4021,3877214.8611,2890298.4976,-2023.0512,-2717.3281,6912.9073,4681592.2035,3877191.0562,2890393.1832,-2022.7302,-2717.2702,6912.7404,0.0,0.0765,3.9732,0.0,0.0,1.0,0.0,1.0,0.0,0.0,-4.1,-36.453,0.0,0.0,-1.0,-0.7071,0.7071,0.0,8.722943081322954,0.2966243415500488,-0.312795,3.474560238230983,11.03083958614086,,
88.4289,62.514,4.104,-7.631,58.551,3.943,-7.384,-0.214,-0.031,0.301,-0.215,-0.03,0.295,-1.86,3.54,-3.432,-0.007,-0.087,0.009,0.0,-0.002,-0.0,874.916,-0.0,0.0,-0.0,0.0,0.0,0.0,0.0,0.0,0.982,0.0056,-0.1886,-0.0601,0.9567,-0.2847,0.1788,0.2909,0.9399,0.669,0.7326,-0.1252,-0.7377,0.634,-0.2321,-0.0907,0.2476,0.9646,0.0001,-0.0015,-0.0,0.0,0.0,0.0,-0.3273,-0.0576,0.1657,17.1312,23.7929,-94.651,0.0,0.0435,-0.3723,0.0,0.0,0.0,4681187.7391,3876648.5593,2891738.8118,-2024.3325,-2718.3837,6912.1186,4681170.6079,3876624.7665,2891833.4628,-2024.0052,-2718.3262,6911.953,0.0,0.0765,3.9732,0.0,0.0,1.0,0.0,1.0,0.0,0.0,-4.1,-36.453,0.0,0.0,-1.0,-0.7071,0.7071,0.0,8.664581755630216,0.3025921347292424,-0.31257,3.467543888144419,11.02290487200898,,
88.6304,62.471,4.097,-7.571,58.508,3.936,-7.324,-0.214,-0.031,0.301,-0.214,-0.03,0.298,-1.86,3.526,-3.43,-0.004,-0.044,0.008,0.0,-0.001,-0.0,874.889,-0.0,0.0,-0.0,0.0,0.0,0.0,0.0,0.0,0.9821,0.0056,-0.1883,-0.06,0.9567,-0.2847,0.1786,0.2909,0.9399,0.669,0.7326,-0.1252,-0.7377,0.634,-0.2321,-0.0907,0.2476,0.9646,0.0001,-0.0008,-0.0,0.0,0.0,0.0,-0.3273,-0.0576,0.1657,17.0652,23.7812,-94.6175,0.0,0.0435,-0.3723,0.0,0.0,0.0,4680779.0195,3876099.7719,2893133.8895,-2025.5675,-2719.4065,6911.3555,4680761.9543,3876075.9906,2893228.507,-2025.2403,-2719.3489,6911.1898,0.0,0.0765,3.9732,0.0,0.0,1.0,0.0,1.0,0.0,0.0,-4.1,-36.453,0.0,0.0,-1.0,-0.7071,0.7071,0.0,8.60845224183767,0.3025921347292424,-0.312355,3.4198963968567213,11.015322811838514,,
88.8348,62.428,4.091,-7.51,58.465,3.93,-7.263,-0.214,-0.031,0.302,-0.214,-0.03,0.301,-1.86,3.522,-3.429,-0.002,-0.008,0.007,0.0,-0.0,-0.0,874.868,-0.0,0.0,-0.0,0.0,0.0,0.0,0.0,0.0,0.9821,0.0056,-0.1883,-0.06,0.9568,-0.2847,0.1785,0.2908,0.94,0.669,0.7326,-0.1252,-0.7377,0.634,-0.2321,-0.0907,0.2476,0.9646,0.0001,-0.0001,-0.0,0.0,0.0,0.0,-0.3273,-0.0576,0.1657,16.9993,23.7696,-94.5841,0.0,0.0435,-0.3723,0.0,0.0,0.0,4680370.6557,3875551.5905,2894526.75,-2026.8006,-2720.4276,6910.5931,4680353.6564,3875527.8209,2894621.3341,-2026.4734,-2720.37,6910.4274,0.0,0.0765,3.9732,0.0,0.0,1.0,0.0,1.0,0.0,0.0,-4.1,-36.453,0.0,0.0,-1.0,-0.7071,0.7071,0.0,8.551981115507681,0.3035868903625451,-0.31214,3.3717493447960596,11.00774075166805,,
89.0504,62.382,4.084,-7.445,58.419,3.924,-7.199,-0.214,-0.031,0.302,-0.214,-0.03,0.301,-1.861,3.52,-3.427,-0.002,-0.008,0.007,0.0,-0.0,-0.0,874.868,-0.0,0.0,-0.0,0.0,0.0,0.0,0.0,0.0,0.9821,0.0056,-0.1882,-0.06,0.9568,-0.2846,0.1785,0.2908,0.94,0.669,0.7326,-0.1252,-0.7377,0.634,-0.2321,-0.0907,0.2476,0.9646,0.0001,-0.0001,-0.0,0.0,0.0,0.0,-0.3273,-0.0576,0.1657,16.9293,23.7573,-94.5487,0.0,0.0435,-0.3723,0.0,0.0,0.0,4679937.0034,3874969.6019,2896004.7702,-2028.1092,-2721.5111,6909.7836,4679920.0741,3874945.8446,2896099.3189,-2027.7819,-2721.4535,6909.6179,0.0,0.0765,3.9732,0.0,0.0,1.0,0.0,1.0,0.0,0.0,-4.1,-36.453,0.0,0.0,-1.0,-0.7071,0.7071,0.0,8.491588838374124,0.3035868903625451,-0.31190999999999997,3.3402923448370228,10.999629710555462,,
89.2507,62.339,4.078,-7.385,58.376,3.918,-7.138,-0.214,-0.031,0.302,-0.214,-0.03,0.301,-1.861,3.519,-3.426,-0.002,-0.008,0.007,0.0,-0.0,-0.0,874.868,-0.0,0.0,-0.0,0.0,0.0,0.0,0.0,0.0,0.9821,0.0056,-0.1882,-0.06,0.9568,-0.2846,0.1785,0.2908,0.94,0.669,0.7326,-0.1252,-0.7377,0.634,-0.2321,-0.0907,0.2476,0.9646,0.0001,-0.0001,-0.0,0.0,0.0,0.0,-0.3273,-0.0576,0.1657,16.8634,23.7457,-94.5153,0.0,0.0435,-0.3723,0.0,0.0,0.0,4679528.4952,3874421.4903,2897396.0613,-2029.3409,-2722.5309,6909.0211,4679511.6318,3874397.7446,2897490.5766,-2029.0136,-2722.4733,6908.8554,0.0,0.0765,3.9732,0.0,0.0,1.0,0.0,1.0,0.0,0.0,-4.1,-36.453,0.0,0.0,-1.0,-0.7071,0.7071,0.0,8.436131163039134,0.3035868903625451,-0.311695,3.2789993142829514,10.992047650384999,,
89.4656,62.293,4.072,-7.32,58.33,3.911,-7.073,-0.214,-0.031,0.302,-0.214,-0.03,0.301,-1.861,3.517,-3.424,-0.002,-0.008,0.007,0.0,-0.0,-0.0,874.868,-0.0,0.0,-0.0,0.0,0.0,0.0,0.0,0.0,0.9821,0.0056,-0.1882,-0.0599,0.9568,-0.2846,0.1785,0.2908,0.94,0.669,0.7326,-0.1252,-0.7377,0.634,-0.2321,-0.0907,0.2476,0.9646,0.0001,-0.0001,-0.0,0.0,0.0,0.0,-0.3273,-0.0576,0.1658,16.7929,23.7333,-94.4796,0.0,0.0435,-0.3723,0.0,0.0,0.0,4679091.1706,3873834.8547,2898884.39,-2030.6587,-2723.6219,6908.205,4679074.3777,3873811.1214,2898978.8696,-2030.3313,-2723.5643,6908.0393,0.0,0.0765,3.9732,0.0,0.0,1.0,0.0,1.0,0.0,0.0,-4.1,-36.453,0.0,0.0,-1.0,-0.7071,0.7071,0.0,8.376370574419449,0.3035868903625451,-0.311465,3.2218640745230984,10.983936609272408,,
89.6681,62.249,4.065,-7.258,58.286,3.905,-7.012,-0.214,-0.031,0.302,-0.214,-0.03,0.299,-1.862,3.514,-3.423,-0.003,-0.033,0.008,0.0,-0.001,-0.0,874.852,-0.0,0.0,-0.0,0.0,-0.57,0.0,0.0,0.0,0.9821,0.0056,-0.1881,-0.0599,0.9568,-0.2846,0.1784,0.2908,0.94,0.669,0.7326,-0.1252,-0.7377,0.634,-0.2321,-0.0907,0.2476,0.9646,0.0001,-0.0006,-0.0,0.0,0.0,0.0,-0.3273,-0.0577,0.1658,16.7263,23.7216,-94.4458,0.0,0.0435,-0.3723,0.0,0.0,0.0,4678677.2581,3873279.7593,2900291.9902,-2031.9049,-2724.6537,6907.4327,4678660.5318,3873256.0377,2900386.4361,-2031.5776,-2724.596,6907.2669,0.0,0.0765,3.9732,0.0,0.0,1.0,0.0,1.0,0.0,0.0,-4.1,-36.453,0.0,0.0,-1.0,-0.7071,0.7071,0.0,8.318821370843349,0.3035868903625451,-0.311245,3.192854793717869,10.976178222121236,,
89.8701,62.206,4.059,-7.197,58.243,3.899,-6.952,-0.214,-0.031,0.301,-0.215,-0.03,0.296,-1.862,3.503,-3.421,-0.006,-0.079,0.009,0.0,-0.001,-0.0,874.824,-0.0,0.0,-0.0,0.0,-1.0,0.0,0.0,0.0,0.9822,0.0055,-0.1879,-0.0599,0.9568,-0.2846,0.1782,0.2907,0.9401,0.669,0.7326,-0.1252,-0.7377,0.634,-0.2321,-0.0907,0.2476,0.9646,0.0001,-0.0014,-0.0,0.0,0.0,0.0,-0.3274,-0.0577,0.1658,16.6603,23.71,-94.4123,0.0,0.0435,-0.3723,0.0,0.0,0.0,4678267.1082,3872729.8383,2901685.7888,-2033.139,-2725.6753,6906.6674,4678250.448,3872706.1283,2901780.2012,-2032.8117,-2725.6176,6906.5017,0.0,0.0765,3.9732,0.0,0.0,1.0,0.0,1.0,0.0,0.0,-4.1,-36.453,0.0,0.0,-1.0,-0.7071,0.7071,0.0,8.26270476296957,0.3025921347292424,-0.31103000000000003,3.158783859767114,10.968596161950773,,
90.0736,62.162,4.053,-7.136,58.199,3.893,-6.892,-0.214,-0.031,0.301,-0.215,-0.03,0.292,-1.862,3.482,-3.419,-0.009,-0.123,0.011,0.0,-0.002,-0.0,874.797,-0.0,0.0,-0.0,0.0,-1.0,0.0,0.0,0.0,0.9822,0.0055,-0.1876,-0.0597,0.9568,-0.2846,0.1779,0.2907,0.9401,0.669,0.7326,-0.1252,-0.7377,0.634,-0.2321,-0.0907,0.2476,0.9646,0.0001,-0.0022,-0.0,0.0,0.0,0.0,-0.3274,-0.0577,0.1658,16.5934,23.6981,-94.3784,0.0,0.0435,-0.3723,0.0,0.0,0.0,4677850.9623,3872172.0082,2903098.942,-2034.3903,-2726.7111,6905.8911,4677834.3689,3872148.31,2903193.3204,-2034.0629,-2726.6534,6905.7253,0.0,0.0765,3.9732,0.0,0.0,1.0,0.0,1.0,0.0,0.0,-4.1,-36.453,0.0,0.0,-1.0,-0.7071,0.7071,0.0,8.206662232601023,0.3025921347292424,-0.31081,3.124801153725554,10.9608377747996,,
90.2742,62.119,4.047,-7.075,58.156,3.886,-6.833,-0.214,-0.031,0.301,-0.215,-0.03,0.289,-1.862,3.453,-3.417,-0.011,-0.17,0.012,0.0,-0.003,-0.0,874.769,-0.0,0.0,-0.0,0.0,-1.0,0.0,0.0,0.0,0.9823,0.0055,-0.1871,-0.0596,0.9568,-0.2846,0.1774,0.2907,0.9402,0.669,0.7326,-0.1252,-0.7377,0.634,-0.2321,-0.0907,0.2476,0.9646,0.0001,-0.003,-0.0,0.0,0.0,0.0,-0.3274,-0.0577,0.1658,16.5279,23.6866,-94.345,0.0,0.0435,-0.3723,0.0,0.0,0.0,4677442.4572,3871624.5473,2904485.1493,-2035.6177,-2727.7271,6905.1292,4677425.9293,3871600.8608,2904579.4944,-2035.2903,-2727.6694,6904.9633,0.0,0.0765,3.9732,0.0,0.0,1.0,0.0,1.0,0.0,0.0,-4.1,-36.453,0.0,0.0,-1.0,-0.7071,0.7071,0.0,8.150695307763627,0.3025921347292424,-0.310595,3.0982925377844754,10.953255714629135,,
90.4757,62.076,4.04,-7.015,58.112,3.88,-6.775,-0.214,-0.031,0.3,-0.215,-0.03,0.285,-1.863,3.414,-3.414,-0.014,-0.216,0.014,0.0,-0.004,-0.0,874.741,-0.0,0.0,-0.0,0.0,-1.0,0.0,0.0,0.0,0.9825,0.0055,-0.1864,-0.0594,0.9568,-0.2846,0.1768,0.2907,0.9404,0.669,0.7326,-0.1252,-0.7377,0.634,-0.2321,-0.0907,0.2476,0.9646,0.0001,-0.0038,-0.0,0.0,0.0,0.0,-0.3274,-0.0577,0.1659,16.462,23.6749,-94.3115,0.0,0.0435,-0.3723,0.0,0.0,0.0,4677031.3276,3871073.697,2905879.2651,-2036.8521,-2728.7488,6904.3624,4677014.8655,3871050.0221,2905973.5766,-2036.5248,-2728.6911,6904.1966,0.0,0.0765,3.9732,0.0,0.0,1.0,0.0,1.0,0.0,0.0,-4.1,-36.453,0.0,0.0,-1.0,-0.7071,0.7071,0.0,8.095172944415703,0.30159741378201504,-0.31038,3.0859241932434736,10.945673654458671,,
90.6841,62.031,4.034,-6.952,58.068,3.874,-6.717,-0.214,-0.031,0.3,-0.216,-0.03,0.283,-1.863,3.364,-3.411,-0.016,-0.254,0.015,0.0,-0.004,-0.0,874.714,-0.0,0.0,-0.0,0.0,0.0,0.0,0.0,0.0,0.9826,0.0055,-0.1856,-0.0591,0.9568,-0.2846,0.176,0.2906,0.9405,0.669,0.7326,-0.1252,-0.7377,0.634,-0.2321,-0.0907,0.2476,0.9646,0.0001,-0.0045,-0.0,0.0,0.0,0.0,-0.3274,-0.0577,0.1659,16.3946,23.663,-94.2771,0.0,0.0435,-0.3723,0.0,0.0,0.0,4676609.6547,3870508.853,2907308.095,-2038.1174,-2729.796,6903.5761,4676593.26,3870485.1901,2907402.3721,-2037.79,-2729.7383,6903.4102,0.0,0.0765,3.9732,0.0,0.0,1.0,0.0,1.0,0.0,0.0,-4.1,-36.453,0.0,0.0,-1.0,-0.7071,0.7071,0.0,8.037627759482271,0.30159741378201504,-0.310155,3.104778050430398,10.93773894032679,,
90.8888,61.987,4.028,-6.891,58.023,3.868,-6.658,-0.214,-0.031,0.302,-0.215,-0.03,0.287,-1.863,3.317,-3.408,-0.014,-0.208,0.014,0.0,-0.004,-0.0,874.68,1.0,0.0,-0.0,0.0,0.0,0.0,0.0,0.0,0.9828,0.0055,-0.1847,-0.0589,0.9568,-0.2846,0.1752,0.2906,0.9407,0.669,0.7326,-0.1252,-0.7377,0.634,-0.2321,-0.0907,0.2476,0.9646,0.0001,-0.0036,-0.0,0.0,0.0,0.0,-0.3286,-0.0577,0.1657,16.3276,23.6511,-94.243,0.0,0.0435,-0.3723,0.0,0.0,0.0,4676190.7686,3869947.8739,2908726.4428,-2039.3745,-2730.8354,6902.7948,4676174.4409,3869924.2228,2908820.6858,-2039.0459,-2730.7777,6902.6292,0.0,0.0765,3.9732,0.0,0.0,1.0,0.0,1.0,0.0,0.0,-4.1,-36.453,0.0,0.0,-1.0,-0.7071,0.7071,0.0,7.981896078000514,0.3035868903625451,-0.309935,3.0855886959378425,10.92998055317562,,
91.0907,61.944,4.021,-6.829,57.98,3.862,-6.599,-0.214,-0.031,0.308,-0.215,-0.03,0.297,-1.863,3.279,-3.406,-0.011,-0.167,0.013,0.0,-0.003,-0.0,874.628,1.0,0.0,-0.0,0.0,0.0,0.0,0.0,0.0,0.9829,0.0055,-0.1841,-0.0587,0.9568,-0.2847,0.1746,0.2906,0.9408,0.669,0.7326,-0.1252,-0.7377,0.634,-0.2321,-0.0907,0.2476,0.9646,0.0001,-0.0029,-0.0,0.0,0.0,0.0,-0.3347,-0.0573,0.1645,16.261,23.6395,-94.2097,0.0,0.0435,-0.3722,0.0,0.0,0.0,4675779.8316,3869397.6699,2910116.868,-2040.6119,-2731.854,6902.0275,4675763.5705,3869374.0304,2910211.0777,-2040.2772,-2731.7966,6901.8631,0.0,0.0765,3.9732,0.0,0.0,1.0,0.0,1.0,0.0,0.0,-4.1,-36.453,0.0,0.0,-1.0,-0.7071,0.7071,0.0,7.924877412301089,0.3095561338432821,-0.30972,3.0841593628840105,10.922398493005154,,
91.3037,61.898,4.014,-6.762,57.934,3.855,-6.534,-0.213,-0.032,0.315,-0.214,-0.031,0.307,-1.864,3.248,-3.403,-0.009,-0.122,0.01,0.0,-0.002,-0.0,874.568,1.0,0.0,-0.0,0.0,0.0,0.0,0.0,0.0,0.983,0.0055,-0.1836,-0.0585,0.9568,-0.2847,0.1741,0.2906,0.9409,0.669,0.7326,-0.1252,-0.7377,0.634,-0.2321,-0.0907,0.2476,0.9646,0.0001,-0.0021,-0.0,0.0,0.0,0.0,-0.3411,-0.057,0.1633,16.1884,23.6272,-94.1743,0.0,0.0435,-0.3722,0.0,0.0,0.0,4675339.8659,3868808.7421,2911604.4078,-2041.9356,-2732.9437,6901.2062,4675323.6775,3868785.1149,2911698.5821,-2041.5945,-2732.8867,6901.0429,0.0,0.0765,3.9732,0.0,0.0,1.0,0.0,1.0,0.0,0.0,-4.1,-36.453,0.0,0.0,-1.0,-0.7071,0.7071,0.0,7.863640378348949,0.31662122480970856,-0.30949000000000004,3.0585648466903983,10.914287451892566,,
91.5066,61.855,4.008,-6.698,57.891,3.849,-6.471,-0.213,-0.032,0.319,-0.213,-0.031,0.314,-1.864,3.228,-3.401,-0.006,-0.077,0.01,0.0,-0.001,-0.0,874.522,-0.0,0.0,-0.0,0.0,0.0,0.0,0.0,0.0,0.9831,0.0055,-0.1832,-0.0584,0.9568,-0.2847,0.1737,0.2905,0.941,0.669,0.7326,-0.1252,-0.7377,0.634,-0.2321,-0.0907,0.2476,0.9646,0.0001,-0.0014,-0.0,0.0,0.0,0.0,-0.3451,-0.0568,0.1625,16.1188,23.6156,-94.1413,0.0,0.0435,-0.3722,0.0,0.0,0.0,4674925.6314,3868254.3916,2913003.9069,-2043.1789,-2733.969,6900.4334,4674909.5126,3868230.776,2913098.0482,-2042.8338,-2733.9123,6900.2709,0.0,0.0765,3.9732,0.0,0.0,1.0,0.0,1.0,0.0,0.0,-4.1,-36.453,0.0,0.0,-1.0,-0.7071,0.7071,0.0,7.805592097976937,0.3206009981269553,-0.30927499999999997,3.0215889698954923,10.9067053917221,,
91.7125,61.811,4.002,-6.632,57.847,3.843,-6.406,-0.213,-0.032,0.32,-0.213,-0.031,0.317,-1.864,3.216,-3.399,-0.004,-0.033,0.008,0.0,-0.001,-0.0,874.495,-0.0,0.0,-0.0,0.0,0.0,0.0,0.0,0.0,0.9831,0.0055,-0.183,-0.0584,0.9569,-0.2846,0.1735,0.2905,0.941,0.669,0.7326,-0.1252,-0.7377,0.634,-0.2321,-0.0907,0.2476,0.9646,0.0001,-0.0006,-0.0,0.0,0.0,0.0,-0.3451,-0.0568,0.1625,16.0479,23.604,-94.1078,0.0,0.0435,-0.3722,0.0,0.0,0.0,4674505.015,3867691.6327,2914423.9385,-2044.4365,-2735.0096,6899.6495,4674488.9671,3867668.0287,2914518.0463,-2044.0914,-2734.9528,6899.487,0.0,0.0765,3.9732,0.0,0.0,1.0,0.0,1.0,0.0,0.0,-4.1,-36.453,0.0,0.0,-1.0,-0.7071,0.7071,0.0,7.745929769885601,0.3215960198758685,-0.309055,2.98304620205506,10.898947004570928,,
91.914,61.769,3.995,-6.569,57.805,3.837,-6.344,-0.213,-0.032,0.32,-0.213,-0.031,0.319,-1.865,3.213,-3.398,-0.002,-0.005,0.007,0.0,-0.0,-0.0,874.478,-0.0,0.0,-0.0,0.0,0.0,0.0,0.0,0.0,0.9831,0.0055,-0.183,-0.0583,0.9569,-0.2846,0.1735,0.2905,0.941,0.669,0.7326,-0.1252,-0.7377,0.634,-0.2321,-0.0907,0.2476,0.9646,0.0001,-0.0001,-0.0,0.0,0.0,0.0,-0.3451,-0.0568,0.1625,15.9801,23.5928,-94.0759,0.0,0.0435,-0.3722,0.0,0.0,0.0,4674103.1935,3867154.1429,2915779.5509,-2045.6371,-2736.0029,6898.9008,4674087.2134,3867130.5501,2915873.6268,-2045.2919,-2735.9461,6898.7383,0.0,0.0765,3.9732,0.0,0.0,1.0,0.0,1.0,0.0,0.0,-4.1,-36.453,0.0,0.0,-1.0,-0.7071,0.7071,0.0,7.688418953204879,0.3215960198758685,-0.308845,2.9530230266029363,10.891541271381172,,
92.1162,61.726,3.989,-6.505,57.762,3.83,-6.279,-0.213,-0.032,0.32,-0.213,-0.031,0.319,-1.865,3.212,-3.396,-0.002,-0.005,0.007,0.0,-0.0,-0.0,874.478,-0.0,0.0,-0.0,0.0,0.0,0.0,0.0,0.0,0.9831,0.0055,-0.1829,-0.0583,0.9569,-0.2846,0.1735,0.2905,0.941,0.669,0.7326,-0.1252,-0.7377,0.634,-0.2321,-0.0907,0.2476,0.9646,0.0001,-0.0001,-0.0,0.0,0.0,0.0,-0.3451,-0.0568,0.1626,15.9105,23.5814,-94.0431,0.0,0.0435,-0.3722,0.0,0.0,0.0,4673690.5562,3866602.3109,2917170.6717,-2046.8691,-2737.0222,6898.132,4673674.6457,3866578.7296,2917264.7149,-2046.524,-2736.9654,6897.9695,0.0,0.0765,3.9732,0.0,0.0,1.0,0.0,1.0,0.0,0.0,-4.1,-36.453,0.0,0.0,-1.0,-0.7071,0.7071,0.0,7.630671399031674,0.3215960198758685,-0.30863,2.8818512843971495,10.883959211210708,,
92.3204,61.682,3.982,-6.439,57.718,3.824,-6.214,-0.213,-0.032,0.32,-0.213,-0.031,0.319,-1.865,3.211,-3.395,-0.002,-0.005,0.007,0.0,-0.0,-0.0,874.478,-0.0,0.0,-0.0,0.0,0.0,0.0,0.0,0.0,0.9831,0.0055,-0.1829,-0.0583,0.9569,-0.2846,0.1735,0.2904,0.941,0.669,0.7326,-0.1252,-0.7377,0.634,-0.2321,-0.0907,0.2476,0.9646,0.0001,-0.0001,-0.0,0.0,0.0,0.0,-0.3452,-0.0568,0.1626,15.8394,23.5697,-94.0097,0.0,0.0435,-0.3722,0.0,0.0,0.0,4673269.273,3866039.0468,2918589.917,-2048.1261,-2738.0621,6897.3472,4673253.4335,3866015.4772,2918683.9267,-2047.7809,-2738.0053,6897.1847,0.0,0.0765,3.9732,0.0,0.0,1.0,0.0,1.0,0.0,0.0,-4.1,-36.453,0.0,0.0,-1.0,-0.7071,0.7071,0.0,7.570802137158255,0.3215960198758685,-0.30841,2.8498087497049207,10.876200824059538,,
92.5214,61.639,3.976,-6.374,57.675,3.818,-6.149,-0.213,-0.032,0.32,-0.213,-0.031,0.32,-1.866,3.21,-3.394,-0.002,-0.005,0.007,0.0,-0.0,-0.0,874.478,-0.0,0.0,-0.0,0.0,0.0,0.0,0.0,0.0,0.9831,0.0055,-0.1829,-0.0583,0.9569,-0.2846,0.1734,0.2904,0.941,0.669,0.7326,-0.1252,-0.7377,0.634,-0.2321,-0.0907,0.2476,0.9646,0.0001,-0.0001,-0.0,0.0,0.0,0.0,-0.3452,-0.0569,0.1626,15.77,23.5582,-93.9769,0.0,0.0435,-0.3722,0.0,0.0,0.0,4672856.8405,3865487.7444,2919978.3464,-2049.3558,-2739.0794,6896.579,4672841.0705,3865464.1861,2920072.3233,-2049.0106,-2739.0225,6896.4164,0.0,0.0765,3.9732,0.0,0.0,1.0,0.0,1.0,0.0,0.0,-4.1,-36.453,0.0,0.0,-1.0,-0.7071,0.7071,0.0,7.5124198498220265,0.3215960198758685,-0.308195,2.798488481845899,10.868618763889073,,
92.7227,61.596,3.97,-6.31,57.632,3.811,-6.085,-0.213,-0.032,0.32,-0.213,-0.031,0.32,-1.866,3.209,-3.392,-0.002,-0.005,0.007,0.0,-0.0,-0.0,874.478,-0.0,0.0,-0.0,0.0,0.0,0.0,0.0,0.0,0.9831,0.0055,-0.1829,-0.0583,0.9569,-0.2845,0.1734,0.2904,0.9411,0.669,0.7326,-0.1252,-0.7377,0.634,-0.2321,-0.0907,0.2476,0.9646,0.0001,-0.0001,-0.0,0.0,0.0,0.0,-0.3452,-0.0569,0.1626,15.7006,23.5468,-93.9442,0.0,0.0435,-0.3722,0.0,0.0,0.0,4672444.5947,3864936.8175,2921365.1605,-2050.5841,-2740.0954,6895.8113,4672428.8941,3864913.2706,2921459.1047,-2050.2389,-2740.0386,6895.6487,0.0,0.0765,3.9732,0.0,0.0,1.0,0.0,1.0,0.0,0.0,-4.1,-36.453,0.0,0.0,-1.0,-0.7071,0.7071,0.0,7.454998323272782,0.3215960198758685,-0.30798,2.741010265630953,10.861036703718607,,
92.9239,61.554,3.963,-6.246,57.589,3.805,-6.021,-0.213,-0.032,0.32,-0.213,-0.031,0.32,-1.866,3.208,-3.391,-0.002,-0.005,0.007,0.0,-0.0,-0.0,874.478,-0.0,0.0,-0.0,0.0,0.0,0.0,0.0,0.0,0.9831,0.0055,-0.1829,-0.0583,0.9569,-0.2845,0.1734,0.2904,0.9411,0.669,0.7326,-0.1252,-0.7377,0.634,-0.2321,-0.0907,0.2476,0.9646,0.0001,-0.0001,-0.0,0.0,0.0,0.0,-0.3452,-0.0569,0.1626,15.6313,23.5354,-93.9116,0.0,0.0435,-0.3722,0.0,0.0,0.0,4672032.537,3864386.2676,2922750.3581,-2051.811,-2741.1103,6895.0439,4672016.9058,3864362.7322,2922844.2696,-2051.4658,-2741.0534,6894.8813,0.0,0.0765,3.9732,0.0,0.0,1.0,0.0,1.0,0.0,0.0,-4.1,-36.453,0.0,0.0,-1.0,-0.7071,0.7071,0.0,7.3971538445539995,0.3215960198758685,-0.30777,2.69837044445596,10.853630970528853,,
93.1241,61.51,3.957,-6.18,57.546,3.799,-5.956,-0.213,-0.032,0.323,-0.213,-0.031,0.323,-1.867,3.207,-3.389,-0.002,-0.005,0.007,0.0,-0.0,-0.0,874.465,1.0,0.0,-0.0,0.0,0.0,0.0,0.0,0.0,0.9831,0.0055,-0.1828,-0.0583,0.9569,-0.2845,0.1734,0.2903,0.9411,0.669,0.7326,-0.1252,-0.7377,0.634,-0.2321,-0.0907,0.2476,0.9646,0.0001,-0.0001,-0.0,0.0,0.0,0.0,-0.3487,-0.0567,0.162,15.5608,23.5238,-93.8785,0.0,0.0435,-0.3722,0.0,0.0,0.0,4671614.8724,3863828.3537,2924153.4016,-2053.0572,-2742.1379,6894.2657,4671599.3116,3863804.8299,2924247.2801,-2052.7085,-2742.0812,6894.1036,0.0,0.0765,3.9732,0.0,0.0,1.0,0.0,1.0,0.0,0.0,-4.1,-36.453,0.0,0.0,-1.0,-0.7071,0.7071,0.0,7.338272889447489,0.3245812687140156,-0.30755,2.659033220959993,10.84587258337768,,
93.3339,61.466,3.95,-6.112,57.501,3.792,-5.888,-0.213,-0.032,0.33,-0.213,-0.032,0.33,-1.867,3.206,-3.388,-0.002,-0.005,0.007,0.0,-0.0,-0.0,874.437,1.0,0.0,-0.0,0.0,0.0,0.0,0.0,0.0,0.9831,0.0055,-0.1828,-0.0583,0.9569,-0.2845,0.1734,0.2903,0.9411,0.669,0.7326,-0.1252,-0.7377,0.634,-0.2321,-0.0907,0.2476,0.9646,0.0001,-0.0001,-0.0,0.0,0.0,0.0,-0.3555,-0.0563,0.1609,15.4874,23.512,-93.8448,0.0,0.0435,-0.3722,0.0,0.0,0.0,4671186.2586,3863255.9497,2925592.175,-2054.3384,-2743.1916,6893.4665,4671170.7713,3863232.4377,2925686.0198,-2053.9829,-2743.1353,6893.3057,0.0,0.0765,3.9732,0.0,0.0,1.0,0.0,1.0,0.0,0.0,-4.1,-36.453,0.0,0.0,-1.0,-0.7071,0.7071,0.0,7.2772964760273435,0.33154788492765264,-0.30733,2.606459617617242,10.838114196226508,,
93.5461,61.421,3.943,-6.042,57.457,3.785,-5.818,-0.213,-0.032,0.333,-0.213,-0.032,0.333,-1.868,3.205,-3.386,-0.002,-0.005,0.007,0.0,-0.0,-0.0,874.425,-0.0,0.0,-0.0,0.0,0.0,0.0,0.0,0.0,0.9831,0.0055,-0.1828,-0.0582,0.9569,-0.2844,0.1734,0.2903,0.9411,0.669,0.7326,-0.1252,-0.7377,0.634,-0.2321,-0.0907,0.2476,0.9646,0.0001,-0.0001,-0.0,0.0,0.0,0.0,-0.3585,-0.0561,0.1604,15.4121,23.5002,-93.811,0.0,0.0435,-0.3722,0.0,0.0,0.0,4670754.2338,3862679.1293,2927041.3236,-2055.6251,-2744.253,6892.6618,4670738.8217,3862655.6291,2927135.1346,-2055.2666,-2744.1968,6892.5015,0.0,0.0765,3.9732,0.0,0.0,1.0,0.0,1.0,0.0,0.0,-4.1,-36.453,0.0,0.0,-1.0,-0.7071,0.7071,0.0,7.214777404743684,0.334534004250689,-0.307105,2.550349080251469,10.830179482094627,,
93.7466,61.379,3.937,-5.976,57.414,3.779,-5.751,-0.213,-0.032,0.333,-0.213,-0.032,0.333,-1.868,3.204,-3.385,-0.002,-0.005,0.007,0.0,-0.0,-0.0,874.425,-0.0,0.0,-0.0,0.0,0.0,0.0,0.0,0.0,0.9831,0.0055,-0.1828,-0.0582,0.9569,-0.2844,0.1734,0.2903,0.9411,0.669,0.7326,-0.1252,-0.7377,0.634,-0.2321,-0.0907,0.2476,0.9646,0.0001,-0.0001,-0.0,0.0,0.0,0.0,-0.3585,-0.0561,0.1604,15.3404,23.489,-93.7789,0.0,0.0435,-0.3722,0.0,0.0,0.0,4670342.4289,3862129.4324,2928421.6484,-2056.8478,-2745.2641,6891.8954,4670327.0885,3862105.9434,2928515.4273,-2056.4893,-2745.208,6891.735,0.0,0.0765,3.9732,0.0,0.0,1.0,0.0,1.0,0.0,0.0,-4.1,-36.453,0.0,0.0,-1.0,-0.7071,0.7071,0.0,7.156294082833656,0.334534004250689,-0.306895,2.486780056955003,10.822773748904872,,
93.9489,61.336,3.93,-5.908,57.371,3.773,-5.684,-0.213,-0.032,0.333,-0.213,-0.032,0.333,-1.868,3.202,-3.383,-0.002,-0.005,0.007,0.0,-0.0,-0.0,874.425,-0.0,0.0,-0.0,0.0,0.0,0.0,0.0,0.0,0.9831,0.0055,-0.1828,-0.0582,0.9569,-0.2844,0.1733,0.2902,0.9411,0.669,0.7326,-0.1252,-0.7377,0.634,-0.2321,-0.0907,0.2476,0.9646,0.0001,-0.0001,-0.0,0.0,0.0,0.0,-0.3585,-0.0562,0.1604,15.2682,23.4777,-93.7466,0.0,0.0435,-0.3722,0.0,0.0,0.0,4669928.2787,3861576.7313,2929808.8527,-2058.0766,-2746.2803,6891.1246,4669913.0105,3861553.2536,2929902.5993,-2057.7181,-2746.2241,6890.9642,0.0,0.0765,3.9732,0.0,0.0,1.0,0.0,1.0,0.0,0.0,-4.1,-36.453,0.0,0.0,-1.0,-0.7071,0.7071,0.0,7.095728574290311,0.334534004250689,-0.30668,2.4546663168895524,10.815191688734407,,
94.152,61.293,3.924,-5.841,57.328,3.766,-5.616,-0.213,-0.032,0.333,-0.213,-0.032,0.333,-1.869,3.201,-3.382,-0.002,-0.005,0.007,0.0,-0.0,-0.0,874.425,-0.0,0.0,-0.0,0.0,0.0,0.0,0.0,0.0,0.9831,0.0055,-0.1827,-0.0582,0.9569,-0.2844,0.1733,0.2902,0.9411,0.669,0.7326,-0.1252,-0.7377,0.634,-0.2321,-0.0907,0.2476,0.9646,0.0001,-0.0001,-0.0,0.0,0.0,0.0,-0.3585,-0.0562,0.1604,15.1954,23.4663,-93.7141,0.0,0.0435,-0.3722,0.0,0.0,0.0,4669510.1086,3861018.7917,2931208.5243,-2059.3165,-2747.3055,6890.3465,4669494.9132,3860995.3254,2931302.2383,-2058.958,-2747.2493,6890.1861,0.0,0.0765,3.9732,0.0,0.0,1.0,0.0,1.0,0.0,0.0,-4.1,-36.453,0.0,0.0,-1.0,-0.7071,0.7071,0.0,7.036693612770135,0.334534004250689,-0.306465,2.3820044533439493,10.807609628563943,,
94.3603,61.248,3.917,-5.77,57.283,3.759,-5.546,-0.213,-0.035,0.333,-0.213,-0.034,0.333,-1.869,3.2,-3.38,-0.002,-0.005,0.007,0.0,-0.0,-0.0,874.415,-0.0,-1.0,-0.0,0.0,0.0,0.0,0.0,0.0,0.9831,0.0055,-0.1827,-0.0582,0.957,-0.2844,0.1733,0.2902,0.9411,0.669,0.7326,-0.1252,-0.7377,0.634,-0.2321,-0.0907,0.2476,0.9646,0.0001,-0.0001,-0.0,0.0,0.0,0.0,-0.3586,-0.0588,0.1596,15.1196,23.4544,-93.6801,0.0,0.0435,-0.3722,0.0,0.0,0.0,4669074.4036,3860437.5932,2932665.824,-2060.6075,-2748.3755,6889.5351,4669059.284,3860414.1388,2932759.5042,-2060.2489,-2748.3168,6889.3755,0.0,0.0765,3.9732,0.0,0.0,1.0,0.0,1.0,0.0,0.0,-4.1,-36.453,0.0,0.0,-1.0,-0.7071,0.7071,0.0,6.973936406363339,0.33483428737212684,-0.30624,2.34011477196108,10.799674914432062,,
94.5742,61.202,3.909,-5.698,57.237,3.751,-5.474,-0.212,-0.043,0.333,-0.212,-0.043,0.333,-1.87,3.199,-3.379,-0.002,-0.005,0.008,0.0,-0.0,-0.0,874.383,-0.0,-1.0,-0.0,0.0,0.0,0.0,0.0,0.0,0.9832,0.0055,-0.1827,-0.0582,0.957,-0.2843,0.1733,0.2902,0.9412,0.669,0.7326,-0.1252,-0.7377,0.634,-0.2321,-0.0907,0.2476,0.9646,0.0001,-0.0001,-0.0,0.0,0.0,0.0,-0.3586,-0.0668,0.1572,15.0424,23.4409,-93.646,0.0,0.0435,-0.3722,0.0,0.0,0.0,4668630.579,3859845.7039,2934149.1666,-2061.9216,-2749.47,6888.7071,4668615.5366,3859822.2631,2934242.8126,-2061.563,-2749.4032,6888.5498,0.0,0.0765,3.9732,0.0,0.0,1.0,0.0,1.0,0.0,0.0,-4.1,-36.453,0.0,0.0,-1.0,-0.7071,0.7071,0.0,6.909955499133116,0.335764798631423,-0.30601,2.2843048294472728,10.791563873319474,,
94.786,61.157,3.899,-5.628,57.192,3.741,-5.404,-0.212,-0.051,0.333,-0.212,-0.051,0.332,-1.87,3.198,-3.377,-0.002,-0.005,0.008,0.0,-0.0,-0.0,874.352,-0.0,-1.0,-0.0,0.0,0.0,0.0,0.0,0.0,0.9832,0.0055,-0.1827,-0.0582,0.957,-0.2843,0.1733,0.2901,0.9412,0.669,0.7326,-0.1252,-0.7377,0.634,-0.2321,-0.0907,0.2476,0.9646,0.0001,-0.0001,-0.0,0.0,0.0,0.0,-0.3587,-0.0747,0.1549,14.9662,23.4258,-93.6129,0.0,0.0435,-0.3722,0.0,0.0,0.0,4668192.8005,3859262.0161,2935611.2017,-2063.2169,-2750.5487,6887.8904,4668177.8342,3859238.5902,2935704.8145,-2062.8582,-2750.474,6887.7355,0.0,0.0765,3.9732,0.0,0.0,1.0,0.0,1.0,0.0,0.0,-4.1,-36.453,0.0,0.0,-1.0,-0.7071,0.7071,0.0,6.846647719869922,0.3368827689271151,-0.305785,2.2292218252305487,10.783629159187592,,
94.9974,61.113,3.887,-5.558,57.148,3.73,-5.334,-0.211,-0.057,0.333,-0.211,-0.057,0.332,-1.87,3.197,-3.376,-0.002,-0.005,0.006,0.0,-0.0,-0.0,874.328,-0.0,0.0,-0.0,0.0,0.0,0.0,0.0,0.0,0.9832,0.0055,-0.1827,-0.0581,0.957,-0.2843,0.1732,0.2901,0.9412,0.669,0.7326,-0.1252,-0.7377,0.634,-0.2321,-0.0907,0.2476,0.9646,0.0001,-0.0001,-0.0,0.0,0.0,0.0,-0.3587,-0.08,0.1533,14.8912,23.4095,-93.5807,0.0,0.0435,-0.3722,0.0,0.0,0.0,4667761.0269,3858686.4698,2937052.1145,-2064.4935,-2751.6094,6887.0858,4667746.1357,3858663.0603,2937145.6953,-2064.1348,-2751.5293,6886.9325,0.0,0.0765,3.9732,0.0,0.0,1.0,0.0,1.0,0.0,0.0,-4.1,-36.453,0.0,0.0,-1.0,-0.7071,0.7071,0.0,6.782339788008265,0.33784315887701505,-0.305565,2.1819754464374435,10.77587077203642,,
95.2,61.07,3.875,-5.491,57.105,3.718,-5.267,-0.211,-0.057,0.333,-0.211,-0.057,0.332,-1.871,3.195,-3.374,-0.002,-0.005,0.006,0.0,-0.0,-0.0,874.328,-0.0,0.0,-0.0,0.0,0.0,0.0,0.0,0.0,0.9832,0.0055,-0.1826,-0.0581,0.957,-0.2843,0.1732,0.2901,0.9412,0.669,0.7326,-0.1252,-0.7377,0.634,-0.2321,-0.0907,0.2476,0.9646,0.0001,-0.0001,-0.0,0.0,0.0,0.0,-0.3587,-0.08,0.1533,14.8183,23.3932,-93.5496,0.0,0.0435,-0.3722,0.0,0.0,0.0,4667341.3654,3858127.1977,2938451.5926,-2065.7334,-2752.6343,6886.3054,4667326.5471,3858103.8044,2938545.1422,-2065.3747,-2752.5543,6886.1521,0.0,0.0765,3.9732,0.0,0.0,1.0,0.0,1.0,0.0,0.0,-4.1,-36.453,0.0,0.0,-1.0,-0.7071,0.7071,0.0,6.720617977537482,0.33784315887701505,-0.30535,2.1286311499316812,10.768288711865956,,
95.4025,61.027,3.864,-5.423,57.062,3.707,-5.199,-0.211,-0.057,0.333,-0.211,-0.057,0.332,-1.871,3.194,-3.373,-0.002,-0.005,0.006,0.0,-0.0,-0.0,874.328,-0.0,0.0,-0.0,0.0,0.0,0.0,0.0,0.0,0.9832,0.0055,-0.1826,-0.0581,0.957,-0.2842,0.1732,0.2901,0.9412,0.669,0.7326,-0.1252,-0.7377,0.634,-0.2321,-0.0907,0.2476,0.9646,0.0001,-0.0001,-0.0,0.0,0.0,0.0,-0.3588,-0.0801,0.1533,14.7457,23.377,-93.5185,0.0,0.0435,-0.3722,0.0,0.0,0.0,4666923.0051,3857569.7869,2939845.7381,-2066.9686,-2753.6553,6885.5275,4666908.2594,3857546.4099,2939939.2567,-2066.6098,-2753.5753,6885.3742,0.0,0.0765,3.9732,0.0,0.0,1.0,0.0,1.0,0.0,0.0,-4.1,-36.453,0.0,0.0,-1.0,-0.7071,0.7071,0.0,6.658785549933261,0.33784315887701505,-0.305135,2.075355895799916,10.760706651695493,,
95.6128,60.982,3.852,-5.352,57.017,3.695,-5.129,-0.211,-0.059,0.333,-0.211,-0.058,0.332,-1.872,3.193,-3.372,-0.002,-0.005,0.006,0.0,-0.0,-0.0,874.322,-0.0,-1.0,-0.0,0.0,0.0,0.0,0.0,0.0,0.9832,0.0055,-0.1826,-0.0581,0.957,-0.2842,0.1732,0.2901,0.9412,0.669,0.7326,-0.1252,-0.7377,0.634,-0.2321,-0.0907,0.2476,0.9646,0.0001,-0.0001,-0.0,0.0,0.0,0.0,-0.3588,-0.0818,0.1528,14.6693,23.36,-93.4859,0.0,0.0435,-0.3722,0.0,0.0,0.0,4666482.4724,3856982.9701,2941312.7007,-2068.2683,-2754.7313,6884.708,4666467.8032,3856959.6101,2941406.1865,-2067.9096,-2754.6495,6884.5552,0.0,0.0765,3.9732,0.0,0.0,1.0,0.0,1.0,0.0,0.0,-4.1,-36.453,0.0,0.0,-1.0,-0.7071,0.7071,0.0,6.594073702954798,0.33818633916821655,-0.30491,2.03202342759689,10.752771937563612,,
95.8188,60.938,3.839,-5.284,56.974,3.682,-5.06,-0.211,-0.067,0.332,-0.211,-0.066,0.332,-1.872,3.192,-3.371,-0.002,-0.005,0.006,0.0,-0.0,-0.0,874.291,-0.0,-1.0,-0.0,0.0,0.0,0.0,0.0,0.0,0.9832,0.0055,-0.1826,-0.0581,0.957,-0.2842,0.1732,0.29,0.9412,0.669,0.7326,-0.1252,-0.7377,0.634,-0.2321,-0.0907,0.2476,0.9646,0.0001,-0.0001,-0.0,0.0,0.0,0.0,-0.3588,-0.0894,0.1505,14.5954,23.3423,-93.4546,0.0,0.0435,-0.3722,0.0,0.0,0.0,4666056.3367,3856415.4638,2942730.6794,-2069.5248,-2755.7774,6883.9136,4666041.7413,3856392.1214,2942824.134,-2069.1659,-2755.6879,6883.7631,0.0,0.0765,3.9732,0.0,0.0,1.0,0.0,1.0,0.0,0.0,-4.1,-36.453,0.0,0.0,-1.0,-0.7071,0.7071,0.0,6.5313533819569125,0.33869307639808643,-0.30469,1.965099145261457,10.74501355041244,,
96.0268,60.895,3.824,-5.215,56.93,3.667,-4.991,-0.21,-0.075,0.332,-0.21,-0.074,0.332,-1.872,3.191,-3.369,-0.002,-0.005,0.007,0.0,-0.0,-0.0,874.261,-0.0,-1.0,-0.0,0.0,0.0,0.0,0.0,0.0,0.9832,0.0055,-0.1826,-0.0581,0.957,-0.2842,0.1732,0.29,0.9412,0.669,0.7326,-0.1252,-0.7377,0.634,-0.2321,-0.0907,0.2476,0.9646,0.0001,-0.0001,-0.0,0.0,0.0,0.0,-0.3589,-0.0971,0.1482,14.5211,23.323,-93.4237,0.0,0.0435,-0.3722,0.0,0.0,0.0,4665627.7139,3855844.7748,2944155.9006,-2070.7876,-2756.8287,6883.1146,4665613.1929,3855821.4518,2944249.3243,-2070.4287,-2756.7316,6882.9664,0.0,0.0765,3.9732,0.0,0.0,1.0,0.0,1.0,0.0,0.0,-4.1,-36.453,0.0,0.0,-1.0,-0.7071,0.7071,0.0,6.466776708685711,0.3403659794985392,-0.304475,1.9109226970802806,10.737431490241976,,
96.2399,60.85,3.807,-5.144,56.885,3.65,-4.921,-0.21,-0.083,0.332,-0.21,-0.083,0.331,-1.873,3.19,-3.368,-0.002,-0.005,0.007,0.0,-0.0,-0.0,874.23,-0.0,-1.0,-0.0,0.0,0.0,0.0,0.0,0.0,0.9832,0.0054,-0.1825,-0.0581,0.957,-0.2842,0.1731,0.29,0.9412,0.669,0.7326,-0.1252,-0.7377,0.634,-0.2321,-0.0907,0.2476,0.9646,0.0001,-0.0001,-0.0,0.0,0.0,0.0,-0.359,-0.1051,0.1458,14.4445,23.3015,-93.3923,0.0,0.0435,-0.3721,0.0,0.0,0.0,4665185.9862,3855256.7736,2945623.6154,-2072.0882,-2757.9114,6882.2913,4665171.5417,3855233.4722,2945717.0078,-2071.7292,-2757.8063,6882.1455,0.0,0.0765,3.9732,0.0,0.0,1.0,0.0,1.0,0.0,0.0,-4.1,-36.453,0.0,0.0,-1.0,-0.7071,0.7071,0.0,6.399530060871657,0.3422177669262659,-0.30425,1.8653608772603425,10.729496776110095,,
96.454,60.805,3.789,-5.074,56.841,3.633,-4.85,-0.21,-0.084,0.332,-0.21,-0.083,0.331,-1.873,3.188,-3.366,-0.002,-0.005,0.007,0.0,-0.0,-0.0,874.228,-0.0,0.0,-0.0,0.0,0.0,0.0,0.0,0.0,0.9832,0.0054,-0.1825,-0.058,0.957,-0.2841,0.1731,0.29,0.9412,0.669,0.7326,-0.1252,-0.7377,0.634,-0.2321,-0.0907,0.2476,0.9646,0.0001,-0.0001,-0.0,0.0,0.0,0.0,-0.359,-0.1056,0.1457,14.3682,23.279,-93.3613,0.0,0.0435,-0.3721,0.0,0.0,0.0,4664745.0509,3854669.9663,2947087.6051,-2073.3854,-2758.9839,6881.4718,4664730.6827,3854646.6873,2947180.9664,-2073.0264,-2758.8783,6881.3261,0.0,0.0765,3.9732,0.0,0.0,1.0,0.0,1.0,0.0,0.0,-4.1,-36.453,0.0,0.0,-1.0,-0.7071,0.7071,0.0,6.33261375736749,0.34246167668806393,-0.304025,1.8056940824933219,10.721562061978213,,
96.656,60.763,3.773,-5.007,56.799,3.616,-4.784,-0.21,-0.084,0.332,-0.21,-0.083,0.331,-1.874,3.187,-3.365,-0.002,-0.005,0.007,0.0,-0.0,-0.0,874.228,-1.0,0.0,-0.0,0.0,0.0,0.0,0.0,0.0,0.9832,0.0054,-0.1825,-0.058,0.957,-0.2841,0.1731,0.2899,0.9413,0.669,0.7326,-0.1252,-0.7377,0.634,-0.2321,-0.0907,0.2476,0.9646,0.0001,-0.0001,-0.0,0.0,0.0,0.0,-0.359,-0.1056,0.1457,14.296,23.2578,-93.332,0.0,0.0435,-0.3721,0.0,0.0,0.0,4664328.0477,3854115.1357,2948471.1325,-2074.6114,-2759.9969,6880.6971,4664313.7517,3854091.8779,2948564.4646,-2074.2524,-2759.8913,6880.5514,0.0,0.0765,3.9732,0.0,0.0,1.0,0.0,1.0,0.0,0.0,-4.1,-36.453,0.0,0.0,-1.0,-0.7071,0.7071,0.0,6.269416081263071,0.34246167668806393,-0.303815,1.753741734150229,10.714156328788457,,
96.8666,60.718,3.755,-4.937,56.754,3.598,-4.714,-0.21,-0.083,0.325,-0.21,-0.083,0.324,-1.874,3.186,-3.363,-0.002,-0.005,0.007,0.0,-0.0,-0.0,874.2,-1.0,0.0,-0.0,0.0,0.0,0.0,0.0,0.0,0.9832,0.0054,-0.1825,-0.058,0.957,-0.2841,0.1731,0.2899,0.9413,0.669,0.7326,-0.1252,-0.7377,0.634,-0.2321,-0.0907,0.2476,0.9646,0.0001,-0.0001,-0.0,0.0,0.0,0.0,-0.3521,-0.106,0.1469,14.2204,23.2353,-93.3009,0.0,0.0435,-0.3721,0.0,0.0,0.0,4663886.5068,3853527.792,2949935.0135,-2075.9016,-2761.0692,6879.878,4663872.2864,3853504.5567,2950028.3145,-2075.5496,-2760.9631,6879.7311,0.0,0.0765,3.9732,0.0,0.0,1.0,0.0,1.0,0.0,0.0,-4.1,-36.453,0.0,0.0,-1.0,-0.7071,0.7071,0.0,6.202740845787449,0.33543106594351096,-0.30359,1.6975689908121,10.706221614656577,,
97.0779,60.674,3.737,-4.869,56.709,3.581,-4.646,-0.211,-0.083,0.318,-0.211,-0.083,0.317,-1.874,3.185,-3.362,-0.002,-0.005,0.007,0.0,-0.0,-0.0,874.172,-1.0,0.0,-0.0,0.0,0.0,0.0,0.0,0.0,0.9832,0.0054,-0.1825,-0.058,0.957,-0.2841,0.1731,0.2899,0.9413,0.669,0.7326,-0.1252,-0.7377,0.634,-0.2321,-0.0907,0.2476,0.9646,0.0001,-0.0001,-0.0,0.0,0.0,0.0,-0.3452,-0.1065,0.1482,14.1465,23.2128,-93.2697,0.0,0.0435,-0.3721,0.0,0.0,0.0,4663446.8631,3852943.108,2951391.528,-2077.1854,-2762.136,6879.0626,4663432.7166,3852919.8952,2951484.7977,-2076.8402,-2762.0295,6878.9145,0.0,0.0765,3.9732,0.0,0.0,1.0,0.0,1.0,0.0,0.0,-4.1,-36.453,0.0,0.0,-1.0,-0.7071,0.7071,0.0,6.1377789142327375,0.32865331277807014,-0.30337,1.6548378190573572,10.698463227505403,,
97.278,60.631,3.72,-4.806,56.667,3.564,-4.583,-0.211,-0.083,0.311,-0.211,-0.083,0.311,-1.875,3.184,-3.361,-0.002,-0.005,0.007,0.0,-0.0,-0.0,874.146,-1.0,0.0,-0.0,0.0,0.0,0.0,0.0,0.0,0.9832,0.0054,-0.1824,-0.058,0.9571,-0.2841,0.1731,0.2899,0.9413,0.669,0.7326,-0.1252,-0.7377,0.634,-0.2321,-0.0907,0.2476,0.9646,0.0001,-0.0001,-0.0,0.0,0.0,0.0,-0.3387,-0.1069,0.1493,14.078,23.1914,-93.2398,0.0,0.0435,-0.3721,0.0,0.0,0.0,4663030.2686,3852389.2023,2952770.6927,-2078.4011,-2763.1461,6878.2901,4663016.1906,3852366.0109,2952863.9325,-2078.0624,-2763.0393,6878.1407,0.0,0.0765,3.9732,0.0,0.0,1.0,0.0,1.0,0.0,0.0,-4.1,-36.453,0.0,0.0,-1.0,-0.7071,0.7071,0.0,6.077502447551955,0.32188507265792865,-0.303155,1.6040233186565853,10.69088116733494,,
97.4881,60.587,3.703,-4.742,56.623,3.547,-4.518,-0.212,-0.083,0.304,-0.212,-0.082,0.304,-1.875,3.183,-3.359,-0.002,-0.005,0.007,0.0,-0.0,-0.0,874.119,-1.0,0.0,-0.0,0.0,0.0,0.0,0.0,0.0,0.9832,0.0054,-0.1824,-0.058,0.9571,-0.284,0.173,0.2898,0.9413,0.669,0.7326,-0.1252,-0.7377,0.634,-0.2321,-0.0907,0.2476,0.9646,0.0001,-0.0001,-0.0,0.0,0.0,0.0,-0.3318,-0.1073,0.1506,14.0078,23.169,-93.2084,0.0,0.0435,-0.3721,0.0,0.0,0.0,4662594.5858,3851810.0466,2954212.0219,-2079.6715,-2764.2017,6877.4822,4662580.5781,3851786.8776,2954305.2303,-2079.3397,-2764.0945,6877.3316,0.0,0.0765,3.9732,0.0,0.0,1.0,0.0,1.0,0.0,0.0,-4.1,-36.453,0.0,0.0,-1.0,-0.7071,0.7071,0.0,6.016541614582251,0.31512695854210887,-0.302935,1.5436180427498318,10.683122780183767,,
97.6977,60.543,3.686,-4.678,56.578,3.53,-4.455,-0.212,-0.083,0.297,-0.212,-0.082,0.297,-1.875,3.182,-3.358,-0.002,-0.004,0.007,0.0,-0.0,-0.0,874.091,-1.0,0.0,-0.0,0.0,0.0,0.0,0.0,0.0,0.9832,0.0054,-0.1824,-0.058,0.9571,-0.284,0.173,0.2898,0.9413,0.669,0.7326,-0.1252,-0.7377,0.634,-0.2321,-0.0907,0.2476,0.9646,0.0001,-0.0001,-0.0,0.0,0.0,0.0,-0.325,-0.1077,0.1518,13.9387,23.1464,-93.1766,0.0,0.0435,-0.3721,0.0,0.0,0.0,4662157.2517,3851228.829,2955657.7595,-2080.9459,-2765.2605,6876.6714,4662143.313,3851205.6826,2955750.9361,-2080.6209,-2765.1529,6876.5196,0.0,0.0765,3.9732,0.0,0.0,1.0,0.0,1.0,0.0,0.0,-4.1,-36.453,0.0,0.0,-1.0,-0.7071,0.7071,0.0,5.95569307469752,0.30837963616296066,-0.302715,1.506015146723079,10.675364393032595,,
97.9068,60.498,3.668,-4.617,56.534,3.512,-4.394,-0.213,-0.083,0.29,-0.213,-0.082,0.29,-1.876,3.181,-3.356,-0.002,-0.004,0.007,0.0,-0.0,-0.0,874.064,-1.0,0.0,-0.0,0.0,0.0,0.0,0.0,0.0,0.9832,0.0054,-0.1824,-0.058,0.9571,-0.284,0.173,0.2898,0.9413,0.669,0.7326,-0.1252,-0.7377,0.634,-0.2321,-0.0907,0.2476,0.9646,0.0001,-0.0001,-0.0,0.0,0.0,0.0,-0.3182,-0.1081,0.153,13.8714,23.1238,-93.1447,0.0,0.0435,-0.3721,0.0,0.0,0.0,4661721.8193,3850650.2717,2957096.1619,-2082.2139,-2766.314,6875.8642,4661707.9479,3850627.1479,2957189.3066,-2081.8957,-2766.2059,6875.7112,0.0,0.0765,3.9732,0.0,0.0,1.0,0.0,1.0,0.0,0.0,-4.1,-36.453,0.0,0.0,-1.0,-0.7071,0.7071,0.0,5.896686611988126,0.3016438297064934,-0.30249,1.4576231983522676,10.667429678900714,,
98.1189,60.453,3.651,-4.556,56.488,3.495,-4.333,-0.213,-0.082,0.283,-0.213,-0.082,0.283,-1.876,3.18,-3.355,-0.002,-0.004,0.007,0.0,-0.0,-0.0,874.036,-1.0,0.0,-0.0,0.0,0.0,0.0,0.0,0.0,0.9832,0.0054,-0.1824,-0.0579,0.9571,-0.284,0.173,0.2898,0.9413,0.669,0.7326,-0.1252,-0.7377,0.634,-0.2321,-0.0907,0.2476,0.9646,0.0001,-0.0001,-0.0,0.0,0.0,0.0,-0.3113,-0.1085,0.1543,13.8048,23.1009,-93.1122,0.0,0.0435,-0.3721,0.0,0.0,0.0,4661280.6814,3850064.2679,2958552.3474,-2083.4976,-2767.3803,6875.0465,4661266.8766,3850041.167,2958645.4595,-2083.1862,-2767.2718,6874.8923,0.0,0.0765,3.9732,0.0,0.0,1.0,0.0,1.0,0.0,0.0,-4.1,-36.453,0.0,0.0,-1.0,-0.7071,0.7071,0.0,5.83840192175907,0.2946404588646983,-0.302265,1.4126477147301213,10.659494964768834,,
98.3267,60.409,3.634,-4.498,56.444,3.478,-4.275,-0.213,-0.082,0.277,-0.213,-0.082,0.276,-1.876,3.18,-3.353,-0.001,-0.004,0.007,0.0,-0.0,-0.0,874.009,-1.0,0.0,-0.0,0.0,0.0,0.0,0.0,0.0,0.9832,0.0054,-0.1824,-0.0579,0.9571,-0.2839,0.173,0.2897,0.9413,0.669,0.7326,-0.1252,-0.7377,0.634,-0.2321,-0.0907,0.2476,0.9646,0.0001,-0.0001,-0.0,0.0,0.0,0.0,-0.3046,-0.1089,0.1555,13.7408,23.0783,-93.08,0.0,0.0435,-0.3721,0.0,0.0,0.0,4660847.2166,3849488.5885,2959982.1618,-2084.758,-2768.4274,6874.2432,4660833.4759,3849465.5101,2960075.2418,-2084.4535,-2768.3185,6874.0877,0.0,0.0765,3.9732,0.0,0.0,1.0,0.0,1.0,0.0,0.0,-4.1,-36.453,0.0,0.0,-1.0,-0.7071,0.7071,0.0,5.782556528041901,0.28888232898535005,-0.302045,1.369022570567021,10.65173657761766,,
98.539,60.363,3.616,-4.44,56.399,3.461,-4.217,-0.214,-0.082,0.27,-0.214,-0.081,0.269,-1.876,3.179,-3.352,-0.001,-0.003,0.007,0.0,-0.0,-0.0,873.981,-1.0,0.0,-0.0,0.0,0.0,0.0,0.0,0.0,0.9832,0.0054,-0.1823,-0.0579,0.9571,-0.2839,0.173,0.2897,0.9414,0.669,0.7326,-0.1252,-0.7377,0.634,-0.2321,-0.0907,0.2476,0.9646,0.0001,-0.0001,-0.0,0.0,0.0,0.0,-0.2977,-0.1093,0.1567,13.6769,23.0552,-93.0469,0.0,0.0435,-0.3721,0.0,0.0,0.0,4660405.2425,3848901.7421,2961438.9836,-2086.0423,-2769.4942,6873.4241,4660391.5656,3848878.6869,2961532.0304,-2085.7446,-2769.3849,6873.2674,0.0,0.0765,3.9732,0.0,0.0,1.0,0.0,1.0,0.0,0.0,-4.1,-36.453,0.0,0.0,-1.0,-0.7071,0.7071,0.0,5.726172892953897,0.282177249260106,-0.301815,1.336668566033449,10.643625536505072,,
98.7505,60.318,3.599,-4.384,56.354,3.444,-4.161,-0.214,-0.082,0.263,-0.214,-0.081,0.262,-1.877,3.178,-3.351,-0.001,-0.003,0.007,0.0,-0.0,-0.0,873.954,-1.0,0.0,-0.0,0.0,0.0,0.0,0.0,0.0,0.9832,0.0054,-0.1823,-0.0579,0.9571,-0.2839,0.173,0.2897,0.9414,0.669,0.7326,-0.1252,-0.7377,0.634,-0.2321,-0.0907,0.2476,0.9646,0.0001,-0.0001,-0.0,0.0,0.0,0.0,-0.2908,-0.1098,0.1579,13.6147,23.032,-93.0136,0.0,0.0435,-0.3721,0.0,0.0,0.0,4659963.7714,3848315.6987,2962893.0797,-2087.3242,-2770.559,6872.6061,4659950.1567,3848292.6667,2962986.0933,-2087.0334,-2770.4492,6872.4482,0.0,0.0765,3.9732,0.0,0.0,1.0,0.0,1.0,0.0,0.0,-4.1,-36.453,0.0,0.0,-1.0,-0.7071,0.7071,0.0,5.672059326205959,0.2754868417910373,-0.30158999999999997,1.2958958025131726,10.63569082237319,,
98.9594,60.273,3.582,-4.33,56.309,3.427,-4.107,-0.215,-0.082,0.256,-0.215,-0.081,0.256,-1.877,3.177,-3.349,-0.001,-0.003,0.007,0.0,-0.0,-0.0,873.926,-1.0,0.0,-0.0,0.0,0.0,0.0,0.0,0.0,0.9832,0.0054,-0.1823,-0.0579,0.9571,-0.2839,0.173,0.2897,0.9414,0.669,0.7326,-0.1252,-0.7377,0.634,-0.2321,-0.0907,0.2476,0.9646,0.0001,-0.0001,-0.0,0.0,0.0,0.0,-0.284,-0.1102,0.1592,13.5548,23.0091,-92.9805,0.0,0.0435,-0.3721,0.0,0.0,0.0,4659528.321,3847737.7795,2964326.301,-2088.5878,-2771.6084,6871.7994,4659514.7662,3847714.7704,2964419.2816,-2088.3038,-2771.4982,6871.6403,0.0,0.0765,3.9732,0.0,0.0,1.0,0.0,1.0,0.0,0.0,-4.1,-36.453,0.0,0.0,-1.0,-0.7071,0.7071,0.0,5.619575072903644,0.26881220210399676,-0.301365,1.2569597548281766,10.62775610824131,,
99.1722,60.228,3.565,-4.276,56.263,3.409,-4.053,-0.215,-0.081,0.249,-0.215,-0.081,0.248,-1.877,3.177,-3.348,-0.001,-0.003,0.006,0.0,-0.0,-0.0,873.898,-1.0,0.0,-0.0,0.0,0.0,0.0,0.0,0.0,0.9832,0.0054,-0.1823,-0.0579,0.9571,-0.2839,0.1729,0.2896,0.9414,0.669,0.7326,-0.1252,-0.7377,0.634,-0.2321,-0.0907,0.2476,0.9646,0.0001,-0.0001,-0.0,0.0,0.0,0.0,-0.2771,-0.1106,0.1604,13.4951,22.9856,-92.9465,0.0,0.0435,-0.3721,0.0,0.0,0.0,4659083.2782,3847147.2643,2965790.0256,-2089.8782,-2772.6801,6870.975,4659069.7832,3847124.2787,2965882.972,-2089.6012,-2772.5696,6870.8146,0.0,0.0765,3.9732,0.0,0.0,1.0,0.0,1.0,0.0,0.0,-4.1,-36.453,0.0,0.0,-1.0,-0.7071,0.7071,0.0,5.567171723595384,0.2618434646883515,-0.30114,1.206909970274478,10.61982139410943,,
99.3723,60.185,3.548,-4.227,56.22,3.393,-4.004,-0.215,-0.081,0.242,-0.215,-0.081,0.242,-1.877,3.176,-3.346,-0.001,-0.003,0.006,0.0,-0.0,-0.0,873.872,-1.0,0.0,-0.0,0.0,0.0,0.0,0.0,0.0,0.9832,0.0054,-0.1823,-0.0579,0.9571,-0.2838,0.1729,0.2896,0.9414,0.669,0.7326,-0.1252,-0.7377,0.634,-0.2321,-0.0907,0.2476,0.9646,0.0001,-0.0,-0.0,0.0,0.0,0.0,-0.2706,-0.111,0.1616,13.4402,22.9634,-92.9143,0.0,0.0435,-0.3721,0.0,0.0,0.0,4658664.7732,3846592.0856,2967165.4843,-2091.0909,-2773.6872,6870.1998,4658651.333,3846569.1222,2967258.3985,-2090.8203,-2773.5763,6870.0383,0.0,0.0765,3.9732,0.0,0.0,1.0,0.0,1.0,0.0,0.0,-4.1,-36.453,0.0,0.0,-1.0,-0.7071,0.7071,0.0,5.51868036762413,0.2551960031034969,-0.300925,1.1847698258771053,10.612239333938964,,
99.5849,60.139,3.531,-4.176,56.174,3.376,-3.954,-0.216,-0.081,0.235,-0.216,-0.08,0.235,-1.877,3.176,-3.345,-0.001,-0.002,0.006,0.0,-0.0,-0.0,873.845,-1.0,0.0,-0.0,0.0,0.0,0.0,0.0,0.0,0.9832,0.0054,-0.1823,-0.0579,0.9571,-0.2838,0.1729,0.2896,0.9414,0.669,0.7326,-0.1252,-0.7377,0.634,-0.2321,-0.0907,0.2476,0.9646,0.0001,-0.0,-0.0,0.0,0.0,0.0,-0.2637,-0.1114,0.1628,13.3835,22.9398,-92.8798,0.0,0.0435,-0.3721,0.0,0.0,0.0,4658220.9243,3846003.4182,2968623.1976,-2092.3761,-2774.7545,6869.3778,4658207.5408,3845980.4783,2968716.0774,-2092.1125,-2774.6431,6869.215,0.0,0.0765,3.9732,0.0,0.0,1.0,0.0,1.0,0.0,0.0,-4.1,-36.453,0.0,0.0,-1.0,-0.7071,0.7071,0.0,5.468723525650204,0.2485678981686895,-0.300695,1.157448540538158,10.604128292826376,,
99.7982,60.093,3.514,-4.127,56.128,3.359,-3.904,-0.216,-0.081,0.228,-0.216,-0.08,0.228,-1.878,3.175,-3.344,-0.001,-0.002,0.006,0.0,-0.0,-0.0,873.817,-1.0,0.0,-0.0,0.0,0.0,0.0,0.0,0.0,0.9832,0.0054,-0.1823,-0.0579,0.9571,-0.2838,0.1729,0.2896,0.9414,0.669,0.7326,-0.1252,-0.7377,0.634,-0.2321,-0.0907,0.2476,0.9646,0.0001,-0.0,-0.0,0.0,0.0,0.0,-0.2567,-0.1118,0.164,13.3281,22.9161,-92.845,0.0,0.0435,-0.372,0.0,0.0,0.0,4657774.8106,3845411.8833,2970087.272,-2093.667,-2775.8264,6868.5517,4657761.4825,3845388.9673,2970180.117,-2093.4103,-2775.7146,6868.3877,0.0,0.0765,3.9732,0.0,0.0,1.0,0.0,1.0,0.0,0.0,-4.1,-36.453,0.0,0.0,-1.0,-0.7071,0.7071,0.0,5.420362072777057,0.24196074061715053,-0.30046500000000004,1.1165504730769547,10.596017251713786,,
99.9998,60.049,3.498,-4.081,56.084,3.343,-3.859,-0.217,-0.081,0.221,-0.217,-0.08,0.221,-1.878,3.175,-3.343,-0.001,-0.002,0.006,0.0,-0.0,-0.0,873.79,-1.0,0.0,-0.0,0.0,0.0,0.0,0.0,0.0,0.9832,0.0054,-0.1823,-0.0579,0.9571,-0.2838,0.1729,0.2896,0.9414,0.669,0.7326,-0.1252,-0.7377,0.634,-0.2321,-0.0907,0.2476,0.9646,0.0001,-0.0,-0.0,0.0,0.0,0.0,-0.2502,-0.1122,0.1652,13.2769,22.8935,-92.8118,0.0,0.0435,-0.372,0.0,0.0,0.0,4657352.098,3844851.5034,2971473.5529,-2094.8893,-2776.8413,6867.7691,4657338.8211,3844828.61,2971566.3647,-2094.6391,-2776.7291,6867.6038,0.0,0.0765,3.9732,0.0,0.0,1.0,0.0,1.0,0.0,0.0,-4.1,-36.453,0.0,0.0,-1.0,-0.7071,0.7071,0.0,5.374994418601754,0.23537629447333902,-0.300245,1.0931248447294313,10.588258864562613,,
100.2112,60.003,3.481,-4.035,56.038,3.326,-3.813,-0.217,-0.08,0.214,-0.217,-0.08,0.214,-1.878,3.174,-3.341,-0.001,-0.002,0.006,0.0,-0.0,-0.0,873.762,-1.0,0.0,-0.0,0.0,0.0,0.0,0.0,0.0,0.9832,0.0054,-0.1823,-0.0579,0.9572,-0.2837,0.1729,0.2895,0.9414,0.669,0.7326,-0.1252,-0.7377,0.634,-0.2321,-0.0907,0.2476,0.9646,0.0001,-0.0,-0.0,0.0,0.0,0.0,-0.2432,-0.1126,0.1665,13.2244,22.8695,-92.7764,0.0,0.0435,-0.372,0.0,0.0,0.0,4656905.8141,3844260.0075,2972936.0872,-2096.1789,-2777.912,6866.9428,4656892.5897,3844237.1379,2973028.8637,-2095.9356,-2777.7994,6866.7764,0.0,0.0765,3.9732,0.0,0.0,1.0,0.0,1.0,0.0,0.0,-4.1,-36.453,0.0,0.0,-1.0,-0.7071,0.7071,0.0,5.329032369952354,0.22846443924602358,-0.300015,1.0624952154016973,10.580147823450025,,
100.4195,59.958,3.464,-3.991,55.993,3.309,-3.769,-0.218,-0.08,0.207,-0.218,-0.08,0.207,-1.878,3.174,-3.34,-0.001,-0.001,0.006,0.0,-0.0,-0.0,873.735,-1.0,0.0,-0.0,0.0,0.0,0.0,0.0,0.0,0.9832,0.0054,-0.1823,-0.0579,0.9572,-0.2837,0.1729,0.2895,0.9414,0.669,0.7326,-0.1252,-0.7377,0.634,-0.2321,-0.0907,0.2476,0.9646,0.0001,-0.0,-0.0,0.0,0.0,0.0,-0.2365,-0.113,0.1677,13.1747,22.8461,-92.7418,0.0,0.0435,-0.372,0.0,0.0,0.0,4656471.1989,3843684.1081,2974359.3484,-2097.4338,-2778.9539,6866.1383,4656458.0242,3843661.2619,2974452.0902,-2097.1973,-2778.8409,6865.9707,0.0,0.0765,3.9732,0.0,0.0,1.0,0.0,1.0,0.0,0.0,-4.1,-36.453,0.0,0.0,-1.0,-0.7071,0.7071,0.0,5.284635938264811,0.22192115717073935,-0.29979,1.033433063795163,10.572213109318144,,
100.6304,59.912,3.447,-3.948,55.947,3.292,-3.726,-0.218,-0.08,0.201,-0.218,-0.08,0.2,-1.878,3.174,-3.339,-0.0,-0.001,0.006,0.0,-0.0,-0.0,873.708,-1.0,0.0,-0.0,0.0,0.0,0.0,0.0,0.0,0.9832,0.0054,-0.1822,-0.0579,0.9572,-0.2837,0.1729,0.2895,0.9414,0.669,0.7326,-0.1252,-0.7377,0.634,-0.2321,-0.0907,0.2476,0.9646,0.0001,-0.0,-0.0,0.0,0.0,0.0,-0.2296,-0.1134,0.1689,13.1257,22.8223,-92.7064,0.0,0.0435,-0.372,0.0,0.0,0.0,4656029.8662,3843099.4392,2975803.566,-2098.7073,-2780.0111,6865.3215,4656016.7405,3843076.6169,2975896.2724,-2098.4777,-2779.8977,6865.1526,0.0,0.0765,3.9732,0.0,0.0,1.0,0.0,1.0,0.0,0.0,-4.1,-36.453,0.0,0.0,-1.0,-0.7071,0.7071,0.0,5.241041213346829,0.2163353877663107,-0.29956,1.0056517176992092,10.564102068205553,,
100.8398,59.866,3.43,-3.907,55.902,3.276,-3.685,-0.218,-0.08,0.194,-0.218,-0.079,0.194,-1.878,3.174,-3.337,-0.0,-0.001,0.006,0.0,-0.0,-0.0,873.68,-1.0,0.375,-0.0,0.0,0.0,0.0,0.0,0.0,0.9832,0.0054,-0.1822,-0.0579,0.9572,-0.2837,0.1729,0.2895,0.9414,0.669,0.7326,-0.1252,-0.7377,0.634,-0.2321,-0.0907,0.2476,0.9646,0.0001,-0.0,-0.0,0.0,0.0,0.0,-0.2228,-0.1139,0.1701,13.0783,22.7986,-92.6709,0.0,0.0435,-0.372,0.0,0.0,0.0,4655590.6914,3842517.7601,2977239.6828,-2099.9737,-2781.0624,6864.5087,4655577.613,3842494.9615,2977332.3538,-2099.7508,-2780.9485,6864.3386,0.0,0.0765,3.9732,0.0,0.0,1.0,0.0,1.0,0.0,0.0,-4.1,-36.453,0.0,0.0,-1.0,-0.7071,0.7071,0.0,5.198994999035872,0.20984756372185978,-0.29933,0.9929258099807295,10.555991027092965,,
101.0482,59.821,3.414,-3.867,55.856,3.26,-3.645,-0.219,-0.075,0.187,-0.219,-0.075,0.187,-1.878,3.173,-3.336,-0.0,-0.001,0.006,0.0,-0.0,-0.0,873.637,-1.0,1.0,-0.0,0.0,0.0,0.0,0.0,0.0,0.9832,0.0054,-0.1822,-0.0579,0.9572,-0.2837,0.1729,0.2895,0.9414,0.669,0.7326,-0.1252,-0.7377,0.634,-0.2321,-0.0907,0.2476,0.9646,0.0001,-0.0,-0.0,0.0,0.0,0.0,-0.216,-0.1103,0.1725,13.0324,22.7749,-92.6352,0.0,0.0435,-0.372,0.0,0.0,0.0,4655151.3193,3841935.9514,2978675.4084,-2101.2397,-2782.1094,6863.6969,4655138.2869,3841913.1765,2978768.0436,-2101.0237,-2781.9991,6863.5243,0.0,0.0765,3.9732,0.0,0.0,1.0,0.0,1.0,0.0,0.0,-4.1,-36.453,0.0,0.0,-1.0,-0.7071,0.7071,0.0,5.158399461073173,0.20147952749597164,-0.299105,0.9697045535379469,10.548056312961084,,
101.2568,59.775,3.399,-3.829,55.81,3.245,-3.607,-0.22,-0.067,0.18,-0.22,-0.067,0.18,-1.878,3.173,-3.335,0.0,-0.001,0.006,0.0,-0.0,0.0,873.58,-1.0,1.0,-0.0,0.0,0.0,0.0,0.0,0.0,0.9832,0.0054,-0.1822,-0.0579,0.9572,-0.2836,0.1729,0.2894,0.9415,0.669,0.7326,-0.1252,-0.7377,0.634,-0.2321,-0.0907,0.2476,0.9646,0.0001,-0.0,0.0,0.0,0.0,0.0,-0.2093,-0.103,0.1761,12.9882,22.7528,-92.5989,0.0,0.0435,-0.372,0.0,0.0,0.0,4654714.4407,3841357.5745,2980101.9609,-2102.4977,-2783.1458,6862.8909,4654701.4525,3841334.8217,2980194.5598,-2102.2884,-2783.0428,6862.7148,0.0,0.0765,3.9732,0.0,0.0,1.0,0.0,1.0,0.0,0.0,-4.1,-36.453,0.0,0.0,-1.0,-0.7071,0.7071,0.0,5.120004101560857,0.19206509313251066,-0.298875,0.9480258496798886,10.539945271848493,,
101.467,59.729,3.386,-3.792,55.764,3.232,-3.57,-0.221,-0.059,0.174,-0.221,-0.058,0.174,-1.878,3.173,-3.334,0.001,-0.001,0.006,0.0,-0.0,0.0,873.521,-1.0,1.0,-0.0,0.0,0.0,0.0,0.0,0.0,0.9832,0.0054,-0.1822,-0.0579,0.9572,-0.2836,0.1729,0.2894,0.9415,0.669,0.7326,-0.1252,-0.7377,0.634,-0.2321,-0.0907,0.2476,0.9646,0.0001,-0.0,0.0,0.0,0.0,0.0,-0.2024,-0.0956,0.1797,12.9449,22.7318,-92.5614,0.0,0.0435,-0.372,0.0,0.0,0.0,4654271.1191,3840770.8022,2981548.5088,-2103.7734,-2784.1968,6862.0731,4654258.1743,3840748.0704,2981641.0702,-2103.5709,-2784.1012,6861.8934,0.0,0.0765,3.9732,0.0,0.0,1.0,0.0,1.0,0.0,0.0,-4.1,-36.453,0.0,0.0,-1.0,-0.7071,0.7071,0.0,5.083725012232664,0.18373078130786902,-0.298645,0.9293002339698765,10.531834230735905,,
101.6733,59.683,3.375,-3.757,55.718,3.22,-3.534,-0.222,-0.051,0.167,-0.222,-0.05,0.167,-1.878,3.173,-3.333,0.001,-0.001,0.006,0.0,-0.0,0.0,873.464,-1.0,1.0,-0.0,0.0,0.0,0.0,0.0,0.0,0.9832,0.0054,-0.1822,-0.0579,0.9572,-0.2836,0.1729,0.2894,0.9415,0.669,0.7326,-0.1252,-0.7377,0.634,-0.2321,-0.0907,0.2476,0.9646,0.0001,-0.0,0.0,0.0,0.0,0.0,-0.1957,-0.0883,0.1832,12.9035,22.7128,-92.5238,0.0,0.0435,-0.372,0.0,0.0,0.0,4653834.3002,3840192.7682,2982972.8127,-2105.0294,-2785.2315,6861.2674,4653821.3967,3840170.0555,2983065.3365,-2104.8338,-2785.1433,6861.0842,0.0,0.0765,3.9732,0.0,0.0,1.0,0.0,1.0,0.0,0.0,-4.1,-36.453,0.0,0.0,-1.0,-0.7071,0.7071,0.0,5.050314247648358,0.17461385970191484,-0.298415,0.89535598712358,10.523723189623315,,
101.8796,59.637,3.365,-3.723,55.672,3.211,-3.501,-0.223,-0.042,0.161,-0.223,-0.042,0.161,-1.877,3.173,-3.331,0.002,-0.001,0.006,0.0,-0.0,0.0,873.407,-1.0,1.0,-0.0,0.0,0.0,0.0,0.0,0.0,0.9832,0.0054,-0.1822,-0.0579,0.9572,-0.2836,0.1729,0.2894,0.9415,0.669,0.7326,-0.1252,-0.7377,0.634,-0.2321,-0.0907,0.2476,0.9646,0.0001,-0.0,0.0,0.0,0.0,0.0,-0.189,-0.081,0.1867,12.8641,22.6954,-92.4858,0.0,0.0435,-0.3719,0.0,0.0,0.0,4653402.4856,3839621.484,2984379.8005,-2106.2702,-2786.2537,6860.471,4653389.6215,3839598.7886,2984472.2863,-2106.0813,-2786.1726,6860.2844,0.0,0.0765,3.9732,0.0,0.0,1.0,0.0,1.0,0.0,0.0,-4.1,-36.453,0.0,0.0,-1.0,-0.7071,0.7071,0.0,5.018361684852936,0.16638810053606598,-0.298185,0.9002401365330231,10.515612148510726,,
102.0868,59.591,3.357,-3.69,55.626,3.203,-3.468,-0.223,-0.034,0.154,-0.223,-0.034,0.154,-1.877,3.172,-3.33,0.002,-0.001,0.006,0.0,-0.0,0.0,873.349,-1.0,1.0,-0.0,0.0,0.0,0.0,0.0,0.0,0.9832,0.0055,-0.1822,-0.0579,0.9572,-0.2836,0.1729,0.2894,0.9415,0.669,0.7326,-0.1252,-0.7377,0.634,-0.2321,-0.0907,0.2476,0.9646,0.0001,-0.0,0.0,0.0,0.0,0.0,-0.1822,-0.0737,0.1902,12.8256,22.6794,-92.4468,0.0,0.0435,-0.3719,0.0,0.0,0.0,4652965.5822,3839043.5962,2985802.3598,-2107.5248,-2787.2871,6859.6654,4652952.7566,3839020.9168,2985894.8066,-2107.3426,-2787.2134,6859.4752,0.0,0.0765,3.9732,0.0,0.0,1.0,0.0,1.0,0.0,0.0,-4.1,-36.453,0.0,0.0,-1.0,-0.7071,0.7071,0.0,4.988541770898586,0.1577085920297306,-0.297955,0.8896233189565962,10.507501107398136,,
102.2904,59.545,3.351,-3.659,55.58,3.197,-3.437,-0.224,-0.026,0.148,-0.224,-0.026,0.148,-1.876,3.172,-3.329,0.003,-0.001,0.006,0.0,-0.0,0.0,873.292,-1.0,1.0,-0.0,0.0,0.0,0.0,0.0,0.0,0.9832,0.0055,-0.1822,-0.0579,0.9572,-0.2835,0.1729,0.2893,0.9415,0.669,0.7326,-0.1252,-0.7377,0.634,-0.2321,-0.0907,0.2476,0.9646,0.0001,-0.0,0.0,0.0,0.0,0.0,-0.1756,-0.0665,0.1937,12.7889,22.665,-92.4074,0.0,0.0435,-0.3719,0.0,0.0,0.0,4652533.5813,3838472.3207,2987207.9608,-2108.7645,-2788.3082,6858.8688,4652520.7923,3838449.6557,2987300.3682,-2108.5889,-2788.2416,6858.6751,0.0,0.0765,3.9732,0.0,0.0,1.0,0.0,1.0,0.0,0.0,-4.1,-36.453,0.0,0.0,-1.0,-0.7071,0.7071,0.0,4.961600749758086,0.15026643005009468,-0.297725,0.8820450796618279,10.499390066285548,,
102.496,59.499,3.346,-3.63,55.534,3.192,-3.408,-0.225,-0.02,0.141,-0.225,-0.02,0.141,-1.876,3.172,-3.328,0.003,-0.001,0.006,0.0,-0.0,0.0,873.243,-1.0,0.0,-0.0,0.0,0.0,0.0,0.0,0.0,0.9832,0.0055,-0.1822,-0.0579,0.9572,-0.2835,0.1729,0.2893,0.9415,0.669,0.7326,-0.1252,-0.7377,0.634,-0.2321,-0.0907,0.2476,0.9646,0.0001,-0.0,0.0,0.0,0.0,0.0,-0.1689,-0.0612,0.1966,12.7538,22.6521,-92.3675,0.0,0.0435,-0.3719,0.0,0.0,0.0,4652102.8047,3837902.7899,2988608.5929,-2109.9998,-2789.3275,6858.0741,4652090.0509,3837880.1378,2988700.9604,-2109.8309,-2789.2662,6857.8775,0.0,0.0765,3.9732,0.0,0.0,1.0,0.0,1.0,0.0,0.0,-4.1,-36.453,0.0,0.0,-1.0,-0.7071,0.7071,0.0,4.936862971564028,0.14241137595009745,-0.297495,0.8764315961867061,10.491279025172958,,
102.6966,59.455,3.342,-3.602,55.49,3.189,-3.38,-0.225,-0.02,0.138,-0.225,-0.019,0.138,-1.875,3.172,-3.327,0.003,-0.001,0.006,0.0,-0.0,0.0,873.231,-0.0,0.0,-0.0,0.0,0.0,0.0,0.0,0.0,0.9832,0.0055,-0.1822,-0.0579,0.9572,-0.2835,0.1729,0.2893,0.9415,0.669,0.7326,-0.1252,-0.7377,0.634,-0.2321,-0.0907,0.2476,0.9646,0.0001,-0.0,0.0,0.0,0.0,0.0,-0.166,-0.0614,0.1971,12.7208,22.64,-92.3285,0.0,0.0435,-0.3719,0.0,0.0,0.0,4651684.8798,3837350.3701,2989966.5003,-2111.2009,-2790.321,6857.3009,4651672.159,3837327.7301,2990058.8288,-2111.035,-2790.2596,6857.1037,0.0,0.0765,3.9732,0.0,0.0,1.0,0.0,1.0,0.0,0.0,-4.1,-36.453,0.0,0.0,-1.0,-0.7071,0.7071,0.0,4.913590133497095,0.13944174410842688,-0.297275,0.8877708081965127,10.483520638021785,,
102.8971,59.409,3.338,-3.575,55.445,3.185,-3.352,-0.225,-0.02,0.138,-0.225,-0.019,0.138,-1.875,3.172,-3.325,0.003,-0.001,0.006,0.0,-0.0,0.0,873.231,-1.0,0.0,-0.0,0.0,0.0,0.0,0.0,0.0,0.9832,0.0055,-0.1822,-0.0579,0.9572,-0.2835,0.1728,0.2893,0.9415,0.669,0.7326,-0.1252,-0.7377,0.634,-0.2321,-0.0907,0.2476,0.9646,0.0001,-0.0,0.0,0.0,0.0,0.0,-0.166,-0.0614,0.1972,12.6875,22.6276,-92.2889,0.0,0.0435,-0.3719,0.0,0.0,0.0,4651261.0311,3836790.2405,2991342.7084,-2112.4213,-2791.3277,6856.5162,4651248.3436,3836767.6128,2991434.9973,-2112.2553,-2791.2663,6856.3191,0.0,0.0765,3.9732,0.0,0.0,1.0,0.0,1.0,0.0,0.0,-4.1,-36.453,0.0,0.0,-1.0,-0.7071,0.7071,0.0,4.891101000797264,0.13944174410842688,-0.297045,0.8832795462965247,10.475409596909195,,
103.1091,59.361,3.334,-3.546,55.396,3.181,-3.323,-0.226,-0.02,0.131,-0.226,-0.019,0.131,-1.874,3.171,-3.324,0.003,-0.001,0.006,0.0,-0.0,0.0,873.203,-1.0,0.0,-0.0,0.0,0.0,0.0,0.0,0.0,0.9832,0.0055,-0.1822,-0.0579,0.9572,-0.2835,0.1728,0.2893,0.9415,0.669,0.7326,-0.1252,-0.7377,0.634,-0.2321,-0.0907,0.2476,0.9646,0.0001,-0.0,0.0001,0.0,0.0,0.0,-0.159,-0.0619,0.1984,12.6526,22.6144,-92.2465,0.0,0.0435,-0.3719,0.0,0.0,0.0,4650807.2997,3836190.7536,2992814.8909,-2113.7198,-2792.405,6855.6776,4650794.6472,3836168.1392,2992907.1374,-2113.5608,-2792.3431,6855.4792,0.0,0.0765,3.9732,0.0,0.0,1.0,0.0,1.0,0.0,0.0,-4.1,-36.453,0.0,0.0,-1.0,-0.7071,0.7071,0.0,4.867203714659989,0.13251792331605564,-0.296805,0.8819306106234088,10.466945901835189,,
103.3207,59.313,3.33,-3.519,55.349,3.177,-3.297,-0.226,-0.019,0.124,-0.226,-0.019,0.124,-1.873,3.171,-3.323,0.003,-0.001,0.005,0.0,-0.0,0.0,873.176,-1.0,0.0,-0.0,0.0,0.0,0.0,0.0,0.0,0.9832,0.0055,-0.1822,-0.0579,0.9572,-0.2834,0.1728,0.2892,0.9415,0.669,0.7326,-0.1252,-0.7377,0.634,-0.2321,-0.0907,0.2476,0.9646,0.0001,-0.0,0.0001,0.0,0.0,0.0,-0.1522,-0.0623,0.1996,12.6198,22.6013,-92.2045,0.0,0.0435,-0.3719,0.0,0.0,0.0,4650361.3737,3835601.7135,2994260.6927,-2114.9951,-2793.4629,6854.8535,4650348.7539,3835579.1122,2994352.8972,-2114.8429,-2793.4006,6854.6539,0.0,0.0765,3.9732,0.0,0.0,1.0,0.0,1.0,0.0,0.0,-4.1,-36.453,0.0,0.0,-1.0,-0.7071,0.7071,0.0,4.8448179532362206,0.1254472000484666,-0.296565,0.8799228508465399,10.458482206761184,,
103.5308,59.266,3.326,-3.493,55.301,3.173,-3.271,-0.226,-0.019,0.117,-0.227,-0.019,0.117,-1.872,3.171,-3.322,0.003,-0.0,0.005,0.0,-0.0,0.0,873.148,-1.0,0.0,-0.0,0.0,0.0,0.0,0.0,0.0,0.9832,0.0056,-0.1822,-0.0579,0.9572,-0.2834,0.1728,0.2892,0.9415,0.669,0.7326,-0.1252,-0.7377,0.634,-0.2321,-0.0907,0.2476,0.9646,0.0001,-0.0,0.0001,0.0,0.0,0.0,-0.1453,-0.0627,0.2009,12.5884,22.5882,-92.1623,0.0,0.0435,-0.3719,0.0,0.0,0.0,4649915.9175,3835013.4251,2995703.9276,-2116.2681,-2794.5189,6854.0304,4649903.329,3834990.8369,2995796.09,-2116.1228,-2794.4562,6853.8295,0.0,0.0765,3.9732,0.0,0.0,1.0,0.0,1.0,0.0,0.0,-4.1,-36.453,0.0,0.0,-1.0,-0.7071,0.7071,0.0,4.823206920711572,0.11853269591129699,-0.29633,0.8793816137337087,10.450194838667885,,
103.7379,59.219,3.322,-3.47,55.254,3.169,-3.248,-0.227,-0.019,0.11,-0.227,-0.019,0.11,-1.872,3.171,-3.321,0.003,-0.0,0.005,0.0,-0.0,0.0,873.121,-1.0,0.0,-0.0,0.0,0.0,0.0,0.0,0.0,0.9832,0.0056,-0.1822,-0.0579,0.9572,-0.2834,0.1728,0.2892,0.9415,0.669,0.7326,-0.1252,-0.7377,0.634,-0.2321,-0.0907,0.2476,0.9646,0.0001,-0.0,0.0001,0.0,0.0,0.0,-0.1386,-0.0631,0.2021,12.559,22.5751,-92.1205,0.0,0.0435,-0.3719,0.0,0.0,0.0,4649476.5687,3834433.3317,2997126.3559,-2117.5228,-2795.5597,6853.2186,4649464.0097,3834410.7566,2997218.4764,-2117.3843,-2795.4966,6853.0166,0.0,0.0765,3.9732,0.0,0.0,1.0,0.0,1.0,0.0,0.0,-4.1,-36.453,0.0,0.0,-1.0,-0.7071,0.7071,0.0,4.803809321777874,0.1116288493177279,-0.296095,0.878673620006874,10.441907470574588,,
103.9389,59.173,3.318,-3.448,55.208,3.165,-3.226,-0.227,-0.019,0.104,-0.227,-0.018,0.104,-1.871,3.171,-3.32,0.004,0.0,0.005,0.0,0.0,0.0,873.095,-1.0,0.0,-0.0,0.0,0.0,0.0,0.0,0.0,0.9832,0.0056,-0.1822,-0.0579,0.9573,-0.2834,0.1728,0.2892,0.9415,0.669,0.7326,-0.1252,-0.7377,0.634,-0.2321,-0.0907,0.2476,0.9646,0.0001,0.0,0.0001,0.0,0.0,0.0,-0.132,-0.0635,0.2032,12.5318,22.5624,-92.0798,0.0,0.0435,-0.3719,0.0,0.0,0.0,4649051.0375,3833871.604,2998503.0847,-2118.7372,-2796.567,6852.4325,4649038.5057,3833849.0416,2998595.1645,-2118.6052,-2796.5035,6852.2293,0.0,0.0765,3.9732,0.0,0.0,1.0,0.0,1.0,0.0,0.0,-4.1,-36.453,0.0,0.0,-1.0,-0.7071,0.7071,0.0,4.785167499680654,0.10572133181151286,-0.295865,0.8782974401691879,10.433796429461998,,
104.1497,59.125,3.314,-3.427,55.16,3.161,-3.205,-0.228,-0.019,0.097,-0.228,-0.018,0.097,-1.87,3.171,-3.318,0.004,0.0,0.005,0.0,0.0,0.0,873.067,-1.0,0.0,-0.0,0.0,0.0,0.0,0.0,0.0,0.9832,0.0056,-0.1822,-0.058,0.9573,-0.2834,0.1728,0.2892,0.9415,0.669,0.7326,-0.1252,-0.7377,0.634,-0.2321,-0.0907,0.2476,0.9646,0.0001,0.0,0.0001,0.0,0.0,0.0,-0.1252,-0.0639,0.2045,12.5047,22.549,-92.0368,0.0,0.0435,-0.3719,0.0,0.0,0.0,4648604.3831,3833282.1204,2999947.1358,-2120.0111,-2797.6235,6851.6075,4648591.8784,3833259.5714,3000039.1726,-2119.8859,-2797.5596,6851.403,0.0,0.0765,3.9732,0.0,0.0,1.0,0.0,1.0,0.0,0.0,-4.1,-36.453,0.0,0.0,-1.0,-0.7071,0.7071,0.0,4.767276476144424,0.09884331034521254,-0.295625,0.8783387421926389,10.425332734387991,,
104.3591,59.077,3.31,-3.408,55.113,3.157,-3.186,-0.228,-0.018,0.09,-0.228,-0.018,0.09,-1.87,3.172,-3.317,0.004,0.001,0.005,0.0,0.0,0.0,873.04,-1.0,0.0,-0.0,0.0,0.0,0.0,0.0,0.0,0.9832,0.0056,-0.1822,-0.058,0.9573,-0.2834,0.1728,0.2892,0.9416,0.669,0.7326,-0.1252,-0.7377,0.634,-0.2321,-0.0907,0.2476,0.9646,0.0001,0.0,0.0001,0.0,0.0,0.0,-0.1184,-0.0643,0.2057,12.4793,22.5356,-91.994,0.0,0.0435,-0.3719,0.0,0.0,0.0,4648161.9436,3832698.3297,3001376.5337,-2121.272,-2798.6693,6850.7903,4648149.4643,3832675.7941,3001468.5277,-2121.1536,-2798.6049,6850.5846,0.0,0.0765,3.9732,0.0,0.0,1.0,0.0,1.0,0.0,0.0,-4.1,-36.453,0.0,0.0,-1.0,-0.7071,0.7071,0.0,4.7508487662732435,0.09178235124467012,-0.295385,0.8780219558015766,10.416869039313985,,
104.5604,59.032,3.307,-3.391,55.067,3.154,-3.168,-0.228,-0.018,0.086,-0.228,-0.018,0.086,-1.869,3.172,-3.316,0.004,0.001,0.005,0.0,0.0,0.0,873.024,-0.0,0.0,-0.0,0.0,0.0,0.0,0.0,0.0,0.9832,0.0056,-0.1822,-0.058,0.9573,-0.2833,0.1728,0.2892,0.9416,0.669,0.7326,-0.1252,-0.7377,0.634,-0.2321,-0.0907,0.2476,0.9646,0.0001,0.0,0.0001,0.0,0.0,0.0,-0.1145,-0.0646,0.2064,12.4563,22.5228,-91.9531,0.0,0.0435,-0.3719,0.0,0.0,0.0,4647740.289,3832142.0845,3002737.8326,-2122.4755,-2799.665,6850.0112,4647727.8327,3832119.5617,3002829.7856,-2122.361,-2799.6004,6849.8048,0.0,0.0765,3.9732,0.0,0.0,1.0,0.0,1.0,0.0,0.0,-4.1,-36.453,0.0,0.0,-1.0,-0.7071,0.7071,0.0,4.736573656135836,0.08786353054595518,-0.29516,0.8816261047850111,10.408934325182104,,
104.7608,58.986,3.303,-3.373,55.021,3.15,-3.151,-0.228,-0.018,0.086,-0.228,-0.018,0.086,-1.868,3.172,-3.315,0.004,0.001,0.005,0.0,0.0,0.0,873.024,-0.0,0.0,-0.0,0.0,0.0,0.0,0.0,0.0,0.9832,0.0056,-0.1822,-0.058,0.9573,-0.2833,0.1728,0.2891,0.9416,0.669,0.7326,-0.1252,-0.7377,0.634,-0.2321,-0.0907,0.2476,0.9646,0.0001,0.0,0.0001,0.0,0.0,0.0,-0.1145,-0.0646,0.2064,12.4333,22.5099,-91.9117,0.0,0.0435,-0.3719,0.0,0.0,0.0,4647314.5275,3831580.5409,3004111.4484,-2123.6938,-2800.6695,6849.2238,4647302.0941,3831558.0311,3004203.3601,-2123.5793,-2800.6049,6849.0174,0.0,0.0765,3.9732,0.0,0.0,1.0,0.0,1.0,0.0,0.0,-4.1,-36.453,0.0,0.0,-1.0,-0.7071,0.7071,0.0,4.720904362513607,0.08786353054595518,-0.29492999999999997,0.8801341567184915,10.400823284069515,,
104.9726,58.938,3.299,-3.355,54.973,3.146,-3.133,-0.228,-0.018,0.086,-0.228,-0.018,0.086,-1.867,3.172,-3.314,0.004,0.001,0.005,0.0,0.0,0.0,873.024,-0.0,0.0,-0.0,0.0,0.0,0.0,0.0,0.0,0.9832,0.0057,-0.1822,-0.058,0.9573,-0.2833,0.1728,0.2891,0.9416,0.669,0.7326,-0.1252,-0.7377,0.634,-0.2321,-0.0907,0.2476,0.9646,0.0001,0.0,0.0001,0.0,0.0,0.0,-0.1145,-0.0646,0.2064,12.409,22.4961,-91.8677,0.0,0.0435,-0.3719,0.0,0.0,0.0,4646862.3387,3830984.2744,3005569.2909,-2124.9869,-2801.7356,6848.3877,4646849.9297,3830961.7783,3005661.1586,-2124.8724,-2801.671,6848.1813,0.0,0.0765,3.9732,0.0,0.0,1.0,0.0,1.0,0.0,0.0,-4.1,-36.453,0.0,0.0,-1.0,-0.7071,0.7071,0.0,4.705255147173212,0.08786353054595518,-0.29469,0.8810064373390631,10.39235958899551,,
105.1851,58.889,3.295,-3.337,54.924,3.142,-3.115,-0.228,-0.018,0.086,-0.228,-0.018,0.086,-1.866,3.172,-3.313,0.004,0.001,0.005,0.0,0.0,0.0,873.024,-0.0,0.0,-0.0,0.0,0.0,0.0,0.0,0.0,0.9832,0.0057,-0.1822,-0.058,0.9573,-0.2833,0.1728,0.2891,0.9416,0.669,0.7326,-0.1252,-0.7377,0.634,-0.2321,-0.0907,0.2476,0.9646,0.0001,0.0,0.0001,0.0,0.0,0.0,-0.1145,-0.0646,0.2064,12.3847,22.4824,-91.824,0.0,0.0435,-0.3719,0.0,0.0,0.0,4646411.7738,3830390.2851,3007020.8391,-2126.2744,-2802.797,6847.5547,4646399.3891,3830367.8026,3007112.663,-2126.1599,-2802.7324,6847.3483,0.0,0.0765,3.9732,0.0,0.0,1.0,0.0,1.0,0.0,0.0,-4.1,-36.453,0.0,0.0,-1.0,-0.7071,0.7071,0.0,4.689626211117471,0.08786353054595518,-0.294445,0.8821813598829387,10.383719566940794,,
105.3996,58.84,3.291,-3.318,54.876,3.138,-3.096,-0.228,-0.018,0.086,-0.229,-0.018,0.086,-1.866,3.172,-3.312,0.004,0.001,0.005,0.0,0.0,0.0,873.024,-0.0,0.0,-0.0,0.0,0.0,0.0,0.0,0.0,0.9832,0.0057,-0.1822,-0.058,0.9573,-0.2833,0.1728,0.2891,0.9416,0.669,0.7326,-0.1252,-0.7377,0.634,-0.2321,-0.0907,0.2476,0.9646,0.0001,0.0,0.0001,0.0,0.0,0.0,-0.1146,-0.0646,0.2065,12.3602,22.4686,-91.7798,0.0,0.0435,-0.3719,0.0,0.0,0.0,4645956.7932,3829790.6105,3008485.5428,-2127.5736,-2803.868,6846.7137,4645944.433,3829768.1418,3008577.3226,-2127.4591,-2803.8034,6846.5072,0.0,0.0765,3.9732,0.0,0.0,1.0,0.0,1.0,0.0,0.0,-4.1,-36.453,0.0,0.0,-1.0,-0.7071,0.7071,0.0,4.6733077150985896,0.08786353054595518,-0.2942,0.8833684730132585,10.37507954488608,,
105.6021,58.794,3.288,-3.301,54.829,3.135,-3.079,-0.229,-0.018,0.086,-0.229,-0.018,0.086,-1.865,3.173,-3.311,0.004,0.001,0.005,0.0,0.0,0.0,873.024,-0.0,0.0,-0.0,0.0,0.0,0.0,0.0,0.0,0.9832,0.0057,-0.1822,-0.058,0.9573,-0.2832,0.1728,0.2891,0.9416,0.669,0.7326,-0.1252,-0.7377,0.634,-0.2321,-0.0907,0.2476,0.9646,0.0001,0.0,0.0001,0.0,0.0,0.0,-0.1146,-0.0646,0.2065,12.3369,22.4555,-91.7379,0.0,0.0435,-0.3719,0.0,0.0,0.0,4645525.155,3829221.8284,3009874.1086,-2128.8053,-2804.8833,6845.9158,4645512.818,3829199.3729,3009965.8465,-2128.6908,-2804.8187,6845.7094,0.0,0.0765,3.9732,0.0,0.0,1.0,0.0,1.0,0.0,0.0,-4.1,-36.453,0.0,0.0,-1.0,-0.7071,0.7071,0.0,4.6591356494525895,0.08786353054595518,-0.29397,0.8861416862092206,10.366968503773489,,
105.8079,58.747,3.284,-3.283,54.782,3.131,-3.061,-0.229,-0.018,0.086,-0.229,-0.018,0.086,-1.864,3.173,-3.31,0.004,0.001,0.005,0.0,0.0,0.0,873.024,-0.0,0.0,-0.0,0.0,0.0,0.0,0.0,0.0,0.9832,0.0057,-0.1822,-0.0581,0.9573,-0.2832,0.1728,0.2891,0.9416,0.669,0.7326,-0.1252,-0.7377,0.634,-0.2321,-0.0907,0.2476,0.9646,0.0001,0.0,0.0001,0.0,0.0,0.0,-0.1146,-0.0647,0.2065,12.3135,22.4423,-91.6956,0.0,0.0435,-0.3719,0.0,0.0,0.0,4645088.3836,3828646.4071,3011278.2053,-2130.0509,-2805.91,6845.1086,4645076.0701,3828623.9648,3011369.9009,-2129.9363,-2805.8453,6844.9021,0.0,0.0765,3.9732,0.0,0.0,1.0,0.0,1.0,0.0,0.0,-4.1,-36.453,0.0,0.0,-1.0,-0.7071,0.7071,0.0,4.643570285889942,0.08786353054595518,-0.293735,0.8880120590311594,10.358681135680191,,
106.0094,58.701,3.28,-3.266,54.736,3.127,-3.044,-0.229,-0.018,0.086,-0.229,-0.018,0.086,-1.863,3.173,-3.309,0.004,0.001,0.005,0.0,0.0,0.0,873.024,-0.0,0.0,-0.0,0.0,0.0,0.0,0.0,0.0,0.9832,0.0057,-0.1822,-0.0581,0.9573,-0.2832,0.1728,0.289,0.9416,0.669,0.7326,-0.1252,-0.7377,0.634,-0.2321,-0.0907,0.2476,0.9646,0.0001,0.0,0.0001,0.0,0.0,0.0,-0.1146,-0.0647,0.2065,12.2903,22.4292,-91.6538,0.0,0.0435,-0.3719,0.0,0.0,0.0,4644656.972,3828078.1711,3012664.1041,-2131.2803,-2806.9233,6844.3114,4644644.6818,3828055.7419,3012755.7579,-2131.1657,-2806.8586,6844.1049,0.0,0.0765,3.9732,0.0,0.0,1.0,0.0,1.0,0.0,0.0,-4.1,-36.453,0.0,0.0,-1.0,-0.7071,0.7071,0.0,4.628731575712724,0.08786353054595518,-0.293505,0.8898696644843024,10.350570094567603,,
106.2142,58.654,3.276,-3.249,54.689,3.124,-3.026,-0.229,-0.018,0.086,-0.229,-0.018,0.086,-1.863,3.173,-3.308,0.004,0.001,0.005,0.0,0.0,0.0,873.024,-0.0,0.0,-0.0,0.0,0.0,0.0,0.0,0.0,0.9832,0.0058,-0.1822,-0.0581,0.9573,-0.2832,0.1728,0.289,0.9416,0.669,0.7326,-0.1252,-0.7377,0.634,-0.2321,-0.0907,0.2476,0.9646,0.0001,0.0,0.0001,0.0,0.0,0.0,-0.1146,-0.0647,0.2065,12.2669,22.416,-91.6116,0.0,0.0435,-0.3719,0.0,0.0,0.0,4644221.2465,3827504.3773,3014062.8869,-2132.5211,-2807.9459,6843.5063,4644208.9796,3827481.9613,3014154.4984,-2132.4065,-2807.8812,6843.2998,0.0,0.0765,3.9732,0.0,0.0,1.0,0.0,1.0,0.0,0.0,-4.1,-36.453,0.0,0.0,-1.0,-0.7071,0.7071,0.0,4.613911247520914,0.08786353054595518,-0.29327000000000003,0.9108634863978852,10.342282726474306,,
106.417,58.608,3.273,-3.231,54.643,3.12,-3.009,-0.229,-0.018,0.086,-0.229,-0.018,0.086,-1.862,3.173,-3.307,0.004,0.001,0.005,0.0,0.0,0.0,873.024,-0.0,0.0,-0.0,0.0,0.0,0.0,0.0,0.0,0.9832,0.0058,-0.1822,-0.0581,0.9573,-0.2832,0.1728,0.289,0.9416,0.669,0.7326,-0.1252,-0.7377,0.634,-0.2321,-0.0907,0.2476,0.9646,0.0001,0.0,0.0001,0.0,0.0,0.0,-0.1146,-0.0647,0.2065,12.2436,22.4029,-91.5697,0.0,0.0435,-0.3719,0.0,0.0,0.0,4643789.3742,3826935.7814,3015448.3347,-2133.7502,-2808.9588,6842.7085,4643777.1306,3826913.3785,3015539.9045,-2133.6356,-2808.8941,6842.5019,0.0,0.0765,3.9732,0.0,0.0,1.0,0.0,1.0,0.0,0.0,-4.1,-36.453,0.0,0.0,-1.0,-0.7071,0.7071,0.0,4.599118393779399,0.08786353054595518,-0.29303999999999997,0.8955266019516704,10.334171685361715,,
106.6191,58.562,3.269,-3.214,54.597,3.116,-2.991,-0.229,-0.018,0.086,-0.229,-0.018,0.086,-1.861,3.174,-3.305,0.004,0.001,0.005,0.0,0.0,0.0,873.024,-0.0,0.0,-0.0,0.0,0.0,0.0,0.0,0.0,0.9832,0.0058,-0.1822,-0.0581,0.9573,-0.2832,0.1728,0.289,0.9416,0.669,0.7326,-0.1252,-0.7377,0.634,-0.2321,-0.0907,0.2476,0.9646,0.0001,0.0,0.0001,0.0,0.0,0.0,-0.1146,-0.0647,0.2066,12.2204,22.3898,-91.5279,0.0,0.0435,-0.3719,0.0,0.0,0.0,4643357.3247,3826367.0743,3016833.3916,-2134.9789,-2809.9714,6841.9104,4643345.1043,3826344.6845,3016924.9195,-2134.8643,-2809.9067,6841.7038,0.0,0.0765,3.9732,0.0,0.0,1.0,0.0,1.0,0.0,0.0,-4.1,-36.453,0.0,0.0,-1.0,-0.7071,0.7071,0.0,4.58433822923222,0.08786353054595518,-0.29281,0.902600226407251,10.326060644249125,,
106.8225,58.515,3.265,-3.196,54.551,3.113,-2.974,-0.229,-0.018,0.086,-0.229,-0.018,0.086,-1.86,3.174,-3.304,0.004,0.001,0.005,0.0,0.0,0.0,873.024,-0.0,0.0,-0.0,0.0,0.0,0.0,0.0,0.0,0.9832,0.0058,-0.1822,-0.0581,0.9573,-0.2831,0.1728,0.289,0.9416,0.669,0.7326,-0.1252,-0.7377,0.634,-0.2321,-0.0907,0.2476,0.9646,0.0001,0.0,0.0001,0.0,0.0,0.0,-0.1147,-0.0647,0.2066,12.1972,22.3767,-91.4862,0.0,0.0435,-0.3719,0.0,0.0,0.0,4642925.62,3825798.9431,3018216.3862,-2136.2059,-2810.9825,6841.113,4642913.4227,3825776.5664,3018307.8724,-2136.0912,-2810.9177,6840.9064,0.0,0.0765,3.9732,0.0,0.0,1.0,0.0,1.0,0.0,0.0,-4.1,-36.453,0.0,0.0,-1.0,-0.7071,0.7071,0.0,4.568877433243313,0.08786353054595518,-0.29257500000000003,0.9155788686839207,10.317773276155828,,
107.0258,58.468,3.261,-3.179,54.503,3.109,-2.956,-0.229,-0.019,0.086,-0.229,-0.018,0.086,-1.859,3.174,-3.303,0.004,-0.003,0.005,0.0,-0.0,0.0,873.022,-0.0,0.0,-0.0,0.0,-0.329,0.0,0.0,0.0,0.9832,0.0058,-0.1822,-0.0581,0.9573,-0.2831,0.1728,0.289,0.9416,0.669,0.7326,-0.1252,-0.7377,0.634,-0.2321,-0.0907,0.2476,0.9646,0.0001,-0.0001,0.0001,0.0,0.0,0.0,-0.1147,-0.0647,0.2066,12.1736,22.3634,-91.4436,0.0,0.0435,-0.3719,0.0,0.0,0.0,4642484.9228,3825219.1037,3019627.2039,-2137.4576,-2812.0138,6840.2991,4642472.7492,3825196.7403,3019718.6475,-2137.3429,-2811.9491,6840.0925,0.0,0.0765,3.9732,0.0,0.0,1.0,0.0,1.0,0.0,0.0,-4.1,-36.453,0.0,0.0,-1.0,-0.7071,0.7071,0.0,4.554136800755989,0.08807383266328313,-0.29234000000000004,0.9238022546098381,10.30948590806253,,
107.229,58.422,3.258,-3.161,54.457,3.105,-2.939,-0.229,-0.019,0.086,-0.229,-0.018,0.082,-1.859,3.169,-3.302,0.001,-0.05,0.007,0.0,-0.001,0.0,872.993,-0.0,0.0,-0.0,0.0,-1.0,0.0,0.0,0.0,0.9833,0.0058,-0.1821,-0.0581,0.9573,-0.2831,0.1727,0.2889,0.9416,0.669,0.7326,-0.1252,-0.7377,0.634,-0.2321,-0.0907,0.2476,0.9646,0.0001,-0.0009,0.0001,0.0,0.0,0.0,-0.1147,-0.0648,0.2066,12.1504,22.3502,-91.4016,0.0,0.0435,-0.3718,0.0,0.0,0.0,4642050.8286,3824648.0758,3021015.9118,-2138.6896,-2813.029,6839.4975,4642038.6783,3824625.7256,3021107.3135,-2138.575,-2812.9642,6839.2909,0.0,0.0765,3.9732,0.0,0.0,1.0,0.0,1.0,0.0,0.0,-4.1,-36.453,0.0,0.0,-1.0,-0.7071,0.7071,0.0,4.539436639055555,0.08807383266328313,-0.29211,0.9087865733942754,10.30137486694994,,
107.4398,58.373,3.254,-3.143,54.408,3.102,-2.922,-0.229,-0.019,0.085,-0.229,-0.018,0.079,-1.858,3.153,-3.3,-0.002,-0.096,0.008,0.0,-0.002,0.0,872.965,-0.0,0.0,-0.0,0.0,-1.0,0.0,0.0,0.0,0.9833,0.0058,-0.1819,-0.0581,0.9573,-0.2831,0.1725,0.2889,0.9417,0.669,0.7326,-0.1252,-0.7377,0.634,-0.2321,-0.0907,0.2476,0.9646,0.0001,-0.0017,0.0001,0.0,0.0,0.0,-0.1147,-0.0648,0.2066,12.1261,22.3365,-91.3577,0.0,0.0435,-0.3718,0.0,0.0,0.0,4641596.7328,3824050.8685,3022467.5777,-2139.9776,-2814.0901,6838.659,4641584.6068,3824028.532,3022558.9354,-2139.8629,-2814.0253,6838.4524,0.0,0.0765,3.9732,0.0,0.0,1.0,0.0,1.0,0.0,0.0,-4.1,-36.453,0.0,0.0,-1.0,-0.7071,0.7071,0.0,4.524042992722328,0.08709764635166671,-0.291865,0.9220340516167452,10.292734844895225,,
107.6519,58.325,3.25,-3.125,54.36,3.098,-2.906,-0.229,-0.019,0.085,-0.229,-0.018,0.075,-1.857,3.128,-3.298,-0.004,-0.145,0.01,0.0,-0.003,0.0,872.936,-0.0,0.0,-0.0,0.0,-1.0,0.0,0.0,0.0,0.9834,0.0059,-0.1814,-0.0579,0.9573,-0.2831,0.172,0.2889,0.9418,0.669,0.7326,-0.1252,-0.7377,0.634,-0.2321,-0.0907,0.2476,0.9646,0.0001,-0.0025,0.0001,0.0,0.0,0.0,-0.1147,-0.0648,0.2066,12.1019,22.3227,-91.3138,0.0,0.0435,-0.3718,0.0,0.0,0.0,4641142.006,3823452.9653,3023920.2075,-2141.2664,-2815.1519,6837.8195,4641129.9041,3823430.6426,3024011.5213,-2141.1517,-2815.0871,6837.6129,0.0,0.0765,3.9732,0.0,0.0,1.0,0.0,1.0,0.0,0.0,-4.1,-36.453,0.0,0.0,-1.0,-0.7071,0.7071,0.0,4.508672199217858,0.08709764635166671,-0.291625,0.9157861226848113,10.28427114982122,,
107.8536,58.279,3.246,-3.108,54.314,3.094,-2.891,-0.229,-0.019,0.085,-0.23,-0.018,0.072,-1.856,3.094,-3.296,-0.007,-0.188,0.011,0.0,-0.003,0.0,872.909,-0.0,0.0,-0.0,0.0,-1.0,0.0,0.0,0.0,0.9835,0.0059,-0.1809,-0.0578,0.9573,-0.2831,0.1715,0.2889,0.9419,0.669,0.7326,-0.1252,-0.7377,0.634,-0.2321,-0.0907,0.2476,0.9646,0.0001,-0.0033,0.0001,0.0,0.0,0.0,-0.1147,-0.0648,0.2067,12.0791,22.3097,-91.2723,0.0,0.0435,-0.3718,0.0,0.0,0.0,4640711.8899,3822887.5452,3025293.2502,-2142.4847,-2816.1555,6837.0256,4640699.8109,3822865.2355,3025384.5225,-2142.37,-2816.0907,6836.8189,0.0,0.0765,3.9732,0.0,0.0,1.0,0.0,1.0,0.0,0.0,-4.1,-36.453,0.0,0.0,-1.0,-0.7071,0.7071,0.0,4.494016021333257,0.08709764635166671,-0.291395,0.9093959782595551,10.27616010870863,,
108.0543,58.233,3.242,-3.091,54.267,3.091,-2.877,-0.229,-0.019,0.085,-0.23,-0.018,0.068,-1.855,3.052,-3.294,-0.009,-0.235,0.013,0.0,-0.004,0.0,872.881,-0.0,0.0,-0.0,0.0,-1.0,0.0,0.0,0.0,0.9836,0.0059,-0.1801,-0.0576,0.9573,-0.2831,0.1708,0.2889,0.942,0.669,0.7326,-0.1252,-0.7377,0.634,-0.2321,-0.0907,0.2476,0.9646,0.0001,-0.0041,0.0001,0.0,0.0,0.0,-0.1147,-0.0648,0.2067,12.0563,22.2967,-91.2307,0.0,0.0435,-0.3718,0.0,0.0,0.0,4640281.5566,3822321.9601,3026666.0467,-2143.7028,-2817.1589,6836.2313,4640269.5003,3822299.6634,3026757.2774,-2143.5881,-2817.0941,6836.0246,0.0,0.0765,3.9732,0.0,0.0,1.0,0.0,1.0,0.0,0.0,-4.1,-36.453,0.0,0.0,-1.0,-0.7071,0.7071,0.0,4.4793799794167946,0.08709764635166671,-0.291165,0.9142875958887386,10.26804906759604,,
108.2676,58.184,3.238,-3.073,54.219,3.087,-2.863,-0.229,-0.019,0.084,-0.23,-0.018,0.066,-1.854,2.997,-3.291,-0.011,-0.266,0.014,0.0,-0.005,0.0,872.851,-0.0,0.0,-0.0,0.0,0.0,0.0,0.0,0.0,0.9838,0.0059,-0.1792,-0.0573,0.9574,-0.2832,0.1699,0.2889,0.9422,0.669,0.7326,-0.1252,-0.7377,0.634,-0.2321,-0.0907,0.2476,0.9646,0.0001,-0.0047,0.0001,0.0,0.0,0.0,-0.1148,-0.0648,0.2067,12.0323,22.2829,-91.1867,0.0,0.0435,-0.3718,0.0,0.0,0.0,4639825.7807,3821723.0663,3028118.983,-2144.992,-2818.2208,6835.3901,4639813.7484,3821700.7834,3028210.1697,-2144.8773,-2818.156,6835.1834,0.0,0.0765,3.9732,0.0,0.0,1.0,0.0,1.0,0.0,0.0,-4.1,-36.453,0.0,0.0,-1.0,-0.7071,0.7071,0.0,4.4640758282090145,0.08612200647918046,-0.29092,0.9016628439740532,10.259409045541325,,
108.4703,58.138,3.235,-3.056,54.172,3.083,-2.849,-0.229,-0.019,0.085,-0.23,-0.018,0.069,-1.854,2.947,-3.288,-0.009,-0.222,0.012,0.0,-0.004,0.0,872.825,-0.0,0.0,-0.0,0.0,0.0,0.0,0.0,0.0,0.984,0.0059,-0.1783,-0.0571,0.9574,-0.2832,0.169,0.2889,0.9423,0.669,0.7326,-0.1252,-0.7377,0.634,-0.2321,-0.0907,0.2476,0.9646,0.0001,-0.0039,0.0001,0.0,0.0,0.0,-0.1148,-0.0649,0.2067,12.0092,22.2697,-91.1446,0.0,0.0435,-0.3718,0.0,0.0,0.0,4639389.3612,3821149.7323,3029509.2285,-2146.2256,-2819.2369,6834.5848,4639377.352,3821127.4627,3029600.3732,-2146.1109,-2819.1721,6834.3781,0.0,0.0765,3.9732,0.0,0.0,1.0,0.0,1.0,0.0,0.0,-4.1,-36.453,0.0,0.0,-1.0,-0.7071,0.7071,0.0,4.450209096211098,0.08709764635166671,-0.29069,0.8802439930070093,10.251298004428737,,
108.6719,58.091,3.231,-3.039,54.126,3.08,-2.835,-0.229,-0.019,0.085,-0.23,-0.018,0.073,-1.853,2.907,-3.286,-0.006,-0.176,0.011,0.0,-0.003,0.0,872.797,-0.0,0.0,-0.0,0.0,0.0,0.0,0.0,0.0,0.9841,0.0059,-0.1776,-0.0569,0.9574,-0.2832,0.1684,0.2888,0.9425,0.669,0.7326,-0.1252,-0.7377,0.634,-0.2321,-0.0907,0.2476,0.9646,0.0001,-0.0031,0.0001,0.0,0.0,0.0,-0.1148,-0.0649,0.2067,11.9864,22.2566,-91.1029,0.0,0.0435,-0.3718,0.0,0.0,0.0,4638956.7538,3820581.5288,3030886.3813,-2147.4477,-2820.2434,6833.7866,4638944.7674,3820559.2722,3030977.4842,-2147.3329,-2820.1785,6833.5799,0.0,0.0765,3.9732,0.0,0.0,1.0,0.0,1.0,0.0,0.0,-4.1,-36.453,0.0,0.0,-1.0,-0.7071,0.7071,0.0,4.435637721906513,0.08709764635166671,-0.290455,0.8883670155576926,10.24301063633544,,
108.8747,58.045,3.227,-3.021,54.079,3.076,-2.82,-0.229,-0.019,0.085,-0.229,-0.018,0.076,-1.852,2.876,-3.284,-0.004,-0.132,0.009,0.0,-0.002,0.0,872.77,-0.0,0.0,-0.0,0.0,0.0,0.0,0.0,0.0,0.9842,0.006,-0.1771,-0.0568,0.9574,-0.2833,0.1679,0.2888,0.9426,0.669,0.7326,-0.1252,-0.7377,0.634,-0.2321,-0.0907,0.2476,0.9646,0.0001,-0.0023,0.0001,0.0,0.0,0.0,-0.1148,-0.0649,0.2067,11.9632,22.2434,-91.0608,0.0,0.0435,-0.3718,0.0,0.0,0.0,4638519.449,3820007.277,3032277.5275,-2148.6821,-2821.2601,6832.9798,4638507.4858,3819985.0336,3032368.5883,-2148.5674,-2821.1952,6832.7731,0.0,0.0765,3.9732,0.0,0.0,1.0,0.0,1.0,0.0,0.0,-4.1,-36.453,0.0,0.0,-1.0,-0.7071,0.7071,0.0,4.4204038277062425,0.08709764635166671,-0.290225,0.8834504632973095,10.23489959522285,,
109.0865,57.997,3.223,-3.003,54.031,3.072,-2.803,-0.229,-0.019,0.086,-0.229,-0.018,0.08,-1.851,2.853,-3.282,-0.001,-0.083,0.008,0.0,-0.001,0.0,872.74,-0.0,0.0,-0.0,0.0,0.0,0.0,0.0,0.0,0.9842,0.006,-0.1767,-0.0567,0.9574,-0.2833,0.1675,0.2888,0.9426,0.669,0.7326,-0.1252,-0.7377,0.634,-0.2321,-0.0907,0.2476,0.9646,0.0001,-0.0014,0.0001,0.0,0.0,0.0,-0.1148,-0.0649,0.2068,11.9392,22.2297,-91.0173,0.0,0.0435,-0.3718,0.0,0.0,0.0,4638067.1995,3819413.5302,3033715.2026,-2149.9579,-2822.3107,6832.1456,4638055.2603,3819391.3005,3033806.2198,-2149.8431,-2822.2458,6831.9388,0.0,0.0765,3.9732,0.0,0.0,1.0,0.0,1.0,0.0,0.0,-4.1,-36.453,0.0,0.0,-1.0,-0.7071,0.7071,0.0,4.405194433847387,0.08807383266328313,-0.289985,0.8820618993579546,10.226435900148843,,
109.2992,57.948,3.219,-2.985,53.982,3.068,-2.786,-0.229,-0.019,0.086,-0.229,-0.018,0.084,-1.85,2.841,-3.28,0.002,-0.034,0.006,0.0,-0.001,0.0,872.71,-0.0,0.0,-0.0,0.0,0.0,0.0,0.0,0.0,0.9843,0.006,-0.1765,-0.0566,0.9574,-0.2832,0.1673,0.2888,0.9427,0.669,0.7326,-0.1252,-0.7377,0.634,-0.2321,-0.0907,0.2476,0.9646,0.0001,-0.0006,0.0001,0.0,0.0,0.0,-0.1148,-0.0649,0.2068,11.9147,22.2159,-90.9731,0.0,0.0435,-0.3718,0.0,0.0,0.0,4637607.686,3818810.3816,3035174.9166,-2151.2533,-2823.3774,6831.298,4637595.7712,3818788.1657,3035265.8897,-2151.1385,-2823.3125,6831.0912,0.0,0.0765,3.9732,0.0,0.0,1.0,0.0,1.0,0.0,0.0,-4.1,-36.453,0.0,0.0,-1.0,-0.7071,0.7071,0.0,4.390009794977683,0.08807383266328313,-0.28974,0.8807210290139367,10.217795878094128,,
109.5098,57.9,3.215,-2.967,53.934,3.065,-2.768,-0.229,-0.019,0.086,-0.229,-0.018,0.086,-1.85,2.837,-3.279,0.003,-0.006,0.005,0.0,-0.0,0.0,872.694,-0.0,0.0,-0.0,0.0,0.0,0.0,0.0,0.0,0.9843,0.006,-0.1764,-0.0566,0.9574,-0.2832,0.1672,0.2888,0.9427,0.669,0.7326,-0.1252,-0.7377,0.634,-0.2321,-0.0907,0.2476,0.9646,0.0001,-0.0001,0.0001,0.0,0.0,0.0,-0.1148,-0.0649,0.2068,11.8908,22.2023,-90.93,0.0,0.0435,-0.3718,0.0,0.0,0.0,4637159.4443,3818222.1581,3036597.8028,-2152.5161,-2824.4172,6830.4714,4637147.5534,3818199.9558,3036688.7328,-2152.4012,-2824.3522,6830.2646,0.0,0.0765,3.9732,0.0,0.0,1.0,0.0,1.0,0.0,0.0,-4.1,-36.453,0.0,0.0,-1.0,-0.7071,0.7071,0.0,4.374850168862929,0.08807383266328313,-0.2895,0.8964625412491517,10.209332183020122,,
109.7126,57.854,3.211,-2.95,53.888,3.061,-2.751,-0.229,-0.019,0.086,-0.229,-0.018,0.086,-1.849,2.836,-3.278,0.003,-0.006,0.005,0.0,-0.0,0.0,872.694,-0.0,0.0,-0.0,0.0,0.0,0.0,0.0,0.0,0.9843,0.006,-0.1764,-0.0566,0.9574,-0.2832,0.1672,0.2888,0.9427,0.669,0.7326,-0.1252,-0.7377,0.634,-0.2321,-0.0907,0.2476,0.9646,0.0001,-0.0001,0.0001,0.0,0.0,0.0,-0.1149,-0.0649,0.2068,11.8676,22.1892,-90.8881,0.0,0.0435,-0.3718,0.0,0.0,0.0,4636723.7853,3817650.5702,3037979.7827,-2153.7425,-2825.427,6829.668,4636711.9177,3817628.381,3038070.6708,-2153.6277,-2825.3621,6829.4612,0.0,0.0765,3.9732,0.0,0.0,1.0,0.0,1.0,0.0,0.0,-4.1,-36.453,0.0,0.0,-1.0,-0.7071,0.7071,0.0,4.360392298864863,0.08807383266328313,-0.28926999999999997,0.896932701116024,10.201221141907533,,
109.923,57.805,3.208,-2.932,53.839,3.057,-2.733,-0.229,-0.019,0.086,-0.229,-0.018,0.086,-1.848,2.835,-3.277,0.003,-0.006,0.005,0.0,-0.0,0.0,872.694,-0.0,0.0,-0.0,0.0,0.0,0.0,0.0,0.0,0.9843,0.006,-0.1764,-0.0566,0.9574,-0.2832,0.1672,0.2887,0.9427,0.669,0.7326,-0.1252,-0.7377,0.634,-0.2321,-0.0907,0.2476,0.9646,0.0001,-0.0001,0.0001,0.0,0.0,0.0,-0.1149,-0.065,0.2068,11.8434,22.1755,-90.8445,0.0,0.0435,-0.3718,0.0,0.0,0.0,4636269.2137,3817054.2977,3039420.7447,-2155.0214,-2826.4799,6828.8299,4636257.3703,3817032.1222,3039511.5891,-2154.9065,-2826.415,6828.623,0.0,0.0765,3.9732,0.0,0.0,1.0,0.0,1.0,0.0,0.0,-4.1,-36.453,0.0,0.0,-1.0,-0.7071,0.7071,0.0,4.346019788266041,0.08807383266328313,-0.289025,0.8837182371159599,10.192581119852818,,
110.138,57.756,3.204,-2.913,53.79,3.053,-2.714,-0.229,-0.019,0.086,-0.229,-0.018,0.086,-1.847,2.834,-3.276,0.003,-0.006,0.005,0.0,-0.0,0.0,872.694,-0.0,0.0,-0.0,0.0,0.0,0.0,0.0,0.0,0.9843,0.0061,-0.1764,-0.0566,0.9574,-0.2832,0.1671,0.2887,0.9427,0.669,0.7326,-0.1252,-0.7377,0.634,-0.2321,-0.0907,0.2476,0.9646,0.0001,-0.0001,0.0001,0.0,0.0,0.0,-0.1149,-0.065,0.2069,11.8188,22.1616,-90.8002,0.0,0.0435,-0.3718,0.0,0.0,0.0,4635807.6369,3816448.9709,3040882.8574,-2156.319,-2827.5482,6827.9789,4635795.8181,3816426.8093,3040973.6576,-2156.2041,-2827.4833,6827.7721,0.0,0.0765,3.9732,0.0,0.0,1.0,0.0,1.0,0.0,0.0,-4.1,-36.453,0.0,0.0,-1.0,-0.7071,0.7071,0.0,4.330263848774114,0.08807383266328313,-0.28878,0.8852240586684036,10.183941097798103,,
110.3393,57.71,3.2,-2.896,53.744,3.049,-2.697,-0.229,-0.019,0.086,-0.229,-0.018,0.086,-1.846,2.832,-3.275,0.003,-0.006,0.005,0.0,-0.0,0.0,872.694,-0.0,0.0,-0.0,0.0,0.0,0.0,0.0,0.0,0.9843,0.0061,-0.1763,-0.0566,0.9574,-0.2832,0.1671,0.2887,0.9427,0.669,0.7326,-0.1252,-0.7377,0.634,-0.2321,-0.0907,0.2476,0.9646,0.0001,-0.0001,0.0001,0.0,0.0,0.0,-0.1149,-0.065,0.2069,11.7956,22.1485,-90.7584,0.0,0.0435,-0.3718,0.0,0.0,0.0,4635371.7685,3815877.4841,3042262.5609,-2157.5436,-2828.5563,6827.1755,4635359.9729,3815855.3356,3042353.3193,-2157.4287,-2828.4913,6826.9686,0.0,0.0765,3.9732,0.0,0.0,1.0,0.0,1.0,0.0,0.0,-4.1,-36.453,0.0,0.0,-1.0,-0.7071,0.7071,0.0,4.315879516390605,0.08807383266328313,-0.28855000000000003,0.8865180894752603,10.175830056685514,,
110.5526,57.661,3.196,-2.877,53.695,3.046,-2.679,-0.229,-0.019,0.086,-0.229,-0.018,0.086,-1.846,2.831,-3.273,0.003,-0.006,0.005,0.0,-0.0,0.0,872.694,-0.0,0.0,-0.0,0.0,0.0,0.0,0.0,0.0,0.9843,0.0061,-0.1763,-0.0566,0.9574,-0.2831,0.1671,0.2887,0.9427,0.669,0.7326,-0.1252,-0.7377,0.634,-0.2321,-0.0907,0.2476,0.9646,0.0001,-0.0001,0.0001,0.0,0.0,0.0,-0.1149,-0.065,0.2069,11.7711,22.1347,-90.7144,0.0,0.0435,-0.3718,0.0,0.0,0.0,4634913.1315,3815276.2738,3043713.3158,-2158.8312,-2829.6163,6826.3301,4634901.3603,3815254.1391,3043804.0302,-2158.7163,-2829.5513,6826.1232,0.0,0.0765,3.9732,0.0,0.0,1.0,0.0,1.0,0.0,0.0,-4.1,-36.453,0.0,0.0,-1.0,-0.7071,0.7071,0.0,4.300179647410094,0.08807383266328313,-0.28830500000000003,0.9005302203825992,10.1671900346308,,
110.7677,57.612,3.192,-2.859,53.646,3.042,-2.66,-0.229,-0.019,0.086,-0.229,-0.018,0.086,-1.845,2.83,-3.272,0.003,-0.006,0.005,0.0,-0.0,0.0,872.694,-0.0,0.0,-0.0,0.0,0.0,0.0,0.0,0.0,0.9843,0.0061,-0.1763,-0.0566,0.9574,-0.2831,0.1671,0.2887,0.9427,0.669,0.7326,-0.1252,-0.7377,0.634,-0.2321,-0.0907,0.2476,0.9646,0.0001,-0.0001,0.0001,0.0,0.0,0.0,-0.1149,-0.065,0.2069,11.7465,22.1207,-90.6699,0.0,0.0435,-0.3718,0.0,0.0,0.0,4634448.1834,3814666.9268,3045182.9682,-2160.1356,-2830.69,6825.4733,4634436.4369,3814644.8062,3045273.6381,-2160.0207,-2830.625,6825.2663,0.0,0.0765,3.9732,0.0,0.0,1.0,0.0,1.0,0.0,0.0,-4.1,-36.453,0.0,0.0,-1.0,-0.7071,0.7071,0.0,4.285177359223303,0.08807383266328313,-0.28806,0.9057941268434564,10.158550012576084,,
110.9686,57.566,3.188,-2.842,53.6,3.038,-2.643,-0.229,-0.019,0.086,-0.229,-0.018,0.086,-1.844,2.828,-3.271,0.003,-0.006,0.005,0.0,-0.0,0.0,872.694,-0.0,0.0,-0.0,0.0,-0.076,0.0,0.0,0.0,0.9843,0.0061,-0.1763,-0.0567,0.9574,-0.2831,0.167,0.2887,0.9427,0.669,0.7326,-0.1252,-0.7377,0.634,-0.2321,-0.0907,0.2476,0.9646,0.0001,-0.0001,0.0001,0.0,0.0,0.0,-0.1149,-0.065,0.2069,11.7234,22.1076,-90.6284,0.0,0.0435,-0.3718,0.0,0.0,0.0,4634014.8791,3814099.1742,3046551.6334,-2161.3505,-2831.6899,6824.6748,4634003.1557,3814077.0665,3046642.2618,-2161.2355,-2831.6249,6824.4679,0.0,0.0765,3.9732,0.0,0.0,1.0,0.0,1.0,0.0,0.0,-4.1,-36.453,0.0,0.0,-1.0,-0.7071,0.7071,0.0,4.2708673592140505,0.08807383266328313,-0.28783000000000003,0.9078208370090882,10.150438971463496,,
111.1818,57.517,3.184,-2.823,53.551,3.034,-2.625,-0.229,-0.019,0.086,-0.229,-0.018,0.082,-1.843,2.823,-3.27,0.002,-0.05,0.017,0.0,-0.001,0.0,872.654,-0.0,0.0,-0.0,0.154,-0.805,0.0,0.0,0.0,0.9843,0.0061,-0.1762,-0.0566,0.9574,-0.2831,0.1669,0.2886,0.9428,0.669,0.7326,-0.1252,-0.7377,0.634,-0.2321,-0.0907,0.2476,0.9646,0.0003,-0.0009,0.0001,0.0,0.0,0.0,-0.115,-0.0651,0.2069,11.6986,22.0936,-90.5837,0.0,0.0435,-0.3718,0.0,0.0,0.0,4633548.7331,3813488.5227,3048022.9978,-2162.6565,-2832.7649,6823.8159,4633537.0344,3813466.4291,3048113.5816,-2162.5415,-2832.6998,6823.609,0.0,0.0765,3.9732,0.0,0.0,1.0,0.0,1.0,0.0,0.0,-4.1,-36.453,0.0,0.0,-1.0,-0.7071,0.7071,0.0,4.2552538114664795,0.08807383266328313,-0.28758500000000004,0.9068132021156401,10.14179894940878,,
111.3846,57.471,3.18,-2.806,53.504,3.031,-2.609,-0.229,-0.019,0.086,-0.23,-0.015,0.08,-1.842,2.809,-3.262,0.003,-0.085,0.054,0.001,-0.002,0.0,872.585,-0.0,0.0,-0.0,0.52,-0.993,0.0,0.0,0.0,0.9844,0.0062,-0.1759,-0.0566,0.9575,-0.283,0.1667,0.2885,0.9428,0.669,0.7326,-0.1252,-0.7377,0.634,-0.2321,-0.0907,0.2476,0.9646,0.0009,-0.0015,0.0001,0.0,0.0,0.0,-0.115,-0.0653,0.2069,11.6756,22.0805,-90.542,0.0,0.0435,-0.3717,0.0,0.0,0.0,4633113.0744,3812917.9325,3049397.1607,-2163.8763,-2833.7689,6823.0133,4633101.3988,3812895.852,3049487.7027,-2163.7613,-2833.7036,6822.8064,0.0,0.0765,3.9732,0.0,0.0,1.0,0.0,1.0,0.0,0.0,-4.1,-36.453,0.0,0.0,-1.0,-0.7071,0.7071,0.0,4.24099469464417,0.08807383266328313,-0.28735499999999997,0.9205366092455448,10.13368790829619,,
111.595,57.422,3.176,-2.788,53.456,3.028,-2.592,-0.229,-0.019,0.085,-0.23,-0.012,0.077,-1.84,2.787,-3.246,0.005,-0.124,0.096,0.002,-0.002,0.0,872.507,-0.0,0.0,-0.0,0.559,-0.993,0.0,0.0,0.0,0.9845,0.0062,-0.1755,-0.0565,0.9575,-0.2828,0.1663,0.2883,0.943,0.669,0.7326,-0.1252,-0.7377,0.634,-0.2321,-0.0907,0.2476,0.9646,0.0016,-0.0022,0.0001,0.0,0.0,0.0,-0.115,-0.0654,0.2069,11.6513,22.0667,-90.498,0.0,0.0435,-0.3717,0.0,0.0,0.0,4632652.7486,3812315.166,3050848.1129,-2165.1642,-2834.829,6822.1653,4632641.0973,3812293.0992,3050938.6109,-2165.0492,-2834.7635,6821.9584,0.0,0.0765,3.9732,0.0,0.0,1.0,0.0,1.0,0.0,0.0,-4.1,-36.453,0.0,0.0,-1.0,-0.7071,0.7071,0.0,4.226099856842003,0.08709764635166671,-0.28711,0.9338583308190264,10.125047886241475,,
111.804,57.374,3.172,-2.77,53.407,3.026,-2.576,-0.229,-0.018,0.085,-0.23,-0.009,0.074,-1.837,2.757,-3.221,0.002,-0.163,0.138,0.002,-0.003,0.0,872.43,-0.0,0.0,-0.0,0.559,-0.993,0.0,0.0,0.0,0.9845,0.0063,-0.175,-0.0564,0.9576,-0.2824,0.1658,0.2879,0.9432,0.669,0.7326,-0.1252,-0.7377,0.634,-0.2321,-0.0907,0.2476,0.9646,0.0023,-0.0029,0.0001,0.0,0.0,0.0,-0.115,-0.0656,0.2068,11.6274,22.0531,-90.4546,0.0,0.0435,-0.3717,0.0,0.0,0.0,4632199.799,3811722.1872,3052274.797,-2166.4307,-2835.8713,6821.331,4632188.1716,3811700.1341,3052365.2517,-2166.3157,-2835.8057,6821.1241,0.0,0.0765,3.9732,0.0,0.0,1.0,0.0,1.0,0.0,0.0,-4.1,-36.453,0.0,0.0,-1.0,-0.7071,0.7071,0.0,4.211233073578332,0.08688498144098324,-0.28687,0.9594719307038451,10.11658419116747,,
112.0167,57.325,3.168,-2.752,53.358,3.024,-2.561,-0.229,-0.018,0.085,-0.231,-0.006,0.071,-1.835,2.719,-3.188,0.004,-0.2,0.178,0.003,-0.004,0.0,872.356,-0.0,0.0,-0.0,0.559,-0.993,0.0,0.0,0.0,0.9847,0.0065,-0.1743,-0.0562,0.9578,-0.2819,0.1652,0.2874,0.9435,0.669,0.7326,-0.1252,-0.7377,0.634,-0.2321,-0.0907,0.2476,0.9646,0.003,-0.0036,0.0001,0.0,0.0,0.0,-0.115,-0.0658,0.2068,11.6032,22.0394,-90.4106,0.0,0.0435,-0.3717,0.0,0.0,0.0,4631739.9166,3811120.2647,3053722.2873,-2167.7156,-2836.9288,6820.484,4631728.3134,3811098.2253,3053812.6979,-2167.6006,-2836.863,6820.2772,0.0,0.0765,3.9732,0.0,0.0,1.0,0.0,1.0,0.0,0.0,-4.1,-36.453,0.0,0.0,-1.0,-0.7071,0.7071,0.0,4.196394643023938,0.08688498144098324,-0.286625,0.9822951116667833,10.107944169112756,,
112.2253,57.277,3.165,-2.734,53.31,3.023,-2.546,-0.229,-0.018,0.085,-0.231,-0.003,0.068,-1.831,2.673,-3.146,0.002,-0.239,0.22,0.004,-0.004,0.0,872.279,-0.0,0.0,-0.0,0.454,-0.993,0.0,0.0,0.0,0.9848,0.0066,-0.1735,-0.056,0.958,-0.2813,0.1644,0.2867,0.9438,0.669,0.7326,-0.1252,-0.7377,0.634,-0.2321,-0.0907,0.2476,0.9646,0.0037,-0.0043,0.0001,0.0,0.0,0.0,-0.1151,-0.066,0.2068,11.5796,22.0259,-90.3674,0.0,0.0435,-0.3717,0.0,0.0,0.0,4631288.006,3810528.9042,3055143.6759,-2168.9775,-2837.9672,6819.6518,4631276.4264,3810506.8783,3055234.0433,-2168.8624,-2837.9012,6819.445,0.0,0.0765,3.9732,0.0,0.0,1.0,0.0,1.0,0.0,0.0,-4.1,-36.453,0.0,0.0,-1.0,-0.7071,0.7071,0.0,4.182341569025658,0.08688498144098324,-0.286385,1.00732969457804,10.09948047403875,,
112.4267,57.231,3.161,-2.717,53.264,3.023,-2.533,-0.23,-0.018,0.084,-0.231,-0.0,0.066,-1.828,2.621,-3.098,0.003,-0.274,0.258,0.004,-0.005,0.0,872.209,-0.0,0.0,-0.0,0.428,-0.993,0.0,0.0,0.0,0.985,0.0068,-0.1726,-0.0557,0.9582,-0.2805,0.1635,0.2859,0.9442,0.669,0.7326,-0.1252,-0.7377,0.634,-0.2321,-0.0907,0.2476,0.9646,0.0044,-0.0049,0.0001,0.0,0.0,0.0,-0.1151,-0.0661,0.2067,11.5567,22.0128,-90.3255,0.0,0.0435,-0.3717,0.0,0.0,0.0,4630851.0105,3809957.1834,3056517.2017,-2170.1968,-2838.9706,6818.8471,4630839.4538,3809935.1706,3056607.5272,-2170.0818,-2838.9044,6818.6404,0.0,0.0765,3.9732,0.0,0.0,1.0,0.0,1.0,0.0,0.0,-4.1,-36.453,0.0,0.0,-1.0,-0.7071,0.7071,0.0,4.168214245933143,0.08590692637965812,-0.286155,1.0614046895996754,10.09136943292616,,
112.6365,57.183,3.157,-2.699,53.215,3.023,-2.519,-0.23,-0.018,0.084,-0.231,0.003,0.063,-1.824,2.56,-3.039,0.004,-0.313,0.3,0.005,-0.006,0.0,872.132,-0.0,0.0,-0.0,0.428,-0.993,0.0,0.0,0.0,0.9852,0.007,-0.1715,-0.0555,0.9585,-0.2797,0.1624,0.285,0.9447,0.669,0.7326,-0.1252,-0.7377,0.634,-0.2321,-0.0907,0.2476,0.9646,0.0051,-0.0056,0.0001,0.0,0.0,0.0,-0.1151,-0.0663,0.2067,11.533,21.9992,-90.2819,0.0,0.0435,-0.3716,0.0,0.0,0.0,4630394.6292,3809360.227,3057950.6631,-2171.4694,-2840.0177,6818.0069,4630383.0963,3809338.2277,3058040.9449,-2171.3543,-2839.9514,6817.8002,0.0,0.0765,3.9732,0.0,0.0,1.0,0.0,1.0,0.0,0.0,-4.1,-36.453,0.0,0.0,-1.0,-0.7071,0.7071,0.0,4.1534624110493645,0.08590692637965812,-0.285915,1.1187050530633798,10.082905737852153,,
112.85,57.134,3.153,-2.681,53.166,3.024,-2.506,-0.23,-0.018,0.084,-0.231,0.004,0.059,-1.82,2.489,-2.971,0.0,-0.355,0.321,0.005,-0.006,0.0,872.058,-0.0,0.0,-0.0,0.062,-0.385,0.0,0.0,0.0,0.9854,0.0072,-0.1702,-0.0551,0.9588,-0.2786,0.1612,0.2839,0.9452,0.669,0.7326,-0.1252,-0.7377,0.634,-0.2321,-0.0907,0.2476,0.9646,0.0054,-0.0064,0.0001,0.0,0.0,0.0,-0.1151,-0.0664,0.2067,11.5089,21.9855,-90.2377,0.0,0.0435,-0.3716,0.0,0.0,0.0,4629932.7286,3808756.1833,3059400.4259,-2172.7565,-2841.0767,6817.1566,4629921.2197,3808734.1978,3059490.6635,-2172.6414,-2841.0102,6816.9499,0.0,0.0765,3.9732,0.0,0.0,1.0,0.0,1.0,0.0,0.0,-4.1,-36.453,0.0,0.0,-1.0,-0.7071,0.7071,0.0,4.138740146469696,0.08590692637965812,-0.28567,1.1930909363734983,10.074265715797438,,
113.055,57.087,3.15,-2.664,53.119,3.024,-2.494,-0.23,-0.018,0.084,-0.231,0.001,0.062,-1.816,2.418,-2.909,-0.0,-0.322,0.278,0.005,-0.006,0.0,871.983,-0.0,0.0,-0.0,0.0,0.0,0.0,0.0,0.0,0.9856,0.0074,-0.169,-0.0548,0.9591,-0.2777,0.16,0.283,0.9457,0.669,0.7326,-0.1252,-0.7377,0.634,-0.2321,-0.0907,0.2476,0.9646,0.0047,-0.0058,0.0001,0.0,0.0,0.0,-0.1151,-0.0664,0.2067,11.4857,21.9722,-90.195,0.0,0.0435,-0.3716,0.0,0.0,0.0,4629486.3256,3808172.5322,3060800.5595,-2173.9996,-2842.0992,6816.335,4629474.8398,3808150.5601,3060890.7544,-2173.8845,-2842.0328,6816.1283,0.0,0.0765,3.9732,0.0,0.0,1.0,0.0,1.0,0.0,0.0,-4.1,-36.453,0.0,0.0,-1.0,-0.7071,0.7071,0.0,4.125457065586794,0.08590692637965812,-0.285435,1.2407371874334792,10.06597834770414,,
113.2574,57.04,3.146,-2.647,53.072,3.024,-2.481,-0.23,-0.019,0.084,-0.231,-0.003,0.065,-1.813,2.357,-2.857,-0.0,-0.28,0.232,0.004,-0.005,0.0,871.904,-0.0,0.0,-0.0,0.0,0.0,0.0,0.0,0.0,0.9858,0.0075,-0.1679,-0.0545,0.9593,-0.2769,0.159,0.2821,0.9461,0.669,0.7326,-0.1252,-0.7377,0.634,-0.2321,-0.0907,0.2476,0.9646,0.0039,-0.005,0.0001,0.0,0.0,0.0,-0.1151,-0.0665,0.2067,11.4628,21.959,-90.1529,0.0,0.0435,-0.3716,0.0,0.0,0.0,4629045.8785,3807596.7902,3062181.0628,-2175.2253,-2843.1074,6815.5244,4629034.4157,3807574.8312,3062271.2157,-2175.1101,-2843.041,6815.3177,0.0,0.0765,3.9732,0.0,0.0,1.0,0.0,1.0,0.0,0.0,-4.1,-36.453,0.0,0.0,-1.0,-0.7071,0.7071,0.0,4.1114383128049,0.08612200647918046,-0.2852,1.3041220297507212,10.057690979610841,,
113.4632,56.993,3.142,-2.63,53.024,3.023,-2.467,-0.23,-0.019,0.085,-0.231,-0.006,0.068,-1.81,2.304,-2.814,0.0,-0.24,0.188,0.003,-0.004,0.0,871.829,-0.0,0.0,-0.0,0.0,0.0,0.0,0.0,0.0,0.9859,0.0077,-0.167,-0.0542,0.9595,-0.2763,0.1581,0.2815,0.9465,0.669,0.7326,-0.1252,-0.7377,0.634,-0.2321,-0.0907,0.2476,0.9646,0.0032,-0.0043,0.0001,0.0,0.0,0.0,-0.1152,-0.0665,0.2067,11.4395,21.9456,-90.1103,0.0,0.0435,-0.3716,0.0,0.0,0.0,4628599.2573,3807013.0991,3063579.9558,-2176.4673,-2844.129,6814.7025,4628587.8177,3806991.1536,3063670.0662,-2176.3522,-2844.0625,6814.4958,0.0,0.0765,3.9732,0.0,0.0,1.0,0.0,1.0,0.0,0.0,-4.1,-36.453,0.0,0.0,-1.0,-0.7071,0.7071,0.0,4.097446033811794,0.08709764635166671,-0.284965,1.3522961856656661,10.049403611517544,,
113.6663,56.947,3.138,-2.612,52.978,3.022,-2.453,-0.229,-0.019,0.085,-0.23,-0.009,0.071,-1.808,2.26,-2.781,0.0,-0.198,0.142,0.002,-0.004,0.0,871.75,-0.0,0.0,-0.0,0.0,0.0,0.0,0.0,0.0,0.9861,0.0078,-0.1662,-0.054,0.9597,-0.2758,0.1573,0.2809,0.9467,0.669,0.7326,-0.1252,-0.7377,0.634,-0.2321,-0.0907,0.2476,0.9646,0.0024,-0.0035,0.0001,0.0,0.0,0.0,-0.1152,-0.0665,0.2068,11.4164,21.9322,-90.0682,0.0,0.0435,-0.3715,0.0,0.0,0.0,4628156.6598,3806434.7893,3064965.2929,-2177.6973,-2845.1407,6813.8882,4628145.2433,3806412.8571,3065055.3611,-2177.5822,-2845.0742,6813.6814,0.0,0.0765,3.9732,0.0,0.0,1.0,0.0,1.0,0.0,0.0,-4.1,-36.453,0.0,0.0,-1.0,-0.7071,0.7071,0.0,4.082840677763461,0.08709764635166671,-0.284735,1.4022688090668252,10.041292570404956,,
113.8727,56.9,3.134,-2.595,52.931,3.02,-2.438,-0.229,-0.02,0.085,-0.23,-0.013,0.074,-1.806,2.223,-2.756,0.0,-0.159,0.099,0.002,-0.003,0.0,871.675,-0.0,0.0,-0.0,0.0,0.0,0.0,0.0,0.0,0.9862,0.0079,-0.1655,-0.0539,0.9598,-0.2754,0.1567,0.2805,0.947,0.669,0.7326,-0.1252,-0.7377,0.634,-0.2321,-0.0907,0.2476,0.9646,0.0016,-0.0028,0.0001,0.0,0.0,0.0,-0.1152,-0.0665,0.2068,11.3932,21.9188,-90.0259,0.0,0.0435,-0.3715,0.0,0.0,0.0,4627712.4858,3805854.5408,3066354.6109,-2178.9309,-2846.1552,6813.071,4627701.0927,3805832.622,3066444.6368,-2178.8157,-2846.0887,6812.8642,0.0,0.0765,3.9732,0.0,0.0,1.0,0.0,1.0,0.0,0.0,-4.1,-36.453,0.0,0.0,-1.0,-0.7071,0.7071,0.0,4.068904152225756,0.0873212459828649,-0.2845,1.4335452733664213,10.033005202311656,,
114.0734,56.853,3.13,-2.578,52.884,3.017,-2.423,-0.229,-0.02,0.085,-0.23,-0.016,0.072,-1.805,2.19,-2.741,-0.003,-0.188,0.054,0.001,-0.003,0.0,871.597,-0.0,0.0,-0.0,0.0,-0.479,0.0,0.0,0.0,0.9863,0.0079,-0.1649,-0.0537,0.9599,-0.2752,0.1561,0.2803,0.9471,0.669,0.7326,-0.1252,-0.7377,0.634,-0.2321,-0.0907,0.2476,0.9646,0.0008,-0.0033,0.0001,0.0,0.0,0.0,-0.1152,-0.0665,0.2068,11.37,21.9053,-89.9838,0.0,0.0435,-0.3715,0.0,0.0,0.0,4627269.3651,3805275.7893,3067739.6858,-2180.1608,-2847.1666,6812.2559,4627257.9951,3805253.884,3067829.6696,-2180.0456,-2847.1001,6812.0491,0.0,0.0765,3.9732,0.0,0.0,1.0,0.0,1.0,0.0,0.0,-4.1,-36.453,0.0,0.0,-1.0,-0.7071,0.7071,0.0,4.0549949445097955,0.0873212459828649,-0.284265,1.4496687034514133,10.02471783421836,,
114.2769,56.806,3.126,-2.56,52.837,3.013,-2.409,-0.229,-0.02,0.085,-0.23,-0.014,0.069,-1.803,2.147,-2.729,-0.002,-0.227,0.078,0.001,-0.004,0.0,871.521,-0.0,0.0,-0.0,0.35,-0.964,0.0,0.0,0.0,0.9864,0.008,-0.1642,-0.0535,0.9599,-0.2751,0.1554,0.2801,0.9473,0.669,0.7326,-0.1252,-0.7377,0.634,-0.2321,-0.0907,0.2476,0.9646,0.0012,-0.004,0.0001,0.0,0.0,0.0,-0.1152,-0.0667,0.2068,11.3467,21.8918,-89.9415,0.0,0.0435,-0.3715,0.0,0.0,0.0,4626824.3917,3804694.74,3069129.5994,-2181.395,-2848.1817,6811.4374,4626813.045,3804672.8482,3069219.541,-2181.2797,-2848.115,6811.2306,0.0,0.0765,3.9732,0.0,0.0,1.0,0.0,1.0,0.0,0.0,-4.1,-36.453,0.0,0.0,-1.0,-0.7071,0.7071,0.0,4.040479674494106,0.0873212459828649,-0.28403,1.4559123000541612,10.01643046612506,,
114.48,56.76,3.122,-2.543,52.79,3.011,-2.395,-0.23,-0.02,0.085,-0.23,-0.012,0.066,-1.801,2.098,-2.709,-0.001,-0.263,0.116,0.002,-0.005,0.0,871.451,-0.0,0.0,-0.0,0.559,-0.964,0.0,0.0,0.0,0.9865,0.008,-0.1633,-0.0533,0.96,-0.2748,0.1546,0.2798,0.9475,0.669,0.7326,-0.1252,-0.7377,0.634,-0.2321,-0.0907,0.2476,0.9646,0.0019,-0.0046,0.0001,0.0,0.0,0.0,-0.1152,-0.0668,0.2067,11.3237,21.8784,-89.8995,0.0,0.0435,-0.3715,0.0,0.0,0.0,4626381.8606,3804116.9998,3070510.9392,-2182.6216,-2849.1904,6810.6235,4626370.5369,3804095.1214,3070600.8387,-2182.5063,-2849.1236,6810.4168,0.0,0.0765,3.9732,0.0,0.0,1.0,0.0,1.0,0.0,0.0,-4.1,-36.453,0.0,0.0,-1.0,-0.7071,0.7071,0.0,4.026627993743649,0.0873212459828649,-0.2838,1.4912181129349145,10.008319425012472,,
114.6837,56.713,3.118,-2.526,52.743,3.009,-2.382,-0.23,-0.02,0.084,-0.231,-0.009,0.064,-1.799,2.04,-2.681,-0.004,-0.3,0.157,0.003,-0.005,0.0,871.376,-0.0,0.0,-0.0,0.585,-0.964,0.0,0.0,0.0,0.9867,0.0081,-0.1623,-0.0531,0.9601,-0.2744,0.1536,0.2794,0.9478,0.669,0.7326,-0.1252,-0.7377,0.634,-0.2321,-0.0907,0.2476,0.9646,0.0026,-0.0053,0.0001,0.0,0.0,0.0,-0.1153,-0.067,0.2067,11.3006,21.8649,-89.8574,0.0,0.0435,-0.3715,0.0,0.0,0.0,4625938.5406,3803538.3507,3071893.7983,-2183.8495,-2850.2003,6809.8082,4625927.24,3803516.4858,3071983.6557,-2183.7343,-2850.1333,6809.6015,0.0,0.0765,3.9732,0.0,0.0,1.0,0.0,1.0,0.0,0.0,-4.1,-36.453,0.0,0.0,-1.0,-0.7071,0.7071,0.0,4.0128045055796076,0.08634813257969162,-0.283565,1.5298448758403214,10.000032056919174,,
114.887,56.667,3.114,-2.509,52.697,3.007,-2.37,-0.23,-0.02,0.084,-0.231,-0.006,0.061,-1.797,1.976,-2.645,-0.003,-0.335,0.194,0.003,-0.006,0.0,871.307,-0.0,0.0,-0.0,0.585,-0.964,0.0,0.0,0.0,0.9869,0.0082,-0.1612,-0.0528,0.9603,-0.2739,0.1526,0.2789,0.9481,0.669,0.7326,-0.1252,-0.7377,0.634,-0.2321,-0.0907,0.2476,0.9646,0.0032,-0.0059,0.0001,0.0,0.0,0.0,-0.1153,-0.0672,0.2067,11.2779,21.8516,-89.8158,0.0,0.0435,-0.3714,0.0,0.0,0.0,4625500.2519,3802966.3866,3073260.0369,-2185.0628,-2851.198,6809.0023,4625488.974,3802944.535,3073349.8527,-2184.9475,-2851.1308,6808.7956,0.0,0.0765,3.9732,0.0,0.0,1.0,0.0,1.0,0.0,0.0,-4.1,-36.453,0.0,0.0,-1.0,-0.7071,0.7071,0.0,3.999009502364304,0.08634813257969162,-0.283335,1.573317939766768,9.991921015806586,,
115.0913,56.619,3.11,-2.492,52.649,3.006,-2.357,-0.23,-0.02,0.084,-0.231,-0.003,0.058,-1.794,1.903,-2.601,-0.002,-0.374,0.236,0.004,-0.007,0.0,871.23,-0.0,0.0,-0.0,0.324,-0.863,0.0,0.0,0.0,0.9871,0.0084,-0.1599,-0.0524,0.9605,-0.2733,0.1513,0.2782,0.9485,0.669,0.7326,-0.1252,-0.7377,0.634,-0.2321,-0.0907,0.2476,0.9646,0.0039,-0.0066,0.0001,0.0,0.0,0.0,-0.1153,-0.0674,0.2067,11.2544,21.8379,-89.7726,0.0,0.0435,-0.3714,0.0,0.0,0.0,4625045.6447,3802373.2512,3074676.1723,-2186.3204,-2852.232,6808.1665,4625034.3903,3802351.4134,3074765.9449,-2186.2051,-2852.1647,6807.9598,0.0,0.0765,3.9732,0.0,0.0,1.0,0.0,1.0,0.0,0.0,-4.1,-36.453,0.0,0.0,-1.0,-0.7071,0.7071,0.0,3.985243279901492,0.08634813257969162,-0.283095,1.6290308107605875,9.983457320732578,,
115.2952,56.573,3.106,-2.474,52.602,3.005,-2.346,-0.23,-0.02,0.084,-0.231,-0.006,0.058,-1.791,1.825,-2.555,-0.003,-0.374,0.202,0.003,-0.007,0.0,871.153,-0.0,0.0,-0.0,0.0,0.0,0.0,0.0,0.0,0.9873,0.0085,-0.1585,-0.0521,0.9607,-0.2726,0.15,0.2774,0.949,0.669,0.7326,-0.1252,-0.7377,0.634,-0.2321,-0.0907,0.2476,0.9646,0.0033,-0.0066,0.0001,0.0,0.0,0.0,-0.1153,-0.0674,0.2067,11.2316,21.8245,-89.7306,0.0,0.0435,-0.3714,0.0,0.0,0.0,4624603.0618,3801795.9258,3076053.9025,-2187.5439,-2853.2379,6807.3529,4624591.8302,3801774.1013,3076143.6331,-2187.4286,-2853.1705,6807.1462,0.0,0.0765,3.9732,0.0,0.0,1.0,0.0,1.0,0.0,0.0,-4.1,-36.453,0.0,0.0,-1.0,-0.7071,0.7071,0.0,3.970883025222476,0.08634813257969162,-0.282865,1.6998367455254288,9.97534627961999,,
115.4998,56.526,3.102,-2.457,52.555,3.004,-2.333,-0.23,-0.02,0.084,-0.231,-0.009,0.061,-1.788,1.752,-2.518,-0.002,-0.334,0.158,0.003,-0.006,0.0,871.077,-0.0,0.0,-0.0,0.0,0.0,0.0,0.0,0.0,0.9875,0.0087,-0.1573,-0.0518,0.9609,-0.2721,0.1488,0.2769,0.9493,0.669,0.7326,-0.1252,-0.7377,0.634,-0.2321,-0.0907,0.2476,0.9646,0.0026,-0.0059,0.0001,0.0,0.0,0.0,-0.1153,-0.0674,0.2067,11.2083,21.8108,-89.6879,0.0,0.0435,-0.3714,0.0,0.0,0.0,4624152.4974,3801208.3104,3077455.5178,-2188.7886,-2854.2612,6806.5247,4624141.2891,3801186.4996,3077545.2057,-2188.6733,-2854.1938,6806.318,0.0,0.0765,3.9732,0.0,0.0,1.0,0.0,1.0,0.0,0.0,-4.1,-36.453,0.0,0.0,-1.0,-0.7071,0.7071,0.0,3.9571774031498763,0.08634813257969162,-0.28263,1.757422922561206,9.967058911526692,,
115.7015,56.479,3.098,-2.44,52.508,3.002,-2.321,-0.23,-0.02,0.085,-0.23,-0.013,0.064,-1.786,1.69,-2.491,-0.002,-0.292,0.112,0.002,-0.005,0.0,870.998,-0.0,0.0,-0.0,0.0,0.0,0.0,0.0,0.0,0.9877,0.0088,-0.1562,-0.0515,0.961,-0.2718,0.1477,0.2765,0.9496,0.669,0.7326,-0.1252,-0.7377,0.634,-0.2321,-0.0907,0.2476,0.9646,0.0018,-0.0051,0.0001,0.0,0.0,0.0,-0.1153,-0.0674,0.2067,11.1855,21.7974,-89.6463,0.0,0.0435,-0.3714,0.0,0.0,0.0,4623712.7506,3800634.9231,3078822.5494,-2190.0027,-2855.2591,6805.7165,4623701.5651,3800613.1258,3078912.1957,-2189.8874,-2855.1917,6805.5098,0.0,0.0765,3.9732,0.0,0.0,1.0,0.0,1.0,0.0,0.0,-4.1,-36.453,0.0,0.0,-1.0,-0.7071,0.7071,0.0,3.943501489793049,0.0873212459828649,-0.282395,1.8065858720057009,9.958771543433393,,
115.9049,56.433,3.094,-2.423,52.462,2.999,-2.307,-0.23,-0.021,0.085,-0.23,-0.016,0.067,-1.784,1.634,-2.472,-0.001,-0.252,0.069,0.001,-0.004,0.0,870.923,-0.0,0.0,-0.0,0.0,0.0,0.0,0.0,0.0,0.9878,0.0088,-0.1552,-0.0512,0.9611,-0.2715,0.1468,0.2762,0.9498,0.669,0.7326,-0.1252,-0.7377,0.634,-0.2321,-0.0907,0.2476,0.9646,0.0011,-0.0044,0.0001,0.0,0.0,0.0,-0.1153,-0.0674,0.2067,11.1624,21.7837,-89.604,0.0,0.0435,-0.3714,0.0,0.0,0.0,4623266.019,3800052.548,3080210.3523,-2191.2352,-2856.2722,6804.8955,4623254.8567,3800030.7644,3080299.9563,-2191.1199,-2856.2048,6804.6888,0.0,0.0765,3.9732,0.0,0.0,1.0,0.0,1.0,0.0,0.0,-4.1,-36.453,0.0,0.0,-1.0,-0.7071,0.7071,0.0,3.929855595311359,0.08755569655939013,-0.282165,1.8308823912685426,9.950660502320805,,
116.1097,56.386,3.089,-2.406,52.414,2.995,-2.293,-0.23,-0.021,0.085,-0.23,-0.019,0.071,-1.782,1.587,-2.463,-0.001,-0.209,0.022,0.0,-0.004,0.0,870.843,-0.0,0.0,-0.0,0.0,0.0,0.0,0.0,0.0,0.988,0.0089,-0.1544,-0.051,0.9611,-0.2714,0.146,0.2761,0.95,0.669,0.7326,-0.1252,-0.7377,0.634,-0.2321,-0.0907,0.2476,0.9646,0.0003,-0.0037,0.0001,0.0,0.0,0.0,-0.1154,-0.0674,0.2067,11.139,21.7699,-89.5616,0.0,0.0435,-0.3713,0.0,0.0,0.0,4622816.6084,3799466.8027,3081605.522,-2192.4743,-2857.2907,6804.0698,4622805.4694,3799445.0328,3081695.0835,-2192.359,-2857.2232,6803.863,0.0,0.0765,3.9732,0.0,0.0,1.0,0.0,1.0,0.0,0.0,-4.1,-36.453,0.0,0.0,-1.0,-0.7071,0.7071,0.0,3.9154510595843237,0.08755569655939013,-0.28193,1.8551360072166998,9.942373134227507,,
116.3111,56.339,3.085,-2.388,52.368,2.991,-2.279,-0.23,-0.021,0.085,-0.23,-0.02,0.074,-1.78,1.55,-2.46,0.001,-0.164,0.012,0.0,-0.003,0.0,870.805,-0.0,0.0,-0.0,0.0,0.0,0.0,0.0,0.0,0.9881,0.0089,-0.1537,-0.0509,0.9611,-0.2715,0.1453,0.276,0.9501,0.669,0.7326,-0.1252,-0.7377,0.634,-0.2321,-0.0907,0.2476,0.9646,0.0001,-0.0029,0.0001,0.0,0.0,0.0,-0.1154,-0.0675,0.2067,11.1161,21.7563,-89.52,0.0,0.0435,-0.3713,0.0,0.0,0.0,4622375.9966,3798892.6439,3082972.4462,-2193.6884,-2858.2885,6803.2603,4622364.8805,3798870.8876,3083061.9662,-2193.573,-2858.221,6803.0535,0.0,0.0765,3.9732,0.0,0.0,1.0,0.0,1.0,0.0,0.0,-4.1,-36.453,0.0,0.0,-1.0,-0.7071,0.7071,0.0,3.901252234859981,0.08755569655939013,-0.281695,1.871218103846268,9.934085766134208,,
116.5161,56.292,3.081,-2.371,52.321,2.987,-2.263,-0.23,-0.021,0.086,-0.23,-0.02,0.077,-1.779,1.52,-2.458,0.003,-0.12,0.011,0.0,-0.002,0.0,870.778,-0.0,0.0,-0.0,0.0,0.0,0.0,0.0,0.0,0.9882,0.0089,-0.1532,-0.0508,0.9611,-0.2715,0.1448,0.276,0.9502,0.669,0.7326,-0.1252,-0.7377,0.634,-0.2321,-0.0907,0.2476,0.9646,0.0001,-0.0021,0.0001,0.0,0.0,0.0,-0.1154,-0.0675,0.2068,11.0927,21.7425,-89.4776,0.0,0.0435,-0.3713,0.0,0.0,0.0,4621926.966,3798307.6355,3084364.5434,-2194.9249,-2859.3046,6802.4354,4621915.8734,3798285.893,3084454.021,-2194.8095,-2859.2372,6802.2286,0.0,0.0765,3.9732,0.0,0.0,1.0,0.0,1.0,0.0,0.0,-4.1,-36.453,0.0,0.0,-1.0,-0.7071,0.7071,0.0,3.8876988052059795,0.08852683209061532,-0.28146,1.8698459348258267,9.92579839804091,,
116.7182,56.246,3.077,-2.354,52.275,2.983,-2.247,-0.23,-0.021,0.086,-0.23,-0.02,0.081,-1.777,1.501,-2.456,0.005,-0.073,0.009,0.0,-0.001,0.0,870.75,-0.0,0.0,-0.0,0.0,0.0,0.0,0.0,0.0,0.9882,0.009,-0.1529,-0.0507,0.9611,-0.2714,0.1445,0.276,0.9502,0.669,0.7326,-0.1252,-0.7377,0.634,-0.2321,-0.0907,0.2476,0.9646,0.0001,-0.0013,0.0001,0.0,0.0,0.0,-0.1154,-0.0675,0.2068,11.0694,21.7289,-89.4357,0.0,0.0435,-0.3713,0.0,0.0,0.0,4621482.2681,3797728.3918,3085742.2697,-2196.1486,-2860.3103,6801.6185,4621471.1987,3797706.663,3085831.7054,-2196.0332,-2860.2428,6801.4117,0.0,0.0765,3.9732,0.0,0.0,1.0,0.0,1.0,0.0,0.0,-4.1,-36.453,0.0,0.0,-1.0,-0.7071,0.7071,0.0,3.8741766867297107,0.08852683209061532,-0.28123000000000004,1.8683947272068477,9.91768735692832,,
116.9239,56.199,3.072,-2.336,52.227,2.979,-2.23,-0.23,-0.021,0.086,-0.23,-0.021,0.084,-1.776,1.491,-2.454,0.006,-0.028,0.008,0.0,-0.0,0.0,870.723,-0.0,0.0,-0.0,0.0,0.0,0.0,0.0,0.0,0.9882,0.009,-0.1527,-0.0507,0.9611,-0.2714,0.1443,0.276,0.9503,0.669,0.7326,-0.1252,-0.7377,0.634,-0.2321,-0.0907,0.2476,0.9646,0.0001,-0.0005,0.0001,0.0,0.0,0.0,-0.1154,-0.0675,0.2068,11.0458,21.715,-89.3933,0.0,0.0435,-0.3713,0.0,0.0,0.0,4621031.8585,3797141.8298,3087136.7399,-2197.3872,-2861.3281,6800.7913,4621020.8127,3797120.1148,3087226.1332,-2197.2718,-2861.2606,6800.5845,0.0,0.0765,3.9732,0.0,0.0,1.0,0.0,1.0,0.0,0.0,-4.1,-36.453,0.0,0.0,-1.0,-0.7071,0.7071,0.0,3.85928490785534,0.08852683209061532,-0.280995,1.8802778887214744,9.909399988835023,,
117.1316,56.151,3.068,-2.318,52.18,2.974,-2.212,-0.23,-0.022,0.086,-0.23,-0.021,0.086,-1.774,1.489,-2.453,0.007,-0.006,0.007,0.0,-0.0,0.0,870.707,-0.0,-1.0,-0.0,0.0,0.0,0.0,0.0,0.0,0.9882,0.009,-0.1527,-0.0507,0.9611,-0.2714,0.1443,0.276,0.9503,0.669,0.7326,-0.1252,-0.7377,0.634,-0.2321,-0.0907,0.2476,0.9646,0.0001,-0.0001,0.0001,0.0,0.0,0.0,-0.1154,-0.0681,0.2066,11.0218,21.701,-89.3502,0.0,0.0435,-0.3713,0.0,0.0,0.0,4620573.8635,3796545.5146,3088553.716,-2198.6458,-2862.3629,6799.95,4620562.8417,3796523.8136,3088643.0662,-2198.5304,-2862.2947,6799.7434,0.0,0.0765,3.9732,0.0,0.0,1.0,0.0,1.0,0.0,0.0,-4.1,-36.453,0.0,0.0,-1.0,-0.7071,0.7071,0.0,3.8452240506893745,0.08876936408468858,-0.28075500000000003,1.8576375251938275,9.900936293761017,,
117.3352,56.104,3.063,-2.3,52.133,2.969,-2.195,-0.229,-0.03,0.086,-0.229,-0.029,0.086,-1.772,1.487,-2.451,0.007,-0.006,0.008,0.0,-0.0,0.0,870.678,-0.0,-1.0,-0.0,0.0,0.0,0.0,0.0,0.0,0.9882,0.0091,-0.1527,-0.0507,0.9611,-0.2714,0.1443,0.2759,0.9503,0.669,0.7326,-0.1252,-0.7377,0.634,-0.2321,-0.0907,0.2476,0.9646,0.0001,-0.0001,0.0001,0.0,0.0,0.0,-0.1155,-0.0757,0.2045,10.9983,21.6864,-89.3085,0.0,0.0435,-0.3713,0.0,0.0,0.0,4620127.0496,3795963.878,3089935.1484,-2199.873,-2863.3787,6799.1274,4620116.0513,3795942.1916,3090024.4569,-2199.7575,-2863.303,6798.9229,0.0,0.0765,3.9732,0.0,0.0,1.0,0.0,1.0,0.0,0.0,-4.1,-36.453,0.0,0.0,-1.0,-0.7071,0.7071,0.0,3.830400631787751,0.0910823802938856,-0.28052,1.854858641045867,9.89264892566772,,
117.5356,56.058,3.056,-2.283,52.087,2.962,-2.178,-0.229,-0.037,0.086,-0.229,-0.037,0.086,-1.771,1.486,-2.45,0.007,-0.006,0.005,0.0,-0.0,0.0,870.646,-0.0,-1.0,-0.0,0.0,0.0,0.0,0.0,0.0,0.9882,0.0091,-0.1526,-0.0507,0.9611,-0.2714,0.1442,0.2759,0.9503,0.669,0.7326,-0.1252,-0.7377,0.634,-0.2321,-0.0907,0.2476,0.9646,0.0001,-0.0001,0.0001,0.0,0.0,0.0,-0.1156,-0.0832,0.2024,10.9751,21.6704,-89.2676,0.0,0.0435,-0.3713,0.0,0.0,0.0,4619684.9264,3795388.463,3091301.1557,-2201.0865,-2864.383,6798.3135,4619673.9513,3795366.7926,3091390.4232,-2200.9709,-2864.2999,6798.1111,0.0,0.0765,3.9732,0.0,0.0,1.0,0.0,1.0,0.0,0.0,-4.1,-36.453,0.0,0.0,-1.0,-0.7071,0.7071,0.0,3.814606794939683,0.09362157870918433,-0.28029,1.8443775279918166,9.88453788455513,,
117.746,56.011,3.047,-2.265,52.039,2.954,-2.16,-0.229,-0.044,0.086,-0.229,-0.044,0.085,-1.769,1.485,-2.448,0.007,-0.006,0.006,0.0,-0.0,0.0,870.619,-0.0,0.0,-0.0,0.0,0.0,0.0,0.0,0.0,0.9882,0.0091,-0.1526,-0.0508,0.9611,-0.2713,0.1442,0.2759,0.9503,0.669,0.7326,-0.1252,-0.7377,0.634,-0.2321,-0.0907,0.2476,0.9646,0.0001,-0.0001,0.0001,0.0,0.0,0.0,-0.1157,-0.0898,0.2005,10.9511,21.6524,-89.2258,0.0,0.0435,-0.3713,0.0,0.0,0.0,4619228.1922,3794794.1536,3092711.3444,-2202.3392,-2865.4189,6797.4731,4619217.2411,3794772.5012,3092800.5702,-2202.2236,-2865.329,6797.2726,0.0,0.0765,3.9732,0.0,0.0,1.0,0.0,1.0,0.0,0.0,-4.1,-36.453,0.0,0.0,-1.0,-0.7071,0.7071,0.0,3.7966345623459734,0.09660227740586656,-0.280055,1.8464967282568914,9.876250516461832,,
117.9518,55.964,3.038,-2.248,51.992,2.945,-2.142,-0.229,-0.044,0.086,-0.229,-0.044,0.085,-1.768,1.484,-2.447,0.007,-0.006,0.006,0.0,-0.0,0.0,870.619,-0.0,0.0,-0.0,0.0,0.0,0.0,0.0,0.0,0.9882,0.0091,-0.1526,-0.0508,0.9611,-0.2713,0.1442,0.2759,0.9503,0.669,0.7326,-0.1252,-0.7377,0.634,-0.2321,-0.0907,0.2476,0.9646,0.0001,-0.0001,0.0001,0.0,0.0,0.0,-0.1157,-0.0899,0.2005,10.9273,21.6339,-89.1845,0.0,0.0435,-0.3713,0.0,0.0,0.0,4618774.4465,3794203.856,3094111.34,-2203.5829,-2866.4405,6796.6402,4618763.5192,3794182.2222,3094200.5245,-2203.4672,-2866.3507,6796.4397,0.0,0.0765,3.9732,0.0,0.0,1.0,0.0,1.0,0.0,0.0,-4.1,-36.453,0.0,0.0,-1.0,-0.7071,0.7071,0.0,3.779278767172382,0.09660227740586656,-0.27982,1.8285462835562432,9.867963148368533,,
118.1536,55.918,3.029,-2.23,51.946,2.936,-2.125,-0.229,-0.044,0.086,-0.229,-0.044,0.085,-1.766,1.483,-2.446,0.007,-0.006,0.006,0.0,-0.0,0.0,870.619,-0.0,0.0,-0.0,0.0,0.0,0.0,0.0,0.0,0.9883,0.0092,-0.1526,-0.0508,0.9612,-0.2713,0.1442,0.2759,0.9503,0.669,0.7326,-0.1252,-0.7377,0.634,-0.2321,-0.0907,0.2476,0.9646,0.0001,-0.0001,0.0001,0.0,0.0,0.0,-0.1157,-0.0899,0.2005,10.9039,21.6157,-89.144,0.0,0.0435,-0.3713,0.0,0.0,0.0,4618328.674,3793624.0503,3095485.7985,-2204.8039,-2867.4435,6795.822,4618317.7701,3793602.4346,3095574.9425,-2204.6882,-2867.3537,6795.6215,0.0,0.0765,3.9732,0.0,0.0,1.0,0.0,1.0,0.0,0.0,-4.1,-36.453,0.0,0.0,-1.0,-0.7071,0.7071,0.0,3.7613482954919237,0.09660227740586656,-0.27959,1.8218157328804994,9.859852107255945,,
118.3601,55.87,3.02,-2.212,51.899,2.927,-2.107,-0.229,-0.044,0.086,-0.229,-0.044,0.085,-1.765,1.481,-2.445,0.007,-0.006,0.006,0.0,-0.0,0.0,870.619,-0.0,0.0,-0.0,0.0,0.0,0.0,0.0,0.0,0.9883,0.0092,-0.1525,-0.0508,0.9612,-0.2713,0.1441,0.2759,0.9503,0.669,0.7326,-0.1252,-0.7377,0.634,-0.2321,-0.0907,0.2476,0.9646,0.0001,-0.0001,0.0001,0.0,0.0,0.0,-0.1157,-0.0899,0.2005,10.88,21.5971,-89.1025,0.0,0.0435,-0.3713,0.0,0.0,0.0,4617872.5252,3793030.8703,3096891.292,-2206.0526,-2868.4692,6794.9849,4617861.6452,3793009.2732,3096980.3945,-2205.9368,-2868.3793,6794.7844,0.0,0.0765,3.9732,0.0,0.0,1.0,0.0,1.0,0.0,0.0,-4.1,-36.453,0.0,0.0,-1.0,-0.7071,0.7071,0.0,3.7434401290791337,0.09660227740586656,-0.27935,1.808961913727305,9.851388412181938,,
118.5687,55.822,3.011,-2.195,51.851,2.918,-2.09,-0.229,-0.044,0.082,-0.229,-0.044,0.082,-1.763,1.48,-2.443,0.007,-0.006,0.006,0.0,-0.0,0.0,870.604,-1.0,0.0,-0.0,0.0,0.0,0.0,0.0,0.0,0.9883,0.0092,-0.1525,-0.0508,0.9612,-0.2713,0.1441,0.2758,0.9503,0.669,0.7326,-0.1252,-0.7377,0.634,-0.2321,-0.0907,0.2476,0.9646,0.0001,-0.0001,0.0001,0.0,0.0,0.0,-0.1119,-0.0901,0.2011,10.8559,21.5783,-89.0604,0.0,0.0435,-0.3713,0.0,0.0,0.0,4617409.4621,3792428.8258,3098317.1007,-2207.3154,-2869.5098,6794.1357,4617398.6062,3792407.2475,3098406.1611,-2207.2035,-2869.4197,6793.9346,0.0,0.0765,3.9732,0.0,0.0,1.0,0.0,1.0,0.0,0.0,-4.1,-36.453,0.0,0.0,-1.0,-0.7071,0.7071,0.0,3.72614358284809,0.09305912099305474,-0.27911,1.7970722571381963,9.842924717107932,,
118.773,55.775,3.002,-2.179,51.804,2.909,-2.074,-0.229,-0.044,0.075,-0.229,-0.044,0.075,-1.761,1.479,-2.442,0.008,-0.006,0.006,0.0,-0.0,0.0,870.577,-1.0,0.0,-0.0,0.0,0.0,0.0,0.0,0.0,0.9883,0.0093,-0.1525,-0.0509,0.9612,-0.2712,0.1441,0.2758,0.9504,0.669,0.7326,-0.1252,-0.7377,0.634,-0.2321,-0.0907,0.2476,0.9646,0.0001,-0.0001,0.0001,0.0,0.0,0.0,-0.1052,-0.0905,0.2021,10.8337,21.5598,-89.0191,0.0,0.0435,-0.3713,0.0,0.0,0.0,4616957.12,3791840.8409,3099708.9409,-2208.5453,-2870.5257,6793.3067,4616946.2863,3791819.2812,3099797.96,-2208.44,-2870.4352,6793.1046,0.0,0.0765,3.9732,0.0,0.0,1.0,0.0,1.0,0.0,0.0,-4.1,-36.453,0.0,0.0,-1.0,-0.7071,0.7071,0.0,3.7094534637868146,0.08695401083331349,-0.278875,1.7855452122245696,9.834637349014633,,
118.9741,55.729,2.993,-2.164,51.758,2.9,-2.059,-0.229,-0.044,0.069,-0.229,-0.043,0.068,-1.76,1.478,-2.441,0.008,-0.006,0.006,0.0,-0.0,0.0,870.551,-1.0,0.0,-0.0,0.0,0.0,0.0,0.0,0.0,0.9883,0.0093,-0.1525,-0.0509,0.9612,-0.2712,0.144,0.2758,0.9504,0.669,0.7326,-0.1252,-0.7377,0.634,-0.2321,-0.0907,0.2476,0.9646,0.0001,-0.0001,0.0001,0.0,0.0,0.0,-0.0986,-0.0908,0.2031,10.8131,21.5414,-88.9781,0.0,0.0435,-0.3713,0.0,0.0,0.0,4616510.5005,3791260.4115,3101082.2463,-2209.7588,-2871.5281,6792.4883,4616499.6874,3791238.87,3101171.2244,-2209.6601,-2871.4373,6792.2853,0.0,0.0765,3.9732,0.0,0.0,1.0,0.0,1.0,0.0,0.0,-4.1,-36.453,0.0,0.0,-1.0,-0.7071,0.7071,0.0,3.693364996855848,0.08183520025025906,-0.278645,1.774365937197624,9.826526307902045,,
119.1787,55.682,2.984,-2.151,51.711,2.891,-2.046,-0.23,-0.044,0.062,-0.23,-0.043,0.061,-1.758,1.477,-2.44,0.008,-0.006,0.006,0.0,-0.0,0.0,870.524,-1.0,0.0,-0.0,0.0,0.0,0.0,0.0,0.0,0.9883,0.0093,-0.1525,-0.0509,0.9612,-0.2712,0.144,0.2758,0.9504,0.669,0.7326,-0.1252,-0.7377,0.634,-0.2321,-0.0907,0.2476,0.9646,0.0001,-0.0001,0.0001,0.0,0.0,0.0,-0.092,-0.0912,0.2041,10.7937,21.523,-88.9368,0.0,0.0435,-0.3713,0.0,0.0,0.0,4616061.6751,3790677.2323,3102461.4086,-2210.9775,-2872.5347,6791.666,4616050.8814,3790655.7093,3102550.3454,-2210.8855,-2872.4435,6791.4619,0.0,0.0765,3.9732,0.0,0.0,1.0,0.0,1.0,0.0,0.0,-4.1,-36.453,0.0,0.0,-1.0,-0.7071,0.7071,0.0,3.6784585086690864,0.07602631123499284,-0.27841,1.7640036929824783,9.818238939808747,,
119.38,55.636,2.975,-2.139,51.665,2.882,-2.034,-0.23,-0.044,0.055,-0.23,-0.043,0.055,-1.757,1.476,-2.438,0.008,-0.005,0.006,0.0,-0.0,0.0,870.498,-1.0,0.0,-0.0,0.0,0.0,0.0,0.0,0.0,0.9883,0.0094,-0.1524,-0.0509,0.9612,-0.2712,0.144,0.2758,0.9504,0.669,0.7326,-0.1252,-0.7377,0.634,-0.2321,-0.0907,0.2476,0.9646,0.0001,-0.0001,0.0001,0.0,0.0,0.0,-0.0854,-0.0915,0.205,10.7758,21.5046,-88.8955,0.0,0.0435,-0.3712,0.0,0.0,0.0,4615615.4435,3790097.5392,3103831.682,-2212.1883,-2873.5348,6790.8484,4615604.6677,3790076.0346,3103920.5776,-2212.1029,-2873.4433,6790.6434,0.0,0.0765,3.9732,0.0,0.0,1.0,0.0,1.0,0.0,0.0,-4.1,-36.453,0.0,0.0,-1.0,-0.7071,0.7071,0.0,3.6641432832246066,0.07043436661176133,-0.27818000000000004,1.7539529330985117,9.810127898696157,,
119.5826,55.589,2.966,-2.128,51.618,2.874,-2.024,-0.23,-0.043,0.048,-0.23,-0.043,0.048,-1.755,1.475,-2.437,0.008,-0.005,0.006,0.0,-0.0,0.0,870.471,-1.0,0.0,-0.0,0.0,0.0,0.0,0.0,0.0,0.9883,0.0094,-0.1524,-0.0509,0.9612,-0.2712,0.144,0.2758,0.9504,0.669,0.7326,-0.1252,-0.7377,0.634,-0.2321,-0.0907,0.2476,0.9646,0.0001,-0.0001,0.0001,0.0,0.0,0.0,-0.0787,-0.0919,0.206,10.7592,21.486,-88.8539,0.0,0.0435,-0.3712,0.0,0.0,0.0,4615166.8804,3789514.9342,3105208.1938,-2213.4047,-2874.5394,6790.0267,4615156.1212,3789493.4483,3105297.0476,-2213.326,-2874.4475,6789.8207,0.0,0.0765,3.9732,0.0,0.0,1.0,0.0,1.0,0.0,0.0,-4.1,-36.453,0.0,0.0,-1.0,-0.7071,0.7071,0.0,3.6504164146025864,0.06444377394287208,-0.277945,1.7641003235107526,9.80184053060286,,
119.7863,55.543,2.957,-2.119,51.572,2.865,-2.015,-0.23,-0.043,0.045,-0.23,-0.043,0.045,-1.754,1.474,-2.436,0.004,-0.005,0.006,0.0,-0.0,0.0,870.456,-0.0,0.0,-0.0,0.0,0.0,0.0,0.0,0.0,0.9883,0.0094,-0.1524,-0.051,0.9612,-0.2712,0.1439,0.2757,0.9504,0.669,0.7326,-0.1252,-0.7377,0.634,-0.2321,-0.0907,0.2476,0.9646,0.0001,-0.0001,0.0001,0.0,0.0,0.0,-0.0753,-0.0921,0.2065,10.744,21.4675,-88.8124,0.0,0.0435,-0.3712,0.0,0.0,0.0,4614722.3365,3788937.6642,3106571.4609,-2214.6126,-2875.5342,6789.212,4614711.5925,3788916.1967,3106660.2733,-2214.5373,-2875.4421,6789.0055,0.0,0.0765,3.9732,0.0,0.0,1.0,0.0,1.0,0.0,0.0,-4.1,-36.453,0.0,0.0,-1.0,-0.7071,0.7071,0.0,3.637857886174225,0.062241465278381744,-0.277715,1.7550894747559134,9.79372948949027,,
119.9923,55.496,2.949,-2.11,51.524,2.856,-2.006,-0.23,-0.043,0.045,-0.23,-0.043,0.045,-1.753,1.473,-2.435,0.004,-0.005,0.006,0.0,-0.0,0.0,870.456,-0.0,0.0,-0.0,0.0,0.0,0.0,0.0,0.0,0.9883,0.0094,-0.1524,-0.051,0.9612,-0.2711,0.1439,0.2757,0.9504,0.669,0.7326,-0.1252,-0.7377,0.634,-0.2321,-0.0907,0.2476,0.9646,0.0001,-0.0001,0.0001,0.0,0.0,0.0,-0.0753,-0.0921,0.2066,10.7284,21.4485,-88.7697,0.0,0.0435,-0.3712,0.0,0.0,0.0,4614264.7202,3788343.5399,3107973.8675,-2215.8587,-2876.5573,6788.3729,4614253.9919,3788322.0914,3108062.6373,-2215.7834,-2876.4652,6788.1663,0.0,0.0765,3.9732,0.0,0.0,1.0,0.0,1.0,0.0,0.0,-4.1,-36.453,0.0,0.0,-1.0,-0.7071,0.7071,0.0,3.626113759936387,0.062241465278381744,-0.27748,1.7330819911695636,9.785442121396972,,
120.193,55.449,2.94,-2.101,51.478,2.848,-1.997,-0.23,-0.043,0.045,-0.23,-0.043,0.045,-1.752,1.472,-2.434,0.004,-0.005,0.006,0.0,-0.0,0.0,870.456,-0.0,0.0,-0.0,0.0,0.0,0.0,0.0,0.0,0.9883,0.0094,-0.1524,-0.051,0.9612,-0.2711,0.1439,0.2757,0.9504,0.669,0.7326,-0.1252,-0.7377,0.634,-0.2321,-0.0907,0.2476,0.9646,0.0001,-0.0001,0.0001,0.0,0.0,0.0,-0.0753,-0.0921,0.2066,10.7133,21.43,-88.7282,0.0,0.0435,-0.3712,0.0,0.0,0.0,4613818.6996,3787764.5886,3109339.8137,-2217.0724,-2877.5537,6787.5551,4613807.9863,3787743.1586,3109428.5419,-2216.9971,-2877.4616,6787.3486,0.0,0.0765,3.9732,0.0,0.0,1.0,0.0,1.0,0.0,0.0,-4.1,-36.453,0.0,0.0,-1.0,-0.7071,0.7071,0.0,3.6135579419735335,0.062241465278381744,-0.27724499999999996,1.7381679696627206,9.777154753303675,,
120.4001,55.401,2.93,-2.092,51.43,2.838,-1.987,-0.23,-0.05,0.045,-0.23,-0.049,0.044,-1.751,1.471,-2.433,0.004,-0.005,0.006,0.0,-0.0,0.0,870.433,-0.0,-1.0,-0.0,0.0,0.0,0.0,0.0,0.0,0.9883,0.0095,-0.1524,-0.051,0.9612,-0.2711,0.1439,0.2757,0.9504,0.669,0.7326,-0.1252,-0.7377,0.634,-0.2321,-0.0907,0.2476,0.9646,0.0001,-0.0001,0.0001,0.0,0.0,0.0,-0.0754,-0.0982,0.2048,10.6975,21.4103,-88.6852,0.0,0.0435,-0.3712,0.0,0.0,0.0,4613355.5993,3787163.5897,3110757.1011,-2218.3319,-2878.5937,6786.7044,4613344.9018,3787142.1794,3110845.7862,-2218.2565,-2878.4955,6786.4996,0.0,0.0765,3.9732,0.0,0.0,1.0,0.0,1.0,0.0,0.0,-4.1,-36.453,0.0,0.0,-1.0,-0.7071,0.7071,0.0,3.600189439460096,0.06726812023536856,-0.277005,1.7232465468152791,9.768691058229669,,
120.613,55.353,2.919,-2.082,51.381,2.827,-1.978,-0.23,-0.058,0.045,-0.23,-0.057,0.044,-1.751,1.47,-2.431,0.004,-0.005,0.007,0.0,-0.0,0.0,870.401,-0.0,-1.0,-0.0,0.0,0.0,0.0,0.0,0.0,0.9883,0.0095,-0.1523,-0.051,0.9612,-0.2711,0.1439,0.2757,0.9504,0.669,0.7326,-0.1252,-0.7377,0.634,-0.2321,-0.0907,0.2476,0.9646,0.0001,-0.0001,0.0001,0.0,0.0,0.0,-0.0755,-0.1061,0.2026,10.6815,21.3886,-88.6419,0.0,0.0435,-0.3712,0.0,0.0,0.0,4612884.7663,3786552.6821,3112197.0476,-2219.6116,-2879.652,6785.8391,4612874.0848,3786531.2935,3112285.6895,-2219.5361,-2879.5459,6785.6365,0.0,0.0765,3.9732,0.0,0.0,1.0,0.0,1.0,0.0,0.0,-4.1,-36.453,0.0,0.0,-1.0,-0.7071,0.7071,0.0,3.5854267528426793,0.07340980860893181,-0.276765,1.7176011417626718,9.760227363155662,,
120.8166,55.306,2.906,-2.073,51.335,2.814,-1.969,-0.229,-0.066,0.044,-0.229,-0.065,0.044,-1.75,1.469,-2.43,0.004,-0.005,0.007,0.0,-0.0,0.0,870.372,-0.0,-1.0,-0.0,0.0,0.0,0.0,0.0,0.0,0.9883,0.0095,-0.1523,-0.051,0.9612,-0.2711,0.1438,0.2756,0.9504,0.669,0.7326,-0.1252,-0.7377,0.634,-0.2321,-0.0907,0.2476,0.9646,0.0001,-0.0001,0.0001,0.0,0.0,0.0,-0.0756,-0.1138,0.2004,10.6661,21.3662,-88.6009,0.0,0.0435,-0.3712,0.0,0.0,0.0,4612432.8846,3785966.4844,3113578.083,-2220.8389,-2880.667,6785.0087,4612422.2184,3785945.1182,3113666.6839,-2220.7633,-2880.5533,6784.8083,0.0,0.0765,3.9732,0.0,0.0,1.0,0.0,1.0,0.0,0.0,-4.1,-36.453,0.0,0.0,-1.0,-0.7071,0.7071,0.0,3.5696169262261184,0.07932212806020777,-0.27653,1.7042016992957458,9.751939995062363,,
121.0179,55.26,2.892,-2.064,51.288,2.8,-1.96,-0.229,-0.074,0.044,-0.229,-0.073,0.044,-1.749,1.468,-2.428,0.004,-0.005,0.007,0.0,-0.0,0.0,870.342,-0.0,-1.0,-0.0,0.0,0.0,0.0,0.0,0.0,0.9883,0.0095,-0.1523,-0.051,0.9612,-0.271,0.1438,0.2756,0.9504,0.669,0.7326,-0.1252,-0.7377,0.634,-0.2321,-0.0907,0.2476,0.9646,0.0001,-0.0001,0.0001,0.0,0.0,0.0,-0.0757,-0.1214,0.1983,10.6508,21.3424,-88.5605,0.0,0.0435,-0.3712,0.0,0.0,0.0,4611982.0137,3785381.7146,3114955.0998,-2222.0627,-2881.679,6784.1802,4611971.3629,3785360.3723,3115043.6603,-2221.987,-2881.5577,6783.982,0.0,0.0765,3.9732,0.0,0.0,1.0,0.0,1.0,0.0,0.0,-4.1,-36.453,0.0,0.0,-1.0,-0.7071,0.7071,0.0,3.55299310441211,0.08609297300012353,-0.2763,1.6907414192629626,9.743828953949775,,
121.233,55.211,2.876,-2.055,51.24,2.784,-1.951,-0.229,-0.079,0.044,-0.229,-0.078,0.044,-1.748,1.467,-2.427,0.004,-0.005,0.008,0.0,-0.0,0.0,870.322,-0.0,0.0,-0.0,0.0,0.0,0.0,0.0,0.0,0.9883,0.0095,-0.1523,-0.051,0.9612,-0.271,0.1438,0.2756,0.9505,0.669,0.7326,-0.1252,-0.7377,0.634,-0.2321,-0.0907,0.2476,0.9646,0.0001,-0.0001,0.0001,0.0,0.0,0.0,-0.0757,-0.1264,0.1968,10.6347,21.3159,-88.5187,0.0,0.0435,-0.3712,0.0,0.0,0.0,4611511.1047,3784771.0805,3116392.3277,-2223.34,-2882.7323,6783.3159,4611500.4699,3784749.7646,3116480.8463,-2223.2642,-2882.6059,6783.1191,0.0,0.0765,3.9732,0.0,0.0,1.0,0.0,1.0,0.0,0.0,-4.1,-36.453,0.0,0.0,-1.0,-0.7071,0.7071,0.0,3.5347419990715023,0.0904267659490264,-0.276055,1.674473642388787,9.73518893189506,,
121.4387,55.164,2.86,-2.046,51.193,2.768,-1.942,-0.229,-0.079,0.044,-0.229,-0.078,0.044,-1.747,1.466,-2.425,0.004,-0.005,0.008,0.0,-0.0,0.0,870.322,-0.0,0.0,-0.0,0.0,0.0,0.0,0.0,0.0,0.9883,0.0095,-0.1523,-0.051,0.9612,-0.271,0.1438,0.2756,0.9505,0.669,0.7326,-0.1252,-0.7377,0.634,-0.2321,-0.0907,0.2476,0.9646,0.0001,-0.0001,0.0001,0.0,0.0,0.0,-0.0757,-0.1264,0.1968,10.6192,21.2899,-88.4782,0.0,0.0435,-0.3712,0.0,0.0,0.0,4611053.6972,3784178.0777,3117787.3834,-2224.5798,-2883.7498,6782.4778,4611043.078,3784156.7878,3117875.8616,-2224.504,-2883.6234,6782.281,0.0,0.0765,3.9732,0.0,0.0,1.0,0.0,1.0,0.0,0.0,-4.1,-36.453,0.0,0.0,-1.0,-0.7071,0.7071,0.0,3.5164920019815202,0.0904267659490264,-0.27582,1.6585578474776292,9.726901563801762,,
121.6432,55.117,2.843,-2.037,51.146,2.752,-1.933,-0.229,-0.079,0.044,-0.229,-0.078,0.044,-1.747,1.465,-2.423,0.004,-0.005,0.008,0.0,-0.0,0.0,870.322,-0.0,0.0,-0.0,0.0,0.0,0.0,0.0,0.0,0.9883,0.0096,-0.1523,-0.051,0.9612,-0.271,0.1438,0.2756,0.9505,0.669,0.7326,-0.1252,-0.7377,0.634,-0.2321,-0.0907,0.2476,0.9646,0.0001,-0.0001,0.0001,0.0,0.0,0.0,-0.0758,-0.1264,0.1969,10.6036,21.264,-88.4378,0.0,0.0435,-0.3712,0.0,0.0,0.0,4610597.6523,3783586.9611,3119177.3383,-2225.8151,-2884.7636,6781.6423,4610587.0487,3783565.6971,3119265.7761,-2225.7393,-2884.6372,6781.4455,0.0,0.0765,3.9732,0.0,0.0,1.0,0.0,1.0,0.0,0.0,-4.1,-36.453,0.0,0.0,-1.0,-0.7071,0.7071,0.0,3.497430199446445,0.0904267659490264,-0.27558499999999997,1.6562813230986753,9.718614195708463,,
121.848,55.07,2.827,-2.028,51.099,2.736,-1.924,-0.229,-0.079,0.044,-0.229,-0.078,0.044,-1.746,1.464,-2.422,0.004,-0.005,0.008,0.0,-0.0,0.0,870.322,-0.0,0.0,-0.0,0.0,0.0,0.0,0.0,0.0,0.9883,0.0096,-0.1522,-0.051,0.9612,-0.2709,0.1437,0.2755,0.9505,0.669,0.7326,-0.1252,-0.7377,0.634,-0.2321,-0.0907,0.2476,0.9646,0.0001,-0.0001,0.0001,0.0,0.0,0.0,-0.0758,-0.1264,0.1969,10.5882,21.2382,-88.3976,0.0,0.0435,-0.3712,0.0,0.0,0.0,4610142.7348,3782997.426,3120562.9184,-2227.0465,-2885.7741,6780.809,4610132.1466,3782976.1878,3120651.316,-2226.9708,-2885.6477,6780.6121,0.0,0.0765,3.9732,0.0,0.0,1.0,0.0,1.0,0.0,0.0,-4.1,-36.453,0.0,0.0,-1.0,-0.7071,0.7071,0.0,3.47918280634979,0.0904267659490264,-0.27535,1.6403260204316823,9.710326827615166,,
122.0527,55.024,2.811,-2.019,51.052,2.72,-1.915,-0.229,-0.079,0.044,-0.229,-0.078,0.044,-1.745,1.463,-2.42,0.004,-0.005,0.008,0.0,-0.0,0.0,870.322,-0.0,0.0,-0.0,0.0,0.0,0.0,0.0,0.0,0.9883,0.0096,-0.1522,-0.051,0.9613,-0.2709,0.1437,0.2755,0.9505,0.669,0.7326,-0.1252,-0.7377,0.634,-0.2321,-0.0907,0.2476,0.9646,0.0001,-0.0001,0.0001,0.0,0.0,0.0,-0.0758,-0.1265,0.1969,10.5727,21.2123,-88.3573,0.0,0.0435,-0.3712,0.0,0.0,0.0,4609686.3587,3782406.1209,3121952.0007,-2228.2811,-2886.7872,6779.9731,4609675.786,3782384.9086,3122040.3579,-2228.2053,-2886.6607,6779.7762,0.0,0.0765,3.9732,0.0,0.0,1.0,0.0,1.0,0.0,0.0,-4.1,-36.453,0.0,0.0,-1.0,-0.7071,0.7071,0.0,3.460936578442315,0.0904267659490264,-0.27512000000000003,1.6247793890175473,9.702215786502578,,
122.2568,54.977,2.795,-2.01,51.005,2.704,-1.906,-0.229,-0.079,0.044,-0.229,-0.078,0.044,-1.744,1.462,-2.419,0.004,-0.005,0.008,0.0,-0.0,0.0,870.322,-0.0,0.0,-0.0,0.0,0.0,0.0,0.0,0.0,0.9883,0.0096,-0.1522,-0.0511,0.9613,-0.2709,0.1437,0.2755,0.9505,0.669,0.7326,-0.1252,-0.7377,0.634,-0.2321,-0.0907,0.2476,0.9646,0.0001,-0.0001,0.0001,0.0,0.0,0.0,-0.0758,-0.1265,0.1969,10.5572,21.1866,-88.3172,0.0,0.0435,-0.3712,0.0,0.0,0.0,4609232.572,3781818.2891,3123332.2691,-2229.5079,-2887.7938,6779.142,4609222.0148,3781797.1025,3123420.5862,-2229.4321,-2887.6673,6778.9451,0.0,0.0765,3.9732,0.0,0.0,1.0,0.0,1.0,0.0,0.0,-4.1,-36.453,0.0,0.0,-1.0,-0.7071,0.7071,0.0,3.4426915342504905,0.0904267659490264,-0.274885,1.6087770602745215,9.693928418409278,,
122.4648,54.929,2.779,-2.001,50.958,2.688,-1.897,-0.229,-0.079,0.044,-0.229,-0.078,0.044,-1.744,1.461,-2.417,0.004,-0.005,0.008,0.0,-0.0,0.0,870.322,-0.0,0.0,-0.0,0.0,0.0,0.0,0.0,0.0,0.9883,0.0096,-0.1522,-0.0511,0.9613,-0.2709,0.1437,0.2755,0.9505,0.669,0.7326,-0.1252,-0.7377,0.634,-0.2321,-0.0907,0.2476,0.9646,0.0001,-0.0001,0.0001,0.0,0.0,0.0,-0.0758,-0.1265,0.1969,10.5415,21.1603,-88.2762,0.0,0.0435,-0.3712,0.0,0.0,0.0,4608769.2889,3781218.2788,3124740.4653,-2230.7595,-2888.8207,6778.2937,4608758.7474,3781197.1184,3124828.7415,-2230.6837,-2888.6942,6778.0967,0.0,0.0765,3.9732,0.0,0.0,1.0,0.0,1.0,0.0,0.0,-4.1,-36.453,0.0,0.0,-1.0,-0.7071,0.7071,0.0,3.4244476926944,0.0904267659490264,-0.27464500000000003,1.5923204740978585,9.685464723335272,,
122.6649,54.883,2.762,-1.992,50.911,2.671,-1.888,-0.229,-0.083,0.044,-0.229,-0.083,0.044,-1.743,1.46,-2.415,0.004,-0.005,0.008,0.0,-0.0,0.0,870.306,-0.0,-1.0,-0.0,0.0,0.0,0.0,0.0,0.0,0.9883,0.0096,-0.1522,-0.0511,0.9613,-0.2708,0.1437,0.2754,0.9505,0.669,0.7326,-0.1252,-0.7377,0.634,-0.2321,-0.0907,0.2476,0.9646,0.0001,-0.0001,0.0001,0.0,0.0,0.0,-0.0759,-0.1307,0.1957,10.526,21.1344,-88.2362,0.0,0.0435,-0.3712,0.0,0.0,0.0,4608315.1287,3780630.2029,3126119.9935,-2231.9858,-2889.8309,6777.4609,4608304.6027,3780609.0686,3126208.2297,-2231.9099,-2889.7002,6777.2651,0.0,0.0765,3.9732,0.0,0.0,1.0,0.0,1.0,0.0,0.0,-4.1,-36.453,0.0,0.0,-1.0,-0.7071,0.7071,0.0,3.4053939566517117,0.09394147114027969,-0.274415,1.5757043483168485,9.677353682222684,,
122.8753,54.835,2.744,-1.982,50.863,2.653,-1.879,-0.228,-0.091,0.044,-0.228,-0.091,0.043,-1.742,1.459,-2.414,0.004,-0.005,0.006,0.0,-0.0,0.0,870.272,-0.0,-1.0,-0.0,0.0,0.0,0.0,0.0,0.0,0.9883,0.0097,-0.1521,-0.0511,0.9613,-0.2708,0.1436,0.2754,0.9505,0.669,0.7326,-0.1252,-0.7377,0.634,-0.2321,-0.0907,0.2476,0.9646,0.0001,-0.0001,0.0001,0.0,0.0,0.0,-0.076,-0.1385,0.1935,10.51,21.106,-88.1951,0.0,0.0435,-0.3712,0.0,0.0,0.0,4607843.79,3780020.0071,3127550.7222,-2233.2576,-2890.882,6776.5957,4607833.28,3779998.9011,3127638.9173,-2233.1816,-2890.7434,6776.4022,0.0,0.0765,3.9732,0.0,0.0,1.0,0.0,1.0,0.0,0.0,-4.1,-36.453,0.0,0.0,-1.0,-0.7071,0.7071,0.0,3.3849460852427176,0.10107917688624102,-0.274175,1.5621864445230738,9.668889987148678,,
123.0864,54.787,2.725,-1.973,50.816,2.634,-1.87,-0.228,-0.092,0.044,-0.228,-0.092,0.043,-1.741,1.458,-2.413,0.004,-0.005,0.006,0.0,-0.0,0.0,870.268,-0.0,0.0,-0.0,0.0,0.0,0.0,0.0,0.0,0.9883,0.0097,-0.1521,-0.0511,0.9613,-0.2708,0.1436,0.2754,0.9505,0.669,0.7326,-0.1252,-0.7377,0.634,-0.2321,-0.0907,0.2476,0.9646,0.0001,-0.0001,0.0001,0.0,0.0,0.0,-0.076,-0.1395,0.1933,10.4942,21.0769,-88.1549,0.0,0.0435,-0.3712,0.0,0.0,0.0,4607378.4479,3779417.698,3128962.271,-2234.5123,-2891.9122,6775.7436,4607367.9537,3779396.6211,3129050.4258,-2234.4363,-2891.7727,6775.5503,0.0,0.0765,3.9732,0.0,0.0,1.0,0.0,1.0,0.0,0.0,-4.1,-36.453,0.0,0.0,-1.0,-0.7071,0.7071,0.0,3.3642761479997447,0.1019803902718557,-0.273935,1.542635097878212,9.660426292074671,,
123.2869,54.741,2.706,-1.965,50.77,2.616,-1.861,-0.228,-0.092,0.044,-0.228,-0.092,0.043,-1.74,1.457,-2.412,0.004,-0.005,0.006,0.0,-0.0,0.0,870.268,-0.0,0.0,-0.0,0.0,0.0,0.0,0.0,0.0,0.9883,0.0097,-0.1521,-0.0511,0.9613,-0.2708,0.1436,0.2754,0.9506,0.669,0.7326,-0.1252,-0.7377,0.634,-0.2321,-0.0907,0.2476,0.9646,0.0001,-0.0001,0.0001,0.0,0.0,0.0,-0.076,-0.1395,0.1933,10.479,21.049,-88.1162,0.0,0.0435,-0.3712,0.0,0.0,0.0,4606931.6513,3778839.5099,3130316.652,-2235.7162,-2892.8998,6774.9257,4606921.1723,3778818.4608,3130404.7683,-2235.6402,-2892.7602,6774.7325,0.0,0.0765,3.9732,0.0,0.0,1.0,0.0,1.0,0.0,0.0,-4.1,-36.453,0.0,0.0,-1.0,-0.7071,0.7071,0.0,3.3441981101603417,0.1019803902718557,-0.273705,1.5337000008184345,9.652315250962081,,
123.4875,54.695,2.688,-1.956,50.724,2.597,-1.853,-0.228,-0.092,0.044,-0.228,-0.092,0.043,-1.74,1.457,-2.41,0.004,-0.005,0.006,0.0,-0.0,0.0,870.268,-0.0,0.0,-0.0,0.0,0.0,0.0,0.0,0.0,0.9883,0.0097,-0.1521,-0.0511,0.9613,-0.2707,0.1436,0.2754,0.9506,0.669,0.7326,-0.1252,-0.7377,0.634,-0.2321,-0.0907,0.2476,0.9646,0.0001,-0.0001,0.0001,0.0,0.0,0.0,-0.076,-0.1395,0.1933,10.4637,21.0209,-88.0773,0.0,0.0435,-0.3712,0.0,0.0,0.0,4606481.2477,3778256.7687,3131681.0636,-2236.9291,-2893.8946,6774.1014,4606470.784,3778235.7477,3131769.1409,-2236.8531,-2893.755,6773.9081,0.0,0.0765,3.9732,0.0,0.0,1.0,0.0,1.0,0.0,0.0,-4.1,-36.453,0.0,0.0,-1.0,-0.7071,0.7071,0.0,3.3243465523317512,0.1019803902718557,-0.273475,1.5055117929609976,9.644204209849493,,
123.7038,54.646,2.668,-1.946,50.675,2.577,-1.843,-0.228,-0.092,0.044,-0.228,-0.092,0.043,-1.739,1.456,-2.409,0.004,-0.005,0.006,0.0,-0.0,0.0,870.268,-0.0,0.0,-0.0,0.0,0.0,0.0,0.0,0.0,0.9883,0.0097,-0.1521,-0.0511,0.9613,-0.2707,0.1436,0.2753,0.9506,0.669,0.7326,-0.1252,-0.7377,0.634,-0.2321,-0.0907,0.2476,0.9646,0.0001,-0.0001,0.0001,0.0,0.0,0.0,-0.076,-0.1396,0.1933,10.4474,20.991,-88.0358,0.0,0.0435,-0.3712,0.0,0.0,0.0,4606000.4526,3777634.8346,3133136.542,-2238.223,-2894.9558,6773.2215,4605990.0052,3777613.8436,3133224.5778,-2238.1469,-2894.8162,6773.0282,0.0,0.0765,3.9732,0.0,0.0,1.0,0.0,1.0,0.0,0.0,-4.1,-36.453,0.0,0.0,-1.0,-0.7071,0.7071,0.0,3.3022931426510276,0.1019803902718557,-0.27323000000000003,1.4850849984751404,9.635564187794778,,
123.9069,54.6,2.649,-1.938,50.628,2.558,-1.834,-0.228,-0.093,0.044,-0.228,-0.092,0.043,-1.738,1.455,-2.408,0.004,-0.005,0.006,0.0,-0.0,0.0,870.268,-0.0,0.0,-0.0,0.0,-0.046,0.0,0.0,0.0,0.9883,0.0097,-0.1521,-0.0511,0.9613,-0.2707,0.1435,0.2753,0.9506,0.669,0.7326,-0.1252,-0.7377,0.634,-0.2321,-0.0907,0.2476,0.9646,0.0001,-0.0001,0.0001,0.0,0.0,0.0,-0.0761,-0.1396,0.1933,10.4319,20.9625,-87.9964,0.0,0.0435,-0.3712,0.0,0.0,0.0,4605544.1972,3777044.7652,3134516.7805,-2239.45,-2895.9621,6772.3867,4605533.7654,3777023.8027,3134604.7768,-2239.3739,-2895.8225,6772.1933,0.0,0.0765,3.9732,0.0,0.0,1.0,0.0,1.0,0.0,0.0,-4.1,-36.453,0.0,0.0,-1.0,-0.7071,0.7071,0.0,3.2822317102849397,0.10288342918079665,-0.273,1.461861218569428,9.627453146682187,,
124.1126,54.552,2.63,-1.928,50.581,2.539,-1.826,-0.228,-0.093,0.043,-0.229,-0.092,0.04,-1.737,1.45,-2.406,0.002,-0.046,0.007,0.0,-0.001,0.0,870.243,-0.0,0.0,-0.0,0.0,-0.85,0.0,0.0,0.0,0.9883,0.0098,-0.152,-0.0511,0.9613,-0.2707,0.1435,0.2753,0.9506,0.669,0.7326,-0.1252,-0.7377,0.634,-0.2321,-0.0907,0.2476,0.9646,0.0001,-0.0008,0.0001,0.0,0.0,0.0,-0.0761,-0.1396,0.1933,10.416,20.9334,-87.9561,0.0,0.0435,-0.3712,0.0,0.0,0.0,4605077.4498,3776441.249,3135927.8012,-2240.7044,-2896.9908,6771.5327,4605067.0337,3776420.3156,3136015.7573,-2240.6283,-2896.8512,6771.3393,0.0,0.0765,3.9732,0.0,0.0,1.0,0.0,1.0,0.0,0.0,-4.1,-36.453,0.0,0.0,-1.0,-0.7071,0.7071,0.0,3.260994326888656,0.10245974819410791,-0.27276,1.451411861804895,9.618989451608181,,
124.321,54.505,2.61,-1.919,50.533,2.52,-1.818,-0.228,-0.093,0.043,-0.229,-0.092,0.037,-1.737,1.435,-2.405,-0.0,-0.095,0.009,0.0,-0.002,0.0,870.214,-0.0,0.0,-0.0,0.0,-1.0,0.0,0.0,0.0,0.9884,0.0098,-0.1517,-0.0511,0.9613,-0.2707,0.1432,0.2753,0.9506,0.669,0.7326,-0.1252,-0.7377,0.634,-0.2321,-0.0907,0.2476,0.9646,0.0001,-0.0017,0.0001,0.0,0.0,0.0,-0.0761,-0.1396,0.1933,10.4003,20.9044,-87.9158,0.0,0.0435,-0.3712,0.0,0.0,0.0,4604611.019,3775838.2656,3137336.8983,-2241.9571,-2898.0181,6770.6794,4604600.6187,3775817.3612,3137424.8141,-2241.881,-2897.8785,6770.486,0.0,0.0765,3.9732,0.0,0.0,1.0,0.0,1.0,0.0,0.0,-4.1,-36.453,0.0,0.0,-1.0,-0.7071,0.7071,0.0,3.239546418867925,0.10245974819410791,-0.272525,1.4511815699914388,9.610702083514884,,
124.5259,54.458,2.591,-1.911,50.486,2.501,-1.811,-0.228,-0.093,0.043,-0.229,-0.092,0.033,-1.736,1.411,-2.403,-0.002,-0.139,0.01,0.0,-0.002,0.0,870.187,-0.0,0.0,-0.0,0.0,-1.0,0.0,0.0,0.0,0.9884,0.0098,-0.1513,-0.051,0.9613,-0.2707,0.1428,0.2753,0.9507,0.669,0.7326,-0.1252,-0.7377,0.634,-0.2321,-0.0907,0.2476,0.9646,0.0001,-0.0024,0.0001,0.0,0.0,0.0,-0.0761,-0.1396,0.1934,10.3849,20.8758,-87.8762,0.0,0.0435,-0.3712,0.0,0.0,0.0,4604151.8191,3775244.7503,3138723.2092,-2243.1896,-2899.0287,6769.8394,4604141.4342,3775223.8745,3138811.0854,-2243.1135,-2898.8891,6769.646,0.0,0.0765,3.9732,0.0,0.0,1.0,0.0,1.0,0.0,0.0,-4.1,-36.453,0.0,0.0,-1.0,-0.7071,0.7071,0.0,3.2195033778519324,0.10245974819410791,-0.27229,1.4372302302525506,9.602414715421585,,
124.7277,54.412,2.573,-1.902,50.44,2.483,-1.804,-0.229,-0.093,0.043,-0.229,-0.092,0.03,-1.735,1.378,-2.4,-0.004,-0.185,0.012,0.0,-0.003,0.0,870.159,-0.0,0.0,-0.0,0.0,-1.0,0.0,0.0,0.0,0.9885,0.0098,-0.1507,-0.0508,0.9613,-0.2707,0.1423,0.2752,0.9508,0.669,0.7326,-0.1252,-0.7377,0.634,-0.2321,-0.0907,0.2476,0.9646,0.0001,-0.0032,0.0001,0.0,0.0,0.0,-0.0761,-0.1396,0.1934,10.3698,20.8477,-87.8372,0.0,0.0435,-0.3712,0.0,0.0,0.0,4603699.5902,3774660.3613,3140087.5631,-2244.4026,-2900.0233,6769.0123,4603689.2204,3774639.5136,3140175.4003,-2244.3265,-2899.8837,6768.8189,0.0,0.0765,3.9732,0.0,0.0,1.0,0.0,1.0,0.0,0.0,-4.1,-36.453,0.0,0.0,-1.0,-0.7071,0.7071,0.0,3.199677014950103,0.10245974819410791,-0.27205999999999997,1.4293195338923776,9.594303674308996,,
124.9303,54.365,2.554,-1.893,50.394,2.464,-1.799,-0.229,-0.093,0.042,-0.229,-0.092,0.026,-1.734,1.336,-2.398,-0.006,-0.233,0.013,0.0,-0.004,0.0,870.13,-0.0,0.0,-0.0,0.0,-1.0,0.0,0.0,0.0,0.9886,0.0098,-0.15,-0.0506,0.9613,-0.2707,0.1415,0.2752,0.9509,0.669,0.7326,-0.1252,-0.7377,0.634,-0.2321,-0.0907,0.2476,0.9646,0.0001,-0.0041,0.0001,0.0,0.0,0.0,-0.0761,-0.1397,0.1934,10.3546,20.8193,-87.7978,0.0,0.0435,-0.3712,0.0,0.0,0.0,4603243.1102,3774070.5958,3141463.8261,-2245.6262,-2901.0265,6768.1774,4603232.7556,3774049.7766,3141551.624,-2245.5501,-2900.8869,6767.984,0.0,0.0765,3.9732,0.0,0.0,1.0,0.0,1.0,0.0,0.0,-4.1,-36.453,0.0,0.0,-1.0,-0.7071,0.7071,0.0,3.179050959012768,0.1020441081101697,-0.271825,1.4322100232213872,9.586016306215699,,
125.1348,54.319,2.535,-1.885,50.347,2.446,-1.793,-0.229,-0.093,0.042,-0.229,-0.092,0.023,-1.733,1.285,-2.395,-0.008,-0.274,0.014,0.0,-0.005,0.0,870.105,-0.0,0.0,-0.0,0.0,-1.0,0.0,0.0,0.0,0.9888,0.0098,-0.1491,-0.0504,0.9613,-0.2707,0.1407,0.2752,0.951,0.669,0.7326,-0.1252,-0.7377,0.634,-0.2321,-0.0907,0.2476,0.9646,0.0001,-0.0048,0.0001,0.0,0.0,0.0,-0.0761,-0.1397,0.1934,10.3394,20.7908,-87.7584,0.0,0.0435,-0.3712,0.0,0.0,0.0,4602785.8184,3773479.8988,3142841.6149,-2246.8512,-2902.0309,6767.3412,4602775.479,3773459.108,3142929.3733,-2246.7751,-2901.8912,6767.1478,0.0,0.0765,3.9732,0.0,0.0,1.0,0.0,1.0,0.0,0.0,-4.1,-36.453,0.0,0.0,-1.0,-0.7071,0.7071,0.0,3.1590267488579453,0.1020441081101697,-0.27159500000000003,1.439968465591802,9.577905265103109,,
125.338,54.272,2.516,-1.876,50.3,2.427,-1.789,-0.229,-0.093,0.042,-0.229,-0.091,0.019,-1.733,1.224,-2.392,-0.009,-0.321,0.016,0.0,-0.006,0.0,870.077,-0.0,0.0,-0.0,0.0,-1.0,0.0,0.0,0.0,0.9889,0.0098,-0.1481,-0.0501,0.9613,-0.2708,0.1397,0.2752,0.9512,0.669,0.7326,-0.1252,-0.7377,0.634,-0.2321,-0.0907,0.2476,0.9646,0.0001,-0.0056,0.0001,0.0,0.0,0.0,-0.0762,-0.1397,0.1934,10.3242,20.7622,-87.7187,0.0,0.0435,-0.3711,0.0,0.0,0.0,4602325.5098,3772885.424,3144227.5637,-2248.0835,-2903.0411,6766.4995,4602315.1856,3772864.6618,3144315.2824,-2248.0073,-2902.9014,6766.3061,0.0,0.0765,3.9732,0.0,0.0,1.0,0.0,1.0,0.0,0.0,-4.1,-36.453,0.0,0.0,-1.0,-0.7071,0.7071,0.0,3.1384123374725634,0.1020441081101697,-0.27136,1.4532886616012328,9.569617897009811,,
125.5445,54.225,2.497,-1.868,50.253,2.408,-1.785,-0.229,-0.093,0.041,-0.229,-0.091,0.016,-1.732,1.153,-2.389,-0.011,-0.366,0.017,0.0,-0.006,0.0,870.05,-0.0,0.0,-0.0,0.0,-1.0,0.0,0.0,0.0,0.9891,0.0099,-0.1468,-0.0498,0.9613,-0.2708,0.1385,0.2752,0.9514,0.669,0.7326,-0.1252,-0.7377,0.634,-0.2321,-0.0907,0.2476,0.9646,0.0001,-0.0064,0.0001,0.0,0.0,0.0,-0.0762,-0.1397,0.1934,10.309,20.7335,-87.6789,0.0,0.0435,-0.3711,0.0,0.0,0.0,4601863.239,3772288.5341,3145618.483,-2249.3202,-2904.0549,6765.6544,4601852.9301,3772267.8006,3145706.1619,-2249.2441,-2903.9152,6765.461,0.0,0.0765,3.9732,0.0,0.0,1.0,0.0,1.0,0.0,0.0,-4.1,-36.453,0.0,0.0,-1.0,-0.7071,0.7071,0.0,3.1184023152890328,0.1016366075781753,-0.271125,1.4629702772181625,9.561330528916514,,
125.7464,54.179,2.478,-1.859,50.207,2.39,-1.783,-0.229,-0.093,0.041,-0.229,-0.091,0.013,-1.731,1.074,-2.385,-0.013,-0.413,0.018,0.0,-0.007,0.0,870.021,-0.0,0.0,-0.0,0.0,-1.0,0.0,0.0,0.0,0.9893,0.0099,-0.1455,-0.0494,0.9614,-0.2709,0.1372,0.2752,0.9516,0.669,0.7326,-0.1252,-0.7377,0.634,-0.2321,-0.0907,0.2476,0.9646,0.0001,-0.0072,0.0001,0.0,0.0,0.0,-0.0762,-0.1397,0.1935,10.2941,20.7052,-87.6397,0.0,0.0435,-0.3711,0.0,0.0,0.0,4601408.5344,3771701.5311,3146985.7217,-2250.5359,-2905.0514,6764.8232,4601398.2403,3771680.8259,3147073.3615,-2250.4598,-2904.9117,6764.6297,0.0,0.0765,3.9732,0.0,0.0,1.0,0.0,1.0,0.0,0.0,-4.1,-36.453,0.0,0.0,-1.0,-0.7071,0.7071,0.0,3.0978000258247786,0.1016366075781753,-0.270895,1.511731898388206,9.553219487803924,,
125.9512,54.132,2.46,-1.851,50.16,2.371,-1.78,-0.229,-0.093,0.041,-0.229,-0.091,0.009,-1.73,0.985,-2.381,-0.015,-0.46,0.02,0.0,-0.008,0.0,869.993,-0.0,0.0,-0.0,0.0,-1.0,0.0,0.0,0.0,0.9895,0.0099,-0.1439,-0.049,0.9614,-0.2709,0.1357,0.2751,0.9518,0.669,0.7326,-0.1252,-0.7377,0.634,-0.2321,-0.0907,0.2476,0.9646,0.0001,-0.008,0.0001,0.0,0.0,0.0,-0.0762,-0.1397,0.1935,10.2791,20.6767,-87.6001,0.0,0.0435,-0.3711,0.0,0.0,0.0,4600948.7332,3771108.0663,3148367.3642,-2251.7645,-2906.0584,6763.9827,4600938.4541,3771087.3896,3148454.9644,-2251.6883,-2905.9187,6763.7892,0.0,0.0765,3.9732,0.0,0.0,1.0,0.0,1.0,0.0,0.0,-4.1,-36.453,0.0,0.0,-1.0,-0.7071,0.7071,0.0,3.078603741958357,0.1016366075781753,-0.27066,1.5238081206456378,9.544932119710626,,
126.1567,54.085,2.44,-1.843,50.113,2.352,-1.779,-0.229,-0.093,0.041,-0.229,-0.091,0.006,-1.729,0.887,-2.377,-0.017,-0.501,0.021,0.0,-0.009,0.0,869.967,-0.0,0.0,-0.0,0.0,-0.508,0.0,0.0,0.0,0.9898,0.0099,-0.1422,-0.0486,0.9614,-0.271,0.1341,0.2751,0.952,0.669,0.7326,-0.1252,-0.7377,0.634,-0.2321,-0.0907,0.2476,0.9646,0.0001,-0.0088,0.0001,0.0,0.0,0.0,-0.0762,-0.1397,0.1935,10.264,20.6478,-87.5602,0.0,0.0435,-0.3711,0.0,0.0,0.0,4600484.5808,3770509.1046,3149761.1436,-2253.0039,-2907.0743,6763.1344,4600474.3168,3770488.4568,3149848.7038,-2252.9277,-2906.9345,6762.9409,0.0,0.0765,3.9732,0.0,0.0,1.0,0.0,1.0,0.0,0.0,-4.1,-36.453,0.0,0.0,-1.0,-0.7071,0.7071,0.0,3.057817685866834,0.1016366075781753,-0.270425,1.5814684906242251,9.53664475161733,,
126.365,54.038,2.421,-1.834,50.065,2.333,-1.777,-0.229,-0.093,0.041,-0.229,-0.091,0.009,-1.729,0.786,-2.373,-0.015,-0.463,0.02,0.0,-0.008,0.0,869.94,-0.0,0.0,-0.0,0.0,0.0,0.0,0.0,0.0,0.99,0.0099,-0.1405,-0.0481,0.9614,-0.271,0.1324,0.2751,0.9523,0.669,0.7326,-0.1252,-0.7377,0.634,-0.2321,-0.0907,0.2476,0.9646,0.0001,-0.0081,0.0001,0.0,0.0,0.0,-0.0762,-0.1398,0.1935,10.2488,20.6188,-87.52,0.0,0.0435,-0.3711,0.0,0.0,0.0,4600017.1605,3769906.0475,3151163.785,-2254.2512,-2908.0965,6762.2802,4600006.9117,3769885.4287,3151251.305,-2254.1749,-2907.9567,6762.0867,0.0,0.0765,3.9732,0.0,0.0,1.0,0.0,1.0,0.0,0.0,-4.1,-36.453,0.0,0.0,-1.0,-0.7071,0.7071,0.0,3.037235091328954,0.1016366075781753,-0.27019,1.632256323489332,9.52835738352403,,
126.5687,53.991,2.402,-1.826,50.018,2.315,-1.775,-0.229,-0.093,0.041,-0.229,-0.091,0.012,-1.728,0.696,-2.369,-0.014,-0.419,0.019,0.0,-0.007,0.0,869.914,-0.0,0.0,-0.0,0.0,0.0,0.0,0.0,0.0,0.9903,0.0099,-0.1389,-0.0477,0.9614,-0.2711,0.1309,0.2751,0.9525,0.669,0.7326,-0.1252,-0.7377,0.634,-0.2321,-0.0907,0.2476,0.9646,0.0001,-0.0073,0.0001,0.0,0.0,0.0,-0.0763,-0.1398,0.1935,10.2339,20.5903,-87.4804,0.0,0.0435,-0.3711,0.0,0.0,0.0,4599557.0545,3769312.5455,3152543.5465,-2255.4781,-2909.102,6761.4395,4599546.8206,3769291.9552,3152631.0269,-2255.4019,-2908.9622,6761.2459,0.0,0.0765,3.9732,0.0,0.0,1.0,0.0,1.0,0.0,0.0,-4.1,-36.453,0.0,0.0,-1.0,-0.7071,0.7071,0.0,3.0172636610014716,0.1016366075781753,-0.269955,1.6883922020720614,9.520070015430733,,
126.7721,53.944,2.383,-1.817,49.972,2.296,-1.772,-0.229,-0.093,0.041,-0.229,-0.091,0.016,-1.727,0.615,-2.365,-0.012,-0.371,0.017,0.0,-0.006,0.0,869.885,-0.0,0.0,-0.0,0.0,0.0,0.0,0.0,0.0,0.9904,0.01,-0.1375,-0.0473,0.9614,-0.2711,0.1295,0.2751,0.9527,0.669,0.7326,-0.1252,-0.7377,0.634,-0.2321,-0.0907,0.2476,0.9646,0.0001,-0.0065,0.0001,0.0,0.0,0.0,-0.0763,-0.1398,0.1935,10.2188,20.5617,-87.4408,0.0,0.0435,-0.3711,0.0,0.0,0.0,4599096.5345,3768718.6285,3153923.6272,-2256.7054,-2910.1077,6760.598,4599086.3157,3768698.0668,3154011.0681,-2256.6292,-2909.9679,6760.4045,0.0,0.0765,3.9732,0.0,0.0,1.0,0.0,1.0,0.0,0.0,-4.1,-36.453,0.0,0.0,-1.0,-0.7071,0.7071,0.0,2.9966945122918354,0.1016366075781753,-0.26972,1.735005516230615,9.511782647337435,,
126.9758,53.898,2.365,-1.809,49.925,2.277,-1.769,-0.229,-0.093,0.042,-0.229,-0.092,0.019,-1.726,0.544,-2.362,-0.01,-0.324,0.016,0.0,-0.006,0.0,869.856,-0.0,0.0,-0.0,0.0,0.0,0.0,0.0,0.0,0.9906,0.01,-0.1363,-0.047,0.9614,-0.2712,0.1283,0.275,0.9528,0.669,0.7326,-0.1252,-0.7377,0.634,-0.2321,-0.0907,0.2476,0.9646,0.0001,-0.0057,0.0001,0.0,0.0,0.0,-0.0763,-0.1398,0.1935,10.2038,20.5333,-87.4014,0.0,0.0435,-0.3711,0.0,0.0,0.0,4598637.857,3768127.2042,3155297.2697,-2257.927,-2911.1087,6759.7601,4598627.6533,3768106.6709,3155384.6711,-2257.8507,-2910.9689,6759.5665,0.0,0.0765,3.9732,0.0,0.0,1.0,0.0,1.0,0.0,0.0,-4.1,-36.453,0.0,0.0,-1.0,-0.7071,0.7071,0.0,2.977533543052034,0.1020441081101697,-0.26949,1.7649727447080836,9.503671606224845,,
127.1813,53.851,2.346,-1.8,49.878,2.258,-1.765,-0.229,-0.093,0.042,-0.229,-0.092,0.022,-1.726,0.482,-2.359,-0.008,-0.283,0.015,0.0,-0.005,0.0,869.831,-0.0,0.0,-0.0,0.0,0.0,0.0,0.0,0.0,0.9908,0.01,-0.1352,-0.0467,0.9614,-0.2712,0.1273,0.275,0.953,0.669,0.7326,-0.1252,-0.7377,0.634,-0.2321,-0.0907,0.2476,0.9646,0.0001,-0.0049,0.0001,0.0,0.0,0.0,-0.0763,-0.1398,0.1936,10.1885,20.5046,-87.3616,0.0,0.0435,-0.3711,0.0,0.0,0.0,4598173.5231,3767528.6053,3156686.9218,-2259.1629,-2912.1214,6758.9119,4598163.3346,3767508.1007,3156774.2833,-2259.0866,-2911.9815,6758.7183,0.0,0.0765,3.9732,0.0,0.0,1.0,0.0,1.0,0.0,0.0,-4.1,-36.453,0.0,0.0,-1.0,-0.7071,0.7071,0.0,2.95697751090535,0.1020441081101697,-0.269255,1.8058031298916024,9.495384238131548,,
127.3832,53.805,2.327,-1.792,49.832,2.24,-1.76,-0.229,-0.093,0.042,-0.229,-0.092,0.026,-1.725,0.429,-2.356,-0.006,-0.236,0.013,0.0,-0.004,0.0,869.803,-0.0,0.0,-0.0,0.0,0.0,0.0,0.0,0.0,0.9909,0.01,-0.1343,-0.0465,0.9614,-0.2712,0.1264,0.275,0.9531,0.669,0.7326,-0.1252,-0.7377,0.634,-0.2321,-0.0907,0.2476,0.9646,0.0001,-0.0041,0.0001,0.0,0.0,0.0,-0.0763,-0.1398,0.1936,10.1735,20.4764,-87.3225,0.0,0.0435,-0.3711,0.0,0.0,0.0,4597718.3,3766941.8672,3158048.4,-2260.3737,-2913.1134,6758.0804,4597708.1265,3766921.3908,3158135.7226,-2260.2974,-2912.9736,6757.8869,0.0,0.0765,3.9732,0.0,0.0,1.0,0.0,1.0,0.0,0.0,-4.1,-36.453,0.0,0.0,-1.0,-0.7071,0.7071,0.0,2.937038133902929,0.1020441081101697,-0.269025,1.834621796649545,9.487273197018958,,
127.5884,53.758,2.308,-1.783,49.785,2.221,-1.754,-0.229,-0.093,0.043,-0.229,-0.092,0.029,-1.724,0.385,-2.353,-0.004,-0.192,0.012,0.0,-0.003,0.0,869.776,-0.0,0.0,-0.0,0.0,0.0,0.0,0.0,0.0,0.991,0.01,-0.1336,-0.0463,0.9614,-0.2712,0.1257,0.275,0.9532,0.669,0.7326,-0.1252,-0.7377,0.634,-0.2321,-0.0907,0.2476,0.9646,0.0001,-0.0033,0.0001,0.0,0.0,0.0,-0.0763,-0.1399,0.1936,10.158,20.4476,-87.2827,0.0,0.0435,-0.3711,0.0,0.0,0.0,4597252.8505,3766342.0667,3159439.5366,-2261.6109,-2914.1271,6757.2304,4597242.6925,3766321.6191,3159526.8193,-2261.5346,-2913.9872,6757.0368,0.0,0.0765,3.9732,0.0,0.0,1.0,0.0,1.0,0.0,0.0,-4.1,-36.453,0.0,0.0,-1.0,-0.7071,0.7071,0.0,2.9164966998095507,0.10245974819410791,-0.26879000000000003,1.8535190446188832,9.47898582892566,,
127.7926,53.711,2.289,-1.774,49.738,2.202,-1.748,-0.229,-0.093,0.043,-0.229,-0.092,0.033,-1.723,0.351,-2.351,-0.002,-0.144,0.01,0.0,-0.003,0.0,869.747,-0.0,0.0,-0.0,0.0,0.0,0.0,0.0,0.0,0.9911,0.01,-0.133,-0.0461,0.9614,-0.2713,0.1251,0.275,0.9533,0.669,0.7326,-0.1252,-0.7377,0.634,-0.2321,-0.0907,0.2476,0.9646,0.0001,-0.0025,0.0001,0.0,0.0,0.0,-0.0763,-0.1399,0.1936,10.1427,20.419,-87.2431,0.0,0.0435,-0.3711,0.0,0.0,0.0,4596790.7084,3765746.6469,3160819.8627,-2262.8386,-2915.1328,6756.3864,4596780.5657,3765726.2279,3160907.1058,-2262.7623,-2914.993,6756.1928,0.0,0.0765,3.9732,0.0,0.0,1.0,0.0,1.0,0.0,0.0,-4.1,-36.453,0.0,0.0,-1.0,-0.7071,0.7071,0.0,2.895962188979684,0.10245974819410791,-0.268555,1.8731688924722742,9.470698460832361,,
127.9992,53.664,2.27,-1.765,49.691,2.183,-1.741,-0.229,-0.093,0.043,-0.229,-0.092,0.033,-1.723,0.323,-2.349,-0.002,-0.149,0.011,0.0,-0.003,0.0,869.722,-0.0,0.0,-0.0,0.0,-0.395,0.0,0.0,0.0,0.9911,0.0101,-0.1325,-0.046,0.9614,-0.2713,0.1246,0.2749,0.9533,0.669,0.7326,-0.1252,-0.7377,0.634,-0.2321,-0.0907,0.2476,0.9646,0.0001,-0.0026,0.0001,0.0,0.0,0.0,-0.0764,-0.1399,0.1936,10.1271,20.3901,-87.2031,0.0,0.0435,-0.3711,0.0,0.0,0.0,4596323.1932,3765144.4241,3162215.2997,-2264.0797,-2916.1495,6755.5328,4596313.0662,3765124.034,3162302.5027,-2264.0034,-2916.0097,6755.3392,0.0,0.0765,3.9732,0.0,0.0,1.0,0.0,1.0,0.0,0.0,-4.1,-36.453,0.0,0.0,-1.0,-0.7071,0.7071,0.0,2.8754347497378547,0.10245974819410791,-0.26832,1.8809388968987755,9.462411092739064,,
128.206,53.616,2.251,-1.757,49.643,2.164,-1.734,-0.229,-0.093,0.043,-0.229,-0.092,0.03,-1.722,0.289,-2.347,-0.004,-0.19,0.012,0.0,-0.003,0.0,869.697,-0.0,0.0,-0.0,0.0,-1.0,0.0,0.0,0.0,0.9912,0.0101,-0.1319,-0.0459,0.9614,-0.2713,0.1241,0.2749,0.9534,0.669,0.7326,-0.1252,-0.7377,0.634,-0.2321,-0.0907,0.2476,0.9646,0.0001,-0.0033,0.0001,0.0,0.0,0.0,-0.0764,-0.1399,0.1936,10.1115,20.3612,-87.163,0.0,0.0435,-0.3711,0.0,0.0,0.0,4595855.5317,3764542.1334,3163610.2329,-2265.3204,-2917.1659,6754.679,4595845.4202,3764521.7722,3163697.3959,-2265.2441,-2917.026,6754.4853,0.0,0.0765,3.9732,0.0,0.0,1.0,0.0,1.0,0.0,0.0,-4.1,-36.453,0.0,0.0,-1.0,-0.7071,0.7071,0.0,2.855529723186225,0.10245974819410791,-0.26808,1.8773403737105179,9.453947397665058,,
128.41,53.57,2.232,-1.748,49.597,2.146,-1.729,-0.229,-0.093,0.042,-0.229,-0.092,0.026,-1.721,0.245,-2.344,-0.006,-0.238,0.013,0.0,-0.004,0.0,869.669,-0.0,0.0,-0.0,0.0,-0.85,0.0,0.0,0.0,0.9913,0.0101,-0.1311,-0.0457,0.9614,-0.2713,0.1233,0.2749,0.9535,0.669,0.7326,-0.1252,-0.7377,0.634,-0.2321,-0.0907,0.2476,0.9646,0.0001,-0.0042,0.0001,0.0,0.0,0.0,-0.0764,-0.1399,0.1936,10.0962,20.3327,-87.1235,0.0,0.0435,-0.371,0.0,0.0,0.0,4595392.9079,3763946.448,3164989.215,-2266.547,-2918.1705,6753.8344,4595382.8117,3763926.1153,3165076.3385,-2266.4706,-2918.0306,6753.6408,0.0,0.0765,3.9732,0.0,0.0,1.0,0.0,1.0,0.0,0.0,-4.1,-36.453,0.0,0.0,-1.0,-0.7071,0.7071,0.0,2.835018165726633,0.1020441081101697,-0.26785,1.9200689987518045,9.44583635655247,,
128.6179,53.522,2.212,-1.739,49.549,2.126,-1.723,-0.229,-0.093,0.042,-0.229,-0.092,0.027,-1.72,0.194,-2.341,-0.006,-0.229,0.013,0.0,-0.004,0.0,869.641,-0.0,0.0,-0.0,0.0,0.0,0.0,0.0,0.0,0.9914,0.0101,-0.1302,-0.0454,0.9614,-0.2713,0.1225,0.2749,0.9536,0.669,0.7326,-0.1252,-0.7377,0.634,-0.2321,-0.0907,0.2476,0.9646,0.0001,-0.004,0.0001,0.0,0.0,0.0,-0.0764,-0.1399,0.1937,10.0806,20.3035,-87.0831,0.0,0.0435,-0.371,0.0,0.0,0.0,4594920.4571,3763338.2303,3166396.5418,-2267.7988,-2919.1958,6752.972,4594910.3765,3763317.9268,3166483.6248,-2267.7224,-2919.0559,6752.7784,0.0,0.0765,3.9732,0.0,0.0,1.0,0.0,1.0,0.0,0.0,-4.1,-36.453,0.0,0.0,-1.0,-0.7071,0.7071,0.0,2.813727954156194,0.1020441081101697,-0.26761,1.9414165923948237,9.437372661478463,,
128.8211,53.476,2.194,-1.73,49.503,2.108,-1.718,-0.229,-0.093,0.043,-0.229,-0.092,0.03,-1.72,0.152,-2.339,-0.004,-0.182,0.012,0.0,-0.003,0.0,869.613,-0.0,0.0,-0.0,0.0,0.0,0.0,0.0,0.0,0.9915,0.0101,-0.1295,-0.0452,0.9614,-0.2713,0.1218,0.2749,0.9537,0.669,0.7326,-0.1252,-0.7377,0.634,-0.2321,-0.0907,0.2476,0.9646,0.0001,-0.0032,0.0001,0.0,0.0,0.0,-0.0764,-0.1399,0.1937,10.0654,20.2751,-87.0438,0.0,0.0435,-0.371,0.0,0.0,0.0,4594460.8031,3762746.6039,3167764.8318,-2269.0159,-2920.1926,6752.1331,4594450.7378,3762726.3287,3167851.8756,-2268.9395,-2920.0527,6751.9394,0.0,0.0765,3.9732,0.0,0.0,1.0,0.0,1.0,0.0,0.0,-4.1,-36.453,0.0,0.0,-1.0,-0.7071,0.7071,0.0,2.7940178954330266,0.10245974819410791,-0.26738,1.977659561324618,9.429261620365873,,
129.0314,53.427,2.174,-1.721,49.454,2.088,-1.711,-0.229,-0.093,0.043,-0.229,-0.092,0.034,-1.719,0.119,-2.336,-0.002,-0.134,0.01,0.0,-0.002,0.0,869.583,-0.0,0.0,-0.0,0.0,0.0,0.0,0.0,0.0,0.9916,0.0101,-0.1289,-0.0451,0.9614,-0.2713,0.1212,0.2748,0.9538,0.669,0.7326,-0.1252,-0.7377,0.634,-0.2321,-0.0907,0.2476,0.9646,0.0001,-0.0023,0.0001,0.0,0.0,0.0,-0.0764,-0.14,0.1937,10.0495,20.2456,-87.0029,0.0,0.0435,-0.371,0.0,0.0,0.0,4593981.8268,3762130.2303,3169189.6792,-2270.2833,-2921.2306,6751.259,4593971.7773,3762109.9847,3169276.6821,-2270.2069,-2921.0906,6751.0653,0.0,0.0765,3.9732,0.0,0.0,1.0,0.0,1.0,0.0,0.0,-4.1,-36.453,0.0,0.0,-1.0,-0.7071,0.7071,0.0,2.7727453904028043,0.10245974819410791,-0.267135,1.9872103668507934,9.420621598311158,,
129.2333,53.381,2.155,-1.713,49.408,2.07,-1.704,-0.229,-0.093,0.043,-0.229,-0.092,0.037,-1.718,0.096,-2.334,-0.0,-0.093,0.009,0.0,-0.002,0.0,869.559,-0.0,0.0,-0.0,0.0,0.0,0.0,0.0,0.0,0.9917,0.0101,-0.1285,-0.045,0.9614,-0.2713,0.1208,0.2748,0.9539,0.669,0.7326,-0.1252,-0.7377,0.634,-0.2321,-0.0907,0.2476,0.9646,0.0001,-0.0016,0.0001,0.0,0.0,0.0,-0.0765,-0.14,0.1937,10.0343,20.2175,-86.964,0.0,0.0435,-0.371,0.0,0.0,0.0,4593525.8772,3761543.6048,3170545.1168,-2271.4891,-2922.218,6750.427,4593515.843,3761523.3873,3170632.0808,-2271.4126,-2922.078,6750.2333,0.0,0.0765,3.9732,0.0,0.0,1.0,0.0,1.0,0.0,0.0,-4.1,-36.453,0.0,0.0,-1.0,-0.7071,0.7071,0.0,2.7528883014027286,0.10245974819410791,-0.266905,1.9929144275358284,9.41251055719857,,
129.8537,53.34,2.139,-1.705,49.367,2.053,-1.697,-0.229,-0.093,0.044,-0.229,-0.092,0.04,-1.717,0.083,-2.333,0.001,-0.052,0.008,0.0,-0.001,0.0,869.534,-0.0,0.0,-0.0,0.0,0.0,0.0,0.0,0.0,0.9917,0.0102,-0.1283,-0.045,0.9614,-0.2713,0.1206,0.2748,0.9539,0.669,0.7326,-0.1252,-0.7377,0.634,-0.2321,-0.0907,0.2476,0.9646,0.0001,-0.0009,0.0001,0.0,0.0,0.0,-0.0765,-0.14,0.1937,10.0207,20.1925,-86.9294,0.0,0.0435,-0.371,0.0,0.0,0.0,4593120.0556,3761021.57,3171750.7899,-2272.5616,-2923.0962,6749.6865,4593110.035,3761001.3775,3171837.7193,-2272.4851,-2922.9562,6749.4928,0.0,0.0765,3.9732,0.0,0.0,1.0,0.0,1.0,0.0,0.0,-4.1,-36.453,0.0,0.0,-1.0,-0.7071,0.7071,0.0,2.7353877238885165,0.10288342918079665,-0.2667,1.9844489368844855,9.405281150989522,,
130.0683,53.19,2.078,-1.676,49.217,1.993,-1.669,-0.229,-0.093,0.044,-0.229,-0.092,0.043,-1.715,0.076,-2.329,0.003,-0.015,0.006,0.0,-0.0,0.0,869.496,-0.0,0.0,-0.0,0.0,0.0,0.0,0.0,0.0,0.9917,0.0102,-0.1282,-0.045,0.9615,-0.2712,0.1205,0.2747,0.9539,0.669,0.7326,-0.1252,-0.7377,0.634,-0.2321,-0.0907,0.2476,0.9646,0.0001,-0.0003,0.0001,0.0,0.0,0.0,-0.0765,-0.1401,0.1938,9.9706,20.1008,-86.8024,0.0,0.0435,-0.371,0.0,0.0,0.0,4591629.7659,3759105.2782,3176172.3496,-2276.4951,-2926.3168,6746.968,4591619.7953,3759085.1774,3176259.152,-2276.4186,-2926.1768,6746.7742,0.0,0.0765,3.9732,0.0,0.0,1.0,0.0,1.0,0.0,0.0,-4.1,-36.453,0.0,0.0,-1.0,-0.7071,0.7071,0.0,2.6696554084750335,0.10288342918079665,-0.26594999999999996,1.9534302752672918,9.378832103883251,,
130.2822,53.142,2.058,-1.667,49.169,1.973,-1.659,-0.229,-0.093,0.044,-0.229,-0.093,0.044,-1.714,0.075,-2.327,0.003,-0.005,0.006,0.0,-0.0,0.0,869.489,-0.0,0.0,-0.0,0.0,0.0,0.0,0.0,0.0,0.9917,0.0102,-0.1282,-0.045,0.9615,-0.2712,0.1205,0.2747,0.9539,0.669,0.7326,-0.1252,-0.7377,0.634,-0.2321,-0.0907,0.2476,0.9646,0.0001,-0.0001,0.0001,0.0,0.0,0.0,-0.0765,-0.1401,0.1938,9.9544,20.0711,-86.7614,0.0,0.0435,-0.371,0.0,0.0,0.0,4591147.8475,3758485.86,3177600.1454,-2277.7653,-2927.3567,6746.089,4591137.893,3758465.7889,3177686.9068,-2277.6888,-2927.2166,6745.8953,0.0,0.0765,3.9732,0.0,0.0,1.0,0.0,1.0,0.0,0.0,-4.1,-36.453,0.0,0.0,-1.0,-0.7071,0.7071,0.0,2.648443505155434,0.10288342918079665,-0.26571,1.9232336403626624,9.370368408809247,,
130.4867,53.095,2.039,-1.658,49.122,1.954,-1.65,-0.229,-0.093,0.044,-0.229,-0.093,0.044,-1.714,0.074,-2.326,0.003,-0.005,0.006,0.0,-0.0,0.0,869.489,-0.0,0.0,-0.0,0.0,0.0,0.0,0.0,0.0,0.9917,0.0102,-0.1282,-0.045,0.9615,-0.2712,0.1204,0.2747,0.954,0.669,0.7326,-0.1252,-0.7377,0.634,-0.2321,-0.0907,0.2476,0.9646,0.0001,-0.0001,0.0001,0.0,0.0,0.0,-0.0765,-0.1401,0.1938,9.9388,20.0426,-86.7219,0.0,0.0435,-0.371,0.0,0.0,0.0,4590683.3483,3757888.9498,3178975.4035,-2278.9889,-2928.3583,6745.242,4590673.4095,3757868.9072,3179062.1254,-2278.9123,-2928.2182,6745.0482,0.0,0.0765,3.9732,0.0,0.0,1.0,0.0,1.0,0.0,0.0,-4.1,-36.453,0.0,0.0,-1.0,-0.7071,0.7071,0.0,2.628019216063688,0.10288342918079665,-0.265475,1.9071391708758725,9.362081040715948,,
130.6904,53.048,2.02,-1.649,49.075,1.936,-1.641,-0.229,-0.093,0.044,-0.229,-0.093,0.044,-1.713,0.073,-2.325,0.003,-0.005,0.006,0.0,-0.0,0.0,869.489,-0.0,0.0,-0.0,0.0,0.0,0.0,0.0,0.0,0.9917,0.0103,-0.1281,-0.045,0.9615,-0.2712,0.1204,0.2747,0.954,0.669,0.7326,-0.1252,-0.7377,0.634,-0.2321,-0.0907,0.2476,0.9646,0.0001,-0.0001,0.0001,0.0,0.0,0.0,-0.0766,-0.1401,0.1938,9.9232,20.014,-86.6823,0.0,0.0435,-0.371,0.0,0.0,0.0,4590217.9491,3757290.9988,3180352.4129,-2280.214,-2929.3612,6744.3934,4590208.0258,3757270.9848,3180439.0952,-2280.1375,-2929.2211,6744.1996,0.0,0.0765,3.9732,0.0,0.0,1.0,0.0,1.0,0.0,0.0,-4.1,-36.453,0.0,0.0,-1.0,-0.7071,0.7071,0.0,2.607604456201132,0.10288342918079665,-0.26524000000000003,1.898386675833895,9.35379367262265,,
130.9055,52.999,2.0,-1.639,49.026,1.916,-1.632,-0.229,-0.093,0.044,-0.229,-0.09,0.044,-1.712,0.072,-2.322,0.003,-0.004,0.036,0.001,-0.0,0.0,869.437,-0.0,0.0,-0.0,0.52,0.0,0.0,0.0,0.0,0.9917,0.0103,-0.1281,-0.045,0.9615,-0.2711,0.1204,0.2746,0.954,0.669,0.7326,-0.1252,-0.7377,0.634,-0.2321,-0.0907,0.2476,0.9646,0.0006,-0.0001,0.0001,0.0,0.0,0.0,-0.0766,-0.1401,0.1938,9.9066,19.9836,-86.6402,0.0,0.0435,-0.371,0.0,0.0,0.0,4589722.708,3756654.8352,3181816.7154,-2281.5168,-2930.4276,6743.4904,4589712.8014,3756634.8516,3181903.3556,-2281.4403,-2930.2875,6743.2966,0.0,0.0765,3.9732,0.0,0.0,1.0,0.0,1.0,0.0,0.0,-4.1,-36.453,0.0,0.0,-1.0,-0.7071,0.7071,0.0,2.5857921416850194,0.10288342918079665,-0.26499500000000004,1.8946625813374742,9.345153650567935,,
131.1158,52.95,1.981,-1.63,48.977,1.897,-1.623,-0.229,-0.093,0.044,-0.229,-0.087,0.044,-1.711,0.071,-2.31,0.003,-0.003,0.076,0.001,-0.0,0.0,869.368,-0.0,0.0,-0.0,0.127,0.0,0.0,0.0,0.0,0.9917,0.0103,-0.1281,-0.045,0.9615,-0.2709,0.1204,0.2744,0.954,0.669,0.7326,-0.1252,-0.7377,0.634,-0.2321,-0.0907,0.2476,0.9646,0.0013,-0.0001,0.0001,0.0,0.0,0.0,-0.0766,-0.1401,0.1938,9.8904,19.9541,-86.5993,0.0,0.0435,-0.371,0.0,0.0,0.0,4589241.8698,3756037.2992,3183237.4456,-2282.7809,-2931.4622,6742.6139,4589231.9793,3756017.3451,3183324.045,-2282.7044,-2931.3221,6742.42,0.0,0.0765,3.9732,0.0,0.0,1.0,0.0,1.0,0.0,0.0,-4.1,-36.453,0.0,0.0,-1.0,-0.7071,0.7071,0.0,2.5653968503917675,0.10288342918079665,-0.26475000000000004,1.8787929620685886,9.33651362851322,,
131.3221,52.903,1.962,-1.621,48.93,1.879,-1.614,-0.229,-0.093,0.044,-0.229,-0.091,0.044,-1.711,0.07,-2.298,0.003,-0.004,0.033,0.001,-0.0,0.0,869.304,-0.0,0.0,-0.0,0.0,0.0,0.0,0.0,0.0,0.9917,0.0103,-0.1281,-0.045,0.9616,-0.2707,0.1204,0.2743,0.9541,0.669,0.7326,-0.1252,-0.7377,0.634,-0.2321,-0.0907,0.2476,0.9646,0.0006,-0.0001,0.0001,0.0,0.0,0.0,-0.0766,-0.1402,0.1938,9.8746,19.9252,-86.5592,0.0,0.0435,-0.371,0.0,0.0,0.0,4588769.4399,3755430.6823,3184632.3857,-2284.0221,-2932.478,6741.7527,4588759.5653,3755410.7571,3184718.9449,-2283.9455,-2932.3379,6741.5589,0.0,0.0765,3.9732,0.0,0.0,1.0,0.0,1.0,0.0,0.0,-4.1,-36.453,0.0,0.0,-1.0,-0.7071,0.7071,0.0,2.5450117877919545,0.10288342918079665,-0.264515,1.8699382099458004,9.328226260419923,,
131.5223,52.858,1.943,-1.612,48.885,1.86,-1.605,-0.229,-0.093,0.044,-0.229,-0.093,0.044,-1.71,0.069,-2.295,0.003,-0.005,0.005,0.0,-0.0,0.0,869.268,-0.0,0.0,-0.0,0.0,0.0,0.0,0.0,0.0,0.9917,0.0104,-0.1281,-0.045,0.9616,-0.2707,0.1203,0.2742,0.9541,0.669,0.7326,-0.1252,-0.7377,0.634,-0.2321,-0.0907,0.2476,0.9646,0.0001,-0.0001,0.0001,0.0,0.0,0.0,-0.0766,-0.1402,0.1939,9.8595,19.8976,-86.521,0.0,0.0435,-0.371,0.0,0.0,0.0,4588318.9717,3754852.3764,3185961.6089,-2285.2049,-2933.4459,6740.9317,4588309.1122,3754832.4788,3186048.1299,-2285.1282,-2933.3058,6740.7378,0.0,0.0765,3.9732,0.0,0.0,1.0,0.0,1.0,0.0,0.0,-4.1,-36.453,0.0,0.0,-1.0,-0.7071,0.7071,0.0,2.524637201658884,0.10288342918079665,-0.26428999999999997,1.8539042661626008,9.320291546288042,,
131.7363,52.808,1.923,-1.603,48.835,1.84,-1.596,-0.229,-0.093,0.044,-0.229,-0.093,0.044,-1.709,0.068,-2.294,0.003,-0.005,0.005,0.0,-0.0,0.0,869.268,-0.0,0.0,-0.0,0.0,0.0,0.0,0.0,0.0,0.9917,0.0104,-0.128,-0.045,0.9616,-0.2707,0.1203,0.2742,0.9541,0.669,0.7326,-0.1252,-0.7377,0.634,-0.2321,-0.0907,0.2476,0.9646,0.0001,-0.0001,0.0001,0.0,0.0,0.0,-0.0766,-0.1402,0.1939,9.843,19.8673,-86.4791,0.0,0.0435,-0.371,0.0,0.0,0.0,4587825.5402,3754219.0391,3187416.6312,-2286.4996,-2934.5054,6740.0324,4587815.6972,3754199.1717,3187503.1104,-2286.4229,-2934.3652,6739.8385,0.0,0.0765,3.9732,0.0,0.0,1.0,0.0,1.0,0.0,0.0,-4.1,-36.453,0.0,0.0,-1.0,-0.7071,0.7071,0.0,2.5035051427947974,0.10288342918079665,-0.26404,1.8376852468946514,9.311475197252618,,
131.9511,52.759,1.903,-1.593,48.786,1.821,-1.586,-0.229,-0.093,0.044,-0.229,-0.093,0.044,-1.709,0.067,-2.293,0.003,-0.005,0.005,0.0,-0.0,0.0,869.268,-0.0,0.0,-0.0,0.0,0.0,0.0,0.0,0.0,0.9917,0.0104,-0.128,-0.045,0.9616,-0.2707,0.1203,0.2742,0.9541,0.669,0.7326,-0.1252,-0.7377,0.634,-0.2321,-0.0907,0.2476,0.9646,0.0001,-0.0001,0.0001,0.0,0.0,0.0,-0.0767,-0.1402,0.1939,9.8266,19.8373,-86.4376,0.0,0.0435,-0.371,0.0,0.0,0.0,4587335.5038,3753590.1875,3188860.6349,-2287.7845,-2935.5569,6739.1394,4587325.6773,3753570.3502,3188947.0725,-2287.7079,-2935.4167,6738.9456,0.0,0.0765,3.9732,0.0,0.0,1.0,0.0,1.0,0.0,0.0,-4.1,-36.453,0.0,0.0,-1.0,-0.7071,0.7071,0.0,2.481744950634533,0.10288342918079665,-0.263795,1.8273615792108304,9.302835175197904,,
132.1514,52.713,1.885,-1.584,48.74,1.802,-1.577,-0.229,-0.093,0.044,-0.229,-0.093,0.044,-1.708,0.066,-2.292,0.003,-0.005,0.005,0.0,-0.0,0.0,869.268,-0.0,0.0,-0.0,0.0,0.0,0.0,0.0,0.0,0.9917,0.0104,-0.128,-0.045,0.9616,-0.2706,0.1203,0.2742,0.9541,0.669,0.7326,-0.1252,-0.7377,0.634,-0.2321,-0.0907,0.2476,0.9646,0.0001,-0.0001,0.0001,0.0,0.0,0.0,-0.0767,-0.1402,0.1939,9.8112,19.8092,-86.3988,0.0,0.0435,-0.371,0.0,0.0,0.0,4586877.287,3753002.2861,3190209.9693,-2288.9852,-2936.5393,6738.3045,4586867.4758,3752982.4769,3190296.3681,-2288.9086,-2936.3991,6738.1106,0.0,0.0765,3.9732,0.0,0.0,1.0,0.0,1.0,0.0,0.0,-4.1,-36.453,0.0,0.0,-1.0,-0.7071,0.7071,0.0,2.4621699778853614,0.10288342918079665,-0.263565,1.8052111930980799,9.294724134085314,,
132.353,52.667,1.866,-1.575,48.694,1.783,-1.569,-0.229,-0.093,0.044,-0.229,-0.093,0.044,-1.707,0.065,-2.291,0.003,-0.005,0.005,0.0,-0.0,0.0,869.268,-0.0,0.0,-0.0,0.0,0.0,0.0,0.0,0.0,0.9917,0.0104,-0.128,-0.045,0.9616,-0.2706,0.1203,0.2741,0.9541,0.669,0.7326,-0.1252,-0.7377,0.634,-0.2321,-0.0907,0.2476,0.9646,0.0001,-0.0001,0.0001,0.0,0.0,0.0,-0.0767,-0.1402,0.1939,9.7957,19.7809,-86.3596,0.0,0.0435,-0.371,0.0,0.0,0.0,4586415.2424,3752409.5856,3191569.6896,-2290.1952,-2937.5293,6737.4628,4586405.4467,3752389.8046,3191656.0492,-2290.1185,-2937.3891,6737.2688,0.0,0.0765,3.9732,0.0,0.0,1.0,0.0,1.0,0.0,0.0,-4.1,-36.453,0.0,0.0,-1.0,-0.7071,0.7071,0.0,2.441839675326781,0.10288342918079665,-0.263335,1.803559050053451,9.286613092972726,,
132.5545,52.621,1.847,-1.566,48.648,1.765,-1.56,-0.229,-0.093,0.044,-0.229,-0.093,0.044,-1.707,0.064,-2.29,0.003,-0.005,0.005,0.0,-0.0,0.0,869.268,-0.0,0.0,-0.0,0.0,0.0,0.0,0.0,0.0,0.9917,0.0104,-0.128,-0.045,0.9616,-0.2706,0.1202,0.2741,0.9541,0.669,0.7326,-0.1252,-0.7377,0.634,-0.2321,-0.0907,0.2476,0.9646,0.0001,-0.0001,0.0001,0.0,0.0,0.0,-0.0767,-0.1402,0.1939,9.7803,19.7527,-86.3206,0.0,0.0435,-0.371,0.0,0.0,0.0,4585953.8476,3751817.8318,3192926.6121,-2291.4028,-2938.5173,6736.6222,4585944.0673,3751798.0791,3193012.9326,-2291.3261,-2938.377,6736.4283,0.0,0.0765,3.9732,0.0,0.0,1.0,0.0,1.0,0.0,0.0,-4.1,-36.453,0.0,0.0,-1.0,-0.7071,0.7071,0.0,2.42152121609537,0.10288342918079665,-0.26310500000000003,1.7944672154960404,9.278502051860135,,
132.7672,52.572,1.827,-1.557,48.599,1.745,-1.55,-0.229,-0.093,0.044,-0.229,-0.093,0.044,-1.706,0.063,-2.289,0.003,-0.005,0.005,0.0,-0.0,0.0,869.268,-0.0,0.0,-0.0,0.0,0.0,0.0,0.0,0.0,0.9917,0.0105,-0.128,-0.0451,0.9616,-0.2706,0.1202,0.2741,0.9542,0.669,0.7326,-0.1252,-0.7377,0.634,-0.2321,-0.0907,0.2476,0.9646,0.0001,-0.0001,0.0001,0.0,0.0,0.0,-0.0767,-0.1403,0.1939,9.764,19.7228,-86.2792,0.0,0.0435,-0.371,0.0,0.0,0.0,4585465.136,3751191.1674,3194362.9072,-2292.681,-2939.5629,6735.7321,4585455.372,3751171.4446,3194449.1864,-2292.6043,-2939.4227,6735.5381,0.0,0.0765,3.9732,0.0,0.0,1.0,0.0,1.0,0.0,0.0,-4.1,-36.453,0.0,0.0,-1.0,-0.7071,0.7071,0.0,2.400453707114553,0.10288342918079665,-0.26286000000000004,1.7644285706187675,9.269862029805422,,
132.972,52.526,1.808,-1.548,48.553,1.726,-1.541,-0.229,-0.093,0.044,-0.229,-0.093,0.044,-1.705,0.062,-2.288,0.003,-0.005,0.005,0.0,-0.0,0.0,869.268,-0.0,0.0,-0.0,0.0,0.0,0.0,0.0,0.0,0.9917,0.0105,-0.1279,-0.0451,0.9616,-0.2706,0.1202,0.2741,0.9542,0.669,0.7326,-0.1252,-0.7377,0.634,-0.2321,-0.0907,0.2476,0.9646,0.0001,-0.0001,0.0001,0.0,0.0,0.0,-0.0767,-0.1403,0.194,9.7484,19.6944,-86.2399,0.0,0.0435,-0.371,0.0,0.0,0.0,4585000.4235,3750595.3925,3195727.7518,-2293.8956,-2940.5566,6734.8857,4584990.675,3750575.6981,3195813.9917,-2293.8189,-2940.4163,6734.6917,0.0,0.0765,3.9732,0.0,0.0,1.0,0.0,1.0,0.0,0.0,-4.1,-36.453,0.0,0.0,-1.0,-0.7071,0.7071,0.0,2.3801613390692657,0.10288342918079665,-0.26263000000000003,1.748856741380588,9.261750988692832,,
133.1751,52.479,1.789,-1.539,48.506,1.707,-1.533,-0.229,-0.093,0.044,-0.229,-0.093,0.044,-1.704,0.061,-2.287,0.003,-0.005,0.005,0.0,-0.0,0.0,869.268,-0.0,0.0,-0.0,0.0,0.0,0.0,0.0,0.0,0.9917,0.0105,-0.1279,-0.0451,0.9616,-0.2706,0.1202,0.2741,0.9542,0.669,0.7326,-0.1252,-0.7377,0.634,-0.2321,-0.0907,0.2476,0.9646,0.0001,-0.0001,0.0001,0.0,0.0,0.0,-0.0767,-0.1403,0.194,9.7328,19.6658,-86.2004,0.0,0.0435,-0.371,0.0,0.0,0.0,4584533.1214,3749996.4138,3197099.3009,-2295.1163,-2941.555,6734.0347,4584523.3886,3749976.748,3197185.5013,-2295.0395,-2941.4147,6733.8407,0.0,0.0765,3.9732,0.0,0.0,1.0,0.0,1.0,0.0,0.0,-4.1,-36.453,0.0,0.0,-1.0,-0.7071,0.7071,0.0,2.3598817766998414,0.10288342918079665,-0.262395,1.7476292180131638,9.253463620599533,,
133.3793,52.432,1.77,-1.53,48.459,1.688,-1.524,-0.229,-0.093,0.044,-0.229,-0.093,0.044,-1.704,0.061,-2.287,0.003,-0.005,0.005,0.0,-0.0,0.0,869.268,-0.0,0.0,-0.0,0.0,0.0,0.0,0.0,0.0,0.9917,0.0105,-0.1279,-0.0451,0.9617,-0.2705,0.1202,0.2741,0.9542,0.669,0.7326,-0.1252,-0.7377,0.634,-0.2321,-0.0907,0.2476,0.9646,0.0001,-0.0001,0.0001,0.0,0.0,0.0,-0.0768,-0.1403,0.194,9.7171,19.6372,-86.1608,0.0,0.0435,-0.371,0.0,0.0,0.0,4584064.5262,3749395.8927,3198473.7391,-2296.3395,-2942.5556,6733.1814,4584054.8091,3749376.2555,3198559.8999,-2296.2628,-2942.4153,6732.9874,0.0,0.0765,3.9732,0.0,0.0,1.0,0.0,1.0,0.0,0.0,-4.1,-36.453,0.0,0.0,-1.0,-0.7071,0.7071,0.0,2.3396153530014288,0.10288342918079665,-0.26216,1.732327120697549,9.245176252506235,,
133.5809,52.386,1.752,-1.521,48.413,1.67,-1.515,-0.229,-0.093,0.044,-0.229,-0.093,0.044,-1.703,0.06,-2.286,0.003,-0.005,0.005,0.0,-0.0,0.0,869.268,-0.0,0.0,-0.0,0.0,0.0,0.0,0.0,0.0,0.9917,0.0105,-0.1279,-0.0451,0.9617,-0.2705,0.1201,0.2741,0.9542,0.669,0.7326,-0.1252,-0.7377,0.634,-0.2321,-0.0907,0.2476,0.9646,0.0001,-0.0001,0.0001,0.0,0.0,0.0,-0.0768,-0.1403,0.194,9.7018,19.609,-86.1218,0.0,0.0435,-0.371,0.0,0.0,0.0,4583602.4501,3748803.8396,3199828.1697,-2297.545,-2943.5415,6732.3401,4583592.7483,3748784.2306,3199914.2914,-2297.4682,-2943.4012,6732.1461,0.0,0.0765,3.9732,0.0,0.0,1.0,0.0,1.0,0.0,0.0,-4.1,-36.453,0.0,0.0,-1.0,-0.7071,0.7071,0.0,2.3201174539234,0.10288342918079665,-0.26193,1.7174969159380358,9.237065211393647,,
133.7839,52.339,1.733,-1.512,48.366,1.651,-1.506,-0.229,-0.093,0.044,-0.229,-0.093,0.044,-1.702,0.059,-2.285,0.003,-0.005,0.005,0.0,-0.0,0.0,869.268,-0.0,0.0,-0.0,0.0,0.0,0.0,0.0,0.0,0.9917,0.0105,-0.1279,-0.0451,0.9617,-0.2705,0.1201,0.274,0.9542,0.669,0.7326,-0.1252,-0.7377,0.634,-0.2321,-0.0907,0.2476,0.9646,0.0001,-0.0001,0.0001,0.0,0.0,0.0,-0.0768,-0.1403,0.194,9.6861,19.5804,-86.0823,0.0,0.0435,-0.371,0.0,0.0,0.0,4583135.2906,3748205.387,3201196.6059,-2298.7629,-2944.5376,6731.4896,4583125.6046,3748185.8066,3201282.6882,-2298.6862,-2944.3973,6731.2956,0.0,0.0765,3.9732,0.0,0.0,1.0,0.0,1.0,0.0,0.0,-4.1,-36.453,0.0,0.0,-1.0,-0.7071,0.7071,0.0,2.2998767358273793,0.10288342918079665,-0.261695,1.7023745873478648,9.228777843300348,,
133.9869,52.293,1.714,-1.503,48.32,1.632,-1.497,-0.229,-0.093,0.044,-0.229,-0.093,0.044,-1.702,0.058,-2.284,0.003,-0.005,0.005,0.0,-0.0,0.0,869.268,-0.0,0.0,-0.0,0.0,0.0,0.0,0.0,0.0,0.9917,0.0105,-0.1279,-0.0451,0.9617,-0.2705,0.1201,0.274,0.9542,0.669,0.7326,-0.1252,-0.7377,0.634,-0.2321,-0.0907,0.2476,0.9646,0.0001,-0.0001,0.0001,0.0,0.0,0.0,-0.0768,-0.1404,0.194,9.6705,19.5518,-86.0428,0.0,0.0435,-0.371,0.0,0.0,0.0,4582666.4999,3747604.9602,3202568.919,-2299.9844,-2945.5365,6730.6362,4582656.8294,3747585.4084,3202654.9618,-2299.9076,-2945.3962,6730.4422,0.0,0.0765,3.9732,0.0,0.0,1.0,0.0,1.0,0.0,0.0,-4.1,-36.453,0.0,0.0,-1.0,-0.7071,0.7071,0.0,2.2796501924637473,0.10288342918079665,-0.261465,1.6873092522452113,9.22066680218776,,
134.1912,52.246,1.695,-1.494,48.273,1.613,-1.488,-0.229,-0.093,0.044,-0.229,-0.093,0.044,-1.701,0.057,-2.283,0.003,-0.005,0.005,0.0,-0.0,0.0,869.268,-0.0,0.0,-0.0,0.0,0.0,0.0,0.0,0.0,0.9917,0.0106,-0.1278,-0.0451,0.9617,-0.2705,0.1201,0.274,0.9542,0.669,0.7326,-0.1252,-0.7377,0.634,-0.2321,-0.0907,0.2476,0.9646,0.0001,-0.0001,0.0001,0.0,0.0,0.0,-0.0768,-0.1404,0.194,9.6548,19.5233,-86.0033,0.0,0.0435,-0.371,0.0,0.0,0.0,4582198.7911,3747006.0343,3203937.1657,-2301.2022,-2946.5324,6729.7849,4582189.1363,3746986.511,3204023.169,-2301.1254,-2946.3921,6729.5908,0.0,0.0765,3.9732,0.0,0.0,1.0,0.0,1.0,0.0,0.0,-4.1,-36.453,0.0,0.0,-1.0,-0.7071,0.7071,0.0,2.259438204510139,0.10288342918079665,-0.26123,1.6723904154228406,9.212379434094462,,
134.3945,52.199,1.676,-1.485,48.226,1.594,-1.479,-0.229,-0.093,0.044,-0.229,-0.093,0.044,-1.7,0.056,-2.282,0.003,-0.005,0.005,0.0,-0.0,0.0,869.268,-0.0,0.0,-0.0,0.0,0.0,0.0,0.0,0.0,0.9917,0.0106,-0.1278,-0.0451,0.9617,-0.2705,0.1201,0.274,0.9542,0.669,0.7326,-0.1252,-0.7377,0.634,-0.2321,-0.0907,0.2476,0.9646,0.0001,-0.0001,0.0001,0.0,0.0,0.0,-0.0768,-0.1404,0.1941,9.6392,19.4947,-85.9638,0.0,0.0435,-0.371,0.0,0.0,0.0,4581729.8294,3746405.6185,3205308.1769,-2302.4226,-2947.5303,6728.9314,4581720.1902,3746386.1238,3205394.1407,-2302.3458,-2947.3899,6728.7373,0.0,0.0765,3.9732,0.0,0.0,1.0,0.0,1.0,0.0,0.0,-4.1,-36.453,0.0,0.0,-1.0,-0.7071,0.7071,0.0,2.2392411661096263,0.10288342918079665,-0.260995,1.657579364813414,9.204092066001163,,
134.5971,52.152,1.657,-1.476,48.179,1.575,-1.47,-0.229,-0.093,0.044,-0.229,-0.093,0.044,-1.699,0.055,-2.281,0.003,-0.005,0.005,0.0,-0.0,0.0,869.268,-0.0,0.0,-0.0,0.0,0.0,0.0,0.0,0.0,0.9917,0.0106,-0.1278,-0.0451,0.9617,-0.2705,0.12,0.274,0.9542,0.669,0.7326,-0.1252,-0.7377,0.634,-0.2321,-0.0907,0.2476,0.9646,0.0001,-0.0001,0.0001,0.0,0.0,0.0,-0.0769,-0.1404,0.1941,9.6235,19.466,-85.9241,0.0,0.0435,-0.371,0.0,0.0,0.0,4581259.3253,3745803.3436,3206682.7932,-2303.6462,-2948.5308,6728.0752,4581249.7018,3745783.8775,3206768.7173,-2303.5693,-2948.3904,6727.8811,0.0,0.0765,3.9732,0.0,0.0,1.0,0.0,1.0,0.0,0.0,-4.1,-36.453,0.0,0.0,-1.0,-0.7071,0.7071,0.0,2.2190594854577466,0.10288342918079665,-0.26076,1.642880453667529,9.195804697907866,,
134.7975,52.107,1.638,-1.467,48.133,1.556,-1.461,-0.229,-0.093,0.044,-0.229,-0.093,0.044,-1.699,0.054,-2.28,0.003,-0.005,0.005,0.0,-0.0,0.0,869.268,-0.0,0.0,-0.0,0.0,0.0,0.0,0.0,0.0,0.9917,0.0106,-0.1278,-0.0451,0.9617,-0.2704,0.12,0.274,0.9542,0.669,0.7326,-0.1252,-0.7377,0.634,-0.2321,-0.0907,0.2476,0.9646,0.0001,-0.0001,0.0001,0.0,0.0,0.0,-0.0769,-0.1404,0.1941,9.6082,19.4379,-85.8853,0.0,0.0435,-0.371,0.0,0.0,0.0,4580798.3972,3745213.4383,3208028.5554,-2304.8441,-2949.5103,6727.2364,4580788.789,3745194.0004,3208114.4407,-2304.7672,-2949.3698,6727.0423,0.0,0.0765,3.9732,0.0,0.0,1.0,0.0,1.0,0.0,0.0,-4.1,-36.453,0.0,0.0,-1.0,-0.7071,0.7071,0.0,2.198893585419722,0.10288342918079665,-0.260535,1.6283774404107416,9.187869983775984,,
134.9994,52.06,1.619,-1.458,48.087,1.538,-1.452,-0.229,-0.093,0.044,-0.229,-0.093,0.044,-1.698,0.053,-2.279,0.003,-0.005,0.005,0.0,-0.0,0.0,869.268,-0.0,0.0,-0.0,0.0,0.0,0.0,0.0,0.0,0.9917,0.0106,-0.1278,-0.0451,0.9617,-0.2704,0.12,0.274,0.9542,0.669,0.7326,-0.1252,-0.7377,0.634,-0.2321,-0.0907,0.2476,0.9646,0.0001,-0.0001,0.0001,0.0,0.0,0.0,-0.0769,-0.1404,0.1941,9.5927,19.4096,-85.8462,0.0,0.0435,-0.371,0.0,0.0,0.0,4580333.5601,3744618.6426,3209384.8528,-2306.0515,-2950.4973,6726.3907,4580323.9675,3744599.233,3209470.699,-2305.9746,-2950.3569,6726.1966,0.0,0.0765,3.9732,0.0,0.0,1.0,0.0,1.0,0.0,0.0,-4.1,-36.453,0.0,0.0,-1.0,-0.7071,0.7071,0.0,2.1787439041796537,0.10288342918079665,-0.26030000000000003,1.6188729004170161,9.179582615682687,,
135.2015,52.014,1.6,-1.449,48.041,1.519,-1.443,-0.229,-0.093,0.044,-0.229,-0.093,0.044,-1.697,0.052,-2.278,0.003,-0.005,0.005,0.0,-0.0,0.0,869.268,-0.0,0.0,-0.0,0.0,0.0,0.0,0.0,0.0,0.9918,0.0106,-0.1277,-0.0451,0.9617,-0.2704,0.12,0.2739,0.9542,0.669,0.7326,-0.1252,-0.7377,0.634,-0.2321,-0.0907,0.2476,0.9646,0.0001,-0.0001,0.0001,0.0,0.0,0.0,-0.0769,-0.1405,0.1941,9.5771,19.3812,-85.8069,0.0,0.0435,-0.371,0.0,0.0,0.0,4579866.7175,3744021.3936,3210746.1158,-2307.2632,-2951.488,6725.5414,4579857.1404,3744002.0123,3210831.9227,-2307.1863,-2951.3475,6725.3473,0.0,0.0765,3.9732,0.0,0.0,1.0,0.0,1.0,0.0,0.0,-4.1,-36.453,0.0,0.0,-1.0,-0.7071,0.7071,0.0,2.1586108959235797,0.10288342918079665,-0.26007,1.604355697544892,9.171471574570099,,
135.4052,51.967,1.581,-1.44,47.994,1.5,-1.434,-0.229,-0.093,0.044,-0.229,-0.093,0.044,-1.697,0.051,-2.277,0.003,-0.005,0.005,0.0,-0.0,0.0,869.268,-0.0,0.0,-0.0,0.0,0.0,0.0,0.0,0.0,0.9918,0.0106,-0.1277,-0.0451,0.9617,-0.2704,0.12,0.2739,0.9542,0.669,0.7326,-0.1252,-0.7377,0.634,-0.2321,-0.0907,0.2476,0.9646,0.0001,-0.0001,0.0001,0.0,0.0,0.0,-0.0769,-0.1405,0.1941,9.5614,19.3526,-85.7673,0.0,0.0435,-0.371,0.0,0.0,0.0,4579395.8532,3743419.1141,3212118.208,-2308.4847,-2952.4865,6724.6848,4579386.2918,3743399.7615,3212203.9753,-2308.4078,-2952.346,6724.4907,0.0,0.0765,3.9732,0.0,0.0,1.0,0.0,1.0,0.0,0.0,-4.1,-36.453,0.0,0.0,-1.0,-0.7071,0.7071,0.0,2.1384950315584086,0.10288342918079665,-0.259835,1.5900066396210442,9.1631842064768,,
135.6105,51.921,1.563,-1.431,47.947,1.481,-1.425,-0.23,-0.093,0.044,-0.23,-0.093,0.044,-1.696,0.05,-2.276,0.003,-0.005,0.005,0.0,-0.0,0.0,869.268,-0.0,0.0,-0.0,0.0,0.0,0.0,0.0,0.0,0.9918,0.0107,-0.1277,-0.0451,0.9617,-0.2704,0.1199,0.2739,0.9542,0.669,0.7326,-0.1252,-0.7377,0.634,-0.2321,-0.0907,0.2476,0.9646,0.0001,-0.0001,0.0001,0.0,0.0,0.0,-0.0769,-0.1405,0.1941,9.5458,19.3241,-85.728,0.0,0.0435,-0.371,0.0,0.0,0.0,4578928.32,3742821.2091,3213479.7024,-2309.6968,-2953.4773,6723.8344,4578918.7742,3742801.8849,3213565.4304,-2309.6198,-2953.3368,6723.6403,0.0,0.0765,3.9732,0.0,0.0,1.0,0.0,1.0,0.0,0.0,-4.1,-36.453,0.0,0.0,-1.0,-0.7071,0.7071,0.0,2.1191342571908933,0.10288342918079665,-0.259605,1.571552851580953,9.15507316536421,,
135.8183,51.872,1.543,-1.422,47.899,1.462,-1.416,-0.23,-0.093,0.044,-0.23,-0.093,0.044,-1.695,0.049,-2.275,0.003,-0.005,0.005,0.0,-0.0,0.0,869.268,-0.0,0.0,-0.0,0.0,0.0,0.0,0.0,0.0,0.9918,0.0107,-0.1277,-0.0452,0.9617,-0.2704,0.1199,0.2739,0.9543,0.669,0.7326,-0.1252,-0.7377,0.634,-0.2321,-0.0907,0.2476,0.9646,0.0001,-0.0001,0.0001,0.0,0.0,0.0,-0.0769,-0.1405,0.1942,9.5297,19.2947,-85.6872,0.0,0.0435,-0.371,0.0,0.0,0.0,4578443.7771,3742201.6713,3214889.7961,-2310.9521,-2954.5034,6722.9532,4578434.2474,3742182.3767,3214975.4834,-2310.8752,-2954.3629,6722.759,0.0,0.0765,3.9732,0.0,0.0,1.0,0.0,1.0,0.0,0.0,-4.1,-36.453,0.0,0.0,-1.0,-0.7071,0.7071,0.0,2.09831670631485,0.10288342918079665,-0.25936,1.561750433224995,9.146433143309496,,
136.0241,51.825,1.524,-1.413,47.852,1.443,-1.407,-0.23,-0.093,0.044,-0.23,-0.093,0.044,-1.695,0.048,-2.274,0.003,-0.005,0.005,0.0,-0.0,0.0,869.268,-0.0,0.0,-0.0,0.0,0.0,0.0,0.0,0.0,0.9918,0.0107,-0.1277,-0.0452,0.9617,-0.2704,0.1199,0.2739,0.9543,0.669,0.7326,-0.1252,-0.7377,0.634,-0.2321,-0.0907,0.2476,0.9646,0.0001,-0.0001,0.0001,0.0,0.0,0.0,-0.077,-0.1405,0.1942,9.5139,19.2657,-85.6472,0.0,0.0435,-0.371,0.0,0.0,0.0,4577967.2004,3741592.4365,3216275.7793,-2312.186,-2955.5119,6722.0865,4577957.6865,3741573.1708,3216361.4266,-2312.1091,-2955.3714,6721.8924,0.0,0.0765,3.9732,0.0,0.0,1.0,0.0,1.0,0.0,0.0,-4.1,-36.453,0.0,0.0,-1.0,-0.7071,0.7071,0.0,2.0782552778713206,0.10288342918079665,-0.259125,1.5478146646298834,9.138145775216199,,
136.2255,51.778,1.505,-1.404,47.805,1.424,-1.398,-0.23,-0.093,0.045,-0.23,-0.093,0.045,-1.694,0.047,-2.273,0.003,-0.005,0.005,0.0,-0.0,0.0,869.264,1.0,0.0,-0.0,0.0,0.0,0.0,0.0,0.0,0.9918,0.0107,-0.1277,-0.0452,0.9617,-0.2703,0.1199,0.2739,0.9543,0.669,0.7326,-0.1252,-0.7377,0.634,-0.2321,-0.0907,0.2476,0.9646,0.0001,-0.0001,0.0001,0.0,0.0,0.0,-0.0779,-0.1405,0.1941,9.4982,19.2372,-85.6078,0.0,0.0435,-0.371,0.0,0.0,0.0,4577497.2963,3740991.8468,3217641.4587,-2313.4029,-2956.5056,6721.232,4577487.7981,3740972.6096,3217727.0665,-2313.3249,-2956.3651,6721.0379,0.0,0.0765,3.9732,0.0,0.0,1.0,0.0,1.0,0.0,0.0,-4.1,-36.453,0.0,0.0,-1.0,-0.7071,0.7071,0.0,2.058213059913866,0.10331505214633538,-0.25889,1.5340276117246563,9.1298584071229,,
136.4318,51.731,1.486,-1.394,47.758,1.404,-1.388,-0.23,-0.094,0.052,-0.23,-0.093,0.052,-1.693,0.046,-2.272,0.003,-0.005,0.005,0.0,-0.0,0.0,869.237,1.0,0.0,-0.0,0.0,0.0,0.0,0.0,0.0,0.9918,0.0107,-0.1276,-0.0452,0.9617,-0.2703,0.1199,0.2739,0.9543,0.669,0.7326,-0.1252,-0.7377,0.634,-0.2321,-0.0907,0.2476,0.9646,0.0001,-0.0001,0.0001,0.0,0.0,0.0,-0.0848,-0.1402,0.1933,9.4814,19.2082,-85.5677,0.0,0.0435,-0.3709,0.0,0.0,0.0,4577019.0433,3740380.7048,3219030.4854,-2314.6464,-2957.5159,6720.3616,4577009.562,3740361.4967,3219116.0532,-2314.5616,-2957.3757,6720.1684,0.0,0.0765,3.9732,0.0,0.0,1.0,0.0,1.0,0.0,0.0,-4.1,-36.453,0.0,0.0,-1.0,-0.7071,0.7071,0.0,2.0375063190086062,0.10742439201596628,-0.258655,1.515273667492089,9.121571039029602,,
136.6327,51.685,1.467,-1.383,47.712,1.386,-1.377,-0.23,-0.094,0.056,-0.23,-0.093,0.056,-1.692,0.045,-2.271,0.003,-0.005,0.005,0.0,-0.0,0.0,869.221,-0.0,0.0,-0.0,0.0,0.0,0.0,0.0,0.0,0.9918,0.0107,-0.1276,-0.0452,0.9617,-0.2703,0.1198,0.2738,0.9543,0.669,0.7326,-0.1252,-0.7377,0.634,-0.2321,-0.0907,0.2476,0.9646,0.0001,-0.0001,0.0001,0.0,0.0,0.0,-0.0888,-0.14,0.1928,9.464,19.1803,-85.5294,0.0,0.0435,-0.3709,0.0,0.0,0.0,4576559.06,3739793.0209,3220365.5768,-2315.8391,-2958.4871,6719.5249,4576549.596,3739773.8406,3220451.1062,-2315.7503,-2958.3471,6719.3321,0.0,0.0765,3.9732,0.0,0.0,1.0,0.0,1.0,0.0,0.0,-4.1,-36.453,0.0,0.0,-1.0,-0.7071,0.7071,0.0,2.0161294601289868,0.10941663493271944,-0.258425,1.5036416020520835,9.113459997917012,,
136.8373,51.638,1.448,-1.371,47.665,1.367,-1.366,-0.23,-0.094,0.056,-0.23,-0.093,0.056,-1.692,0.044,-2.27,0.003,-0.005,0.005,0.0,-0.0,0.0,869.221,-0.0,0.0,-0.0,0.0,0.0,0.0,0.0,0.0,0.9918,0.0107,-0.1276,-0.0452,0.9617,-0.2703,0.1198,0.2738,0.9543,0.669,0.7326,-0.1252,-0.7377,0.634,-0.2321,-0.0907,0.2476,0.9646,0.0001,-0.0001,0.0001,0.0,0.0,0.0,-0.0888,-0.14,0.1928,9.4458,19.1517,-85.4899,0.0,0.0435,-0.3709,0.0,0.0,0.0,4576084.7791,3739187.1842,3221741.2749,-2317.064,-2959.488,6718.6628,4576075.3333,3739168.0325,3221826.7648,-2316.9752,-2959.348,6718.47,0.0,0.0765,3.9732,0.0,0.0,1.0,0.0,1.0,0.0,0.0,-4.1,-36.453,0.0,0.0,-1.0,-0.7071,0.7071,0.0,1.9940774809420019,0.10941663493271944,-0.25819,1.50213873407476,9.105172629823715,,
137.0387,51.592,1.429,-1.36,47.619,1.348,-1.355,-0.23,-0.094,0.056,-0.23,-0.093,0.056,-1.691,0.043,-2.269,0.003,-0.005,0.005,0.0,-0.0,0.0,869.221,-0.0,0.0,-0.0,0.0,0.0,0.0,0.0,0.0,0.9918,0.0108,-0.1276,-0.0452,0.9617,-0.2703,0.1198,0.2738,0.9543,0.669,0.7326,-0.1252,-0.7377,0.634,-0.2321,-0.0907,0.2476,0.9646,0.0001,-0.0001,0.0001,0.0,0.0,0.0,-0.0888,-0.14,0.1928,9.4279,19.1235,-85.4511,0.0,0.0435,-0.3709,0.0,0.0,0.0,4575617.9862,3738591.0255,3223094.3718,-2318.2688,-2960.4724,6717.8143,4575608.5582,3738571.9021,3223179.8229,-2318.1799,-2960.3324,6717.6215,0.0,0.0765,3.9732,0.0,0.0,1.0,0.0,1.0,0.0,0.0,-4.1,-36.453,0.0,0.0,-1.0,-0.7071,0.7071,0.0,1.9727242584811495,0.10941663493271944,-0.25795999999999997,1.4868087305869222,9.097061588711124,,
137.2413,51.546,1.41,-1.348,47.572,1.329,-1.343,-0.23,-0.094,0.056,-0.23,-0.093,0.056,-1.69,0.042,-2.268,0.003,-0.005,0.005,0.0,-0.0,0.0,869.221,-0.0,0.0,-0.0,0.0,0.0,0.0,0.0,0.0,0.9918,0.0108,-0.1276,-0.0452,0.9617,-0.2703,0.1198,0.2738,0.9543,0.669,0.7326,-0.1252,-0.7377,0.634,-0.2321,-0.0907,0.2476,0.9646,0.0001,-0.0001,0.0001,0.0,0.0,0.0,-0.0888,-0.1401,0.1928,9.4099,19.0951,-85.412,0.0,0.0435,-0.3709,0.0,0.0,0.0,4575147.8439,3737990.7017,3224456.2939,-2319.4814,-2961.4632,6716.9599,4575138.434,3737971.6067,3224541.7059,-2319.3926,-2961.3232,6716.7671,0.0,0.0765,3.9732,0.0,0.0,1.0,0.0,1.0,0.0,0.0,-4.1,-36.453,0.0,0.0,-1.0,-0.7071,0.7071,0.0,1.95069321011788,0.10941663493271944,-0.25773,1.4706656256237567,9.088950547598536,,
137.4446,51.499,1.391,-1.337,47.526,1.31,-1.332,-0.23,-0.094,0.056,-0.23,-0.093,0.056,-1.69,0.041,-2.267,0.003,-0.005,0.005,0.0,-0.0,0.0,869.221,-0.0,0.0,-0.0,0.0,0.0,0.0,0.0,0.0,0.9918,0.0108,-0.1275,-0.0452,0.9617,-0.2702,0.1198,0.2738,0.9543,0.669,0.7326,-0.1252,-0.7377,0.634,-0.2321,-0.0907,0.2476,0.9646,0.0001,-0.0001,0.0001,0.0,0.0,0.0,-0.0889,-0.1401,0.1928,9.3918,19.0666,-85.3727,0.0,0.0435,-0.3709,0.0,0.0,0.0,4574675.7532,3737388.0038,3225822.9705,-2320.6984,-2962.4575,6716.102,4574666.3613,3737368.9372,3225908.3432,-2320.6095,-2962.3174,6715.9091,0.0,0.0765,3.9732,0.0,0.0,1.0,0.0,1.0,0.0,0.0,-4.1,-36.453,0.0,0.0,-1.0,-0.7071,0.7071,0.0,1.9293651805710603,0.10941663493271944,-0.25749500000000003,1.4555824161099866,9.080663179505239,,
137.6472,51.452,1.372,-1.326,47.479,1.291,-1.321,-0.23,-0.094,0.056,-0.23,-0.093,0.056,-1.689,0.04,-2.266,0.003,-0.005,0.005,0.0,-0.0,0.0,869.221,-0.0,0.0,-0.0,0.0,0.0,0.0,0.0,0.0,0.9918,0.0108,-0.1275,-0.0452,0.9617,-0.2702,0.1197,0.2738,0.9543,0.669,0.7326,-0.1252,-0.7377,0.634,-0.2321,-0.0907,0.2476,0.9646,0.0001,-0.0001,0.0001,0.0,0.0,0.0,-0.0889,-0.1401,0.1929,9.3739,19.0383,-85.3338,0.0,0.0435,-0.3709,0.0,0.0,0.0,4574206.6617,3736789.2477,3227180.0821,-2321.9068,-2963.4447,6715.2496,4574197.2878,3736770.2094,3227265.4159,-2321.818,-2963.3046,6715.0568,0.0,0.0765,3.9732,0.0,0.0,1.0,0.0,1.0,0.0,0.0,-4.1,-36.453,0.0,0.0,-1.0,-0.7071,0.7071,0.0,1.9080513619921242,0.10941663493271944,-0.25726,1.4407932134723562,9.07237581141194,,
137.8598,51.403,1.352,-1.313,47.43,1.271,-1.309,-0.23,-0.094,0.056,-0.23,-0.093,0.056,-1.688,0.038,-2.265,0.003,-0.005,0.008,0.0,-0.0,0.0,869.216,-0.0,0.0,-0.0,0.239,0.0,0.0,0.0,0.0,0.9918,0.0108,-0.1275,-0.0452,0.9617,-0.2702,0.1197,0.2738,0.9543,0.669,0.7326,-0.1252,-0.7377,0.634,-0.2321,-0.0907,0.2476,0.9646,0.0001,-0.0001,0.0001,0.0,0.0,0.0,-0.0889,-0.1401,0.1929,9.3548,19.0081,-85.2922,0.0,0.0435,-0.3709,0.0,0.0,0.0,4573706.4391,3736150.8783,3228626.2905,-2323.1947,-2964.4967,6714.3408,4573697.0843,3736131.8702,3228711.5827,-2323.1058,-2964.3566,6714.1479,0.0,0.0765,3.9732,0.0,0.0,1.0,0.0,1.0,0.0,0.0,-4.1,-36.453,0.0,0.0,-1.0,-0.7071,0.7071,0.0,1.8846413451901134,0.10941663493271944,-0.257015,1.4391174311243757,9.063735789357224,,
138.0709,51.354,1.332,-1.301,47.381,1.252,-1.297,-0.23,-0.093,0.056,-0.23,-0.09,0.056,-1.688,0.037,-2.259,0.003,-0.004,0.048,0.001,-0.0,0.0,869.146,-0.0,0.0,-0.0,0.925,0.0,0.0,0.0,0.0,0.9918,0.0108,-0.1275,-0.0452,0.9618,-0.2701,0.1197,0.2737,0.9544,0.669,0.7326,-0.1252,-0.7377,0.634,-0.2321,-0.0907,0.2476,0.9646,0.0008,-0.0001,0.0001,0.0,0.0,0.0,-0.0889,-0.1401,0.1929,9.336,18.9785,-85.2514,0.0,0.0435,-0.3709,0.0,0.0,0.0,4573215.2418,3735524.1511,3230045.4357,-2324.4584,-2965.5291,6713.4484,4573205.9058,3735505.1726,3230130.6872,-2324.3695,-2965.3889,6713.2556,0.0,0.0765,3.9732,0.0,0.0,1.0,0.0,1.0,0.0,0.0,-4.1,-36.453,0.0,0.0,-1.0,-0.7071,0.7071,0.0,1.8619411913376855,0.10855873986004075,-0.25677,1.4262258603105404,9.055095767302511,,
138.2773,51.307,1.313,-1.29,47.334,1.233,-1.285,-0.23,-0.093,0.056,-0.23,-0.087,0.056,-1.687,0.037,-2.245,0.003,-0.003,0.09,0.002,-0.0,0.0,869.074,-0.0,0.0,-0.0,0.951,0.0,0.0,0.0,0.0,0.9918,0.0109,-0.1275,-0.0452,0.9618,-0.2699,0.1197,0.2734,0.9544,0.669,0.7326,-0.1252,-0.7377,0.634,-0.2321,-0.0907,0.2476,0.9646,0.0016,-0.0001,0.0001,0.0,0.0,0.0,-0.0889,-0.1401,0.1929,9.3177,18.9497,-85.2116,0.0,0.0435,-0.3709,0.0,0.0,0.0,4572735.7887,3734912.5268,3231429.7245,-2325.6912,-2966.536,6712.5775,4572726.4711,3734893.5771,3231514.9361,-2325.6022,-2966.3958,6712.3846,0.0,0.0765,3.9732,0.0,0.0,1.0,0.0,1.0,0.0,0.0,-4.1,-36.453,0.0,0.0,-1.0,-0.7071,0.7071,0.0,1.8406708016372726,0.10855873986004075,-0.256535,1.3965446884490502,9.046808399209214,,
138.4882,51.258,1.293,-1.278,47.285,1.215,-1.273,-0.23,-0.093,0.056,-0.23,-0.084,0.056,-1.686,0.036,-2.221,0.003,-0.002,0.133,0.002,-0.0,0.0,868.999,-0.0,0.0,-0.0,0.951,0.0,0.0,0.0,0.0,0.9918,0.0109,-0.1274,-0.0452,0.9619,-0.2695,0.1196,0.273,0.9545,0.669,0.7326,-0.1252,-0.7377,0.634,-0.2321,-0.0907,0.2476,0.9646,0.0023,-0.0001,0.0001,0.0,0.0,0.0,-0.0889,-0.1402,0.1929,9.2989,18.9202,-85.1708,0.0,0.0435,-0.3709,0.0,0.0,0.0,4572243.9492,3734285.2224,3232848.8276,-2326.9549,-2967.5682,6711.6842,4572234.6503,3734266.3022,3232933.9984,-2326.866,-2967.428,6711.4913,0.0,0.0765,3.9732,0.0,0.0,1.0,0.0,1.0,0.0,0.0,-4.1,-36.453,0.0,0.0,-1.0,-0.7071,0.7071,0.0,1.8180024752458397,0.10855873986004075,-0.25629,1.3863168006245412,9.038168377154499,,
138.6885,51.213,1.274,-1.267,47.239,1.199,-1.262,-0.23,-0.093,0.056,-0.23,-0.081,0.056,-1.686,0.036,-2.191,0.003,-0.0,0.171,0.003,-0.0,0.0,868.934,-0.0,0.0,-0.0,0.951,0.0,0.0,0.0,0.0,0.9918,0.011,-0.1274,-0.0452,0.9621,-0.269,0.1196,0.2725,0.9547,0.669,0.7326,-0.1252,-0.7377,0.634,-0.2321,-0.0907,0.2476,0.9646,0.003,-0.0001,0.0001,0.0,0.0,0.0,-0.089,-0.1402,0.1929,9.2812,18.8924,-85.1323,0.0,0.0435,-0.3709,0.0,0.0,0.0,4571779.8077,3733693.3572,3234187.1337,-2328.1468,-2968.5416,6710.8413,4571770.5266,3733674.4647,3234272.2659,-2328.0579,-2968.4014,6710.6483,0.0,0.0765,3.9732,0.0,0.0,1.0,0.0,1.0,0.0,0.0,-4.1,-36.453,0.0,0.0,-1.0,-0.7071,0.7071,0.0,1.7967651488160603,0.10855873986004075,-0.256065,1.380441697970535,9.030233663022617,,
138.9003,51.164,1.255,-1.255,47.191,1.182,-1.25,-0.23,-0.092,0.056,-0.23,-0.078,0.057,-1.685,0.036,-2.15,0.003,0.001,0.214,0.004,-0.0,0.0,868.859,-0.0,0.0,-0.0,0.951,0.0,0.0,0.0,0.0,0.9918,0.0111,-0.1274,-0.0453,0.9623,-0.2683,0.1196,0.2719,0.9549,0.669,0.7326,-0.1252,-0.7377,0.634,-0.2321,-0.0907,0.2476,0.9646,0.0037,-0.0001,0.0001,0.0,0.0,0.0,-0.089,-0.1402,0.1929,9.2623,18.863,-85.0912,0.0,0.0435,-0.3709,0.0,0.0,0.0,4571285.8232,3733063.5564,3235610.5528,-2329.4145,-2969.5768,6709.9442,4571276.5609,3733044.6934,3235695.6441,-2329.3255,-2969.4366,6709.7513,0.0,0.0765,3.9732,0.0,0.0,1.0,0.0,1.0,0.0,0.0,-4.1,-36.453,0.0,0.0,-1.0,-0.7071,0.7071,0.0,1.7748380207782342,0.10770329614269007,-0.25582,1.3706291869931602,9.021593640967902,,
139.1009,51.118,1.236,-1.243,47.144,1.167,-1.239,-0.23,-0.092,0.057,-0.23,-0.075,0.057,-1.684,0.037,-2.104,0.004,0.002,0.251,0.004,-0.0,0.0,868.794,-0.0,0.0,-0.0,0.951,0.0,0.0,0.0,0.0,0.9918,0.0112,-0.1274,-0.0453,0.9625,-0.2675,0.1196,0.2711,0.9551,0.669,0.7326,-0.1252,-0.7377,0.634,-0.2321,-0.0907,0.2476,0.9646,0.0044,-0.0001,0.0001,0.0,0.0,0.0,-0.089,-0.1402,0.1929,9.2444,18.8352,-85.0525,0.0,0.0435,-0.3708,0.0,0.0,0.0,4570819.1607,3732468.7022,3236954.3568,-2330.6113,-2970.5542,6709.0969,4570809.9163,3732449.867,3237039.4093,-2330.5223,-2970.414,6708.9039,0.0,0.0765,3.9732,0.0,0.0,1.0,0.0,1.0,0.0,0.0,-4.1,-36.453,0.0,0.0,-1.0,-0.7071,0.7071,0.0,1.752924698896105,0.1082266141020775,-0.25559,1.383201036047287,9.013482599855314,,
139.3098,51.07,1.217,-1.232,47.096,1.152,-1.227,-0.23,-0.092,0.057,-0.23,-0.072,0.057,-1.683,0.037,-2.047,0.004,0.003,0.294,0.005,-0.0,0.0,868.72,-0.0,0.0,-0.0,0.951,0.0,0.0,0.0,0.0,0.9918,0.0114,-0.1273,-0.0453,0.9628,-0.2666,0.1196,0.2701,0.9554,0.669,0.7326,-0.1252,-0.7377,0.634,-0.2321,-0.0907,0.2476,0.9646,0.0051,-0.0001,0.0001,0.0,0.0,0.0,-0.089,-0.1402,0.1929,9.2259,18.8063,-85.0121,0.0,0.0435,-0.3708,0.0,0.0,0.0,4570333.054,3731849.18,3238353.2402,-2331.8572,-2971.5715,6708.2143,4570323.828,3731830.3738,3238438.2523,-2331.7682,-2971.4313,6708.0214,0.0,0.0765,3.9732,0.0,0.0,1.0,0.0,1.0,0.0,0.0,-4.1,-36.453,0.0,0.0,-1.0,-0.7071,0.7071,0.0,1.7317369892682895,0.1082266141020775,-0.25535,1.3679783518799689,9.005018904781306,,
139.5218,51.021,1.198,-1.22,47.047,1.137,-1.215,-0.23,-0.092,0.057,-0.231,-0.068,0.057,-1.683,0.038,-1.98,0.004,0.004,0.337,0.006,-0.0,0.0,868.646,-0.0,0.0,-0.0,0.925,0.0,0.0,0.0,0.0,0.9918,0.0115,-0.1273,-0.0453,0.9631,-0.2654,0.1195,0.269,0.9557,0.669,0.7326,-0.1252,-0.7377,0.634,-0.2321,-0.0907,0.2476,0.9646,0.0059,-0.0001,0.0001,0.0,0.0,0.0,-0.089,-0.1403,0.1929,9.2069,18.7768,-84.9708,0.0,0.0435,-0.3708,0.0,0.0,0.0,4569835.6849,3731215.4271,3239783.5691,-2333.1312,-2972.6117,6707.3114,4569826.4779,3731196.6503,3239868.5398,-2333.0421,-2972.4715,6707.1184,0.0,0.0765,3.9732,0.0,0.0,1.0,0.0,1.0,0.0,0.0,-4.1,-36.453,0.0,0.0,-1.0,-0.7071,0.7071,0.0,1.7098549646095718,0.1082266141020775,-0.255105,1.3681570029472032,8.996378882726592,,
139.7226,50.974,1.179,-1.208,47.001,1.123,-1.203,-0.23,-0.092,0.057,-0.231,-0.066,0.057,-1.682,0.039,-1.909,0.004,0.005,0.372,0.006,-0.0,0.0,868.585,-0.0,0.0,-0.0,0.859,0.0,0.0,0.0,0.0,0.9918,0.0117,-0.1273,-0.0453,0.9634,-0.2642,0.1195,0.2678,0.956,0.669,0.7326,-0.1252,-0.7377,0.634,-0.2321,-0.0907,0.2476,0.9646,0.0065,-0.0001,0.0001,0.0,0.0,0.0,-0.089,-0.1403,0.193,9.189,18.749,-84.9318,0.0,0.0435,-0.3708,0.0,0.0,0.0,4569366.5147,3730617.7192,3241131.9123,-2334.3321,-2973.5923,6706.4597,4569357.3257,3730598.9702,3241216.8441,-2334.2431,-2973.452,6706.2668,0.0,0.0765,3.9732,0.0,0.0,1.0,0.0,1.0,0.0,0.0,-4.1,-36.453,0.0,0.0,-1.0,-0.7071,0.7071,0.0,1.687988447827769,0.1082266141020775,-0.25487,1.3747137291337268,8.988091514633293,,
139.9258,50.928,1.161,-1.197,46.954,1.11,-1.192,-0.23,-0.091,0.057,-0.231,-0.064,0.057,-1.681,0.04,-1.83,0.004,0.006,0.392,0.007,-0.0,0.0,868.52,-0.0,0.0,-0.0,0.0,0.0,0.0,0.0,0.0,0.9918,0.0119,-0.1272,-0.0453,0.9638,-0.2629,0.1195,0.2665,0.9564,0.669,0.7326,-0.1252,-0.7377,0.634,-0.2321,-0.0907,0.2476,0.9646,0.0068,-0.0001,0.0001,0.0,0.0,0.0,-0.089,-0.1403,0.193,9.171,18.721,-84.8925,0.0,0.0435,-0.3708,0.0,0.0,0.0,4568893.597,3730015.3489,3242490.1504,-2335.5419,-2974.58,6705.6014,4568884.4261,3729996.6278,3242575.0429,-2335.4529,-2974.4397,6705.4084,0.0,0.0765,3.9732,0.0,0.0,1.0,0.0,1.0,0.0,0.0,-4.1,-36.453,0.0,0.0,-1.0,-0.7071,0.7071,0.0,1.667552098136667,0.10737783756436893,-0.25464,1.3853850472143319,8.979980473520703,,
140.1301,50.881,1.142,-1.185,46.907,1.097,-1.18,-0.23,-0.092,0.057,-0.23,-0.068,0.057,-1.681,0.041,-1.755,0.004,0.005,0.347,0.006,-0.0,0.0,868.462,-0.0,0.0,-0.0,0.0,0.0,0.0,0.0,0.0,0.9918,0.0121,-0.1272,-0.0453,0.9641,-0.2617,0.1195,0.2653,0.9567,0.669,0.7326,-0.1252,-0.7377,0.634,-0.2321,-0.0907,0.2476,0.9646,0.006,-0.0001,0.0001,0.0,0.0,0.0,-0.0891,-0.1403,0.193,9.1529,18.693,-84.8531,0.0,0.0435,-0.3708,0.0,0.0,0.0,4568418.7241,3729410.601,3243853.1222,-2336.756,-2975.5711,6704.7396,4568409.5711,3729391.908,3243937.9753,-2336.6669,-2975.4308,6704.5466,0.0,0.0765,3.9732,0.0,0.0,1.0,0.0,1.0,0.0,0.0,-4.1,-36.453,0.0,0.0,-1.0,-0.7071,0.7071,0.0,1.645718384171484,0.1082266141020775,-0.254405,1.4034548797078035,8.971693105427406,,
140.3319,50.834,1.123,-1.174,46.861,1.083,-1.169,-0.23,-0.092,0.057,-0.23,-0.071,0.057,-1.68,0.042,-1.689,0.004,0.003,0.298,0.005,-0.0,0.0,868.399,-0.0,0.0,-0.0,0.0,0.0,0.0,0.0,0.0,0.9918,0.0122,-0.1272,-0.0453,0.9644,-0.2606,0.1194,0.2642,0.957,0.669,0.7326,-0.1252,-0.7377,0.634,-0.2321,-0.0907,0.2476,0.9646,0.0052,-0.0001,0.0001,0.0,0.0,0.0,-0.0891,-0.1403,0.193,9.1349,18.6649,-84.8138,0.0,0.0435,-0.3707,0.0,0.0,0.0,4567944.566,3728806.8758,3245213.161,-2337.9674,-2976.56,6703.8791,4567935.4312,3728788.2109,3245297.9749,-2337.8783,-2976.4197,6703.6861,0.0,0.0765,3.9732,0.0,0.0,1.0,0.0,1.0,0.0,0.0,-4.1,-36.453,0.0,0.0,-1.0,-0.7071,0.7071,0.0,1.6246245720165629,0.1082266141020775,-0.25417,1.4187335996546857,8.963405737334108,,
140.5448,50.785,1.104,-1.162,46.812,1.067,-1.156,-0.23,-0.092,0.057,-0.23,-0.075,0.057,-1.679,0.043,-1.631,0.004,0.002,0.248,0.004,-0.0,0.0,868.334,-0.0,0.0,-0.0,0.0,0.0,0.0,0.0,0.0,0.9918,0.0124,-0.1271,-0.0453,0.9647,-0.2596,0.1194,0.2632,0.9573,0.669,0.7326,-0.1252,-0.7377,0.634,-0.2321,-0.0907,0.2476,0.9646,0.0043,-0.0001,0.0001,0.0,0.0,0.0,-0.0891,-0.1403,0.193,9.1159,18.6354,-84.7727,0.0,0.0435,-0.3707,0.0,0.0,0.0,4567447.6139,3728174.2489,3246637.6377,-2339.2363,-2977.5958,6702.9774,4567438.498,3728155.6134,3246722.4103,-2339.1472,-2977.4554,6702.7844,0.0,0.0765,3.9732,0.0,0.0,1.0,0.0,1.0,0.0,0.0,-4.1,-36.453,0.0,0.0,-1.0,-0.7071,0.7071,0.0,1.6028287494302065,0.1082266141020775,-0.25392499999999996,1.406567612797126,8.954765715279393,,
140.7507,50.738,1.085,-1.15,46.764,1.051,-1.145,-0.23,-0.093,0.057,-0.23,-0.078,0.057,-1.678,0.043,-1.584,0.003,0.001,0.205,0.004,-0.0,0.0,868.279,-0.0,0.0,-0.0,0.0,0.0,0.0,0.0,0.0,0.9918,0.0125,-0.1271,-0.0453,0.9649,-0.2588,0.1194,0.2624,0.9575,0.669,0.7326,-0.1252,-0.7377,0.634,-0.2321,-0.0907,0.2476,0.9646,0.0036,-0.0001,0.0001,0.0,0.0,0.0,-0.0891,-0.1404,0.193,9.0976,18.6068,-84.7328,0.0,0.0435,-0.3707,0.0,0.0,0.0,4566965.6275,3727560.7905,3248018.2954,-2340.4662,-2978.5996,6702.103,4566956.5299,3727542.1837,3248103.0282,-2340.3771,-2978.4593,6701.9099,0.0,0.0765,3.9732,0.0,0.0,1.0,0.0,1.0,0.0,0.0,-4.1,-36.453,0.0,0.0,-1.0,-0.7071,0.7071,0.0,1.581051865056931,0.10907795377618706,-0.25368999999999997,1.422253498514086,8.946478347186096,,
140.9511,50.692,1.066,-1.139,46.718,1.035,-1.133,-0.23,-0.093,0.057,-0.23,-0.082,0.057,-1.678,0.043,-1.548,0.003,-0.001,0.157,0.003,-0.0,0.0,868.217,-0.0,0.0,-0.0,0.0,0.0,0.0,0.0,0.0,0.9918,0.0126,-0.1271,-0.0453,0.965,-0.2582,0.1194,0.2618,0.9577,0.669,0.7326,-0.1252,-0.7377,0.634,-0.2321,-0.0907,0.2476,0.9646,0.0027,-0.0001,0.0001,0.0,0.0,0.0,-0.0891,-0.1404,0.193,9.0797,18.5788,-84.6939,0.0,0.0435,-0.3707,0.0,0.0,0.0,4566495.1702,3726962.1171,3249365.055,-2341.6659,-2979.5788,6701.2495,4566486.0905,3726943.5383,3249449.7489,-2341.5768,-2979.4385,6701.0565,0.0,0.0765,3.9732,0.0,0.0,1.0,0.0,1.0,0.0,0.0,-4.1,-36.453,0.0,0.0,-1.0,-0.7071,0.7071,0.0,1.5600246792919656,0.10907795377618706,-0.25346,1.412376018259302,8.938367306073507,,
141.1532,50.645,1.047,-1.127,46.672,1.018,-1.122,-0.23,-0.093,0.057,-0.23,-0.085,0.056,-1.677,0.043,-1.521,0.003,-0.002,0.112,0.002,-0.0,0.0,868.159,-0.0,0.0,-0.0,0.052,0.0,0.0,0.0,0.0,0.9918,0.0126,-0.1271,-0.0453,0.9652,-0.2577,0.1194,0.2614,0.9578,0.669,0.7326,-0.1252,-0.7377,0.634,-0.2321,-0.0907,0.2476,0.9646,0.002,-0.0001,0.0001,0.0,0.0,0.0,-0.0891,-0.1404,0.193,9.0617,18.5507,-84.655,0.0,0.0435,-0.3707,0.0,0.0,0.0,4566023.2894,3726361.7429,3250715.0244,-2342.8685,-2980.5603,6700.3935,4566014.2277,3726343.1922,3250799.6794,-2342.7794,-2980.4199,6700.2005,0.0,0.0765,3.9732,0.0,0.0,1.0,0.0,1.0,0.0,0.0,-4.1,-36.453,0.0,0.0,-1.0,-0.7071,0.7071,0.0,1.5382906097353646,0.10907795377618706,-0.25322500000000003,1.4203909013951392,8.93007993798021,,
141.3554,50.599,1.029,-1.116,46.625,1.001,-1.111,-0.23,-0.093,0.057,-0.23,-0.083,0.057,-1.676,0.042,-1.495,0.003,-0.001,0.147,0.003,-0.0,0.0,868.088,-0.0,0.0,-0.0,0.886,0.0,0.0,0.0,0.0,0.9918,0.0127,-0.127,-0.0453,0.9653,-0.2573,0.1193,0.2609,0.9579,0.669,0.7326,-0.1252,-0.7377,0.634,-0.2321,-0.0907,0.2476,0.9646,0.0026,-0.0001,0.0001,0.0,0.0,0.0,-0.0892,-0.1404,0.1931,9.0438,18.5226,-84.616,0.0,0.0435,-0.3707,0.0,0.0,0.0,4565550.6722,3725760.5425,3252066.2336,-2344.0723,-2981.5427,6699.5363,4565541.6285,3725742.0199,3252150.8495,-2343.9831,-2981.4023,6699.3433,0.0,0.0765,3.9732,0.0,0.0,1.0,0.0,1.0,0.0,0.0,-4.1,-36.453,0.0,0.0,-1.0,-0.7071,0.7071,0.0,1.5179911066933165,0.10907795377618706,-0.25299499999999997,1.408730636015915,8.921968896867618,,
141.5614,50.552,1.009,-1.104,46.578,0.985,-1.099,-0.23,-0.093,0.057,-0.23,-0.08,0.057,-1.676,0.042,-1.46,0.003,0.0,0.189,0.003,-0.0,0.0,868.016,-0.0,0.0,-0.0,1.0,0.0,0.0,0.0,0.0,0.9918,0.0128,-0.127,-0.0453,0.9654,-0.2567,0.1193,0.2604,0.9581,0.669,0.7326,-0.1252,-0.7377,0.634,-0.2321,-0.0907,0.2476,0.9646,0.0033,-0.0001,0.0001,0.0,0.0,0.0,-0.0892,-0.1404,0.1931,9.0254,18.4938,-84.5761,0.0,0.0435,-0.3707,0.0,0.0,0.0,4565067.2288,3725145.6856,3253447.4993,-2345.3028,-2982.5469,6698.6596,4565058.2034,3725127.1918,3253532.0754,-2345.2136,-2982.4064,6698.4665,0.0,0.0765,3.9732,0.0,0.0,1.0,0.0,1.0,0.0,0.0,-4.1,-36.453,0.0,0.0,-1.0,-0.7071,0.7071,0.0,1.4956259559127743,0.10907795377618706,-0.25276,1.4199322402731829,8.91368152877432,,
141.7671,50.504,0.99,-1.092,46.53,0.968,-1.087,-0.23,-0.093,0.057,-0.23,-0.077,0.057,-1.675,0.043,-1.418,0.003,0.001,0.225,0.004,-0.0,0.0,867.954,-0.0,0.0,-0.0,0.951,0.0,0.0,0.0,0.0,0.9918,0.0129,-0.127,-0.0453,0.9656,-0.256,0.1193,0.2597,0.9583,0.669,0.7326,-0.1252,-0.7377,0.634,-0.2321,-0.0907,0.2476,0.9646,0.0039,-0.0001,0.0001,0.0,0.0,0.0,-0.0892,-0.1404,0.1931,9.007,18.4652,-84.5363,0.0,0.0435,-0.3706,0.0,0.0,0.0,4564584.6823,3724532.0834,3254825.2991,-2346.5303,-2983.5485,6697.7845,4564575.6752,3724513.6182,3254909.8354,-2346.4411,-2983.408,6697.5914,0.0,0.0765,3.9732,0.0,0.0,1.0,0.0,1.0,0.0,0.0,-4.1,-36.453,0.0,0.0,-1.0,-0.7071,0.7071,0.0,1.4739620076514863,0.10907795377618706,-0.25251999999999997,1.4153061944590961,8.905217833700315,,
141.9721,50.457,0.971,-1.081,46.483,0.953,-1.076,-0.23,-0.093,0.057,-0.23,-0.077,0.057,-1.674,0.043,-1.369,0.003,0.001,0.225,0.004,-0.0,0.0,867.885,-0.0,0.0,-0.0,0.0,0.0,0.0,0.0,0.0,0.9918,0.013,-0.1269,-0.0453,0.9658,-0.2552,0.1193,0.2588,0.9585,0.669,0.7326,-0.1252,-0.7377,0.634,-0.2321,-0.0907,0.2476,0.9646,0.0039,-0.0001,0.0001,0.0,0.0,0.0,-0.0892,-0.1405,0.1931,8.9887,18.4366,-84.4964,0.0,0.0435,-0.3706,0.0,0.0,0.0,4564101.7289,3723918.0803,3256203.36,-2347.7581,-2984.5503,6696.9088,4564092.7402,3723899.6437,3256287.8564,-2347.6689,-2984.4098,6696.7157,0.0,0.0765,3.9732,0.0,0.0,1.0,0.0,1.0,0.0,0.0,-4.1,-36.453,0.0,0.0,-1.0,-0.7071,0.7071,0.0,1.453066412797433,0.10907795377618706,-0.252285,1.4296391806527167,8.896930465607017,,
142.1791,50.409,0.952,-1.069,46.435,0.937,-1.064,-0.23,-0.093,0.057,-0.23,-0.08,0.057,-1.674,0.043,-1.328,0.003,-0.0,0.18,0.003,-0.0,0.0,867.826,-0.0,0.0,-0.0,0.0,0.0,0.0,0.0,0.0,0.9918,0.0131,-0.1269,-0.0454,0.966,-0.2545,0.1193,0.2581,0.9587,0.669,0.7326,-0.1252,-0.7377,0.634,-0.2321,-0.0907,0.2476,0.9646,0.0031,-0.0001,0.0001,0.0,0.0,0.0,-0.0892,-0.1405,0.1931,8.9703,18.4079,-84.4565,0.0,0.0435,-0.3706,0.0,0.0,0.0,4563617.3275,3723302.3508,3257584.6477,-2348.9887,-2985.5543,6696.0306,4563608.3573,3723283.943,3257669.1042,-2348.8995,-2985.4139,6695.8375,0.0,0.0765,3.9732,0.0,0.0,1.0,0.0,1.0,0.0,0.0,-4.1,-36.453,0.0,0.0,-1.0,-0.7071,0.7071,0.0,1.4314555529250637,0.10907795377618706,-0.252045,1.4348231830206524,8.888466770533011,,
142.385,50.362,0.933,-1.057,46.388,0.92,-1.052,-0.23,-0.093,0.057,-0.23,-0.084,0.057,-1.673,0.043,-1.296,0.003,-0.002,0.131,0.002,-0.0,0.0,867.763,-0.0,0.0,-0.0,0.0,0.0,0.0,0.0,0.0,0.9918,0.0132,-0.1269,-0.0454,0.9662,-0.2539,0.1192,0.2576,0.9589,0.669,0.7326,-0.1252,-0.7377,0.634,-0.2321,-0.0907,0.2476,0.9646,0.0023,-0.0001,0.0001,0.0,0.0,0.0,-0.0892,-0.1405,0.1931,8.9519,18.3792,-84.4167,0.0,0.0435,-0.3706,0.0,0.0,0.0,4563134.3679,3722688.5693,3258960.9243,-2350.215,-2986.5548,6695.155,4563125.4159,3722670.1901,3259045.341,-2350.1257,-2986.4143,6694.9619,0.0,0.0765,3.9732,0.0,0.0,1.0,0.0,1.0,0.0,0.0,-4.1,-36.453,0.0,0.0,-1.0,-0.7071,0.7071,0.0,1.4098716253616852,0.10907795377618706,-0.25181000000000003,1.4309820742650232,8.880179402439714,,
142.5937,50.314,0.913,-1.046,46.34,0.902,-1.04,-0.23,-0.094,0.057,-0.23,-0.088,0.056,-1.672,0.042,-1.274,0.003,-0.003,0.081,0.001,-0.0,0.0,867.698,-0.0,0.0,-0.0,0.0,0.0,0.0,0.0,0.0,0.9918,0.0133,-0.1269,-0.0454,0.9663,-0.2536,0.1192,0.2572,0.959,0.669,0.7326,-0.1252,-0.7377,0.634,-0.2321,-0.0907,0.2476,0.9646,0.0014,-0.0001,0.0001,0.0,0.0,0.0,-0.0892,-0.1405,0.1931,8.9333,18.3498,-84.3762,0.0,0.0435,-0.3706,0.0,0.0,0.0,4562641.2146,3722061.9507,3260365.3231,-2351.4663,-2987.5756,6694.2611,4562632.2813,3722043.6008,3260449.6992,-2351.377,-2987.4351,6694.068,0.0,0.0765,3.9732,0.0,0.0,1.0,0.0,1.0,0.0,0.0,-4.1,-36.453,0.0,0.0,-1.0,-0.7071,0.7071,0.0,1.3884109622154386,0.10993179703798169,-0.25157,1.4152695385289509,8.871715707365707,,
142.8036,50.266,0.894,-1.034,46.292,0.883,-1.029,-0.23,-0.094,0.057,-0.23,-0.091,0.056,-1.671,0.042,-1.261,0.003,-0.004,0.038,0.001,-0.0,0.0,867.642,-0.0,0.0,-0.0,0.183,0.0,0.0,0.0,0.0,0.9918,0.0133,-0.1268,-0.0454,0.9663,-0.2533,0.1192,0.257,0.959,0.669,0.7326,-0.1252,-0.7377,0.634,-0.2321,-0.0907,0.2476,0.9646,0.0007,-0.0001,0.0001,0.0,0.0,0.0,-0.0893,-0.1405,0.1931,8.9146,18.3205,-84.3357,0.0,0.0435,-0.3706,0.0,0.0,0.0,4562148.7859,3721436.3719,3261766.7257,-2352.715,-2988.5942,6693.3686,4562139.8714,3721418.0514,3261851.0614,-2352.6257,-2988.4537,6693.1755,0.0,0.0765,3.9732,0.0,0.0,1.0,0.0,1.0,0.0,0.0,-4.1,-36.453,0.0,0.0,-1.0,-0.7071,0.7071,0.0,1.3668913636423343,0.10993179703798169,-0.25133,1.4047213958685096,8.8632520122917,,
143.0092,50.218,0.875,-1.022,46.245,0.864,-1.017,-0.23,-0.094,0.057,-0.23,-0.088,0.057,-1.671,0.041,-1.249,0.003,-0.003,0.079,0.001,-0.0,0.0,867.57,-0.0,0.0,-0.0,1.0,0.0,0.0,0.0,0.0,0.9918,0.0134,-0.1268,-0.0454,0.9664,-0.2531,0.1192,0.2568,0.9591,0.669,0.7326,-0.1252,-0.7377,0.634,-0.2321,-0.0907,0.2476,0.9646,0.0014,-0.0001,0.0001,0.0,0.0,0.0,-0.0893,-0.1405,0.1931,8.8963,18.2918,-84.2961,0.0,0.0435,-0.3705,0.0,0.0,0.0,4561666.6768,3720824.0178,3263137.8591,-2353.9367,-2989.5908,6692.4949,4561657.7805,3720805.726,3263222.1552,-2353.8474,-2989.4502,6692.3017,0.0,0.0765,3.9732,0.0,0.0,1.0,0.0,1.0,0.0,0.0,-4.1,-36.453,0.0,0.0,-1.0,-0.7071,0.7071,0.0,1.3454029136284789,0.10993179703798169,-0.25109000000000004,1.381878575848217,8.854788317217695,,
143.2154,50.171,0.855,-1.01,46.197,0.846,-1.005,-0.23,-0.093,0.057,-0.23,-0.085,0.057,-1.67,0.04,-1.228,0.003,-0.002,0.118,0.002,-0.0,0.0,867.503,-0.0,0.0,-0.0,1.0,0.0,0.0,0.0,0.0,0.9918,0.0134,-0.1268,-0.0454,0.9665,-0.2528,0.1192,0.2565,0.9592,0.669,0.7326,-0.1252,-0.7377,0.634,-0.2321,-0.0907,0.2476,0.9646,0.0021,-0.0001,0.0001,0.0,0.0,0.0,-0.0893,-0.1406,0.1932,8.8778,18.2628,-84.2561,0.0,0.0435,-0.3705,0.0,0.0,0.0,4561179.15,3720204.8988,3264523.4958,-2355.1714,-2990.5978,6691.6114,4561170.2722,3720186.636,3264607.7518,-2355.0821,-2990.4573,6691.4182,0.0,0.0765,3.9732,0.0,0.0,1.0,0.0,1.0,0.0,0.0,-4.1,-36.453,0.0,0.0,-1.0,-0.7071,0.7071,0.0,1.323300797249061,0.10907795377618706,-0.250855,1.3773697841860366,8.846500949124396,,
143.421,50.124,0.836,-0.999,46.15,0.829,-0.994,-0.23,-0.093,0.057,-0.23,-0.082,0.057,-1.669,0.04,-1.2,0.003,-0.001,0.16,0.003,-0.0,0.0,867.431,-0.0,0.0,-0.0,1.0,0.0,0.0,0.0,0.0,0.9918,0.0135,-0.1268,-0.0454,0.9666,-0.2523,0.1191,0.256,0.9593,0.669,0.7326,-0.1252,-0.7377,0.634,-0.2321,-0.0907,0.2476,0.9646,0.0028,-0.0001,0.0001,0.0,0.0,0.0,-0.0893,-0.1406,0.1932,8.8595,18.2342,-84.2164,0.0,0.0435,-0.3705,0.0,0.0,0.0,4560696.5994,3719592.2128,3265894.0934,-2356.3927,-2991.594,6690.737,4560687.7399,3719573.9786,3265978.3098,-2356.3034,-2991.4534,6690.5439,0.0,0.0765,3.9732,0.0,0.0,1.0,0.0,1.0,0.0,0.0,-4.1,-36.453,0.0,0.0,-1.0,-0.7071,0.7071,0.0,1.3026499913637584,0.10907795377618706,-0.25062,1.3745321310381036,8.838213581031098,,
143.6256,50.076,0.817,-0.987,46.103,0.813,-0.982,-0.23,-0.093,0.057,-0.23,-0.079,0.057,-1.669,0.04,-1.163,0.003,0.001,0.201,0.004,-0.0,0.0,867.359,-0.0,0.0,-0.0,1.0,0.0,0.0,0.0,0.0,0.9918,0.0136,-0.1267,-0.0454,0.9667,-0.2517,0.1191,0.2554,0.9595,0.669,0.7326,-0.1252,-0.7377,0.634,-0.2321,-0.0907,0.2476,0.9646,0.0035,-0.0001,0.0001,0.0,0.0,0.0,-0.0893,-0.1406,0.1932,8.8412,18.2056,-84.1768,0.0,0.0435,-0.3705,0.0,0.0,0.0,4560214.3206,3718979.9856,3267263.0317,-2357.6126,-2992.5888,6689.8633,4560205.4793,3718961.78,3267347.2085,-2357.5233,-2992.4482,6689.6701,0.0,0.0765,3.9732,0.0,0.0,1.0,0.0,1.0,0.0,0.0,-4.1,-36.453,0.0,0.0,-1.0,-0.7071,0.7071,0.0,1.28127202420095,0.10907795377618706,-0.25038,1.3807949097211747,8.829749885957092,,
143.8347,50.028,0.798,-0.975,46.054,0.797,-0.97,-0.23,-0.093,0.057,-0.23,-0.076,0.057,-1.668,0.04,-1.118,0.003,0.002,0.238,0.004,-0.0,0.0,867.296,-0.0,0.0,-0.0,0.52,0.0,0.0,0.0,0.0,0.9918,0.0137,-0.1267,-0.0454,0.9669,-0.2509,0.1191,0.2546,0.9597,0.669,0.7326,-0.1252,-0.7377,0.634,-0.2321,-0.0907,0.2476,0.9646,0.0041,-0.0001,0.0001,0.0,0.0,0.0,-0.0893,-0.1406,0.1932,8.8226,18.1765,-84.1363,0.0,0.0435,-0.3705,0.0,0.0,0.0,4559721.9213,3718355.0283,3268659.782,-2358.8573,-2993.6039,6688.9712,4559713.0987,3718336.8517,3268743.9184,-2358.768,-2993.4633,6688.778,0.0,0.0765,3.9732,0.0,0.0,1.0,0.0,1.0,0.0,0.0,-4.1,-36.453,0.0,0.0,-1.0,-0.7071,0.7071,0.0,1.2599321410298254,0.10907795377618706,-0.25014,1.387686416013243,8.821286190883086,,
144.0431,49.98,0.778,-0.963,46.006,0.781,-0.958,-0.23,-0.093,0.057,-0.23,-0.078,0.057,-1.667,0.041,-1.068,0.003,0.001,0.213,0.004,-0.0,0.0,867.229,-0.0,0.0,-0.0,0.0,0.0,0.0,0.0,0.0,0.9918,0.0138,-0.1267,-0.0454,0.9672,-0.2501,0.1191,0.2538,0.9599,0.669,0.7326,-0.1252,-0.7377,0.634,-0.2321,-0.0907,0.2476,0.9646,0.0037,-0.0001,0.0001,0.0,0.0,0.0,-0.0894,-0.1406,0.1932,8.8039,18.1474,-84.0958,0.0,0.0435,-0.3705,0.0,0.0,0.0,4559228.0398,3717728.3075,3270059.8094,-2360.105,-2994.6213,6688.0766,4559219.2359,3717710.1601,3270143.9052,-2360.0156,-2994.4807,6687.8834,0.0,0.0765,3.9732,0.0,0.0,1.0,0.0,1.0,0.0,0.0,-4.1,-36.453,0.0,0.0,-1.0,-0.7071,0.7071,0.0,1.2380036348896557,0.10907795377618706,-0.24989999999999998,1.4047227840688457,8.81282249580908,,
144.2489,49.933,0.759,-0.952,45.959,0.764,-0.947,-0.23,-0.093,0.057,-0.23,-0.082,0.057,-1.667,0.041,-1.029,0.003,-0.0,0.168,0.003,-0.0,0.0,867.17,-0.0,0.0,-0.0,0.0,0.0,0.0,0.0,0.0,0.9918,0.0139,-0.1267,-0.0454,0.9673,-0.2494,0.119,0.2532,0.9601,0.669,0.7326,-0.1252,-0.7377,0.634,-0.2321,-0.0907,0.2476,0.9646,0.0029,-0.0001,0.0001,0.0,0.0,0.0,-0.0894,-0.1406,0.1932,8.7856,18.1187,-84.056,0.0,0.0435,-0.3704,0.0,0.0,0.0,4558742.803,3717112.6723,3271434.4291,-2361.33,-2995.6202,6687.1977,4558734.0175,3717094.5536,3271518.4851,-2361.2406,-2995.4795,6687.0045,0.0,0.0765,3.9732,0.0,0.0,1.0,0.0,1.0,0.0,0.0,-4.1,-36.453,0.0,0.0,-1.0,-0.7071,0.7071,0.0,1.2175323404328937,0.10907795377618706,-0.249665,1.4029222347007295,8.804535127715782,,
144.455,49.885,0.74,-0.94,45.911,0.747,-0.935,-0.23,-0.093,0.057,-0.23,-0.085,0.057,-1.666,0.041,-1.0,0.003,-0.002,0.118,0.002,-0.0,0.0,867.106,-0.0,0.0,-0.0,0.0,0.0,0.0,0.0,0.0,0.9919,0.014,-0.1266,-0.0454,0.9674,-0.249,0.119,0.2527,0.9602,0.669,0.7326,-0.1252,-0.7377,0.634,-0.2321,-0.0907,0.2476,0.9646,0.0021,-0.0001,0.0001,0.0,0.0,0.0,-0.0894,-0.1407,0.1932,8.7671,18.0899,-84.016,0.0,0.0435,-0.3704,0.0,0.0,0.0,4558254.9146,3716493.7876,3272815.6597,-2362.561,-2996.6239,6686.3141,4558246.1476,3716475.6977,3272899.6757,-2362.4716,-2996.4832,6686.1209,0.0,0.0765,3.9732,0.0,0.0,1.0,0.0,1.0,0.0,0.0,-4.1,-36.453,0.0,0.0,-1.0,-0.7071,0.7071,0.0,1.1963277142990545,0.10907795377618706,-0.24942499999999998,1.4004362949900209,8.796071432641774,,
144.6594,49.838,0.721,-0.928,45.864,0.729,-0.923,-0.23,-0.094,0.057,-0.23,-0.089,0.057,-1.665,0.04,-0.981,0.003,-0.003,0.07,0.001,-0.0,0.0,867.042,-0.0,0.0,-0.0,0.0,0.0,0.0,0.0,0.0,0.9919,0.014,-0.1266,-0.0454,0.9675,-0.2486,0.119,0.2524,0.9603,0.669,0.7326,-0.1252,-0.7377,0.634,-0.2321,-0.0907,0.2476,0.9646,0.0012,-0.0001,0.0001,0.0,0.0,0.0,-0.0894,-0.1407,0.1932,8.7488,18.0612,-83.9764,0.0,0.0435,-0.3704,0.0,0.0,0.0,4557771.4517,3715880.6301,3274183.4721,-2363.78,-2997.6177,6685.4386,4557762.7029,3715862.5689,3274267.4485,-2363.6906,-2997.4771,6685.2454,0.0,0.0765,3.9732,0.0,0.0,1.0,0.0,1.0,0.0,0.0,-4.1,-36.453,0.0,0.0,-1.0,-0.7071,0.7071,0.0,1.1751702004390683,0.10993179703798169,-0.24919,1.387217725229018,8.787784064548477,,
144.8683,49.79,0.701,-0.916,45.816,0.71,-0.912,-0.23,-0.094,0.057,-0.23,-0.092,0.057,-1.664,0.039,-0.97,0.003,-0.005,0.027,0.0,-0.0,0.0,866.987,-0.0,0.0,-0.0,0.0,0.0,0.0,0.0,0.0,0.9919,0.0141,-0.1266,-0.0454,0.9676,-0.2485,0.119,0.2522,0.9603,0.669,0.7326,-0.1252,-0.7377,0.634,-0.2321,-0.0907,0.2476,0.9646,0.0005,-0.0001,0.0001,0.0,0.0,0.0,-0.0894,-0.1407,0.1932,8.7302,18.032,-83.9362,0.0,0.0435,-0.3704,0.0,0.0,0.0,4557279.714,3715257.0932,3275573.7883,-2365.0191,-2998.6279,6684.5483,4557270.9837,3715239.0612,3275657.7245,-2364.9297,-2998.4872,6684.355,0.0,0.0765,3.9732,0.0,0.0,1.0,0.0,1.0,0.0,0.0,-4.1,-36.453,0.0,0.0,-1.0,-0.7071,0.7071,0.0,1.1534543770778278,0.10993179703798169,-0.24895,1.3844279310422938,8.77932036947447,,
145.0753,49.742,0.682,-0.905,45.768,0.691,-0.9,-0.23,-0.094,0.057,-0.23,-0.09,0.057,-1.664,0.038,-0.964,0.003,-0.004,0.05,0.001,-0.0,0.0,866.916,-0.0,0.0,-0.0,0.925,0.0,0.0,0.0,0.0,0.9919,0.0141,-0.1266,-0.0454,0.9676,-0.2483,0.119,0.2521,0.9604,0.669,0.7326,-0.1252,-0.7377,0.634,-0.2321,-0.0907,0.2476,0.9646,0.0009,-0.0001,0.0001,0.0,0.0,0.0,-0.0894,-0.1407,0.1933,8.7116,18.0028,-83.896,0.0,0.0435,-0.3704,0.0,0.0,0.0,4556787.4623,3714633.0222,3276964.6435,-2366.2587,-2999.6385,6683.657,4556778.7508,3714615.0194,3277048.5395,-2366.1693,-2999.4978,6683.4638,0.0,0.0765,3.9732,0.0,0.0,1.0,0.0,1.0,0.0,0.0,-4.1,-36.453,0.0,0.0,-1.0,-0.7071,0.7071,0.0,1.1332029826999221,0.10993179703798169,-0.24871,1.3499494265398566,8.770856674400465,,
145.286,49.694,0.662,-0.893,45.72,0.673,-0.888,-0.23,-0.094,0.057,-0.23,-0.087,0.057,-1.663,0.038,-0.949,0.003,-0.003,0.09,0.002,-0.0,0.0,866.846,-0.0,0.0,-0.0,1.0,0.0,0.0,0.0,0.0,0.9919,0.0141,-0.1265,-0.0455,0.9677,-0.2481,0.1189,0.2518,0.9604,0.669,0.7326,-0.1252,-0.7377,0.634,-0.2321,-0.0907,0.2476,0.9646,0.0016,-0.0001,0.0001,0.0,0.0,0.0,-0.0895,-0.1407,0.1933,8.6928,17.9733,-83.8553,0.0,0.0435,-0.3704,0.0,0.0,0.0,4556289.8477,3714002.2703,3278369.7232,-2367.5111,-3000.6594,6682.7562,4556281.1549,3713984.2971,3278453.5785,-2367.4216,-3000.5186,6682.5629,0.0,0.0765,3.9732,0.0,0.0,1.0,0.0,1.0,0.0,0.0,-4.1,-36.453,0.0,0.0,-1.0,-0.7071,0.7071,0.0,1.111617290257758,0.10993179703798169,-0.24847000000000002,1.3466754761994306,8.762392979326458,,
145.4944,49.646,0.643,-0.881,45.672,0.655,-0.876,-0.23,-0.093,0.057,-0.23,-0.084,0.057,-1.662,0.037,-0.926,0.003,-0.001,0.132,0.002,-0.0,0.0,866.773,-0.0,0.0,-0.0,1.0,0.0,0.0,0.0,0.0,0.9919,0.0142,-0.1265,-0.0455,0.9678,-0.2477,0.1189,0.2514,0.9605,0.669,0.7326,-0.1252,-0.7377,0.634,-0.2321,-0.0907,0.2476,0.9646,0.0023,-0.0001,0.0001,0.0,0.0,0.0,-0.0895,-0.1407,0.1933,8.6742,17.9442,-83.8151,0.0,0.0435,-0.3704,0.0,0.0,0.0,4555797.9974,3713378.9423,3279757.6104,-2368.7481,-3001.6677,6681.8658,4555789.3232,3713360.9981,3279841.4255,-2368.6587,-3001.527,6681.6726,0.0,0.0765,3.9732,0.0,0.0,1.0,0.0,1.0,0.0,0.0,-4.1,-36.453,0.0,0.0,-1.0,-0.7071,0.7071,0.0,1.0906924406082588,0.10907795377618706,-0.24823,1.3333621201327457,8.753929284252452,,
145.699,49.599,0.623,-0.869,45.625,0.638,-0.864,-0.23,-0.093,0.057,-0.23,-0.081,0.057,-1.662,0.037,-0.894,0.003,-0.0,0.174,0.003,-0.0,0.0,866.701,-0.0,0.0,-0.0,1.0,0.0,0.0,0.0,0.0,0.9919,0.0143,-0.1265,-0.0455,0.9679,-0.2472,0.1189,0.2509,0.9607,0.669,0.7326,-0.1252,-0.7377,0.634,-0.2321,-0.0907,0.2476,0.9646,0.003,-0.0001,0.0001,0.0,0.0,0.0,-0.0895,-0.1408,0.1933,8.6559,17.9155,-83.7754,0.0,0.0435,-0.3703,0.0,0.0,0.0,4555311.9407,3712763.0698,3281128.2563,-2369.9698,-3002.6635,6680.9861,4555303.2848,3712745.1543,3281212.0317,-2369.8803,-3002.5227,6680.7928,0.0,0.0765,3.9732,0.0,0.0,1.0,0.0,1.0,0.0,0.0,-4.1,-36.453,0.0,0.0,-1.0,-0.7071,0.7071,0.0,1.0692473988745541,0.10907795377618706,-0.247995,1.3413174721904504,8.745641916159153,,
145.9082,49.55,0.604,-0.857,45.577,0.621,-0.852,-0.23,-0.093,0.057,-0.23,-0.081,0.057,-1.661,0.037,-0.856,0.003,-0.0,0.175,0.003,-0.0,0.0,866.641,-0.0,0.0,-0.0,0.0,0.0,0.0,0.0,0.0,0.9919,0.0144,-0.1265,-0.0455,0.9681,-0.2465,0.1189,0.2503,0.9609,0.669,0.7326,-0.1252,-0.7377,0.634,-0.2321,-0.0907,0.2476,0.9646,0.003,-0.0001,0.0001,0.0,0.0,0.0,-0.0895,-0.1408,0.1933,8.6371,17.8862,-83.7348,0.0,0.0435,-0.3703,0.0,0.0,0.0,4554814.8883,3712133.3829,3282528.9926,-2371.2184,-3003.6811,6680.0865,4554806.2512,3712115.4967,3282612.7274,-2371.1289,-3003.5403,6679.8932,0.0,0.0765,3.9732,0.0,0.0,1.0,0.0,1.0,0.0,0.0,-4.1,-36.453,0.0,0.0,-1.0,-0.7071,0.7071,0.0,1.0484583921167305,0.10907795377618706,-0.24775,1.3393133926770342,8.73700189410444,,
146.112,49.504,0.585,-0.846,45.53,0.604,-0.841,-0.23,-0.094,0.057,-0.23,-0.085,0.057,-1.66,0.037,-0.825,0.003,-0.002,0.126,0.002,-0.0,0.0,866.578,-0.0,0.0,-0.0,0.0,0.0,0.0,0.0,0.0,0.9919,0.0145,-0.1264,-0.0455,0.9682,-0.246,0.1189,0.2498,0.961,0.669,0.7326,-0.1252,-0.7377,0.634,-0.2321,-0.0907,0.2476,0.9646,0.0022,-0.0001,0.0001,0.0,0.0,0.0,-0.0895,-0.1408,0.1933,8.619,17.8579,-83.6955,0.0,0.0435,-0.3703,0.0,0.0,0.0,4554334.2735,3711524.6322,3283882.5263,-2372.4249,-3004.6644,6679.2168,4554325.6545,3711506.7744,3283966.2219,-2372.3354,-3004.5236,6679.0235,0.0,0.0765,3.9732,0.0,0.0,1.0,0.0,1.0,0.0,0.0,-4.1,-36.453,0.0,0.0,-1.0,-0.7071,0.7071,0.0,1.0285625892477326,0.10993179703798169,-0.24752,1.338165140716826,8.72889085299185,,
146.3194,49.456,0.565,-0.834,45.482,0.586,-0.829,-0.23,-0.094,0.057,-0.23,-0.088,0.057,-1.66,0.036,-0.804,0.003,-0.003,0.08,0.001,-0.0,0.0,866.518,-0.0,0.0,-0.0,0.0,0.0,0.0,0.0,0.0,0.9919,0.0145,-0.1264,-0.0455,0.9683,-0.2457,0.1188,0.2494,0.9611,0.669,0.7326,-0.1252,-0.7377,0.634,-0.2321,-0.0907,0.2476,0.9646,0.0014,-0.0001,0.0001,0.0,0.0,0.0,-0.0895,-0.1408,0.1933,8.6004,17.8287,-83.6553,0.0,0.0435,-0.3703,0.0,0.0,0.0,4553841.3006,3710900.3432,3285269.9656,-2373.6617,-3005.6722,6678.3248,4553832.7003,3710882.5145,3285353.6209,-2373.5722,-3005.5314,6678.1315,0.0,0.0765,3.9732,0.0,0.0,1.0,0.0,1.0,0.0,0.0,-4.1,-36.453,0.0,0.0,-1.0,-0.7071,0.7071,0.0,1.0073633902420716,0.10993179703798169,-0.24728000000000003,1.3355518430349067,8.720427157917845,,
146.5278,49.408,0.546,-0.822,45.434,0.567,-0.817,-0.23,-0.094,0.057,-0.23,-0.092,0.057,-1.659,0.036,-0.792,0.003,-0.004,0.03,0.001,-0.0,0.0,866.453,-0.0,0.0,-0.0,0.0,0.0,0.0,0.0,0.0,0.9919,0.0146,-0.1264,-0.0455,0.9683,-0.2455,0.1188,0.2492,0.9611,0.669,0.7326,-0.1252,-0.7377,0.634,-0.2321,-0.0907,0.2476,0.9646,0.0005,-0.0001,0.0001,0.0,0.0,0.0,-0.0896,-0.1408,0.1933,8.5817,17.7994,-83.615,0.0,0.0435,-0.3703,0.0,0.0,0.0,4553346.2815,3710273.5789,3286662.2503,-2374.9028,-3006.6836,6677.4292,4553337.6998,3710255.7795,3286745.8653,-2374.8133,-3006.5428,6677.2358,0.0,0.0765,3.9732,0.0,0.0,1.0,0.0,1.0,0.0,0.0,-4.1,-36.453,0.0,0.0,-1.0,-0.7071,0.7071,0.0,0.9868130522039116,0.10993179703798169,-0.24704,1.3107796328020664,8.711963462843837,,
146.7364,49.36,0.526,-0.81,45.387,0.548,-0.806,-0.23,-0.094,0.057,-0.23,-0.094,0.057,-1.658,0.035,-0.79,0.003,-0.005,0.007,0.0,-0.0,0.0,866.423,-0.0,0.0,-0.0,0.0,0.0,0.0,0.0,0.0,0.9919,0.0146,-0.1264,-0.0455,0.9683,-0.2454,0.1188,0.2492,0.9611,0.669,0.7326,-0.1252,-0.7377,0.634,-0.2321,-0.0907,0.2476,0.9646,0.0001,-0.0001,0.0001,0.0,0.0,0.0,-0.0896,-0.1408,0.1933,8.5634,17.7705,-83.5753,0.0,0.0435,-0.3703,0.0,0.0,0.0,4552858.2516,3709655.7781,3288033.9828,-2376.1257,-3007.68,6676.5463,4552849.6882,3709638.0076,3288117.5581,-2376.0361,-3007.5391,6676.3529,0.0,0.0765,3.9732,0.0,0.0,1.0,0.0,1.0,0.0,0.0,-4.1,-36.453,0.0,0.0,-1.0,-0.7071,0.7071,0.0,0.9658032926015526,0.10993179703798169,-0.2468,1.3071711088340494,8.70349976776983,,
146.9425,49.313,0.507,-0.799,45.339,0.529,-0.794,-0.23,-0.094,0.057,-0.23,-0.094,0.057,-1.658,0.034,-0.788,0.003,-0.005,0.007,0.0,-0.0,0.0,866.423,-0.0,0.0,-0.0,0.0,0.0,0.0,0.0,0.0,0.9919,0.0146,-0.1263,-0.0455,0.9684,-0.2454,0.1188,0.2491,0.9612,0.669,0.7326,-0.1252,-0.7377,0.634,-0.2321,-0.0907,0.2476,0.9646,0.0001,-0.0001,0.0001,0.0,0.0,0.0,-0.0896,-0.1409,0.1934,8.5448,17.7414,-83.5353,0.0,0.0435,-0.3703,0.0,0.0,0.0,4552366.7619,3709033.7124,3289414.5435,-2377.3564,-3008.6828,6675.6572,4552358.217,3709015.9709,3289498.0788,-2377.2668,-3008.5419,6675.4638,0.0,0.0765,3.9732,0.0,0.0,1.0,0.0,1.0,0.0,0.0,-4.1,-36.453,0.0,0.0,-1.0,-0.7071,0.7071,0.0,0.9462821989237672,0.10993179703798169,-0.246565,1.272511379225003,8.695212399676533,,
147.1458,49.266,0.488,-0.787,45.292,0.51,-0.782,-0.23,-0.094,0.057,-0.23,-0.094,0.057,-1.657,0.033,-0.787,0.003,-0.005,0.007,0.0,-0.0,0.0,866.423,-0.0,-0.405,-0.0,0.0,0.0,0.0,0.0,0.0,0.9919,0.0146,-0.1263,-0.0455,0.9684,-0.2454,0.1187,0.2491,0.9612,0.669,0.7326,-0.1252,-0.7377,0.634,-0.2321,-0.0907,0.2476,0.9646,0.0001,-0.0001,0.0001,0.0,0.0,0.0,-0.0896,-0.1409,0.1934,8.5266,17.7127,-83.4959,0.0,0.0435,-0.3703,0.0,0.0,0.0,4551882.0167,3708420.2956,3290775.2798,-2378.5695,-3009.6711,6674.7804,4551873.4902,3708402.5829,3290858.7757,-2378.4799,-3009.5302,6674.5871,0.0,0.0765,3.9732,0.0,0.0,1.0,0.0,1.0,0.0,0.0,-4.1,-36.453,0.0,0.0,-1.0,-0.7071,0.7071,0.0,0.9260199781862161,0.10993179703798169,-0.24633,1.247593621687193,8.686925031583236,,
147.3522,49.218,0.468,-0.775,45.244,0.49,-0.771,-0.23,-0.101,0.057,-0.23,-0.1,0.056,-1.656,0.032,-0.785,0.003,-0.005,0.008,0.0,-0.0,0.0,866.4,-0.0,-1.0,-0.0,0.0,0.0,0.0,0.0,0.0,0.9919,0.0146,-0.1263,-0.0455,0.9684,-0.2453,0.1187,0.2491,0.9612,0.669,0.7326,-0.1252,-0.7377,0.634,-0.2321,-0.0907,0.2476,0.9646,0.0001,-0.0001,0.0001,0.0,0.0,0.0,-0.0897,-0.147,0.1918,8.5079,17.6829,-83.4557,0.0,0.0435,-0.3703,0.0,0.0,0.0,4551386.2422,3707793.0358,3292166.0742,-2379.8095,-3010.6873,6673.8822,4551377.7343,3707775.3529,3292249.5299,-2379.7198,-3010.5403,6673.6904,0.0,0.0765,3.9732,0.0,0.0,1.0,0.0,1.0,0.0,0.0,-4.1,-36.453,0.0,0.0,-1.0,-0.7071,0.7071,0.0,0.9053446857412927,0.11597413504743202,-0.24609000000000003,1.2324987832320031,8.67846133650923,,
147.5556,49.171,0.446,-0.764,45.197,0.468,-0.759,-0.23,-0.108,0.057,-0.23,-0.107,0.056,-1.656,0.031,-0.784,0.003,-0.005,0.008,0.0,-0.0,0.0,866.372,-0.0,0.0,-0.0,0.0,0.0,0.0,0.0,0.0,0.9919,0.0146,-0.1263,-0.0455,0.9684,-0.2453,0.1187,0.2491,0.9612,0.669,0.7326,-0.1252,-0.7377,0.634,-0.2321,-0.0907,0.2476,0.9646,0.0001,-0.0001,0.0001,0.0,0.0,0.0,-0.0898,-0.1541,0.19,8.4897,17.6523,-83.417,0.0,0.0435,-0.3703,0.0,0.0,0.0,4550903.9146,3707182.8998,3293518.2718,-2381.0152,-3011.6765,6673.0081,4550895.4249,3707165.2475,3293601.6888,-2380.9253,-3011.5224,6672.8182,0.0,0.0765,3.9732,0.0,0.0,1.0,0.0,1.0,0.0,0.0,-4.1,-36.453,0.0,0.0,-1.0,-0.7071,0.7071,0.0,0.8846536045255228,0.12211879462228571,-0.245855,1.1950784216936396,8.67017396841593,,
147.7597,49.124,0.424,-0.752,45.15,0.446,-0.748,-0.23,-0.108,0.057,-0.23,-0.107,0.056,-1.655,0.029,-0.782,0.003,-0.005,0.008,0.0,-0.0,0.0,866.372,-0.0,0.0,-0.0,0.0,0.0,0.0,0.0,0.0,0.9919,0.0147,-0.1263,-0.0455,0.9684,-0.2453,0.1187,0.2491,0.9612,0.669,0.7326,-0.1252,-0.7377,0.634,-0.2321,-0.0907,0.2476,0.9646,0.0001,-0.0001,0.0001,0.0,0.0,0.0,-0.0898,-0.1541,0.19,8.4713,17.6207,-83.378,0.0,0.0435,-0.3703,0.0,0.0,0.0,4550415.4736,3706565.1419,3294886.7301,-2382.2352,-3012.6704,6672.1249,4550407.0023,3706547.5212,3294970.1082,-2382.1454,-3012.5162,6671.9349,0.0,0.0765,3.9732,0.0,0.0,1.0,0.0,1.0,0.0,0.0,-4.1,-36.453,0.0,0.0,-1.0,-0.7071,0.7071,0.0,0.8632960094892134,0.12211879462228571,-0.24562,1.1783908828656058,8.661886600322633,,
147.9684,49.077,0.402,-0.74,45.103,0.424,-0.736,-0.23,-0.108,0.057,-0.23,-0.107,0.056,-1.654,0.028,-0.78,0.003,-0.005,0.008,0.0,-0.0,0.0,866.372,-0.0,0.0,-0.0,0.0,0.0,0.0,0.0,0.0,0.9919,0.0147,-0.1263,-0.0455,0.9684,-0.2453,0.1187,0.249,0.9612,0.669,0.7326,-0.1252,-0.7377,0.634,-0.2321,-0.0907,0.2476,0.9646,0.0001,-0.0001,0.0001,0.0,0.0,0.0,-0.0899,-0.1542,0.19,8.4528,17.589,-83.3389,0.0,0.0435,-0.3703,0.0,0.0,0.0,4549924.8043,3705944.6788,3296260.5442,-2383.4601,-3013.6681,6671.2378,4549916.3515,3705927.0898,3296343.8831,-2383.3703,-3013.5139,6671.0478,0.0,0.0765,3.9732,0.0,0.0,1.0,0.0,1.0,0.0,0.0,-4.1,-36.453,0.0,0.0,-1.0,-0.7071,0.7071,0.0,0.8421425057554095,0.12211879462228571,-0.245385,1.1509365055609497,8.653599232229336,,
148.1737,49.029,0.38,-0.729,45.055,0.402,-0.725,-0.23,-0.108,0.057,-0.23,-0.108,0.056,-1.654,0.027,-0.779,0.003,-0.005,0.008,0.0,-0.0,0.0,866.372,-0.0,0.0,-0.0,0.0,0.0,0.0,0.0,0.0,0.9919,0.0147,-0.1262,-0.0455,0.9684,-0.2452,0.1186,0.249,0.9612,0.669,0.7326,-0.1252,-0.7377,0.634,-0.2321,-0.0907,0.2476,0.9646,0.0001,-0.0001,0.0001,0.0,0.0,0.0,-0.0899,-0.1542,0.19,8.4344,17.5573,-83.2998,0.0,0.0435,-0.3703,0.0,0.0,0.0,4549434.8847,3705325.2774,3297631.3735,-2384.6824,-3014.6636,6670.3521,4549426.4504,3705307.7201,3297714.6734,-2384.5925,-3014.5094,6670.1621,0.0,0.0765,3.9732,0.0,0.0,1.0,0.0,1.0,0.0,0.0,-4.1,-36.453,0.0,0.0,-1.0,-0.7071,0.7071,0.0,0.8220954932366433,0.12211879462228571,-0.24514500000000003,1.1243481393038954,8.64513553715533,,
148.3832,48.98,0.357,-0.717,45.006,0.379,-0.713,-0.23,-0.108,0.059,-0.23,-0.108,0.058,-1.653,0.026,-0.777,0.003,-0.005,0.008,0.0,-0.0,0.0,866.364,1.0,0.0,-0.0,0.0,0.0,0.0,0.0,0.0,0.9919,0.0147,-0.1262,-0.0456,0.9684,-0.2452,0.1186,0.249,0.9612,0.669,0.7326,-0.1252,-0.7377,0.634,-0.2321,-0.0907,0.2476,0.9646,0.0001,-0.0001,0.0001,0.0,0.0,0.0,-0.0917,-0.1541,0.1898,8.4152,17.5245,-83.2594,0.0,0.0435,-0.3703,0.0,0.0,0.0,4548927.5533,3704683.9808,3299049.9898,-2385.9491,-3015.6937,6669.4348,4548919.1381,3704666.4563,3299133.2492,-2385.8574,-3015.5395,6669.2449,0.0,0.0765,3.9732,0.0,0.0,1.0,0.0,1.0,0.0,0.0,-4.1,-36.453,0.0,0.0,-1.0,-0.7071,0.7071,0.0,0.8009606731918865,0.12306502346320826,-0.24489999999999998,1.0961361538017538,8.636495515100615,,
148.5906,48.932,0.334,-0.704,44.958,0.357,-0.7,-0.23,-0.108,0.065,-0.23,-0.108,0.065,-1.652,0.025,-0.775,0.003,-0.005,0.008,0.0,-0.0,0.0,866.337,1.0,0.0,-0.0,0.0,0.0,0.0,0.0,0.0,0.9919,0.0147,-0.1262,-0.0456,0.9684,-0.2452,0.1186,0.2489,0.9612,0.669,0.7326,-0.1252,-0.7377,0.634,-0.2321,-0.0907,0.2476,0.9646,0.0001,-0.0001,0.0001,0.0,0.0,0.0,-0.0986,-0.1538,0.189,8.3954,17.4926,-83.2201,0.0,0.0435,-0.3702,0.0,0.0,0.0,4548432.0939,3704057.8095,3300434.4926,-2387.1904,-3016.6987,6668.5384,4548423.6985,3704040.3169,3300517.7127,-2387.0919,-3016.5449,6668.3494,0.0,0.0765,3.9732,0.0,0.0,1.0,0.0,1.0,0.0,0.0,-4.1,-36.453,0.0,0.0,-1.0,-0.7071,0.7071,0.0,0.7792124228989166,0.1260515767453942,-0.24466000000000002,1.0779349055357055,8.628031820026608,,
148.8022,48.884,0.311,-0.689,44.91,0.334,-0.685,-0.23,-0.109,0.072,-0.23,-0.108,0.072,-1.652,0.024,-0.774,0.003,-0.006,0.008,0.0,-0.0,0.0,866.31,1.0,0.0,-0.0,0.0,0.0,0.0,0.0,0.0,0.9919,0.0147,-0.1262,-0.0456,0.9684,-0.2452,0.1186,0.2489,0.9612,0.669,0.7326,-0.1252,-0.7377,0.634,-0.2321,-0.0907,0.2476,0.9646,0.0001,-0.0001,0.0001,0.0,0.0,0.0,-0.1056,-0.1535,0.1882,8.3738,17.4601,-83.1803,0.0,0.0435,-0.3702,0.0,0.0,0.0,4547927.7959,3703420.5877,3301842.764,-2388.4531,-3017.721,6667.6261,4547919.422,3703403.1276,3301925.9443,-2388.3476,-3017.5675,6667.4379,0.0,0.0765,3.9732,0.0,0.0,1.0,0.0,1.0,0.0,0.0,-4.1,-36.453,0.0,0.0,-1.0,-0.7071,0.7071,0.0,0.7559378281313881,0.13063307391315568,-0.24442,1.047101060812489,8.619568124952602,,
149.0049,48.837,0.289,-0.674,44.863,0.312,-0.67,-0.23,-0.109,0.079,-0.23,-0.108,0.079,-1.651,0.023,-0.772,0.003,-0.006,0.008,0.0,-0.0,0.0,866.283,1.0,0.687,-0.0,0.0,0.0,0.0,0.0,0.0,0.9919,0.0147,-0.1262,-0.0456,0.9684,-0.2451,0.1186,0.2489,0.9612,0.669,0.7326,-0.1252,-0.7377,0.634,-0.2321,-0.0907,0.2476,0.9646,0.0001,-0.0001,0.0001,0.0,0.0,0.0,-0.1122,-0.1532,0.1874,8.3518,17.4291,-83.1422,0.0,0.0435,-0.3702,0.0,0.0,0.0,4547444.1059,3702809.5196,3303192.6068,-2389.6635,-3018.7008,6666.7513,4547435.754,3702792.0905,3303275.749,-2389.5512,-3018.5476,6666.5638,0.0,0.0765,3.9732,0.0,0.0,1.0,0.0,1.0,0.0,0.0,-4.1,-36.453,0.0,0.0,-1.0,-0.7071,0.7071,0.0,0.7333464392768264,0.13461797799699712,-0.244185,1.0170597853679921,8.611280756859305,,
149.211,48.79,0.268,-0.657,44.816,0.291,-0.653,-0.231,-0.101,0.086,-0.231,-0.101,0.086,-1.65,0.022,-0.77,0.002,-0.006,0.008,0.0,-0.0,0.0,866.228,1.0,1.0,-0.0,0.0,0.0,0.0,0.0,0.0,0.9919,0.0148,-0.1261,-0.0456,0.9684,-0.2451,0.1185,0.2489,0.9613,0.669,0.7326,-0.1252,-0.7377,0.634,-0.2321,-0.0907,0.2476,0.9646,0.0001,-0.0001,0.0,0.0,0.0,0.0,-0.1189,-0.1457,0.1885,8.328,17.3982,-83.1035,0.0,0.0435,-0.3702,0.0,0.0,0.0,4546951.66,3702187.5042,3304566.0009,-2390.8948,-3019.6904,6665.8625,4546943.3319,3702170.106,3304649.1044,-2390.7759,-3019.5447,6665.674,0.0,0.0765,3.9732,0.0,0.0,1.0,0.0,1.0,0.0,0.0,-4.1,-36.453,0.0,0.0,-1.0,-0.7071,0.7071,0.0,0.7095583133189266,0.1326536844569347,-0.24395,0.9860922901526465,8.602993388766006,,
149.4166,48.742,0.247,-0.638,44.768,0.27,-0.635,-0.231,-0.1,0.093,-0.231,-0.099,0.093,-1.65,0.021,-0.769,0.002,-0.006,0.008,0.0,-0.0,0.0,866.195,1.0,0.0,-0.0,0.0,0.0,0.0,0.0,0.0,0.9919,0.0148,-0.1261,-0.0456,0.9684,-0.2451,0.1185,0.2488,0.9613,0.669,0.7326,-0.1252,-0.7377,0.634,-0.2321,-0.0907,0.2476,0.9646,0.0001,-0.0001,0.0,0.0,0.0,0.0,-0.1256,-0.1438,0.1881,8.3029,17.3687,-83.0648,0.0,0.0435,-0.3702,0.0,0.0,0.0,4546460.7131,3701567.4982,3305934.3285,-2392.1217,-3020.682,6664.9751,4546452.4102,3701550.1295,3306017.3933,-2391.9961,-3020.5382,6664.7869,0.0,0.0765,3.9732,0.0,0.0,1.0,0.0,1.0,0.0,0.0,-4.1,-36.453,0.0,0.0,-1.0,-0.7071,0.7071,0.0,0.684143990692018,0.13656134152826707,-0.24370999999999998,0.9648077921453391,8.594529693692,,
149.6191,48.696,0.227,-0.619,44.722,0.25,-0.616,-0.231,-0.1,0.095,-0.231,-0.1,0.095,-1.649,0.019,-0.767,0.002,-0.006,0.008,0.0,-0.0,0.0,866.187,-0.0,0.0,-0.0,0.0,0.0,0.0,0.0,0.0,0.9919,0.0148,-0.1261,-0.0456,0.9684,-0.2451,0.1185,0.2488,0.9613,0.669,0.7326,-0.1252,-0.7377,0.634,-0.2321,-0.0907,0.2476,0.9646,0.0001,-0.0001,0.0,0.0,0.0,0.0,-0.1276,-0.1437,0.1879,8.2774,17.3399,-83.0272,0.0,0.0435,-0.3702,0.0,0.0,0.0,4545981.3918,3700962.2833,3307269.4028,-2393.3142,-3021.6512,6664.1089,4545973.1144,3700944.9434,3307352.43,-2393.1867,-3021.5075,6663.921,0.0,0.0765,3.9732,0.0,0.0,1.0,0.0,1.0,0.0,0.0,-4.1,-36.453,0.0,0.0,-1.0,-0.7071,0.7071,0.0,0.659310245635543,0.1379311422413372,-0.24348,0.9328348313789488,8.58641865257941,,
149.8242,48.649,0.207,-0.6,44.675,0.23,-0.596,-0.231,-0.1,0.095,-0.231,-0.1,0.095,-1.649,0.018,-0.766,0.002,-0.006,0.008,0.0,-0.0,0.0,866.187,-0.0,0.0,-0.0,0.0,0.0,0.0,0.0,0.0,0.9919,0.0148,-0.1261,-0.0456,0.9684,-0.245,0.1185,0.2488,0.9613,0.669,0.7326,-0.1252,-0.7377,0.634,-0.2321,-0.0907,0.2476,0.9646,0.0001,-0.0001,0.0,0.0,0.0,0.0,-0.1276,-0.1437,0.1879,8.2513,17.3104,-82.9885,0.0,0.0435,-0.3702,0.0,0.0,0.0,4545489.4922,3700341.298,3308638.6419,-2394.5353,-3022.6452,6663.2203,4545481.241,3700323.9876,3308721.6304,-2394.4077,-3022.5016,6663.0324,0.0,0.0765,3.9732,0.0,0.0,1.0,0.0,1.0,0.0,0.0,-4.1,-36.453,0.0,0.0,-1.0,-0.7071,0.7071,0.0,0.6347038679573334,0.1379311422413372,-0.24324500000000002,0.8893250591785204,8.578131284486112,,
150.0272,48.602,0.186,-0.581,44.628,0.21,-0.577,-0.231,-0.1,0.095,-0.231,-0.1,0.095,-1.648,0.017,-0.764,0.002,-0.006,0.008,0.0,-0.0,0.0,866.187,-0.0,0.0,-0.0,0.0,0.0,0.0,0.0,0.0,0.9919,0.0148,-0.126,-0.0456,0.9684,-0.245,0.1184,0.2488,0.9613,0.669,0.7326,-0.1252,-0.7377,0.634,-0.2321,-0.0907,0.2476,0.9646,0.0001,-0.0001,0.0,0.0,0.0,0.0,-0.1276,-0.1437,0.1879,8.2254,17.2813,-82.9505,0.0,0.0435,-0.3702,0.0,0.0,0.0,4545003.943,3699728.4395,3309989.3402,-2395.7399,-3023.6258,6662.3433,4544995.7177,3699711.1582,3310072.2906,-2395.6123,-3023.4821,6662.1553,0.0,0.0765,3.9732,0.0,0.0,1.0,0.0,1.0,0.0,0.0,-4.1,-36.453,0.0,0.0,-1.0,-0.7071,0.7071,0.0,0.6100467195223658,0.1379311422413372,-0.24300999999999998,0.8670744680427379,8.569843916392815,,
150.2338,48.554,0.166,-0.561,44.58,0.189,-0.558,-0.231,-0.1,0.095,-0.231,-0.1,0.095,-1.648,0.016,-0.762,0.002,-0.006,0.008,0.0,-0.0,0.0,866.187,-0.0,0.062,-0.0,0.0,0.0,0.0,0.0,0.0,0.9919,0.0148,-0.126,-0.0456,0.9685,-0.245,0.1184,0.2487,0.9613,0.669,0.7326,-0.1252,-0.7377,0.634,-0.2321,-0.0907,0.2476,0.9646,0.0001,-0.0001,0.0,0.0,0.0,0.0,-0.1276,-0.1437,0.1879,8.199,17.2516,-82.9116,0.0,0.0435,-0.3702,0.0,0.0,0.0,4544509.1462,3699104.0212,3311364.8827,-2396.9666,-3024.6244,6661.4496,4544500.9471,3699086.7696,3311447.7943,-2396.839,-3024.4807,6661.2617,0.0,0.0765,3.9732,0.0,0.0,1.0,0.0,1.0,0.0,0.0,-4.1,-36.453,0.0,0.0,-1.0,-0.7071,0.7071,0.0,0.5850444427562748,0.1379311422413372,-0.24277,0.8349635113475258,8.561380221318808,,
150.4439,48.505,0.144,-0.541,44.532,0.168,-0.538,-0.231,-0.097,0.095,-0.231,-0.097,0.095,-1.647,0.014,-0.761,0.002,-0.006,0.008,0.0,-0.0,0.0,866.177,-0.0,1.0,-0.0,0.0,0.0,0.0,0.0,0.0,0.9919,0.0148,-0.126,-0.0456,0.9685,-0.245,0.1184,0.2487,0.9613,0.669,0.7326,-0.1252,-0.7377,0.634,-0.2321,-0.0907,0.2476,0.9646,0.0001,-0.0001,0.0,0.0,0.0,0.0,-0.1276,-0.1411,0.1886,8.172,17.2212,-82.8718,0.0,0.0435,-0.3702,0.0,0.0,0.0,4544001.0967,3698462.9969,3312776.3439,-2398.2255,-3025.6464,6660.5328,4543992.9247,3698445.7757,3312859.2157,-2398.0978,-3025.5053,6660.3442,0.0,0.0765,3.9732,0.0,0.0,1.0,0.0,1.0,0.0,0.0,-4.1,-36.453,0.0,0.0,-1.0,-0.7071,0.7071,0.0,0.5598365832990909,0.13577186748365805,-0.24252500000000002,0.81081325107852,8.552740199264093,,
150.6575,48.456,0.124,-0.52,44.482,0.148,-0.517,-0.231,-0.089,0.096,-0.231,-0.089,0.095,-1.647,0.013,-0.759,0.003,-0.006,0.008,0.0,-0.0,0.0,866.144,-0.0,1.0,-0.0,0.0,0.0,0.0,0.0,0.0,0.9919,0.0148,-0.126,-0.0456,0.9685,-0.2449,0.1184,0.2487,0.9613,0.669,0.7326,-0.1252,-0.7377,0.634,-0.2321,-0.0907,0.2476,0.9646,0.0001,-0.0001,0.0001,0.0,0.0,0.0,-0.1276,-0.1331,0.1907,8.1447,17.1919,-82.8312,0.0,0.0435,-0.3702,0.0,0.0,0.0,4543487.6371,3697815.2686,3314201.8861,-2399.4969,-3026.6732,6659.6077,4543479.4923,3697798.0767,3314284.7173,-2399.3692,-3026.5401,6659.417,0.0,0.0765,3.9732,0.0,0.0,1.0,0.0,1.0,0.0,0.0,-4.1,-36.453,0.0,0.0,-1.0,-0.7071,0.7071,0.0,0.5345802091361034,0.1309083648969767,-0.24228000000000002,0.7767605118543797,8.54410017720938,,
150.8582,48.41,0.107,-0.501,44.436,0.131,-0.498,-0.231,-0.081,0.096,-0.231,-0.081,0.095,-1.646,0.012,-0.757,0.004,-0.006,0.008,0.0,-0.0,0.0,866.114,-0.0,1.0,-0.0,0.0,0.0,0.0,0.0,0.0,0.9919,0.0149,-0.1259,-0.0456,0.9685,-0.2449,0.1183,0.2487,0.9613,0.669,0.7326,-0.1252,-0.7377,0.634,-0.2321,-0.0907,0.2476,0.9646,0.0001,-0.0001,0.0001,0.0,0.0,0.0,-0.1276,-0.1255,0.1926,8.119,17.1659,-82.7926,0.0,0.0435,-0.3702,0.0,0.0,0.0,4543004.1804,3697205.5022,3315543.2585,-2400.6933,-3027.6392,6658.7367,4542996.0614,3697188.3363,3315626.0511,-2400.5656,-3027.5137,6658.5441,0.0,0.0765,3.9732,0.0,0.0,1.0,0.0,1.0,0.0,0.0,-4.1,-36.453,0.0,0.0,-1.0,-0.7071,0.7071,0.0,0.5122987409705395,0.12560652849274992,-0.24205,0.7468261884662764,8.53598913609679,,
151.0648,48.362,0.091,-0.481,44.388,0.115,-0.478,-0.231,-0.073,0.096,-0.231,-0.073,0.096,-1.645,0.01,-0.756,0.004,-0.007,0.008,0.0,-0.0,0.0,866.083,-0.0,1.0,-0.0,0.0,0.0,0.0,0.0,0.0,0.9919,0.0149,-0.1259,-0.0456,0.9685,-0.2449,0.1183,0.2486,0.9613,0.669,0.7326,-0.1252,-0.7377,0.634,-0.2321,-0.0907,0.2476,0.9646,0.0001,-0.0001,0.0001,0.0,0.0,0.0,-0.1277,-0.1177,0.1946,8.0927,17.1409,-82.7527,0.0,0.0435,-0.3702,0.0,0.0,0.0,4542510.0198,3696582.3476,3316913.4579,-2401.9154,-3028.626,6657.8465,4542501.9271,3696565.2068,3316996.2106,-2401.7877,-3028.5083,6657.6519,0.0,0.0765,3.9732,0.0,0.0,1.0,0.0,1.0,0.0,0.0,-4.1,-36.453,0.0,0.0,-1.0,-0.7071,0.7071,0.0,0.489532429977831,0.12060265337047937,-0.24181,0.7167780150842393,8.527525441022783,,
151.2702,48.315,0.077,-0.462,44.341,0.101,-0.459,-0.231,-0.065,0.097,-0.231,-0.065,0.096,-1.644,0.009,-0.754,0.005,-0.007,0.008,0.0,-0.0,0.0,866.052,-0.0,1.0,-0.0,0.0,0.0,0.0,0.0,0.0,0.9919,0.0149,-0.1259,-0.0456,0.9685,-0.2449,0.1183,0.2486,0.9614,0.669,0.7326,-0.1252,-0.7377,0.634,-0.2321,-0.0907,0.2476,0.9646,0.0001,-0.0001,0.0001,0.0,0.0,0.0,-0.1277,-0.11,0.1966,8.0665,17.1175,-82.7125,0.0,0.0435,-0.3702,0.0,0.0,0.0,4542016.2531,3695959.804,3318281.6864,-2403.1358,-3029.6114,6656.9571,4542008.1866,3695942.6866,3318364.3989,-2403.0081,-3029.5014,6656.7605,0.0,0.0765,3.9732,0.0,0.0,1.0,0.0,1.0,0.0,0.0,-4.1,-36.453,0.0,0.0,-1.0,-0.7071,0.7071,0.0,0.46837271483296294,0.11676472069936193,-0.24157499999999998,0.689167907501971,8.519238072929484,,
151.472,48.268,0.065,-0.442,44.294,0.089,-0.439,-0.231,-0.057,0.097,-0.231,-0.057,0.096,-1.643,0.008,-0.753,0.006,-0.007,0.008,0.0,-0.0,0.0,866.021,-0.0,1.0,-0.0,0.0,0.0,0.0,0.0,0.0,0.9919,0.0149,-0.1259,-0.0456,0.9685,-0.2448,0.1183,0.2486,0.9614,0.669,0.7326,-0.1252,-0.7377,0.634,-0.2321,-0.0907,0.2476,0.9646,0.0001,-0.0001,0.0001,0.0,0.0,0.0,-0.1277,-0.1024,0.1986,8.0406,17.096,-82.6725,0.0,0.0435,-0.3702,0.0,0.0,0.0,4541529.1145,3695345.7285,3319630.689,-2404.339,-3030.5828,6656.0798,4541521.0739,3695328.6325,3319713.3615,-2404.2114,-3030.4805,6655.8812,0.0,0.0765,3.9732,0.0,0.0,1.0,0.0,1.0,0.0,0.0,-4.1,-36.453,0.0,0.0,-1.0,-0.7071,0.7071,0.0,0.44675384721342914,0.11250777750893491,-0.24134,0.6622745158671345,8.510950704836187,,
151.6761,48.221,0.054,-0.422,44.247,0.078,-0.42,-0.231,-0.049,0.092,-0.231,-0.049,0.092,-1.642,0.006,-0.751,0.006,-0.007,0.008,0.0,-0.0,0.0,865.972,-1.0,1.0,-0.0,0.0,0.0,0.0,0.0,0.0,0.9919,0.0149,-0.1258,-0.0456,0.9685,-0.2448,0.1182,0.2486,0.9614,0.669,0.7326,-0.1252,-0.7377,0.634,-0.2321,-0.0907,0.2476,0.9646,0.0001,-0.0001,0.0001,0.0,0.0,0.0,-0.1227,-0.0949,0.2011,8.015,17.0759,-82.6318,0.0,0.0435,-0.3702,0.0,0.0,0.0,4541038.8804,3694727.8619,3320987.4039,-2405.5443,-3031.5601,6655.1975,4541030.8654,3694710.786,3321070.0356,-2405.4215,-3031.4651,6654.9964,0.0,0.0765,3.9732,0.0,0.0,1.0,0.0,1.0,0.0,0.0,-4.1,-36.453,0.0,0.0,-1.0,-0.7071,0.7071,0.0,0.42544094772365293,0.10423531071570709,-0.24110499999999999,0.6475832861893291,8.50266333674289,,
151.8834,48.173,0.044,-0.404,44.199,0.069,-0.402,-0.232,-0.041,0.086,-0.232,-0.041,0.085,-1.641,0.005,-0.75,0.007,-0.007,0.008,0.0,-0.0,0.0,865.914,-1.0,1.0,-0.0,0.0,0.0,0.0,0.0,0.0,0.9919,0.015,-0.1258,-0.0457,0.9685,-0.2448,0.1182,0.2485,0.9614,0.669,0.7326,-0.1252,-0.7377,0.634,-0.2321,-0.0907,0.2476,0.9646,0.0001,-0.0001,0.0001,0.0,0.0,0.0,-0.1159,-0.0875,0.2039,7.9904,17.057,-82.5899,0.0,0.0435,-0.3701,0.0,0.0,0.0,4540541.7958,3694101.4735,3322362.2016,-2406.7637,-3032.5504,6654.3032,4540533.8054,3694084.4165,3322444.7915,-2406.6479,-3032.4629,6654.0993,0.0,0.0765,3.9732,0.0,0.0,1.0,0.0,1.0,0.0,0.0,-4.1,-36.453,0.0,0.0,-1.0,-0.7071,0.7071,0.0,0.40638897622844056,0.0952732911156112,-0.240865,0.6348108765042595,8.494199641668883,,
152.0879,48.125,0.037,-0.387,44.151,0.061,-0.385,-0.232,-0.033,0.079,-0.232,-0.033,0.079,-1.639,0.003,-0.748,0.007,-0.007,0.008,0.0,-0.0,0.0,865.857,-1.0,1.0,-0.0,0.0,0.0,0.0,0.0,0.0,0.9919,0.015,-0.1258,-0.0457,0.9685,-0.2448,0.1182,0.2485,0.9614,0.669,0.7326,-0.1252,-0.7377,0.634,-0.2321,-0.0907,0.2476,0.9646,0.0001,-0.0001,0.0001,0.0,0.0,0.0,-0.1091,-0.0801,0.2067,7.9673,17.0399,-82.5479,0.0,0.0435,-0.3701,0.0,0.0,0.0,4540049.0843,3693480.7068,3323724.0348,-2407.9717,-3033.5313,6653.4169,4540041.1169,3693463.6669,3323806.5827,-2407.8627,-3033.4512,6653.2101,0.0,0.0765,3.9732,0.0,0.0,1.0,0.0,1.0,0.0,0.0,-4.1,-36.453,0.0,0.0,-1.0,-0.7071,0.7071,0.0,0.3887647103326124,0.08561541917201597,-0.240625,0.6037980892152717,8.485735946594877,,
152.2965,48.077,0.031,-0.371,44.103,0.055,-0.369,-0.232,-0.027,0.073,-0.232,-0.026,0.072,-1.638,0.002,-0.746,0.008,-0.007,0.008,0.0,-0.0,0.0,865.808,-1.0,0.0,-0.0,0.0,0.0,0.0,0.0,0.0,0.9919,0.015,-0.1258,-0.0457,0.9685,-0.2447,0.1181,0.2485,0.9614,0.669,0.7326,-0.1252,-0.7377,0.634,-0.2321,-0.0907,0.2476,0.9646,0.0001,-0.0001,0.0001,0.0,0.0,0.0,-0.1022,-0.0746,0.209,7.9453,17.0239,-82.5045,0.0,0.0435,-0.3701,0.0,0.0,0.0,4539547.3689,3692848.7104,3325109.8668,-2409.2011,-3034.5315,6652.5139,4539539.4236,3692831.6864,3325192.3713,-2409.0989,-3034.4569,6652.3048,0.0,0.0765,3.9732,0.0,0.0,1.0,0.0,1.0,0.0,0.0,-4.1,-36.453,0.0,0.0,-1.0,-0.7071,0.7071,0.0,0.37229289544658245,0.07783315488916018,-0.240385,0.5853588842029195,8.477272251520871,,
152.5045,48.029,0.025,-0.357,44.055,0.05,-0.355,-0.232,-0.027,0.066,-0.232,-0.026,0.065,-1.636,0.0,-0.745,0.008,-0.007,0.008,0.0,-0.0,0.0,865.78,-1.0,0.0,-0.0,0.0,0.0,0.0,0.0,0.0,0.9919,0.0151,-0.1257,-0.0457,0.9685,-0.2447,0.1181,0.2485,0.9614,0.669,0.7326,-0.1252,-0.7377,0.634,-0.2321,-0.0907,0.2476,0.9646,0.0001,-0.0001,0.0001,0.0,0.0,0.0,-0.0953,-0.075,0.2099,7.9248,17.0084,-82.4609,0.0,0.0435,-0.3701,0.0,0.0,0.0,4539044.9846,3692215.9848,3326496.6498,-2410.4314,-3035.5382,6651.6083,4539037.0598,3692198.9765,3326579.1107,-2410.336,-3035.4632,6651.3984,0.0,0.0765,3.9732,0.0,0.0,1.0,0.0,1.0,0.0,0.0,-4.1,-36.453,0.0,0.0,-1.0,-0.7071,0.7071,0.0,0.35787427960109114,0.07130918594402828,-0.24014500000000003,0.5799181646754865,8.468808556446865,,
152.7098,47.981,0.02,-0.344,44.007,0.045,-0.342,-0.232,-0.027,0.059,-0.232,-0.026,0.058,-1.635,-0.001,-0.743,0.008,-0.007,0.007,0.0,-0.0,0.0,865.753,-1.0,0.0,-0.0,0.0,0.0,0.0,0.0,0.0,0.992,0.0151,-0.1257,-0.0457,0.9685,-0.2447,0.1181,0.2485,0.9614,0.669,0.7326,-0.1252,-0.7377,0.634,-0.2321,-0.0907,0.2476,0.9646,0.0001,-0.0001,0.0001,0.0,0.0,0.0,-0.0886,-0.0753,0.2107,7.9059,16.9929,-82.4176,0.0,0.0435,-0.3701,0.0,0.0,0.0,4538549.4702,3691592.0215,3327863.5905,-2411.6441,-3036.5304,6650.7151,4538541.5643,3691575.0285,3327946.0081,-2411.5555,-3036.4551,6650.5045,0.0,0.0765,3.9732,0.0,0.0,1.0,0.0,1.0,0.0,0.0,-4.1,-36.453,0.0,0.0,-1.0,-0.7071,0.7071,0.0,0.34458090486850834,0.06488451279003334,-0.239905,0.5651288825209688,8.460344861372858,,
152.9191,47.933,0.014,-0.332,43.959,0.039,-0.33,-0.232,-0.026,0.056,-0.232,-0.026,0.055,-1.633,-0.002,-0.742,0.008,-0.007,0.007,0.0,-0.0,0.0,865.741,-0.0,0.0,-0.0,0.0,0.0,0.0,0.0,0.0,0.992,0.0151,-0.1257,-0.0458,0.9685,-0.2447,0.118,0.2484,0.9614,0.669,0.7326,-0.1252,-0.7377,0.634,-0.2321,-0.0907,0.2476,0.9646,0.0001,-0.0001,0.0001,0.0,0.0,0.0,-0.0854,-0.0755,0.2111,7.8881,16.9773,-82.374,0.0,0.0435,-0.3701,0.0,0.0,0.0,4538050.2986,3690963.5649,3329239.74,-2412.8686,-3037.5291,6649.8151,4538042.4106,3690946.5876,3329322.114,-2412.7832,-3037.4537,6649.604,0.0,0.0765,3.9732,0.0,0.0,1.0,0.0,1.0,0.0,0.0,-4.1,-36.453,0.0,0.0,-1.0,-0.7071,0.7071,0.0,0.3322950496170535,0.06174139616173253,-0.239665,0.5503145641668891,8.451881166298852,,
153.1228,47.886,0.009,-0.321,43.912,0.034,-0.319,-0.232,-0.027,0.056,-0.232,-0.026,0.055,-1.631,-0.004,-0.74,0.008,-0.007,0.007,0.0,-0.0,0.0,865.741,-0.0,0.0,-0.0,0.0,0.0,0.0,0.0,0.0,0.992,0.0152,-0.1257,-0.0458,0.9685,-0.2446,0.118,0.2484,0.9614,0.669,0.7326,-0.1252,-0.7377,0.634,-0.2321,-0.0907,0.2476,0.9646,0.0001,-0.0001,0.0001,0.0,0.0,0.0,-0.0854,-0.0755,0.2111,7.8706,16.9619,-82.3309,0.0,0.0435,-0.3701,0.0,0.0,0.0,4537558.2574,3690344.196,3330595.3654,-2414.078,-3038.5128,6648.9276,4537550.3867,3690327.2341,3330677.6963,-2413.9926,-3038.4373,6648.7165,0.0,0.0765,3.9732,0.0,0.0,1.0,0.0,1.0,0.0,0.0,-4.1,-36.453,0.0,0.0,-1.0,-0.7071,0.7071,0.0,0.32112614343899193,0.062169124169478215,-0.23943,0.5372282458352107,8.443593798205555,,
153.3254,47.839,0.003,-0.31,43.865,0.029,-0.308,-0.232,-0.027,0.056,-0.232,-0.026,0.055,-1.63,-0.005,-0.739,0.008,-0.007,0.007,0.0,-0.0,0.0,865.741,-0.0,0.0,-0.0,0.0,0.0,0.0,0.0,0.0,0.992,0.0152,-0.1256,-0.0458,0.9685,-0.2446,0.118,0.2484,0.9614,0.669,0.7326,-0.1252,-0.7377,0.634,-0.2321,-0.0907,0.2476,0.9646,0.0001,-0.0001,0.0001,0.0,0.0,0.0,-0.0855,-0.0755,0.2111,7.8535,16.9467,-82.2884,0.0,0.0435,-0.3701,0.0,0.0,0.0,4537071.2665,3689731.2925,3331936.2302,-2415.2743,-3039.4857,6648.0493,4537063.4131,3689714.3457,3332018.5186,-2415.1889,-3039.4102,6647.8382,0.0,0.0765,3.9732,0.0,0.0,1.0,0.0,1.0,0.0,0.0,-4.1,-36.453,0.0,0.0,-1.0,-0.7071,0.7071,0.0,0.31001451578918043,0.062169124169478215,-0.239195,0.5351382444292638,8.435306430112256,,
153.5267,47.792,-0.002,-0.299,43.818,0.023,-0.297,-0.232,-0.027,0.056,-0.232,-0.026,0.055,-1.628,-0.006,-0.737,0.008,-0.007,0.007,0.0,-0.0,0.0,865.741,-0.0,0.0,-0.0,0.0,0.0,0.0,0.0,0.0,0.992,0.0152,-0.1256,-0.0458,0.9685,-0.2446,0.1179,0.2484,0.9615,0.669,0.7326,-0.1252,-0.7377,0.634,-0.2321,-0.0907,0.2476,0.9646,0.0001,-0.0001,0.0001,0.0,0.0,0.0,-0.0855,-0.0755,0.2111,7.8362,16.9315,-82.2458,0.0,0.0435,-0.3701,0.0,0.0,0.0,4536583.6029,3689117.65,3333278.1047,-2416.4715,-3040.4593,6647.1698,4536575.7667,3689100.7185,3333360.3505,-2416.3861,-3040.3838,6646.9587,0.0,0.0765,3.9732,0.0,0.0,1.0,0.0,1.0,0.0,0.0,-4.1,-36.453,0.0,0.0,-1.0,-0.7071,0.7071,0.0,0.2990066888883926,0.062169124169478215,-0.23896,0.510239334297009,8.427019062018958,,
153.7303,47.745,-0.007,-0.287,43.771,0.018,-0.286,-0.232,-0.027,0.056,-0.232,-0.026,0.055,-1.627,-0.008,-0.736,0.008,-0.007,0.007,0.0,-0.0,0.0,865.741,-0.0,0.0,-0.0,0.0,0.0,0.0,0.0,0.0,0.992,0.0152,-0.1256,-0.0458,0.9685,-0.2446,0.1179,0.2484,0.9615,0.669,0.7326,-0.1252,-0.7377,0.634,-0.2321,-0.0907,0.2476,0.9646,0.0001,-0.0001,0.0001,0.0,0.0,0.0,-0.0855,-0.0755,0.2111,7.8188,16.9162,-82.2028,0.0,0.0435,-0.3701,0.0,0.0,0.0,4536092.1137,3688499.3021,3334629.6539,-2417.6774,-3041.4399,6646.2836,4536084.2949,3688482.3859,3334711.8567,-2417.5919,-3041.3644,6646.0724,0.0,0.0765,3.9732,0.0,0.0,1.0,0.0,1.0,0.0,0.0,-4.1,-36.453,0.0,0.0,-1.0,-0.7071,0.7071,0.0,0.2870853531617383,0.062169124169478215,-0.238725,0.5066014621252263,8.41873169392566,,
153.9421,47.695,-0.013,-0.276,43.722,0.013,-0.274,-0.232,-0.026,0.051,-0.232,-0.026,0.051,-1.625,-0.009,-0.734,0.008,-0.006,0.007,0.0,-0.0,0.0,865.723,-1.0,0.0,-0.0,0.0,0.0,0.0,0.0,0.0,0.992,0.0153,-0.1256,-0.0459,0.9686,-0.2445,0.1179,0.2483,0.9615,0.669,0.7326,-0.1252,-0.7377,0.634,-0.2321,-0.0907,0.2476,0.9646,0.0001,-0.0001,0.0001,0.0,0.0,0.0,-0.081,-0.0757,0.2117,7.8008,16.9,-82.1576,0.0,0.0435,-0.3701,0.0,0.0,0.0,4535574.5822,3687848.3071,3336051.8942,-2418.9419,-3042.4719,6645.351,4535566.7814,3687831.4071,3336134.0518,-2418.8609,-3042.3962,6645.1393,0.0,0.0765,3.9732,0.0,0.0,1.0,0.0,1.0,0.0,0.0,-4.1,-36.453,0.0,0.0,-1.0,-0.7071,0.7071,0.0,0.27630598980116233,0.05724508712544684,-0.238475,0.49494416973774163,8.409915344890237,,
154.1517,47.647,-0.019,-0.266,43.673,0.007,-0.264,-0.232,-0.026,0.044,-0.232,-0.026,0.044,-1.623,-0.01,-0.733,0.008,-0.006,0.007,0.0,-0.0,0.0,865.695,-1.0,0.0,-0.0,0.0,0.0,0.0,0.0,0.0,0.992,0.0153,-0.1255,-0.0459,0.9686,-0.2445,0.1179,0.2483,0.9615,0.669,0.7326,-0.1252,-0.7377,0.634,-0.2321,-0.0907,0.2476,0.9646,0.0001,-0.0001,0.0001,0.0,0.0,0.0,-0.0741,-0.0761,0.2125,7.7846,16.884,-82.113,0.0,0.0434,-0.3701,0.0,0.0,0.0,4535065.92,3687208.585,3337448.8444,-2420.1815,-3043.4857,6644.4347,4535058.1354,3687191.701,3337530.9574,-2420.1074,-3043.4096,6644.2222,0.0,0.0765,3.9732,0.0,0.0,1.0,0.0,1.0,0.0,0.0,-4.1,-36.453,0.0,0.0,-1.0,-0.7071,0.7071,0.0,0.26667770810474584,0.051107729356722545,-0.238235,0.48190687450432135,8.40145164981623,,
154.3532,47.6,-0.024,-0.257,43.626,0.002,-0.256,-0.232,-0.026,0.038,-0.232,-0.026,0.037,-1.623,-0.011,-0.731,-0.002,-0.006,0.007,0.0,-0.0,-0.0,865.667,-1.0,0.0,-0.0,0.0,0.0,0.0,0.0,0.0,0.992,0.0153,-0.1255,-0.0459,0.9686,-0.2445,0.1178,0.2483,0.9615,0.669,0.7326,-0.1252,-0.7377,0.634,-0.2321,-0.0907,0.2476,0.9646,0.0001,-0.0001,-0.0,0.0,0.0,0.0,-0.0675,-0.0764,0.2133,7.7703,16.8687,-82.0701,0.0,0.0434,-0.3701,0.0,0.0,0.0,4534577.9229,3686594.9602,3338788.1883,-2421.3699,-3044.4576,6643.5558,4534570.1526,3686578.0915,3338870.2584,-2421.3024,-3044.3812,6643.3425,0.0,0.0765,3.9732,0.0,0.0,1.0,0.0,1.0,0.0,0.0,-4.1,-36.453,0.0,0.0,-1.0,-0.7071,0.7071,0.0,0.2581181899828061,0.04604345773288535,-0.23800000000000002,0.48016915878993777,8.393164281722933,,
154.5551,47.553,-0.029,-0.25,43.579,-0.003,-0.249,-0.232,-0.026,0.031,-0.232,-0.025,0.03,-1.624,-0.013,-0.73,-0.002,-0.006,0.007,0.0,-0.0,-0.0,865.64,-1.0,0.0,-0.0,0.0,0.0,0.0,0.0,0.0,0.992,0.0153,-0.1255,-0.0459,0.9686,-0.2445,0.1178,0.2483,0.9615,0.669,0.7326,-0.1252,-0.7377,0.634,-0.2321,-0.0907,0.2476,0.9646,0.0001,-0.0001,-0.0,0.0,0.0,0.0,-0.0608,-0.0767,0.2141,7.7573,16.8532,-82.0268,0.0,0.0434,-0.3701,0.0,0.0,0.0,4534087.306,3685978.1474,3340133.8815,-2422.564,-3045.4341,6642.6722,4534079.5487,3685961.2942,3340215.9083,-2422.5032,-3045.3574,6642.4581,0.0,0.0765,3.9732,0.0,0.0,1.0,0.0,1.0,0.0,0.0,-4.1,-36.453,0.0,0.0,-1.0,-0.7071,0.7071,0.0,0.25167637950352034,0.04045985664828782,-0.23776499999999998,0.47031438684342064,8.384876913629634,,
154.7586,47.506,-0.034,-0.245,43.532,-0.008,-0.244,-0.232,-0.026,0.024,-0.232,-0.025,0.024,-1.624,-0.014,-0.728,-0.002,-0.005,0.007,0.0,-0.0,-0.0,865.614,-1.0,0.0,-0.0,0.0,0.0,0.0,0.0,0.0,0.992,0.0153,-0.1255,-0.0459,0.9686,-0.2444,0.1178,0.2482,0.9615,0.669,0.7326,-0.1252,-0.7377,0.634,-0.2321,-0.0907,0.2476,0.9646,0.0001,-0.0001,-0.0,0.0,0.0,0.0,-0.0542,-0.077,0.2149,7.7457,16.8376,-81.9834,0.0,0.0434,-0.3701,0.0,0.0,0.0,4533596.8037,3685361.5842,3341478.4188,-2423.7572,-3046.4098,6641.789,4533589.058,3685344.7466,3341560.4022,-2423.703,-3046.3327,6641.5741,0.0,0.0765,3.9732,0.0,0.0,1.0,0.0,1.0,0.0,0.0,-4.1,-36.453,0.0,0.0,-1.0,-0.7071,0.7071,0.0,0.24734793308212621,0.03538361202590826,-0.23753,0.4619454947254866,8.376589545536337,,
154.9612,47.46,-0.039,-0.24,43.486,-0.013,-0.239,-0.232,-0.026,0.024,-0.232,-0.025,0.023,-1.625,-0.015,-0.727,-0.002,-0.005,0.007,0.0,-0.0,-0.0,865.612,-0.0,0.0,-0.0,0.0,0.0,0.0,0.0,0.0,0.992,0.0153,-0.1255,-0.0459,0.9686,-0.2444,0.1178,0.2482,0.9615,0.669,0.7326,-0.1252,-0.7377,0.634,-0.2321,-0.0907,0.2476,0.9646,0.0001,-0.0001,-0.0,0.0,0.0,0.0,-0.0538,-0.0771,0.215,7.7349,16.8222,-81.9403,0.0,0.0434,-0.3701,0.0,0.0,0.0,4533111.2403,3684751.3347,3342808.5886,-2424.9437,-3047.3747,6640.9139,4533103.5054,3684734.5125,3342890.5289,-2424.8899,-3047.2976,6640.699,0.0,0.0765,3.9732,0.0,0.0,1.0,0.0,1.0,0.0,0.0,-4.1,-36.453,0.0,0.0,-1.0,-0.7071,0.7071,0.0,0.24314810301542555,0.03538361202590826,-0.2373,0.4535578494803221,8.368478504423749,,
155.1681,47.412,-0.045,-0.235,43.438,-0.019,-0.234,-0.232,-0.026,0.024,-0.232,-0.025,0.023,-1.625,-0.016,-0.725,-0.002,-0.005,0.007,0.0,-0.0,-0.0,865.612,-0.0,0.0,-0.0,0.0,0.0,0.0,0.0,0.0,0.992,0.0153,-0.1254,-0.0458,0.9686,-0.2444,0.1178,0.2482,0.9615,0.669,0.7326,-0.1252,-0.7377,0.634,-0.2321,-0.0907,0.2476,0.9646,0.0001,-0.0001,-0.0,0.0,0.0,0.0,-0.0538,-0.0771,0.215,7.7238,16.8063,-81.8959,0.0,0.0434,-0.3701,0.0,0.0,0.0,4532609.881,3684121.344,3344181.1637,-2426.1686,-3048.3703,6640.0105,4532602.1572,3684104.5377,3344263.0595,-2426.1148,-3048.2932,6639.7955,0.0,0.0765,3.9732,0.0,0.0,1.0,0.0,1.0,0.0,0.0,-4.1,-36.453,0.0,0.0,-1.0,-0.7071,0.7071,0.0,0.23926972228010795,0.03538361202590826,-0.23706,0.44419452300689427,8.36001480934974,,
155.3739,47.364,-0.05,-0.23,43.39,-0.024,-0.229,-0.232,-0.026,0.024,-0.232,-0.025,0.023,-1.626,-0.017,-0.724,-0.002,-0.005,0.007,0.0,-0.0,-0.0,865.612,-0.0,0.0,-0.0,0.0,0.0,0.0,0.0,0.0,0.992,0.0153,-0.1254,-0.0458,0.9686,-0.2444,0.1177,0.2482,0.9615,0.669,0.7326,-0.1252,-0.7377,0.634,-0.2321,-0.0907,0.2476,0.9646,0.0001,-0.0001,-0.0,0.0,0.0,0.0,-0.0538,-0.0771,0.215,7.7127,16.7903,-81.8514,0.0,0.0434,-0.3701,0.0,0.0,0.0,4532107.9749,3683490.7789,3345554.3557,-2427.394,-3049.3663,6639.1061,4532100.2622,3683473.9885,3345636.2071,-2427.3402,-3049.2892,6638.8911,0.0,0.0765,3.9732,0.0,0.0,1.0,0.0,1.0,0.0,0.0,-4.1,-36.453,0.0,0.0,-1.0,-0.7071,0.7071,0.0,0.2353720459187964,0.03538361202590826,-0.23681999999999997,0.4357807893318843,8.351551114275734,,
155.5813,47.315,-0.055,-0.226,43.341,-0.029,-0.225,-0.232,-0.026,0.018,-0.232,-0.025,0.018,-1.626,-0.018,-0.722,-0.002,-0.005,0.007,0.0,-0.0,-0.0,865.59,-1.0,0.0,-0.0,0.0,0.0,0.0,0.0,0.0,0.992,0.0153,-0.1254,-0.0458,0.9686,-0.2443,0.1177,0.2481,0.9615,0.669,0.7326,-0.1252,-0.7377,0.634,-0.2321,-0.0907,0.2476,0.9646,0.0001,-0.0001,-0.0,0.0,0.0,0.0,-0.0484,-0.0774,0.2157,7.7019,16.7743,-81.8066,0.0,0.0434,-0.3701,0.0,0.0,0.0,4531602.4384,3682855.7653,3346936.5916,-2428.6222,-3050.3691,6638.1959,4531594.7365,3682838.9911,3347018.3981,-2428.5738,-3050.2917,6637.9802,0.0,0.0765,3.9732,0.0,0.0,1.0,0.0,1.0,0.0,0.0,-4.1,-36.453,0.0,0.0,-1.0,-0.7071,0.7071,0.0,0.23259621665022842,0.03162277660168379,-0.23657499999999998,0.4280995110575325,8.34291109222102,,
155.7865,47.268,-0.061,-0.223,43.294,-0.034,-0.222,-0.232,-0.025,0.015,-0.232,-0.025,0.015,-1.626,-0.019,-0.721,-0.002,-0.005,0.007,0.0,-0.0,-0.0,865.578,-0.0,0.0,-0.0,0.0,0.0,0.0,0.0,0.0,0.992,0.0153,-0.1254,-0.0458,0.9686,-0.2443,0.1177,0.2481,0.9616,0.669,0.7326,-0.1252,-0.7377,0.634,-0.2321,-0.0907,0.2476,0.9646,0.0001,-0.0001,-0.0,0.0,0.0,0.0,-0.0453,-0.0775,0.216,7.6926,16.7585,-81.7625,0.0,0.0434,-0.3701,0.0,0.0,0.0,4531107.1715,3682233.7606,3348289.8876,-2429.8268,-3051.3507,6637.304,4531099.4789,3682217.0021,3348371.6502,-2429.7815,-3051.2732,6637.088,0.0,0.0765,3.9732,0.0,0.0,1.0,0.0,1.0,0.0,0.0,-4.1,-36.453,0.0,0.0,-1.0,-0.7071,0.7071,0.0,0.23119256043393785,0.029154759474226504,-0.23634,0.43264079644309983,8.334623724127722,,
155.9949,47.22,-0.066,-0.219,43.246,-0.039,-0.219,-0.232,-0.026,0.015,-0.232,-0.025,0.015,-1.627,-0.02,-0.719,-0.002,-0.005,0.007,0.0,-0.0,-0.0,865.578,-0.0,0.0,-0.0,0.0,0.0,0.0,0.0,0.0,0.992,0.0153,-0.1254,-0.0458,0.9686,-0.2443,0.1177,0.2481,0.9616,0.669,0.7326,-0.1252,-0.7377,0.634,-0.2321,-0.0907,0.2476,0.9646,0.0001,-0.0001,-0.0,0.0,0.0,0.0,-0.0453,-0.0775,0.216,7.6831,16.7423,-81.7175,0.0,0.0434,-0.3701,0.0,0.0,0.0,4530600.6885,3681597.7817,3349672.9479,-2431.0611,-3052.3538,6636.3916,4530593.0054,3681581.0394,3349754.6654,-2431.0158,-3052.2763,6636.1756,0.0,0.0765,3.9732,0.0,0.0,1.0,0.0,1.0,0.0,0.0,-4.1,-36.453,0.0,0.0,-1.0,-0.7071,0.7071,0.0,0.22872909740564273,0.03001666203960727,-0.2361,0.43441941134941875,8.326160029053716,,
156.1997,47.172,-0.071,-0.216,43.198,-0.044,-0.216,-0.232,-0.026,0.015,-0.232,-0.025,0.015,-1.627,-0.021,-0.718,-0.002,-0.005,0.007,0.0,-0.0,-0.0,865.578,-0.0,0.0,-0.0,0.0,0.0,0.0,0.0,0.0,0.992,0.0153,-0.1253,-0.0458,0.9686,-0.2443,0.1177,0.2481,0.9616,0.669,0.7326,-0.1252,-0.7377,0.634,-0.2321,-0.0907,0.2476,0.9646,0.0001,-0.0001,-0.0,0.0,0.0,0.0,-0.0453,-0.0776,0.2161,7.6739,16.7265,-81.6733,0.0,0.0434,-0.3701,0.0,0.0,0.0,4530102.9976,3680972.9544,3351031.1311,-2432.2733,-3053.3388,6635.4952,4530095.3238,3680956.228,3351112.8044,-2432.228,-3053.2613,6635.2791,0.0,0.0765,3.9732,0.0,0.0,1.0,0.0,1.0,0.0,0.0,-4.1,-36.453,0.0,0.0,-1.0,-0.7071,0.7071,0.0,0.2273697429298806,0.03001666203960727,-0.23586,0.42745133198703583,8.31769633397971,,
156.4026,47.125,-0.076,-0.213,43.151,-0.05,-0.213,-0.232,-0.026,0.015,-0.232,-0.025,0.015,-1.628,-0.022,-0.716,-0.002,-0.005,0.007,0.0,-0.0,-0.0,865.578,-0.0,0.0,-0.0,0.0,0.0,0.0,0.0,0.0,0.992,0.0153,-0.1253,-0.0458,0.9686,-0.2443,0.1177,0.248,0.9616,0.669,0.7326,-0.1252,-0.7377,0.634,-0.2321,-0.0907,0.2476,0.9646,0.0001,-0.0001,-0.0,0.0,0.0,0.0,-0.0453,-0.0776,0.2161,7.6647,16.7108,-81.6295,0.0,0.0434,-0.3701,0.0,0.0,0.0,4529610.3443,3680354.559,3352374.7196,-2433.4725,-3054.3132,6634.6079,4529602.6796,3680337.8482,3352456.3491,-2433.4272,-3054.2356,6634.3918,0.0,0.0765,3.9732,0.0,0.0,1.0,0.0,1.0,0.0,0.0,-4.1,-36.453,0.0,0.0,-1.0,-0.7071,0.7071,0.0,0.22615260334561704,0.03001666203960727,-0.235625,0.4083416079899567,8.309408965886412,,
156.6076,47.077,-0.082,-0.21,43.104,-0.055,-0.21,-0.232,-0.026,0.015,-0.232,-0.025,0.015,-1.628,-0.023,-0.715,-0.002,-0.005,0.007,0.0,-0.0,-0.0,865.578,-0.0,0.0,-0.0,0.0,0.0,0.0,0.0,0.0,0.992,0.0153,-0.1253,-0.0458,0.9686,-0.2442,0.1176,0.248,0.9616,0.669,0.7326,-0.1252,-0.7377,0.634,-0.2321,-0.0907,0.2476,0.9646,0.0001,-0.0001,-0.0,0.0,0.0,0.0,-0.0454,-0.0776,0.2161,7.6554,16.6949,-81.5851,0.0,0.0434,-0.3701,0.0,0.0,0.0,4529110.4089,3679727.1336,3353737.3087,-2434.6887,-3055.3013,6633.7076,4529102.7535,3679710.4388,3353818.8939,-2434.6433,-3055.2237,6633.4915,0.0,0.0765,3.9732,0.0,0.0,1.0,0.0,1.0,0.0,0.0,-4.1,-36.453,0.0,0.0,-1.0,-0.7071,0.7071,0.0,0.22544178849538962,0.03001666203960727,-0.23538499999999998,0.41259372769320285,8.300945270812406,,
156.8162,47.029,-0.087,-0.207,43.055,-0.06,-0.206,-0.232,-0.026,0.015,-0.232,-0.025,0.015,-1.629,-0.025,-0.714,-0.002,-0.005,0.007,0.0,-0.0,-0.0,865.578,-0.0,0.0,-0.0,0.0,0.0,0.0,0.0,0.0,0.992,0.0153,-0.1253,-0.0457,0.9686,-0.2442,0.1176,0.248,0.9616,0.669,0.7326,-0.1252,-0.7377,0.634,-0.2321,-0.0907,0.2476,0.9646,0.0001,-0.0001,-0.0,0.0,0.0,0.0,-0.0454,-0.0776,0.2161,7.6459,16.6787,-81.5402,0.0,0.0434,-0.3701,0.0,0.0,0.0,4528603.7169,3679091.3405,3355117.43,-2435.9205,-3056.3021,6632.7952,4528596.071,3679074.6617,3355198.9702,-2435.8751,-3056.2245,6632.5791,0.0,0.0765,3.9732,0.0,0.0,1.0,0.0,1.0,0.0,0.0,-4.1,-36.453,0.0,0.0,-1.0,-0.7071,0.7071,0.0,0.22453952881397074,0.03001666203960727,-0.23514500000000002,0.3958701140137632,8.2924815757384,,
157.0234,46.981,-0.092,-0.204,43.007,-0.065,-0.203,-0.232,-0.026,0.015,-0.232,-0.025,0.015,-1.629,-0.026,-0.712,-0.002,-0.005,0.007,0.0,-0.0,-0.0,865.578,-0.0,0.0,-0.0,0.0,0.0,0.0,0.0,0.0,0.992,0.0153,-0.1253,-0.0457,0.9687,-0.2442,0.1176,0.248,0.9616,0.669,0.7326,-0.1252,-0.7377,0.634,-0.2321,-0.0907,0.2476,0.9646,0.0001,-0.0001,-0.0,0.0,0.0,0.0,-0.0454,-0.0776,0.2161,7.6365,16.6626,-81.4952,0.0,0.0434,-0.3701,0.0,0.0,0.0,4528096.6613,3678455.2046,3356497.6533,-2437.1525,-3057.3029,6631.8822,4528089.0248,3678438.542,3356579.1485,-2437.1071,-3057.2253,6631.6661,0.0,0.0765,3.9732,0.0,0.0,1.0,0.0,1.0,0.0,0.0,-4.1,-36.453,0.0,0.0,-1.0,-0.7071,0.7071,0.0,0.22378561169118982,0.03001666203960727,-0.234905,0.388823348384587,8.284017880664393,,
157.2263,46.934,-0.097,-0.201,42.96,-0.07,-0.2,-0.232,-0.026,0.015,-0.232,-0.025,0.015,-1.629,-0.027,-0.711,-0.002,-0.005,0.007,0.0,-0.0,-0.0,865.578,-0.0,0.0,-0.0,0.0,0.0,0.0,0.0,0.0,0.992,0.0152,-0.1252,-0.0457,0.9687,-0.2442,0.1176,0.2479,0.9616,0.669,0.7326,-0.1252,-0.7377,0.634,-0.2321,-0.0907,0.2476,0.9646,0.0001,-0.0001,-0.0,0.0,0.0,0.0,-0.0454,-0.0776,0.2161,7.6273,16.647,-81.4517,0.0,0.0434,-0.3701,0.0,0.0,0.0,4527605.8011,3677839.4956,3357832.9476,-2438.3444,-3058.2712,6630.9985,4527598.1738,3677822.8486,3357914.3993,-2438.299,-3058.1935,6630.7824,0.0,0.0765,3.9732,0.0,0.0,1.0,0.0,1.0,0.0,0.0,-4.1,-36.453,0.0,0.0,-1.0,-0.7071,0.7071,0.0,0.22318154045529842,0.03001666203960727,-0.23467,0.3817631109596816,8.275730512571094,,
157.4312,46.886,-0.103,-0.197,42.912,-0.075,-0.197,-0.232,-0.026,0.015,-0.232,-0.025,0.015,-1.63,-0.028,-0.709,-0.002,-0.005,0.007,0.0,-0.0,-0.0,865.578,-0.0,0.0,-0.0,0.0,0.0,0.0,0.0,0.0,0.992,0.0152,-0.1252,-0.0457,0.9687,-0.2441,0.1176,0.2479,0.9616,0.669,0.7326,-0.1252,-0.7377,0.634,-0.2321,-0.0907,0.2476,0.9646,0.0001,-0.0001,-0.0,0.0,0.0,0.0,-0.0454,-0.0776,0.2161,7.618,16.6309,-81.407,0.0,0.0434,-0.3701,0.0,0.0,0.0,4527101.8521,3677207.4783,3359202.9836,-2439.5673,-3059.2646,6630.0913,4527094.2341,3677190.8474,3359284.3906,-2439.5219,-3059.1869,6629.8751,0.0,0.0765,3.9732,0.0,0.0,1.0,0.0,1.0,0.0,0.0,-4.1,-36.453,0.0,0.0,-1.0,-0.7071,0.7071,0.0,0.2223015969353347,0.03001666203960727,-0.23443000000000003,0.39492362758887517,8.26726681749709,,
157.6397,46.838,-0.108,-0.194,42.864,-0.081,-0.194,-0.232,-0.026,0.015,-0.232,-0.025,0.015,-1.63,-0.029,-0.708,-0.002,-0.005,0.007,0.0,-0.0,-0.0,865.578,-0.0,0.0,-0.0,0.0,0.0,0.0,0.0,0.0,0.992,0.0152,-0.1252,-0.0457,0.9687,-0.2441,0.1176,0.2479,0.9616,0.669,0.7326,-0.1252,-0.7377,0.634,-0.2321,-0.0907,0.2476,0.9646,0.0001,-0.0001,-0.0,0.0,0.0,0.0,-0.0454,-0.0777,0.2161,7.6086,16.6148,-81.362,0.0,0.0434,-0.3701,0.0,0.0,0.0,4526594.2555,3676570.9996,3360582.0525,-2440.7984,-3060.2645,6629.1776,4526586.647,3676554.3848,3360663.4145,-2440.7529,-3060.1868,6628.9614,0.0,0.0765,3.9732,0.0,0.0,1.0,0.0,1.0,0.0,0.0,-4.1,-36.453,0.0,0.0,-1.0,-0.7071,0.7071,0.0,0.2220360331117452,0.03001666203960727,-0.23419,0.37567439884536413,8.258803122423084,,
157.8402,46.791,-0.113,-0.191,42.817,-0.086,-0.191,-0.232,-0.026,0.015,-0.232,-0.025,0.015,-1.631,-0.03,-0.706,-0.002,-0.005,0.007,0.0,-0.0,-0.0,865.578,-0.0,0.0,-0.0,0.0,0.0,0.0,0.0,0.0,0.992,0.0152,-0.1252,-0.0457,0.9687,-0.2441,0.1175,0.2479,0.9616,0.669,0.7326,-0.1252,-0.7377,0.634,-0.2321,-0.0907,0.2476,0.9646,0.0001,-0.0001,-0.0,0.0,0.0,0.0,-0.0455,-0.0777,0.2162,7.5994,16.5992,-81.3187,0.0,0.0434,-0.3701,0.0,0.0,0.0,4526104.6171,3675957.1454,3361911.4927,-2441.9851,-3061.2283,6628.2963,4526097.0177,3675940.5462,3361992.8114,-2441.9397,-3061.1507,6628.0801,0.0,0.0765,3.9732,0.0,0.0,1.0,0.0,1.0,0.0,0.0,-4.1,-36.453,0.0,0.0,-1.0,-0.7071,0.7071,0.0,0.22192341021172146,0.03001666203960727,-0.233955,0.3686200186380021,8.250515754329784,,
158.0455,46.743,-0.118,-0.188,42.769,-0.091,-0.188,-0.232,-0.022,0.016,-0.232,-0.021,0.015,-1.631,-0.031,-0.705,-0.002,-0.005,0.007,0.0,-0.0,-0.0,865.563,-0.0,1.0,-0.0,0.0,0.0,0.0,0.0,0.0,0.992,0.0152,-0.1252,-0.0457,0.9687,-0.2441,0.1175,0.2478,0.9616,0.669,0.7326,-0.1252,-0.7377,0.634,-0.2321,-0.0907,0.2476,0.9646,0.0001,-0.0001,-0.0,0.0,0.0,0.0,-0.0455,-0.0741,0.2171,7.59,16.5833,-81.2738,0.0,0.0434,-0.3701,0.0,0.0,0.0,4525598.0847,3675322.2219,3363285.9369,-2443.2121,-3062.2212,6627.3856,4525590.4948,3675305.6386,3363367.2107,-2443.1666,-3062.1471,6627.1685,0.0,0.0765,3.9732,0.0,0.0,1.0,0.0,1.0,0.0,0.0,-4.1,-36.453,0.0,0.0,-1.0,-0.7071,0.7071,0.0,0.22196396103872357,0.027202941017470887,-0.233715,0.36155780527577075,8.242052059255778,,
158.2485,46.696,-0.122,-0.185,42.722,-0.094,-0.185,-0.232,-0.014,0.016,-0.232,-0.014,0.015,-1.631,-0.032,-0.703,-0.001,-0.005,0.007,0.0,-0.0,-0.0,865.533,-0.0,1.0,-0.0,0.0,0.0,0.0,0.0,0.0,0.992,0.0152,-0.1252,-0.0457,0.9687,-0.244,0.1175,0.2478,0.9617,0.669,0.7326,-0.1252,-0.7377,0.634,-0.2321,-0.0907,0.2476,0.9646,0.0001,-0.0001,-0.0,0.0,0.0,0.0,-0.0455,-0.0664,0.219,7.5808,16.5691,-81.2297,0.0,0.0434,-0.3701,0.0,0.0,0.0,4525103.623,3674702.5378,3364626.781,-2444.4091,-3063.1856,6626.4977,4525096.0421,3674685.9687,3364708.0107,-2444.3636,-3063.1192,6626.2787,0.0,0.0765,3.9732,0.0,0.0,1.0,0.0,1.0,0.0,0.0,-4.1,-36.453,0.0,0.0,-1.0,-0.7071,0.7071,0.0,0.2216055053467761,0.0212602916254693,-0.23348,0.3675277048923391,8.23376469116248,,
158.4542,46.648,-0.124,-0.182,42.674,-0.096,-0.182,-0.233,-0.006,0.016,-0.233,-0.006,0.016,-1.632,-0.033,-0.702,-0.001,-0.006,0.007,0.0,-0.0,-0.0,865.502,-0.0,1.0,-0.0,0.0,0.0,0.0,0.0,0.0,0.992,0.0152,-0.1251,-0.0457,0.9687,-0.244,0.1175,0.2478,0.9617,0.669,0.7326,-0.1252,-0.7377,0.634,-0.2321,-0.0907,0.2476,0.9646,0.0001,-0.0001,-0.0,0.0,0.0,0.0,-0.0455,-0.0587,0.221,7.5715,16.5562,-81.1845,0.0,0.0434,-0.37,0.0,0.0,0.0,4524600.9038,3674072.6164,3365989.1601,-2445.6254,-3064.1655,6625.5951,4524593.3323,3674056.0602,3366070.3445,-2445.5799,-3064.1068,6625.3741,0.0,0.0765,3.9732,0.0,0.0,1.0,0.0,1.0,0.0,0.0,-4.1,-36.453,0.0,0.0,-1.0,-0.7071,0.7071,0.0,0.2202271554554524,0.017088007490635063,-0.23324,0.3633182369223398,8.225300996088475,,
158.665,46.6,-0.124,-0.178,42.626,-0.097,-0.178,-0.233,0.001,0.017,-0.233,0.001,0.016,-1.632,-0.034,-0.701,-0.0,-0.006,0.007,0.0,-0.0,0.0,865.475,-0.0,0.0,-0.0,0.0,0.0,0.0,0.0,0.0,0.992,0.0152,-0.1251,-0.0456,0.9687,-0.244,0.1175,0.2478,0.9617,0.669,0.7326,-0.1252,-0.7377,0.634,-0.2321,-0.0907,0.2476,0.9646,0.0001,-0.0001,0.0,0.0,0.0,0.0,-0.0455,-0.052,0.2227,7.562,16.5448,-81.138,0.0,0.0434,-0.37,0.0,0.0,0.0,4524089.4264,3673431.8344,3367374.3881,-2446.8621,-3065.163,6624.6766,4524081.8644,3673415.2897,3367455.5261,-2446.8166,-3065.111,6624.4538,0.0,0.0765,3.9732,0.0,0.0,1.0,0.0,1.0,0.0,0.0,-4.1,-36.453,0.0,0.0,-1.0,-0.7071,0.7071,0.0,0.21693316943243143,0.017029386365926404,-0.233,0.34806658416280983,8.216837301014468,,
158.8678,46.552,-0.124,-0.175,42.578,-0.096,-0.175,-0.233,0.001,0.017,-0.233,0.001,0.016,-1.632,-0.035,-0.699,-0.0,-0.006,0.007,0.0,-0.0,0.0,865.475,-0.0,0.0,-0.0,0.0,0.0,0.0,0.0,0.0,0.992,0.0152,-0.1251,-0.0456,0.9687,-0.244,0.1175,0.2477,0.9617,0.669,0.7326,-0.1252,-0.7377,0.634,-0.2321,-0.0907,0.2476,0.9646,0.0001,-0.0001,0.0,0.0,0.0,0.0,-0.0455,-0.052,0.2228,7.5526,16.534,-81.092,0.0,0.0434,-0.37,0.0,0.0,0.0,4523583.4781,3672798.0931,3368743.7651,-2448.0846,-3066.1556,6623.7663,4523575.9256,3672781.559,3368824.8571,-2448.0391,-3066.1037,6623.5436,0.0,0.0765,3.9732,0.0,0.0,1.0,0.0,1.0,0.0,0.0,-4.1,-36.453,0.0,0.0,-1.0,-0.7071,0.7071,0.0,0.21447843714462297,0.017029386365926404,-0.23276,0.3580549155318119,8.208373605940462,,
159.0724,46.505,-0.124,-0.171,42.531,-0.096,-0.172,-0.233,0.001,0.017,-0.233,0.001,0.016,-1.632,-0.037,-0.698,-0.0,-0.006,0.007,0.0,-0.0,0.0,865.475,-0.0,0.0,-0.0,0.0,0.0,0.0,0.0,0.0,0.992,0.0152,-0.1251,-0.0456,0.9687,-0.244,0.1174,0.2477,0.9617,0.669,0.7326,-0.1252,-0.7377,0.634,-0.2321,-0.0907,0.2476,0.9646,0.0001,-0.0001,0.0,0.0,0.0,0.0,-0.0455,-0.052,0.2228,7.5434,16.5236,-81.0471,0.0,0.0434,-0.37,0.0,0.0,0.0,4523090.5484,3672180.7646,3370077.0678,-2449.275,-3067.1221,6622.8796,4523083.005,3672164.241,3370158.1149,-2449.2295,-3067.0701,6622.6569,0.0,0.0765,3.9732,0.0,0.0,1.0,0.0,1.0,0.0,0.0,-4.1,-36.453,0.0,0.0,-1.0,-0.7071,0.7071,0.0,0.21122736565132844,0.017029386365926404,-0.232525,0.3646930794123842,8.200086237847165,,
159.277,46.458,-0.124,-0.168,42.484,-0.096,-0.168,-0.233,0.001,0.017,-0.233,0.001,0.016,-1.632,-0.038,-0.696,-0.0,-0.006,0.007,0.0,-0.0,0.0,865.475,-0.0,0.0,-0.0,0.0,0.0,0.0,0.0,0.0,0.992,0.0152,-0.125,-0.0456,0.9687,-0.2439,0.1174,0.2477,0.9617,0.669,0.7326,-0.1252,-0.7377,0.634,-0.2321,-0.0907,0.2476,0.9646,0.0001,-0.0001,0.0,0.0,0.0,0.0,-0.0455,-0.052,0.2228,7.5343,16.5132,-81.0025,0.0,0.0434,-0.37,0.0,0.0,0.0,4522599.2578,3671565.5944,3371405.1152,-2450.4608,-3068.0848,6621.9959,4522591.7235,3671549.0813,3371486.1177,-2450.4152,-3068.0328,6621.7731,0.0,0.0765,3.9732,0.0,0.0,1.0,0.0,1.0,0.0,0.0,-4.1,-36.453,0.0,0.0,-1.0,-0.7071,0.7071,0.0,0.208806130178211,0.017029386365926404,-0.23229,0.35288311593830346,8.191798869753866,,
159.4791,46.41,-0.124,-0.165,42.436,-0.095,-0.165,-0.233,0.001,0.017,-0.233,0.001,0.016,-1.632,-0.039,-0.695,-0.0,-0.006,0.007,0.0,-0.0,0.0,865.475,-0.0,0.0,-0.0,0.0,0.0,0.0,0.0,0.0,0.992,0.0152,-0.125,-0.0456,0.9687,-0.2439,0.1174,0.2477,0.9617,0.669,0.7326,-0.1252,-0.7377,0.634,-0.2321,-0.0907,0.2476,0.9646,0.0001,-0.0001,0.0,0.0,0.0,0.0,-0.0456,-0.052,0.2228,7.5249,16.5024,-80.9566,0.0,0.0434,-0.37,0.0,0.0,0.0,4522094.4269,3670933.5789,3372768.911,-2451.6785,-3069.0733,6621.088,4522086.902,3670917.0764,3372849.8676,-2451.6329,-3069.0213,6620.8652,0.0,0.0765,3.9732,0.0,0.0,1.0,0.0,1.0,0.0,0.0,-4.1,-36.453,0.0,0.0,-1.0,-0.7071,0.7071,0.0,0.20640009689920205,0.017029386365926404,-0.23204999999999998,0.3634971412415367,8.18333517467986,,
159.682,46.362,-0.124,-0.161,42.388,-0.095,-0.162,-0.233,0.001,0.017,-0.233,0.001,0.016,-1.632,-0.04,-0.693,-0.0,-0.006,0.007,0.0,-0.0,0.0,865.475,-0.0,0.0,-0.0,0.0,0.0,0.0,0.0,0.0,0.992,0.0152,-0.125,-0.0456,0.9687,-0.2439,0.1174,0.2476,0.9617,0.669,0.7326,-0.1252,-0.7377,0.634,-0.2321,-0.0907,0.2476,0.9646,0.0001,-0.0001,0.0,0.0,0.0,0.0,-0.0456,-0.052,0.2228,7.5156,16.4918,-80.9107,0.0,0.0434,-0.37,0.0,0.0,0.0,4521590.0635,3670302.2583,3374130.581,-2452.8943,-3070.0602,6620.1809,4521582.5479,3670285.7666,3374211.4918,-2452.8487,-3070.0082,6619.9581,0.0,0.0765,3.9732,0.0,0.0,1.0,0.0,1.0,0.0,0.0,-4.1,-36.453,0.0,0.0,-1.0,-0.7071,0.7071,0.0,0.20321663317750346,0.017029386365926404,-0.23181000000000002,0.36967199500324466,8.174871479605853,,
159.8893,46.315,-0.123,-0.158,42.341,-0.095,-0.159,-0.233,0.001,0.017,-0.233,0.001,0.016,-1.632,-0.041,-0.692,-0.0,-0.006,0.007,0.0,-0.0,0.0,865.475,-0.0,0.0,-0.0,0.0,0.0,0.0,0.0,0.0,0.992,0.0153,-0.125,-0.0456,0.9687,-0.2439,0.1174,0.2476,0.9617,0.669,0.7326,-0.1252,-0.7377,0.634,-0.2321,-0.0907,0.2476,0.9646,0.0001,-0.0001,0.0,0.0,0.0,0.0,-0.0456,-0.052,0.2228,7.5063,16.4811,-80.8652,0.0,0.0434,-0.37,0.0,0.0,0.0,4521088.2699,3669674.2641,3375484.4588,-2454.1032,-3071.0415,6619.2786,4521080.7637,3669657.7829,3375565.324,-2454.0576,-3070.9894,6619.0558,0.0,0.0765,3.9732,0.0,0.0,1.0,0.0,1.0,0.0,0.0,-4.1,-36.453,0.0,0.0,-1.0,-0.7071,0.7071,0.0,0.20023236501624808,0.017029386365926404,-0.23157499999999998,0.35586275288327845,8.166584111512554,,
160.096,46.267,-0.123,-0.154,42.293,-0.095,-0.155,-0.233,0.001,0.017,-0.233,0.001,0.016,-1.632,-0.042,-0.691,-0.0,-0.006,0.007,0.0,-0.0,0.0,865.475,-0.0,0.0,-0.0,0.0,0.0,0.0,0.0,0.0,0.992,0.0153,-0.125,-0.0456,0.9687,-0.2438,0.1173,0.2476,0.9617,0.669,0.7326,-0.1252,-0.7377,0.634,-0.2321,-0.0907,0.2476,0.9646,0.0001,-0.0001,0.0,0.0,0.0,0.0,-0.0456,-0.0521,0.2228,7.4968,16.4704,-80.8192,0.0,0.0434,-0.37,0.0,0.0,0.0,4520581.879,3669040.6258,3376849.8776,-2455.3224,-3072.0311,6618.3681,4520574.3822,3669024.1554,3376930.6968,-2455.2768,-3071.979,6618.1452,0.0,0.0765,3.9732,0.0,0.0,1.0,0.0,1.0,0.0,0.0,-4.1,-36.453,0.0,0.0,-1.0,-0.7071,0.7071,0.0,0.1970913493789111,0.017029386365926404,-0.231335,0.35290684637257197,8.15812041643855,,
160.3011,46.219,-0.123,-0.151,42.245,-0.094,-0.152,-0.233,0.001,0.017,-0.233,0.001,0.016,-1.632,-0.044,-0.689,-0.0,-0.006,0.007,0.0,-0.0,0.0,865.475,-0.0,0.0,-0.0,0.0,0.0,0.0,0.0,0.0,0.992,0.0153,-0.1249,-0.0456,0.9687,-0.2438,0.1173,0.2476,0.9617,0.669,0.7326,-0.1252,-0.7377,0.634,-0.2321,-0.0907,0.2476,0.9646,0.0001,-0.0001,0.0,0.0,0.0,0.0,-0.0456,-0.0521,0.2228,7.4875,16.4597,-80.7734,0.0,0.0434,-0.37,0.0,0.0,0.0,4520077.3019,3668409.3675,3378209.5454,-2456.5365,-3073.0165,6617.4609,4520069.8144,3668392.9078,3378290.3188,-2456.4909,-3072.9644,6617.238,0.0,0.0765,3.9732,0.0,0.0,1.0,0.0,1.0,0.0,0.0,-4.1,-36.453,0.0,0.0,-1.0,-0.7071,0.7071,0.0,0.1947562579225633,0.017029386365926404,-0.231095,0.36354898539660374,8.149656721364543,,
160.5071,46.171,-0.123,-0.148,42.197,-0.094,-0.149,-0.233,0.001,0.017,-0.233,0.001,0.016,-1.632,-0.045,-0.688,-0.0,-0.006,0.007,0.0,-0.0,0.0,865.475,-0.0,0.0,-0.0,0.0,0.0,0.0,0.0,0.0,0.992,0.0153,-0.1249,-0.0456,0.9688,-0.2438,0.1173,0.2476,0.9617,0.669,0.7326,-0.1252,-0.7377,0.634,-0.2321,-0.0907,0.2476,0.9646,0.0001,-0.0001,0.0,0.0,0.0,0.0,-0.0456,-0.0521,0.2228,7.4781,16.449,-80.7275,0.0,0.0434,-0.37,0.0,0.0,0.0,4519571.5381,3667776.7343,3379571.5499,-2457.7528,-3074.0035,6616.5516,4519564.0599,3667760.2854,3379652.2774,-2457.7071,-3073.9514,6616.3288,0.0,0.0765,3.9732,0.0,0.0,1.0,0.0,1.0,0.0,0.0,-4.1,-36.453,0.0,0.0,-1.0,-0.7071,0.7071,0.0,0.19243960091415696,0.017029386365926404,-0.230855,0.361449507595645,8.141193026290535,,
160.7128,46.123,-0.123,-0.144,42.149,-0.094,-0.145,-0.233,0.001,0.017,-0.233,0.001,0.016,-1.632,-0.046,-0.686,-0.0,-0.006,0.007,0.0,-0.0,0.0,865.475,-0.0,0.0,-0.0,0.0,0.0,0.0,0.0,0.0,0.9921,0.0153,-0.1249,-0.0456,0.9688,-0.2438,0.1173,0.2475,0.9618,0.669,0.7326,-0.1252,-0.7377,0.634,-0.2321,-0.0907,0.2476,0.9646,0.0001,-0.0001,0.0,0.0,0.0,0.0,-0.0457,-0.0521,0.2229,7.4687,16.4383,-80.6817,0.0,0.0434,-0.37,0.0,0.0,0.0,4519065.7569,3667144.1896,3380932.7402,-2458.9683,-3074.99,6615.6425,4519058.2881,3667127.7513,3381013.4219,-2458.9227,-3074.9378,6615.4196,0.0,0.0765,3.9732,0.0,0.0,1.0,0.0,1.0,0.0,0.0,-4.1,-36.453,0.0,0.0,-1.0,-0.7071,0.7071,0.0,0.18938056922503954,0.017029386365926404,-0.230615,0.35867912674400165,8.13272933121653,,
160.9158,46.076,-0.123,-0.141,42.102,-0.094,-0.142,-0.233,0.001,0.017,-0.233,0.001,0.016,-1.632,-0.047,-0.685,-0.0,-0.006,0.007,0.0,-0.0,0.0,865.475,-0.0,0.0,-0.0,0.0,0.0,0.0,0.0,0.0,0.9921,0.0153,-0.1249,-0.0456,0.9688,-0.2438,0.1173,0.2475,0.9618,0.669,0.7326,-0.1252,-0.7377,0.634,-0.2321,-0.0907,0.2476,0.9646,0.0001,-0.0001,0.0,0.0,0.0,0.0,-0.0457,-0.0521,0.2229,7.4594,16.4276,-80.6362,0.0,0.0434,-0.37,0.0,0.0,0.0,4518563.858,3666516.6082,3382282.6326,-2460.1738,-3075.9682,6614.7404,4518556.3986,3666500.1806,3382363.2689,-2460.1281,-3075.916,6614.5175,0.0,0.0765,3.9732,0.0,0.0,1.0,0.0,1.0,0.0,0.0,-4.1,-36.453,0.0,0.0,-1.0,-0.7071,0.7071,0.0,0.1871095935541521,0.017029386365926404,-0.23038,0.3566256879929254,8.124441963123232,,
161.1235,46.027,-0.122,-0.137,42.054,-0.093,-0.138,-0.233,0.001,0.017,-0.233,0.001,0.016,-1.632,-0.048,-0.683,-0.0,-0.006,0.007,0.0,-0.0,0.0,865.475,-0.0,0.0,-0.0,0.0,0.0,0.0,0.0,0.0,0.9921,0.0153,-0.1249,-0.0456,0.9688,-0.2437,0.1172,0.2475,0.9618,0.669,0.7326,-0.1252,-0.7377,0.634,-0.2321,-0.0907,0.2476,0.9646,0.0001,-0.0001,0.0,0.0,0.0,0.0,-0.0457,-0.0521,0.2229,7.45,16.4169,-80.5901,0.0,0.0434,-0.37,0.0,0.0,0.0,4518054.6243,3665879.966,3383651.389,-2461.3962,-3076.96,6613.8251,4518047.1744,3665863.5491,3383731.9791,-2461.3505,-3076.9078,6613.6023,0.0,0.0765,3.9732,0.0,0.0,1.0,0.0,1.0,0.0,0.0,-4.1,-36.453,0.0,0.0,-1.0,-0.7071,0.7071,0.0,0.18344754018519846,0.017029386365926404,-0.230135,0.3550797416160851,8.115801941068518,,
161.3347,45.979,-0.122,-0.134,42.005,-0.093,-0.135,-0.233,0.001,0.017,-0.233,0.001,0.016,-1.632,-0.049,-0.682,-0.0,-0.006,0.007,0.0,-0.0,0.0,865.475,-0.0,0.0,-0.0,0.0,0.0,0.0,0.0,0.0,0.9921,0.0153,-0.1248,-0.0456,0.9688,-0.2437,0.1172,0.2475,0.9618,0.669,0.7326,-0.1252,-0.7377,0.634,-0.2321,-0.0907,0.2476,0.9646,0.0001,-0.0001,0.0,0.0,0.0,0.0,-0.0457,-0.0522,0.2229,7.4404,16.406,-80.5435,0.0,0.0434,-0.37,0.0,0.0,0.0,4517539.5578,3665236.1436,3385034.9394,-2462.6318,-3077.9625,6612.8995,4517532.1174,3665219.7376,3385115.4828,-2462.5861,-3077.9104,6612.6766,0.0,0.0765,3.9732,0.0,0.0,1.0,0.0,1.0,0.0,0.0,-4.1,-36.453,0.0,0.0,-1.0,-0.7071,0.7071,0.0,0.1812181006411887,0.017029386365926404,-0.229895,0.35299062493718175,8.10733824599451,,
161.536,45.931,-0.122,-0.13,41.958,-0.093,-0.132,-0.233,0.001,0.017,-0.233,0.001,0.016,-1.632,-0.051,-0.681,-0.0,-0.006,0.007,0.0,-0.0,0.0,865.475,-0.0,0.0,-0.0,0.0,0.0,0.0,0.0,0.0,0.9921,0.0153,-0.1248,-0.0456,0.9688,-0.2437,0.1172,0.2474,0.9618,0.669,0.7326,-0.1252,-0.7377,0.634,-0.2321,-0.0907,0.2476,0.9646,0.0001,-0.0001,0.0,0.0,0.0,0.0,-0.0457,-0.0522,0.2229,7.4311,16.3954,-80.4982,0.0,0.0434,-0.37,0.0,0.0,0.0,4517038.9951,3664610.5599,3386378.6802,-2463.8319,-3078.9362,6612.0001,4517031.564,3664594.1645,3386459.1783,-2463.7862,-3078.884,6611.7772,0.0,0.0765,3.9732,0.0,0.0,1.0,0.0,1.0,0.0,0.0,-4.1,-36.453,0.0,0.0,-1.0,-0.7071,0.7071,0.0,0.17828067758453242,0.017029386365926404,-0.229655,0.35874966477273923,8.098874550920504,,
161.7362,45.885,-0.122,-0.127,41.911,-0.093,-0.128,-0.233,0.001,0.017,-0.233,0.001,0.016,-1.632,-0.052,-0.679,-0.0,-0.006,0.007,0.0,-0.0,0.0,865.475,-0.0,0.0,-0.0,0.0,0.0,0.0,0.0,0.0,0.9921,0.0153,-0.1248,-0.0456,0.9688,-0.2437,0.1172,0.2474,0.9618,0.669,0.7326,-0.1252,-0.7377,0.634,-0.2321,-0.0907,0.2476,0.9646,0.0001,-0.0001,0.0,0.0,0.0,0.0,-0.0457,-0.0522,0.2229,7.422,16.3849,-80.4535,0.0,0.0434,-0.37,0.0,0.0,0.0,4516545.5431,3663993.9676,3387702.5138,-2465.0142,-3079.8954,6611.1134,4516538.1211,3663977.5826,3387782.9673,-2464.9685,-3079.8432,6610.8905,0.0,0.0765,3.9732,0.0,0.0,1.0,0.0,1.0,0.0,0.0,-4.1,-36.453,0.0,0.0,-1.0,-0.7071,0.7071,0.0,0.17610508226624239,0.017029386365926404,-0.229425,0.34842108626177576,8.090763509807916,,
161.9397,45.837,-0.122,-0.124,41.864,-0.092,-0.125,-0.233,0.001,0.017,-0.233,0.001,0.016,-1.632,-0.053,-0.678,-0.0,-0.006,0.007,0.0,-0.0,0.0,865.475,-0.0,0.0,-0.0,0.0,0.0,0.0,0.0,0.0,0.9921,0.0153,-0.1248,-0.0456,0.9688,-0.2436,0.1172,0.2474,0.9618,0.669,0.7326,-0.1252,-0.7377,0.634,-0.2321,-0.0907,0.2476,0.9646,0.0001,-0.0001,0.0,0.0,0.0,0.0,-0.0457,-0.0522,0.2229,7.4127,16.3743,-80.4081,0.0,0.0434,-0.37,0.0,0.0,0.0,4516043.277,3663366.4683,3389049.1596,-2466.217,-3080.871,6610.2111,4516035.8644,3663350.094,3389129.5677,-2466.1712,-3080.8188,6609.9882,0.0,0.0765,3.9732,0.0,0.0,1.0,0.0,1.0,0.0,0.0,-4.1,-36.453,0.0,0.0,-1.0,-0.7071,0.7071,0.0,0.17395401691251627,0.017029386365926404,-0.22918500000000003,0.36028275806568544,8.08229981473391,,
162.1419,45.79,-0.122,-0.12,41.817,-0.092,-0.122,-0.233,0.001,0.017,-0.233,0.001,0.016,-1.631,-0.054,-0.676,-0.0,-0.006,0.007,0.0,-0.0,0.0,865.475,-0.0,0.0,-0.0,0.0,0.0,0.0,0.0,0.0,0.9921,0.0153,-0.1247,-0.0456,0.9688,-0.2436,0.1171,0.2474,0.9618,0.669,0.7326,-0.1252,-0.7377,0.634,-0.2321,-0.0907,0.2476,0.9646,0.0001,-0.0001,0.0,0.0,0.0,0.0,-0.0458,-0.0522,0.2229,7.4034,16.3638,-80.3631,0.0,0.0434,-0.37,0.0,0.0,0.0,4515545.5182,3662744.7052,3390382.8917,-2467.4082,-3081.8373,6609.3169,4515538.1147,3662728.3415,3390463.2548,-2467.3624,-3081.7851,6609.094,0.0,0.0765,3.9732,0.0,0.0,1.0,0.0,1.0,0.0,0.0,-4.1,-36.453,0.0,0.0,-1.0,-0.7071,0.7071,0.0,0.17112568480505783,0.017029386365926404,-0.22895,0.3654640155366804,8.07401244664061,,
162.3461,45.743,-0.122,-0.117,41.769,-0.092,-0.119,-0.233,0.001,0.017,-0.233,0.001,0.016,-1.631,-0.055,-0.675,-0.0,-0.006,0.007,0.0,-0.0,0.0,865.475,-0.0,0.0,-0.0,0.0,0.0,0.0,0.0,0.0,0.9921,0.0153,-0.1247,-0.0456,0.9688,-0.2436,0.1171,0.2473,0.9618,0.669,0.7326,-0.1252,-0.7377,0.634,-0.2321,-0.0907,0.2476,0.9646,0.0001,-0.0001,0.0,0.0,0.0,0.0,-0.0458,-0.0522,0.2229,7.3941,16.3531,-80.3177,0.0,0.0434,-0.37,0.0,0.0,0.0,4515042.3546,3662116.2977,3391730.2684,-2468.6117,-3082.8135,6608.4131,4515034.9604,3662099.9446,3391810.5861,-2468.5659,-3082.7612,6608.1901,0.0,0.0765,3.9732,0.0,0.0,1.0,0.0,1.0,0.0,0.0,-4.1,-36.453,0.0,0.0,-1.0,-0.7071,0.7071,0.0,0.1690354992301913,0.017029386365926404,-0.228715,0.3634496433527547,8.065725078547313,,
162.5516,45.696,-0.121,-0.113,41.722,-0.092,-0.115,-0.233,0.001,0.017,-0.233,0.001,0.016,-1.631,-0.056,-0.674,-0.0,-0.006,0.007,0.0,-0.0,0.0,865.475,-0.0,0.0,-0.0,0.0,0.0,0.0,0.0,0.0,0.9921,0.0153,-0.1247,-0.0456,0.9688,-0.2436,0.1171,0.2473,0.9618,0.669,0.7326,-0.1252,-0.7377,0.634,-0.2321,-0.0907,0.2476,0.9646,0.0001,-0.0001,0.0,0.0,0.0,0.0,-0.0458,-0.0523,0.223,7.3849,16.3426,-80.2725,0.0,0.0434,-0.37,0.0,0.0,0.0,4514542.6193,3661492.2789,3393067.6334,-2469.8062,-3083.7823,6607.5155,4514535.2344,3661475.9363,3393147.9059,-2469.7604,-3083.7301,6607.2925,0.0,0.0765,3.9732,0.0,0.0,1.0,0.0,1.0,0.0,0.0,-4.1,-36.453,0.0,0.0,-1.0,-0.7071,0.7071,0.0,0.16555965692160635,0.017029386365926404,-0.22848,0.3483938581673313,8.057437710454016,,
162.7594,45.646,-0.121,-0.11,41.673,-0.091,-0.112,-0.233,0.001,0.017,-0.233,0.001,0.016,-1.631,-0.058,-0.672,-0.0,-0.006,0.007,0.0,-0.0,0.0,865.475,-0.0,0.0,-0.0,0.0,0.0,0.0,0.0,0.0,0.9921,0.0153,-0.1247,-0.0455,0.9688,-0.2435,0.1171,0.2473,0.9618,0.669,0.7326,-0.1252,-0.7377,0.634,-0.2321,-0.0907,0.2476,0.9646,0.0001,-0.0001,0.0,0.0,0.0,0.0,-0.0458,-0.0523,0.223,7.3752,16.3315,-80.2254,0.0,0.0434,-0.37,0.0,0.0,0.0,4514020.3865,3660840.2798,3394464.3193,-2471.0538,-3084.7941,6606.5776,4514013.0113,3660823.9483,3394544.5447,-2471.008,-3084.7419,6606.3546,0.0,0.0765,3.9732,0.0,0.0,1.0,0.0,1.0,0.0,0.0,-4.1,-36.453,0.0,0.0,-1.0,-0.7071,0.7071,0.0,0.16352675622050356,0.017029386365926404,-0.22823000000000002,0.36029426369152884,8.048621361418592,,
162.9683,45.598,-0.121,-0.106,41.624,-0.091,-0.108,-0.233,0.001,0.017,-0.233,0.001,0.016,-1.631,-0.059,-0.671,-0.0,-0.006,0.007,0.0,-0.0,0.0,865.475,-0.0,0.0,-0.0,0.0,0.0,0.0,0.0,0.0,0.9921,0.0153,-0.1247,-0.0455,0.9688,-0.2435,0.117,0.2473,0.9618,0.669,0.7326,-0.1252,-0.7377,0.634,-0.2321,-0.0907,0.2476,0.9646,0.0001,-0.0001,0.0,0.0,0.0,0.0,-0.0458,-0.0523,0.223,7.3657,16.3206,-80.1789,0.0,0.0434,-0.37,0.0,0.0,0.0,4513505.4666,3660197.5242,3395840.564,-2472.2831,-3085.7911,6605.6529,4513498.1009,3660181.2036,3395920.743,-2472.2373,-3085.7388,6605.4299,0.0,0.0765,3.9732,0.0,0.0,1.0,0.0,1.0,0.0,0.0,-4.1,-36.453,0.0,0.0,-1.0,-0.7071,0.7071,0.0,0.16086329600005092,0.017029386365926404,-0.22799,0.35777097858636014,8.040157666344586,,
163.1761,45.55,-0.121,-0.103,41.576,-0.091,-0.105,-0.233,0.001,0.017,-0.233,0.001,0.016,-1.631,-0.06,-0.669,-0.0,-0.006,0.007,0.0,-0.0,0.0,865.475,-0.0,0.0,-0.0,0.0,0.0,0.0,0.0,0.0,0.9921,0.0153,-0.1246,-0.0455,0.9688,-0.2435,0.117,0.2473,0.9619,0.669,0.7326,-0.1252,-0.7377,0.634,-0.2321,-0.0907,0.2476,0.9646,0.0001,-0.0001,0.0,0.0,0.0,0.0,-0.0458,-0.0523,0.223,7.3561,16.3098,-80.1326,0.0,0.0434,-0.37,0.0,0.0,0.0,4512991.472,3659556.0346,3397213.461,-2473.5095,-3086.7856,6604.73,4512984.1158,3659539.7248,3397293.5936,-2473.4636,-3086.7333,6604.507,0.0,0.0765,3.9732,0.0,0.0,1.0,0.0,1.0,0.0,0.0,-4.1,-36.453,0.0,0.0,-1.0,-0.7071,0.7071,0.0,0.15890248582070704,0.017029386365926404,-0.22774999999999998,0.35597304720980116,8.03169397127058,,
163.3834,45.501,-0.121,-0.099,41.528,-0.091,-0.101,-0.233,0.001,0.017,-0.233,0.001,0.016,-1.631,-0.061,-0.668,-0.0,-0.006,0.007,0.0,-0.0,0.0,865.475,-0.0,0.0,-0.0,0.0,0.0,0.0,0.0,0.0,0.9921,0.0153,-0.1246,-0.0455,0.9688,-0.2435,0.117,0.2472,0.9619,0.669,0.7326,-0.1252,-0.7377,0.634,-0.2321,-0.0907,0.2476,0.9646,0.0001,-0.0001,0.0,0.0,0.0,0.0,-0.0459,-0.0523,0.223,7.3466,16.299,-80.0865,0.0,0.0434,-0.37,0.0,0.0,0.0,4512479.746,3658917.4871,3398579.4319,-2474.7297,-3087.775,6603.8112,4512472.3994,3658901.1882,3398659.5184,-2474.6838,-3087.7227,6603.5882,0.0,0.0765,3.9732,0.0,0.0,1.0,0.0,1.0,0.0,0.0,-4.1,-36.453,0.0,0.0,-1.0,-0.7071,0.7071,0.0,0.15633937443907084,0.017029386365926404,-0.22750499999999999,0.35373234088783395,8.023053949215864,,
163.592,45.453,-0.121,-0.096,41.479,-0.091,-0.098,-0.233,0.001,0.017,-0.233,0.001,0.016,-1.631,-0.062,-0.666,-0.0,-0.006,0.007,0.0,-0.0,0.0,865.475,-0.0,0.0,-0.0,0.0,0.0,0.0,0.0,0.0,0.9921,0.0153,-0.1246,-0.0455,0.9688,-0.2435,0.117,0.2472,0.9619,0.669,0.7326,-0.1252,-0.7377,0.634,-0.2321,-0.0907,0.2476,0.9646,0.0001,-0.0001,0.0,0.0,0.0,0.0,-0.0459,-0.0523,0.223,7.3371,16.2881,-80.0399,0.0,0.0434,-0.37,0.0,0.0,0.0,4511963.0566,3658272.8584,3399957.7766,-2475.961,-3088.7734,6602.8836,4511955.7196,3658256.5703,3400037.8165,-2475.9151,-3088.7211,6602.6606,0.0,0.0765,3.9732,0.0,0.0,1.0,0.0,1.0,0.0,0.0,-4.1,-36.453,0.0,0.0,-1.0,-0.7071,0.7071,0.0,0.15445711378890906,0.017029386365926404,-0.22726500000000002,0.3518935005236626,8.01459025414186,,
163.8047,45.402,-0.121,-0.093,41.429,-0.09,-0.095,-0.233,0.001,0.012,-0.233,0.001,0.011,-1.631,-0.064,-0.665,0.0,-0.006,0.007,0.0,-0.0,0.0,865.455,-1.0,0.0,-0.0,0.0,0.0,0.0,0.0,0.0,0.9921,0.0153,-0.1246,-0.0455,0.9688,-0.2434,0.117,0.2472,0.9619,0.669,0.7326,-0.1252,-0.7377,0.634,-0.2321,-0.0907,0.2476,0.9646,0.0001,-0.0001,0.0,0.0,0.0,0.0,-0.0409,-0.0526,0.2236,7.3276,16.2768,-79.9918,0.0,0.0434,-0.37,0.0,0.0,0.0,4511428.814,3657606.4471,3401382.0246,-2477.2284,-3089.8052,6601.9252,4511421.4864,3657590.1704,3401462.0163,-2477.1875,-3089.7526,6601.7016,0.0,0.0765,3.9732,0.0,0.0,1.0,0.0,1.0,0.0,0.0,-4.1,-36.453,0.0,0.0,-1.0,-0.7071,0.7071,0.0,0.1526106156202772,0.012041594578792296,-0.22701000000000002,0.36452717680050783,8.005597578125727,,
164.0128,45.354,-0.121,-0.091,41.38,-0.09,-0.093,-0.233,0.001,0.005,-0.233,0.001,0.005,-1.631,-0.065,-0.663,0.0,-0.005,0.007,0.0,-0.0,0.0,865.428,-0.0,0.0,-0.0,0.0,0.0,0.0,0.0,0.0,0.9921,0.0153,-0.1246,-0.0455,0.9689,-0.2434,0.1169,0.2472,0.9619,0.669,0.7326,-0.1252,-0.7377,0.634,-0.2321,-0.0907,0.2476,0.9646,0.0001,-0.0001,0.0,0.0,0.0,0.0,-0.0341,-0.0529,0.2244,7.3198,16.2658,-79.9454,0.0,0.0434,-0.37,0.0,0.0,0.0,4510916.1306,3656967.0397,3402747.9189,-2478.4418,-3090.7948,6601.0057,4510908.8108,3656950.7738,3402827.8643,-2478.4077,-3090.7419,6600.7813,0.0,0.0765,3.9732,0.0,0.0,1.0,0.0,1.0,0.0,0.0,-4.1,-36.453,0.0,0.0,-1.0,-0.7071,0.7071,0.0,0.15140013210033867,0.005099019513592785,-0.22677,0.363316214887586,7.9971338830517205,,
164.2167,45.307,-0.12,-0.09,41.333,-0.09,-0.092,-0.233,0.001,0.005,-0.233,0.001,0.005,-1.631,-0.066,-0.662,0.0,-0.005,0.007,0.0,-0.0,0.0,865.428,-0.0,0.0,-0.0,0.0,0.0,0.0,0.0,0.0,0.9921,0.0153,-0.1245,-0.0455,0.9689,-0.2434,0.1169,0.2471,0.9619,0.669,0.7326,-0.1252,-0.7377,0.634,-0.2321,-0.0907,0.2476,0.9646,0.0001,-0.0001,0.0,0.0,0.0,0.0,-0.0341,-0.0529,0.2244,7.3129,16.2551,-79.9,0.0,0.0434,-0.37,0.0,0.0,0.0,4510414.1149,3656341.0421,3404084.558,-2479.636,-3091.7629,6600.1047,4510406.802,3656324.787,3404164.458,-2479.6018,-3091.7099,6599.8803,0.0,0.0765,3.9732,0.0,0.0,1.0,0.0,1.0,0.0,0.0,-4.1,-36.453,0.0,0.0,-1.0,-0.7071,0.7071,0.0,0.15,0.005099019513592785,-0.22653500000000001,0.3495979169870632,7.988846514958423,,
164.4198,45.26,-0.12,-0.089,41.286,-0.089,-0.091,-0.233,0.001,0.005,-0.233,0.001,0.005,-1.631,-0.067,-0.661,0.0,-0.005,0.007,0.0,-0.0,0.0,865.428,-0.0,0.0,-0.0,0.0,0.0,0.0,0.0,0.0,0.9921,0.0153,-0.1245,-0.0455,0.9689,-0.2434,0.1169,0.2471,0.9619,0.669,0.7326,-0.1252,-0.7377,0.634,-0.2321,-0.0907,0.2476,0.9646,0.0001,-0.0001,0.0,0.0,0.0,0.0,-0.0341,-0.0529,0.2244,7.306,16.2444,-79.8544,0.0,0.0434,-0.37,0.0,0.0,0.0,4509910.3482,3655712.9675,3405425.03,-2480.8336,-3092.7337,6599.2006,4509903.0422,3655696.7231,3405504.8843,-2480.7994,-3092.6807,6598.9762,0.0,0.0765,3.9732,0.0,0.0,1.0,0.0,1.0,0.0,0.0,-4.1,-36.453,0.0,0.0,-1.0,-0.7071,0.7071,0.0,0.14940214188558343,0.005099019513592785,-0.2263,0.36333509439501305,7.980559146865124,,
164.622,45.213,-0.12,-0.088,41.239,-0.089,-0.09,-0.233,0.001,0.005,-0.233,0.001,0.005,-1.631,-0.068,-0.659,0.0,-0.005,0.007,0.0,-0.0,0.0,865.428,-0.0,0.0,-0.0,0.0,0.0,0.0,0.0,0.0,0.9921,0.0153,-0.1245,-0.0455,0.9689,-0.2433,0.1169,0.2471,0.9619,0.669,0.7326,-0.1252,-0.7377,0.634,-0.2321,-0.0907,0.2476,0.9646,0.0001,-0.0001,0.0,0.0,0.0,0.0,-0.0341,-0.053,0.2245,7.2991,16.2337,-79.809,0.0,0.0434,-0.37,0.0,0.0,0.0,4509408.7427,3655087.6927,3406758.9261,-2482.0253,-3093.6997,6598.3005,4509401.4436,3655071.459,3406838.7351,-2481.9912,-3093.6467,6598.0761,0.0,0.0765,3.9732,0.0,0.0,1.0,0.0,1.0,0.0,0.0,-4.1,-36.453,0.0,0.0,-1.0,-0.7071,0.7071,0.0,0.14880860190190617,0.005099019513592785,-0.22606500000000002,0.3627631528100747,7.972271778771827,,
164.8258,45.165,-0.12,-0.087,41.191,-0.089,-0.089,-0.233,0.001,0.005,-0.233,0.001,0.005,-1.631,-0.069,-0.658,0.0,-0.005,0.007,0.0,-0.0,0.0,865.428,-0.0,0.0,-0.0,0.0,0.0,0.0,0.0,0.0,0.9921,0.0153,-0.1245,-0.0455,0.9689,-0.2433,0.1169,0.2471,0.9619,0.669,0.7326,-0.1252,-0.7377,0.634,-0.2321,-0.0907,0.2476,0.9646,0.0001,-0.0001,0.0,0.0,0.0,0.0,-0.0342,-0.053,0.2245,7.2922,16.2229,-79.7634,0.0,0.0434,-0.37,0.0,0.0,0.0,4508904.033,3654458.6541,3408100.2473,-2483.2237,-3094.671,6597.3949,4508896.7408,3654442.4311,3408180.0106,-2483.1896,-3094.618,6597.1704,0.0,0.0765,3.9732,0.0,0.0,1.0,0.0,1.0,0.0,0.0,-4.1,-36.453,0.0,0.0,-1.0,-0.7071,0.7071,0.0,0.1482194319244275,0.005099019513592785,-0.225825,0.3621915224819671,7.9638080836978205,,
165.0318,45.117,-0.12,-0.086,41.143,-0.089,-0.089,-0.233,0.001,0.005,-0.233,0.001,0.005,-1.631,-0.07,-0.656,0.0,-0.005,0.007,0.0,-0.0,0.0,865.428,-0.0,0.0,-0.0,0.0,0.0,0.0,0.0,0.0,0.9921,0.0153,-0.1245,-0.0455,0.9689,-0.2433,0.1169,0.247,0.9619,0.669,0.7326,-0.1252,-0.7377,0.634,-0.2321,-0.0907,0.2476,0.9646,0.0001,-0.0001,0.0,0.0,0.0,0.0,-0.0342,-0.053,0.2245,7.2851,16.212,-79.717,0.0,0.0434,-0.37,0.0,0.0,0.0,4508390.8684,3653819.1872,3409463.1869,-2484.4415,-3095.658,6596.4742,4508383.5833,3653802.9752,3409542.9038,-2484.4073,-3095.605,6596.2497,0.0,0.0765,3.9732,0.0,0.0,1.0,0.0,1.0,0.0,0.0,-4.1,-36.453,0.0,0.0,-1.0,-0.7071,0.7071,0.0,0.1476346842716846,0.005099019513592785,-0.22558499999999998,0.3680640242602424,7.955344388623814,,
165.232,45.07,-0.119,-0.085,41.097,-0.088,-0.088,-0.233,0.001,0.005,-0.233,0.001,0.005,-1.631,-0.071,-0.655,0.0,-0.005,0.007,0.0,-0.0,0.0,865.428,-0.0,0.0,-0.0,0.0,0.0,0.0,0.0,0.0,0.9921,0.0153,-0.1244,-0.0455,0.9689,-0.2433,0.1168,0.247,0.9619,0.669,0.7326,-0.1252,-0.7377,0.634,-0.2321,-0.0907,0.2476,0.9646,0.0001,-0.0001,0.0,0.0,0.0,0.0,-0.0342,-0.053,0.2245,7.2783,16.2014,-79.6721,0.0,0.0434,-0.37,0.0,0.0,0.0,4507894.0723,3653200.2212,3410781.8344,-2485.6197,-3096.6128,6595.5829,4507886.794,3653184.0197,3410861.5064,-2485.5856,-3096.5598,6595.3585,0.0,0.0765,3.9732,0.0,0.0,1.0,0.0,1.0,0.0,0.0,-4.1,-36.453,0.0,0.0,-1.0,-0.7071,0.7071,0.0,0.14623952953972466,0.005099019513592785,-0.22535,0.3687292296007042,7.947057020530517,,
165.4474,45.02,-0.119,-0.084,41.046,-0.088,-0.087,-0.233,0.001,0.005,-0.233,0.001,0.005,-1.631,-0.072,-0.654,0.0,-0.005,0.007,0.0,-0.0,0.0,865.428,-0.0,0.0,-0.0,0.0,0.0,0.0,0.0,0.0,0.9921,0.0153,-0.1244,-0.0455,0.9689,-0.2433,0.1168,0.247,0.962,0.669,0.7326,-0.1252,-0.7377,0.634,-0.2321,-0.0907,0.2476,0.9646,0.0001,-0.0001,0.0,0.0,0.0,0.0,-0.0342,-0.053,0.2245,7.271,16.19,-79.6236,0.0,0.0434,-0.37,0.0,0.0,0.0,4507357.6109,3652531.9504,3412204.8648,-2486.8913,-3097.6433,6594.6206,4507350.3399,3652515.7604,3412284.4884,-2486.8571,-3097.5902,6594.3961,0.0,0.0765,3.9732,0.0,0.0,1.0,0.0,1.0,0.0,0.0,-4.1,-36.453,0.0,0.0,-1.0,-0.7071,0.7071,0.0,0.14566056432679367,0.005099019513592785,-0.22510000000000002,0.3680156966611809,7.938240671495094,,
165.6489,44.973,-0.119,-0.083,40.999,-0.088,-0.086,-0.233,0.001,0.005,-0.233,0.001,0.005,-1.631,-0.073,-0.652,0.0,-0.005,0.007,0.0,-0.0,0.0,865.428,-0.0,0.0,-0.0,0.141,0.0,0.0,0.0,0.0,0.9921,0.0153,-0.1244,-0.0455,0.9689,-0.2432,0.1168,0.247,0.962,0.669,0.7326,-0.1252,-0.7377,0.634,-0.2321,-0.0907,0.2476,0.9646,0.0001,-0.0001,0.0,0.0,0.0,0.0,-0.0342,-0.053,0.2245,7.2641,16.1793,-79.5785,0.0,0.0434,-0.37,0.0,0.0,0.0,4506857.4239,3651908.9755,3413530.8309,-2488.0761,-3098.6034,6593.7234,4506850.1599,3651892.7961,3413610.4094,-2488.0419,-3098.5503,6593.4989,0.0,0.0765,3.9732,0.0,0.0,1.0,0.0,1.0,0.0,0.0,-4.1,-36.453,0.0,0.0,-1.0,-0.7071,0.7071,0.0,0.14508618128546907,0.005099019513592785,-0.22486499999999998,0.36741503432785905,7.9299533034017955,,
165.854,44.925,-0.119,-0.082,40.951,-0.087,-0.085,-0.233,0.001,0.005,-0.233,0.004,0.005,-1.631,-0.074,-0.647,0.0,-0.004,0.043,0.001,-0.0,0.0,865.365,-0.0,0.0,-0.0,1.0,0.0,0.0,0.0,0.0,0.9921,0.0154,-0.1244,-0.0455,0.9689,-0.2432,0.1168,0.2469,0.962,0.669,0.7326,-0.1252,-0.7377,0.634,-0.2321,-0.0907,0.2476,0.9646,0.0008,-0.0001,0.0,0.0,0.0,0.0,-0.0342,-0.0531,0.2245,7.2569,16.1683,-79.5317,0.0,0.0434,-0.37,0.0,0.0,0.0,4506338.7599,3651263.0962,3414904.9212,-2489.304,-3099.5983,6592.7932,4506331.503,3651246.9279,3414984.4529,-2489.2697,-3099.5452,6592.5687,0.0,0.0765,3.9732,0.0,0.0,1.0,0.0,1.0,0.0,0.0,-4.1,-36.453,0.0,0.0,-1.0,-0.7071,0.7071,0.0,0.14451643505151932,0.005099019513592785,-0.224625,0.3811480850832214,7.921489608327788,,
166.0658,44.875,-0.119,-0.081,40.901,-0.086,-0.084,-0.233,0.001,0.005,-0.233,0.007,0.005,-1.631,-0.075,-0.634,0.0,-0.003,0.086,0.002,-0.0,0.0,865.29,-0.0,0.0,-0.0,1.0,0.0,0.0,0.0,0.0,0.9921,0.0154,-0.1243,-0.0455,0.969,-0.2429,0.1168,0.2467,0.962,0.669,0.7326,-0.1252,-0.7377,0.634,-0.2321,-0.0907,0.2476,0.9646,0.0015,-0.0001,0.0,0.0,0.0,0.0,-0.0343,-0.0531,0.2245,7.2497,16.1572,-79.4841,0.0,0.0434,-0.37,0.0,0.0,0.0,4505811.6533,3650606.8174,3416300.4857,-2490.551,-3100.6087,6591.8479,4505804.4037,3650590.6603,3416379.9698,-2490.5168,-3100.5556,6591.6234,0.0,0.0765,3.9732,0.0,0.0,1.0,0.0,1.0,0.0,0.0,-4.1,-36.453,0.0,0.0,-1.0,-0.7071,0.7071,0.0,0.14395138068111746,0.005099019513592785,-0.224375,0.3950205619080213,7.912673259292366,,
166.2715,44.827,-0.118,-0.08,40.854,-0.084,-0.083,-0.233,0.001,0.005,-0.233,0.01,0.005,-1.631,-0.076,-0.612,-0.0,-0.002,0.125,0.002,-0.0,0.0,865.223,-0.0,0.0,-0.0,0.062,0.0,0.0,0.0,0.0,0.9921,0.0154,-0.1243,-0.0455,0.9691,-0.2426,0.1167,0.2463,0.9621,0.669,0.7326,-0.1252,-0.7377,0.634,-0.2321,-0.0907,0.2476,0.9646,0.0022,-0.0001,0.0,0.0,0.0,0.0,-0.0343,-0.0531,0.2245,7.2427,16.1464,-79.4379,0.0,0.0434,-0.37,0.0,0.0,0.0,4505299.4076,3649969.1519,3417655.8446,-2491.7622,-3101.59,6590.9294,4505292.1649,3649953.0055,3417735.2825,-2491.728,-3101.5369,6590.7048,0.0,0.0765,3.9732,0.0,0.0,1.0,0.0,1.0,0.0,0.0,-4.1,-36.453,0.0,0.0,-1.0,-0.7071,0.7071,0.0,0.14256226709757389,0.005099019513592785,-0.224135,0.41034605318478634,7.904209564218359,,
166.4839,44.778,-0.118,-0.078,40.804,-0.083,-0.082,-0.233,0.001,0.005,-0.233,0.006,0.005,-1.631,-0.076,-0.59,0.0,-0.003,0.075,0.001,-0.0,0.0,865.156,-0.0,0.0,-0.0,0.0,0.0,0.0,0.0,0.0,0.9921,0.0155,-0.1243,-0.0455,0.9692,-0.2422,0.1167,0.2459,0.9622,0.669,0.7326,-0.1252,-0.7377,0.634,-0.2321,-0.0907,0.2476,0.9646,0.0013,-0.0001,0.0,0.0,0.0,0.0,-0.0343,-0.0531,0.2245,7.2354,16.1352,-79.3902,0.0,0.0434,-0.37,0.0,0.0,0.0,4504770.0032,3649310.2397,3419055.7128,-2493.0132,-3102.6034,6589.9801,4504762.7678,3649294.1044,3419135.1029,-2492.9789,-3102.5503,6589.7556,0.0,0.0765,3.9732,0.0,0.0,1.0,0.0,1.0,0.0,0.0,-4.1,-36.453,0.0,0.0,-1.0,-0.7071,0.7071,0.0,0.14144963768069538,0.005099019513592785,-0.22389,0.4296386333170862,7.895569542163645,,
166.6955,44.728,-0.118,-0.077,40.755,-0.082,-0.08,-0.233,0.001,0.005,-0.233,0.002,0.005,-1.631,-0.077,-0.58,0.0,-0.005,0.024,0.0,-0.0,0.0,865.09,-0.0,0.0,-0.0,0.0,0.0,0.0,0.0,0.0,0.9921,0.0155,-0.1243,-0.0455,0.9692,-0.242,0.1167,0.2458,0.9623,0.669,0.7326,-0.1252,-0.7377,0.634,-0.2321,-0.0907,0.2476,0.9646,0.0004,-0.0001,0.0,0.0,0.0,0.0,-0.0343,-0.0531,0.2245,7.2281,16.1241,-79.3427,0.0,0.0434,-0.37,0.0,0.0,0.0,4504243.2934,3648654.7958,3420447.5594,-2494.2571,-3103.611,6589.0358,4504236.0652,3648638.6718,3420526.9022,-2494.2228,-3103.5579,6588.8113,0.0,0.0765,3.9732,0.0,0.0,1.0,0.0,1.0,0.0,0.0,-4.1,-36.453,0.0,0.0,-1.0,-0.7071,0.7071,0.0,0.14090067423543437,0.005099019513592785,-0.22364,0.43827274735973704,7.8867531931282215,,
166.9049,44.68,-0.118,-0.076,40.706,-0.081,-0.08,-0.233,0.001,0.005,-0.233,0.001,0.005,-1.631,-0.078,-0.578,0.0,-0.005,0.008,0.0,-0.0,0.0,865.068,-0.0,0.0,-0.0,0.0,0.0,0.0,0.0,0.0,0.9921,0.0155,-0.1243,-0.0455,0.9692,-0.242,0.1167,0.2457,0.9623,0.669,0.7326,-0.1252,-0.7377,0.634,-0.2321,-0.0907,0.2476,0.9646,0.0001,-0.0001,0.0,0.0,0.0,0.0,-0.0343,-0.0531,0.2246,7.2211,16.1131,-79.2963,0.0,0.0434,-0.3699,0.0,0.0,0.0,4503727.0843,3648012.53,3421810.7913,-2495.4754,-3104.5979,6588.1104,4503719.8632,3647996.4169,3421890.0876,-2495.4411,-3104.5448,6587.8858,0.0,0.0765,3.9732,0.0,0.0,1.0,0.0,1.0,0.0,0.0,-4.1,-36.453,0.0,0.0,-1.0,-0.7071,0.7071,0.0,0.140356688476182,0.005099019513592785,-0.2234,0.4577891826687659,7.878289498054215,,
167.1087,44.632,-0.118,-0.075,40.658,-0.081,-0.079,-0.233,0.001,0.005,-0.233,0.002,0.005,-1.631,-0.079,-0.576,0.0,-0.005,0.014,0.0,-0.0,0.0,865.057,-0.0,0.0,-0.0,0.193,0.0,0.0,0.0,0.0,0.9921,0.0155,-0.1242,-0.0455,0.9692,-0.242,0.1167,0.2457,0.9623,0.669,0.7326,-0.1252,-0.7377,0.634,-0.2321,-0.0907,0.2476,0.9646,0.0002,-0.0001,0.0,0.0,0.0,0.0,-0.0343,-0.0532,0.2246,7.214,16.1022,-79.25,0.0,0.0434,-0.3699,0.0,0.0,0.0,4503213.1723,3647373.2307,3423167.106,-2496.6876,-3105.5797,6587.1892,4503205.9583,3647357.1285,3423246.3561,-2496.6532,-3105.5266,6586.9646,0.0,0.0765,3.9732,0.0,0.0,1.0,0.0,1.0,0.0,0.0,-4.1,-36.453,0.0,0.0,-1.0,-0.7071,0.7071,0.0,0.13981773850266638,0.005099019513592785,-0.22316,0.45726547650873955,7.869825802980208,,
167.3185,44.583,-0.118,-0.074,40.61,-0.08,-0.077,-0.233,0.001,0.005,-0.233,0.005,0.005,-1.631,-0.08,-0.569,0.0,-0.004,0.053,0.001,-0.0,0.0,864.989,-0.0,0.0,-0.0,0.493,0.0,0.0,0.0,0.0,0.9921,0.0155,-0.1242,-0.0454,0.9693,-0.2418,0.1166,0.2456,0.9623,0.669,0.7326,-0.1252,-0.7377,0.634,-0.2321,-0.0907,0.2476,0.9646,0.0009,-0.0001,0.0,0.0,0.0,0.0,-0.0344,-0.0532,0.2246,7.2068,16.0911,-79.203,0.0,0.0434,-0.3699,0.0,0.0,0.0,4502690.4237,3646723.0495,3424545.8721,-2497.9198,-3106.5778,6586.2522,4502683.2169,3646706.9585,3424625.0751,-2497.8855,-3106.5246,6586.0276,0.0,0.0765,3.9732,0.0,0.0,1.0,0.0,1.0,0.0,0.0,-4.1,-36.453,0.0,0.0,-1.0,-0.7071,0.7071,0.0,0.13928388277184117,0.005099019513592785,-0.222915,0.46657496758057965,7.861185780925494,,
167.5223,44.536,-0.117,-0.073,40.562,-0.079,-0.076,-0.233,0.001,0.005,-0.233,0.008,0.005,-1.631,-0.081,-0.554,0.0,-0.003,0.095,0.002,-0.0,0.0,864.917,-0.0,0.0,-0.0,0.493,0.0,0.0,0.0,0.0,0.9921,0.0156,-0.1242,-0.0454,0.9693,-0.2416,0.1166,0.2453,0.9624,0.669,0.7326,-0.1252,-0.7377,0.634,-0.2321,-0.0907,0.2476,0.9646,0.0017,-0.0001,0.0,0.0,0.0,0.0,-0.0344,-0.0532,0.2246,7.1998,16.0803,-79.1569,0.0,0.0434,-0.3699,0.0,0.0,0.0,4502178.4613,3646086.3925,3425895.3405,-2499.1259,-3107.5546,6585.3347,4502171.2615,3646070.3122,3425974.4975,-2499.0916,-3107.5014,6585.1101,0.0,0.0765,3.9732,0.0,0.0,1.0,0.0,1.0,0.0,0.0,-4.1,-36.453,0.0,0.0,-1.0,-0.7071,0.7071,0.0,0.13790576492663387,0.005099019513592785,-0.22268000000000002,0.46720686708383696,7.852898412832197,,
167.7317,44.487,-0.117,-0.072,40.514,-0.077,-0.075,-0.233,0.001,0.005,-0.233,0.011,0.005,-1.631,-0.081,-0.53,-0.0,-0.002,0.134,0.002,-0.0,0.0,864.849,-0.0,0.0,-0.0,0.33,0.0,0.0,0.0,0.0,0.9921,0.0156,-0.1242,-0.0454,0.9694,-0.2412,0.1166,0.2449,0.9625,0.669,0.7326,-0.1252,-0.7377,0.634,-0.2321,-0.0907,0.2476,0.9646,0.0023,-0.0001,0.0,0.0,0.0,0.0,-0.0344,-0.0532,0.2246,7.1927,16.0694,-79.1105,0.0,0.0434,-0.3699,0.0,0.0,0.0,4501662.1977,3645444.4955,3427255.2972,-2500.3415,-3108.5389,6584.4095,4501655.005,3645428.4261,3427334.4077,-2500.3071,-3108.4857,6584.1849,0.0,0.0765,3.9732,0.0,0.0,1.0,0.0,1.0,0.0,0.0,-4.1,-36.453,0.0,0.0,-1.0,-0.7071,0.7071,0.0,0.13737903770226373,0.005099019513592785,-0.22243500000000002,0.4969408022543179,7.844258390777481,,
167.9395,44.438,-0.117,-0.071,40.464,-0.075,-0.074,-0.233,0.001,0.005,-0.233,0.009,0.005,-1.631,-0.082,-0.502,-0.0,-0.002,0.11,0.002,-0.0,0.0,864.781,-0.0,0.0,-0.0,0.0,0.0,0.0,0.0,0.0,0.9921,0.0157,-0.1241,-0.0454,0.9695,-0.2407,0.1166,0.2445,0.9626,0.669,0.7326,-0.1252,-0.7377,0.634,-0.2321,-0.0907,0.2476,0.9646,0.0019,-0.0001,0.0,0.0,0.0,0.0,-0.0344,-0.0532,0.2246,7.1855,16.0584,-79.063,0.0,0.0434,-0.3699,0.0,0.0,0.0,4501134.1422,3644788.0498,3428645.4356,-2501.584,-3109.5451,6583.4633,4501126.9568,3644771.9914,3428724.4986,-2501.5496,-3109.4919,6583.2387,0.0,0.0765,3.9732,0.0,0.0,1.0,0.0,1.0,0.0,0.0,-4.1,-36.453,0.0,0.0,-1.0,-0.7071,0.7071,0.0,0.13685759021698432,0.005099019513592785,-0.22219,0.5265946859646549,7.835618368722767,,
168.1426,44.391,-0.116,-0.07,40.417,-0.074,-0.073,-0.233,0.001,0.005,-0.233,0.005,0.005,-1.631,-0.082,-0.485,0.0,-0.004,0.062,0.001,-0.0,0.0,864.717,-0.0,0.0,-0.0,0.0,0.0,0.0,0.0,0.0,0.9921,0.0157,-0.1241,-0.0454,0.9696,-0.2404,0.1166,0.2442,0.9627,0.669,0.7326,-0.1252,-0.7377,0.634,-0.2321,-0.0907,0.2476,0.9646,0.0011,-0.0001,0.0,0.0,0.0,0.0,-0.0344,-0.0532,0.2246,7.1785,16.0477,-79.0175,0.0,0.0434,-0.3699,0.0,0.0,0.0,4500627.4423,3644158.2581,3429978.5169,-2502.7756,-3110.5099,6582.5554,4500620.2639,3644142.2104,3430057.5344,-2502.7411,-3110.4567,6582.3308,0.0,0.0765,3.9732,0.0,0.0,1.0,0.0,1.0,0.0,0.0,-4.1,-36.453,0.0,0.0,-1.0,-0.7071,0.7071,0.0,0.1354843164355196,0.005099019513592785,-0.22195499999999999,0.527435415605786,7.827331000629468,,
168.3471,44.343,-0.116,-0.069,40.369,-0.073,-0.072,-0.233,0.001,0.005,-0.233,0.002,0.005,-1.631,-0.083,-0.477,0.0,-0.005,0.016,0.0,-0.0,0.0,864.658,-0.0,0.0,-0.0,0.0,0.0,0.0,0.0,0.0,0.9921,0.0157,-0.1241,-0.0454,0.9696,-0.2403,0.1165,0.244,0.9627,0.669,0.7326,-0.1252,-0.7377,0.634,-0.2321,-0.0907,0.2476,0.9646,0.0003,-0.0001,0.0,0.0,0.0,0.0,-0.0344,-0.0533,0.2246,7.1714,16.0368,-78.9715,0.0,0.0434,-0.3698,0.0,0.0,0.0,4500115.5107,3643522.0702,3431324.5319,-2503.9787,-3111.4841,6581.6382,4500108.3393,3643506.0333,3431403.5034,-2503.9443,-3111.4308,6581.4136,0.0,0.0765,3.9732,0.0,0.0,1.0,0.0,1.0,0.0,0.0,-4.1,-36.453,0.0,0.0,-1.0,-0.7071,0.7071,0.0,0.13497036711811966,0.005099019513592785,-0.22171500000000002,0.5422137162923389,7.818867305555463,,
168.5612,44.293,-0.116,-0.068,40.32,-0.073,-0.071,-0.233,0.001,0.005,-0.233,0.001,0.005,-1.631,-0.084,-0.475,0.0,-0.005,0.006,0.0,-0.0,0.0,864.645,-0.0,0.0,-0.0,0.0,0.0,0.0,0.0,0.0,0.9921,0.0157,-0.1241,-0.0454,0.9696,-0.2403,0.1165,0.244,0.9627,0.669,0.7326,-0.1252,-0.7377,0.634,-0.2321,-0.0907,0.2476,0.9646,0.0001,-0.0001,0.0,0.0,0.0,0.0,-0.0344,-0.0533,0.2246,7.1641,16.0255,-78.9237,0.0,0.0434,-0.3698,0.0,0.0,0.0,4499581.8188,3642858.9533,3432726.8725,-2505.2322,-3112.499,6580.6821,4499574.6547,3642842.9278,3432805.7962,-2505.1978,-3112.4457,6580.4575,0.0,0.0765,3.9732,0.0,0.0,1.0,0.0,1.0,0.0,0.0,-4.1,-36.453,0.0,0.0,-1.0,-0.7071,0.7071,0.0,0.1344618905117729,0.005099019513592785,-0.221465,0.5419606373979182,7.810050956520039,,
168.7716,44.244,-0.116,-0.066,40.27,-0.072,-0.07,-0.235,0.001,0.005,-0.235,0.001,0.005,-1.631,-0.086,-0.474,0.0,-0.005,0.006,0.0,-0.0,0.0,864.639,-0.0,0.0,-1.0,0.0,0.0,0.0,0.0,0.0,0.9922,0.0157,-0.124,-0.0454,0.9697,-0.2402,0.1165,0.244,0.9628,0.669,0.7326,-0.1252,-0.7377,0.634,-0.2321,-0.0907,0.2476,0.9646,0.0001,-0.0001,0.0,0.0,0.0,0.0,-0.0347,-0.0538,0.2266,7.1568,16.0142,-78.876,0.0,0.0434,-0.3698,0.0,0.0,0.0,4499051.1281,3642199.6806,3434120.431,-2506.4782,-3113.508,6579.7335,4499043.9713,3642183.6663,3434199.307,-2506.4435,-3113.4542,6579.5069,0.0,0.0765,3.9732,0.0,0.0,1.0,0.0,1.0,0.0,0.0,-4.1,-36.453,0.0,0.0,-1.0,-0.7071,0.7071,0.0,0.13346160496562298,0.005099019513592785,-0.22122,0.5603127424552813,7.801410934465324,,
168.9742,44.195,-0.116,-0.065,40.222,-0.072,-0.069,-0.243,0.0,0.005,-0.243,0.001,0.005,-1.631,-0.087,-0.472,0.0,-0.005,0.006,0.0,-0.0,0.0,864.617,-0.0,0.0,-1.0,0.0,0.0,0.0,0.0,0.0,0.9922,0.0157,-0.124,-0.0454,0.9697,-0.2402,0.1165,0.244,0.9628,0.669,0.7326,-0.1252,-0.7377,0.634,-0.2321,-0.0907,0.2476,0.9646,0.0001,-0.0001,0.0,0.0,0.0,0.0,-0.0356,-0.0556,0.2336,7.1497,16.0032,-78.8294,0.0,0.0434,-0.3698,0.0,0.0,0.0,4498543.4697,3641569.127,3435452.6721,-2507.67,-3114.4738,6578.8312,4498536.3199,3641553.1238,3435531.5016,-2507.6344,-3114.4183,6578.5976,0.0,0.0765,3.9732,0.0,0.0,1.0,0.0,1.0,0.0,0.0,-4.1,-36.453,0.0,0.0,-1.0,-0.7071,0.7071,0.0,0.13296992141082134,0.005,-0.220975,0.5600491491813376,7.792770912410609,,
169.1797,44.145,-0.116,-0.064,40.171,-0.072,-0.068,-0.25,0.0,0.005,-0.25,0.001,0.005,-1.631,-0.088,-0.471,0.0,-0.005,0.005,0.0,-0.0,0.0,864.595,-0.0,0.0,-1.0,0.0,0.0,0.0,0.0,0.0,0.9922,0.0157,-0.124,-0.0454,0.9697,-0.2402,0.1165,0.2439,0.9628,0.669,0.7326,-0.1252,-0.7377,0.634,-0.2321,-0.0907,0.2476,0.9646,0.0001,-0.0001,0.0,0.0,0.0,0.0,-0.0366,-0.0574,0.2406,7.1423,15.9916,-78.781,0.0,0.0434,-0.3698,0.0,0.0,0.0,4498030.7397,3640932.3797,3436797.3947,-2508.8731,-3115.4487,6577.92,4498023.5974,3640916.3881,3436876.1757,-2508.8365,-3115.3914,6577.6793,0.0,0.0765,3.9732,0.0,0.0,1.0,0.0,1.0,0.0,0.0,-4.1,-36.453,0.0,0.0,-1.0,-0.7071,0.7071,0.0,0.13248396129343357,0.005,-0.220725,0.5594666944575609,7.783954563375187,,
169.3813,44.094,-0.116,-0.063,40.12,-0.072,-0.067,-0.257,0.0,0.005,-0.257,0.001,0.005,-1.631,-0.089,-0.47,0.0,-0.005,0.005,0.0,-0.0,0.0,864.573,-0.0,0.0,-1.0,0.0,0.0,0.0,0.0,0.0,0.9922,0.0157,-0.124,-0.0454,0.9697,-0.2402,0.1164,0.2439,0.9628,0.669,0.7326,-0.1252,-0.7377,0.634,-0.2321,-0.0907,0.2476,0.9646,0.0001,-0.0001,0.0,0.0,0.0,0.0,-0.0375,-0.0591,0.2476,7.1348,15.9798,-78.7315,0.0,0.0434,-0.3698,0.0,0.0,0.0,4497522.614,3640301.4553,3438129.2227,-2510.0646,-3116.4142,6577.017,4497515.4792,3640285.4755,3438207.9543,-2510.0271,-3116.3551,6576.7694,0.0,0.0765,3.9732,0.0,0.0,1.0,0.0,1.0,0.0,0.0,-4.1,-36.453,0.0,0.0,-1.0,-0.7071,0.7071,0.0,0.13200378782444086,0.005,-0.22047,0.5590433626628429,7.774961887359055,,
169.585,44.041,-0.116,-0.062,40.067,-0.072,-0.066,-0.265,0.0,0.005,-0.265,0.0,0.005,-1.631,-0.09,-0.469,0.0,-0.005,0.005,0.0,-0.0,0.0,864.551,-0.0,0.0,-1.0,0.0,0.0,0.0,0.0,0.0,0.9922,0.0158,-0.124,-0.0454,0.9697,-0.2402,0.1164,0.2439,0.9628,0.669,0.7326,-0.1252,-0.7377,0.634,-0.2321,-0.0907,0.2476,0.9646,0.0001,-0.0001,0.0,0.0,0.0,0.0,-0.0384,-0.0609,0.2546,7.1271,15.9676,-78.6806,0.0,0.0434,-0.3698,0.0,0.0,0.0,4497013.0073,3639668.7961,3439464.1137,-2511.2589,-3117.3819,6576.1115,4497005.8802,3639652.8284,3439542.7943,-2511.2205,-3117.3209,6575.8569,0.0,0.0765,3.9732,0.0,0.0,1.0,0.0,1.0,0.0,0.0,-4.1,-36.453,0.0,0.0,-1.0,-0.7071,0.7071,0.0,0.13152946437965904,0.005,-0.22020499999999998,0.5586181969138726,7.765616557381505,,
169.7904,43.986,-0.116,-0.061,40.012,-0.072,-0.065,-0.272,0.0,0.005,-0.272,0.0,0.005,-1.631,-0.091,-0.469,0.0,-0.005,0.004,0.0,-0.0,0.0,864.529,-0.0,0.0,-1.0,0.0,0.0,0.0,0.0,0.0,0.9922,0.0158,-0.1239,-0.0454,0.9697,-0.2402,0.1164,0.2439,0.9628,0.669,0.7326,-0.1252,-0.7377,0.634,-0.2321,-0.0907,0.2476,0.9646,0.0001,-0.0001,0.0,0.0,0.0,0.0,-0.0393,-0.0627,0.2617,7.1192,15.955,-78.6275,0.0,0.0434,-0.3698,0.0,0.0,0.0,4496496.9772,3639028.2687,3440814.9968,-2512.4675,-3118.3611,6575.1947,4496489.8581,3639012.3137,3440893.6244,-2512.4282,-3118.2984,6574.9329,0.0,0.0765,3.9732,0.0,0.0,1.0,0.0,1.0,0.0,0.0,-4.1,-36.453,0.0,0.0,-1.0,-0.7071,0.7071,0.0,0.13106105447462263,0.005,-0.21993,0.5581911149743586,7.75591857344254,,
169.992,43.93,-0.116,-0.06,39.956,-0.072,-0.064,-0.279,-0.0,0.005,-0.279,0.0,0.005,-1.631,-0.092,-0.468,0.0,-0.005,0.004,0.0,-0.0,0.0,864.507,-0.0,0.0,-1.0,0.0,0.0,0.0,0.0,0.0,0.9922,0.0158,-0.1239,-0.0454,0.9697,-0.2401,0.1164,0.2439,0.9628,0.669,0.7326,-0.1252,-0.7377,0.634,-0.2321,-0.0907,0.2476,0.9646,0.0001,-0.0001,0.0,0.0,0.0,0.0,-0.0402,-0.0645,0.2687,7.1111,15.9421,-78.5739,0.0,0.0434,-0.3698,0.0,0.0,0.0,4495989.1364,3638398.0114,3442143.6245,-2513.6563,-3119.3242,6574.2924,4495982.0253,3638382.0693,3442222.1984,-2513.616,-3119.2597,6574.0237,0.0,0.0765,3.9732,0.0,0.0,1.0,0.0,1.0,0.0,0.0,-4.1,-36.453,0.0,0.0,-1.0,-0.7071,0.7071,0.0,0.13059862173851608,0.005,-0.21965,0.5577636542554073,7.746044262522866,,
170.1927,43.873,-0.116,-0.059,39.9,-0.072,-0.063,-0.286,-0.0,0.005,-0.286,0.0,0.005,-1.631,-0.093,-0.467,0.0,-0.005,0.003,0.0,-0.0,0.0,864.485,-0.0,0.0,-1.0,0.0,0.0,0.0,0.0,0.0,0.9922,0.0158,-0.1239,-0.0454,0.9697,-0.2401,0.1164,0.2439,0.9628,0.669,0.7326,-0.1252,-0.7377,0.634,-0.2321,-0.0907,0.2476,0.9646,0.0001,-0.0001,0.0,0.0,0.0,0.0,-0.0411,-0.0663,0.2757,7.103,15.929,-78.5192,0.0,0.0434,-0.3698,0.0,0.0,0.0,4495484.1337,3637771.3781,3443464.0231,-2514.8377,-3120.2813,6573.3953,4495477.0307,3637755.4492,3443542.5423,-2514.7965,-3120.215,6573.1197,0.0,0.0765,3.9732,0.0,0.0,1.0,0.0,1.0,0.0,0.0,-4.1,-36.453,0.0,0.0,-1.0,-0.7071,0.7071,0.0,0.13014222988715077,0.005,-0.21936499999999998,0.5574955560273315,7.735993624622483,,
170.3979,43.814,-0.116,-0.058,39.84,-0.072,-0.062,-0.294,-0.0,0.005,-0.294,-0.0,0.005,-1.631,-0.094,-0.466,0.0,-0.005,0.003,0.0,-0.0,0.0,864.463,-0.0,0.0,-1.0,0.0,0.0,0.0,0.0,0.0,0.9922,0.0158,-0.1239,-0.0454,0.9697,-0.2401,0.1163,0.2439,0.9628,0.669,0.7326,-0.1252,-0.7377,0.634,-0.2321,-0.0907,0.2476,0.9646,0.0,-0.0001,0.0,0.0,0.0,0.0,-0.0421,-0.0681,0.2827,7.0945,15.9153,-78.4623,0.0,0.0434,-0.3698,0.0,0.0,0.0,4494971.0082,3637134.7716,3444804.8407,-2516.0374,-3121.2531,6572.4839,4494963.9138,3637118.8563,3444883.303,-2515.9953,-3121.185,6572.2012,0.0,0.0765,3.9732,0.0,0.0,1.0,0.0,1.0,0.0,0.0,-4.1,-36.453,0.0,0.0,-1.0,-0.7071,0.7071,0.0,0.12969194269498782,0.005,-0.21907,0.5569058158559163,7.725590332760684,,
170.6039,43.752,-0.116,-0.057,39.779,-0.072,-0.061,-0.301,-0.0,0.005,-0.301,-0.0,0.005,-1.631,-0.096,-0.466,0.0,-0.005,0.002,0.0,-0.0,0.0,864.44,-0.0,0.0,-1.0,0.0,0.0,0.0,0.0,0.0,0.9922,0.0158,-0.1239,-0.0454,0.9697,-0.2401,0.1163,0.2439,0.9628,0.669,0.7326,-0.1252,-0.7377,0.634,-0.2321,-0.0907,0.2476,0.9646,0.0,-0.0001,0.0,0.0,0.0,0.0,-0.043,-0.0699,0.2899,7.0857,15.901,-78.403,0.0,0.0434,-0.3698,0.0,0.0,0.0,4494449.7583,3636488.1924,3446166.0431,-2517.2554,-3122.2396,6571.558,4494442.6726,3636472.2914,3446244.4461,-2517.2124,-3122.1697,6571.2682,0.0,0.0765,3.9732,0.0,0.0,1.0,0.0,1.0,0.0,0.0,-4.1,-36.453,0.0,0.0,-1.0,-0.7071,0.7071,0.0,0.12924782396620843,0.005,-0.21876,0.5566319122475247,7.7146580599567605,,
170.8116,43.689,-0.116,-0.056,39.715,-0.072,-0.06,-0.309,-0.0,0.005,-0.309,-0.0,0.005,-1.63,-0.097,-0.465,0.0,-0.005,0.002,0.0,-0.0,0.0,864.418,-0.0,0.0,-1.0,0.0,0.0,0.0,0.0,0.0,0.9922,0.0158,-0.1238,-0.0454,0.9697,-0.2401,0.1163,0.2438,0.9628,0.669,0.7326,-0.1252,-0.7377,0.634,-0.2321,-0.0907,0.2476,0.9646,0.0,-0.0001,0.0,0.0,0.0,0.0,-0.0439,-0.0717,0.297,7.0766,15.8863,-78.3421,0.0,0.0434,-0.3698,0.0,0.0,0.0,4493927.2043,3635840.1046,3447529.7976,-2518.4757,-3123.228,6570.63,4493920.1277,3635824.2183,3447608.1397,-2518.4317,-3123.1563,6570.333,0.0,0.0765,3.9732,0.0,0.0,1.0,0.0,1.0,0.0,0.0,-4.1,-36.453,0.0,0.0,-1.0,-0.7071,0.7071,0.0,0.12880993750483696,0.005,-0.218445,0.556037573870801,7.703549460172126,,
171.012,43.626,-0.116,-0.055,39.653,-0.072,-0.059,-0.316,-0.001,0.005,-0.316,-0.0,0.005,-1.63,-0.098,-0.465,0.0,-0.005,0.002,0.0,-0.0,0.0,864.396,-0.0,0.0,-1.0,0.0,0.0,0.0,0.0,0.0,0.9922,0.0158,-0.1238,-0.0454,0.9697,-0.2401,0.1163,0.2438,0.9628,0.669,0.7326,-0.1252,-0.7377,0.634,-0.2321,-0.0907,0.2476,0.9646,0.0,-0.0001,0.0,0.0,0.0,0.0,-0.0449,-0.0735,0.304,7.0677,15.8717,-78.2817,0.0,0.0434,-0.3698,0.0,0.0,0.0,4493420.8417,3635212.2018,3448850.4825,-2519.6575,-3124.1852,6569.7308,4493413.774,3635196.3301,3448928.7642,-2519.6126,-3124.1117,6569.4268,0.0,0.0765,3.9732,0.0,0.0,1.0,0.0,1.0,0.0,0.0,-4.1,-36.453,0.0,0.0,-1.0,-0.7071,0.7071,0.0,0.12837834708392223,0.005099019513592785,-0.21813,0.555764266563002,7.692440860387492,,
171.2166,43.561,-0.116,-0.053,39.588,-0.072,-0.058,-0.323,-0.001,0.005,-0.323,-0.001,0.005,-1.63,-0.099,-0.465,0.0,-0.005,0.001,0.0,-0.0,0.0,864.374,-0.0,0.0,-1.0,0.0,0.0,0.0,0.0,0.0,0.9922,0.0158,-0.1238,-0.0454,0.9697,-0.2401,0.1163,0.2438,0.9628,0.669,0.7326,-0.1252,-0.7377,0.634,-0.2321,-0.0907,0.2476,0.9646,0.0,-0.0001,0.0,0.0,0.0,0.0,-0.0458,-0.0753,0.311,7.0585,15.8565,-78.219,0.0,0.0434,-0.3698,0.0,0.0,0.0,4492907.0641,3634575.2083,3450189.6896,-2520.8559,-3125.1557,6568.8185,4492900.0056,3634559.3518,3450267.9087,-2520.8101,-3125.0804,6568.5075,0.0,0.0765,3.9732,0.0,0.0,1.0,0.0,1.0,0.0,0.0,-4.1,-36.453,0.0,0.0,-1.0,-0.7071,0.7071,0.0,0.127534309109353,0.005099019513592785,-0.217805,0.5590055569390738,7.680979606641443,,
171.4166,43.497,-0.116,-0.052,39.523,-0.072,-0.057,-0.325,-0.001,0.005,-0.325,-0.001,0.005,-1.63,-0.1,-0.465,0.0,-0.006,0.001,0.0,-0.0,0.0,864.368,-0.0,0.0,-0.0,0.0,0.0,0.0,0.0,0.0,0.9922,0.0158,-0.1238,-0.0454,0.9697,-0.2401,0.1163,0.2438,0.9628,0.669,0.7326,-0.1252,-0.7377,0.634,-0.2321,-0.0907,0.2476,0.9646,0.0,-0.0001,0.0,0.0,0.0,0.0,-0.046,-0.0758,0.313,7.0494,15.8416,-78.1573,0.0,0.0434,-0.3698,0.0,0.0,0.0,4492409.6888,3633958.651,3451485.359,-2522.0147,-3126.0934,6567.9305,4492402.6394,3633942.8095,3451563.5163,-2521.9687,-3126.0176,6567.6175,0.0,0.0765,3.9732,0.0,0.0,1.0,0.0,1.0,0.0,0.0,-4.1,-36.453,0.0,0.0,-1.0,-0.7071,0.7071,0.0,0.12712198865656563,0.005099019513592785,-0.217485,0.5583836627456612,7.669694679876101,,
171.6232,43.43,-0.117,-0.051,39.456,-0.072,-0.056,-0.325,-0.001,0.005,-0.325,-0.001,0.005,-1.63,-0.101,-0.465,0.0,-0.006,0.001,0.0,-0.0,0.0,864.368,-0.0,0.0,-0.0,0.0,0.0,0.0,0.0,0.0,0.9922,0.0158,-0.1238,-0.0454,0.9697,-0.2401,0.1162,0.2438,0.9628,0.669,0.7326,-0.1252,-0.7377,0.634,-0.2321,-0.0907,0.2476,0.9646,0.0,-0.0001,0.0,0.0,0.0,0.0,-0.0461,-0.0758,0.313,7.0399,15.8258,-78.0923,0.0,0.0434,-0.3698,0.0,0.0,0.0,4491885.4557,3633308.9069,3452850.1597,-2523.2351,-3127.0806,6566.9926,4491878.4158,3633293.081,3452928.252,-2523.1891,-3127.0048,6566.6796,0.0,0.0765,3.9732,0.0,0.0,1.0,0.0,1.0,0.0,0.0,-4.1,-36.453,0.0,0.0,-1.0,-0.7071,0.7071,0.0,0.1276322843170959,0.005099019513592785,-0.21715,0.5718381823187614,7.6578807721686335,,
171.8241,43.364,-0.117,-0.05,39.39,-0.072,-0.055,-0.325,-0.001,0.005,-0.325,-0.001,0.005,-1.63,-0.102,-0.464,0.0,-0.006,0.001,0.0,-0.0,0.0,864.368,-0.0,0.0,-0.0,0.0,0.0,0.0,0.0,0.0,0.9922,0.0158,-0.1238,-0.0454,0.9697,-0.2401,0.1162,0.2438,0.9628,0.669,0.7326,-0.1252,-0.7377,0.634,-0.2321,-0.0907,0.2476,0.9646,0.0,-0.0001,0.0,0.0,0.0,0.0,-0.0461,-0.0758,0.313,7.0306,15.8106,-78.0294,0.0,0.0434,-0.3698,0.0,0.0,0.0,4491377.9579,3632680.0087,3454170.5774,-2524.4159,-3128.0356,6566.0847,4491370.9273,3632664.1981,3454248.6068,-2524.3698,-3127.9598,6565.7718,0.0,0.0765,3.9732,0.0,0.0,1.0,0.0,1.0,0.0,0.0,-4.1,-36.453,0.0,0.0,-1.0,-0.7071,0.7071,0.0,0.12723600119463047,0.005099019513592785,-0.21681999999999998,0.5713826228706517,7.646243191441875,,
172.0309,43.297,-0.117,-0.049,39.323,-0.073,-0.054,-0.325,-0.001,0.005,-0.325,-0.001,0.005,-1.63,-0.103,-0.464,0.0,-0.006,0.001,0.0,-0.0,0.0,864.368,-0.0,0.0,-0.0,0.0,0.0,0.0,0.0,0.0,0.9922,0.0158,-0.1237,-0.0454,0.9697,-0.2401,0.1162,0.2438,0.9628,0.669,0.7326,-0.1252,-0.7377,0.634,-0.2321,-0.0907,0.2476,0.9646,0.0,-0.0001,0.0,0.0,0.0,0.0,-0.0461,-0.0758,0.313,7.0211,15.795,-77.9649,0.0,0.0434,-0.3698,0.0,0.0,0.0,4490858.0479,3632035.8346,3455522.4598,-2525.6249,-3129.0134,6565.1547,4490851.0267,3632020.0396,3455600.4247,-2525.5788,-3128.9376,6564.8417,0.0,0.0765,3.9732,0.0,0.0,1.0,0.0,1.0,0.0,0.0,-4.1,-36.453,0.0,0.0,-1.0,-0.7071,0.7071,0.0,0.12684636376341263,0.005099019513592785,-0.21648499999999998,0.555697937886123,7.634429283734407,,
172.2337,43.231,-0.117,-0.048,39.258,-0.073,-0.053,-0.325,-0.001,0.005,-0.325,-0.001,0.005,-1.63,-0.104,-0.464,0.0,-0.006,0.001,0.0,-0.0,0.0,864.368,-0.0,0.0,-0.0,0.0,0.0,0.0,0.0,0.0,0.9922,0.0158,-0.1237,-0.0453,0.9697,-0.2401,0.1162,0.2438,0.9628,0.669,0.7326,-0.1252,-0.7377,0.634,-0.2321,-0.0907,0.2476,0.9646,0.0,-0.0001,0.0,0.0,0.0,0.0,-0.0461,-0.0758,0.313,7.0118,15.7796,-77.9016,0.0,0.0434,-0.3698,0.0,0.0,0.0,4490346.6801,3631402.349,3456851.3126,-2526.8132,-3129.9745,6564.2401,4490339.6683,3631386.5693,3456929.2142,-2526.7671,-3129.8987,6563.9271,0.0,0.0765,3.9732,0.0,0.0,1.0,0.0,1.0,0.0,0.0,-4.1,-36.453,0.0,0.0,-1.0,-0.7071,0.7071,0.0,0.12646343345014796,0.005099019513592785,-0.216155,0.5553946681211411,7.62279170300765,,
172.4428,43.163,-0.117,-0.047,39.19,-0.073,-0.052,-0.325,-0.001,0.005,-0.325,-0.001,0.005,-1.63,-0.106,-0.464,0.0,-0.006,0.001,0.0,-0.0,0.0,864.368,-0.0,0.0,-0.0,0.0,0.0,0.0,0.0,0.0,0.9922,0.0158,-0.1237,-0.0453,0.9697,-0.2401,0.1162,0.2438,0.9628,0.669,0.7326,-0.1252,-0.7377,0.634,-0.2321,-0.0907,0.2476,0.9646,0.0,-0.0001,0.0,0.0,0.0,0.0,-0.0461,-0.0759,0.313,7.0022,15.7638,-77.8361,0.0,0.0434,-0.3698,0.0,0.0,0.0,4489818.2883,3630747.8827,3458223.5543,-2528.0405,-3130.9669,6563.2951,4489811.2862,3630732.119,3458301.3904,-2527.9943,-3130.8911,6562.9821,0.0,0.0765,3.9732,0.0,0.0,1.0,0.0,1.0,0.0,0.0,-4.1,-36.453,0.0,0.0,-1.0,-0.7071,0.7071,0.0,0.12608727136392478,0.005099019513592785,-0.21581499999999998,0.5549280942956942,7.610801468319473,,
172.6571,43.094,-0.117,-0.046,39.12,-0.073,-0.051,-0.325,-0.001,0.005,-0.325,-0.001,0.005,-1.63,-0.107,-0.464,0.0,-0.006,0.001,0.0,-0.0,0.0,864.368,-0.0,0.0,-0.0,0.0,0.0,0.0,0.0,0.0,0.9922,0.0158,-0.1237,-0.0453,0.9697,-0.2401,0.1161,0.2438,0.9628,0.669,0.7326,-0.1252,-0.7377,0.634,-0.2321,-0.0907,0.2476,0.9646,0.0,-0.0001,0.0,0.0,0.0,0.0,-0.0461,-0.0759,0.313,6.9923,15.7475,-77.769,0.0,0.0434,-0.3698,0.0,0.0,0.0,4489276.4324,3630076.8542,3459629.866,-2529.2982,-3131.984,6562.3261,4489269.4402,3630061.1067,3459707.635,-2529.252,-3131.9081,6562.0131,0.0,0.0765,3.9732,0.0,0.0,1.0,0.0,1.0,0.0,0.0,-4.1,-36.453,0.0,0.0,-1.0,-0.7071,0.7071,0.0,0.1257179382586272,0.005099019513592785,-0.21547,0.5542997489948702,7.59863490665059,,
172.863,43.026,-0.118,-0.045,39.053,-0.073,-0.05,-0.325,-0.001,0.005,-0.325,-0.001,0.005,-1.63,-0.108,-0.464,0.0,-0.006,0.001,0.0,-0.0,0.0,864.368,-0.0,0.0,-0.0,0.0,0.0,0.0,0.0,0.0,0.9922,0.0158,-0.1237,-0.0453,0.9697,-0.2401,0.1161,0.2438,0.9628,0.669,0.7326,-0.1252,-0.7377,0.634,-0.2321,-0.0907,0.2476,0.9646,0.0,-0.0001,0.0,0.0,0.0,0.0,-0.0462,-0.0759,0.313,6.9827,15.7318,-77.7042,0.0,0.0434,-0.3698,0.0,0.0,0.0,4488752.569,3629428.2176,3460988.619,-2530.5134,-3132.9666,6561.3894,4488745.5863,3629412.4858,3461066.3232,-2530.4672,-3132.8907,6561.0763,0.0,0.0765,3.9732,0.0,0.0,1.0,0.0,1.0,0.0,0.0,-4.1,-36.453,0.0,0.0,-1.0,-0.7071,0.7071,0.0,0.12628935030318272,0.005099019513592785,-0.21513000000000002,0.5679624245832228,7.586644671962414,,
173.0653,42.961,-0.118,-0.044,38.987,-0.073,-0.049,-0.325,-0.001,0.005,-0.325,-0.001,0.005,-1.63,-0.109,-0.464,0.0,-0.006,0.001,0.0,-0.0,0.0,864.368,-0.0,0.0,-0.0,0.0,0.0,0.0,0.0,0.0,0.9922,0.0158,-0.1236,-0.0453,0.9697,-0.2401,0.1161,0.2438,0.9628,0.669,0.7326,-0.1252,-0.7377,0.634,-0.2321,-0.0907,0.2476,0.9646,0.0,-0.0001,0.0,0.0,0.0,0.0,-0.0462,-0.0759,0.313,6.9734,15.7165,-77.641,0.0,0.0434,-0.3698,0.0,0.0,0.0,4488241.5836,3628795.6301,3462313.1544,-2531.698,-3133.9244,6560.4757,4488234.6102,3628779.9136,3462390.7955,-2531.6519,-3133.8485,6560.1627,0.0,0.0765,3.9732,0.0,0.0,1.0,0.0,1.0,0.0,0.0,-4.1,-36.453,0.0,0.0,-1.0,-0.7071,0.7071,0.0,0.12593649193144932,0.005099019513592785,-0.214805,0.567346973685991,7.575183418216364,,
173.2693,42.894,-0.118,-0.042,38.92,-0.074,-0.048,-0.325,-0.001,0.005,-0.325,-0.001,0.005,-1.63,-0.11,-0.464,0.0,-0.006,0.001,0.0,-0.0,0.0,864.368,-0.0,0.0,-0.0,0.0,0.0,0.0,0.0,0.0,0.9922,0.0158,-0.1236,-0.0453,0.9697,-0.2401,0.1161,0.2438,0.9628,0.669,0.7326,-0.1252,-0.7377,0.634,-0.2321,-0.0907,0.2476,0.9646,0.0,-0.0001,0.0,0.0,0.0,0.0,-0.0462,-0.0759,0.3131,6.964,15.7009,-77.577,0.0,0.0434,-0.3698,0.0,0.0,0.0,4487723.67,3628154.5703,3463654.8289,-2532.898,-3134.8946,6559.5498,4487716.7061,3628138.8694,3463732.4059,-2532.8519,-3134.8187,6559.2367,0.0,0.0765,3.9732,0.0,0.0,1.0,0.0,1.0,0.0,0.0,-4.1,-36.453,0.0,0.0,-1.0,-0.7071,0.7071,0.0,0.1252517464948094,0.005099019513592785,-0.21447,0.5553614044103119,7.563369510508896,,
173.474,42.827,-0.118,-0.041,38.854,-0.074,-0.047,-0.325,-0.001,0.005,-0.325,-0.001,0.005,-1.63,-0.111,-0.463,0.0,-0.006,0.001,0.0,-0.0,0.0,864.368,-0.0,0.0,-0.0,0.0,0.0,0.0,0.0,0.0,0.9922,0.0158,-0.1236,-0.0453,0.9697,-0.2401,0.1161,0.2438,0.9628,0.669,0.7326,-0.1252,-0.7377,0.634,-0.2321,-0.0907,0.2476,0.9646,0.0,-0.0001,0.0,0.0,0.0,0.0,-0.0462,-0.0759,0.3131,6.9546,15.6854,-77.513,0.0,0.0434,-0.3698,0.0,0.0,0.0,4487205.7866,3627513.6533,3464995.6006,-2534.0973,-3135.8641,6558.624,4487198.832,3627497.9679,3465073.1136,-2534.0511,-3135.7882,6558.3109,0.0,0.0765,3.9732,0.0,0.0,1.0,0.0,1.0,0.0,0.0,-4.1,-36.453,0.0,0.0,-1.0,-0.7071,0.7071,0.0,0.12491997438360287,0.005099019513592785,-0.214135,0.5550307423932945,7.551555602801429,,
173.6825,42.76,-0.118,-0.04,38.786,-0.074,-0.046,-0.325,-0.001,0.005,-0.325,-0.001,0.005,-1.63,-0.112,-0.463,0.0,-0.006,0.001,0.0,-0.0,0.0,864.368,-0.0,0.0,-0.0,0.0,0.0,0.0,0.0,0.0,0.9922,0.0158,-0.1236,-0.0453,0.9697,-0.2401,0.116,0.2438,0.9629,0.669,0.7326,-0.1252,-0.7377,0.634,-0.2321,-0.0907,0.2476,0.9646,0.0,-0.0001,0.0,0.0,0.0,0.0,-0.0462,-0.076,0.3131,6.9449,15.6696,-77.4479,0.0,0.0434,-0.3698,0.0,0.0,0.0,4486678.654,3626861.3979,3466359.4723,-2535.3172,-3136.8503,6557.6817,4486671.7091,3626845.7283,3466436.9202,-2535.271,-3136.7743,6557.3687,0.0,0.0765,3.9732,0.0,0.0,1.0,0.0,1.0,0.0,0.0,-4.1,-36.453,0.0,0.0,-1.0,-0.7071,0.7071,0.0,0.12459534501738016,0.005099019513592785,-0.2138,0.5543780426544875,7.539741695093962,,
173.8891,42.693,-0.118,-0.039,38.719,-0.074,-0.045,-0.325,-0.001,0.005,-0.325,-0.001,0.005,-1.63,-0.114,-0.463,0.0,-0.006,0.001,0.0,-0.0,0.0,864.368,-0.0,0.0,-0.0,0.0,0.0,0.0,0.0,0.0,0.9922,0.0158,-0.1236,-0.0453,0.9697,-0.2401,0.116,0.2438,0.9629,0.669,0.7326,-0.1252,-0.7377,0.634,-0.2321,-0.0907,0.2476,0.9646,0.0,-0.0001,0.0,0.0,0.0,0.0,-0.0462,-0.076,0.3131,6.9354,15.6539,-77.3832,0.0,0.0434,-0.3698,0.0,0.0,0.0,4486154.5884,3626213.0456,3467714.5647,-2536.5293,-3137.8301,6556.745,4486147.653,3626197.3917,3467791.9479,-2536.4831,-3137.7541,6556.432,0.0,0.0765,3.9732,0.0,0.0,1.0,0.0,1.0,0.0,0.0,-4.1,-36.453,0.0,0.0,-1.0,-0.7071,0.7071,0.0,0.12427791436936814,0.005099019513592785,-0.213465,0.5538877078517255,7.527927787386495,,
174.0966,42.625,-0.119,-0.038,38.651,-0.074,-0.044,-0.325,-0.001,0.005,-0.325,-0.001,0.005,-1.63,-0.115,-0.463,0.0,-0.006,0.001,0.0,-0.0,0.0,864.368,-0.0,0.0,-0.0,0.0,0.0,0.0,0.0,0.0,0.9922,0.0158,-0.1235,-0.0453,0.9697,-0.2401,0.116,0.2438,0.9629,0.669,0.7326,-0.1252,-0.7377,0.634,-0.2321,-0.0907,0.2476,0.9646,0.0,-0.0001,0.0,0.0,0.0,0.0,-0.0463,-0.076,0.3131,6.9258,15.6382,-77.3183,0.0,0.0434,-0.3698,0.0,0.0,0.0,4485628.7385,3625562.593,3469073.4257,-2537.7448,-3138.8125,6555.8052,4485621.8126,3625546.9549,3469150.744,-2537.6985,-3138.7365,6555.4921,0.0,0.0765,3.9732,0.0,0.0,1.0,0.0,1.0,0.0,0.0,-4.1,-36.453,0.0,0.0,-1.0,-0.7071,0.7071,0.0,0.12491997438360287,0.005099019513592785,-0.213125,0.5673117173483903,7.515937552698319,,
174.3002,42.559,-0.119,-0.037,38.585,-0.074,-0.043,-0.325,-0.001,0.006,-0.325,-0.001,0.005,-1.63,-0.116,-0.463,0.0,-0.006,0.001,0.0,-0.0,0.0,864.368,-0.0,0.0,-0.0,0.0,0.0,0.0,0.0,0.0,0.9922,0.0158,-0.1235,-0.0453,0.9697,-0.2401,0.116,0.2438,0.9629,0.669,0.7326,-0.1252,-0.7377,0.634,-0.2321,-0.0907,0.2476,0.9646,0.0,-0.0001,0.0,0.0,0.0,0.0,-0.0463,-0.076,0.3131,6.9164,15.6227,-77.2545,0.0,0.0434,-0.3698,0.0,0.0,0.0,4485111.6624,3624923.0988,3470408.7897,-2538.9393,-3139.778,6554.8812,4485104.7459,3624907.4761,3470486.0442,-2538.893,-3139.702,6554.5681,0.0,0.0765,3.9732,0.0,0.0,1.0,0.0,1.0,0.0,0.0,-4.1,-36.453,0.0,0.0,-1.0,-0.7071,0.7071,0.0,0.12461942063739503,0.00608276253029822,-0.21279499999999998,0.5668331165686128,7.504299971971561,,
174.5066,42.491,-0.119,-0.036,38.517,-0.074,-0.042,-0.325,-0.001,0.006,-0.325,0.002,0.005,-1.63,-0.117,-0.46,0.0,-0.005,0.034,0.001,-0.0,0.0,864.311,-0.0,0.0,-0.0,0.454,0.0,0.0,0.0,0.0,0.9922,0.0158,-0.1235,-0.0453,0.9697,-0.24,0.116,0.2438,0.9629,0.669,0.7326,-0.1252,-0.7377,0.634,-0.2321,-0.0907,0.2476,0.9646,0.0006,-0.0001,0.0,0.0,0.0,0.0,-0.0463,-0.076,0.3131,6.9067,15.6068,-77.189,0.0,0.0434,-0.3698,0.0,0.0,0.0,4484580.1677,3624265.881,3471780.5396,-2540.1664,-3140.7697,6553.9315,4484573.261,3624250.2742,3471857.7285,-2540.1201,-3140.6937,6553.6184,0.0,0.0765,3.9732,0.0,0.0,1.0,0.0,1.0,0.0,0.0,-4.1,-36.453,0.0,0.0,-1.0,-0.7071,0.7071,0.0,0.12432618388738552,0.00608276253029822,-0.212455,0.5663515445197259,7.492309737283385,,
174.7123,42.424,-0.119,-0.035,38.451,-0.074,-0.041,-0.326,-0.0,0.006,-0.325,0.005,0.005,-1.63,-0.118,-0.449,-0.0,-0.003,0.075,0.001,-0.0,0.0,864.239,-0.0,0.0,-0.0,0.52,0.0,0.0,0.0,0.0,0.9922,0.0158,-0.1235,-0.0453,0.9698,-0.2399,0.1159,0.2436,0.9629,0.669,0.7326,-0.1252,-0.7377,0.634,-0.2321,-0.0907,0.2476,0.9646,0.0013,-0.0001,0.0,0.0,0.0,0.0,-0.0463,-0.076,0.3131,6.8973,15.5913,-77.125,0.0,0.0434,-0.3697,0.0,0.0,0.0,4484061.3312,3623624.4217,3473118.7895,-2541.3636,-3141.7372,6553.0044,4484054.4339,3623608.8303,3473195.9145,-2541.3173,-3141.6611,6552.6913,0.0,0.0765,3.9732,0.0,0.0,1.0,0.0,1.0,0.0,0.0,-4.1,-36.453,0.0,0.0,-1.0,-0.7071,0.7071,0.0,0.12404031602668544,0.006,-0.21212,0.5660384035767784,7.480495829575918,,
174.9166,42.357,-0.119,-0.033,38.384,-0.072,-0.039,-0.326,-0.0,0.006,-0.325,0.008,0.005,-1.63,-0.118,-0.43,-0.0,-0.002,0.114,0.002,-0.0,0.0,864.171,-0.0,0.0,-0.0,0.088,0.0,0.0,0.0,0.0,0.9922,0.0159,-0.1234,-0.0453,0.9698,-0.2395,0.1159,0.2433,0.963,0.669,0.7326,-0.1252,-0.7377,0.634,-0.2321,-0.0907,0.2476,0.9646,0.002,-0.0001,0.0,0.0,0.0,0.0,-0.0463,-0.0761,0.3131,6.8878,15.5758,-77.0606,0.0,0.0434,-0.3697,0.0,0.0,0.0,4483539.0329,3622978.7875,3474465.1402,-2542.568,-3142.7105,6552.0713,4483532.1451,3622963.2117,3474542.2008,-2542.5217,-3142.6344,6551.7582,0.0,0.0765,3.9732,0.0,0.0,1.0,0.0,1.0,0.0,0.0,-4.1,-36.453,0.0,0.0,-1.0,-0.7071,0.7071,0.0,0.12349089035228468,0.006,-0.211785,0.5958654235612386,7.468681921868451,,
175.1226,42.29,-0.119,-0.032,38.316,-0.071,-0.038,-0.326,-0.001,0.006,-0.326,0.004,0.005,-1.63,-0.119,-0.41,0.0,-0.004,0.071,0.001,-0.0,0.0,864.106,-0.0,0.0,-0.0,0.0,0.0,0.0,0.0,0.0,0.9922,0.0159,-0.1234,-0.0453,0.9699,-0.2392,0.1159,0.2429,0.9631,0.669,0.7326,-0.1252,-0.7377,0.634,-0.2321,-0.0907,0.2476,0.9646,0.0012,-0.0001,0.0,0.0,0.0,0.0,-0.0463,-0.0761,0.3131,6.8782,15.5602,-76.996,0.0,0.0434,-0.3697,0.0,0.0,0.0,4483014.1661,3622330.086,3475817.2777,-2543.7777,-3143.6879,6551.1337,4483007.2879,3622314.5257,3475894.2736,-2543.7313,-3143.6118,6550.8205,0.0,0.0765,3.9732,0.0,0.0,1.0,0.0,1.0,0.0,0.0,-4.1,-36.453,0.0,0.0,-1.0,-0.7071,0.7071,0.0,0.123227432010896,0.00608276253029822,-0.21145,0.6106020808116729,7.4568680141609835,,
175.3249,42.225,-0.119,-0.031,38.252,-0.071,-0.037,-0.326,-0.001,0.006,-0.326,0.001,0.005,-1.63,-0.12,-0.4,0.0,-0.005,0.027,0.0,-0.0,0.0,864.048,-0.0,0.0,-0.0,0.0,0.0,0.0,0.0,0.0,0.9922,0.0159,-0.1234,-0.0453,0.97,-0.239,0.1159,0.2428,0.9631,0.669,0.7326,-0.1252,-0.7377,0.634,-0.2321,-0.0907,0.2476,0.9646,0.0005,-0.0001,0.0,0.0,0.0,0.0,-0.0464,-0.0761,0.3131,6.869,15.5452,-76.9336,0.0,0.0434,-0.3697,0.0,0.0,0.0,4482507.5544,3621704.0471,3477121.5934,-2544.9446,-3144.6308,6550.2287,4482500.6855,3621688.502,3477198.527,-2544.8982,-3144.5547,6549.9156,0.0,0.0765,3.9732,0.0,0.0,1.0,0.0,1.0,0.0,0.0,-4.1,-36.453,0.0,0.0,-1.0,-0.7071,0.7071,0.0,0.12297154142320897,0.00608276253029822,-0.211125,0.6103389012180536,7.445406760414934,,
175.5312,42.158,-0.119,-0.03,38.185,-0.071,-0.036,-0.326,-0.001,0.006,-0.326,-0.0,0.005,-1.63,-0.121,-0.398,0.0,-0.005,0.007,0.0,-0.0,0.0,864.022,-0.0,0.0,-0.0,0.0,0.0,0.0,0.0,0.0,0.9922,0.0159,-0.1234,-0.0453,0.97,-0.239,0.1159,0.2427,0.9631,0.669,0.7326,-0.1252,-0.7377,0.634,-0.2321,-0.0907,0.2476,0.9646,0.0001,-0.0001,0.0,0.0,0.0,0.0,-0.0464,-0.0761,0.3131,6.8595,15.5295,-76.869,0.0,0.0434,-0.3697,0.0,0.0,0.0,4481982.7429,3621055.623,3478471.9467,-2546.1527,-3145.6069,6549.2913,4481975.8834,3621040.0936,3478548.8158,-2546.1063,-3145.5307,6548.9782,0.0,0.0765,3.9732,0.0,0.0,1.0,0.0,1.0,0.0,0.0,-4.1,-36.453,0.0,0.0,-1.0,-0.7071,0.7071,0.0,0.122723265927859,0.00608276253029822,-0.21079,0.6098962352830739,7.433592852707466,,
175.7354,42.092,-0.12,-0.029,38.118,-0.071,-0.035,-0.326,-0.001,0.006,-0.326,-0.0,0.005,-1.63,-0.122,-0.397,0.0,-0.005,0.007,0.0,-0.0,0.0,864.022,-0.0,0.0,-0.0,0.0,0.0,0.0,0.0,0.0,0.9922,0.0159,-0.1234,-0.0453,0.97,-0.239,0.1159,0.2427,0.9632,0.669,0.7326,-0.1252,-0.7377,0.634,-0.2321,-0.0907,0.2476,0.9646,0.0001,-0.0001,0.0,0.0,0.0,0.0,-0.0464,-0.0761,0.3132,6.85,15.5139,-76.805,0.0,0.0434,-0.3697,0.0,0.0,0.0,4481461.9443,3620412.2619,3479811.1498,-2547.3509,-3146.5748,6548.3612,4481455.0944,3620396.748,3479887.9548,-2547.3045,-3146.4987,6548.048,0.0,0.0765,3.9732,0.0,0.0,1.0,0.0,1.0,0.0,0.0,-4.1,-36.453,0.0,0.0,-1.0,-0.7071,0.7071,0.0,0.12345444503945574,0.00608276253029822,-0.21045999999999998,0.6233467555270267,7.421955271980708,,
175.9356,42.026,-0.12,-0.028,38.053,-0.071,-0.034,-0.326,-0.001,0.006,-0.326,-0.001,0.005,-1.63,-0.123,-0.395,0.0,-0.005,0.007,0.0,-0.0,0.0,864.022,-0.0,0.0,-0.0,0.0,0.0,0.0,0.0,0.0,0.9922,0.0159,-0.1233,-0.0453,0.97,-0.239,0.1158,0.2427,0.9632,0.669,0.7326,-0.1252,-0.7377,0.634,-0.2321,-0.0907,0.2476,0.9646,0.0001,-0.0001,0.0,0.0,0.0,0.0,-0.0464,-0.0761,0.3132,6.8407,15.4987,-76.7422,0.0,0.0434,-0.3697,0.0,0.0,0.0,4480951.4438,3619781.7246,3481123.0774,-2548.5247,-3147.5231,6547.4495,4480944.6031,3619766.2259,3481199.8196,-2548.4783,-3147.4469,6547.1364,0.0,0.0765,3.9732,0.0,0.0,1.0,0.0,1.0,0.0,0.0,-4.1,-36.453,0.0,0.0,-1.0,-0.7071,0.7071,0.0,0.1232233744059949,0.00608276253029822,-0.21013,0.6230949276624945,7.410317691253949,,
176.1434,41.959,-0.12,-0.027,37.986,-0.071,-0.033,-0.326,-0.001,0.006,-0.326,-0.001,0.005,-1.63,-0.124,-0.394,0.0,-0.005,0.007,0.0,-0.0,0.0,864.022,-0.0,0.0,-0.0,0.0,0.0,0.0,0.0,0.0,0.9922,0.0159,-0.1233,-0.0453,0.97,-0.2389,0.1158,0.2427,0.9632,0.669,0.7326,-0.1252,-0.7377,0.634,-0.2321,-0.0907,0.2476,0.9646,0.0001,-0.0001,0.0,0.0,0.0,0.0,-0.0464,-0.0762,0.3132,6.8311,15.483,-76.6776,0.0,0.0434,-0.3697,0.0,0.0,0.0,4480425.2041,3619131.8519,3482474.6287,-2549.7339,-3148.4999,6546.5098,4480418.373,3619116.369,3482551.3063,-2549.6875,-3148.4238,6546.1967,0.0,0.0765,3.9732,0.0,0.0,1.0,0.0,1.0,0.0,0.0,-4.1,-36.453,0.0,0.0,-1.0,-0.7071,0.7071,0.0,0.123,0.00608276253029822,-0.209795,0.6226617839907438,7.398503783546483,,
176.3511,41.891,-0.12,-0.025,37.918,-0.071,-0.032,-0.326,-0.001,0.006,-0.326,-0.001,0.005,-1.63,-0.125,-0.393,0.0,-0.005,0.007,0.0,-0.0,0.0,864.022,-0.0,0.0,-0.0,0.0,0.0,0.0,0.0,0.0,0.9922,0.0159,-0.1233,-0.0453,0.97,-0.2389,0.1158,0.2426,0.9632,0.669,0.7326,-0.1252,-0.7377,0.634,-0.2321,-0.0907,0.2476,0.9646,0.0001,-0.0001,0.0,0.0,0.0,0.0,-0.0464,-0.0762,0.3132,6.8214,15.467,-76.6121,0.0,0.0434,-0.3697,0.0,0.0,0.0,4479892.1566,3618473.6806,3483842.8142,-2550.9581,-3149.4888,6545.5581,4479885.3352,3618458.2136,3483919.4264,-2550.9117,-3149.4126,6545.2449,0.0,0.0765,3.9732,0.0,0.0,1.0,0.0,1.0,0.0,0.0,-4.1,-36.453,0.0,0.0,-1.0,-0.7071,0.7071,0.0,0.12257650672131262,0.00608276253029822,-0.209455,0.6254182304790848,7.386513548858306,,
176.5544,41.825,-0.12,-0.024,37.851,-0.071,-0.031,-0.326,-0.001,0.006,-0.326,-0.001,0.005,-1.63,-0.126,-0.391,0.0,-0.005,0.007,0.0,-0.0,0.0,864.022,-0.0,0.0,-0.0,0.0,0.0,0.0,0.0,0.0,0.9922,0.0159,-0.1233,-0.0453,0.97,-0.2389,0.1158,0.2426,0.9632,0.669,0.7326,-0.1252,-0.7377,0.634,-0.2321,-0.0907,0.2476,0.9646,0.0001,-0.0001,0.0,0.0,0.0,0.0,-0.0464,-0.0762,0.3132,6.812,15.4516,-76.5485,0.0,0.0434,-0.3697,0.0,0.0,0.0,4479373.6501,3617833.5687,3485172.8568,-2552.1482,-3150.45,6544.6323,4479366.8381,3617818.1172,3485249.4053,-2552.1018,-3150.3738,6544.3191,0.0,0.0765,3.9732,0.0,0.0,1.0,0.0,1.0,0.0,0.0,-4.1,-36.453,0.0,0.0,-1.0,-0.7071,0.7071,0.0,0.12237646832622684,0.00608276253029822,-0.209125,0.6247802789515731,7.374875968131548,,
176.7618,41.758,-0.121,-0.023,37.784,-0.071,-0.03,-0.326,-0.001,0.006,-0.326,-0.001,0.005,-1.63,-0.127,-0.39,0.0,-0.005,0.007,0.0,-0.0,0.0,864.022,-0.0,0.0,-0.0,0.0,0.0,0.0,0.0,0.0,0.9922,0.0159,-0.1233,-0.0453,0.97,-0.2389,0.1158,0.2426,0.9632,0.669,0.7326,-0.1252,-0.7377,0.634,-0.2321,-0.0907,0.2476,0.9646,0.0001,-0.0001,0.0,0.0,0.0,0.0,-0.0465,-0.0762,0.3132,6.8024,15.4358,-76.4837,0.0,0.0434,-0.3697,0.0,0.0,0.0,4478845.6792,3617181.8783,3486526.3465,-2553.3593,-3151.4281,6543.6898,4478838.8768,3617166.4425,3486602.8302,-2553.3129,-3151.3519,6543.3766,0.0,0.0765,3.9732,0.0,0.0,1.0,0.0,1.0,0.0,0.0,-4.1,-36.453,0.0,0.0,-1.0,-0.7071,0.7071,0.0,0.12316655390161729,0.00608276253029822,-0.20879,0.638365024900932,7.363062060424081,,
176.968,41.69,-0.121,-0.022,37.717,-0.071,-0.029,-0.326,-0.001,0.006,-0.326,-0.001,0.005,-1.63,-0.128,-0.388,0.0,-0.005,0.007,0.0,-0.0,0.0,864.022,-0.0,0.0,-0.0,0.0,0.0,0.0,0.0,0.0,0.9922,0.0159,-0.1232,-0.0453,0.97,-0.2388,0.1157,0.2426,0.9632,0.669,0.7326,-0.1252,-0.7377,0.634,-0.2321,-0.0907,0.2476,0.9646,0.0001,-0.0001,0.0,0.0,0.0,0.0,-0.0465,-0.0762,0.3132,6.7928,15.4201,-76.4189,0.0,0.0434,-0.3697,0.0,0.0,0.0,4478317.7767,3616530.3796,3487878.8251,-2554.5696,-3152.4055,6542.7475,4478310.9839,3616514.9595,3487955.244,-2554.5231,-3152.3293,6542.4342,0.0,0.0765,3.9732,0.0,0.0,1.0,0.0,1.0,0.0,0.0,-4.1,-36.453,0.0,0.0,-1.0,-0.7071,0.7071,0.0,0.12298373876248843,0.00608276253029822,-0.20845,0.6380968825933809,7.351071825735905,,
177.1682,41.625,-0.121,-0.021,37.652,-0.071,-0.028,-0.326,-0.001,0.006,-0.326,-0.001,0.005,-1.63,-0.129,-0.387,0.0,-0.005,0.007,0.0,-0.0,0.0,864.022,-0.0,0.0,-0.0,0.0,0.0,0.0,0.0,0.0,0.9923,0.0159,-0.1232,-0.0453,0.97,-0.2388,0.1157,0.2426,0.9632,0.669,0.7326,-0.1252,-0.7377,0.634,-0.2321,-0.0907,0.2476,0.9646,0.0001,-0.0001,0.0,0.0,0.0,0.0,-0.0465,-0.0762,0.3132,6.7835,15.4048,-76.3563,0.0,0.0434,-0.3697,0.0,0.0,0.0,4477806.9949,3615900.1111,3489186.6452,-2555.7399,-3153.3506,6541.8357,4477800.2114,3615884.7063,3489263.0015,-2555.6934,-3153.2743,6541.5225,0.0,0.0765,3.9732,0.0,0.0,1.0,0.0,1.0,0.0,0.0,-4.1,-36.453,0.0,0.0,-1.0,-0.7071,0.7071,0.0,0.12280879447336009,0.00608276253029822,-0.208125,0.637651523239786,7.339610571989855,,
177.3709,41.559,-0.121,-0.02,37.585,-0.072,-0.026,-0.326,-0.001,0.006,-0.326,-0.001,0.005,-1.63,-0.131,-0.386,0.0,-0.005,0.007,0.0,-0.0,0.0,864.022,-0.0,0.0,-0.0,0.0,0.0,0.0,0.0,0.0,0.9923,0.016,-0.1232,-0.0452,0.97,-0.2388,0.1157,0.2425,0.9632,0.669,0.7326,-0.1252,-0.7377,0.634,-0.2321,-0.0907,0.2476,0.9646,0.0001,-0.0001,0.0,0.0,0.0,0.0,-0.0465,-0.0763,0.3132,6.7741,15.3894,-76.2927,0.0,0.0434,-0.3697,0.0,0.0,0.0,4477288.0237,3615259.8394,3490514.6338,-2556.9283,-3154.3102,6540.9095,4477281.2497,3615244.45,3490590.9265,-2556.8818,-3154.2339,6540.5963,0.0,0.0765,3.9732,0.0,0.0,1.0,0.0,1.0,0.0,0.0,-4.1,-36.453,0.0,0.0,-1.0,-0.7071,0.7071,0.0,0.12264175471673584,0.00608276253029822,-0.20779499999999998,0.6182644030929839,7.3279729912630955,,
177.5757,41.492,-0.122,-0.018,37.519,-0.072,-0.025,-0.326,-0.001,0.006,-0.326,-0.001,0.005,-1.629,-0.132,-0.384,0.0,-0.005,0.007,0.0,-0.0,0.0,864.022,-0.0,0.0,-0.0,0.0,0.0,0.0,0.0,0.0,0.9923,0.016,-0.1232,-0.0452,0.97,-0.2388,0.1157,0.2425,0.9632,0.669,0.7326,-0.1252,-0.7377,0.634,-0.2321,-0.0907,0.2476,0.9646,0.0001,-0.0001,0.0,0.0,0.0,0.0,-0.0465,-0.0763,0.3132,6.7646,15.3738,-76.2287,0.0,0.0434,-0.3697,0.0,0.0,0.0,4476764.9438,3614614.6027,3491852.3223,-2558.1254,-3155.2768,6539.976,4476758.1792,3614599.229,3491928.5509,-2558.0788,-3155.2005,6539.6628,0.0,0.0765,3.9732,0.0,0.0,1.0,0.0,1.0,0.0,0.0,-4.1,-36.453,0.0,0.0,-1.0,-0.7071,0.7071,0.0,0.12332072007574396,0.00608276253029822,-0.20745999999999998,0.63509222195464,7.316159083555628,,
177.7767,41.427,-0.122,-0.017,37.453,-0.072,-0.024,-0.326,-0.001,0.006,-0.326,-0.001,0.005,-1.629,-0.133,-0.383,0.0,-0.005,0.007,0.0,-0.0,0.0,864.022,-0.0,0.0,-0.0,0.0,0.0,0.0,0.0,0.0,0.9923,0.016,-0.1232,-0.0452,0.97,-0.2388,0.1157,0.2425,0.9632,0.669,0.7326,-0.1252,-0.7377,0.634,-0.2321,-0.0907,0.2476,0.9646,0.0001,-0.0001,0.0,0.0,0.0,0.0,-0.0465,-0.0763,0.3132,6.7552,15.3585,-76.1657,0.0,0.0434,-0.3697,0.0,0.0,0.0,4476250.9878,3613980.7224,3493165.8821,-2559.3009,-3156.2259,6539.0589,4476244.2326,3613965.364,3493242.0479,-2559.2544,-3156.1496,6538.7456,0.0,0.0765,3.9732,0.0,0.0,1.0,0.0,1.0,0.0,0.0,-4.1,-36.453,0.0,0.0,-1.0,-0.7071,0.7071,0.0,0.12317873193047572,0.00608276253029822,-0.20713499999999999,0.6344647805348924,7.304697829809578,,
177.984,41.36,-0.122,-0.016,37.386,-0.072,-0.023,-0.326,-0.001,0.006,-0.326,-0.001,0.005,-1.629,-0.134,-0.381,0.0,-0.005,0.007,0.0,-0.0,0.0,864.022,-0.0,0.0,-0.0,0.0,0.0,0.0,0.0,0.0,0.9923,0.016,-0.1231,-0.0452,0.97,-0.2387,0.1156,0.2425,0.9632,0.669,0.7326,-0.1252,-0.7377,0.634,-0.2321,-0.0907,0.2476,0.9646,0.0001,-0.0001,0.0,0.0,0.0,0.0,-0.0466,-0.0763,0.3133,6.7456,15.3427,-76.1009,0.0,0.0434,-0.3697,0.0,0.0,0.0,4475721.4711,3613327.7557,3494518.3891,-2560.5113,-3157.2031,6538.114,4475714.7255,3613312.413,3494594.49,-2560.4648,-3157.1268,6537.8008,0.0,0.0765,3.9732,0.0,0.0,1.0,0.0,1.0,0.0,0.0,-4.1,-36.453,0.0,0.0,-1.0,-0.7071,0.7071,0.0,0.12304470732217619,0.00608276253029822,-0.20679999999999998,0.6340188904623665,7.292883922102111,,
178.1854,41.293,-0.122,-0.015,37.32,-0.072,-0.022,-0.326,-0.001,0.006,-0.326,-0.001,0.005,-1.629,-0.135,-0.38,0.006,-0.005,0.007,0.0,-0.0,0.0,864.02,-0.0,0.0,-0.0,0.0,0.0,0.318,0.0,0.0,0.9923,0.016,-0.1231,-0.0452,0.97,-0.2387,0.1156,0.2424,0.9633,0.669,0.7326,-0.1252,-0.7377,0.634,-0.2321,-0.0907,0.2476,0.9646,0.0001,-0.0001,0.0001,0.0,0.0,0.0,-0.0466,-0.0763,0.3133,6.7361,15.3271,-76.0371,0.0,0.0434,-0.3697,0.0,0.0,0.0,4475199.2041,3612683.8331,3495851.5611,-2561.7045,-3158.1663,6537.1822,4475192.468,3612668.5059,3495927.5982,-2561.6579,-3158.09,6536.869,0.0,0.0765,3.9732,0.0,0.0,1.0,0.0,1.0,0.0,0.0,-4.1,-36.453,0.0,0.0,-1.0,-0.7071,0.7071,0.0,0.1229186723000212,0.00608276253029822,-0.206465,0.6337591405156717,7.281070014394644,,
178.3987,41.224,-0.122,-0.014,37.25,-0.072,-0.021,-0.326,-0.001,0.006,-0.326,-0.001,0.005,-1.619,-0.136,-0.379,0.087,-0.006,0.007,0.0,-0.0,0.002,864.001,-0.0,0.0,-0.0,0.0,0.0,1.0,0.0,0.0,0.9923,0.0162,-0.1231,-0.0454,0.97,-0.2387,0.1156,0.2424,0.9633,0.669,0.7326,-0.1252,-0.7377,0.634,-0.2321,-0.0907,0.2476,0.9646,0.0001,-0.0001,0.0015,0.0,0.0,0.0,-0.0466,-0.0763,0.3133,6.7262,15.3109,-75.9702,0.0,0.0434,-0.3697,0.0,0.0,0.0,4474652.5517,3612009.9558,3497246.1127,-2562.9526,-3159.1739,6536.207,4474645.8255,3611994.6449,3497322.0829,-2562.906,-3159.0975,6535.8937,0.0,0.0765,3.9732,0.0,0.0,1.0,0.0,1.0,0.0,0.0,-4.1,-36.453,0.0,0.0,-1.0,-0.7071,0.7071,0.0,0.12280065146407002,0.00608276253029822,-0.20611999999999997,0.633125990872326,7.26890345272576,,
178.6054,41.157,-0.123,-0.012,37.183,-0.072,-0.02,-0.326,-0.001,0.006,-0.326,-0.001,0.005,-1.593,-0.137,-0.377,0.168,-0.006,0.007,0.0,-0.0,0.003,863.981,-0.0,0.0,-0.0,0.0,0.0,1.0,0.0,0.0,0.9923,0.0166,-0.1231,-0.0458,0.97,-0.2387,0.1154,0.2425,0.9633,0.669,0.7326,-0.1252,-0.7377,0.634,-0.2321,-0.0907,0.2476,0.9646,0.0001,-0.0001,0.0029,0.0,0.0,0.0,-0.0466,-0.0763,0.3133,6.7166,15.2952,-75.9059,0.0,0.0434,-0.3697,0.0,0.0,0.0,4474125.88,3611360.8168,3498588.8535,-2564.1544,-3160.1439,6535.2675,4474119.1634,3611345.5216,3498664.7594,-2564.1078,-3160.0676,6534.9542,0.0,0.0765,3.9732,0.0,0.0,1.0,0.0,1.0,0.0,0.0,-4.1,-36.453,0.0,0.0,-1.0,-0.7071,0.7071,0.0,0.12358397954427588,0.00608276253029822,-0.205785,0.6498332101250479,7.257089545018292,,
178.8174,41.088,-0.123,-0.011,37.114,-0.073,-0.019,-0.326,-0.001,0.006,-0.326,-0.001,0.005,-1.542,-0.138,-0.376,0.304,-0.007,0.008,0.0,-0.0,0.005,863.945,-0.0,0.0,-0.0,0.0,0.0,1.0,0.0,0.0,0.9922,0.0175,-0.1231,-0.0467,0.97,-0.2386,0.1152,0.2425,0.9633,0.669,0.7326,-0.1252,-0.7377,0.634,-0.2321,-0.0907,0.2476,0.9646,0.0001,-0.0001,0.0053,0.0,0.0,0.0,-0.0466,-0.0764,0.3133,6.7067,15.2791,-75.8396,0.0,0.0434,-0.3697,0.0,0.0,0.0,4473583.5779,3610692.5219,3499970.5844,-2565.3911,-3161.1421,6534.3002,4473576.8712,3610677.2429,3500046.4241,-2565.3445,-3161.0658,6533.9869,0.0,0.0765,3.9732,0.0,0.0,1.0,0.0,1.0,0.0,0.0,-4.1,-36.453,0.0,0.0,-1.0,-0.7071,0.7071,0.0,0.1234908903522847,0.00608276253029822,-0.20544,0.6339314104012391,7.244922983349409,,
179.0248,41.019,-0.123,-0.01,37.046,-0.073,-0.018,-0.326,-0.001,0.006,-0.326,-0.001,0.005,-1.47,-0.139,-0.374,0.366,-0.008,0.008,0.0,-0.0,0.006,863.924,-0.0,0.0,-0.0,0.0,0.0,0.0,0.0,0.0,0.9922,0.0187,-0.123,-0.0479,0.9699,-0.2386,0.1149,0.2427,0.9633,0.669,0.7326,-0.1252,-0.7377,0.634,-0.2321,-0.0907,0.2476,0.9646,0.0001,-0.0001,0.0064,0.0,0.0,0.0,-0.0466,-0.0764,0.3133,6.6968,15.263,-75.7736,0.0,0.0434,-0.3697,0.0,0.0,0.0,4473042.8005,3610026.2169,3501347.5642,-2566.6236,-3162.1369,6533.3357,4473036.1037,3610010.9539,3501423.3377,-2566.5769,-3162.0605,6533.0224,0.0,0.0765,3.9732,0.0,0.0,1.0,0.0,1.0,0.0,0.0,-4.1,-36.453,0.0,0.0,-1.0,-0.7071,0.7071,0.0,0.12340583454602136,0.00608276253029822,-0.205095,0.6336404939986928,7.2327564216805245,,
179.2338,40.952,-0.123,-0.009,36.978,-0.073,-0.016,-0.326,-0.001,0.006,-0.326,-0.001,0.005,-1.402,-0.141,-0.373,0.292,-0.007,0.007,0.0,-0.0,0.005,863.908,-0.0,0.0,-0.0,0.0,0.0,0.0,0.0,0.0,0.9922,0.0199,-0.123,-0.0491,0.9699,-0.2386,0.1146,0.2428,0.9633,0.669,0.7326,-0.1252,-0.7377,0.634,-0.2321,-0.0907,0.2476,0.9646,0.0001,-0.0001,0.0051,0.0,0.0,0.0,-0.0467,-0.0764,0.3133,6.6871,15.2471,-75.7085,0.0,0.0434,-0.3697,0.0,0.0,0.0,4472509.25,3609368.9246,3502705.2954,-2567.8389,-3163.1177,6532.3842,4472502.5629,3609353.6775,3502781.0039,-2567.7922,-3163.0413,6532.0708,0.0,0.0765,3.9732,0.0,0.0,1.0,0.0,1.0,0.0,0.0,-4.1,-36.453,0.0,0.0,-1.0,-0.7071,0.7071,0.0,0.1233288287465668,0.00608276253029822,-0.20476,0.6296863486873134,7.220942513973057,,
179.4463,40.883,-0.124,-0.007,36.909,-0.073,-0.015,-0.326,-0.001,0.006,-0.326,-0.001,0.005,-1.348,-0.142,-0.372,0.222,-0.007,0.007,0.0,-0.0,0.004,863.892,-0.0,0.0,-0.0,0.0,0.0,0.0,0.0,0.0,0.9922,0.0209,-0.123,-0.05,0.9698,-0.2386,0.1143,0.2429,0.9633,0.669,0.7326,-0.1252,-0.7377,0.634,-0.2321,-0.0907,0.2476,0.9646,0.0001,-0.0001,0.0039,0.0,0.0,0.0,-0.0467,-0.0764,0.3133,6.6771,15.2309,-75.642,0.0,0.0434,-0.3697,0.0,0.0,0.0,4471964.5595,3608698.019,3504090.508,-2569.0788,-3164.1183,6531.4128,4471957.8824,3608682.788,3504166.1501,-2569.0321,-3164.0418,6531.0995,0.0,0.0765,3.9732,0.0,0.0,1.0,0.0,1.0,0.0,0.0,-4.1,-36.453,0.0,0.0,-1.0,-0.7071,0.7071,0.0,0.1241974234837422,0.00608276253029822,-0.204415,0.6462835430959222,7.208775952304174,,
179.6533,40.815,-0.124,-0.006,36.841,-0.073,-0.014,-0.326,-0.001,0.006,-0.326,-0.001,0.005,-1.309,-0.143,-0.37,0.148,-0.006,0.007,0.0,-0.0,0.003,863.876,-0.0,0.0,-0.0,0.0,0.0,0.0,0.0,0.0,0.9922,0.0215,-0.123,-0.0506,0.9698,-0.2386,0.1141,0.2429,0.9633,0.669,0.7326,-0.1252,-0.7377,0.634,-0.2321,-0.0907,0.2476,0.9646,0.0001,-0.0001,0.0026,0.0,0.0,0.0,-0.0467,-0.0764,0.3133,6.6675,15.2151,-75.577,0.0,0.0434,-0.3697,0.0,0.0,0.0,4471431.5202,3608041.5727,3505445.2448,-2570.2915,-3165.0968,6530.4624,4471424.8528,3608026.3577,3505520.8218,-2570.2448,-3165.0204,6530.1491,0.0,0.0765,3.9732,0.0,0.0,1.0,0.0,1.0,0.0,0.0,-4.1,-36.453,0.0,0.0,-1.0,-0.7071,0.7071,0.0,0.12414507642270796,0.00608276253029822,-0.20407499999999998,0.6458212525795299,7.196785717615998,,
179.8621,40.747,-0.124,-0.005,36.773,-0.073,-0.013,-0.326,-0.001,0.006,-0.326,-0.001,0.005,-1.286,-0.144,-0.369,0.074,-0.006,0.007,0.0,-0.0,0.001,863.86,-0.0,0.0,-0.0,0.0,0.0,0.0,0.0,0.0,0.9922,0.0219,-0.123,-0.051,0.9698,-0.2385,0.114,0.2429,0.9633,0.669,0.7326,-0.1252,-0.7377,0.634,-0.2321,-0.0907,0.2476,0.9646,0.0001,-0.0001,0.0013,0.0,0.0,0.0,-0.0467,-0.0764,0.3133,6.6577,15.1991,-75.5115,0.0,0.0434,-0.3697,0.0,0.0,0.0,4470894.0045,3607379.7213,3506810.5117,-2571.5136,-3166.0829,6529.504,4470887.3468,3607364.5222,3506886.0232,-2571.4669,-3166.0065,6529.1907,0.0,0.0765,3.9732,0.0,0.0,1.0,0.0,1.0,0.0,0.0,-4.1,-36.453,0.0,0.0,-1.0,-0.7071,0.7071,0.0,0.12410076550932311,0.00608276253029822,-0.203735,0.6453601035633888,7.184795482927822,,
180.0638,40.681,-0.124,-0.004,36.708,-0.073,-0.012,-0.326,-0.001,0.006,-0.326,-0.001,0.006,-1.277,-0.145,-0.367,0.007,-0.005,0.007,0.0,-0.0,0.0,863.846,-0.0,0.0,-0.0,0.0,0.0,0.0,0.0,0.0,0.9922,0.0221,-0.1229,-0.0511,0.9698,-0.2385,0.114,0.2429,0.9633,0.669,0.7326,-0.1252,-0.7377,0.634,-0.2321,-0.0907,0.2476,0.9646,0.0001,-0.0001,0.0001,0.0,0.0,0.0,-0.0467,-0.0765,0.3133,6.6483,15.1837,-75.4485,0.0,0.0434,-0.3697,0.0,0.0,0.0,4470376.7946,3606742.9755,3508123.4013,-2572.6889,-3167.0312,6528.582,4470370.1464,3606727.7917,3508198.8498,-2572.6422,-3166.9547,6528.2686,0.0,0.0765,3.9732,0.0,0.0,1.0,0.0,1.0,0.0,0.0,-4.1,-36.453,0.0,0.0,-1.0,-0.7071,0.7071,0.0,0.12406449935416658,0.00608276253029822,-0.20340499999999997,0.645094526560226,7.173157902201063,,
180.2694,40.614,-0.125,-0.002,36.64,-0.074,-0.011,-0.326,-0.001,0.006,-0.326,-0.001,0.006,-1.276,-0.146,-0.366,0.013,-0.005,0.007,0.0,-0.0,0.0,863.845,-0.0,0.0,-0.0,0.0,0.0,0.231,0.0,0.0,0.9922,0.0221,-0.1229,-0.0512,0.9698,-0.2385,0.1139,0.2429,0.9633,0.669,0.7326,-0.1252,-0.7377,0.634,-0.2321,-0.0907,0.2476,0.9646,0.0001,-0.0001,0.0002,0.0,0.0,0.0,-0.0467,-0.0765,0.3134,6.6386,15.168,-75.3838,0.0,0.0434,-0.3697,0.0,0.0,0.0,4469845.0758,3606088.4718,3509472.3026,-2573.8964,-3168.0054,6527.6341,4469838.4371,3606073.3039,3509547.6864,-2573.8497,-3167.9289,6527.3207,0.0,0.0765,3.9732,0.0,0.0,1.0,0.0,1.0,0.0,0.0,-4.1,-36.453,0.0,0.0,-1.0,-0.7071,0.7071,0.0,0.12501599897613105,0.00608276253029822,-0.20306999999999997,0.6461421309957409,7.161343994493596,,
180.4735,40.548,-0.125,-0.001,36.574,-0.074,-0.01,-0.326,-0.001,0.006,-0.326,-0.001,0.006,-1.265,-0.147,-0.365,0.099,-0.006,0.007,0.0,-0.0,0.002,863.823,-0.0,0.0,-0.0,0.0,0.0,1.0,0.0,0.0,0.9922,0.0223,-0.1229,-0.0513,0.9698,-0.2385,0.1139,0.2429,0.9633,0.669,0.7326,-0.1252,-0.7377,0.634,-0.2321,-0.0907,0.2476,0.9646,0.0001,-0.0001,0.0017,0.0,0.0,0.0,-0.0468,-0.0765,0.3134,6.6291,15.1524,-75.3199,0.0,0.0434,-0.3696,0.0,0.0,0.0,4469320.4471,3605442.7988,3510802.4052,-2575.0872,-3168.966,6526.699,4469313.8179,3605427.6464,3510877.7251,-2575.0404,-3168.8895,6526.3856,0.0,0.0765,3.9732,0.0,0.0,1.0,0.0,1.0,0.0,0.0,-4.1,-36.453,0.0,0.0,-1.0,-0.7071,0.7071,0.0,0.12500399993600206,0.00608276253029822,-0.20274,0.6456574824891632,7.149706413766838,,
180.6778,40.482,-0.125,0.0,36.508,-0.074,-0.009,-0.326,-0.001,0.006,-0.326,-0.001,0.005,-1.237,-0.148,-0.363,0.187,-0.007,0.007,0.0,-0.0,0.003,863.802,-0.0,0.0,-0.0,0.0,0.0,1.0,0.0,0.0,0.9922,0.0228,-0.1229,-0.0518,0.9698,-0.2384,0.1137,0.2429,0.9634,0.669,0.7326,-0.1252,-0.7377,0.634,-0.2321,-0.0907,0.2476,0.9646,0.0001,-0.0001,0.0033,0.0,0.0,0.0,-0.0468,-0.0765,0.3134,6.6196,15.1369,-75.2566,0.0,0.0434,-0.3696,0.0,0.0,0.0,4468800.3958,3604802.8615,3512120.1078,-2576.2669,-3169.9177,6525.772,4468793.7762,3604787.7246,3512195.3644,-2576.2201,-3169.8412,6525.4587,0.0,0.0765,3.9732,0.0,0.0,1.0,0.0,1.0,0.0,0.0,-4.1,-36.453,0.0,0.0,-1.0,-0.7071,0.7071,0.0,0.125,0.00608276253029822,-0.20241,0.6451739894453508,7.138068833040079,,
180.8884,40.413,-0.126,0.001,36.44,-0.074,-0.007,-0.326,-0.001,0.006,-0.326,-0.001,0.005,-1.187,-0.149,-0.362,0.296,-0.007,0.008,0.0,-0.0,0.005,863.773,-0.0,0.0,-0.0,0.0,0.0,0.0,0.0,0.0,0.9921,0.0237,-0.1229,-0.0527,0.9697,-0.2384,0.1135,0.243,0.9634,0.669,0.7326,-0.1252,-0.7377,0.634,-0.2321,-0.0907,0.2476,0.9646,0.0001,-0.0001,0.0052,0.0,0.0,0.0,-0.0468,-0.0765,0.3134,6.6098,15.1209,-75.1909,0.0,0.0434,-0.3696,0.0,0.0,0.0,4468260.336,3604138.4099,3513487.6721,-2577.4912,-3170.9053,6524.8096,4468253.7262,3604123.289,3513562.863,-2577.4444,-3170.8288,6524.4962,0.0,0.0765,3.9732,0.0,0.0,1.0,0.0,1.0,0.0,0.0,-4.1,-36.453,0.0,0.0,-1.0,-0.7071,0.7071,0.0,0.126003968191482,0.00608276253029822,-0.202065,0.6557343500413387,7.125902271371195,,
181.0969,40.345,-0.126,0.003,36.371,-0.074,-0.006,-0.326,-0.001,0.006,-0.326,-0.001,0.005,-1.132,-0.15,-0.36,0.221,-0.007,0.007,0.0,-0.0,0.004,863.757,-0.0,0.0,-0.0,0.0,0.0,0.0,0.0,0.0,0.9921,0.0246,-0.1228,-0.0536,0.9697,-0.2384,0.1132,0.2431,0.9634,0.669,0.7326,-0.1252,-0.7377,0.634,-0.2321,-0.0907,0.2476,0.9646,0.0001,-0.0001,0.0039,0.0,0.0,0.0,-0.0468,-0.0765,0.3134,6.5999,15.1047,-75.1247,0.0,0.0434,-0.3696,0.0,0.0,0.0,4467715.1431,3603467.7522,3514867.3707,-2578.7265,-3171.9016,6523.838,4467708.5432,3603452.6475,3514942.4953,-2578.6797,-3171.8251,6523.5246,0.0,0.0765,3.9732,0.0,0.0,1.0,0.0,1.0,0.0,0.0,-4.1,-36.453,0.0,0.0,-1.0,-0.7071,0.7071,0.0,0.12603570922560003,0.00608276253029822,-0.201725,0.6579728324287029,7.113912036683019,,
181.304,40.277,-0.126,0.004,36.303,-0.074,-0.005,-0.326,-0.001,0.006,-0.326,-0.001,0.006,-1.094,-0.152,-0.359,0.148,-0.006,0.007,0.0,-0.0,0.003,863.741,-0.0,0.0,-0.0,0.0,0.0,0.0,0.0,0.0,0.9921,0.0253,-0.1228,-0.0542,0.9697,-0.2384,0.1131,0.2432,0.9634,0.669,0.7326,-0.1252,-0.7377,0.634,-0.2321,-0.0907,0.2476,0.9646,0.0001,-0.0001,0.0026,0.0,0.0,0.0,-0.0468,-0.0766,0.3134,6.5901,15.0889,-75.0596,0.0,0.0434,-0.3696,0.0,0.0,0.0,4467179.4967,3602808.9463,3516222.0674,-2579.9394,-3172.8798,6522.8835,4467172.9066,3602793.8575,3516297.127,-2579.8925,-3172.8033,6522.5701,0.0,0.0765,3.9732,0.0,0.0,1.0,0.0,1.0,0.0,0.0,-4.1,-36.453,0.0,0.0,-1.0,-0.7071,0.7071,0.0,0.1260634760745554,0.00608276253029822,-0.201385,0.6574965058704276,7.101921801994844,,
181.5128,40.209,-0.126,0.005,36.235,-0.075,-0.004,-0.326,-0.001,0.006,-0.326,-0.001,0.006,-1.07,-0.153,-0.358,0.078,-0.006,0.007,0.0,-0.0,0.001,863.726,-0.0,0.0,-0.0,0.0,0.0,0.0,0.0,0.0,0.9921,0.0257,-0.1228,-0.0546,0.9696,-0.2384,0.1129,0.2432,0.9634,0.669,0.7326,-0.1252,-0.7377,0.634,-0.2321,-0.0907,0.2476,0.9646,0.0001,-0.0001,0.0014,0.0,0.0,0.0,-0.0468,-0.0766,0.3134,6.5804,15.0729,-74.9943,0.0,0.0434,-0.3696,0.0,0.0,0.0,4466641.7125,3602147.6184,3517581.3316,-2581.1564,-3173.8614,6521.9254,4466635.1321,3602132.5455,3517656.3259,-2581.1095,-3173.7848,6521.6119,0.0,0.0765,3.9732,0.0,0.0,1.0,0.0,1.0,0.0,0.0,-4.1,-36.453,0.0,0.0,-1.0,-0.7071,0.7071,0.0,0.12609916732476864,0.00608276253029822,-0.20104500000000003,0.6415125763830553,7.089931567306669,,
181.7231,40.14,-0.127,0.006,36.167,-0.075,-0.003,-0.326,-0.001,0.006,-0.326,-0.001,0.006,-1.061,-0.154,-0.356,0.004,-0.005,0.007,0.0,-0.0,0.0,863.71,-0.0,0.0,-0.0,0.0,0.0,0.0,0.0,0.0,0.9921,0.0259,-0.1228,-0.0548,0.9696,-0.2383,0.1129,0.2432,0.9634,0.669,0.7326,-0.1252,-0.7377,0.634,-0.2321,-0.0907,0.2476,0.9646,0.0001,-0.0001,0.0001,0.0,0.0,0.0,-0.0469,-0.0766,0.3134,6.5705,15.0568,-74.9282,0.0,0.0434,-0.3696,0.0,0.0,0.0,4466097.4611,3601478.4467,3518956.0863,-2582.3873,-3174.854,6520.9557,4466090.8906,3601463.3899,3519031.0145,-2582.3405,-3174.7774,6520.6423,0.0,0.0765,3.9732,0.0,0.0,1.0,0.0,1.0,0.0,0.0,-4.1,-36.453,0.0,0.0,-1.0,-0.7071,0.7071,0.0,0.12714165328483032,0.00608276253029822,-0.2007,0.6553238463541804,7.077765005637784,,
181.9312,40.073,-0.127,0.008,36.1,-0.075,-0.002,-0.326,-0.001,0.006,-0.326,-0.001,0.006,-1.061,-0.155,-0.355,0.004,-0.005,0.007,0.0,-0.0,0.0,863.71,-0.0,0.0,-0.0,0.0,0.0,0.0,0.0,0.0,0.9921,0.0259,-0.1228,-0.0548,0.9696,-0.2383,0.1129,0.2432,0.9634,0.669,0.7326,-0.1252,-0.7377,0.634,-0.2321,-0.0907,0.2476,0.9646,0.0001,-0.0001,0.0001,0.0,0.0,0.0,-0.0469,-0.0766,0.3134,6.5609,15.041,-74.8638,0.0,0.0434,-0.3696,0.0,0.0,0.0,4465566.4305,3600825.6356,3520296.6174,-2583.5876,-3175.8219,6520.0097,4465559.8696,3600810.5946,3520371.4811,-2583.5407,-3175.7453,6519.6963,0.0,0.0765,3.9732,0.0,0.0,1.0,0.0,1.0,0.0,0.0,-4.1,-36.453,0.0,0.0,-1.0,-0.7071,0.7071,0.0,0.127251719045363,0.00608276253029822,-0.20036500000000002,0.6579237741026926,7.065951097930317,,
182.1383,40.006,-0.127,0.009,36.032,-0.075,-0.001,-0.326,-0.001,0.006,-0.326,-0.001,0.006,-1.06,-0.156,-0.353,0.004,-0.005,0.007,0.0,-0.0,0.0,863.71,-0.0,0.0,-0.0,0.0,0.0,0.0,0.0,0.0,0.9921,0.0259,-0.1227,-0.0548,0.9696,-0.2383,0.1128,0.2431,0.9634,0.669,0.7326,-0.1252,-0.7377,0.634,-0.2321,-0.0907,0.2476,0.9646,0.0001,-0.0001,0.0001,0.0,0.0,0.0,-0.0469,-0.0766,0.3134,6.5512,15.0252,-74.7989,0.0,0.0434,-0.3696,0.0,0.0,0.0,4465031.8489,3600168.565,3521645.2878,-2584.7953,-3176.7957,6519.0575,4465025.2978,3600153.5398,3521720.0867,-2584.7484,-3176.719,6518.7441,0.0,0.0765,3.9732,0.0,0.0,1.0,0.0,1.0,0.0,0.0,-4.1,-36.453,0.0,0.0,-1.0,-0.7071,0.7071,0.0,0.1273184982632139,0.00608276253029822,-0.20003,0.6572278060269334,7.05413719022285,,
182.344,39.938,-0.128,0.01,35.965,-0.075,0.001,-0.326,-0.001,0.006,-0.326,-0.001,0.006,-1.059,-0.157,-0.352,0.004,-0.005,0.007,0.0,-0.0,0.0,863.71,-0.0,0.0,-0.0,0.0,0.0,0.0,0.0,0.0,0.9921,0.0259,-0.1227,-0.0548,0.9697,-0.2383,0.1128,0.2431,0.9634,0.669,0.7326,-0.1252,-0.7377,0.634,-0.2321,-0.0907,0.2476,0.9646,0.0001,-0.0001,0.0001,0.0,0.0,0.0,-0.0469,-0.0766,0.3134,6.5415,15.0094,-74.7342,0.0,0.0434,-0.3696,0.0,0.0,0.0,4464498.2818,3599512.8466,3522990.5746,-2585.9999,-3177.7669,6518.1071,4464491.7403,3599497.8372,3523065.3088,-2585.953,-3177.6903,6517.7937,0.0,0.0765,3.9732,0.0,0.0,1.0,0.0,1.0,0.0,0.0,-4.1,-36.453,0.0,0.0,-1.0,-0.7071,0.7071,0.0,0.12839003076563227,0.00608276253029822,-0.19969,0.6677630901096279,7.042146955534674,,
182.5507,39.871,-0.128,0.011,35.898,-0.076,0.002,-0.326,-0.001,0.006,-0.326,-0.001,0.006,-1.058,-0.158,-0.351,0.004,-0.005,0.007,0.0,-0.0,0.0,863.71,-0.0,0.0,-0.0,0.0,0.0,0.0,0.0,0.0,0.9921,0.0259,-0.1227,-0.0548,0.9697,-0.2382,0.1128,0.2431,0.9634,0.669,0.7326,-0.1252,-0.7377,0.634,-0.2321,-0.0907,0.2476,0.9646,0.0001,-0.0001,0.0001,0.0,0.0,0.0,-0.0469,-0.0766,0.3135,6.5319,14.9936,-74.6698,0.0,0.0434,-0.3696,0.0,0.0,0.0,4463966.645,3598859.6043,3524330.176,-2587.1995,-3178.7341,6517.1603,4463960.1131,3598844.6106,3524404.8458,-2587.1525,-3178.6574,6516.8469,0.0,0.0765,3.9732,0.0,0.0,1.0,0.0,1.0,0.0,0.0,-4.1,-36.453,0.0,0.0,-1.0,-0.7071,0.7071,0.0,0.12847178678604887,0.00608276253029822,-0.199355,0.6517249048445508,7.030333047827208,,
182.7613,39.803,-0.128,0.013,35.829,-0.076,0.003,-0.326,-0.001,0.006,-0.326,-0.001,0.006,-1.058,-0.159,-0.349,0.004,-0.005,0.007,0.0,-0.0,0.0,863.71,-0.0,0.0,-0.0,0.0,0.0,0.0,0.0,0.0,0.9921,0.0259,-0.1227,-0.0548,0.9697,-0.2382,0.1128,0.2431,0.9634,0.669,0.7326,-0.1252,-0.7377,0.634,-0.2321,-0.0907,0.2476,0.9646,0.0001,-0.0001,0.0001,0.0,0.0,0.0,-0.0469,-0.0767,0.3135,6.522,14.9775,-74.6039,0.0,0.0434,-0.3696,0.0,0.0,0.0,4463422.2033,3598190.7368,3525701.1984,-2588.4272,-3179.7238,6516.1907,4463415.6813,3598175.7593,3525775.8022,-2588.3803,-3179.6472,6515.8773,0.0,0.0765,3.9732,0.0,0.0,1.0,0.0,1.0,0.0,0.0,-4.1,-36.453,0.0,0.0,-1.0,-0.7071,0.7071,0.0,0.12865846260545785,0.00608276253029822,-0.199015,0.6539887234474694,7.018342813139031,,
182.9673,39.735,-0.128,0.014,35.762,-0.076,0.004,-0.326,-0.001,0.006,-0.326,-0.001,0.006,-1.057,-0.16,-0.348,0.004,-0.005,0.007,0.0,-0.0,0.0,863.71,-0.0,0.0,-0.0,0.0,0.0,0.0,0.0,0.0,0.9921,0.026,-0.1227,-0.0548,0.9697,-0.2382,0.1128,0.243,0.9634,0.669,0.7326,-0.1252,-0.7377,0.634,-0.2321,-0.0907,0.2476,0.9646,0.0001,-0.0001,0.0001,0.0,0.0,0.0,-0.047,-0.0767,0.3135,6.5123,14.9617,-74.5389,0.0,0.0434,-0.3696,0.0,0.0,0.0,4462885.9368,3597532.0188,3527050.7989,-2589.6358,-3180.6981,6515.2358,4462879.4245,3597517.0571,3527125.3378,-2589.5888,-3180.6214,6514.9224,0.0,0.0765,3.9732,0.0,0.0,1.0,0.0,1.0,0.0,0.0,-4.1,-36.453,0.0,0.0,-1.0,-0.7071,0.7071,0.0,0.128763348822559,0.00608276253029822,-0.198675,0.6536836745806186,7.006352578450856,,
183.1763,39.667,-0.129,0.015,35.694,-0.076,0.005,-0.326,-0.001,0.006,-0.326,-0.001,0.006,-1.056,-0.162,-0.346,0.004,-0.005,0.007,0.0,-0.0,0.0,863.71,-0.0,0.0,-0.0,0.0,0.0,0.0,0.0,0.0,0.9921,0.026,-0.1226,-0.0548,0.9697,-0.2382,0.1127,0.243,0.9634,0.669,0.7326,-0.1252,-0.7377,0.634,-0.2321,-0.0907,0.2476,0.9646,0.0001,-0.0001,0.0001,0.0,0.0,0.0,-0.047,-0.0767,0.3135,6.5025,14.9456,-74.4734,0.0,0.0434,-0.3696,0.0,0.0,0.0,4462344.4177,3596866.9561,3528412.7792,-2590.8555,-3181.6813,6514.2716,4462337.9152,3596852.0104,3528487.2525,-2590.8085,-3181.6046,6513.9582,0.0,0.0765,3.9732,0.0,0.0,1.0,0.0,1.0,0.0,0.0,-4.1,-36.453,0.0,0.0,-1.0,-0.7071,0.7071,0.0,0.12986916493148018,0.00608276253029822,-0.198335,0.6672903569753272,6.99436234376268,,
183.3842,39.599,-0.129,0.016,35.626,-0.076,0.007,-0.326,-0.001,0.006,-0.326,-0.001,0.006,-1.055,-0.163,-0.345,0.004,-0.005,0.007,0.0,-0.0,0.0,863.71,-0.0,0.0,-0.0,0.0,0.0,0.0,0.0,0.0,0.9921,0.026,-0.1226,-0.0548,0.9697,-0.2382,0.1127,0.243,0.9635,0.669,0.7326,-0.1252,-0.7377,0.634,-0.2321,-0.0907,0.2476,0.9646,0.0001,-0.0001,0.0001,0.0,0.0,0.0,-0.047,-0.0767,0.3135,6.4927,14.9297,-74.4082,0.0,0.0434,-0.3696,0.0,0.0,0.0,4461805.775,3596205.5331,3529766.6895,-2592.068,-3182.6586,6513.3126,4461799.2823,3596190.6035,3529841.0977,-2592.021,-3182.5819,6512.9992,0.0,0.0765,3.9732,0.0,0.0,1.0,0.0,1.0,0.0,0.0,-4.1,-36.453,0.0,0.0,-1.0,-0.7071,0.7071,0.0,0.12998846102635417,0.00608276253029822,-0.19799499999999998,0.6637558944982742,6.982372109074504,,
183.5922,39.532,-0.129,0.018,35.558,-0.077,0.008,-0.326,-0.001,0.006,-0.326,-0.001,0.006,-1.055,-0.164,-0.343,0.004,-0.005,0.007,0.0,-0.0,0.0,863.71,-0.0,0.0,-0.0,0.0,0.0,0.0,0.0,0.0,0.9921,0.026,-0.1226,-0.0548,0.9697,-0.2381,0.1127,0.243,0.9635,0.669,0.7326,-0.1252,-0.7377,0.634,-0.2321,-0.0907,0.2476,0.9646,0.0001,-0.0001,0.0001,0.0,0.0,0.0,-0.047,-0.0767,0.3135,6.483,14.9138,-74.3432,0.0,0.0434,-0.3696,0.0,0.0,0.0,4461267.7796,3595545.0105,3531118.1414,-2593.2784,-3183.6341,6512.3549,4461261.2966,3595530.0968,3531192.4845,-2593.2314,-3183.5574,6512.0414,0.0,0.0765,3.9732,0.0,0.0,1.0,0.0,1.0,0.0,0.0,-4.1,-36.453,0.0,0.0,-1.0,-0.7071,0.7071,0.0,0.13024976007655445,0.00608276253029822,-0.19765999999999997,0.6502623187635942,6.970558201367036,,
183.8009,39.464,-0.13,0.019,35.49,-0.077,0.009,-0.326,-0.002,0.006,-0.326,-0.001,0.006,-1.054,-0.165,-0.342,0.004,-0.005,0.007,0.0,-0.0,0.0,863.71,-0.0,0.0,-0.0,0.0,0.0,0.0,0.0,0.0,0.9921,0.026,-0.1226,-0.0548,0.9697,-0.2381,0.1127,0.243,0.9635,0.669,0.7326,-0.1252,-0.7377,0.634,-0.2321,-0.0907,0.2476,0.9646,0.0001,-0.0001,0.0001,0.0,0.0,0.0,-0.047,-0.0767,0.3135,6.4732,14.8978,-74.2779,0.0,0.0434,-0.3696,0.0,0.0,0.0,4460728.1344,3594882.569,3532472.9053,-2594.4917,-3184.612,6511.3943,4460721.6612,3594867.6712,3532547.1832,-2594.4447,-3184.5352,6511.0808,0.0,0.0765,3.9732,0.0,0.0,1.0,0.0,1.0,0.0,0.0,-4.1,-36.453,0.0,0.0,-1.0,-0.7071,0.7071,0.0,0.13138112497615478,0.006324555320336759,-0.19732,0.6638927695517228,6.958567966678862,,
184.01,39.395,-0.13,0.02,35.422,-0.077,0.01,-0.326,-0.002,0.006,-0.326,-0.001,0.006,-1.053,-0.166,-0.341,0.004,-0.005,0.007,0.0,-0.0,0.0,863.71,-0.0,0.0,-0.0,0.0,0.0,0.0,0.0,0.0,0.9921,0.026,-0.1226,-0.0549,0.9697,-0.2381,0.1126,0.2429,0.9635,0.669,0.7326,-0.1252,-0.7377,0.634,-0.2321,-0.0907,0.2476,0.9646,0.0001,-0.0001,0.0001,0.0,0.0,0.0,-0.047,-0.0768,0.3135,6.4633,14.8817,-74.212,0.0,0.0434,-0.3696,0.0,0.0,0.0,4460182.3118,3594212.6527,3533842.3299,-2595.7182,-3185.6004,6510.4227,4460175.8484,3594197.771,3533916.5419,-2595.6712,-3185.5236,6510.1092,0.0,0.0765,3.9732,0.0,0.0,1.0,0.0,1.0,0.0,0.0,-4.1,-36.453,0.0,0.0,-1.0,-0.7071,0.7071,0.0,0.13152946437965907,0.006324555320336759,-0.196975,0.6636007976003112,6.946401405009978,,
184.2189,39.328,-0.13,0.022,35.354,-0.077,0.011,-0.326,-0.002,0.006,-0.326,-0.001,0.006,-1.052,-0.167,-0.339,0.004,-0.005,0.007,0.0,-0.0,0.0,863.71,-0.0,0.0,-0.0,0.0,0.0,0.0,0.0,0.0,0.9921,0.026,-0.1225,-0.0549,0.9697,-0.2381,0.1126,0.2429,0.9635,0.669,0.7326,-0.1252,-0.7377,0.634,-0.2321,-0.0907,0.2476,0.9646,0.0001,-0.0001,0.0001,0.0,0.0,0.0,-0.047,-0.0768,0.3135,6.4536,14.8658,-74.147,0.0,0.0434,-0.3696,0.0,0.0,0.0,4459644.4293,3593552.5878,3535191.001,-2596.9262,-3186.5738,6509.4654,4459637.9757,3593537.722,3535265.148,-2596.8791,-3186.497,6509.1519,0.0,0.0765,3.9732,0.0,0.0,1.0,0.0,1.0,0.0,0.0,-4.1,-36.453,0.0,0.0,-1.0,-0.7071,0.7071,0.0,0.13184839779079607,0.006324555320336759,-0.19664,0.6658510284471766,6.934587497302511,,
184.4296,39.259,-0.131,0.023,35.285,-0.078,0.013,-0.326,-0.002,0.006,-0.326,-0.001,0.006,-1.052,-0.168,-0.338,0.004,-0.005,0.007,0.0,-0.0,0.0,863.71,-0.0,0.0,-0.0,0.0,0.0,0.0,0.0,0.0,0.9921,0.0261,-0.1225,-0.0549,0.9697,-0.238,0.1126,0.2429,0.9635,0.669,0.7326,-0.1252,-0.7377,0.634,-0.2321,-0.0907,0.2476,0.9646,0.0001,-0.0001,0.0001,0.0,0.0,0.0,-0.0471,-0.0768,0.3135,6.4436,14.8495,-74.0805,0.0,0.0434,-0.3696,0.0,0.0,0.0,4459093.6572,3592876.8151,3536571.1364,-2598.1624,-3187.5699,6508.4853,4459087.2136,3592861.9656,3536645.2169,-2598.1153,-3187.4931,6508.1717,0.0,0.0765,3.9732,0.0,0.0,1.0,0.0,1.0,0.0,0.0,-4.1,-36.453,0.0,0.0,-1.0,-0.7071,0.7071,0.0,0.1330037593453659,0.006324555320336759,-0.196295,0.6606987219366511,6.922420935633626,,
184.6407,39.19,-0.131,0.024,35.216,-0.078,0.014,-0.326,-0.002,0.006,-0.326,-0.001,0.006,-1.051,-0.169,-0.336,0.004,-0.005,0.007,0.0,-0.0,0.0,863.71,-0.0,0.0,-0.0,0.0,0.0,0.0,0.0,0.0,0.9921,0.0261,-0.1225,-0.0549,0.9697,-0.238,0.1126,0.2429,0.9635,0.669,0.7326,-0.1252,-0.7377,0.634,-0.2321,-0.0907,0.2476,0.9646,0.0001,-0.0001,0.0001,0.0,0.0,0.0,-0.0471,-0.0768,0.3135,6.4337,14.8333,-74.0143,0.0,0.0434,-0.3696,0.0,0.0,0.0,4458544.7166,3592203.399,3537945.8221,-2599.3937,-3188.5619,6507.5084,4458538.2829,3592188.5657,3538019.8364,-2599.3466,-3188.4851,6507.1949,0.0,0.0765,3.9732,0.0,0.0,1.0,0.0,1.0,0.0,0.0,-4.1,-36.453,0.0,0.0,-1.0,-0.7071,0.7071,0.0,0.13318032887780387,0.006324555320336759,-0.19594999999999999,0.6602117943078605,6.910254373964742,,
184.8507,39.121,-0.131,0.026,35.148,-0.078,0.015,-0.326,-0.002,0.006,-0.326,-0.001,0.006,-1.05,-0.17,-0.335,0.004,-0.005,0.007,0.0,-0.0,0.0,863.71,-0.0,0.0,-0.0,0.0,0.0,0.0,0.0,0.0,0.9921,0.0261,-0.1225,-0.0549,0.9697,-0.238,0.1126,0.2428,0.9635,0.669,0.7326,-0.1252,-0.7377,0.634,-0.2321,-0.0907,0.2476,0.9646,0.0001,-0.0001,0.0001,0.0,0.0,0.0,-0.0471,-0.0768,0.3136,6.4239,14.8173,-73.9487,0.0,0.0434,-0.3696,0.0,0.0,0.0,4458001.1166,3591536.6421,3539306.289,-2600.6123,-3189.5437,6506.5412,4457994.6928,3591521.8248,3539380.2378,-2600.5652,-3189.4669,6506.2276,0.0,0.0765,3.9732,0.0,0.0,1.0,0.0,1.0,0.0,0.0,-4.1,-36.453,0.0,0.0,-1.0,-0.7071,0.7071,0.0,0.13355523202031436,0.006324555320336759,-0.195605,0.6627410639198839,6.898087812295858,,
185.0651,39.052,-0.132,0.027,35.078,-0.078,0.016,-0.326,-0.002,0.006,-0.326,-0.001,0.006,-1.049,-0.172,-0.333,0.004,-0.005,0.007,0.0,-0.0,0.0,863.71,-0.0,0.0,-0.0,0.0,0.0,0.0,0.0,0.0,0.9921,0.0261,-0.1225,-0.0549,0.9697,-0.238,0.1125,0.2428,0.9635,0.669,0.7326,-0.1252,-0.7377,0.634,-0.2321,-0.0907,0.2476,0.9646,0.0001,-0.0001,0.0001,0.0,0.0,0.0,-0.0471,-0.0768,0.3136,6.4138,14.8008,-73.8815,0.0,0.0434,-0.3696,0.0,0.0,0.0,4457443.3435,3590852.6127,3540701.3548,-2601.862,-3190.5505,6505.5488,4457436.9297,3590837.8119,3540775.2363,-2601.8148,-3190.4736,6505.2352,0.0,0.0765,3.9732,0.0,0.0,1.0,0.0,1.0,0.0,0.0,-4.1,-36.453,0.0,0.0,-1.0,-0.7071,0.7071,0.0,0.13473306943731372,0.006324555320336759,-0.19526,0.6761457804238382,6.885921250626974,,
185.2731,38.983,-0.132,0.028,35.01,-0.078,0.018,-0.326,-0.002,0.006,-0.326,-0.001,0.006,-1.049,-0.173,-0.332,0.004,-0.005,0.007,0.0,-0.0,0.0,863.71,-0.0,0.0,-0.0,0.0,0.0,0.0,0.0,0.0,0.9921,0.0261,-0.1224,-0.0549,0.9697,-0.238,0.1125,0.2428,0.9635,0.669,0.7326,-0.1252,-0.7377,0.634,-0.2321,-0.0907,0.2476,0.9646,0.0001,-0.0001,0.0001,0.0,0.0,0.0,-0.0471,-0.0769,0.3136,6.4039,14.7847,-73.8159,0.0,0.0434,-0.3696,0.0,0.0,0.0,4456899.1305,3590185.3213,3542061.6545,-2603.0805,-3191.5321,6504.5806,4456892.7266,3590170.5366,3542135.4704,-2603.0334,-3191.4552,6504.2671,0.0,0.0765,3.9732,0.0,0.0,1.0,0.0,1.0,0.0,0.0,-4.1,-36.453,0.0,0.0,-1.0,-0.7071,0.7071,0.0,0.13493702234746402,0.006324555320336759,-0.19491499999999998,0.6728842928161481,6.87375468895809,,
185.4822,38.915,-0.132,0.029,34.942,-0.079,0.019,-0.326,-0.002,0.006,-0.326,-0.001,0.006,-1.048,-0.174,-0.331,0.004,-0.005,0.007,0.0,-0.0,0.0,863.71,-0.0,0.0,-0.0,0.0,0.0,0.0,0.0,0.0,0.9921,0.0261,-0.1224,-0.0549,0.9697,-0.2379,0.1125,0.2428,0.9635,0.669,0.7326,-0.1252,-0.7377,0.634,-0.2321,-0.0907,0.2476,0.9646,0.0001,-0.0001,0.0001,0.0,0.0,0.0,-0.0471,-0.0769,0.3136,6.3941,14.7687,-73.7505,0.0,0.0434,-0.3696,0.0,0.0,0.0,4456355.7573,3589519.1665,3543419.0176,-2604.2964,-3192.5115,6503.614,4456349.3633,3589504.3978,3543492.7681,-2604.2493,-3192.4347,6503.3005,0.0,0.0765,3.9732,0.0,0.0,1.0,0.0,1.0,0.0,0.0,-4.1,-36.453,0.0,0.0,-1.0,-0.7071,0.7071,0.0,0.1351480669488099,0.006324555320336759,-0.194575,0.6567485056769007,6.861764454269914,,
185.6895,38.848,-0.133,0.031,34.874,-0.079,0.02,-0.326,-0.002,0.006,-0.326,-0.001,0.006,-1.047,-0.175,-0.329,0.004,-0.005,0.007,0.0,-0.0,0.0,863.71,-0.0,0.0,-0.0,0.0,0.0,0.0,0.0,0.0,0.9921,0.0262,-0.1224,-0.0549,0.9697,-0.2379,0.1125,0.2428,0.9635,0.669,0.7326,-0.1252,-0.7377,0.634,-0.2321,-0.0907,0.2476,0.9646,0.0001,-0.0001,0.0001,0.0,0.0,0.0,-0.0472,-0.0769,0.3136,6.3843,14.7528,-73.6854,0.0,0.0434,-0.3696,0.0,0.0,0.0,4455815.5055,3588856.9444,3544767.7562,-2605.5047,-3193.4847,6502.6531,4455809.1212,3588842.1917,3544841.4416,-2605.4575,-3193.4078,6502.3395,0.0,0.0765,3.9732,0.0,0.0,1.0,0.0,1.0,0.0,0.0,-4.1,-36.453,0.0,0.0,-1.0,-0.7071,0.7071,0.0,0.13656500283747663,0.006324555320336759,-0.19424,0.6728833211938265,6.8499505465624475,,
185.8965,38.78,-0.133,0.032,34.806,-0.079,0.021,-0.326,-0.002,0.006,-0.326,-0.001,0.006,-1.046,-0.176,-0.328,0.004,-0.005,0.007,0.0,-0.0,0.0,863.71,-0.0,0.0,-0.0,0.0,0.0,0.0,0.0,0.0,0.9921,0.0262,-0.1224,-0.0549,0.9697,-0.2379,0.1124,0.2427,0.9636,0.669,0.7326,-0.1252,-0.7377,0.634,-0.2321,-0.0907,0.2476,0.9646,0.0001,-0.0001,0.0001,0.0,0.0,0.0,-0.0472,-0.0769,0.3136,6.3746,14.7369,-73.6205,0.0,0.0434,-0.3696,0.0,0.0,0.0,4455276.1335,3588195.905,3546113.4758,-2606.7103,-3194.4557,6501.6938,4455269.7589,3588181.1682,3546187.0963,-2606.6631,-3194.3788,6501.3802,0.0,0.0765,3.9732,0.0,0.0,1.0,0.0,1.0,0.0,0.0,-4.1,-36.453,0.0,0.0,-1.0,-0.7071,0.7071,0.0,0.13679546776117987,0.006324555320336759,-0.19390000000000002,0.6723826640747559,6.837960311874272,,
186.1034,38.713,-0.133,0.033,34.739,-0.079,0.022,-0.326,-0.002,0.006,-0.326,-0.001,0.006,-1.046,-0.177,-0.326,0.004,-0.005,0.007,0.0,-0.0,0.0,863.71,-0.0,0.0,-0.0,0.0,0.0,0.0,0.0,0.0,0.9921,0.0262,-0.1223,-0.0549,0.9697,-0.2379,0.1124,0.2427,0.9636,0.669,0.7326,-0.1252,-0.7377,0.634,-0.2321,-0.0907,0.2476,0.9646,0.0001,-0.0001,0.0001,0.0,0.0,0.0,-0.0472,-0.0769,0.3136,6.3648,14.721,-73.5558,0.0,0.0434,-0.3696,0.0,0.0,0.0,4454737.5781,3587535.9716,3547456.3392,-2607.9133,-3195.4246,6500.736,4454731.2133,3587521.2507,3547529.8949,-2607.8661,-3195.3477,6500.4224,0.0,0.0765,3.9732,0.0,0.0,1.0,0.0,1.0,0.0,0.0,-4.1,-36.453,0.0,0.0,-1.0,-0.7071,0.7071,0.0,0.13703284277865654,0.006324555320336759,-0.19356500000000001,0.6718867172962388,6.8261464041668045,,
186.3116,38.645,-0.134,0.035,34.671,-0.08,0.024,-0.326,-0.002,0.006,-0.326,-0.001,0.006,-1.045,-0.178,-0.325,0.004,-0.005,0.007,0.0,-0.0,0.0,863.71,-0.0,0.0,-0.0,0.0,0.0,0.0,0.0,0.0,0.9921,0.0262,-0.1223,-0.0549,0.9697,-0.2378,0.1124,0.2427,0.9636,0.669,0.7326,-0.1252,-0.7377,0.634,-0.2321,-0.0907,0.2476,0.9646,0.0001,-0.0001,0.0001,0.0,0.0,0.0,-0.0472,-0.0769,0.3136,6.3549,14.7049,-73.4903,0.0,0.0434,-0.3696,0.0,0.0,0.0,4454193.0008,3586868.7651,3548813.3877,-2609.1291,-3196.4037,6499.7675,4454186.6459,3586854.0602,3548886.878,-2609.0819,-3196.3267,6499.4539,0.0,0.0765,3.9732,0.0,0.0,1.0,0.0,1.0,0.0,0.0,-4.1,-36.453,0.0,0.0,-1.0,-0.7071,0.7071,0.0,0.13849548729110275,0.006324555320336759,-0.193225,0.669636370031362,6.81415616947863,,
186.5171,38.577,-0.134,0.036,34.604,-0.08,0.025,-0.326,-0.002,0.006,-0.326,-0.001,0.006,-1.044,-0.179,-0.324,0.004,-0.005,0.007,0.0,-0.0,0.0,863.71,-0.0,0.0,-0.0,0.0,0.0,0.0,0.0,0.0,0.9921,0.0262,-0.1223,-0.055,0.9698,-0.2378,0.1124,0.2427,0.9636,0.669,0.7326,-0.1252,-0.7377,0.634,-0.2321,-0.0907,0.2476,0.9646,0.0001,-0.0001,0.0001,0.0,0.0,0.0,-0.0472,-0.0769,0.3136,6.3452,14.6891,-73.4258,0.0,0.0434,-0.3696,0.0,0.0,0.0,4453656.0674,3586211.0279,3550150.5714,-2610.3271,-3197.3684,6498.8128,4453649.7221,3586196.3388,3550223.9972,-2610.2799,-3197.2914,6498.4992,0.0,0.0765,3.9732,0.0,0.0,1.0,0.0,1.0,0.0,0.0,-4.1,-36.453,0.0,0.0,-1.0,-0.7071,0.7071,0.0,0.13875157656761958,0.006324555320336759,-0.192885,0.6693431085932466,6.802165934790453,,
186.7203,38.511,-0.134,0.037,34.538,-0.08,0.026,-0.326,-0.002,0.006,-0.326,-0.001,0.006,-1.043,-0.18,-0.322,0.004,-0.005,0.007,0.0,-0.0,0.0,863.71,-0.0,0.0,-0.0,0.0,0.0,0.0,0.0,0.0,0.9921,0.0262,-0.1223,-0.055,0.9698,-0.2378,0.1124,0.2426,0.9636,0.669,0.7326,-0.1252,-0.7377,0.634,-0.2321,-0.0907,0.2476,0.9646,0.0001,-0.0001,0.0001,0.0,0.0,0.0,-0.0472,-0.077,0.3136,6.3357,14.6735,-73.3621,0.0,0.0434,-0.3696,0.0,0.0,0.0,4453126.4968,3585562.4112,3551468.6253,-2611.508,-3198.3193,6497.8712,4453120.1611,3585547.7376,3551541.9875,-2611.4608,-3198.2423,6497.5576,0.0,0.0765,3.9732,0.0,0.0,1.0,0.0,1.0,0.0,0.0,-4.1,-36.453,0.0,0.0,-1.0,-0.7071,0.7071,0.0,0.13901438774457844,0.006324555320336759,-0.192555,0.6688548940215606,6.790528354063695,,
186.9277,38.444,-0.135,0.039,34.47,-0.08,0.027,-0.326,-0.002,0.006,-0.326,-0.001,0.006,-1.043,-0.182,-0.321,0.004,-0.005,0.007,0.0,-0.0,0.0,863.71,-0.0,0.0,-0.0,0.0,0.0,0.0,0.0,0.0,0.9921,0.0263,-0.1223,-0.055,0.9698,-0.2378,0.1123,0.2426,0.9636,0.669,0.7326,-0.1252,-0.7377,0.634,-0.2321,-0.0907,0.2476,0.9646,0.0001,-0.0001,0.0001,0.0,0.0,0.0,-0.0473,-0.077,0.3136,6.326,14.6576,-73.2975,0.0,0.0434,-0.3696,0.0,0.0,0.0,4452588.0468,3584903.0222,3552807.9729,-2612.7081,-3199.2855,6496.9139,4452581.7209,3584888.3646,3552881.2703,-2612.6608,-3199.2085,6496.6003,0.0,0.0765,3.9732,0.0,0.0,1.0,0.0,1.0,0.0,0.0,-4.1,-36.453,0.0,0.0,-1.0,-0.7071,0.7071,0.0,0.14052046114356445,0.006324555320336759,-0.19222,0.6849915020536299,6.778714446356228,,
187.1359,38.376,-0.135,0.04,34.402,-0.081,0.029,-0.326,-0.002,0.006,-0.326,-0.001,0.006,-1.042,-0.183,-0.319,0.004,-0.005,0.007,0.0,-0.0,0.0,863.71,-0.0,0.0,-0.0,0.0,0.0,0.0,0.0,0.0,0.9922,0.0263,-0.1222,-0.055,0.9698,-0.2378,0.1123,0.2426,0.9636,0.669,0.7326,-0.1252,-0.7377,0.634,-0.2321,-0.0907,0.2476,0.9646,0.0001,-0.0001,0.0001,0.0,0.0,0.0,-0.0473,-0.077,0.3136,6.316,14.6415,-73.2318,0.0,0.0434,-0.3696,0.0,0.0,0.0,4452040.4892,3584232.5862,3554169.1419,-2613.9277,-3200.2674,6495.9405,4452034.1732,3584217.9446,3554242.3736,-2613.8804,-3200.1904,6495.6269,0.0,0.0765,3.9732,0.0,0.0,1.0,0.0,1.0,0.0,0.0,-4.1,-36.453,0.0,0.0,-1.0,-0.7071,0.7071,0.0,0.14080127840328724,0.006324555320336759,-0.19188,0.6659184887095443,6.766724211668051,,
187.3417,38.309,-0.135,0.041,34.335,-0.081,0.03,-0.326,-0.002,0.006,-0.326,-0.001,0.006,-1.041,-0.184,-0.318,0.004,-0.005,0.007,0.0,-0.0,0.0,863.71,-0.0,0.0,-0.0,0.0,0.0,0.0,0.0,0.0,0.9922,0.0263,-0.1222,-0.055,0.9698,-0.2377,0.1123,0.2426,0.9636,0.669,0.7326,-0.1252,-0.7377,0.634,-0.2321,-0.0907,0.2476,0.9646,0.0001,-0.0001,0.0001,0.0,0.0,0.0,-0.0473,-0.077,0.3137,6.3064,14.6257,-73.1675,0.0,0.0434,-0.3696,0.0,0.0,0.0,4451504.6227,3583576.5686,3555500.4367,-2615.1205,-3201.2277,6494.988,4451498.3163,3583561.9429,3555573.6042,-2615.0732,-3201.1507,6494.6744,0.0,0.0765,3.9732,0.0,0.0,1.0,0.0,1.0,0.0,0.0,-4.1,-36.453,0.0,0.0,-1.0,-0.7071,0.7071,0.0,0.141088624630053,0.006324555320336759,-0.191545,0.6654318745316948,6.7549103039605845,,
187.5465,38.242,-0.136,0.043,34.268,-0.081,0.031,-0.326,-0.002,0.006,-0.326,-0.001,0.006,-1.04,-0.185,-0.317,0.004,-0.005,0.007,0.0,-0.0,0.0,863.71,-0.0,0.0,-0.0,0.0,0.0,0.0,0.0,0.0,0.9922,0.0263,-0.1222,-0.055,0.9698,-0.2377,0.1123,0.2426,0.9636,0.669,0.7326,-0.1252,-0.7377,0.634,-0.2321,-0.0907,0.2476,0.9646,0.0001,-0.0001,0.0001,0.0,0.0,0.0,-0.0473,-0.077,0.3137,6.2967,14.61,-73.1033,0.0,0.0434,-0.3696,0.0,0.0,0.0,4450969.1592,3582921.1465,3556829.9283,-2616.3118,-3202.1867,6494.0363,4450962.8625,3582906.5365,3556903.0315,-2616.2645,-3202.1097,6493.7226,0.0,0.0765,3.9732,0.0,0.0,1.0,0.0,1.0,0.0,0.0,-4.1,-36.453,0.0,0.0,-1.0,-0.7071,0.7071,0.0,0.14263590010933433,0.006324555320336759,-0.19121,0.6816772699462229,6.743096396253117,,
187.7527,38.174,-0.136,0.044,34.201,-0.081,0.032,-0.326,-0.002,0.006,-0.326,-0.001,0.006,-1.04,-0.186,-0.315,0.004,-0.005,0.007,0.0,-0.0,0.0,863.71,-0.0,0.0,-0.0,0.0,0.0,0.0,0.0,0.0,0.9922,0.0263,-0.1222,-0.055,0.9698,-0.2377,0.1122,0.2425,0.9636,0.669,0.7326,-0.1252,-0.7377,0.634,-0.2321,-0.0907,0.2476,0.9646,0.0001,-0.0001,0.0001,0.0,0.0,0.0,-0.0473,-0.077,0.3137,6.287,14.5941,-73.0385,0.0,0.0434,-0.3696,0.0,0.0,0.0,4450428.9337,3582259.9995,3558170.4337,-2617.513,-3203.1536,6493.0761,4450422.6468,3582245.4054,3558243.4722,-2617.4657,-3203.0765,6492.7625,0.0,0.0765,3.9732,0.0,0.0,1.0,0.0,1.0,0.0,0.0,-4.1,-36.453,0.0,0.0,-1.0,-0.7071,0.7071,0.0,0.1429405470816451,0.006324555320336759,-0.19086999999999998,0.6813717572281995,6.7311061615649415,,
187.9553,38.108,-0.136,0.045,34.135,-0.082,0.034,-0.326,-0.002,0.006,-0.326,-0.001,0.006,-1.039,-0.187,-0.314,0.004,-0.005,0.007,0.0,-0.0,0.0,863.71,-0.0,0.0,-0.0,0.0,0.0,0.0,0.0,0.0,0.9922,0.0263,-0.1222,-0.055,0.9698,-0.2377,0.1122,0.2425,0.9636,0.669,0.7326,-0.1252,-0.7377,0.634,-0.2321,-0.0907,0.2476,0.9646,0.0001,-0.0001,0.0001,0.0,0.0,0.0,-0.0473,-0.0771,0.3137,6.2774,14.5785,-72.9751,0.0,0.0434,-0.3696,0.0,0.0,0.0,4449899.4773,3581612.1325,3559483.4276,-2618.6896,-3204.1006,6492.1352,4449893.2,3581597.554,3559556.4027,-2618.6423,-3204.0236,6491.8216,0.0,0.0765,3.9732,0.0,0.0,1.0,0.0,1.0,0.0,0.0,-4.1,-36.453,0.0,0.0,-1.0,-0.7071,0.7071,0.0,0.1432515270424717,0.006324555320336759,-0.19054,0.6624358710417982,6.719468580838183,,
188.1571,38.042,-0.137,0.046,34.069,-0.082,0.035,-0.326,-0.002,0.006,-0.326,-0.001,0.006,-1.038,-0.188,-0.312,0.004,-0.005,0.007,0.0,-0.0,0.0,863.71,-0.0,0.0,-0.0,0.0,0.0,0.0,0.0,0.0,0.9922,0.0264,-0.1221,-0.055,0.9698,-0.2376,0.1122,0.2425,0.9636,0.669,0.7326,-0.1252,-0.7377,0.634,-0.2321,-0.0907,0.2476,0.9646,0.0001,-0.0001,0.0001,0.0,0.0,0.0,-0.0474,-0.0771,0.3137,6.2677,14.5629,-72.9112,0.0,0.0434,-0.3696,0.0,0.0,0.0,4449366.5971,3580960.1768,3560804.1251,-2619.8731,-3205.0531,6491.1883,4449360.3293,3580945.6139,3560877.0364,-2619.8257,-3204.9761,6490.8746,0.0,0.0765,3.9732,0.0,0.0,1.0,0.0,1.0,0.0,0.0,-4.1,-36.453,0.0,0.0,-1.0,-0.7071,0.7071,0.0,0.14451643505151932,0.006324555320336759,-0.19021000000000002,0.6761992325964928,6.707831000111425,,
188.3646,37.975,-0.137,0.048,34.001,-0.082,0.036,-0.326,-0.002,0.006,-0.326,-0.001,0.006,-1.037,-0.189,-0.311,0.004,-0.005,0.007,0.0,-0.0,0.0,863.71,-0.0,0.0,-0.0,0.0,0.0,0.0,0.0,0.0,0.9922,0.0264,-0.1221,-0.055,0.9698,-0.2376,0.1122,0.2425,0.9637,0.669,0.7326,-0.1252,-0.7377,0.634,-0.2321,-0.0907,0.2476,0.9646,0.0001,-0.0001,0.0001,0.0,0.0,0.0,-0.0474,-0.0771,0.3137,6.258,14.547,-72.8465,0.0,0.0434,-0.3696,0.0,0.0,0.0,4448825.8972,3580298.757,3562143.3966,-2621.0733,-3206.0191,6490.2276,4448819.6393,3580284.2101,3562216.2431,-2621.0259,-3205.942,6489.9139,0.0,0.0765,3.9732,0.0,0.0,1.0,0.0,1.0,0.0,0.0,-4.1,-36.453,0.0,0.0,-1.0,-0.7071,0.7071,0.0,0.14516542288024378,0.006324555320336759,-0.18987500000000002,0.6778794438288727,6.696017092403958,,
188.5776,37.905,-0.138,0.049,33.931,-0.083,0.037,-0.326,-0.002,0.006,-0.326,-0.001,0.006,-1.037,-0.19,-0.31,0.004,-0.005,0.007,0.0,-0.0,0.0,863.71,-0.0,0.0,-0.0,0.0,0.0,0.0,0.0,0.0,0.9922,0.0264,-0.1221,-0.055,0.9698,-0.2376,0.1122,0.2425,0.9637,0.669,0.7326,-0.1252,-0.7377,0.634,-0.2321,-0.0907,0.2476,0.9646,0.0001,-0.0001,0.0001,0.0,0.0,0.0,-0.0474,-0.0771,0.3137,6.2479,14.5305,-72.7794,0.0,0.0434,-0.3696,0.0,0.0,0.0,4448265.293,3579613.0977,3563531.1126,-2622.3169,-3207.0199,6489.2316,4448259.0451,3579598.5672,3563603.8921,-2622.2695,-3206.9428,6488.9178,0.0,0.0765,3.9732,0.0,0.0,1.0,0.0,1.0,0.0,0.0,-4.1,-36.453,0.0,0.0,-1.0,-0.7071,0.7071,0.0,0.14644111444536334,0.006324555320336759,-0.189525,0.6758566251794961,6.683674203754365,,
188.784,37.838,-0.138,0.05,33.864,-0.083,0.039,-0.326,-0.002,0.006,-0.326,-0.001,0.006,-1.036,-0.191,-0.308,0.004,-0.005,0.007,0.0,-0.0,0.0,863.71,-0.0,0.0,-0.0,0.0,0.0,0.0,0.0,0.0,0.9922,0.0264,-0.1221,-0.055,0.9698,-0.2376,0.1121,0.2424,0.9637,0.669,0.7326,-0.1252,-0.7377,0.634,-0.2321,-0.0907,0.2476,0.9646,0.0001,-0.0001,0.0001,0.0,0.0,0.0,-0.0474,-0.0771,0.3137,6.2381,14.5146,-72.7147,0.0,0.0434,-0.3696,0.0,0.0,0.0,4447724.0962,3578951.2815,3564869.9627,-2623.5168,-3207.9854,6488.2701,4447717.8581,3578936.7669,3564942.6774,-2623.4694,-3207.9083,6487.9564,0.0,0.0765,3.9732,0.0,0.0,1.0,0.0,1.0,0.0,0.0,-4.1,-36.453,0.0,0.0,-1.0,-0.7071,0.7071,0.0,0.1467787450552702,0.006324555320336759,-0.18919,0.6728273416334744,6.671860296046898,,
188.9921,37.77,-0.138,0.052,33.796,-0.083,0.04,-0.326,-0.002,0.007,-0.326,-0.001,0.006,-1.035,-0.193,-0.307,0.004,-0.005,0.007,0.0,-0.0,0.0,863.71,-0.0,0.0,-0.0,0.0,0.0,0.0,0.0,0.0,0.9922,0.0264,-0.1221,-0.055,0.9698,-0.2376,0.1121,0.2424,0.9637,0.669,0.7326,-0.1252,-0.7377,0.634,-0.2321,-0.0907,0.2476,0.9646,0.0001,-0.0001,0.0001,0.0,0.0,0.0,-0.0474,-0.0771,0.3137,6.2282,14.4985,-72.6494,0.0,0.0434,-0.3696,0.0,0.0,0.0,4447177.8545,3578283.3998,3566220.4707,-2624.7271,-3208.9593,6487.2997,4447171.6263,3578268.9013,3566293.1201,-2624.6797,-3208.8822,6486.986,0.0,0.0765,3.9732,0.0,0.0,1.0,0.0,1.0,0.0,0.0,-4.1,-36.453,0.0,0.0,-1.0,-0.7071,0.7071,0.0,0.14747203124660624,0.007280109889280519,-0.18885000000000002,0.6745898894647054,6.659870061358722,,
189.2009,37.701,-0.139,0.053,33.727,-0.083,0.041,-0.326,-0.002,0.007,-0.326,-0.001,0.006,-1.03,-0.194,-0.305,0.06,-0.006,0.007,0.0,-0.0,0.001,863.696,-0.0,0.0,-0.0,0.0,0.0,1.0,0.0,0.0,0.9922,0.0265,-0.122,-0.0551,0.9698,-0.2375,0.1121,0.2424,0.9637,0.669,0.7326,-0.1252,-0.7377,0.634,-0.2321,-0.0907,0.2476,0.9646,0.0001,-0.0001,0.0011,0.0,0.0,0.0,-0.0474,-0.0771,0.3137,6.2183,14.4823,-72.5835,0.0,0.0434,-0.3696,0.0,0.0,0.0,4446626.3151,3577609.1478,3567583.2405,-2625.9485,-3209.942,6486.3201,4446620.0968,3577594.6655,3567655.8239,-2625.9011,-3209.8648,6486.0063,0.0,0.0765,3.9732,0.0,0.0,1.0,0.0,1.0,0.0,0.0,-4.1,-36.453,0.0,0.0,-1.0,-0.7071,0.7071,0.0,0.1487615541731129,0.007280109889280519,-0.188505,0.688310931121001,6.647703499689838,,
189.414,37.632,-0.139,0.055,33.659,-0.084,0.042,-0.326,-0.002,0.007,-0.326,-0.001,0.006,-1.008,-0.195,-0.304,0.147,-0.006,0.007,0.0,-0.0,0.003,863.675,-0.0,0.0,-0.0,0.0,0.0,1.0,0.0,0.0,0.9922,0.0269,-0.122,-0.0555,0.9698,-0.2375,0.112,0.2424,0.9637,0.669,0.7326,-0.1252,-0.7377,0.634,-0.2321,-0.0907,0.2476,0.9646,0.0001,-0.0001,0.0026,0.0,0.0,0.0,-0.0475,-0.0772,0.3137,6.2082,14.466,-72.5172,0.0,0.0434,-0.3696,0.0,0.0,0.0,4446071.3716,3576930.8434,3568953.5747,-2627.1767,-3210.9301,6485.3344,4446065.1634,3576916.3773,3569026.0919,-2627.1292,-3210.853,6485.0207,0.0,0.0765,3.9732,0.0,0.0,1.0,0.0,1.0,0.0,0.0,-4.1,-36.453,0.0,0.0,-1.0,-0.7071,0.7071,0.0,0.14948578527739687,0.007280109889280519,-0.18816,0.6747377166434384,6.6355369380209535,,
189.6197,37.565,-0.14,0.056,33.591,-0.084,0.044,-0.327,-0.002,0.007,-0.326,-0.001,0.006,-0.969,-0.196,-0.303,0.227,-0.007,0.008,0.0,-0.0,0.004,863.656,-0.0,0.0,-0.0,0.0,0.0,1.0,0.0,0.0,0.9921,0.0276,-0.122,-0.0561,0.9698,-0.2375,0.1118,0.2425,0.9637,0.669,0.7326,-0.1252,-0.7377,0.634,-0.2321,-0.0907,0.2476,0.9646,0.0001,-0.0001,0.004,0.0,0.0,0.0,-0.0475,-0.0772,0.3137,6.1984,14.4501,-72.4523,0.0,0.0434,-0.3696,0.0,0.0,0.0,4445528.1513,3576266.9723,3570294.1383,-2628.3782,-3211.8967,6484.3697,4445521.9529,3576252.5222,3570366.5906,-2628.3307,-3211.8196,6484.056,0.0,0.0765,3.9732,0.0,0.0,1.0,0.0,1.0,0.0,0.0,-4.1,-36.453,0.0,0.0,-1.0,-0.7071,0.7071,0.0,0.1507846145997661,0.007280109889280519,-0.187825,0.685559227315418,6.623723030313486,,
189.8199,37.499,-0.14,0.057,33.526,-0.084,0.045,-0.327,-0.002,0.007,-0.327,-0.001,0.006,-0.922,-0.197,-0.301,0.208,-0.006,0.007,0.0,-0.0,0.004,863.64,-0.0,0.0,-0.0,0.0,0.0,0.0,0.0,0.0,0.9921,0.0284,-0.122,-0.0569,0.9697,-0.2375,0.1116,0.2425,0.9637,0.669,0.7326,-0.1252,-0.7377,0.634,-0.2321,-0.0907,0.2476,0.9646,0.0001,-0.0001,0.0036,0.0,0.0,0.0,-0.0475,-0.0772,0.3138,6.1888,14.4346,-72.3894,0.0,0.0434,-0.3696,0.0,0.0,0.0,4445000.6391,3575622.3976,3571595.1605,-2629.5443,-3212.8348,6483.4329,4444994.4503,3575607.963,3571667.5499,-2629.4969,-3212.7576,6483.1192,0.0,0.0765,3.9732,0.0,0.0,1.0,0.0,1.0,0.0,0.0,-4.1,-36.453,0.0,0.0,-1.0,-0.7071,0.7071,0.0,0.15115885683611133,0.007280109889280519,-0.18749500000000002,0.6852876424391218,6.612085449586728,,
190.0329,37.429,-0.14,0.059,33.456,-0.085,0.046,-0.327,-0.002,0.007,-0.327,-0.001,0.006,-0.886,-0.198,-0.3,0.132,-0.006,0.007,0.0,-0.0,0.002,863.624,-0.0,0.0,-0.0,0.0,0.0,0.0,0.0,0.0,0.9921,0.029,-0.122,-0.0576,0.9697,-0.2374,0.1114,0.2426,0.9637,0.669,0.7326,-0.1252,-0.7377,0.634,-0.2321,-0.0907,0.2476,0.9646,0.0001,-0.0001,0.0023,0.0,0.0,0.0,-0.0475,-0.0772,0.3138,6.1787,14.4181,-72.3223,0.0,0.0434,-0.3696,0.0,0.0,0.0,4444438.2301,3574935.289,3572981.4072,-2630.7869,-3213.8343,6482.4343,4444432.0514,3574920.8709,3573053.7295,-2630.7394,-3213.7571,6482.1205,0.0,0.0765,3.9732,0.0,0.0,1.0,0.0,1.0,0.0,0.0,-4.1,-36.453,0.0,0.0,-1.0,-0.7071,0.7071,0.0,0.1519243232665527,0.007280109889280519,-0.187145,0.6713455059710615,6.599742560937136,,
190.2351,37.363,-0.141,0.06,33.39,-0.085,0.047,-0.327,-0.002,0.007,-0.327,-0.001,0.006,-0.865,-0.199,-0.298,0.065,-0.006,0.007,0.0,-0.0,0.001,863.609,-0.0,0.0,-0.0,0.0,0.0,0.0,0.0,0.0,0.9921,0.0294,-0.1219,-0.0579,0.9697,-0.2374,0.1113,0.2426,0.9637,0.669,0.7326,-0.1252,-0.7377,0.634,-0.2321,-0.0907,0.2476,0.9646,0.0001,-0.0001,0.0011,0.0,0.0,0.0,-0.0475,-0.0772,0.3138,6.169,14.4025,-72.2588,0.0,0.0434,-0.3696,0.0,0.0,0.0,4443905.6873,3574284.7711,3574293.239,-2631.9628,-3214.7801,6481.4887,4443899.5182,3574270.3686,3574365.4978,-2631.9152,-3214.7029,6481.175,0.0,0.0765,3.9732,0.0,0.0,1.0,0.0,1.0,0.0,0.0,-4.1,-36.453,0.0,0.0,-1.0,-0.7071,0.7071,0.0,0.15323511346946558,0.007280109889280519,-0.186815,0.6850354987263085,6.588104980210376,,
190.4391,37.298,-0.141,0.061,33.324,-0.085,0.049,-0.327,-0.002,0.007,-0.327,-0.001,0.006,-0.859,-0.2,-0.297,0.005,-0.005,0.007,0.0,-0.0,0.0,863.596,-0.0,0.0,-0.0,0.0,0.0,0.0,0.0,0.0,0.9921,0.0295,-0.1219,-0.058,0.9697,-0.2374,0.1112,0.2426,0.9637,0.669,0.7326,-0.1252,-0.7377,0.634,-0.2321,-0.0907,0.2476,0.9646,0.0001,-0.0001,0.0001,0.0,0.0,0.0,-0.0475,-0.0772,0.3138,6.1595,14.387,-72.1958,0.0,0.0434,-0.3696,0.0,0.0,0.0,4443377.0273,3573639.0944,3575594.7381,-2633.1294,-3215.7184,6480.5502,4443370.8678,3573624.7074,3575666.9339,-2633.0819,-3215.6412,6480.2364,0.0,0.0765,3.9732,0.0,0.0,1.0,0.0,1.0,0.0,0.0,-4.1,-36.453,0.0,0.0,-1.0,-0.7071,0.7071,0.0,0.15362942426501505,0.007280109889280519,-0.18649000000000002,0.6818660224933395,6.576643726464327,,
190.6501,37.228,-0.142,0.063,33.255,-0.086,0.05,-0.327,-0.002,0.007,-0.327,-0.001,0.006,-0.858,-0.201,-0.296,0.005,-0.005,0.007,0.0,-0.0,0.0,863.596,-0.0,0.0,-0.0,0.0,0.0,0.0,0.0,0.0,0.9921,0.0295,-0.1219,-0.058,0.9697,-0.2374,0.1112,0.2426,0.9637,0.669,0.7326,-0.1252,-0.7377,0.634,-0.2321,-0.0907,0.2476,0.9646,0.0001,-0.0001,0.0001,0.0,0.0,0.0,-0.0475,-0.0773,0.3138,6.1494,14.3706,-72.1292,0.0,0.0434,-0.3696,0.0,0.0,0.0,4442818.1331,3572956.5974,3576969.8381,-2634.3621,-3216.7098,6479.558,4442811.9837,3572942.2267,3577041.9673,-2634.3145,-3216.6325,6479.2442,0.0,0.0765,3.9732,0.0,0.0,1.0,0.0,1.0,0.0,0.0,-4.1,-36.453,0.0,0.0,-1.0,-0.7071,0.7071,0.0,0.1553479964466874,0.007280109889280519,-0.18614,0.6822070743065798,6.564300837814734,,
190.8624,37.159,-0.142,0.064,33.186,-0.086,0.051,-0.327,-0.002,0.007,-0.327,-0.002,0.006,-0.857,-0.203,-0.294,0.005,-0.005,0.007,0.0,-0.0,0.0,863.596,-0.0,0.0,-0.0,0.0,0.0,0.0,0.0,0.0,0.9921,0.0295,-0.1219,-0.058,0.9697,-0.2373,0.1112,0.2425,0.9637,0.669,0.7326,-0.1252,-0.7377,0.634,-0.2321,-0.0907,0.2476,0.9646,0.0001,-0.0001,0.0001,0.0,0.0,0.0,-0.0476,-0.0773,0.3138,6.1394,14.3543,-72.0628,0.0,0.0434,-0.3696,0.0,0.0,0.0,4442260.5363,3572275.7936,3578340.8963,-2635.5911,-3217.6982,6478.5682,4442254.3969,3572261.4393,3578412.9591,-2635.5436,-3217.6209,6478.2544,0.0,0.0765,3.9732,0.0,0.0,1.0,0.0,1.0,0.0,0.0,-4.1,-36.453,0.0,0.0,-1.0,-0.7071,0.7071,0.0,0.1557562197795003,0.007280109889280519,-0.185795,0.6816854451036816,6.55213427614585,,
191.0686,37.091,-0.142,0.066,33.118,-0.086,0.053,-0.321,-0.002,0.007,-0.321,-0.001,0.006,-0.856,-0.204,-0.293,0.005,-0.005,0.007,0.0,-0.0,0.0,863.58,-0.0,0.0,1.0,0.0,0.0,0.0,0.0,0.0,0.9921,0.0295,-0.1219,-0.058,0.9697,-0.2373,0.1112,0.2425,0.9638,0.669,0.7326,-0.1252,-0.7377,0.634,-0.2321,-0.0907,0.2476,0.9646,0.0001,-0.0001,0.0001,0.0,0.0,0.0,-0.0469,-0.0759,0.3086,6.1295,14.3382,-71.9975,0.0,0.0434,-0.3696,0.0,0.0,0.0,4441708.9459,3571602.4296,3579696.3495,-2636.8056,-3218.6739,6477.584,4441702.8165,3571588.0914,3579768.347,-2636.7587,-3218.598,6477.2754,0.0,0.0765,3.9732,0.0,0.0,1.0,0.0,1.0,0.0,0.0,-4.1,-36.453,0.0,0.0,-1.0,-0.7071,0.7071,0.0,0.15658863304850706,0.007280109889280519,-0.185455,0.6809278297256899,6.540144041457674,,
191.2799,37.024,-0.143,0.067,33.051,-0.086,0.054,-0.313,-0.002,0.007,-0.313,-0.001,0.006,-0.855,-0.205,-0.291,0.005,-0.005,0.007,0.0,-0.0,0.0,863.556,-0.0,0.0,-0.0,0.0,0.0,0.0,0.0,0.0,0.9921,0.0296,-0.1218,-0.058,0.9697,-0.2373,0.1111,0.2425,0.9638,0.669,0.7326,-0.1252,-0.7377,0.634,-0.2321,-0.0907,0.2476,0.9646,0.0001,-0.0001,0.0001,0.0,0.0,0.0,-0.046,-0.0739,0.301,6.1197,14.3224,-71.9333,0.0,0.0434,-0.3696,0.0,0.0,0.0,4441153.2128,3570924.1155,3581061.1438,-2638.0281,-3219.6557,6476.59,4441147.0931,3570909.7931,3581133.0771,-2637.9822,-3219.5818,6476.289,0.0,0.0765,3.9732,0.0,0.0,1.0,0.0,1.0,0.0,0.0,-4.1,-36.453,0.0,0.0,-1.0,-0.7071,0.7071,0.0,0.15791770008456935,0.007280109889280519,-0.18512,0.6946780046842991,6.528330133750208,,
191.4905,36.959,-0.143,0.068,32.986,-0.087,0.055,-0.313,-0.002,0.007,-0.313,-0.001,0.006,-0.854,-0.206,-0.29,0.005,-0.005,0.007,0.0,-0.0,0.0,863.556,-0.0,0.0,-0.0,0.0,0.0,0.0,0.0,0.0,0.9921,0.0296,-0.1218,-0.0581,0.9697,-0.2373,0.1111,0.2425,0.9638,0.669,0.7326,-0.1252,-0.7377,0.634,-0.2321,-0.0907,0.2476,0.9646,0.0001,-0.0001,0.0001,0.0,0.0,0.0,-0.046,-0.074,0.301,6.1101,14.307,-71.8705,0.0,0.0434,-0.3696,0.0,0.0,0.0,4440603.3751,3570253.1033,3582410.6327,-2639.238,-3220.6285,6475.6143,4440597.265,3570238.7963,3582482.5032,-2639.192,-3220.5545,6475.3133,0.0,0.0765,3.9732,0.0,0.0,1.0,0.0,1.0,0.0,0.0,-4.1,-36.453,0.0,0.0,-1.0,-0.7071,0.7071,0.0,0.15834456100542257,0.007280109889280519,-0.18479500000000001,0.6783717019854324,6.516868880004157,,
191.7017,36.893,-0.143,0.07,32.919,-0.087,0.057,-0.313,-0.002,0.007,-0.313,-0.001,0.006,-0.853,-0.207,-0.289,0.005,-0.005,0.007,0.0,-0.0,0.0,863.556,-0.0,0.0,-0.0,0.0,0.0,0.0,0.0,0.0,0.9921,0.0296,-0.1218,-0.0581,0.9697,-0.2373,0.1111,0.2425,0.9638,0.669,0.7326,-0.1252,-0.7377,0.634,-0.2321,-0.0907,0.2476,0.9646,0.0001,-0.0001,0.0001,0.0,0.0,0.0,-0.046,-0.074,0.301,6.1004,14.2914,-71.807,0.0,0.0434,-0.3696,0.0,0.0,0.0,4440046.5014,3569573.6108,3583776.5522,-2640.4625,-3221.613,6474.6261,4440040.401,3569559.3194,3583848.3593,-2640.4165,-3221.539,6474.3251,0.0,0.0765,3.9732,0.0,0.0,1.0,0.0,1.0,0.0,0.0,-4.1,-36.453,0.0,0.0,-1.0,-0.7071,0.7071,0.0,0.1592136928784707,0.007280109889280519,-0.184465,0.6774299632328383,6.505231299277399,,
191.9076,36.828,-0.144,0.071,32.854,-0.087,0.058,-0.308,-0.002,0.007,-0.308,-0.001,0.006,-0.852,-0.208,-0.287,0.005,-0.005,0.006,0.0,-0.0,0.0,863.541,-0.0,0.0,1.0,0.0,0.0,0.0,0.0,0.0,0.9921,0.0296,-0.1218,-0.0581,0.9697,-0.2372,0.1111,0.2424,0.9638,0.669,0.7326,-0.1252,-0.7377,0.634,-0.2321,-0.0907,0.2476,0.9646,0.0001,-0.0001,0.0001,0.0,0.0,0.0,-0.0454,-0.0727,0.2962,6.0908,14.276,-71.7442,0.0,0.0434,-0.3696,0.0,0.0,0.0,4439492.7359,3568898.0182,3585134.0139,-2641.679,-3222.5902,6473.6387,4439486.6451,3568883.7422,3585205.7581,-2641.6336,-3222.5174,6473.3425,0.0,0.0765,3.9732,0.0,0.0,1.0,0.0,1.0,0.0,0.0,-4.1,-36.453,0.0,0.0,-1.0,-0.7071,0.7071,0.0,0.16055217220579732,0.007280109889280519,-0.18414000000000003,0.6912110997225808,6.493770045531349,,
192.115,36.765,-0.144,0.073,32.792,-0.087,0.059,-0.306,-0.002,0.007,-0.306,-0.001,0.006,-0.851,-0.209,-0.286,0.005,-0.005,0.006,0.0,-0.0,0.0,863.535,-0.0,0.0,-0.0,0.0,0.0,0.0,0.0,0.0,0.9921,0.0296,-0.1218,-0.0581,0.9697,-0.2372,0.111,0.2424,0.9638,0.669,0.7326,-0.1252,-0.7377,0.634,-0.2321,-0.0907,0.2476,0.9646,0.0001,-0.0001,0.0001,0.0,0.0,0.0,-0.0452,-0.0722,0.2942,6.0816,14.2613,-71.6842,0.0,0.0434,-0.3696,0.0,0.0,0.0,4438953.9317,3568240.7794,3586454.0013,-2642.8622,-3223.541,6472.6807,4438947.8501,3568226.5182,3586525.6855,-2642.817,-3223.4688,6472.3865,0.0,0.0765,3.9732,0.0,0.0,1.0,0.0,1.0,0.0,0.0,-4.1,-36.453,0.0,0.0,-1.0,-0.7071,0.7071,0.0,0.1614465855941215,0.007280109889280519,-0.18382500000000002,0.6930647580700301,6.482661445746715,,
192.3242,36.701,-0.144,0.074,32.728,-0.088,0.061,-0.306,-0.002,0.007,-0.306,-0.001,0.006,-0.85,-0.21,-0.285,0.005,-0.005,0.006,0.0,-0.0,0.0,863.535,-0.0,0.0,-0.0,0.0,0.0,0.0,0.0,0.0,0.9921,0.0297,-0.1217,-0.0581,0.9697,-0.2372,0.111,0.2424,0.9638,0.669,0.7326,-0.1252,-0.7377,0.634,-0.2321,-0.0907,0.2476,0.9646,0.0001,-0.0001,0.0001,0.0,0.0,0.0,-0.0452,-0.0722,0.2942,6.0721,14.2462,-71.6226,0.0,0.0434,-0.3696,0.0,0.0,0.0,4438401.1738,3567566.6247,3587807.3572,-2644.0756,-3224.5164,6471.7001,4438395.1017,3567552.3785,3587878.9798,-2644.0305,-3224.4441,6471.4059,0.0,0.0765,3.9732,0.0,0.0,1.0,0.0,1.0,0.0,0.0,-4.1,-36.453,0.0,0.0,-1.0,-0.7071,0.7071,0.0,0.16190120444270942,0.007280109889280519,-0.183505,0.6744054618642125,6.471376518981373,,
192.5386,36.635,-0.145,0.076,32.662,-0.088,0.062,-0.303,-0.002,0.007,-0.303,-0.001,0.006,-0.849,-0.211,-0.283,0.005,-0.005,0.006,0.0,-0.0,0.0,863.525,-0.0,0.0,1.0,0.0,0.0,0.0,0.0,0.0,0.9921,0.0297,-0.1217,-0.0581,0.9697,-0.2372,0.111,0.2424,0.9638,0.669,0.7326,-0.1252,-0.7377,0.634,-0.2321,-0.0907,0.2476,0.9646,0.0001,-0.0001,0.0001,0.0,0.0,0.0,-0.0448,-0.0714,0.291,6.0624,14.2306,-71.5593,0.0,0.0434,-0.3696,0.0,0.0,0.0,4437830.5915,3566870.8416,3589203.488,-2645.327,-3225.5217,6470.6847,4437824.5291,3566856.611,3589275.0473,-2645.2823,-3225.4503,6470.3937,0.0,0.0765,3.9732,0.0,0.0,1.0,0.0,1.0,0.0,0.0,-4.1,-36.453,0.0,0.0,-1.0,-0.7071,0.7071,0.0,0.16371010964506744,0.007280109889280519,-0.18317499999999998,0.690227834422583,6.459738938254614,,
192.747,36.573,-0.145,0.077,32.6,-0.088,0.063,-0.297,-0.002,0.007,-0.297,-0.001,0.006,-0.848,-0.213,-0.282,0.005,-0.005,0.006,0.0,-0.0,0.0,863.507,-0.0,0.0,-0.0,0.0,0.0,0.0,0.0,0.0,0.9921,0.0297,-0.1217,-0.0581,0.9697,-0.2372,0.111,0.2424,0.9638,0.669,0.7326,-0.1252,-0.7377,0.634,-0.2321,-0.0907,0.2476,0.9646,0.0001,-0.0001,0.0001,0.0,0.0,0.0,-0.0441,-0.0699,0.2853,6.0533,14.2161,-71.4999,0.0,0.0434,-0.3696,0.0,0.0,0.0,4437284.2653,3566204.7419,3590539.4429,-2646.5242,-3226.483,6469.7099,4437278.212,3566190.5258,3590610.9428,-2646.4801,-3226.4131,6469.4246,0.0,0.0765,3.9732,0.0,0.0,1.0,0.0,1.0,0.0,0.0,-4.1,-36.453,0.0,0.0,-1.0,-0.7071,0.7071,0.0,0.16417673403987545,0.007280109889280519,-0.182865,0.689729095129896,6.4488066654506895,,
192.9614,36.51,-0.146,0.078,32.536,-0.088,0.065,-0.297,-0.002,0.007,-0.297,-0.001,0.007,-0.847,-0.214,-0.281,0.005,-0.005,0.006,0.0,-0.0,0.0,863.507,-0.0,0.0,-0.0,0.0,0.0,0.0,0.0,0.0,0.9921,0.0297,-0.1217,-0.0581,0.9697,-0.2371,0.1109,0.2423,0.9638,0.669,0.7326,-0.1252,-0.7377,0.634,-0.2321,-0.0907,0.2476,0.9646,0.0001,-0.0001,0.0001,0.0,0.0,0.0,-0.0441,-0.0699,0.2853,6.0439,14.2011,-71.4388,0.0,0.0434,-0.3696,0.0,0.0,0.0,4436716.9651,3565513.1789,3591925.8348,-2647.7674,-3227.4821,6468.7037,4436710.9213,3565498.9778,3591997.2736,-2647.7233,-3227.4121,6468.4184,0.0,0.0765,3.9732,0.0,0.0,1.0,0.0,1.0,0.0,0.0,-4.1,-36.453,0.0,0.0,-1.0,-0.7071,0.7071,0.0,0.16552945357246848,0.007280109889280519,-0.18255,0.7011808792639734,6.437698065666056,,
193.1712,36.447,-0.146,0.08,32.474,-0.089,0.066,-0.297,-0.002,0.007,-0.297,-0.001,0.007,-0.846,-0.215,-0.279,0.005,-0.005,0.006,0.0,-0.0,0.0,863.507,-0.0,0.0,-0.0,0.0,0.0,0.0,0.0,0.0,0.9921,0.0297,-0.1217,-0.0581,0.9697,-0.2371,0.1109,0.2423,0.9638,0.669,0.7326,-0.1252,-0.7377,0.634,-0.2321,-0.0907,0.2476,0.9646,0.0001,-0.0001,0.0001,0.0,0.0,0.0,-0.0441,-0.07,0.2853,6.0345,14.1864,-71.3787,0.0,0.0434,-0.3696,0.0,0.0,0.0,4436159.1653,3564833.3052,3593288.1649,-2648.989,-3228.4638,6467.7145,4436153.1308,3564819.1188,3593359.5436,-2648.9449,-3228.3938,6467.4291,0.0,0.0765,3.9732,0.0,0.0,1.0,0.0,1.0,0.0,0.0,-4.1,-36.453,0.0,0.0,-1.0,-0.7071,0.7071,0.0,0.16648123017325406,0.007280109889280519,-0.182235,0.6869268534639804,6.426589465881423,,
193.3786,36.385,-0.146,0.081,32.412,-0.089,0.068,-0.292,-0.001,0.007,-0.292,-0.001,0.007,-0.845,-0.216,-0.278,0.005,-0.005,0.006,0.0,-0.0,0.0,863.491,-0.0,0.0,1.0,0.0,0.0,0.0,0.0,0.0,0.9921,0.0298,-0.1216,-0.0582,0.9697,-0.2371,0.1109,0.2423,0.9638,0.669,0.7326,-0.1252,-0.7377,0.634,-0.2321,-0.0907,0.2476,0.9646,0.0001,-0.0001,0.0001,0.0,0.0,0.0,-0.0435,-0.0686,0.2801,6.0254,14.1718,-71.3193,0.0,0.0434,-0.3696,0.0,0.0,0.0,4435604.7043,3564157.6068,3594641.5119,-2650.2019,-3229.4376,6466.726,4435598.679,3564143.435,3594712.8313,-2650.1584,-3229.369,6466.4459,0.0,0.0765,3.9732,0.0,0.0,1.0,0.0,1.0,0.0,0.0,-4.1,-36.453,0.0,0.0,-1.0,-0.7071,0.7071,0.0,0.16696406799069075,0.007071067811865475,-0.181925,0.6844059395228208,6.4156571930774975,,
193.5923,36.325,-0.146,0.083,32.351,-0.089,0.069,-0.288,-0.001,0.007,-0.288,-0.001,0.007,-0.844,-0.217,-0.277,0.005,-0.005,0.006,0.0,-0.0,0.0,863.48,-0.0,0.0,-0.0,0.0,0.0,0.0,0.0,0.0,0.9921,0.0298,-0.1216,-0.0582,0.9697,-0.2371,0.1109,0.2423,0.9638,0.669,0.7326,-0.1252,-0.7377,0.634,-0.2321,-0.0907,0.2476,0.9646,0.0001,-0.0001,0.0001,0.0,0.0,0.0,-0.043,-0.0677,0.2766,6.0163,14.1575,-71.2609,0.0,0.0434,-0.3696,0.0,0.0,0.0,4435046.305,3563477.2155,3596003.6366,-2651.423,-3230.4181,6465.7323,4435040.2887,3563463.0579,3596074.8975,-2651.3799,-3230.3504,6465.4557,0.0,0.0765,3.9732,0.0,0.0,1.0,0.0,1.0,0.0,0.0,-4.1,-36.453,0.0,0.0,-1.0,-0.7071,0.7071,0.0,0.16794344286098223,0.007071067811865475,-0.181625,0.6855251818984821,6.405077574234991,,
193.798,36.264,-0.147,0.084,32.291,-0.089,0.07,-0.288,-0.001,0.007,-0.288,-0.001,0.007,-0.843,-0.218,-0.275,0.005,-0.005,0.006,0.0,-0.0,0.0,863.48,-0.0,0.0,-0.0,0.0,0.0,0.0,0.0,0.0,0.9921,0.0298,-0.1216,-0.0582,0.9698,-0.2371,0.1109,0.2423,0.9639,0.669,0.7326,-0.1252,-0.7377,0.634,-0.2321,-0.0907,0.2476,0.9646,0.0001,-0.0001,0.0001,0.0,0.0,0.0,-0.043,-0.0677,0.2766,6.0073,14.1433,-71.2027,0.0,0.0434,-0.3696,0.0,0.0,0.0,4434488.5765,3562797.7481,3597363.2909,-2652.6423,-3231.3978,6464.7434,4434482.5692,3562783.6048,3597434.4936,-2652.5992,-3231.3301,6464.4668,0.0,0.0765,3.9732,0.0,0.0,1.0,0.0,1.0,0.0,0.0,-4.1,-36.453,0.0,0.0,-1.0,-0.7071,0.7071,0.0,0.16930741271426952,0.007071067811865475,-0.18132,0.6995604142323981,6.394321628411775,,
194.0095,36.204,-0.147,0.086,32.231,-0.09,0.072,-0.288,-0.001,0.007,-0.288,-0.001,0.007,-0.842,-0.219,-0.274,0.005,-0.005,0.006,0.0,-0.0,0.0,863.48,-0.0,0.0,-0.0,0.0,0.0,0.0,0.0,0.0,0.9921,0.0298,-0.1216,-0.0582,0.9698,-0.237,0.1108,0.2422,0.9639,0.669,0.7326,-0.1252,-0.7377,0.634,-0.2321,-0.0907,0.2476,0.9646,0.0001,-0.0001,0.0001,0.0,0.0,0.0,-0.0431,-0.0677,0.2766,5.9983,14.1293,-71.1453,0.0,0.0434,-0.3696,0.0,0.0,0.0,4433937.2631,3562126.2006,3598706.4879,-2653.8469,-3232.3656,6463.766,4433931.2648,3562112.0713,3598777.6331,-2653.8038,-3232.2979,6463.4894,0.0,0.0765,3.9732,0.0,0.0,1.0,0.0,1.0,0.0,0.0,-4.1,-36.453,0.0,0.0,-1.0,-0.7071,0.7071,0.0,0.170308543532026,0.007071067811865475,-0.18102000000000001,0.6829974791653075,6.383742009569266,,
194.2182,36.144,-0.147,0.087,32.171,-0.09,0.073,-0.288,-0.001,0.007,-0.288,-0.001,0.007,-0.841,-0.22,-0.273,0.005,-0.005,0.006,0.0,-0.0,0.0,863.48,-0.0,0.0,-0.0,0.0,0.0,0.0,0.0,0.0,0.9921,0.0298,-0.1216,-0.0582,0.9698,-0.237,0.1108,0.2422,0.9639,0.669,0.7326,-0.1252,-0.7377,0.634,-0.2321,-0.0907,0.2476,0.9646,0.0001,-0.0001,0.0001,0.0,0.0,0.0,-0.0431,-0.0677,0.2766,5.9893,14.1151,-71.0875,0.0,0.0434,-0.3696,0.0,0.0,0.0,4433383.3,3561451.5304,3600055.3226,-2655.0565,-3233.3374,6462.7839,4433377.3106,3561437.4152,3600126.4101,-2655.0135,-3233.2696,6462.5073,0.0,0.0765,3.9732,0.0,0.0,1.0,0.0,1.0,0.0,0.0,-4.1,-36.453,0.0,0.0,-1.0,-0.7071,0.7071,0.0,0.1708156901458411,0.007071067811865475,-0.18072,0.6825307509872445,6.373162390726757,,
194.4336,36.082,-0.148,0.089,32.109,-0.09,0.074,-0.288,-0.001,0.007,-0.288,-0.001,0.007,-0.84,-0.222,-0.272,0.005,-0.005,0.006,0.0,-0.0,0.0,863.48,-0.0,0.0,-0.0,0.0,0.0,0.0,0.0,0.0,0.9921,0.0299,-0.1215,-0.0582,0.9698,-0.237,0.1108,0.2422,0.9639,0.669,0.7326,-0.1252,-0.7377,0.634,-0.2321,-0.0907,0.2476,0.9646,0.0001,-0.0001,0.0001,0.0,0.0,0.0,-0.0431,-0.0678,0.2766,5.9801,14.1006,-71.0281,0.0,0.0434,-0.3696,0.0,0.0,0.0,4432813.1232,3560757.2223,3601442.7799,-2656.3009,-3234.337,6461.7732,4432807.1431,3560743.1217,3601513.8081,-2656.2578,-3234.2692,6461.4966,0.0,0.0765,3.9732,0.0,0.0,1.0,0.0,1.0,0.0,0.0,-4.1,-36.453,0.0,0.0,-1.0,-0.7071,0.7071,0.0,0.17269916039170544,0.007071067811865475,-0.18041000000000001,0.6982312266327293,6.3622301179228335,,
194.648,36.02,-0.148,0.09,32.047,-0.09,0.076,-0.288,-0.001,0.007,-0.288,-0.001,0.007,-0.839,-0.223,-0.27,0.005,-0.005,0.006,0.0,-0.0,0.0,863.48,-0.0,0.0,-0.0,0.0,0.0,0.0,0.0,0.0,0.9921,0.0299,-0.1215,-0.0582,0.9698,-0.237,0.1108,0.2422,0.9639,0.669,0.7326,-0.1252,-0.7377,0.634,-0.2321,-0.0907,0.2476,0.9646,0.0001,-0.0001,0.0001,0.0,0.0,0.0,-0.0431,-0.0678,0.2766,5.9709,14.086,-70.9687,0.0,0.0434,-0.3696,0.0,0.0,0.0,4432241.9662,3560061.8313,3602831.7536,-2657.5466,-3235.3376,6460.7608,4432235.9953,3560047.7452,3602902.7223,-2657.5035,-3235.2698,6460.4842,0.0,0.0765,3.9732,0.0,0.0,1.0,0.0,1.0,0.0,0.0,-4.1,-36.453,0.0,0.0,-1.0,-0.7071,0.7071,0.0,0.173216627377397,0.007071067811865475,-0.1801,0.6957210655095512,6.351297845118909,,
194.8598,35.959,-0.148,0.092,31.986,-0.09,0.077,-0.288,-0.001,0.007,-0.288,-0.001,0.007,-0.838,-0.224,-0.269,0.005,-0.005,0.006,0.0,-0.0,0.0,863.48,-0.0,0.0,-0.0,0.0,0.0,0.0,0.0,0.0,0.9921,0.0299,-0.1215,-0.0582,0.9698,-0.237,0.1107,0.2422,0.9639,0.669,0.7326,-0.1252,-0.7377,0.634,-0.2321,-0.0907,0.2476,0.9646,0.0001,-0.0001,0.0001,0.0,0.0,0.0,-0.0431,-0.0678,0.2766,5.9617,14.0717,-70.91,0.0,0.0434,-0.3696,0.0,0.0,0.0,4431678.1695,3559375.5108,3604201.9769,-2658.7756,-3236.3247,6459.7616,4431672.2078,3559361.4392,3604272.8869,-2658.7325,-3236.2569,6459.485,0.0,0.0765,3.9732,0.0,0.0,1.0,0.0,1.0,0.0,0.0,-4.1,-36.453,0.0,0.0,-1.0,-0.7071,0.7071,0.0,0.1742641672863357,0.007071067811865475,-0.179795,0.6970203543472777,6.340541899295693,,
195.0716,35.898,-0.149,0.093,31.925,-0.091,0.079,-0.288,-0.001,0.007,-0.288,-0.001,0.007,-0.838,-0.225,-0.268,0.005,-0.005,0.006,0.0,-0.0,0.0,863.48,-0.0,0.0,-0.0,0.0,0.0,0.0,0.0,0.0,0.9921,0.0299,-0.1215,-0.0583,0.9698,-0.2369,0.1107,0.2421,0.9639,0.669,0.7326,-0.1252,-0.7377,0.634,-0.2321,-0.0907,0.2476,0.9646,0.0001,-0.0001,0.0001,0.0,0.0,0.0,-0.0431,-0.0678,0.2766,5.9526,14.0573,-70.8514,0.0,0.0434,-0.3696,0.0,0.0,0.0,4431115.078,3558690.1565,3605569.6431,-2660.0023,-3237.3099,6458.7637,4431109.1255,3558676.0992,3605640.4945,-2659.9592,-3237.2421,6458.487,0.0,0.0765,3.9732,0.0,0.0,1.0,0.0,1.0,0.0,0.0,-4.1,-36.453,0.0,0.0,-1.0,-0.7071,0.7071,0.0,0.17564168070250297,0.007071067811865475,-0.17949,0.6930322534637433,6.329785953472476,,
195.2829,35.838,-0.149,0.095,31.864,-0.091,0.08,-0.288,-0.001,0.007,-0.288,-0.001,0.007,-0.837,-0.226,-0.267,0.005,-0.005,0.006,0.0,-0.0,0.0,863.48,-0.0,0.0,-0.0,0.0,0.0,0.0,0.0,0.0,0.9921,0.0299,-0.1215,-0.0583,0.9698,-0.2369,0.1107,0.2421,0.9639,0.669,0.7326,-0.1252,-0.7377,0.634,-0.2321,-0.0907,0.2476,0.9646,0.0001,-0.0001,0.0001,0.0,0.0,0.0,-0.0432,-0.0678,0.2766,5.9435,14.043,-70.793,0.0,0.0434,-0.3696,0.0,0.0,0.0,4430552.8774,3558005.9936,3606934.3057,-2661.2264,-3238.2929,6457.7674,4430546.934,3557991.9506,3607005.0987,-2661.1832,-3238.2251,6457.4908,0.0,0.0765,3.9732,0.0,0.0,1.0,0.0,1.0,0.0,0.0,-4.1,-36.453,0.0,0.0,-1.0,-0.7071,0.7071,0.0,0.17670880000724354,0.007071067811865475,-0.17919000000000002,0.694019611828784,6.319206334629968,,
195.4959,35.776,-0.149,0.096,31.803,-0.091,0.082,-0.288,-0.002,0.007,-0.288,-0.001,0.007,-0.836,-0.227,-0.265,0.005,-0.005,0.006,0.0,-0.0,0.0,863.48,-0.0,0.0,-0.0,0.0,0.0,0.0,0.0,0.0,0.9921,0.03,-0.1214,-0.0583,0.9698,-0.2369,0.1107,0.2421,0.9639,0.669,0.7326,-0.1252,-0.7377,0.634,-0.2321,-0.0907,0.2476,0.9646,0.0001,-0.0001,0.0001,0.0,0.0,0.0,-0.0432,-0.0678,0.2766,5.9343,14.0286,-70.7341,0.0,0.0434,-0.3696,0.0,0.0,0.0,4429986.5838,3557316.9573,3608308.056,-2662.4586,-3239.2825,6456.764,4429980.6495,3557302.9288,3608378.7902,-2662.4154,-3239.2146,6456.4874,0.0,0.0765,3.9732,0.0,0.0,1.0,0.0,1.0,0.0,0.0,-4.1,-36.453,0.0,0.0,-1.0,-0.7071,0.7071,0.0,0.1772484132510077,0.007280109889280519,-0.17888,0.6919778627363343,6.308274061826044,,
195.7074,35.715,-0.15,0.098,31.742,-0.091,0.083,-0.288,-0.002,0.007,-0.288,-0.001,0.007,-0.835,-0.228,-0.264,0.005,-0.005,0.006,0.0,-0.0,0.0,863.48,-0.0,0.0,-0.0,0.0,0.0,0.0,0.0,0.0,0.9921,0.03,-0.1214,-0.0583,0.9698,-0.2369,0.1106,0.2421,0.9639,0.669,0.7326,-0.1252,-0.7377,0.634,-0.2321,-0.0907,0.2476,0.9646,0.0001,-0.0001,0.0001,0.0,0.0,0.0,-0.0432,-0.0678,0.2767,5.9252,14.0142,-70.6755,0.0,0.0434,-0.3696,0.0,0.0,0.0,4429422.2876,3556630.46,3609676.1175,-2663.6857,-3240.2678,6455.7642,4429416.3625,3556616.4458,3609746.7929,-2663.6426,-3240.2,6455.4876,0.0,0.0765,3.9732,0.0,0.0,1.0,0.0,1.0,0.0,0.0,-4.1,-36.453,0.0,0.0,-1.0,-0.7071,0.7071,0.0,0.17917589123540031,0.007280109889280519,-0.178575,0.7074033991981369,6.297518116002827,,
195.9183,35.655,-0.15,0.099,31.681,-0.092,0.084,-0.288,-0.002,0.007,-0.288,-0.001,0.007,-0.834,-0.23,-0.263,0.005,-0.005,0.006,0.0,-0.0,0.0,863.48,-0.0,0.0,-0.0,0.0,0.0,0.0,0.0,0.0,0.9922,0.03,-0.1214,-0.0583,0.9698,-0.2369,0.1106,0.2421,0.9639,0.669,0.7326,-0.1252,-0.7377,0.634,-0.2321,-0.0907,0.2476,0.9646,0.0001,-0.0001,0.0001,0.0,0.0,0.0,-0.0432,-0.0679,0.2767,5.916,13.9999,-70.6171,0.0,0.0434,-0.3696,0.0,0.0,0.0,4428860.5076,3555947.1303,3611037.2424,-2664.9067,-3241.2482,6454.769,4428854.5916,3555933.1304,3611107.8596,-2664.8635,-3241.1803,6454.4923,0.0,0.0765,3.9732,0.0,0.0,1.0,0.0,1.0,0.0,0.0,-4.1,-36.453,0.0,0.0,-1.0,-0.7071,0.7071,0.0,0.1797247896090019,0.007280109889280519,-0.17827500000000002,0.6907769927772791,6.286938497160319,,
196.1312,35.593,-0.15,0.101,31.62,-0.092,0.086,-0.288,-0.002,0.007,-0.288,-0.001,0.007,-0.833,-0.231,-0.261,0.005,-0.005,0.006,0.0,-0.0,0.0,863.48,-0.0,0.0,-0.0,0.0,0.0,0.0,0.0,0.0,0.9922,0.03,-0.1214,-0.0583,0.9698,-0.2368,0.1106,0.2421,0.9639,0.669,0.7326,-0.1252,-0.7377,0.634,-0.2321,-0.0907,0.2476,0.9646,0.0001,-0.0001,0.0001,0.0,0.0,0.0,-0.0432,-0.0679,0.2767,5.9069,13.9855,-70.5583,0.0,0.0434,-0.3696,0.0,0.0,0.0,4428293.3691,3555257.3906,3612410.5051,-2666.1386,-3242.2373,6453.7643,4428287.4622,3555243.4051,3612481.0634,-2666.0954,-3242.1694,6453.4876,0.0,0.0765,3.9732,0.0,0.0,1.0,0.0,1.0,0.0,0.0,-4.1,-36.453,0.0,0.0,-1.0,-0.7071,0.7071,0.0,0.18083417818543043,0.007280109889280519,-0.177965,0.6903394171113673,6.2760062243563945,,
196.3434,35.532,-0.151,0.102,31.559,-0.092,0.087,-0.288,-0.002,0.007,-0.288,-0.001,0.007,-0.832,-0.232,-0.26,0.005,-0.005,0.006,0.0,-0.0,0.0,863.48,-0.0,0.0,-0.0,0.0,0.0,0.0,0.0,0.0,0.9922,0.03,-0.1214,-0.0583,0.9698,-0.2368,0.1106,0.242,0.9639,0.669,0.7326,-0.1252,-0.7377,0.634,-0.2321,-0.0907,0.2476,0.9646,0.0001,-0.0001,0.0001,0.0,0.0,0.0,-0.0432,-0.0679,0.2767,5.8977,13.9711,-70.4998,0.0,0.0434,-0.3696,0.0,0.0,0.0,4427729.6859,3554571.9601,3613774.5614,-2667.3623,-3243.2196,6452.7658,4427723.7881,3554557.989,3613845.0612,-2667.319,-3243.1518,6452.4891,0.0,0.0765,3.9732,0.0,0.0,1.0,0.0,1.0,0.0,0.0,-4.1,-36.453,0.0,0.0,-1.0,-0.7071,0.7071,0.0,0.18222239159883727,0.007280109889280519,-0.17765999999999998,0.7042117214337553,6.265250278533177,,
196.5543,35.471,-0.151,0.104,31.498,-0.092,0.089,-0.288,-0.002,0.007,-0.288,-0.001,0.007,-0.831,-0.233,-0.259,0.005,-0.005,0.006,0.0,-0.0,0.0,863.48,-0.0,0.0,-0.0,0.0,0.0,0.0,0.0,0.0,0.9922,0.0301,-0.1213,-0.0583,0.9698,-0.2368,0.1105,0.242,0.964,0.669,0.7326,-0.1252,-0.7377,0.634,-0.2321,-0.0907,0.2476,0.9646,0.0001,-0.0001,0.0001,0.0,0.0,0.0,-0.0433,-0.0679,0.2767,5.8886,13.9568,-70.4412,0.0,0.0434,-0.3696,0.0,0.0,0.0,4427164.8463,3553885.2307,3615140.5764,-2668.5877,-3244.2034,6451.7654,4427158.9577,3553871.274,3615211.0176,-2668.5445,-3244.1355,6451.4887,0.0,0.0765,3.9732,0.0,0.0,1.0,0.0,1.0,0.0,0.0,-4.1,-36.453,0.0,0.0,-1.0,-0.7071,0.7071,0.0,0.18334939323597446,0.007280109889280519,-0.17735499999999998,0.7035888088497568,6.25449433270996,,
196.768,35.41,-0.151,0.105,31.436,-0.093,0.09,-0.288,-0.002,0.007,-0.288,-0.001,0.007,-0.83,-0.234,-0.258,0.005,-0.005,0.006,0.0,-0.0,0.0,863.48,-0.0,0.0,-0.0,0.0,0.0,0.0,0.0,0.0,0.9922,0.0301,-0.1213,-0.0584,0.9698,-0.2368,0.1105,0.242,0.964,0.669,0.7326,-0.1252,-0.7377,0.634,-0.2321,-0.0907,0.2476,0.9646,0.0001,-0.0001,0.0001,0.0,0.0,0.0,-0.0433,-0.0679,0.2767,5.8794,13.9423,-70.3822,0.0,0.0434,-0.3696,0.0,0.0,0.0,4426595.709,3553193.3844,3616516.1373,-2669.8218,-3245.194,6450.7574,4426589.8296,3553179.4421,3616586.5196,-2669.7785,-3245.1261,6450.4807,0.0,0.0765,3.9732,0.0,0.0,1.0,0.0,1.0,0.0,0.0,-4.1,-36.453,0.0,0.0,-1.0,-0.7071,0.7071,0.0,0.18391846019364122,0.007280109889280519,-0.17704999999999999,0.686938672217149,6.243738386886744,,
196.9807,35.349,-0.152,0.107,31.375,-0.093,0.092,-0.288,-0.002,0.007,-0.288,-0.001,0.007,-0.829,-0.235,-0.256,0.005,-0.005,0.006,0.0,-0.0,0.0,863.48,-0.0,0.0,-0.0,0.0,0.0,0.0,0.0,0.0,0.9922,0.0301,-0.1213,-0.0584,0.9698,-0.2368,0.1105,0.242,0.964,0.669,0.7326,-0.1252,-0.7377,0.634,-0.2321,-0.0907,0.2476,0.9646,0.0001,-0.0001,0.0001,0.0,0.0,0.0,-0.0433,-0.0679,0.2767,5.8702,13.9279,-70.3235,0.0,0.0434,-0.3696,0.0,0.0,0.0,4426028.7437,3552504.2864,3617885.6028,-2671.0504,-3246.1802,6449.7534,4426022.8736,3552490.3585,3617955.9263,-2671.0071,-3246.1122,6449.4767,0.0,0.0765,3.9732,0.0,0.0,1.0,0.0,1.0,0.0,0.0,-4.1,-36.453,0.0,0.0,-1.0,-0.7071,0.7071,0.0,0.18588437266214716,0.007280109889280519,-0.17674499999999999,0.7006788525532999,6.232982441063528,,
197.1917,35.288,-0.152,0.108,31.314,-0.093,0.093,-0.288,-0.002,0.007,-0.288,-0.001,0.007,-0.828,-0.236,-0.255,0.005,-0.005,0.006,0.0,-0.0,0.0,863.48,-0.0,0.0,-0.0,0.0,0.0,0.0,0.0,0.0,0.9922,0.0301,-0.1213,-0.0584,0.9698,-0.2367,0.1105,0.242,0.964,0.669,0.7326,-0.1252,-0.7377,0.634,-0.2321,-0.0907,0.2476,0.9646,0.0001,-0.0001,0.0001,0.0,0.0,0.0,-0.0433,-0.068,0.2767,5.8611,13.9135,-70.2649,0.0,0.0434,-0.3696,0.0,0.0,0.0,4425463.29,3551817.1332,3619250.5788,-2672.2751,-3247.1631,6448.7521,4425457.429,3551803.2197,3619320.8437,-2672.2318,-3247.0951,6448.4754,0.0,0.0765,3.9732,0.0,0.0,1.0,0.0,1.0,0.0,0.0,-4.1,-36.453,0.0,0.0,-1.0,-0.7071,0.7071,0.0,0.18646179233290663,0.007280109889280519,-0.17643999999999999,0.7002370165396783,6.222226495240312,,
197.404,35.227,-0.152,0.11,31.253,-0.093,0.094,-0.288,-0.002,0.007,-0.288,-0.001,0.007,-0.827,-0.238,-0.254,0.005,-0.005,0.006,0.0,-0.0,0.0,863.48,-0.0,0.0,-0.0,0.0,0.0,0.0,0.0,0.0,0.9922,0.0301,-0.1212,-0.0584,0.9698,-0.2367,0.1105,0.2419,0.964,0.669,0.7326,-0.1252,-0.7377,0.634,-0.2321,-0.0907,0.2476,0.9646,0.0001,-0.0001,0.0001,0.0,0.0,0.0,-0.0433,-0.068,0.2767,5.8519,13.8991,-70.2063,0.0,0.0434,-0.3696,0.0,0.0,0.0,4424897.0948,3551129.1854,3620616.5048,-2673.5006,-3248.1466,6447.7496,4424891.243,3551115.2863,3620686.7111,-2673.4573,-3248.0787,6447.4729,0.0,0.0765,3.9732,0.0,0.0,1.0,0.0,1.0,0.0,0.0,-4.1,-36.453,0.0,0.0,-1.0,-0.7071,0.7071,0.0,0.18762729012593024,0.007280109889280519,-0.17613499999999999,0.7012049071528342,6.211470549417095,,
197.6176,35.165,-0.153,0.111,31.192,-0.094,0.096,-0.288,-0.002,0.007,-0.288,-0.001,0.007,-0.826,-0.239,-0.253,0.005,-0.005,0.006,0.0,-0.0,0.0,863.48,-0.0,0.0,-0.0,0.0,0.0,0.0,0.0,0.0,0.9922,0.0302,-0.1212,-0.0584,0.9698,-0.2367,0.1104,0.2419,0.964,0.669,0.7326,-0.1252,-0.7377,0.634,-0.2321,-0.0907,0.2476,0.9646,0.0001,-0.0001,0.0001,0.0,0.0,0.0,-0.0433,-0.068,0.2767,5.8426,13.8846,-70.1471,0.0,0.0434,-0.3696,0.0,0.0,0.0,4424325.3469,3550434.5996,3621994.9769,-2674.7374,-3249.1392,6446.7373,4424319.5042,3550420.715,3622065.124,-2674.6941,-3249.0712,6446.4606,0.0,0.0765,3.9732,0.0,0.0,1.0,0.0,1.0,0.0,0.0,-4.1,-36.453,0.0,0.0,-1.0,-0.7071,0.7071,0.0,0.18902380802428037,0.007280109889280519,-0.175825,0.6977964599615615,6.2005382766131705,,
197.833,35.103,-0.153,0.113,31.13,-0.094,0.097,-0.288,-0.002,0.007,-0.288,-0.001,0.007,-0.825,-0.24,-0.251,0.005,-0.005,0.006,0.0,-0.0,0.0,863.48,-0.0,0.0,-0.0,0.0,0.0,0.0,0.0,0.0,0.9922,0.0302,-0.1212,-0.0584,0.9698,-0.2367,0.1104,0.2419,0.964,0.669,0.7326,-0.1252,-0.7377,0.634,-0.2321,-0.0907,0.2476,0.9646,0.0001,-0.0001,0.0001,0.0,0.0,0.0,-0.0433,-0.068,0.2767,5.8333,13.87,-70.0876,0.0,0.0434,-0.3696,0.0,0.0,0.0,4423750.3988,3549736.2361,3623380.3038,-2675.9804,-3250.1366,6445.7195,4423744.5655,3549722.3662,3623450.3915,-2675.937,-3250.0686,6445.4427,0.0,0.0765,3.9732,0.0,0.0,1.0,0.0,1.0,0.0,0.0,-4.1,-36.453,0.0,0.0,-1.0,-0.7071,0.7071,0.0,0.19020515240129537,0.007280109889280519,-0.175515,0.6986601157421084,6.189606003809247,,
198.0479,35.041,-0.153,0.115,31.068,-0.094,0.099,-0.288,-0.002,0.007,-0.288,-0.001,0.007,-0.824,-0.241,-0.25,0.005,-0.005,0.006,0.0,-0.0,0.0,863.48,-0.0,0.0,-0.0,0.0,0.0,0.0,0.0,0.0,0.9922,0.0302,-0.1212,-0.0584,0.9698,-0.2366,0.1104,0.2419,0.964,0.669,0.7326,-0.1252,-0.7377,0.634,-0.2321,-0.0907,0.2476,0.9646,0.0001,-0.0001,0.0001,0.0,0.0,0.0,-0.0434,-0.068,0.2767,5.8239,13.8553,-70.0279,0.0,0.0434,-0.3696,0.0,0.0,0.0,4423172.513,3549034.4154,3624771.8407,-2677.229,-3251.1385,6444.6965,4423166.6891,3549020.5601,3624841.8686,-2677.1856,-3251.0705,6444.4198,0.0,0.0765,3.9732,0.0,0.0,1.0,0.0,1.0,0.0,0.0,-4.1,-36.453,0.0,0.0,-1.0,-0.7071,0.7071,0.0,0.19140010449317943,0.007280109889280519,-0.17520499999999997,0.6980293520093144,6.178673731005321,,
198.2594,34.98,-0.154,0.116,31.007,-0.094,0.1,-0.288,-0.002,0.007,-0.288,-0.001,0.007,-0.823,-0.242,-0.249,0.005,-0.005,0.006,0.0,-0.0,0.0,863.48,-0.0,0.0,-0.0,0.0,0.0,0.0,0.0,0.0,0.9922,0.0302,-0.1212,-0.0584,0.9698,-0.2366,0.1104,0.2419,0.964,0.669,0.7326,-0.1252,-0.7377,0.634,-0.2321,-0.0907,0.2476,0.9646,0.0001,-0.0001,0.0001,0.0,0.0,0.0,-0.0434,-0.068,0.2767,5.8148,13.8409,-69.9693,0.0,0.0434,-0.3696,0.0,0.0,0.0,4422605.9719,3548346.4799,3626135.2158,-2678.4523,-3252.1201,6443.6937,4422600.1571,3548332.639,3626205.1851,-2678.409,-3252.052,6443.417,0.0,0.0765,3.9732,0.0,0.0,1.0,0.0,1.0,0.0,0.0,-4.1,-36.453,0.0,0.0,-1.0,-0.7071,0.7071,0.0,0.19280041493731284,0.007280109889280519,-0.17489999999999997,0.7119286687863726,6.167917785182104,,
198.4733,34.918,-0.154,0.118,30.945,-0.095,0.102,-0.288,-0.002,0.007,-0.288,-0.001,0.007,-0.822,-0.243,-0.247,0.005,-0.005,0.006,0.0,-0.0,0.0,863.48,-0.0,0.0,-0.0,0.0,0.0,0.0,0.0,0.0,0.9922,0.0302,-0.1211,-0.0585,0.9698,-0.2366,0.1103,0.2418,0.964,0.669,0.7326,-0.1252,-0.7377,0.634,-0.2321,-0.0907,0.2476,0.9646,0.0001,-0.0001,0.0001,0.0,0.0,0.0,-0.0434,-0.0681,0.2768,5.8055,13.8264,-69.9102,0.0,0.0434,-0.3696,0.0,0.0,0.0,4422033.1988,3547651.0852,3627512.74,-2679.6884,-3253.1118,6442.68,4422027.3933,3547637.2588,3627582.6502,-2679.645,-3253.0437,6442.4032,0.0,0.0765,3.9732,0.0,0.0,1.0,0.0,1.0,0.0,0.0,-4.1,-36.453,0.0,0.0,-1.0,-0.7071,0.7071,0.0,0.1940103090044444,0.007280109889280519,-0.17459,0.6953062073988072,6.15698551237818,,
198.6834,34.858,-0.154,0.119,30.884,-0.095,0.103,-0.288,-0.002,0.007,-0.288,-0.001,0.007,-0.821,-0.244,-0.246,0.005,-0.005,0.006,0.0,-0.0,0.0,863.48,-0.0,0.0,-0.0,0.0,0.0,0.0,0.0,0.0,0.9922,0.0303,-0.1211,-0.0585,0.9698,-0.2366,0.1103,0.2418,0.964,0.669,0.7326,-0.1252,-0.7377,0.634,-0.2321,-0.0907,0.2476,0.9646,0.0001,-0.0001,0.0001,0.0,0.0,0.0,-0.0434,-0.0681,0.2768,5.7964,13.8121,-69.852,0.0,0.0434,-0.3696,0.0,0.0,0.0,4421470.1195,3546967.5656,3628866.1199,-2680.9029,-3254.0861,6441.6835,4421464.3232,3546953.7535,3628935.9719,-2680.8595,-3254.018,6441.4067,0.0,0.0765,3.9732,0.0,0.0,1.0,0.0,1.0,0.0,0.0,-4.1,-36.453,0.0,0.0,-1.0,-0.7071,0.7071,0.0,0.1946201428424098,0.007280109889280519,-0.17428999999999997,0.694638430573255,6.146405893535672,,
198.8918,34.797,-0.155,0.121,30.824,-0.095,0.105,-0.288,-0.002,0.007,-0.288,-0.001,0.007,-0.82,-0.245,-0.245,0.005,-0.005,0.006,0.0,-0.0,0.0,863.48,-0.0,0.0,-0.0,0.0,0.0,0.0,0.0,0.0,0.9922,0.0303,-0.1211,-0.0585,0.9699,-0.2366,0.1103,0.2418,0.964,0.669,0.7326,-0.1252,-0.7377,0.634,-0.2321,-0.0907,0.2476,0.9646,0.0001,-0.0001,0.0001,0.0,0.0,0.0,-0.0434,-0.0681,0.2768,5.7873,13.7978,-69.794,0.0,0.0434,-0.3696,0.0,0.0,0.0,4420908.0233,3546285.3445,3630216.3175,-2682.1146,-3255.0581,6440.6888,4420902.2361,3546271.5466,3630286.1115,-2682.0711,-3254.99,6440.412,0.0,0.0765,3.9732,0.0,0.0,1.0,0.0,1.0,0.0,0.0,-4.1,-36.453,0.0,0.0,-1.0,-0.7071,0.7071,0.0,0.19663672088396916,0.007280109889280519,-0.17398499999999997,0.7086538723023613,6.135649947712455,,
199.1046,34.736,-0.155,0.122,30.763,-0.095,0.106,-0.288,-0.002,0.007,-0.288,-0.001,0.007,-0.819,-0.247,-0.244,0.005,-0.005,0.006,0.0,-0.0,0.0,863.48,-0.0,0.0,-0.0,0.0,0.0,0.0,0.0,0.0,0.9922,0.0303,-0.1211,-0.0585,0.9699,-0.2365,0.1103,0.2418,0.964,0.669,0.7326,-0.1252,-0.7377,0.634,-0.2321,-0.0907,0.2476,0.9646,0.0001,-0.0001,0.0001,0.0,0.0,0.0,-0.0434,-0.0681,0.2768,5.7781,13.7834,-69.7354,0.0,0.0434,-0.3696,0.0,0.0,0.0,4420340.1475,3545596.2145,3631579.5678,-2683.3379,-3256.0394,6439.6839,4420334.3694,3545582.4311,3631649.3032,-2683.2945,-3255.9713,6439.4072,0.0,0.0765,3.9732,0.0,0.0,1.0,0.0,1.0,0.0,0.0,-4.1,-36.453,0.0,0.0,-1.0,-0.7071,0.7071,0.0,0.19725364381932212,0.007280109889280519,-0.17367999999999997,0.7082196233751453,6.124894001889239,,
199.3142,34.676,-0.155,0.124,30.703,-0.096,0.108,-0.288,-0.002,0.007,-0.288,-0.001,0.007,-0.818,-0.248,-0.242,0.005,-0.005,0.006,0.0,-0.0,0.0,863.48,-0.0,0.0,-0.0,0.0,0.0,0.0,0.0,0.0,0.9922,0.0303,-0.1211,-0.0585,0.9699,-0.2365,0.1102,0.2418,0.9641,0.669,0.7326,-0.1252,-0.7377,0.634,-0.2321,-0.0907,0.2476,0.9646,0.0001,-0.0001,0.0001,0.0,0.0,0.0,-0.0435,-0.0681,0.2768,5.769,13.7691,-69.6774,0.0,0.0434,-0.3696,0.0,0.0,0.0,4419777.4617,3544913.4879,3632929.5362,-2684.5494,-3257.0111,6438.6884,4419771.6927,3544899.7187,3632999.2136,-2684.506,-3256.943,6438.4116,0.0,0.0765,3.9732,0.0,0.0,1.0,0.0,1.0,0.0,0.0,-4.1,-36.453,0.0,0.0,-1.0,-0.7071,0.7071,0.0,0.1984968513604183,0.007280109889280519,-0.17338,0.6916207881380111,6.1143143830467315,,
199.5262,34.615,-0.156,0.125,30.642,-0.096,0.109,-0.288,-0.002,0.007,-0.288,-0.001,0.007,-0.817,-0.249,-0.241,0.005,-0.005,0.006,0.0,-0.0,0.0,863.48,-0.0,0.0,-0.0,0.0,0.0,0.0,0.0,0.0,0.9922,0.0303,-0.121,-0.0585,0.9699,-0.2365,0.1102,0.2417,0.9641,0.669,0.7326,-0.1252,-0.7377,0.634,-0.2321,-0.0907,0.2476,0.9646,0.0001,-0.0001,0.0001,0.0,0.0,0.0,-0.0435,-0.0681,0.2768,5.7598,13.7548,-69.6189,0.0,0.0434,-0.3696,0.0,0.0,0.0,4419210.4633,3544225.6338,3634289.0239,-2685.7695,-3257.9897,6437.6852,4419204.7034,3544211.879,3634358.6428,-2685.726,-3257.9215,6437.4085,0.0,0.0765,3.9732,0.0,0.0,1.0,0.0,1.0,0.0,0.0,-4.1,-36.453,0.0,0.0,-1.0,-0.7071,0.7071,0.0,0.19990247622278218,0.007280109889280519,-0.173075,0.7055770269712553,6.103558437223516,,
199.7395,34.554,-0.156,0.127,30.58,-0.096,0.111,-0.288,-0.002,0.007,-0.288,-0.001,0.007,-0.816,-0.25,-0.24,0.005,-0.005,0.006,0.0,-0.0,0.0,863.48,-0.0,0.0,-0.0,0.0,0.0,0.0,0.0,0.0,0.9922,0.0304,-0.121,-0.0585,0.9699,-0.2365,0.1102,0.2417,0.9641,0.669,0.7326,-0.1252,-0.7377,0.634,-0.2321,-0.0907,0.2476,0.9646,0.0001,-0.0001,0.0001,0.0,0.0,0.0,-0.0435,-0.0681,0.2768,5.7505,13.7402,-69.5598,0.0,0.0434,-0.3696,0.0,0.0,0.0,4418636.4995,3543529.4377,3635664.3685,-2687.0039,-3258.9796,6436.6699,4418630.7489,3543515.6975,3635733.9283,-2686.9604,-3258.9114,6436.3931,0.0,0.0765,3.9732,0.0,0.0,1.0,0.0,1.0,0.0,0.0,-4.1,-36.453,0.0,0.0,-1.0,-0.7071,0.7071,0.0,0.2011591409804685,0.007280109889280519,-0.17277,0.7048229926029342,6.092802491400299,,
199.9508,34.493,-0.157,0.128,30.519,-0.097,0.112,-0.288,-0.002,0.007,-0.288,-0.001,0.007,-0.815,-0.251,-0.238,0.005,-0.005,0.006,0.0,-0.0,0.0,863.48,-0.0,0.0,-0.0,0.0,0.0,0.0,0.0,0.0,0.9922,0.0304,-0.121,-0.0585,0.9699,-0.2365,0.1102,0.2417,0.9641,0.669,0.7326,-0.1252,-0.7377,0.634,-0.2321,-0.0907,0.2476,0.9646,0.0001,-0.0001,0.0001,0.0,0.0,0.0,-0.0435,-0.0682,0.2768,5.7414,13.7258,-69.5013,0.0,0.0434,-0.3696,0.0,0.0,0.0,4418068.3078,3542840.3497,3637025.0458,-2688.2251,-3259.9589,6435.6648,4418062.5665,3542826.6239,3637094.5471,-2688.1816,-3259.8907,6435.388,0.0,0.0765,3.9732,0.0,0.0,1.0,0.0,1.0,0.0,0.0,-4.1,-36.453,0.0,0.0,-1.0,-0.7071,0.7071,0.0,0.20256603861457131,0.007280109889280519,-0.172465,0.7027279839016037,6.082046545577083,,
200.1667,34.431,-0.157,0.13,30.457,-0.097,0.114,-0.288,-0.002,0.007,-0.288,-0.001,0.007,-0.814,-0.252,-0.237,0.005,-0.005,0.006,0.0,-0.0,0.0,863.48,-0.0,0.0,-0.0,0.0,0.0,0.0,0.0,0.0,0.9922,0.0304,-0.121,-0.0585,0.9699,-0.2364,0.1101,0.2417,0.9641,0.669,0.7326,-0.1252,-0.7377,0.634,-0.2321,-0.0907,0.2476,0.9646,0.0001,-0.0001,0.0001,0.0,0.0,0.0,-0.0435,-0.0682,0.2768,5.732,13.7112,-69.4417,0.0,0.0434,-0.3696,0.0,0.0,0.0,4417489.8972,3542138.9771,3638409.3429,-2689.4675,-3260.9552,6434.6417,4417484.1651,3542125.266,3638478.7846,-2689.424,-3260.887,6434.3649,0.0,0.0765,3.9732,0.0,0.0,1.0,0.0,1.0,0.0,0.0,-4.1,-36.453,0.0,0.0,-1.0,-0.7071,0.7071,0.0,0.20383571816538926,0.007280109889280519,-0.17215499999999997,0.7022176304429866,6.0711142727731575,,
200.3801,34.369,-0.157,0.132,30.395,-0.097,0.115,-0.288,-0.002,0.007,-0.288,-0.001,0.007,-0.813,-0.253,-0.236,0.005,-0.005,0.006,0.0,-0.0,0.0,863.48,-0.0,0.0,-0.0,0.0,0.0,0.0,0.0,0.0,0.9922,0.0304,-0.121,-0.0586,0.9699,-0.2364,0.1101,0.2417,0.9641,0.669,0.7326,-0.1252,-0.7377,0.634,-0.2321,-0.0907,0.2476,0.9646,0.0001,-0.0001,0.0001,0.0,0.0,0.0,-0.0435,-0.0682,0.2768,5.7227,13.6965,-69.3824,0.0,0.0434,-0.3696,0.0,0.0,0.0,4416913.2786,3541439.8863,3639788.4947,-2690.7054,-3261.9477,6433.6219,4416907.5559,3541426.1898,3639857.8771,-2690.6619,-3261.8795,6433.3451,0.0,0.0765,3.9732,0.0,0.0,1.0,0.0,1.0,0.0,0.0,-4.1,-36.453,0.0,0.0,-1.0,-0.7071,0.7071,0.0,0.20511703976023055,0.007280109889280519,-0.171845,0.7026986096462204,6.060181999969233,,
200.5935,34.307,-0.158,0.133,30.334,-0.098,0.117,-0.288,-0.002,0.007,-0.288,-0.001,0.007,-0.812,-0.255,-0.235,0.005,-0.005,0.006,0.0,-0.0,0.0,863.48,-0.0,0.0,-0.0,0.0,0.0,0.0,0.0,0.0,0.9922,0.0304,-0.1209,-0.0586,0.9699,-0.2364,0.1101,0.2416,0.9641,0.669,0.7326,-0.1252,-0.7377,0.634,-0.2321,-0.0907,0.2476,0.9646,0.0001,-0.0001,0.0001,0.0,0.0,0.0,-0.0436,-0.0682,0.2768,5.7134,13.682,-69.3232,0.0,0.0434,-0.3696,0.0,0.0,0.0,4416338.3034,3540742.8972,3641162.8683,-2691.939,-3262.9368,6432.6051,4416332.59,3540729.2152,3641232.1915,-2691.8955,-3262.8686,6432.3283,0.0,0.0765,3.9732,0.0,0.0,1.0,0.0,1.0,0.0,0.0,-4.1,-36.453,0.0,0.0,-1.0,-0.7071,0.7071,0.0,0.20652602741543258,0.007280109889280519,-0.17153500000000002,0.6998587728089184,6.049249727165308,,
200.8035,34.247,-0.158,0.135,30.273,-0.098,0.118,-0.288,-0.002,0.007,-0.288,-0.001,0.007,-0.811,-0.256,-0.233,0.005,-0.005,0.006,0.0,-0.0,0.0,863.48,-0.0,0.0,-0.0,0.0,0.0,0.0,0.0,0.0,0.9922,0.0305,-0.1209,-0.0586,0.9699,-0.2364,0.1101,0.2416,0.9641,0.669,0.7326,-0.1252,-0.7377,0.634,-0.2321,-0.0907,0.2476,0.9646,0.0001,-0.0001,0.0001,0.0,0.0,0.0,-0.0436,-0.0682,0.2768,5.7043,13.6677,-69.2652,0.0,0.0434,-0.3696,0.0,0.0,0.0,4415774.2582,3540059.2619,3642510.2922,-2693.1485,-3263.9064,6431.6077,4415768.554,3540045.5942,3642579.5574,-2693.1049,-3263.8382,6431.3308,0.0,0.0765,3.9732,0.0,0.0,1.0,0.0,1.0,0.0,0.0,-4.1,-36.453,0.0,0.0,-1.0,-0.7071,0.7071,0.0,0.20781963333621778,0.007280109889280519,-0.171235,0.7000189907485729,6.0386701083228,,
201.0159,34.185,-0.159,0.136,30.212,-0.098,0.12,-0.288,-0.002,0.007,-0.288,-0.001,0.007,-0.81,-0.257,-0.232,0.005,-0.005,0.006,0.0,-0.0,0.0,863.48,-0.0,0.0,-0.0,0.0,0.0,0.0,0.0,0.0,0.9922,0.0305,-0.1209,-0.0586,0.9699,-0.2364,0.1101,0.2416,0.9641,0.669,0.7326,-0.1252,-0.7377,0.634,-0.2321,-0.0907,0.2476,0.9646,0.0001,-0.0001,0.0001,0.0,0.0,0.0,-0.0436,-0.0682,0.2768,5.695,13.6532,-69.2062,0.0,0.0434,-0.3696,0.0,0.0,0.0,4415199.643,3539362.9226,3643882.1301,-2694.3799,-3264.8936,6430.5917,4415193.948,3539349.2695,3643951.3363,-2694.3363,-3264.8254,6430.3148,0.0,0.0765,3.9732,0.0,0.0,1.0,0.0,1.0,0.0,0.0,-4.1,-36.453,0.0,0.0,-1.0,-0.7071,0.7071,0.0,0.20922953902353272,0.007280109889280519,-0.17092500000000002,0.7134196256269423,6.0277378355188755,,
201.2247,34.125,-0.159,0.138,30.152,-0.098,0.121,-0.288,-0.002,0.007,-0.288,-0.001,0.007,-0.809,-0.258,-0.231,0.005,-0.005,0.006,0.0,-0.0,0.0,863.48,-0.0,0.0,-0.0,0.0,0.0,0.0,0.0,0.0,0.9922,0.0305,-0.1209,-0.0586,0.9699,-0.2363,0.11,0.2416,0.9641,0.669,0.7326,-0.1252,-0.7377,0.634,-0.2321,-0.0907,0.2476,0.9646,0.0001,-0.0001,0.0001,0.0,0.0,0.0,-0.0436,-0.0683,0.2768,5.6859,13.639,-69.1485,0.0,0.0434,-0.3696,0.0,0.0,0.0,4414638.5938,3538683.1274,3645220.767,-2695.5815,-3265.8568,6429.5997,4414632.9079,3538669.4884,3645289.9156,-2695.5379,-3265.7886,6429.3228,0.0,0.0765,3.9732,0.0,0.0,1.0,0.0,1.0,0.0,0.0,-4.1,-36.453,0.0,0.0,-1.0,-0.7071,0.7071,0.0,0.210535032714273,0.007280109889280519,-0.170625,0.7136892266040604,6.017158216676367,,
201.4325,34.065,-0.159,0.139,30.092,-0.099,0.123,-0.288,-0.002,0.007,-0.288,-0.001,0.007,-0.808,-0.259,-0.23,0.005,-0.005,0.006,0.0,-0.0,0.0,863.48,-0.0,0.0,-0.0,0.0,0.0,0.0,0.0,0.0,0.9922,0.0305,-0.1209,-0.0586,0.9699,-0.2363,0.11,0.2416,0.9641,0.669,0.7326,-0.1252,-0.7377,0.634,-0.2321,-0.0907,0.2476,0.9646,0.0001,-0.0001,0.0001,0.0,0.0,0.0,-0.0436,-0.0683,0.2769,5.6768,13.6248,-69.0911,0.0,0.0434,-0.3696,0.0,0.0,0.0,4414078.8266,3538004.9871,3646555.5447,-2696.7797,-3266.8173,6428.6101,4414073.1498,3537991.3623,3646624.6357,-2696.7361,-3266.749,6428.3332,0.0,0.0765,3.9732,0.0,0.0,1.0,0.0,1.0,0.0,0.0,-4.1,-36.453,0.0,0.0,-1.0,-0.7071,0.7071,0.0,0.21119185590358355,0.007280109889280519,-0.17032499999999998,0.696511715268107,6.006578597833859,,
201.647,34.004,-0.16,0.141,30.03,-0.099,0.124,-0.288,-0.002,0.007,-0.288,-0.002,0.007,-0.807,-0.26,-0.228,0.005,-0.005,0.006,0.0,-0.0,0.0,863.48,-0.0,0.0,-0.0,0.0,0.0,0.0,0.0,0.0,0.9922,0.0305,-0.1208,-0.0586,0.9699,-0.2363,0.11,0.2416,0.9641,0.669,0.7326,-0.1252,-0.7377,0.634,-0.2321,-0.0907,0.2476,0.9646,0.0001,-0.0001,0.0001,0.0,0.0,0.0,-0.0436,-0.0683,0.2769,5.6675,13.6102,-69.0318,0.0,0.0434,-0.3696,0.0,0.0,0.0,4413501.1477,3537305.2546,3647932.1969,-2698.0156,-3267.8078,6427.5889,4413495.4802,3537291.6444,3648001.2287,-2697.9719,-3267.7395,6427.312,0.0,0.0765,3.9732,0.0,0.0,1.0,0.0,1.0,0.0,0.0,-4.1,-36.453,0.0,0.0,-1.0,-0.7071,0.7071,0.0,0.21326274873967088,0.007280109889280519,-0.17001999999999998,0.7108525174822207,5.995822652010642,,
201.863,33.941,-0.16,0.143,29.968,-0.099,0.126,-0.288,-0.002,0.008,-0.288,-0.002,0.007,-0.806,-0.261,-0.227,0.005,-0.005,0.006,0.0,-0.0,0.0,863.48,-0.0,0.0,-0.0,0.0,0.0,0.0,0.0,0.0,0.9922,0.0306,-0.1208,-0.0586,0.9699,-0.2363,0.11,0.2415,0.9641,0.669,0.7326,-0.1252,-0.7377,0.634,-0.2321,-0.0907,0.2476,0.9646,0.0001,-0.0001,0.0001,0.0,0.0,0.0,-0.0437,-0.0683,0.2769,5.6581,13.5954,-68.9719,0.0,0.0434,-0.3696,0.0,0.0,0.0,4412918.0978,3536599.126,3649320.7877,-2699.2621,-3268.8069,6426.5583,4412912.4397,3536585.5306,3649389.7597,-2699.2185,-3268.7386,6426.2814,0.0,0.0765,3.9732,0.0,0.0,1.0,0.0,1.0,0.0,0.0,-4.1,-36.453,0.0,0.0,-1.0,-0.7071,0.7071,0.0,0.21459030733003762,0.00824621125123532,-0.16970500000000002,0.7105953340517134,5.9847140522260105,,
202.0774,33.879,-0.161,0.144,29.906,-0.1,0.127,-0.288,-0.002,0.008,-0.288,-0.002,0.007,-0.805,-0.263,-0.226,0.005,-0.005,0.006,0.0,-0.0,0.0,863.48,-0.0,0.0,-0.0,0.0,0.0,0.0,0.0,0.0,0.9922,0.0306,-0.1208,-0.0587,0.9699,-0.2363,0.1099,0.2415,0.9642,0.669,0.7326,-0.1252,-0.7377,0.634,-0.2321,-0.0907,0.2476,0.9646,0.0001,-0.0001,0.0001,0.0,0.0,0.0,-0.0437,-0.0683,0.2769,5.6487,13.5808,-68.9125,0.0,0.0434,-0.3696,0.0,0.0,0.0,4412338.5223,3535897.3142,3650700.2474,-2700.5006,-3269.7993,6425.5339,4412332.8736,3535883.7334,3650769.1599,-2700.4569,-3269.731,6425.257,0.0,0.0765,3.9732,0.0,0.0,1.0,0.0,1.0,0.0,0.0,-4.1,-36.453,0.0,0.0,-1.0,-0.7071,0.7071,0.0,0.21600231480241133,0.00824621125123532,-0.169395,0.7084810915445969,5.973781779422085,,
202.2909,33.818,-0.161,0.146,29.845,-0.1,0.129,-0.288,-0.002,0.008,-0.288,-0.002,0.007,-0.804,-0.264,-0.224,0.005,-0.005,0.006,0.0,-0.0,0.0,863.48,-0.0,0.0,-0.0,0.0,0.0,0.0,0.0,0.0,0.9922,0.0306,-0.1208,-0.0587,0.9699,-0.2362,0.1099,0.2415,0.9642,0.669,0.7326,-0.1252,-0.7377,0.634,-0.2321,-0.0907,0.2476,0.9646,0.0001,-0.0001,0.0001,0.0,0.0,0.0,-0.0437,-0.0683,0.2769,5.6394,13.5662,-68.8535,0.0,0.0434,-0.3696,0.0,0.0,0.0,4411762.7435,3535200.208,3652069.8272,-2701.7302,-3270.7846,6424.5163,4411757.1041,3535186.6418,3652138.6807,-2701.6865,-3270.7163,6424.2394,0.0,0.0765,3.9732,0.0,0.0,1.0,0.0,1.0,0.0,0.0,-4.1,-36.453,0.0,0.0,-1.0,-0.7071,0.7071,0.0,0.2173407462948446,0.00824621125123532,-0.16909,0.7080303014732341,5.963025833598868,,
202.5055,33.756,-0.161,0.147,29.783,-0.1,0.13,-0.288,-0.002,0.008,-0.288,-0.002,0.007,-0.803,-0.265,-0.223,0.005,-0.005,0.006,0.0,-0.0,0.0,863.48,-0.0,0.0,-0.0,0.0,0.0,0.0,0.0,0.0,0.9922,0.0306,-0.1208,-0.0587,0.9699,-0.2362,0.1099,0.2415,0.9642,0.669,0.7326,-0.1252,-0.7377,0.634,-0.2321,-0.0907,0.2476,0.9646,0.0001,-0.0001,0.0001,0.0,0.0,0.0,-0.0437,-0.0683,0.2769,5.6301,13.5516,-68.7941,0.0,0.0434,-0.3696,0.0,0.0,0.0,4411182.9859,3534498.3927,3653448.0232,-2702.9675,-3271.7761,6423.4917,4411177.3558,3534484.8412,3653516.8173,-2702.9238,-3271.7078,6423.2148,0.0,0.0765,3.9732,0.0,0.0,1.0,0.0,1.0,0.0,0.0,-4.1,-36.453,0.0,0.0,-1.0,-0.7071,0.7071,0.0,0.21801376103356412,0.00824621125123532,-0.16878,0.7076427170927452,5.9520935607949434,,
202.7218,33.694,-0.162,0.149,29.72,-0.101,0.132,-0.288,-0.002,0.008,-0.288,-0.002,0.007,-0.802,-0.266,-0.222,0.005,-0.005,0.006,0.0,-0.0,0.0,863.48,-0.0,0.0,-0.0,0.0,0.0,0.0,0.0,0.0,0.9922,0.0306,-0.1207,-0.0587,0.9699,-0.2362,0.1099,0.2415,0.9642,0.669,0.7326,-0.1252,-0.7377,0.634,-0.2321,-0.0907,0.2476,0.9646,0.0001,-0.0001,0.0001,0.0,0.0,0.0,-0.0437,-0.0684,0.2769,5.6206,13.5368,-68.7341,0.0,0.0434,-0.3696,0.0,0.0,0.0,4410597.0618,3533789.2229,3654840.0134,-2704.2173,-3272.7775,6422.4564,4410591.4413,3533775.6862,3654908.7474,-2704.1736,-3272.7091,6422.1795,0.0,0.0765,3.9732,0.0,0.0,1.0,0.0,1.0,0.0,0.0,-4.1,-36.453,0.0,0.0,-1.0,-0.7071,0.7071,0.0,0.2201022489662475,0.00824621125123532,-0.16847,0.7052619781279773,5.94116128799102,,
202.9231,33.636,-0.162,0.151,29.662,-0.101,0.133,-0.288,-0.002,0.008,-0.288,-0.002,0.007,-0.801,-0.267,-0.221,0.005,-0.005,0.006,0.0,-0.0,0.0,863.48,-0.0,0.0,-0.0,0.0,0.0,0.0,0.0,0.0,0.9922,0.0307,-0.1207,-0.0587,0.9699,-0.2362,0.1098,0.2414,0.9642,0.669,0.7326,-0.1252,-0.7377,0.634,-0.2321,-0.0907,0.2476,0.9646,0.0001,-0.0001,0.0001,0.0,0.0,0.0,-0.0437,-0.0684,0.2769,5.6118,13.523,-68.6785,0.0,0.0434,-0.3696,0.0,0.0,0.0,4410054.4711,3533132.6007,3656128.2832,-2705.374,-3273.7042,6421.4976,4410048.8593,3533119.0776,3656196.9618,-2705.3302,-3273.6358,6421.2207,0.0,0.0765,3.9732,0.0,0.0,1.0,0.0,1.0,0.0,0.0,-4.1,-36.453,0.0,0.0,-1.0,-0.7071,0.7071,0.0,0.22146105752479373,0.00824621125123532,-0.16818000000000002,0.7053633455257232,5.930934323109929,,
203.138,33.574,-0.163,0.152,29.6,-0.101,0.135,-0.288,-0.002,0.008,-0.288,-0.002,0.007,-0.8,-0.268,-0.219,0.005,-0.005,0.006,0.0,-0.0,0.0,863.48,-0.0,0.0,-0.0,0.0,0.0,0.0,0.0,0.0,0.9922,0.0307,-0.1207,-0.0587,0.9699,-0.2362,0.1098,0.2414,0.9642,0.669,0.7326,-0.1252,-0.7377,0.634,-0.2321,-0.0907,0.2476,0.9646,0.0001,-0.0001,0.0001,0.0,0.0,0.0,-0.0438,-0.0684,0.2769,5.6024,13.5083,-68.6189,0.0,0.0434,-0.3696,0.0,0.0,0.0,4409471.8814,3532427.6782,3657510.6944,-2706.6152,-3274.6986,6420.4683,4409466.279,3532414.1699,3657579.3133,-2706.5715,-3274.6302,6420.1914,0.0,0.0765,3.9732,0.0,0.0,1.0,0.0,1.0,0.0,0.0,-4.1,-36.453,0.0,0.0,-1.0,-0.7071,0.7071,0.0,0.22287440409342657,0.00824621125123532,-0.16787,0.7189202946810794,5.920002050306003,,
203.3383,33.516,-0.163,0.154,29.543,-0.102,0.136,-0.288,-0.002,0.008,-0.288,-0.002,0.007,-0.799,-0.269,-0.218,0.005,-0.005,0.006,0.0,-0.0,0.0,863.48,-0.0,0.0,-0.0,0.0,0.0,0.0,0.0,0.0,0.9922,0.0307,-0.1207,-0.0587,0.9699,-0.2361,0.1098,0.2414,0.9642,0.669,0.7326,-0.1252,-0.7377,0.634,-0.2321,-0.0907,0.2476,0.9646,0.0001,-0.0001,0.0001,0.0,0.0,0.0,-0.0438,-0.0684,0.2769,5.5937,13.4947,-68.5635,0.0,0.0434,-0.3696,0.0,0.0,0.0,4408930.4159,3531772.6137,3658794.7577,-2707.7682,-3275.6222,6419.5118,4408924.8222,3531759.1191,3658863.3212,-2707.7244,-3275.5538,6419.2348,0.0,0.0765,3.9732,0.0,0.0,1.0,0.0,1.0,0.0,0.0,-4.1,-36.453,0.0,0.0,-1.0,-0.7071,0.7071,0.0,0.22424317157942625,0.00824621125123532,-0.16757999999999998,0.7029962712151603,5.909775085424911,,
203.5543,33.453,-0.164,0.155,29.48,-0.102,0.138,-0.288,-0.002,0.008,-0.288,-0.002,0.007,-0.798,-0.27,-0.217,0.005,-0.005,0.006,0.0,-0.0,0.0,863.48,-0.0,0.0,-0.0,0.0,0.0,0.0,0.0,0.0,0.9922,0.0307,-0.1206,-0.0587,0.9699,-0.2361,0.1098,0.2414,0.9642,0.669,0.7326,-0.1252,-0.7377,0.634,-0.2321,-0.0907,0.2476,0.9646,0.0001,-0.0001,0.0001,0.0,0.0,0.0,-0.0438,-0.0684,0.2769,5.5842,13.4798,-68.5034,0.0,0.0434,-0.3696,0.0,0.0,0.0,4408343.1013,3531062.1868,3660186.715,-2709.0181,-3276.6234,6418.4743,4408337.5171,3531048.707,3660255.2184,-2708.9743,-3276.555,6418.1973,0.0,0.0765,3.9732,0.0,0.0,1.0,0.0,1.0,0.0,0.0,-4.1,-36.453,0.0,0.0,-1.0,-0.7071,0.7071,0.0,0.22565681908597401,0.00824621125123532,-0.16726500000000002,0.7167007616414249,5.8986664856402795,,
203.7656,33.393,-0.164,0.157,29.419,-0.102,0.139,-0.289,-0.002,0.008,-0.288,-0.002,0.007,-0.797,-0.272,-0.216,0.005,-0.005,0.006,0.0,-0.0,0.0,863.48,-0.0,0.0,-0.0,0.0,0.0,0.0,0.0,0.0,0.9922,0.0307,-0.1206,-0.0588,0.9699,-0.2361,0.1097,0.2414,0.9642,0.669,0.7326,-0.1252,-0.7377,0.634,-0.2321,-0.0907,0.2476,0.9646,0.0001,-0.0001,0.0001,0.0,0.0,0.0,-0.0438,-0.0684,0.2769,5.575,13.4654,-68.4451,0.0,0.0434,-0.3696,0.0,0.0,0.0,4407772.4775,3530372.0558,3661538.2844,-2710.2317,-3277.5955,6417.4663,4407766.9026,3530358.5903,3661606.7295,-2710.1879,-3277.527,6417.1894,0.0,0.0765,3.9732,0.0,0.0,1.0,0.0,1.0,0.0,0.0,-4.1,-36.453,0.0,0.0,-1.0,-0.7071,0.7071,0.0,0.22703523955544877,0.00824621125123532,-0.166965,0.7163377276982063,5.888086866797771,,
203.9769,33.331,-0.164,0.159,29.358,-0.103,0.141,-0.289,-0.002,0.008,-0.289,-0.002,0.007,-0.796,-0.273,-0.214,0.005,-0.005,0.006,0.0,-0.0,0.0,863.48,-0.0,0.0,-0.0,0.0,0.0,0.0,0.0,0.0,0.9922,0.0308,-0.1206,-0.0588,0.97,-0.2361,0.1097,0.2413,0.9642,0.669,0.7326,-0.1252,-0.7377,0.634,-0.2321,-0.0907,0.2476,0.9646,0.0001,-0.0001,0.0001,0.0,0.0,0.0,-0.0438,-0.0685,0.2769,5.5657,13.4509,-68.3864,0.0,0.0434,-0.3696,0.0,0.0,0.0,4407197.9395,3529677.2959,3662898.2996,-2711.453,-3278.5736,6416.4516,4407192.3738,3529663.845,3662966.686,-2711.4092,-3278.5052,6416.1746,0.0,0.0765,3.9732,0.0,0.0,1.0,0.0,1.0,0.0,0.0,-4.1,-36.453,0.0,0.0,-1.0,-0.7071,0.7071,0.0,0.22842285349763058,0.00824621125123532,-0.16665500000000003,0.6999890764021991,5.877154593993847,,
204.1865,33.271,-0.165,0.16,29.298,-0.103,0.142,-0.289,-0.002,0.008,-0.289,-0.002,0.007,-0.795,-0.274,-0.213,0.005,-0.005,0.006,0.0,-0.0,0.0,863.48,-0.0,0.0,-0.0,0.0,0.0,0.0,0.0,0.0,0.9922,0.0308,-0.1206,-0.0588,0.97,-0.2361,0.1097,0.2413,0.9642,0.669,0.7326,-0.1252,-0.7377,0.634,-0.2321,-0.0907,0.2476,0.9646,0.0001,-0.0001,0.0001,0.0,0.0,0.0,-0.0438,-0.0685,0.2769,5.5565,13.4366,-68.3284,0.0,0.0434,-0.3696,0.0,0.0,0.0,4406629.823,3528990.4053,3664242.3007,-2712.6599,-3279.5402,6415.4482,4406624.2665,3528976.9687,3664310.6291,-2712.6161,-3279.4717,6415.1713,0.0,0.0765,3.9732,0.0,0.0,1.0,0.0,1.0,0.0,0.0,-4.1,-36.453,0.0,0.0,-1.0,-0.7071,0.7071,0.0,0.2298368986912241,0.00824621125123532,-0.166355,0.714036902570153,5.866574975151338,,
204.396,33.21,-0.165,0.162,29.236,-0.103,0.144,-0.289,-0.002,0.008,-0.289,-0.002,0.007,-0.794,-0.275,-0.212,0.005,-0.005,0.006,0.0,-0.0,0.0,863.48,-0.0,0.0,-0.0,0.0,0.0,0.0,0.0,0.0,0.9922,0.0308,-0.1206,-0.0588,0.97,-0.236,0.1097,0.2413,0.9642,0.669,0.7326,-0.1252,-0.7377,0.634,-0.2321,-0.0907,0.2476,0.9646,0.0001,-0.0001,0.0001,0.0,0.0,0.0,-0.0438,-0.0685,0.277,5.5472,13.4221,-68.2697,0.0,0.0434,-0.3696,0.0,0.0,0.0,4406054.33,3528294.7012,3665602.9293,-2713.8818,-3280.5187,6414.4319,4406048.7827,3528281.2791,3665671.1989,-2713.838,-3280.4502,6414.155,0.0,0.0765,3.9732,0.0,0.0,1.0,0.0,1.0,0.0,0.0,-4.1,-36.453,0.0,0.0,-1.0,-0.7071,0.7071,0.0,0.23123364807051763,0.00824621125123532,-0.16605,0.713418180363328,5.855819029328122,,
204.5961,33.153,-0.166,0.163,29.179,-0.104,0.145,-0.289,-0.002,0.008,-0.289,-0.002,0.007,-0.793,-0.276,-0.211,0.005,-0.005,0.006,0.0,-0.0,0.0,863.48,-0.0,0.0,-0.0,0.0,0.0,0.0,0.0,0.0,0.9922,0.0308,-0.1205,-0.0588,0.97,-0.236,0.1097,0.2413,0.9642,0.669,0.7326,-0.1252,-0.7377,0.634,-0.2321,-0.0907,0.2476,0.9646,0.0001,-0.0001,0.0001,0.0,0.0,0.0,-0.0439,-0.0685,0.277,5.5385,13.4086,-68.215,0.0,0.0434,-0.3696,0.0,0.0,0.0,4405518.277,3527646.7705,3666869.5655,-2715.0193,-3281.4296,6413.4854,4405512.7385,3527633.362,3666937.7805,-2714.9755,-3281.3611,6413.2084,0.0,0.0765,3.9732,0.0,0.0,1.0,0.0,1.0,0.0,0.0,-4.1,-36.453,0.0,0.0,-1.0,-0.7071,0.7071,0.0,0.23264780248263683,0.00824621125123532,-0.165765,0.7113294962281002,5.845768391427739,,
204.8064,33.092,-0.166,0.165,29.119,-0.104,0.147,-0.289,-0.002,0.008,-0.289,-0.002,0.007,-0.792,-0.277,-0.209,0.005,-0.005,0.006,0.0,-0.0,0.0,863.48,-0.0,0.0,-0.0,0.0,0.0,0.0,0.0,0.0,0.9922,0.0308,-0.1205,-0.0588,0.97,-0.236,0.1096,0.2413,0.9642,0.669,0.7326,-0.1252,-0.7377,0.634,-0.2321,-0.0907,0.2476,0.9646,0.0001,-0.0001,0.0001,0.0,0.0,0.0,-0.0439,-0.0685,0.277,5.5294,13.3942,-68.1568,0.0,0.0434,-0.3696,0.0,0.0,0.0,4404947.6768,3526957.1833,3668217.0457,-2716.2295,-3282.3985,6412.4779,4404942.1474,3526943.7891,3668285.2024,-2716.1856,-3282.33,6412.2009,0.0,0.0765,3.9732,0.0,0.0,1.0,0.0,1.0,0.0,0.0,-4.1,-36.453,0.0,0.0,-1.0,-0.7071,0.7071,0.0,0.23405341270744165,0.00824621125123532,-0.16546,0.7112013830071426,5.835012445604523,,
205.0161,33.032,-0.167,0.167,29.058,-0.105,0.148,-0.289,-0.002,0.008,-0.289,-0.002,0.007,-0.791,-0.278,-0.208,0.005,-0.005,0.006,0.0,-0.0,0.0,863.48,-0.0,0.0,-0.0,0.0,0.0,0.0,0.0,0.0,0.9922,0.0309,-0.1205,-0.0588,0.97,-0.236,0.1096,0.2412,0.9643,0.669,0.7326,-0.1252,-0.7377,0.634,-0.2321,-0.0907,0.2476,0.9646,0.0001,-0.0001,0.0001,0.0,0.0,0.0,-0.0439,-0.0685,0.277,5.5201,13.3798,-68.0987,0.0,0.0434,-0.3696,0.0,0.0,0.0,4404378.0556,3526268.8824,3669561.404,-2717.4369,-3283.3652,6411.4722,4404372.5354,3526255.5026,3669629.5027,-2717.393,-3283.2967,6411.1952,0.0,0.0765,3.9732,0.0,0.0,1.0,0.0,1.0,0.0,0.0,-4.1,-36.453,0.0,0.0,-1.0,-0.7071,0.7071,0.0,0.2361736649163069,0.00824621125123532,-0.16515999999999997,0.7089941531888754,5.824432826762014,,
205.2271,32.971,-0.167,0.168,28.997,-0.105,0.15,-0.289,-0.002,0.008,-0.289,-0.002,0.007,-0.79,-0.279,-0.207,0.005,-0.005,0.006,0.0,-0.0,0.0,863.48,-0.0,0.0,-0.0,0.0,0.0,0.0,0.0,0.0,0.9922,0.0309,-0.1205,-0.0588,0.97,-0.236,0.1096,0.2412,0.9643,0.669,0.7326,-0.1252,-0.7377,0.634,-0.2321,-0.0907,0.2476,0.9646,0.0001,-0.0001,0.0001,0.0,0.0,0.0,-0.0439,-0.0685,0.277,5.5109,13.3653,-68.0401,0.0,0.0434,-0.3696,0.0,0.0,0.0,4403802.7112,3525573.7702,3670918.4492,-2718.6557,-3284.341,6410.4564,4403797.2003,3525560.4049,3670986.4893,-2718.6118,-3284.2725,6410.1795,0.0,0.0765,3.9732,0.0,0.0,1.0,0.0,1.0,0.0,0.0,-4.1,-36.453,0.0,0.0,-1.0,-0.7071,0.7071,0.0,0.23688182707839792,0.00824621125123532,-0.16485499999999997,0.708542925150044,5.813676880938798,,
205.439,32.91,-0.168,0.17,28.936,-0.105,0.152,-0.289,-0.002,0.008,-0.289,-0.002,0.007,-0.789,-0.281,-0.205,0.005,-0.005,0.006,0.0,-0.0,0.0,863.48,-0.0,0.0,-0.0,0.0,0.0,0.0,0.0,0.0,0.9922,0.0309,-0.1205,-0.0588,0.97,-0.2359,0.1096,0.2412,0.9643,0.669,0.7326,-0.1252,-0.7377,0.634,-0.2321,-0.0907,0.2476,0.9646,0.0001,-0.0001,0.0001,0.0,0.0,0.0,-0.0439,-0.0686,0.277,5.5016,13.3509,-67.9817,0.0,0.0434,-0.3696,0.0,0.0,0.0,4403229.3657,3524881.1782,3672269.9619,-2719.8695,-3285.3128,6409.4443,4403223.864,3524867.8274,3672337.9435,-2719.8256,-3285.2442,6409.1673,0.0,0.0765,3.9732,0.0,0.0,1.0,0.0,1.0,0.0,0.0,-4.1,-36.453,0.0,0.0,-1.0,-0.7071,0.7071,0.0,0.2390062760682238,0.00824621125123532,-0.16454999999999997,0.7226479949119958,5.802920935115582,,
205.652,32.848,-0.168,0.172,28.875,-0.106,0.153,-0.289,-0.002,0.008,-0.289,-0.002,0.007,-0.788,-0.282,-0.204,0.005,-0.005,0.006,0.0,-0.0,0.0,863.48,-0.0,0.0,-0.0,0.0,0.0,0.0,0.0,0.0,0.9922,0.0309,-0.1204,-0.0589,0.97,-0.2359,0.1095,0.2412,0.9643,0.669,0.7326,-0.1252,-0.7377,0.634,-0.2321,-0.0907,0.2476,0.9646,0.0001,-0.0001,0.0001,0.0,0.0,0.0,-0.0439,-0.0686,0.277,5.4922,13.3362,-67.9224,0.0,0.0434,-0.3696,0.0,0.0,0.0,4402647.796,3524178.7575,3673640.0263,-2721.1001,-3286.2978,6408.4178,4402642.3037,3524165.4213,3673707.9487,-2721.0562,-3286.2293,6408.1408,0.0,0.0765,3.9732,0.0,0.0,1.0,0.0,1.0,0.0,0.0,-4.1,-36.453,0.0,0.0,-1.0,-0.7071,0.7071,0.0,0.2404329428343795,0.00824621125123532,-0.16424,0.7062841060214093,5.791988662311657,,
205.864,32.787,-0.168,0.173,28.813,-0.106,0.155,-0.289,-0.002,0.008,-0.289,-0.002,0.007,-0.787,-0.283,-0.203,0.005,-0.005,0.006,0.0,-0.0,0.0,863.48,-0.0,0.0,-0.0,0.0,0.0,0.0,0.0,0.0,0.9922,0.0309,-0.1204,-0.0589,0.97,-0.2359,0.1095,0.2412,0.9643,0.669,0.7326,-0.1252,-0.7377,0.634,-0.2321,-0.0907,0.2476,0.9646,0.0001,-0.0001,0.0001,0.0,0.0,0.0,-0.044,-0.0686,0.277,5.4829,13.3217,-67.8637,0.0,0.0434,-0.3696,0.0,0.0,0.0,4402070.2065,3523481.2501,3674999.8843,-2722.3215,-3287.2755,6407.3983,4402064.7235,3523467.9284,3675067.748,-2722.2776,-3287.2069,6407.1213,0.0,0.0765,3.9732,0.0,0.0,1.0,0.0,1.0,0.0,0.0,-4.1,-36.453,0.0,0.0,-1.0,-0.7071,0.7071,0.0,0.24114933132812125,0.00824621125123532,-0.163935,0.7058650357509799,5.781232716488441,,
206.0766,32.725,-0.169,0.175,28.752,-0.106,0.156,-0.289,-0.002,0.008,-0.289,-0.002,0.007,-0.786,-0.284,-0.202,0.005,-0.005,0.006,0.0,-0.0,0.0,863.48,-0.0,0.0,-0.0,0.0,0.0,0.0,0.0,0.0,0.9922,0.031,-0.1204,-0.0589,0.97,-0.2359,0.1095,0.2411,0.9643,0.669,0.7326,-0.1252,-0.7377,0.634,-0.2321,-0.0907,0.2476,0.9646,0.0001,-0.0001,0.0001,0.0,0.0,0.0,-0.044,-0.0686,0.277,5.4735,13.3071,-67.8047,0.0,0.0434,-0.3696,0.0,0.0,0.0,4401490.4781,3522781.2664,3676363.9479,-2723.5468,-3288.2562,6406.3752,4401485.0045,3522767.9593,3676431.7526,-2723.5028,-3288.1876,6406.0982,0.0,0.0765,3.9732,0.0,0.0,1.0,0.0,1.0,0.0,0.0,-4.1,-36.453,0.0,0.0,-1.0,-0.7071,0.7071,0.0,0.24328172968803063,0.00824621125123532,-0.16362500000000002,0.7199866662773897,5.7703004436845164,,
206.2834,32.666,-0.169,0.177,28.692,-0.107,0.158,-0.289,-0.002,0.008,-0.289,-0.002,0.007,-0.785,-0.285,-0.2,0.005,-0.005,0.006,0.0,-0.0,0.0,863.48,-0.0,0.0,-0.0,0.0,0.0,0.0,0.0,0.0,0.9922,0.031,-0.1204,-0.0589,0.97,-0.2359,0.1095,0.2411,0.9643,0.669,0.7326,-0.1252,-0.7377,0.634,-0.2321,-0.0907,0.2476,0.9646,0.0001,-0.0001,0.0001,0.0,0.0,0.0,-0.044,-0.0686,0.277,5.4645,13.2929,-67.7475,0.0,0.0434,-0.3696,0.0,0.0,0.0,4400927.6776,3522101.8226,3677687.3853,-2724.7356,-3289.2076,6405.382,4400922.2132,3522088.5297,3677755.1328,-2724.6916,-3289.139,6405.105,0.0,0.0765,3.9732,0.0,0.0,1.0,0.0,1.0,0.0,0.0,-4.1,-36.453,0.0,0.0,-1.0,-0.7071,0.7071,0.0,0.24472433471152802,0.00824621125123532,-0.16332999999999998,0.7032436341758728,5.759897151822717,,
206.4981,32.604,-0.17,0.178,28.63,-0.107,0.159,-0.289,-0.002,0.008,-0.289,-0.002,0.007,-0.784,-0.286,-0.199,0.005,-0.005,0.006,0.0,-0.0,0.0,863.48,-0.0,0.0,-0.0,0.0,0.0,0.0,0.0,0.0,0.9922,0.031,-0.1204,-0.0589,0.97,-0.2358,0.1094,0.2411,0.9643,0.669,0.7326,-0.1252,-0.7377,0.634,-0.2321,-0.0907,0.2476,0.9646,0.0001,-0.0001,0.0001,0.0,0.0,0.0,-0.044,-0.0686,0.277,5.455,13.2781,-67.6878,0.0,0.0434,-0.3696,0.0,0.0,0.0,4400341.1503,3521393.8413,3679065.7853,-2725.9738,-3290.1985,6404.347,4400335.6953,3521380.5631,3679133.4731,-2725.9298,-3290.1299,6404.07,0.0,0.0765,3.9732,0.0,0.0,1.0,0.0,1.0,0.0,0.0,-4.1,-36.453,0.0,0.0,-1.0,-0.7071,0.7071,0.0,0.2461381725779242,0.00824621125123532,-0.16302,0.7173168873027576,5.748964879018792,,
206.6993,32.546,-0.17,0.18,28.573,-0.108,0.161,-0.289,-0.002,0.008,-0.289,-0.002,0.007,-0.783,-0.287,-0.198,0.005,-0.005,0.006,0.0,-0.0,0.0,863.48,-0.0,0.0,-0.0,0.0,0.0,0.0,0.0,0.0,0.9922,0.031,-0.1203,-0.0589,0.97,-0.2358,0.1094,0.2411,0.9643,0.669,0.7326,-0.1252,-0.7377,0.634,-0.2321,-0.0907,0.2476,0.9646,0.0001,-0.0001,0.0001,0.0,0.0,0.0,-0.044,-0.0686,0.277,5.4462,13.2644,-67.6325,0.0,0.0434,-0.3696,0.0,0.0,0.0,4399796.3053,3520736.2703,3680345.4672,-2727.1233,-3291.1184,6403.3857,4399790.859,3520723.0059,3680413.0996,-2727.0793,-3291.0498,6403.1087,0.0,0.0765,3.9732,0.0,0.0,1.0,0.0,1.0,0.0,0.0,-4.1,-36.453,0.0,0.0,-1.0,-0.7071,0.7071,0.0,0.24758836806279896,0.00824621125123532,-0.16272999999999999,0.7010697128014597,5.738737914137701,,
206.916,32.483,-0.171,0.181,28.51,-0.108,0.162,-0.289,-0.002,0.008,-0.289,-0.002,0.007,-0.782,-0.288,-0.197,0.005,-0.005,0.006,0.0,-0.0,0.0,863.48,-0.0,0.0,-0.0,0.0,0.0,0.0,0.0,0.0,0.9922,0.031,-0.1203,-0.0589,0.97,-0.2358,0.1094,0.2411,0.9643,0.669,0.7326,-0.1252,-0.7377,0.634,-0.2321,-0.0907,0.2476,0.9646,0.0001,-0.0001,0.0001,0.0,0.0,0.0,-0.044,-0.0687,0.277,5.4367,13.2496,-67.5724,0.0,0.0434,-0.3696,0.0,0.0,0.0,4399205.1173,3520022.8745,3681733.1686,-2728.3699,-3292.116,6402.3427,4399199.6806,3520009.6249,3681800.741,-2728.3259,-3292.0473,6402.0656,0.0,0.0765,3.9732,0.0,0.0,1.0,0.0,1.0,0.0,0.0,-4.1,-36.453,0.0,0.0,-1.0,-0.7071,0.7071,0.0,0.2490020080240318,0.00824621125123532,-0.16241499999999998,0.715153843114818,5.727629314353067,,
207.1306,32.421,-0.171,0.183,28.448,-0.108,0.164,-0.289,-0.002,0.008,-0.289,-0.002,0.007,-0.781,-0.29,-0.195,0.005,-0.005,0.006,0.0,-0.0,0.0,863.48,-0.0,0.0,-0.0,0.0,0.0,0.0,0.0,0.0,0.9923,0.0311,-0.1203,-0.0589,0.97,-0.2358,0.1094,0.2411,0.9643,0.669,0.7326,-0.1252,-0.7377,0.634,-0.2321,-0.0907,0.2476,0.9646,0.0001,-0.0001,0.0001,0.0,0.0,0.0,-0.0441,-0.0687,0.277,5.4272,13.2348,-67.5129,0.0,0.0434,-0.3696,0.0,0.0,0.0,4398618.3913,3519314.9708,3683109.5454,-2729.6064,-3293.1053,6401.3076,4398612.9641,3519301.736,3683177.0582,-2729.5624,-3293.0366,6401.0305,0.0,0.0765,3.9732,0.0,0.0,1.0,0.0,1.0,0.0,0.0,-4.1,-36.453,0.0,0.0,-1.0,-0.7071,0.7071,0.0,0.2504595775769016,0.00824621125123532,-0.162105,0.7148845362468234,5.716697041549143,,
207.3456,32.359,-0.172,0.185,28.386,-0.109,0.166,-0.289,-0.002,0.008,-0.289,-0.002,0.007,-0.78,-0.291,-0.194,0.005,-0.005,0.006,0.0,-0.0,0.0,863.48,-0.0,0.0,-0.0,0.0,0.0,0.0,0.0,0.0,0.9923,0.0311,-0.1203,-0.059,0.97,-0.2358,0.1093,0.241,0.9643,0.669,0.7326,-0.1252,-0.7377,0.634,-0.2321,-0.0907,0.2476,0.9646,0.0001,-0.0001,0.0001,0.0,0.0,0.0,-0.0441,-0.0687,0.277,5.4178,13.2201,-67.4534,0.0,0.0434,-0.3696,0.0,0.0,0.0,4398032.7278,3518608.457,3684482.5868,-2730.84,-3294.0922,6400.2744,4398027.3101,3518595.2369,3684550.0403,-2730.7959,-3294.0235,6399.9974,0.0,0.0765,3.9732,0.0,0.0,1.0,0.0,1.0,0.0,0.0,-4.1,-36.453,0.0,0.0,-1.0,-0.7071,0.7071,0.0,0.25260443384865594,0.00824621125123532,-0.16179500000000002,0.7128411398345428,5.705764768745219,,
207.5596,32.298,-0.172,0.187,28.324,-0.109,0.167,-0.289,-0.002,0.008,-0.289,-0.002,0.008,-0.779,-0.292,-0.193,0.005,-0.005,0.006,0.0,-0.0,0.0,863.48,-0.0,0.0,-0.0,0.0,0.0,0.0,0.0,0.0,0.9923,0.0311,-0.1203,-0.059,0.97,-0.2357,0.1093,0.241,0.9643,0.669,0.7326,-0.1252,-0.7377,0.634,-0.2321,-0.0907,0.2476,0.9646,0.0001,-0.0001,0.0001,0.0,0.0,0.0,-0.0441,-0.0687,0.2771,5.4084,13.2054,-67.3943,0.0,0.0434,-0.3696,0.0,0.0,0.0,4397449.7656,3517905.3089,3685848.4603,-2732.0671,-3295.0739,6399.2462,4397444.3572,3517892.1035,3685915.8546,-2732.023,-3295.0052,6398.9691,0.0,0.0765,3.9732,0.0,0.0,1.0,0.0,1.0,0.0,0.0,-4.1,-36.453,0.0,0.0,-1.0,-0.7071,0.7071,0.0,0.25407282420597443,0.00824621125123532,-0.16149000000000002,0.7119176431185187,5.695008822922002,,
207.775,32.236,-0.173,0.188,28.262,-0.11,0.169,-0.289,-0.002,0.008,-0.289,-0.002,0.008,-0.778,-0.293,-0.191,0.005,-0.005,0.006,0.0,-0.0,0.0,863.48,-0.0,0.0,-0.0,0.0,0.0,0.0,0.0,0.0,0.9923,0.0311,-0.1202,-0.059,0.97,-0.2357,0.1093,0.241,0.9644,0.669,0.7326,-0.1252,-0.7377,0.634,-0.2321,-0.0907,0.2476,0.9646,0.0001,-0.0001,0.0001,0.0,0.0,0.0,-0.0441,-0.0687,0.2771,5.3989,13.1906,-67.3345,0.0,0.0434,-0.3696,0.0,0.0,0.0,4396860.5812,3517194.7634,3687228.0657,-2733.3066,-3296.0655,6398.207,4396855.1823,3517181.5727,3687295.4003,-2733.2625,-3295.9967,6397.9299,0.0,0.0765,3.9732,0.0,0.0,1.0,0.0,1.0,0.0,0.0,-4.1,-36.453,0.0,0.0,-1.0,-0.7071,0.7071,0.0,0.2554858117391257,0.00824621125123532,-0.16118,0.7103039239934471,5.6840765501180766,,
207.9766,32.177,-0.173,0.19,28.204,-0.11,0.17,-0.289,-0.002,0.008,-0.289,-0.002,0.008,-0.777,-0.294,-0.19,0.005,-0.005,0.006,0.0,-0.0,0.0,863.48,-0.0,0.0,-0.0,0.0,0.0,0.0,0.0,0.0,0.9923,0.0311,-0.1202,-0.059,0.97,-0.2357,0.1093,0.241,0.9644,0.669,0.7326,-0.1252,-0.7377,0.634,-0.2321,-0.0907,0.2476,0.9646,0.0001,-0.0001,0.0001,0.0,0.0,0.0,-0.0441,-0.0687,0.2771,5.39,13.1767,-67.2786,0.0,0.0434,-0.3696,0.0,0.0,0.0,4396308.1461,3516528.6355,3688520.8493,-2734.4681,-3296.9946,6397.2327,4396302.7562,3516515.4588,3688588.1279,-2734.424,-3296.9258,6396.9556,0.0,0.0765,3.9732,0.0,0.0,1.0,0.0,1.0,0.0,0.0,-4.1,-36.453,0.0,0.0,-1.0,-0.7071,0.7071,0.0,0.25696108654813865,0.00824621125123532,-0.160885,0.7097386183821445,5.673673258256278,,
208.1776,32.119,-0.174,0.191,28.146,-0.11,0.172,-0.289,-0.002,0.008,-0.289,-0.002,0.008,-0.776,-0.295,-0.189,0.005,-0.005,0.006,0.0,-0.0,0.0,863.48,-0.0,0.0,-0.0,0.0,0.0,0.0,0.0,0.0,0.9923,0.0312,-0.1202,-0.059,0.97,-0.2357,0.1093,0.241,0.9644,0.669,0.7326,-0.1252,-0.7377,0.634,-0.2321,-0.0907,0.2476,0.9646,0.0001,-0.0001,0.0001,0.0,0.0,0.0,-0.0441,-0.0688,0.2771,5.3811,13.1629,-67.2228,0.0,0.0434,-0.3696,0.0,0.0,0.0,4395757.708,3515865.0104,3689808.2187,-2735.6248,-3297.9197,6396.262,4395752.3269,3515851.8475,3689875.4415,-2735.5806,-3297.851,6395.9849,0.0,0.0765,3.9732,0.0,0.0,1.0,0.0,1.0,0.0,0.0,-4.1,-36.453,0.0,0.0,-1.0,-0.7071,0.7071,0.0,0.2583737602776257,0.00824621125123532,-0.160595,0.7245166445760468,5.663446293375187,,
208.3942,32.057,-0.174,0.193,28.083,-0.111,0.174,-0.289,-0.002,0.008,-0.289,-0.002,0.008,-0.775,-0.296,-0.188,0.005,-0.005,0.006,0.0,-0.0,0.0,863.48,-0.0,0.0,-0.0,0.0,0.0,0.0,0.0,0.0,0.9923,0.0312,-0.1202,-0.059,0.97,-0.2357,0.1092,0.2409,0.9644,0.669,0.7326,-0.1252,-0.7377,0.634,-0.2321,-0.0907,0.2476,0.9646,0.0001,-0.0001,0.0001,0.0,0.0,0.0,-0.0441,-0.0688,0.2771,5.3716,13.1481,-67.163,0.0,0.0434,-0.3696,0.0,0.0,0.0,4395167.3248,3515153.3314,3691188.19,-2736.8647,-3298.9114,6395.221,4395161.9532,3515140.1833,3691255.353,-2736.8205,-3298.8427,6394.9439,0.0,0.0765,3.9732,0.0,0.0,1.0,0.0,1.0,0.0,0.0,-4.1,-36.453,0.0,0.0,-1.0,-0.7071,0.7071,0.0,0.2598557292037257,0.00824621125123532,-0.160285,0.70792371983511,5.652514020571262,,
208.5987,31.997,-0.175,0.195,28.024,-0.111,0.175,-0.289,-0.002,0.008,-0.289,-0.002,0.008,-0.774,-0.297,-0.186,0.005,-0.005,0.006,0.0,-0.0,0.0,863.48,-0.0,0.0,-0.0,0.0,0.0,0.0,0.0,0.0,0.9923,0.0312,-0.1202,-0.059,0.97,-0.2356,0.1092,0.2409,0.9644,0.669,0.7326,-0.1252,-0.7377,0.634,-0.2321,-0.0907,0.2476,0.9646,0.0001,-0.0001,0.0001,0.0,0.0,0.0,-0.0442,-0.0688,0.2771,5.3625,13.134,-67.1061,0.0,0.0434,-0.3696,0.0,0.0,0.0,4394605.3636,3514476.0142,3692500.9379,-2738.0442,-3299.8548,6394.2301,4394600.0011,3514462.8803,3692568.044,-2738.0001,-3299.786,6393.953,0.0,0.0765,3.9732,0.0,0.0,1.0,0.0,1.0,0.0,0.0,-4.1,-36.453,0.0,0.0,-1.0,-0.7071,0.7071,0.0,0.26201145013147803,0.00824621125123532,-0.159985,0.7215645387938265,5.641934401728753,,
208.809,31.936,-0.175,0.196,27.963,-0.112,0.176,-0.289,-0.002,0.003,-0.289,-0.002,0.002,-0.773,-0.299,-0.185,0.005,-0.005,0.006,0.0,-0.0,0.0,863.458,-1.0,0.0,-0.0,0.0,0.0,0.0,0.0,0.0,0.9923,0.0312,-0.1201,-0.059,0.97,-0.2356,0.1092,0.2409,0.9644,0.669,0.7326,-0.1252,-0.7377,0.634,-0.2321,-0.0907,0.2476,0.9646,0.0001,-0.0001,0.0001,0.0,0.0,0.0,-0.0388,-0.0691,0.2777,5.3536,13.1193,-67.0472,0.0,0.0434,-0.3696,0.0,0.0,0.0,4394023.7926,3513775.1643,3693858.6862,-2739.2588,-3300.8307,6393.2053,4394018.439,3513762.045,3693925.7335,-2739.2201,-3300.7616,6392.9276,0.0,0.0765,3.9732,0.0,0.0,1.0,0.0,1.0,0.0,0.0,-4.1,-36.453,0.0,0.0,-1.0,-0.7071,0.7071,0.0,0.26275654130772846,0.0036055512754639895,-0.15968,0.7050551186512333,5.631178455905538,,
209.0113,31.878,-0.176,0.196,27.904,-0.112,0.176,-0.289,-0.002,-0.004,-0.289,-0.002,-0.005,-0.772,-0.3,-0.184,0.005,-0.005,0.006,0.0,-0.0,0.0,863.432,-1.0,0.0,-0.0,0.0,0.0,0.0,0.0,0.0,0.9923,0.0312,-0.1201,-0.0591,0.9701,-0.2356,0.1092,0.2409,0.9644,0.669,0.7326,-0.1252,-0.7377,0.634,-0.2321,-0.0907,0.2476,0.9646,0.0001,-0.0001,0.0001,0.0,0.0,0.0,-0.0321,-0.0695,0.2784,5.3464,13.1053,-66.991,0.0,0.0434,-0.3696,0.0,0.0,0.0,4393470.1659,3513108.0865,3695150.4354,-2740.4129,-3301.7593,6392.23,4393464.8195,3513094.9812,3695217.4264,-2740.3808,-3301.6898,6391.9516,0.0,0.0765,3.9732,0.0,0.0,1.0,0.0,1.0,0.0,0.0,-4.1,-36.453,0.0,0.0,-1.0,-0.7071,0.7071,0.0,0.2634236132164313,0.004472135954999579,-0.15939,0.7188729629085934,5.620951491024447,,
209.2169,31.819,-0.176,0.194,27.845,-0.112,0.174,-0.289,-0.002,-0.011,-0.289,-0.002,-0.011,-0.771,-0.301,-0.183,0.005,-0.005,0.006,0.0,-0.0,0.0,863.405,-1.0,0.0,-0.0,0.0,0.0,0.0,0.0,0.0,0.9923,0.0312,-0.1201,-0.0591,0.9701,-0.2356,0.1091,0.2409,0.9644,0.669,0.7326,-0.1252,-0.7377,0.634,-0.2321,-0.0907,0.2476,0.9646,0.0001,-0.0001,0.0001,0.0,0.0,0.0,-0.0254,-0.0699,0.2792,5.3405,13.091,-66.9338,0.0,0.0434,-0.3695,0.0,0.0,0.0,4392907.1336,3512429.7709,3696463.3699,-2741.586,-3302.7031,6391.2383,4392901.7931,3512416.6799,3696530.3037,-2741.5606,-3302.6332,6390.9591,0.0,0.0765,3.9732,0.0,0.0,1.0,0.0,1.0,0.0,0.0,-4.1,-36.453,0.0,0.0,-1.0,-0.7071,0.7071,0.0,0.2619389241789009,0.011180339887498947,-0.159095,0.718354010060404,5.610548199162647,,
209.4192,31.76,-0.177,0.191,27.786,-0.113,0.171,-0.289,-0.002,-0.018,-0.289,-0.002,-0.018,-0.77,-0.302,-0.182,0.005,-0.005,0.006,0.0,-0.0,0.0,863.378,-1.0,0.0,-0.0,0.0,0.0,0.0,0.0,0.0,0.9923,0.0313,-0.1201,-0.0591,0.9701,-0.2356,0.1091,0.2408,0.9644,0.669,0.7326,-0.1252,-0.7377,0.634,-0.2321,-0.0907,0.2476,0.9646,0.0001,-0.0001,0.0001,0.0,0.0,0.0,-0.0187,-0.0703,0.2799,5.336,13.0767,-66.8769,0.0,0.0434,-0.3695,0.0,0.0,0.0,4392348.9179,3511757.3534,3697764.3172,-2742.7483,-3303.6382,6390.255,4392343.5819,3511744.2766,3697831.194,-2742.7297,-3303.5679,6389.9751,0.0,0.0765,3.9732,0.0,0.0,1.0,0.0,1.0,0.0,0.0,-4.1,-36.453,0.0,0.0,-1.0,-0.7071,0.7071,0.0,0.26040353300214647,0.01811077027627483,-0.1588,0.7159476511070743,5.600144907300848,,
209.621,31.702,-0.177,0.187,27.729,-0.113,0.167,-0.289,-0.002,-0.022,-0.289,-0.002,-0.022,-0.769,-0.302,-0.18,0.005,-0.004,0.006,0.0,-0.0,0.0,863.363,-0.0,0.0,-0.0,0.0,0.0,0.0,0.0,0.0,0.9923,0.0313,-0.1201,-0.0591,0.9701,-0.2356,0.1091,0.2408,0.9644,0.669,0.7326,-0.1252,-0.7377,0.634,-0.2321,-0.0907,0.2476,0.9646,0.0001,-0.0001,0.0001,0.0,0.0,0.0,-0.0149,-0.0706,0.2804,5.3329,13.0628,-66.8213,0.0,0.0434,-0.3695,0.0,0.0,0.0,4391804.5983,3511101.7657,3699032.1553,-2743.8839,-3304.5493,6389.2961,4391799.2654,3511088.7029,3699098.9766,-2743.869,-3304.4788,6389.0157,0.0,0.0765,3.9732,0.0,0.0,1.0,0.0,1.0,0.0,0.0,-4.1,-36.453,0.0,0.0,-1.0,-0.7071,0.7071,0.0,0.25748398008419865,0.02209072203437452,-0.15851,0.7155940839904893,5.589917942419757,,
209.8212,31.645,-0.177,0.183,27.671,-0.113,0.163,-0.289,-0.002,-0.022,-0.289,-0.002,-0.022,-0.768,-0.303,-0.179,0.005,-0.004,0.006,0.0,-0.0,0.0,863.363,-0.0,0.0,-0.0,0.0,0.0,0.0,0.0,0.0,0.9923,0.0313,-0.1201,-0.0591,0.9701,-0.2355,0.1091,0.2408,0.9644,0.669,0.7326,-0.1252,-0.7377,0.634,-0.2321,-0.0907,0.2476,0.9646,0.0001,-0.0001,0.0001,0.0,0.0,0.0,-0.0149,-0.0706,0.2804,5.3299,13.0486,-66.765,0.0,0.0434,-0.3695,0.0,0.0,0.0,4391254.0384,3510438.7556,3700313.801,-2745.0356,-3305.4701,6388.3257,4391248.7085,3510425.707,3700380.566,-2745.0208,-3305.3995,6388.0454,0.0,0.0765,3.9732,0.0,0.0,1.0,0.0,1.0,0.0,0.0,-4.1,-36.453,0.0,0.0,-1.0,-0.7071,0.7071,0.0,0.2545937941113255,0.02209072203437452,-0.158225,0.7148356015431924,5.579867304519374,,
210.0214,31.587,-0.178,0.179,27.613,-0.114,0.159,-0.289,-0.002,-0.022,-0.289,-0.002,-0.022,-0.767,-0.304,-0.178,0.005,-0.004,0.006,0.0,-0.0,0.0,863.363,-0.0,0.0,-0.0,0.0,0.0,0.0,0.0,0.0,0.9923,0.0313,-0.12,-0.0591,0.9701,-0.2355,0.1091,0.2408,0.9644,0.669,0.7326,-0.1252,-0.7377,0.634,-0.2321,-0.0907,0.2476,0.9646,0.0001,-0.0001,0.0001,0.0,0.0,0.0,-0.0149,-0.0706,0.2804,5.3269,13.0345,-66.709,0.0,0.0434,-0.3695,0.0,0.0,0.0,4390705.0801,3509777.7668,3701590.9884,-2746.1835,-3306.3877,6387.3583,4390699.7532,3509764.7324,3701657.6974,-2746.1686,-3306.3171,6387.0779,0.0,0.0765,3.9732,0.0,0.0,1.0,0.0,1.0,0.0,0.0,-4.1,-36.453,0.0,0.0,-1.0,-0.7071,0.7071,0.0,0.25243811122728677,0.02209072203437452,-0.157935,0.7125269070129574,5.569640339638283,,
210.2346,31.525,-0.178,0.174,27.552,-0.114,0.154,-0.289,-0.002,-0.022,-0.289,-0.002,-0.022,-0.766,-0.305,-0.177,0.005,-0.004,0.006,0.0,-0.0,0.0,863.363,-0.0,0.0,-0.0,0.0,0.0,0.0,0.0,0.0,0.9923,0.0314,-0.12,-0.0591,0.9701,-0.2355,0.109,0.2408,0.9644,0.669,0.7326,-0.1252,-0.7377,0.634,-0.2321,-0.0907,0.2476,0.9646,0.0001,-0.0001,0.0001,0.0,0.0,0.0,-0.0149,-0.0706,0.2804,5.3238,13.0194,-66.649,0.0,0.0434,-0.3695,0.0,0.0,0.0,4390117.6273,3509070.5304,3702956.9312,-2747.4111,-3307.369,6386.3231,4390112.3035,3509057.511,3703023.5802,-2747.3962,-3307.2983,6386.0427,0.0,0.0765,3.9732,0.0,0.0,1.0,0.0,1.0,0.0,0.0,-4.1,-36.453,0.0,0.0,-1.0,-0.7071,0.7071,0.0,0.24891765706755314,0.02209072203437452,-0.157625,0.7123413635212923,5.558708066834358,,
210.4348,31.467,-0.179,0.17,27.494,-0.114,0.15,-0.289,-0.002,-0.022,-0.289,-0.002,-0.022,-0.765,-0.306,-0.176,0.005,-0.004,0.006,0.0,-0.0,0.0,863.363,-0.0,0.0,-0.0,0.0,0.0,0.0,0.0,0.0,0.9923,0.0314,-0.12,-0.0591,0.9701,-0.2355,0.109,0.2408,0.9644,0.669,0.7326,-0.1252,-0.7377,0.634,-0.2321,-0.0907,0.2476,0.9646,0.0001,-0.0001,0.0001,0.0,0.0,0.0,-0.0149,-0.0706,0.2804,5.3208,13.0053,-66.5929,0.0,0.0434,-0.3695,0.0,0.0,0.0,4389567.7777,3508408.6615,3704234.6862,-2748.5595,-3308.2869,6385.3542,4389562.4569,3508395.6562,3704301.2791,-2748.5445,-3308.2162,6385.0738,0.0,0.0765,3.9732,0.0,0.0,1.0,0.0,1.0,0.0,0.0,-4.1,-36.453,0.0,0.0,-1.0,-0.7071,0.7071,0.0,0.24686230980042298,0.02209072203437452,-0.157335,0.7264343145786148,5.548481101953267,,
210.6371,31.409,-0.179,0.165,27.436,-0.115,0.145,-0.289,-0.002,-0.022,-0.289,-0.002,-0.022,-0.764,-0.307,-0.175,0.005,-0.004,0.006,0.0,-0.0,0.0,863.363,-0.0,0.0,-0.0,0.0,0.0,0.0,0.0,0.0,0.9923,0.0314,-0.12,-0.0592,0.9701,-0.2355,0.109,0.2407,0.9644,0.669,0.7326,-0.1252,-0.7377,0.634,-0.2321,-0.0907,0.2476,0.9646,0.0001,-0.0001,0.0001,0.0,0.0,0.0,-0.0149,-0.0707,0.2804,5.3177,12.991,-66.5362,0.0,0.0434,-0.3695,0.0,0.0,0.0,4389011.6989,3507739.3879,3705526.1765,-2749.7202,-3309.2146,6384.3744,4389006.3811,3507726.3969,3705592.7127,-2749.7053,-3309.1439,6384.0941,0.0,0.0765,3.9732,0.0,0.0,1.0,0.0,1.0,0.0,0.0,-4.1,-36.453,0.0,0.0,-1.0,-0.7071,0.7071,0.0,0.24344609259546557,0.02209072203437452,-0.157045,0.7099570568332545,5.538254137072176,,
210.8534,31.347,-0.179,0.161,27.373,-0.115,0.14,-0.289,-0.002,-0.021,-0.289,-0.002,-0.022,-0.763,-0.308,-0.173,0.005,-0.004,0.006,0.0,-0.0,0.0,863.363,-0.0,0.0,-0.0,0.0,0.0,0.0,0.0,0.0,0.9923,0.0314,-0.12,-0.0592,0.9701,-0.2354,0.109,0.2407,0.9645,0.669,0.7326,-0.1252,-0.7377,0.634,-0.2321,-0.0907,0.2476,0.9646,0.0001,-0.0001,0.0001,0.0,0.0,0.0,-0.015,-0.0707,0.2804,5.3146,12.9757,-66.4757,0.0,0.0434,-0.3695,0.0,0.0,0.0,4388418.2024,3507025.1854,3706903.7503,-2750.9584,-3310.2041,6383.3288,4388412.8878,3507012.2097,3706970.2259,-2750.9434,-3310.1334,6383.0484,0.0,0.0765,3.9732,0.0,0.0,1.0,0.0,1.0,0.0,0.0,-4.1,-36.453,0.0,0.0,-1.0,-0.7071,0.7071,0.0,0.24075298544358698,0.021095023109728987,-0.156735,0.7103017389517169,5.527321864268252,,
211.0553,31.289,-0.18,0.156,27.315,-0.115,0.136,-0.289,-0.002,-0.021,-0.289,-0.002,-0.022,-0.762,-0.309,-0.172,0.005,-0.004,0.006,0.0,-0.0,0.0,863.363,-0.0,0.0,-0.0,0.0,0.0,0.0,0.0,0.0,0.9923,0.0314,-0.12,-0.0592,0.9701,-0.2354,0.109,0.2407,0.9645,0.669,0.7326,-0.1252,-0.7377,0.634,-0.2321,-0.0907,0.2476,0.9646,0.0001,-0.0001,0.0001,0.0,0.0,0.0,-0.015,-0.0707,0.2804,5.3116,12.9615,-66.4193,0.0,0.0434,-0.3695,0.0,0.0,0.0,4387864.7491,3506359.267,3708187.617,-2752.1124,-3311.1263,6382.3538,4387859.4376,3506346.3054,3708254.0363,-2752.0974,-3311.0556,6382.0734,0.0,0.0765,3.9732,0.0,0.0,1.0,0.0,1.0,0.0,0.0,-4.1,-36.453,0.0,0.0,-1.0,-0.7071,0.7071,0.0,0.23819319889535048,0.021095023109728987,-0.156445,0.7238875346502373,5.5170948993871605,,
211.2565,31.229,-0.18,0.152,27.256,-0.116,0.132,-0.289,-0.002,-0.018,-0.289,-0.002,-0.018,-0.761,-0.31,-0.171,0.005,-0.004,0.006,0.0,-0.0,0.0,863.349,1.0,0.0,-0.0,0.0,0.0,0.0,0.0,0.0,0.9923,0.0315,-0.1199,-0.0592,0.9701,-0.2354,0.1089,0.2407,0.9645,0.669,0.7326,-0.1252,-0.7377,0.634,-0.2321,-0.0907,0.2476,0.9646,0.0001,-0.0001,0.0001,0.0,0.0,0.0,-0.0184,-0.0705,0.28,5.3083,12.9471,-66.3618,0.0,0.0434,-0.3695,0.0,0.0,0.0,4387300.9666,3505681.0164,3709494.6892,-2753.2906,-3312.0649,6381.3603,4387295.6583,3505668.0693,3709561.051,-2753.2723,-3311.9944,6381.0803,0.0,0.0765,3.9732,0.0,0.0,1.0,0.0,1.0,0.0,0.0,-4.1,-36.453,0.0,0.0,-1.0,-0.7071,0.7071,0.0,0.23559286916203553,0.01811077027627483,-0.156145,0.7078362110691381,5.506515280544653,,
211.4587,31.171,-0.181,0.149,27.198,-0.116,0.129,-0.289,-0.002,-0.011,-0.289,-0.002,-0.012,-0.76,-0.31,-0.17,0.005,-0.005,0.006,0.0,-0.0,0.0,863.323,1.0,0.0,-0.0,0.0,0.0,0.0,0.0,0.0,0.9923,0.0315,-0.1199,-0.0592,0.9701,-0.2354,0.1089,0.2407,0.9645,0.669,0.7326,-0.1252,-0.7377,0.634,-0.2321,-0.0907,0.2476,0.9646,0.0001,-0.0001,0.0001,0.0,0.0,0.0,-0.0251,-0.0701,0.2793,5.3039,12.9329,-66.3053,0.0,0.0434,-0.3695,0.0,0.0,0.0,4386744.0088,3505011.0742,3710785.1901,-2754.4573,-3312.9914,6380.3786,4386738.7049,3504998.1413,3710851.4953,-2754.4322,-3312.9212,6380.0993,0.0,0.0765,3.9732,0.0,0.0,1.0,0.0,1.0,0.0,0.0,-4.1,-36.453,0.0,0.0,-1.0,-0.7071,0.7071,0.0,0.23443975772040032,0.011180339887498947,-0.155855,0.7221391032113534,5.496288315663562,,
211.6638,31.112,-0.181,0.148,27.139,-0.116,0.127,-0.289,-0.002,-0.005,-0.289,-0.002,-0.005,-0.759,-0.311,-0.169,0.005,-0.005,0.006,0.0,-0.0,0.0,863.296,1.0,0.0,-0.0,0.0,0.0,0.0,0.0,0.0,0.9923,0.0315,-0.1199,-0.0592,0.9701,-0.2354,0.1089,0.2407,0.9645,0.669,0.7326,-0.1252,-0.7377,0.634,-0.2321,-0.0907,0.2476,0.9646,0.0001,-0.0001,0.0001,0.0,0.0,0.0,-0.0318,-0.0697,0.2786,5.2981,12.9186,-66.2483,0.0,0.0434,-0.3695,0.0,0.0,0.0,4386180.8619,3504333.7848,3712089.2736,-2755.6363,-3313.9275,6379.386,4386175.5638,3504320.8662,3712155.5218,-2755.6045,-3313.8578,6379.1074,0.0,0.0765,3.9732,0.0,0.0,1.0,0.0,1.0,0.0,0.0,-4.1,-36.453,0.0,0.0,-1.0,-0.7071,0.7071,0.0,0.23380547470065793,0.005385164807134504,-0.15556,0.7230997432018734,5.485885023801762,,
211.8746,31.052,-0.182,0.147,27.078,-0.117,0.126,-0.289,-0.002,-0.002,-0.289,-0.002,-0.002,-0.758,-0.313,-0.167,0.005,-0.005,0.006,0.0,-0.0,0.0,863.286,-0.0,0.0,-0.0,0.0,0.0,0.0,0.0,0.0,0.9923,0.0315,-0.1199,-0.0592,0.9701,-0.2353,0.1089,0.2406,0.9645,0.669,0.7326,-0.1252,-0.7377,0.634,-0.2321,-0.0907,0.2476,0.9646,0.0001,-0.0001,0.0001,0.0,0.0,0.0,-0.0343,-0.0696,0.2783,5.2911,12.9041,-66.1902,0.0,0.0434,-0.3695,0.0,0.0,0.0,4385606.1698,3503642.7112,3713419.3092,-2756.8343,-3314.8826,6378.3736,4385600.8787,3503629.8071,3713485.4995,-2756.8001,-3314.813,6378.0953,0.0,0.0765,3.9732,0.0,0.0,1.0,0.0,1.0,0.0,0.0,-4.1,-36.453,0.0,0.0,-1.0,-0.7071,0.7071,0.0,0.23395084953895764,0.00282842712474619,-0.15526,0.7206861660636842,5.475305404959254,,
212.0892,30.99,-0.182,0.147,27.016,-0.117,0.126,-0.289,-0.002,-0.002,-0.289,-0.002,-0.002,-0.757,-0.314,-0.166,0.005,-0.005,0.006,0.0,-0.0,0.0,863.286,-0.0,0.0,-0.0,0.0,0.0,0.0,0.0,0.0,0.9923,0.0315,-0.1199,-0.0593,0.9701,-0.2353,0.1089,0.2406,0.9645,0.669,0.7326,-0.1252,-0.7377,0.634,-0.2321,-0.0907,0.2476,0.9646,0.0001,-0.0001,0.0001,0.0,0.0,0.0,-0.0343,-0.0696,0.2783,5.2837,12.8891,-66.1304,0.0,0.0434,-0.3695,0.0,0.0,0.0,4385013.6107,3502930.2574,3714789.8702,-2758.0664,-3315.8669,6377.3301,4385008.327,3502917.3682,3714856.0006,-2758.0321,-3315.7973,6377.0518,0.0,0.0765,3.9732,0.0,0.0,1.0,0.0,1.0,0.0,0.0,-4.1,-36.453,0.0,0.0,-1.0,-0.7071,0.7071,0.0,0.23395084953895764,0.00282842712474619,-0.15495,0.7201976495407927,5.4643731321553295,,
212.3042,30.928,-0.183,0.146,26.954,-0.118,0.125,-0.289,-0.002,-0.002,-0.289,-0.002,-0.002,-0.756,-0.315,-0.165,0.005,-0.005,0.006,0.0,-0.0,0.0,863.286,-0.0,0.0,-0.0,0.0,0.0,0.0,0.0,0.0,0.9923,0.0316,-0.1198,-0.0593,0.9701,-0.2353,0.1088,0.2406,0.9645,0.669,0.7326,-0.1252,-0.7377,0.634,-0.2321,-0.0907,0.2476,0.9646,0.0001,-0.0001,0.0001,0.0,0.0,0.0,-0.0343,-0.0696,0.2783,5.2763,12.8742,-66.0706,0.0,0.0434,-0.3695,0.0,0.0,0.0,4384421.316,3502218.2286,3716158.984,-2759.2972,-3316.85,6376.2872,4384416.0397,3502205.3544,3716225.0547,-2759.2629,-3316.7804,6376.0089,0.0,0.0765,3.9732,0.0,0.0,1.0,0.0,1.0,0.0,0.0,-4.1,-36.453,0.0,0.0,-1.0,-0.7071,0.7071,0.0,0.234104677441524,0.00282842712474619,-0.15464,0.7180063045386914,5.453440859351405,,
212.5205,30.865,-0.183,0.146,26.892,-0.118,0.125,-0.289,-0.002,-0.002,-0.289,-0.002,-0.002,-0.755,-0.316,-0.164,0.005,-0.005,0.006,0.0,-0.0,0.0,863.286,-0.0,0.0,-0.0,0.0,0.0,0.0,0.0,0.0,0.9923,0.0316,-0.1198,-0.0593,0.9701,-0.2353,0.1088,0.2406,0.9645,0.669,0.7326,-0.1252,-0.7377,0.634,-0.2321,-0.0907,0.2476,0.9646,0.0001,-0.0001,0.0001,0.0,0.0,0.0,-0.0343,-0.0696,0.2783,5.2689,12.8591,-66.0104,0.0,0.0434,-0.3695,0.0,0.0,0.0,4383824.0431,3501500.3232,3717538.7611,-2760.5377,-3317.8408,6375.2355,4383818.7741,3501487.464,3717604.7715,-2760.5033,-3317.7712,6374.9572,0.0,0.0765,3.9732,0.0,0.0,1.0,0.0,1.0,0.0,0.0,-4.1,-36.453,0.0,0.0,-1.0,-0.7071,0.7071,0.0,0.234104677441524,0.00282842712474619,-0.154325,0.7177514905163183,5.442332259566771,,
212.7365,30.803,-0.184,0.145,26.829,-0.119,0.124,-0.289,-0.002,-0.002,-0.289,-0.002,-0.002,-0.754,-0.317,-0.163,0.005,-0.005,0.006,0.0,-0.0,0.0,863.286,-0.0,0.0,-0.0,0.0,0.0,0.0,0.0,0.0,0.9923,0.0316,-0.1198,-0.0593,0.9701,-0.2353,0.1088,0.2406,0.9645,0.669,0.7326,-0.1252,-0.7377,0.634,-0.2321,-0.0907,0.2476,0.9646,0.0001,-0.0001,0.0001,0.0,0.0,0.0,-0.0343,-0.0696,0.2783,5.2615,12.8441,-65.9502,0.0,0.0434,-0.3695,0.0,0.0,0.0,4383227.0328,3500782.8416,3718917.0848,-2761.7768,-3318.8306,6374.1845,4383221.7713,3500769.9975,3718983.035,-2761.7425,-3318.7609,6373.9061,0.0,0.0765,3.9732,0.0,0.0,1.0,0.0,1.0,0.0,0.0,-4.1,-36.453,0.0,0.0,-1.0,-0.7071,0.7071,0.0,0.23426694175662088,0.00282842712474619,-0.154015,0.7152983311030571,5.431399986762846,,
212.9462,30.742,-0.184,0.145,26.768,-0.119,0.124,-0.289,0.001,-0.002,-0.289,0.001,-0.002,-0.753,-0.318,-0.161,0.005,-0.005,0.006,0.0,-0.0,0.0,863.275,-0.0,1.0,-0.0,0.0,0.0,0.0,0.0,0.0,0.9923,0.0316,-0.1198,-0.0593,0.9701,-0.2353,0.1088,0.2405,0.9645,0.669,0.7326,-0.1252,-0.7377,0.634,-0.2321,-0.0907,0.2476,0.9646,0.0001,-0.0001,0.0001,0.0,0.0,0.0,-0.0343,-0.0668,0.2791,5.2543,12.8295,-65.8916,0.0,0.0434,-0.3695,0.0,0.0,0.0,4382645.007,3500083.4721,3720260.0001,-2762.9841,-3319.7919,6373.1605,4382639.7527,3500070.6426,3720325.8917,-2762.9498,-3319.7252,6372.8815,0.0,0.0765,3.9732,0.0,0.0,1.0,0.0,1.0,0.0,0.0,-4.1,-36.453,0.0,0.0,-1.0,-0.7071,0.7071,0.0,0.23426694175662088,0.0022360679774997894,-0.15371,0.7148014668825549,5.420644040939631,,
213.1501,30.682,-0.183,0.145,26.709,-0.118,0.123,-0.289,0.008,-0.002,-0.289,0.009,-0.002,-0.752,-0.319,-0.16,0.006,-0.005,0.006,0.0,-0.0,0.0,863.244,-0.0,1.0,-0.0,0.0,0.0,0.0,0.0,0.0,0.9923,0.0316,-0.1198,-0.0593,0.9701,-0.2352,0.1087,0.2405,0.9645,0.669,0.7326,-0.1252,-0.7377,0.634,-0.2321,-0.0907,0.2476,0.9646,0.0001,-0.0001,0.0001,0.0,0.0,0.0,-0.0342,-0.059,0.281,5.2473,12.8166,-65.8341,0.0,0.0434,-0.3695,0.0,0.0,0.0,4382077.8521,3499402.0713,3721567.8315,-2764.1598,-3320.7232,6372.1641,4382072.6049,3499389.2547,3721633.6656,-2764.1256,-3320.6642,6371.8831,0.0,0.0765,3.9732,0.0,0.0,1.0,0.0,1.0,0.0,0.0,-4.1,-36.453,0.0,0.0,-1.0,-0.7071,0.7071,0.0,0.2334823333787805,0.00824621125123532,-0.15341,0.7181694874041901,5.410064422097122,,
213.3574,30.623,-0.181,0.144,26.649,-0.115,0.123,-0.289,0.017,-0.001,-0.289,0.017,-0.002,-0.751,-0.32,-0.159,0.006,-0.005,0.006,0.0,-0.0,0.0,863.213,-0.0,1.0,-0.0,0.0,0.0,0.0,0.0,0.0,0.9923,0.0317,-0.1197,-0.0593,0.9701,-0.2352,0.1087,0.2405,0.9645,0.669,0.7326,-0.1252,-0.7377,0.634,-0.2321,-0.0907,0.2476,0.9646,0.0001,-0.0001,0.0001,0.0,0.0,0.0,-0.034,-0.0512,0.2829,5.2402,12.8052,-65.7758,0.0,0.0434,-0.3695,0.0,0.0,0.0,4381506.67,3498715.932,3722884.1814,-2765.3432,-3321.6605,6371.1606,4381501.4297,3498703.1267,3722949.9573,-2765.3092,-3321.6093,6370.8777,0.0,0.0765,3.9732,0.0,0.0,1.0,0.0,1.0,0.0,0.0,-4.1,-36.453,0.0,0.0,-1.0,-0.7071,0.7071,0.0,0.23129418496797535,0.017029386365926404,-0.153115,0.7359308143571053,5.399661130235323,,
213.5688,30.562,-0.177,0.144,26.589,-0.111,0.123,-0.289,0.019,-0.001,-0.289,0.019,-0.002,-0.749,-0.321,-0.158,0.006,-0.005,0.006,0.0,-0.0,0.0,863.204,-0.0,0.0,-0.0,0.0,0.0,0.0,0.0,0.0,0.9923,0.0317,-0.1197,-0.0594,0.9701,-0.2352,0.1087,0.2405,0.9645,0.669,0.7326,-0.1252,-0.7377,0.634,-0.2321,-0.0907,0.2476,0.9646,0.0001,-0.0001,0.0001,0.0,0.0,0.0,-0.034,-0.049,0.2835,5.2331,12.7949,-65.7164,0.0,0.0434,-0.3695,0.0,0.0,0.0,4380926.1453,3498018.6713,3724221.2725,-2766.5454,-3322.6182,6370.1394,4380920.9122,3498005.8763,3724286.9889,-2766.5114,-3322.5692,6369.856,0.0,0.0765,3.9732,0.0,0.0,1.0,0.0,1.0,0.0,0.0,-4.1,-36.453,0.0,0.0,-1.0,-0.7071,0.7071,0.0,0.228177562437677,0.019026297590440448,-0.15281,0.7432893870783904,5.388905184412107,,
213.7849,30.499,-0.173,0.144,26.526,-0.107,0.122,-0.289,0.019,-0.001,-0.289,0.019,-0.002,-0.748,-0.322,-0.157,0.006,-0.005,0.006,0.0,-0.0,0.0,863.204,-0.0,0.0,-0.0,0.0,0.0,0.0,0.0,0.0,0.9923,0.0317,-0.1197,-0.0594,0.9701,-0.2352,0.1087,0.2405,0.9646,0.669,0.7326,-0.1252,-0.7377,0.634,-0.2321,-0.0907,0.2476,0.9646,0.0001,-0.0001,0.0001,0.0,0.0,0.0,-0.034,-0.049,0.2835,5.2257,12.7843,-65.655,0.0,0.0434,-0.3695,0.0,0.0,0.0,4380327.5426,3497299.8045,3725599.1696,-2767.7843,-3323.6074,6369.0859,4380322.3169,3497287.0202,3725664.8246,-2767.7503,-3323.5584,6368.8025,0.0,0.0765,3.9732,0.0,0.0,1.0,0.0,1.0,0.0,0.0,-4.1,-36.453,0.0,0.0,-1.0,-0.7071,0.7071,0.0,0.22508887133752303,0.019026297590440448,-0.152495,0.7520624054318495,5.377796584627473,,
214.001,30.437,-0.169,0.143,26.464,-0.103,0.122,-0.289,0.019,-0.001,-0.289,0.019,-0.002,-0.747,-0.324,-0.156,0.006,-0.005,0.006,0.0,-0.0,0.0,863.204,-0.0,0.0,-0.0,0.0,0.0,0.0,0.0,0.0,0.9923,0.0317,-0.1197,-0.0594,0.9701,-0.2352,0.1086,0.2405,0.9646,0.669,0.7326,-0.1252,-0.7377,0.634,-0.2321,-0.0907,0.2476,0.9646,0.0001,-0.0001,0.0001,0.0,0.0,0.0,-0.0341,-0.049,0.2835,5.2184,12.7738,-65.594,0.0,0.0434,-0.3695,0.0,0.0,0.0,4379731.3669,3496583.9593,3726970.6408,-2769.0175,-3324.592,6368.0368,4379726.1485,3496571.1856,3727036.2348,-2768.9835,-3324.543,6367.7533,0.0,0.0765,3.9732,0.0,0.0,1.0,0.0,1.0,0.0,0.0,-4.1,-36.453,0.0,0.0,-1.0,-0.7071,0.7071,0.0,0.22138202275704322,0.019026297590440448,-0.15218500000000001,0.7577425878847728,5.366864311823549,,
214.2173,30.375,-0.165,0.143,26.401,-0.099,0.122,-0.289,0.019,-0.001,-0.289,0.019,-0.002,-0.745,-0.325,-0.154,0.006,-0.005,0.006,0.0,-0.0,0.0,863.204,-0.0,0.0,-0.0,0.0,0.0,0.0,0.0,0.0,0.9923,0.0318,-0.1197,-0.0594,0.9701,-0.2351,0.1086,0.2404,0.9646,0.669,0.7326,-0.1252,-0.7377,0.634,-0.2321,-0.0907,0.2476,0.9646,0.0001,-0.0001,0.0001,0.0,0.0,0.0,-0.0341,-0.049,0.2835,5.211,12.7632,-65.5326,0.0,0.0434,-0.3695,0.0,0.0,0.0,4379131.4606,3495863.7425,3728349.8502,-2770.2577,-3325.5821,6366.9812,4379126.2496,3495850.9793,3728415.3828,-2770.2237,-3325.533,6366.6977,0.0,0.0765,3.9732,0.0,0.0,1.0,0.0,1.0,0.0,0.0,-4.1,-36.453,0.0,0.0,-1.0,-0.7071,0.7071,0.0,0.21834376565407126,0.019026297590440448,-0.151875,0.7646789117022594,5.355932039019623,,
214.4183,30.317,-0.161,0.143,26.343,-0.095,0.121,-0.289,0.019,-0.001,-0.289,0.019,-0.002,-0.744,-0.326,-0.153,0.006,-0.005,0.006,0.0,-0.0,0.0,863.204,-0.0,0.0,-0.0,0.0,0.0,0.0,0.0,0.0,0.9923,0.0318,-0.1196,-0.0594,0.9701,-0.2351,0.1086,0.2404,0.9646,0.669,0.7326,-0.1252,-0.7377,0.634,-0.2321,-0.0907,0.2476,0.9646,0.0001,-0.0001,0.0001,0.0,0.0,0.0,-0.0341,-0.049,0.2835,5.2042,12.7534,-65.4758,0.0,0.0434,-0.3695,0.0,0.0,0.0,4378576.4881,3495197.5667,3729625.0013,-2771.4044,-3326.4974,6366.0047,4378571.2839,3495184.8133,3729690.4771,-2771.3703,-3326.4484,6365.7212,0.0,0.0765,3.9732,0.0,0.0,1.0,0.0,1.0,0.0,0.0,-4.1,-36.453,0.0,0.0,-1.0,-0.7071,0.7071,0.0,0.2153369452741447,0.019026297590440448,-0.151585,0.7735423702548718,5.345705074138532,,
214.6193,30.258,-0.157,0.143,26.285,-0.091,0.121,-0.289,0.019,-0.001,-0.289,0.019,-0.002,-0.743,-0.327,-0.152,0.006,-0.005,0.006,0.0,-0.0,0.0,863.204,-0.0,0.0,-0.0,0.0,0.0,0.0,0.0,0.0,0.9923,0.0318,-0.1196,-0.0594,0.9702,-0.2351,0.1086,0.2404,0.9646,0.669,0.7326,-0.1252,-0.7377,0.634,-0.2321,-0.0907,0.2476,0.9646,0.0001,-0.0001,0.0001,0.0,0.0,0.0,-0.0341,-0.049,0.2835,5.1974,12.7435,-65.4187,0.0,0.0434,-0.3695,0.0,0.0,0.0,4378018.085,3494527.3664,3730907.3058,-2772.5575,-3327.4179,6365.0222,4378012.8876,3494514.6229,3730972.7245,-2772.5234,-3327.3688,6364.7387,0.0,0.0765,3.9732,0.0,0.0,1.0,0.0,1.0,0.0,0.0,-4.1,-36.453,0.0,0.0,-1.0,-0.7071,0.7071,0.0,0.2123628969476542,0.019026297590440448,-0.15129,0.7810424108738415,5.3353017822767335,,
214.8224,30.2,-0.153,0.142,26.226,-0.087,0.121,-0.289,0.019,-0.001,-0.289,0.019,-0.002,-0.741,-0.328,-0.151,0.006,-0.005,0.006,0.0,-0.0,0.0,863.204,-0.0,0.0,-0.0,0.0,0.0,0.0,0.0,0.0,0.9923,0.0318,-0.1196,-0.0595,0.9702,-0.2351,0.1085,0.2404,0.9646,0.669,0.7326,-0.1252,-0.7377,0.634,-0.2321,-0.0907,0.2476,0.9646,0.0001,-0.0001,0.0001,0.0,0.0,0.0,-0.0341,-0.0491,0.2835,5.1904,12.7335,-65.361,0.0,0.0434,-0.3695,0.0,0.0,0.0,4377453.4234,3493849.7491,3732203.2385,-2773.7229,-3328.3481,6364.0288,4377448.2329,3493837.0156,3732268.5994,-2773.6888,-3328.299,6363.7453,0.0,0.0765,3.9732,0.0,0.0,1.0,0.0,1.0,0.0,0.0,-4.1,-36.453,0.0,0.0,-1.0,-0.7071,0.7071,0.0,0.2087414668914636,0.019026297590440448,-0.151,0.7866732242695029,5.325074817395642,,
215.0252,30.141,-0.15,0.142,26.168,-0.083,0.12,-0.289,0.019,-0.001,-0.289,0.019,-0.002,-0.74,-0.329,-0.15,0.006,-0.005,0.006,0.0,-0.0,0.0,863.204,-0.0,0.0,-0.0,0.0,0.0,0.0,0.0,0.0,0.9923,0.0319,-0.1196,-0.0595,0.9702,-0.2351,0.1085,0.2404,0.9646,0.669,0.7326,-0.1252,-0.7377,0.634,-0.2321,-0.0907,0.2476,0.9646,0.0001,-0.0001,0.0001,0.0,0.0,0.0,-0.0341,-0.0491,0.2835,5.1835,12.7236,-65.3035,0.0,0.0434,-0.3695,0.0,0.0,0.0,4376891.0531,3493174.9762,3733493.1705,-2774.883,-3329.2739,6363.0396,4376885.8696,3493162.2526,3733558.474,-2774.8488,-3329.2248,6362.756,0.0,0.0765,3.9732,0.0,0.0,1.0,0.0,1.0,0.0,0.0,-4.1,-36.453,0.0,0.0,-1.0,-0.7071,0.7071,0.0,0.2065526567246231,0.019026297590440448,-0.15070499999999998,0.8101742064727769,5.314671525533843,,
215.2271,30.083,-0.146,0.142,26.109,-0.08,0.12,-0.289,0.019,-0.001,-0.289,0.019,-0.002,-0.739,-0.33,-0.149,0.006,-0.005,0.006,0.0,-0.0,0.0,863.204,-0.0,0.0,-0.0,0.0,0.0,0.0,0.0,0.0,0.9923,0.0319,-0.1196,-0.0595,0.9702,-0.2351,0.1085,0.2404,0.9646,0.669,0.7326,-0.1252,-0.7377,0.634,-0.2321,-0.0907,0.2476,0.9646,0.0001,-0.0001,0.0001,0.0,0.0,0.0,-0.0341,-0.0491,0.2835,5.1766,12.7137,-65.2464,0.0,0.0434,-0.3695,0.0,0.0,0.0,4376331.8221,3492504.0641,3734775.1688,-2776.0359,-3330.194,6362.0559,4376326.6455,3492491.3504,3734840.4151,-2776.0018,-3330.145,6361.7724,0.0,0.0765,3.9732,0.0,0.0,1.0,0.0,1.0,0.0,0.0,-4.1,-36.453,0.0,0.0,-1.0,-0.7071,0.7071,0.0,0.20366639388961547,0.019026297590440448,-0.150415,0.8010025155743073,5.304444560652752,,
215.4287,30.024,-0.142,0.142,26.051,-0.076,0.12,-0.289,0.019,-0.001,-0.289,0.019,-0.002,-0.737,-0.331,-0.148,0.006,-0.005,0.006,0.0,-0.0,0.0,863.204,-0.0,0.0,-0.0,0.0,0.0,0.0,0.0,0.0,0.9923,0.0319,-0.1195,-0.0595,0.9702,-0.235,0.1085,0.2403,0.9646,0.669,0.7326,-0.1252,-0.7377,0.634,-0.2321,-0.0907,0.2476,0.9646,0.0001,-0.0001,0.0001,0.0,0.0,0.0,-0.0342,-0.0491,0.2835,5.1697,12.7038,-65.1892,0.0,0.0434,-0.3695,0.0,0.0,0.0,4375772.0569,3491832.6042,3736057.6606,-2777.1893,-3331.1145,6361.0713,4375766.8871,3491819.9004,3736122.8498,-2777.1552,-3331.0654,6360.7878,0.0,0.0765,3.9732,0.0,0.0,1.0,0.0,1.0,0.0,0.0,-4.1,-36.453,0.0,0.0,-1.0,-0.7071,0.7071,0.0,0.20081832585697948,0.019026297590440448,-0.15012,0.8086183413478273,5.294041268790952,,
215.6428,29.962,-0.138,0.141,25.989,-0.072,0.119,-0.289,0.019,-0.001,-0.289,0.019,-0.002,-0.736,-0.333,-0.147,0.006,-0.005,0.006,0.0,-0.0,0.0,863.204,-0.0,0.0,-0.0,0.0,0.0,0.0,0.0,0.0,0.9923,0.0319,-0.1195,-0.0595,0.9702,-0.235,0.1084,0.2403,0.9646,0.669,0.7326,-0.1252,-0.7377,0.634,-0.2321,-0.0907,0.2476,0.9646,0.0001,-0.0001,0.0001,0.0,0.0,0.0,-0.0342,-0.0491,0.2835,5.1624,12.6933,-65.1283,0.0,0.0434,-0.3695,0.0,0.0,0.0,4375175.6312,3491117.2717,3737423.3423,-2778.4176,-3332.0946,6360.0223,4375170.4688,3491104.5785,3737488.4706,-2778.3834,-3332.0455,6359.7388,0.0,0.0765,3.9732,0.0,0.0,1.0,0.0,1.0,0.0,0.0,-4.1,-36.453,0.0,0.0,-1.0,-0.7071,0.7071,0.0,0.19729419656948857,0.019026297590440448,-0.14981,0.816198548576844,5.283108995987027,,
215.846,29.904,-0.134,0.141,25.93,-0.068,0.119,-0.289,0.019,-0.001,-0.289,0.019,-0.002,-0.735,-0.334,-0.145,0.006,-0.005,0.006,0.0,-0.0,0.0,863.204,-0.0,0.0,-0.0,0.0,0.0,0.0,0.0,0.0,0.9923,0.032,-0.1195,-0.0596,0.9702,-0.235,0.1084,0.2403,0.9646,0.669,0.7326,-0.1252,-0.7377,0.634,-0.2321,-0.0907,0.2476,0.9646,0.0001,-0.0001,0.0001,0.0,0.0,0.0,-0.0342,-0.0491,0.2835,5.1555,12.6833,-65.0707,0.0,0.0434,-0.3695,0.0,0.0,0.0,4374610.8253,3490439.9602,3738715.8573,-2779.5801,-3333.0222,6359.0291,4374605.6698,3490427.2769,3738780.928,-2779.5459,-3332.9731,6358.7455,0.0,0.0765,3.9732,0.0,0.0,1.0,0.0,1.0,0.0,0.0,-4.1,-36.453,0.0,0.0,-1.0,-0.7071,0.7071,0.0,0.19451735141112733,0.019026297590440448,-0.14952,0.8233765811351526,5.272882031105937,,
216.048,29.845,-0.13,0.141,25.872,-0.064,0.119,-0.289,0.019,-0.001,-0.289,0.019,-0.002,-0.733,-0.335,-0.144,0.006,-0.005,0.006,0.0,-0.0,0.0,863.204,-0.0,0.0,-0.0,0.0,0.0,0.0,0.0,0.0,0.9923,0.032,-0.1195,-0.0596,0.9702,-0.235,0.1084,0.2403,0.9646,0.669,0.7326,-0.1252,-0.7377,0.634,-0.2321,-0.0907,0.2476,0.9646,0.0001,-0.0001,0.0001,0.0,0.0,0.0,-0.0342,-0.0491,0.2835,5.1486,12.6734,-65.0137,0.0,0.0434,-0.3695,0.0,0.0,0.0,4374052.0338,3489769.9543,3739993.8784,-2780.7296,-3333.9393,6358.0464,4374046.8852,3489757.2808,3740058.8921,-2780.6954,-3333.8902,6357.7629,0.0,0.0765,3.9732,0.0,0.0,1.0,0.0,1.0,0.0,0.0,-4.1,-36.453,0.0,0.0,-1.0,-0.7071,0.7071,0.0,0.19178373236539117,0.019026297590440448,-0.149225,0.8310842268528201,5.262478739244137,,
216.2485,29.787,-0.127,0.141,25.814,-0.06,0.118,-0.289,0.019,-0.001,-0.289,0.019,-0.002,-0.732,-0.336,-0.143,0.006,-0.005,0.006,0.0,-0.0,0.0,863.204,-0.0,0.0,-0.0,0.0,0.0,0.0,0.0,0.0,0.9923,0.032,-0.1195,-0.0596,0.9702,-0.235,0.1084,0.2403,0.9646,0.669,0.7326,-0.1252,-0.7377,0.634,-0.2321,-0.0907,0.2476,0.9646,0.0001,-0.0001,0.0001,0.0,0.0,0.0,-0.0342,-0.0492,0.2835,5.1418,12.6635,-64.9566,0.0,0.0434,-0.3695,0.0,0.0,0.0,4373492.1955,3489098.7862,3741273.567,-2781.8806,-3334.8576,6357.062,4373487.0537,3489086.1227,3741338.5236,-2781.8464,-3334.8085,6356.7785,0.0,0.0765,3.9732,0.0,0.0,1.0,0.0,1.0,0.0,0.0,-4.1,-36.453,0.0,0.0,-1.0,-0.7071,0.7071,0.0,0.18976301009416982,0.019026297590440448,-0.14893499999999998,0.8546970701019696,5.252251774363046,,
216.4485,29.73,-0.123,0.14,25.756,-0.056,0.118,-0.289,0.019,-0.005,-0.289,0.019,-0.006,-0.731,-0.337,-0.142,0.007,-0.005,0.006,0.0,-0.0,0.0,863.188,-0.0,0.0,-0.0,0.0,0.0,0.0,0.0,0.0,0.9923,0.032,-0.1194,-0.0596,0.9702,-0.2349,0.1084,0.2403,0.9646,0.669,0.7326,-0.1252,-0.7377,0.634,-0.2321,-0.0907,0.2476,0.9646,0.0001,-0.0001,0.0001,0.0,0.0,0.0,-0.0303,-0.0494,0.284,5.1353,12.6537,-64.9,0.0,0.0434,-0.3695,0.0,0.0,0.0,4372936.7717,3488433.0014,3742542.4458,-2783.018,-3335.7683,6356.0859,4372931.6364,3488420.3477,3742607.3458,-2782.9877,-3335.7189,6355.8019,0.0,0.0765,3.9732,0.0,0.0,1.0,0.0,1.0,0.0,0.0,-4.1,-36.453,0.0,0.0,-1.0,-0.7071,0.7071,0.0,0.18635718392377582,0.0196468827043885,-0.14865,0.8603917008034981,5.242201136462664,,
216.6505,29.671,-0.119,0.139,25.698,-0.052,0.116,-0.289,0.019,-0.005,-0.289,0.019,-0.005,-0.729,-0.338,-0.141,0.007,-0.005,0.006,0.0,-0.0,0.0,863.188,-0.0,0.0,-0.0,0.0,0.0,0.0,0.0,0.0,0.9923,0.0321,-0.1194,-0.0596,0.9702,-0.2349,0.1083,0.2402,0.9646,0.669,0.7326,-0.1252,-0.7377,0.634,-0.2321,-0.0907,0.2476,0.9646,0.0001,-0.0001,0.0001,0.0,0.0,0.0,-0.0303,-0.0494,0.284,5.1292,12.6437,-64.8426,0.0,0.0434,-0.3695,0.0,0.0,0.0,4372374.4007,3487758.982,3743826.4691,-2784.173,-3336.6897,6355.0972,4372369.2715,3487746.3383,3743891.3117,-2784.1427,-3336.6403,6354.8132,0.0,0.0765,3.9732,0.0,0.0,1.0,0.0,1.0,0.0,0.0,-4.1,-36.453,0.0,0.0,-1.0,-0.7071,0.7071,0.0,0.18298087331740442,0.0196468827043885,-0.148355,0.8701936440948248,5.231797844600864,,
216.8662,29.608,-0.115,0.138,25.635,-0.048,0.115,-0.289,0.019,-0.005,-0.289,0.019,-0.005,-0.728,-0.339,-0.14,0.007,-0.005,0.006,0.0,-0.0,0.0,863.188,-0.0,0.0,-0.0,0.0,0.0,0.0,0.0,0.0,0.9923,0.0321,-0.1194,-0.0596,0.9702,-0.2349,0.1083,0.2402,0.9647,0.669,0.7326,-0.1252,-0.7377,0.634,-0.2321,-0.0907,0.2476,0.9646,0.0001,-0.0001,0.0001,0.0,0.0,0.0,-0.0303,-0.0494,0.284,5.1226,12.633,-64.7811,0.0,0.0434,-0.3695,0.0,0.0,0.0,4371771.2934,3487036.2425,3745202.6893,-2785.411,-3337.6771,6354.0369,4371766.1708,3487023.6095,3745267.4704,-2785.3806,-3337.6277,6353.7529,0.0,0.0765,3.9732,0.0,0.0,1.0,0.0,1.0,0.0,0.0,-4.1,-36.453,0.0,0.0,-1.0,-0.7071,0.7071,0.0,0.17963574254585307,0.0196468827043885,-0.14804,0.8779680760113223,5.220689244816231,,
217.077,29.548,-0.111,0.137,25.574,-0.044,0.114,-0.289,0.019,-0.005,-0.289,0.019,-0.005,-0.727,-0.34,-0.139,0.007,-0.005,0.006,0.0,-0.0,0.0,863.188,-0.0,0.0,-0.0,0.0,0.0,0.0,0.0,0.0,0.9923,0.0321,-0.1194,-0.0597,0.9702,-0.2349,0.1083,0.2402,0.9647,0.669,0.7326,-0.1252,-0.7377,0.634,-0.2321,-0.0907,0.2476,0.9646,0.0001,-0.0001,0.0001,0.0,0.0,0.0,-0.0304,-0.0494,0.284,5.1162,12.6226,-64.7213,0.0,0.0434,-0.3695,0.0,0.0,0.0,4371184.8345,3486333.5568,3746540.1133,-2786.614,-3338.6367,6353.006,4371179.7183,3486320.9342,3746604.8346,-2786.5837,-3338.5873,6352.722,0.0,0.0765,3.9732,0.0,0.0,1.0,0.0,1.0,0.0,0.0,-4.1,-36.453,0.0,0.0,-1.0,-0.7071,0.7071,0.0,0.17632356620712958,0.0196468827043885,-0.14773999999999998,0.8855330415339677,5.210109625973723,,
217.292,29.485,-0.107,0.136,25.512,-0.04,0.113,-0.289,0.019,-0.005,-0.289,0.019,-0.005,-0.725,-0.341,-0.137,0.007,-0.005,0.006,0.0,-0.0,0.0,863.188,-0.0,0.0,-0.0,0.0,0.0,0.0,0.0,0.0,0.9923,0.0321,-0.1194,-0.0597,0.9702,-0.2349,0.1083,0.2402,0.9647,0.669,0.7326,-0.1252,-0.7377,0.634,-0.2321,-0.0907,0.2476,0.9646,0.0001,-0.0001,0.0001,0.0,0.0,0.0,-0.0304,-0.0495,0.284,5.1097,12.612,-64.6602,0.0,0.0434,-0.3695,0.0,0.0,0.0,4370585.3276,3485615.342,3747906.4724,-2787.8432,-3339.617,6351.9522,4370580.218,3485602.73,3747971.1326,-2787.8128,-3339.5676,6351.6682,0.0,0.0765,3.9732,0.0,0.0,1.0,0.0,1.0,0.0,0.0,-4.1,-36.453,0.0,0.0,-1.0,-0.7071,0.7071,0.0,0.17304623659588786,0.0196468827043885,-0.147425,0.8936303113800022,5.19900102618909,,
217.4933,29.427,-0.103,0.135,25.454,-0.036,0.112,-0.289,0.019,-0.005,-0.289,0.019,-0.005,-0.724,-0.342,-0.136,0.007,-0.005,0.006,0.0,-0.0,0.0,863.188,-0.0,0.0,-0.0,0.0,0.0,0.0,0.0,0.0,0.9923,0.0322,-0.1193,-0.0597,0.9702,-0.2349,0.1082,0.2402,0.9647,0.669,0.7326,-0.1252,-0.7377,0.634,-0.2321,-0.0907,0.2476,0.9646,0.0001,-0.0001,0.0001,0.0,0.0,0.0,-0.0304,-0.0495,0.284,5.1036,12.6021,-64.6032,0.0,0.0434,-0.3695,0.0,0.0,0.0,4370025.2688,3484944.482,3749182.1753,-2788.9908,-3340.5322,6350.9679,4370020.1652,3484931.8799,3749246.7785,-2788.9604,-3340.4828,6350.6839,0.0,0.0765,3.9732,0.0,0.0,1.0,0.0,1.0,0.0,0.0,-4.1,-36.453,0.0,0.0,-1.0,-0.7071,0.7071,0.0,0.16980577139779438,0.0196468827043885,-0.147135,0.9015237483558397,5.188774061307999,,
217.6965,29.369,-0.1,0.134,25.395,-0.033,0.111,-0.289,0.019,-0.005,-0.289,0.019,-0.005,-0.723,-0.344,-0.135,0.007,-0.005,0.006,0.0,-0.0,0.0,863.188,-0.0,0.0,-0.0,0.0,0.0,0.0,0.0,0.0,0.9923,0.0322,-0.1193,-0.0597,0.9702,-0.2348,0.1082,0.2402,0.9647,0.669,0.7326,-0.1252,-0.7377,0.634,-0.2321,-0.0907,0.2476,0.9646,0.0001,-0.0001,0.0001,0.0,0.0,0.0,-0.0304,-0.0495,0.284,5.0974,12.592,-64.5456,0.0,0.0434,-0.3695,0.0,0.0,0.0,4369459.2003,3484266.5167,3750470.833,-2790.1501,-3341.4567,6349.973,4369454.1028,3484253.9247,3750535.3785,-2790.1197,-3341.4072,6349.689,0.0,0.0765,3.9732,0.0,0.0,1.0,0.0,1.0,0.0,0.0,-4.1,-36.453,0.0,0.0,-1.0,-0.7071,0.7071,0.0,0.16720047846821492,0.0196468827043885,-0.146845,0.9072247983301094,5.178547096426908,,
217.8966,29.31,-0.096,0.133,25.337,-0.029,0.11,-0.289,0.019,-0.005,-0.289,0.019,-0.005,-0.721,-0.345,-0.134,0.007,-0.005,0.006,0.0,-0.0,0.0,863.188,-0.0,0.0,-0.0,0.0,0.0,0.0,0.0,0.0,0.9923,0.0322,-0.1193,-0.0597,0.9702,-0.2348,0.1082,0.2401,0.9647,0.669,0.7326,-0.1252,-0.7377,0.634,-0.2321,-0.0907,0.2476,0.9646,0.0001,-0.0001,0.0001,0.0,0.0,0.0,-0.0304,-0.0495,0.284,5.0913,12.5821,-64.4885,0.0,0.0434,-0.3695,0.0,0.0,0.0,4368898.4269,3483594.9868,3751746.7101,-2791.298,-3342.372,6348.9875,4368893.3356,3483582.4047,3751811.1986,-2791.2676,-3342.3225,6348.7035,0.0,0.0765,3.9732,0.0,0.0,1.0,0.0,1.0,0.0,0.0,-4.1,-36.453,0.0,0.0,-1.0,-0.7071,0.7071,0.0,0.16402743672934722,0.0196468827043885,-0.14654999999999999,0.9154305177537538,5.1681438045651085,,
218.1106,29.249,-0.092,0.132,25.276,-0.025,0.109,-0.289,0.019,-0.005,-0.289,0.019,-0.005,-0.72,-0.346,-0.133,0.007,-0.005,0.006,0.0,-0.0,0.0,863.188,-0.0,0.0,-0.0,0.0,0.0,0.0,0.0,0.0,0.9923,0.0323,-0.1193,-0.0598,0.9702,-0.2348,0.1082,0.2401,0.9647,0.669,0.7326,-0.1252,-0.7377,0.634,-0.2321,-0.0907,0.2476,0.9646,0.0001,-0.0001,0.0001,0.0,0.0,0.0,-0.0304,-0.0495,0.284,5.0849,12.5716,-64.4282,0.0,0.0434,-0.3695,0.0,0.0,0.0,4368305.6904,3482885.2802,3753094.5239,-2792.5106,-3343.3389,6347.946,4368300.6055,3482872.7086,3753158.9521,-2792.4802,-3343.2893,6347.662,0.0,0.0765,3.9732,0.0,0.0,1.0,0.0,1.0,0.0,0.0,-4.1,-36.453,0.0,0.0,-1.0,-0.7071,0.7071,0.0,0.16089748288895014,0.0196468827043885,-0.14624499999999999,0.9234092633251779,5.157387858741892,,
218.3263,29.186,-0.088,0.13,25.213,-0.021,0.107,-0.289,0.019,-0.005,-0.289,0.019,-0.005,-0.718,-0.347,-0.132,0.007,-0.005,0.006,0.0,-0.0,0.0,863.188,-0.0,0.0,-0.0,0.0,0.0,0.0,0.0,0.0,0.9923,0.0323,-0.1193,-0.0598,0.9702,-0.2348,0.1081,0.2401,0.9647,0.669,0.7326,-0.1252,-0.7377,0.634,-0.2321,-0.0907,0.2476,0.9646,0.0001,-0.0001,0.0001,0.0,0.0,0.0,-0.0304,-0.0495,0.284,5.0783,12.5608,-64.3665,0.0,0.0434,-0.3695,0.0,0.0,0.0,4367699.3963,3482159.4474,3754472.3329,-2793.7502,-3344.3272,6346.8807,4367694.318,3482146.8865,3754536.6994,-2793.7198,-3344.2777,6346.5966,0.0,0.0765,3.9732,0.0,0.0,1.0,0.0,1.0,0.0,0.0,-4.1,-36.453,0.0,0.0,-1.0,-0.7071,0.7071,0.0,0.15698407562552325,0.0196468827043885,-0.14593,0.9316682495218818,5.146279258957259,,
218.5433,29.124,-0.084,0.129,25.151,-0.017,0.106,-0.289,0.019,-0.005,-0.289,0.019,-0.005,-0.717,-0.348,-0.131,0.007,-0.005,0.006,0.0,-0.0,0.0,863.188,-0.0,0.0,-0.0,0.0,0.0,0.0,0.0,0.0,0.9923,0.0323,-0.1192,-0.0598,0.9702,-0.2348,0.1081,0.2401,0.9647,0.669,0.7326,-0.1252,-0.7377,0.634,-0.2321,-0.0907,0.2476,0.9646,0.0001,-0.0001,0.0001,0.0,0.0,0.0,-0.0305,-0.0495,0.284,5.0717,12.5503,-64.3058,0.0,0.0434,-0.3695,0.0,0.0,0.0,4367101.8956,3481444.2476,3755829.3356,-2794.9711,-3345.3006,6345.8309,4367096.8238,3481431.6973,3755893.6414,-2794.9407,-3345.251,6345.5469,0.0,0.0765,3.9732,0.0,0.0,1.0,0.0,1.0,0.0,0.0,-4.1,-36.453,0.0,0.0,-1.0,-0.7071,0.7071,0.0,0.15393829932800998,0.0196468827043885,-0.14562,0.9397158208249848,5.135346986153333,,
218.7585,29.061,-0.08,0.128,25.088,-0.012,0.105,-0.289,0.019,-0.005,-0.289,0.019,-0.005,-0.716,-0.349,-0.129,0.007,-0.005,0.006,0.0,-0.0,0.0,863.188,-0.0,0.0,-0.0,0.0,0.0,0.0,0.0,0.0,0.9923,0.0323,-0.1192,-0.0598,0.9702,-0.2347,0.1081,0.2401,0.9647,0.669,0.7326,-0.1252,-0.7377,0.634,-0.2321,-0.0907,0.2476,0.9646,0.0001,-0.0001,0.0001,0.0,0.0,0.0,-0.0305,-0.0496,0.284,5.0652,12.5395,-64.2439,0.0,0.0434,-0.3695,0.0,0.0,0.0,4366492.8808,3480715.3719,3757211.6464,-2796.2149,-3346.292,6344.761,4366487.8156,3480702.8324,3757275.8903,-2796.1844,-3346.2425,6344.4769,0.0,0.0765,3.9732,0.0,0.0,1.0,0.0,1.0,0.0,0.0,-4.1,-36.453,0.0,0.0,-1.0,-0.7071,0.7071,0.0,0.15094369811290564,0.0196468827043885,-0.145305,0.9640876899943628,5.124238386368701,,
218.9742,28.999,-0.076,0.127,25.026,-0.008,0.104,-0.289,0.019,-0.005,-0.289,0.019,-0.005,-0.714,-0.35,-0.128,0.007,-0.005,0.006,0.0,-0.0,0.0,863.188,-0.0,0.0,-0.0,0.0,0.0,0.0,0.0,0.0,0.9923,0.0324,-0.1192,-0.0598,0.9702,-0.2347,0.1081,0.2401,0.9647,0.669,0.7326,-0.1252,-0.7377,0.634,-0.2321,-0.0907,0.2476,0.9646,0.0001,-0.0001,0.0001,0.0,0.0,0.0,-0.0305,-0.0496,0.284,5.0586,12.5288,-64.1825,0.0,0.0434,-0.3695,0.0,0.0,0.0,4365888.3548,3479991.9759,3758582.9309,-2797.4488,-3347.2756,6343.699,4365883.2962,3479979.4472,3758647.1135,-2797.4183,-3347.226,6343.415,0.0,0.0765,3.9732,0.0,0.0,1.0,0.0,1.0,0.0,0.0,-4.1,-36.453,0.0,0.0,-1.0,-0.7071,0.7071,0.0,0.14800337833982033,0.0196468827043885,-0.14499499999999999,0.9722094152696618,5.113306113564776,,
219.1913,28.936,-0.072,0.126,24.963,-0.004,0.103,-0.289,0.019,-0.005,-0.289,0.019,-0.005,-0.713,-0.352,-0.127,0.007,-0.005,0.006,0.0,-0.0,0.0,863.188,-0.0,0.0,-0.0,0.0,0.0,0.0,0.0,0.0,0.9923,0.0324,-0.1192,-0.0599,0.9702,-0.2347,0.108,0.24,0.9647,0.669,0.7326,-0.1252,-0.7377,0.634,-0.2321,-0.0907,0.2476,0.9646,0.0001,-0.0001,0.0001,0.0,0.0,0.0,-0.0305,-0.0496,0.284,5.052,12.5181,-64.1213,0.0,0.0434,-0.3695,0.0,0.0,0.0,4365285.0677,3479270.1684,3759950.5743,-2798.6794,-3348.2564,6342.6393,4365280.0157,3479257.6504,3760014.6955,-2798.6489,-3348.2068,6342.3552,0.0,0.0765,3.9732,0.0,0.0,1.0,0.0,1.0,0.0,0.0,-4.1,-36.453,0.0,0.0,-1.0,-0.7071,0.7071,0.0,0.1451206394693739,0.0196468827043885,-0.14468,0.9803656484560499,5.102197513780142,,
219.3948,28.877,-0.068,0.125,24.904,-0.0,0.102,-0.289,0.019,-0.005,-0.289,0.019,-0.005,-0.711,-0.353,-0.126,0.007,-0.005,0.006,0.0,-0.0,0.0,863.188,-0.0,0.0,-0.0,0.0,0.0,0.0,0.0,0.0,0.9923,0.0324,-0.1192,-0.0599,0.9702,-0.2347,0.108,0.24,0.9647,0.669,0.7326,-0.1252,-0.7377,0.634,-0.2321,-0.0907,0.2476,0.9646,0.0001,-0.0001,0.0001,0.0,0.0,0.0,-0.0305,-0.0496,0.2841,5.0457,12.5079,-64.0631,0.0,0.0434,-0.3695,0.0,0.0,0.0,4364711.4636,3478583.9737,3761250.1571,-2799.8488,-3349.1885,6341.6318,4364706.4178,3478571.4658,3761314.2201,-2799.8183,-3349.1389,6341.3477,0.0,0.0765,3.9732,0.0,0.0,1.0,0.0,1.0,0.0,0.0,-4.1,-36.453,0.0,0.0,-1.0,-0.7071,0.7071,0.0,0.14229898102235308,0.0196468827043885,-0.14438499999999999,0.9885620800502285,5.0917942219183425,,
219.5957,28.819,-0.064,0.124,24.846,0.003,0.101,-0.289,0.018,-0.005,-0.289,0.019,-0.005,-0.71,-0.354,-0.125,0.007,-0.005,0.006,0.0,-0.0,0.0,863.188,-0.0,0.0,-0.0,0.0,0.0,0.0,0.0,0.0,0.9923,0.0324,-0.1191,-0.0599,0.9702,-0.2347,0.108,0.24,0.9647,0.669,0.7326,-0.1252,-0.7377,0.634,-0.2321,-0.0907,0.2476,0.9646,0.0001,-0.0001,0.0001,0.0,0.0,0.0,-0.0305,-0.0496,0.2841,5.0396,12.498,-64.0062,0.0,0.0434,-0.3695,0.0,0.0,0.0,4364150.6816,3477913.2109,3762519.9659,-2800.9914,-3350.0991,6340.6469,4364145.642,3477900.7129,3762583.972,-2800.9609,-3350.0495,6340.3628,0.0,0.0765,3.9732,0.0,0.0,1.0,0.0,1.0,0.0,0.0,-4.1,-36.453,0.0,0.0,-1.0,-0.7071,0.7071,0.0,0.13954210834009925,0.018681541692269404,-0.144095,0.9804903052362236,5.081567257037252,,
219.7975,28.761,-0.061,0.123,24.787,0.007,0.099,-0.289,0.018,-0.005,-0.289,0.019,-0.005,-0.709,-0.355,-0.124,0.007,-0.005,0.006,0.0,-0.0,0.0,863.188,-0.0,0.0,-0.0,0.0,0.0,0.0,0.0,0.0,0.9923,0.0325,-0.1191,-0.0599,0.9702,-0.2347,0.108,0.24,0.9648,0.669,0.7326,-0.1252,-0.7377,0.634,-0.2321,-0.0907,0.2476,0.9646,0.0001,-0.0001,0.0001,0.0,0.0,0.0,-0.0305,-0.0496,0.2841,5.0335,12.488,-63.9487,0.0,0.0434,-0.3695,0.0,0.0,0.0,4363584.2304,3477235.7587,3763801.8854,-2802.145,-3351.0184,6339.6521,4363579.1969,3477223.2708,3763865.8341,-2802.1145,-3350.9688,6339.3681,0.0,0.0765,3.9732,0.0,0.0,1.0,0.0,1.0,0.0,0.0,-4.1,-36.453,0.0,0.0,-1.0,-0.7071,0.7071,0.0,0.1372953021774598,0.018681541692269404,-0.143805,1.0050363091967325,5.071340292156161,,
220.0127,28.698,-0.057,0.122,24.725,0.011,0.098,-0.289,0.018,-0.005,-0.289,0.019,-0.005,-0.707,-0.356,-0.123,0.007,-0.005,0.006,0.0,-0.0,0.0,863.188,-0.0,0.0,-0.0,0.0,0.0,0.0,0.0,0.0,0.9924,0.0325,-0.1191,-0.0599,0.9702,-0.2346,0.1079,0.24,0.9648,0.669,0.7326,-0.1252,-0.7377,0.634,-0.2321,-0.0907,0.2476,0.9646,0.0001,-0.0001,0.0001,0.0,0.0,0.0,-0.0306,-0.0496,0.2841,5.0269,12.4773,-63.8876,0.0,0.0434,-0.3695,0.0,0.0,0.0,4362981.4415,3476514.9507,3765165.2402,-2803.3719,-3351.9961,6338.5936,4362976.4146,3476502.4734,3765229.1279,-2803.3414,-3351.9464,6338.3095,0.0,0.0765,3.9732,0.0,0.0,1.0,0.0,1.0,0.0,0.0,-4.1,-36.453,0.0,0.0,-1.0,-0.7071,0.7071,0.0,0.13465882815471106,0.018681541692269404,-0.14349,1.0135966913175103,5.060231692371528,,
220.2254,28.637,-0.053,0.121,24.664,0.015,0.097,-0.289,0.018,-0.005,-0.289,0.019,-0.005,-0.706,-0.357,-0.121,0.007,-0.005,0.006,0.0,-0.0,0.0,863.188,-0.0,0.0,-0.0,0.0,0.0,0.0,0.0,0.0,0.9924,0.0325,-0.1191,-0.0599,0.9702,-0.2346,0.1079,0.24,0.9648,0.669,0.7326,-0.1252,-0.7377,0.634,-0.2321,-0.0907,0.2476,0.9646,0.0001,-0.0001,0.0001,0.0,0.0,0.0,-0.0306,-0.0497,0.2841,5.0204,12.4667,-63.8271,0.0,0.0434,-0.3695,0.0,0.0,0.0,4362383.7791,3475800.3769,3766516.1865,-2804.5877,-3352.9648,6337.5442,4362378.7587,3475787.9102,3766580.0136,-2804.5571,-3352.9151,6337.2601,0.0,0.0765,3.9732,0.0,0.0,1.0,0.0,1.0,0.0,0.0,-4.1,-36.453,0.0,0.0,-1.0,-0.7071,0.7071,0.0,0.13209844813622906,0.018681541692269404,-0.143185,1.0219370919983006,5.049475746548311,,
220.4263,28.579,-0.049,0.12,24.606,0.019,0.096,-0.289,0.018,-0.005,-0.289,0.019,-0.005,-0.705,-0.358,-0.12,0.007,-0.005,0.006,0.0,-0.0,0.0,863.188,-0.0,0.0,-0.0,0.0,0.0,0.0,0.0,0.0,0.9924,0.0325,-0.1191,-0.06,0.9702,-0.2346,0.1079,0.2399,0.9648,0.669,0.7326,-0.1252,-0.7377,0.634,-0.2321,-0.0907,0.2476,0.9646,0.0001,-0.0001,0.0001,0.0,0.0,0.0,-0.0306,-0.0497,0.2841,5.0143,12.4568,-63.7701,0.0,0.0434,-0.3695,0.0,0.0,0.0,4361821.3956,3475128.0772,3767786.6499,-2805.7311,-3353.8757,6336.5567,4361816.3813,3475115.6204,3767850.42,-2805.7005,-3353.8261,6336.2726,0.0,0.0765,3.9732,0.0,0.0,1.0,0.0,1.0,0.0,0.0,-4.1,-36.453,0.0,0.0,-1.0,-0.7071,0.7071,0.0,0.12961867149450346,0.018681541692269404,-0.142895,1.0303128447705951,5.0392487816672205,,
220.6304,28.52,-0.045,0.119,24.547,0.023,0.095,-0.289,0.018,-0.005,-0.289,0.019,-0.005,-0.703,-0.359,-0.119,0.007,-0.005,0.006,0.0,-0.0,0.0,863.188,-0.0,0.0,-0.0,0.0,0.0,0.0,0.0,0.0,0.9924,0.0326,-0.119,-0.06,0.9702,-0.2346,0.1079,0.2399,0.9648,0.669,0.7326,-0.1252,-0.7377,0.634,-0.2321,-0.0907,0.2476,0.9646,0.0001,-0.0001,0.0001,0.0,0.0,0.0,-0.0306,-0.0497,0.2841,5.008,12.4467,-63.7124,0.0,0.0434,-0.3695,0.0,0.0,0.0,4361251.2094,3474446.5433,3769074.0101,-2806.8897,-3354.7988,6335.5557,4361246.2014,3474434.0966,3769137.7225,-2806.8591,-3354.7491,6335.2716,0.0,0.0765,3.9732,0.0,0.0,1.0,0.0,1.0,0.0,0.0,-4.1,-36.453,0.0,0.0,-1.0,-0.7071,0.7071,0.0,0.1272242115322394,0.018681541692269404,-0.1426,1.0387240897841412,5.028845489805421,,
220.8335,28.461,-0.042,0.118,24.488,0.027,0.094,-0.289,0.018,-0.005,-0.289,0.019,-0.005,-0.702,-0.36,-0.118,0.007,-0.005,0.006,0.0,-0.0,0.0,863.188,-0.0,0.0,-0.0,0.0,0.0,0.0,0.0,0.0,0.9924,0.0326,-0.119,-0.06,0.9702,-0.2346,0.1078,0.2399,0.9648,0.669,0.7326,-0.1252,-0.7377,0.634,-0.2321,-0.0907,0.2476,0.9646,0.0001,-0.0001,0.0001,0.0,0.0,0.0,-0.0306,-0.0497,0.2841,5.0018,12.4365,-63.6545,0.0,0.0434,-0.3695,0.0,0.0,0.0,4360678.6407,3473762.256,3770366.0112,-2808.0525,-3355.7251,6334.5505,4360673.6389,3473749.8195,3770429.6657,-2808.0219,-3355.6754,6334.2664,0.0,0.0765,3.9732,0.0,0.0,1.0,0.0,1.0,0.0,0.0,-4.1,-36.453,0.0,0.0,-1.0,-0.7071,0.7071,0.0,0.1252517464948094,0.018681541692269404,-0.142305,1.0614341417409072,5.018442197943622,,
221.0361,28.402,-0.038,0.117,24.429,0.031,0.093,-0.289,0.018,-0.005,-0.289,0.019,-0.005,-0.701,-0.361,-0.117,0.007,-0.005,0.006,0.0,-0.0,0.0,863.188,-0.0,0.0,-0.0,0.0,0.0,0.0,0.0,0.0,0.9924,0.0326,-0.119,-0.06,0.9702,-0.2346,0.1078,0.2399,0.9648,0.669,0.7326,-0.1252,-0.7377,0.634,-0.2321,-0.0907,0.2476,0.9646,0.0001,-0.0001,0.0001,0.0,0.0,0.0,-0.0306,-0.0497,0.2841,4.9956,12.4265,-63.5969,0.0,0.0434,-0.3695,0.0,0.0,0.0,4360109.2642,3473081.877,3771650.0747,-2809.2082,-3356.6457,6333.551,4360104.2686,3473069.4506,3771713.6716,-2809.1775,-3356.596,6333.2669,0.0,0.0765,3.9732,0.0,0.0,1.0,0.0,1.0,0.0,0.0,-4.1,-36.453,0.0,0.0,-1.0,-0.7071,0.7071,0.0,0.12301625908797585,0.018681541692269404,-0.14201,1.0699161066848313,5.008038906081822,,
221.2427,28.343,-0.034,0.116,24.369,0.034,0.092,-0.289,0.018,-0.005,-0.289,0.019,-0.005,-0.699,-0.362,-0.116,0.007,-0.005,0.006,0.0,-0.0,0.0,863.188,-0.0,0.0,-0.0,0.0,0.0,0.0,0.0,0.0,0.9924,0.0326,-0.119,-0.06,0.9703,-0.2345,0.1078,0.2399,0.9648,0.669,0.7326,-0.1252,-0.7377,0.634,-0.2321,-0.0907,0.2476,0.9646,0.0001,-0.0001,0.0001,0.0,0.0,0.0,-0.0307,-0.0497,0.2841,4.9893,12.4162,-63.5384,0.0,0.0434,-0.3695,0.0,0.0,0.0,4359530.7527,3472390.678,3772953.9914,-2810.3818,-3357.5806,6332.5356,4359525.7634,3472378.2617,3773017.5298,-2810.3511,-3357.5308,6332.2515,0.0,0.0765,3.9732,0.0,0.0,1.0,0.0,1.0,0.0,0.0,-4.1,-36.453,0.0,0.0,-1.0,-0.7071,0.7071,0.0,0.12088010589009261,0.018681541692269404,-0.141715,1.0618818735363866,4.997635614220023,,
221.4491,28.283,-0.03,0.115,24.309,0.038,0.091,-0.289,0.018,-0.005,-0.289,0.019,-0.005,-0.698,-0.364,-0.115,0.007,-0.005,0.006,0.0,-0.0,0.0,863.188,-0.0,0.0,-0.0,0.0,0.0,0.0,0.0,0.0,0.9924,0.0327,-0.119,-0.0601,0.9703,-0.2345,0.1078,0.2399,0.9648,0.669,0.7326,-0.1252,-0.7377,0.634,-0.2321,-0.0907,0.2476,0.9646,0.0001,-0.0001,0.0001,0.0,0.0,0.0,-0.0307,-0.0497,0.2841,4.9829,12.4059,-63.4795,0.0,0.0434,-0.3695,0.0,0.0,0.0,4358948.2073,3471694.7565,3774266.2394,-2811.5629,-3358.5213,6331.5131,4358943.2243,3471682.3506,3774329.7189,-2811.5323,-3358.4716,6331.229,0.0,0.0765,3.9732,0.0,0.0,1.0,0.0,1.0,0.0,0.0,-4.1,-36.453,0.0,0.0,-1.0,-0.7071,0.7071,0.0,0.11884864324004712,0.018681541692269404,-0.141415,1.0704349763569552,4.987055995377515,,
221.6657,28.22,-0.026,0.114,24.247,0.042,0.09,-0.289,0.018,-0.005,-0.289,0.019,-0.005,-0.697,-0.365,-0.113,0.007,-0.005,0.006,0.0,-0.0,0.0,863.188,-0.0,0.0,-0.0,0.0,0.0,0.0,0.0,0.0,0.9924,0.0327,-0.1189,-0.0601,0.9703,-0.2345,0.1077,0.2399,0.9648,0.669,0.7326,-0.1252,-0.7377,0.634,-0.2321,-0.0907,0.2476,0.9646,0.0001,-0.0001,0.0001,0.0,0.0,0.0,-0.0307,-0.0498,0.2841,4.9763,12.3952,-63.418,0.0,0.0434,-0.3695,0.0,0.0,0.0,4358339.2001,3470967.3274,3775637.2801,-2812.797,-3359.5042,6330.4443,4358334.2238,3470954.9322,3775700.6981,-2812.7663,-3359.4544,6330.1602,0.0,0.0765,3.9732,0.0,0.0,1.0,0.0,1.0,0.0,0.0,-4.1,-36.453,0.0,0.0,-1.0,-0.7071,0.7071,0.0,0.11692732785794774,0.018681541692269404,-0.1411,1.079286319315157,4.975947395592882,,
221.8693,28.161,-0.023,0.113,24.188,0.046,0.089,-0.289,0.018,-0.005,-0.289,0.019,-0.005,-0.695,-0.366,-0.112,0.007,-0.005,0.006,0.0,-0.0,0.0,863.188,-0.0,0.0,-0.0,0.0,0.0,0.0,0.0,0.0,0.9924,0.0327,-0.1189,-0.0601,0.9703,-0.2345,0.1077,0.2398,0.9648,0.669,0.7326,-0.1252,-0.7377,0.634,-0.2321,-0.0907,0.2476,0.9646,0.0001,-0.0001,0.0001,0.0,0.0,0.0,-0.0307,-0.0498,0.2841,4.9701,12.3851,-63.3603,0.0,0.0434,-0.3695,0.0,0.0,0.0,4357768.3306,3470285.5482,3776921.7062,-2813.9532,-3360.4249,6329.4425,4357763.3605,3470273.1632,3776985.0665,-2813.9225,-3360.3751,6329.1583,0.0,0.0765,3.9732,0.0,0.0,1.0,0.0,1.0,0.0,0.0,-4.1,-36.453,0.0,0.0,-1.0,-0.7071,0.7071,0.0,0.11531695452100701,0.018681541692269404,-0.140805,1.1021708136950705,4.965544103731083,,
222.0737,28.102,-0.019,0.112,24.129,0.05,0.088,-0.289,0.018,-0.005,-0.289,0.019,-0.005,-0.694,-0.367,-0.111,0.007,-0.005,0.006,0.0,-0.0,0.0,863.188,-0.0,0.0,-0.0,0.0,0.0,0.0,0.0,0.0,0.9924,0.0327,-0.1189,-0.0601,0.9703,-0.2345,0.1077,0.2398,0.9648,0.669,0.7326,-0.1252,-0.7377,0.634,-0.2321,-0.0907,0.2476,0.9646,0.0001,-0.0001,0.0001,0.0,0.0,0.0,-0.0307,-0.0498,0.2841,4.9638,12.3749,-63.3021,0.0,0.0434,-0.3695,0.0,0.0,0.0,4357191.3547,3469596.5708,3778219.1287,-2815.1211,-3361.3549,6328.43,4357186.3909,3469584.196,3778282.4308,-2815.0904,-3361.3051,6328.1459,0.0,0.0765,3.9732,0.0,0.0,1.0,0.0,1.0,0.0,0.0,-4.1,-36.453,0.0,0.0,-1.0,-0.7071,0.7071,0.0,0.11360017605620161,0.018681541692269404,-0.14051,1.1108329603423768,4.955140811869283,,
222.2747,28.044,-0.015,0.111,24.07,0.054,0.087,-0.289,0.018,-0.005,-0.289,0.019,-0.005,-0.693,-0.368,-0.11,0.007,-0.005,0.006,0.0,-0.0,0.0,863.188,-0.0,0.0,-0.0,0.0,0.0,0.0,0.0,0.0,0.9924,0.0328,-0.1189,-0.0601,0.9703,-0.2344,0.1077,0.2398,0.9648,0.669,0.7326,-0.1252,-0.7377,0.634,-0.2321,-0.0907,0.2476,0.9646,0.0001,-0.0001,0.0001,0.0,0.0,0.0,-0.0307,-0.0498,0.2841,4.9576,12.3649,-63.2448,0.0,0.0434,-0.3695,0.0,0.0,0.0,4356624.1039,3468919.2992,3779493.9561,-2816.2687,-3362.2687,6327.4347,4356619.1463,3468906.9344,3779557.2009,-2816.2379,-3362.2189,6327.1505,0.0,0.0765,3.9732,0.0,0.0,1.0,0.0,1.0,0.0,0.0,-4.1,-36.453,0.0,0.0,-1.0,-0.7071,0.7071,0.0,0.11200892821556682,0.018681541692269404,-0.14022,1.1192719605355053,4.944913846988192,,
222.4906,27.981,-0.011,0.11,24.008,0.058,0.086,-0.289,0.018,-0.005,-0.289,0.019,-0.005,-0.691,-0.369,-0.109,0.007,-0.005,0.006,0.0,-0.0,0.0,863.188,-0.0,0.0,-0.0,0.0,0.0,0.0,0.0,0.0,0.9924,0.0328,-0.1189,-0.0601,0.9703,-0.2344,0.1076,0.2398,0.9648,0.669,0.7326,-0.1252,-0.7377,0.634,-0.2321,-0.0907,0.2476,0.9646,0.0001,-0.0001,0.0001,0.0,0.0,0.0,-0.0307,-0.0498,0.2841,4.951,12.3541,-63.1836,0.0,0.0434,-0.3695,0.0,0.0,0.0,4356017.3899,3468195.0128,3780856.6766,-2817.4954,-3363.2454,6326.3702,4356012.4388,3468182.6587,3780919.8602,-2817.4647,-3363.1956,6326.086,0.0,0.0765,3.9732,0.0,0.0,1.0,0.0,1.0,0.0,0.0,-4.1,-36.453,0.0,0.0,-1.0,-0.7071,0.7071,0.0,0.11054863183232978,0.018681541692269404,-0.139905,1.1282794448951698,4.9338052472035585,,
222.6921,27.923,-0.007,0.109,23.95,0.062,0.085,-0.29,0.018,-0.005,-0.289,0.019,-0.005,-0.69,-0.37,-0.108,0.007,-0.005,0.006,0.0,-0.0,0.0,863.188,-0.0,0.0,-0.0,0.0,0.0,0.0,0.0,0.0,0.9924,0.0328,-0.1188,-0.0602,0.9703,-0.2344,0.1076,0.2398,0.9648,0.669,0.7326,-0.1252,-0.7377,0.634,-0.2321,-0.0907,0.2476,0.9646,0.0001,-0.0001,0.0001,0.0,0.0,0.0,-0.0308,-0.0498,0.2841,4.9448,12.3441,-63.1264,0.0,0.0434,-0.3695,0.0,0.0,0.0,4355449.6311,3467517.325,3782131.1553,-2818.6427,-3364.1589,6325.3741,4355444.6863,3467504.9809,3782194.2817,-2818.612,-3364.1091,6325.09,0.0,0.0765,3.9732,0.0,0.0,1.0,0.0,1.0,0.0,0.0,-4.1,-36.453,0.0,0.0,-1.0,-0.7071,0.7071,0.0,0.10922453936730518,0.018681541692269404,-0.139615,1.1370513578071944,4.923578282322468,,
222.9091,27.86,-0.004,0.108,23.887,0.066,0.083,-0.29,0.018,-0.005,-0.29,0.019,-0.005,-0.688,-0.371,-0.107,0.007,-0.005,0.006,0.0,-0.0,0.0,863.188,-0.0,0.0,-0.0,0.0,0.0,0.0,0.0,0.0,0.9924,0.0329,-0.1188,-0.0602,0.9703,-0.2344,0.1076,0.2398,0.9649,0.669,0.7326,-0.1252,-0.7377,0.634,-0.2321,-0.0907,0.2476,0.9646,0.0001,-0.0001,0.0001,0.0,0.0,0.0,-0.0308,-0.0498,0.2841,4.9382,12.3333,-63.0648,0.0,0.0434,-0.3695,0.0,0.0,0.0,4354839.107,3466788.6943,3783500.8298,-2819.8758,-3365.1406,6324.3031,4354834.1689,3466776.361,3783563.8946,-2819.845,-3365.0907,6324.0189,0.0,0.0765,3.9732,0.0,0.0,1.0,0.0,1.0,0.0,0.0,-4.1,-36.453,0.0,0.0,-1.0,-0.7071,0.7071,0.0,0.10807404868885037,0.018681541692269404,-0.1393,1.1626751660780994,4.912469682537834,,
223.1239,27.798,0.0,0.107,23.825,0.07,0.082,-0.29,0.018,-0.005,-0.29,0.019,-0.005,-0.687,-0.372,-0.105,0.007,-0.005,0.006,0.0,-0.0,0.0,863.188,-0.0,0.0,-0.0,0.0,0.0,0.0,0.0,0.0,0.9924,0.0329,-0.1188,-0.0602,0.9703,-0.2344,0.1076,0.2397,0.9649,0.669,0.7326,-0.1252,-0.7377,0.634,-0.2321,-0.0907,0.2476,0.9646,0.0001,-0.0001,0.0001,0.0,0.0,0.0,-0.0308,-0.0499,0.2841,4.9315,12.3226,-63.0036,0.0,0.0434,-0.3695,0.0,0.0,0.0,4354231.0706,3466063.1377,3784864.0975,-2821.1031,-3366.1176,6323.2365,4354226.1391,3466050.8151,3784927.101,-2821.0724,-3366.0677,6322.9523,0.0,0.0765,3.9732,0.0,0.0,1.0,0.0,1.0,0.0,0.0,-4.1,-36.453,0.0,0.0,-1.0,-0.7071,0.7071,0.0,0.107,0.018681541692269404,-0.13899,1.171545920575759,4.901537409733909,,
223.34,27.735,0.004,0.106,23.762,0.074,0.081,-0.29,0.018,-0.005,-0.29,0.019,-0.005,-0.686,-0.374,-0.104,0.007,-0.005,0.006,0.0,-0.0,0.0,863.188,-0.0,0.0,-0.0,0.0,0.0,0.0,0.0,0.0,0.9924,0.0329,-0.1188,-0.0602,0.9703,-0.2344,0.1075,0.2397,0.9649,0.669,0.7326,-0.1252,-0.7377,0.634,-0.2321,-0.0907,0.2476,0.9646,0.0001,-0.0001,0.0001,0.0,0.0,0.0,-0.0308,-0.0499,0.2842,4.9249,12.3118,-62.9422,0.0,0.0434,-0.3695,0.0,0.0,0.0,4353621.2975,3465335.6146,3786230.4333,-2822.3333,-3367.0968,6322.1669,4353616.3726,3465323.3028,3786293.3754,-2822.3025,-3367.0469,6321.8828,0.0,0.0765,3.9732,0.0,0.0,1.0,0.0,1.0,0.0,0.0,-4.1,-36.453,0.0,0.0,-1.0,-0.7071,0.7071,0.0,0.10607544484940895,0.018681541692269404,-0.138675,1.1804617617906772,4.890428809949276,,
223.5549,27.673,0.008,0.105,23.7,0.078,0.08,-0.29,0.018,-0.005,-0.29,0.019,-0.005,-0.684,-0.375,-0.103,0.007,-0.005,0.006,0.0,-0.0,0.0,863.188,-0.0,0.0,-0.0,0.0,0.0,0.0,0.0,0.0,0.9924,0.0329,-0.1188,-0.0602,0.9703,-0.2343,0.1075,0.2397,0.9649,0.669,0.7326,-0.1252,-0.7377,0.634,-0.2321,-0.0907,0.2476,0.9646,0.0001,-0.0001,0.0001,0.0,0.0,0.0,-0.0308,-0.0499,0.2842,4.9182,12.3011,-62.881,0.0,0.0434,-0.3695,0.0,0.0,0.0,4353014.0208,3464611.1748,3787590.3543,-2823.5577,-3368.0713,6321.1018,4353009.1026,3464598.8738,3787653.2354,-2823.5269,-3368.0214,6320.8177,0.0,0.0765,3.9732,0.0,0.0,1.0,0.0,1.0,0.0,0.0,-4.1,-36.453,0.0,0.0,-1.0,-0.7071,0.7071,0.0,0.10530432089900205,0.018681541692269404,-0.138365,1.1894140347956053,4.879496537145351,,
223.7659,27.612,0.012,0.104,23.639,0.082,0.079,-0.283,0.018,-0.005,-0.283,0.019,-0.005,-0.683,-0.376,-0.102,0.007,-0.005,0.005,0.0,-0.0,0.0,863.17,-0.0,0.0,1.0,0.0,0.0,0.0,0.0,0.0,0.9924,0.033,-0.1187,-0.0603,0.9703,-0.2343,0.1075,0.2397,0.9649,0.669,0.7326,-0.1252,-0.7377,0.634,-0.2321,-0.0907,0.2476,0.9646,0.0001,-0.0001,0.0001,0.0,0.0,0.0,-0.0301,-0.0484,0.2782,4.9118,12.2906,-62.821,0.0,0.0434,-0.3695,0.0,0.0,0.0,4352412.4933,3463893.6959,3788936.5926,-2824.7691,-3369.0345,6320.041,4352407.5816,3463881.4054,3788999.4136,-2824.739,-3368.9861,6319.7627,0.0,0.0765,3.9732,0.0,0.0,1.0,0.0,1.0,0.0,0.0,-4.1,-36.453,0.0,0.0,-1.0,-0.7071,0.7071,0.0,0.1046900186264192,0.018681541692269404,-0.13806,1.1984020024328763,4.868740591322134,,
223.974,27.554,0.016,0.103,23.581,0.085,0.078,-0.276,0.018,-0.005,-0.276,0.019,-0.005,-0.681,-0.377,-0.101,0.007,-0.005,0.005,0.0,-0.0,0.0,863.146,-0.0,0.0,1.0,0.0,0.0,0.0,0.0,0.0,0.9924,0.033,-0.1187,-0.0603,0.9703,-0.2343,0.1075,0.2397,0.9649,0.669,0.7326,-0.1252,-0.7377,0.634,-0.2321,-0.0907,0.2476,0.9646,0.0001,-0.0001,0.0001,0.0,0.0,0.0,-0.0292,-0.0464,0.2708,4.9056,12.2808,-62.7641,0.0,0.0434,-0.3695,0.0,0.0,0.0,4351826.6678,3463195.045,3790246.9187,-2825.9479,-3369.9715,6319.0062,4351821.7621,3463182.7642,3790309.6828,-2825.9188,-3369.925,6318.7354,0.0,0.0765,3.9732,0.0,0.0,1.0,0.0,1.0,0.0,0.0,-4.1,-36.453,0.0,0.0,-1.0,-0.7071,0.7071,0.0,0.10423531071570707,0.018681541692269404,-0.13777,1.1910998634482743,4.858513626441043,,
224.1832,27.497,0.02,0.102,23.524,0.089,0.077,-0.268,0.019,-0.004,-0.268,0.019,-0.005,-0.68,-0.378,-0.1,0.007,-0.005,0.005,0.0,-0.0,0.0,863.123,-0.0,0.0,1.0,0.0,0.0,0.0,0.0,0.0,0.9924,0.033,-0.1187,-0.0603,0.9703,-0.2343,0.1074,0.2397,0.9649,0.669,0.7326,-0.1252,-0.7377,0.634,-0.2321,-0.0907,0.2476,0.9646,0.0001,-0.0001,0.0001,0.0,0.0,0.0,-0.0283,-0.0445,0.2632,4.8996,12.2713,-62.7082,0.0,0.0434,-0.3695,0.0,0.0,0.0,4351235.4637,3462490.0782,3791568.5035,-2827.137,-3370.9165,6317.962,4351230.564,3462477.807,3791631.2117,-2827.1087,-3370.872,6317.6987,0.0,0.0765,3.9732,0.0,0.0,1.0,0.0,1.0,0.0,0.0,-4.1,-36.453,0.0,0.0,-1.0,-0.7071,0.7071,0.0,0.10394229168149025,0.0194164878389476,-0.137485,1.2001405240559802,4.848462988540661,,
224.3922,27.442,0.024,0.101,23.469,0.093,0.076,-0.26,0.019,-0.004,-0.26,0.019,-0.005,-0.679,-0.379,-0.099,0.007,-0.005,0.005,0.0,-0.0,0.0,863.1,-0.0,0.0,1.0,0.0,0.0,0.0,0.0,0.0,0.9924,0.033,-0.1187,-0.0603,0.9703,-0.2343,0.1074,0.2396,0.9649,0.669,0.7326,-0.1252,-0.7377,0.634,-0.2321,-0.0907,0.2476,0.9646,0.0001,-0.0001,0.0001,0.0,0.0,0.0,-0.0273,-0.0426,0.2557,4.8938,12.2622,-62.654,0.0,0.0434,-0.3695,0.0,0.0,0.0,4350644.4896,3461785.4843,3792888.8002,-2828.3249,-3371.8605,6316.9182,4350639.5958,3461773.2222,3792951.4542,-2828.2976,-3371.818,6316.6625,0.0,0.0765,3.9732,0.0,0.0,1.0,0.0,1.0,0.0,0.0,-4.1,-36.453,0.0,0.0,-1.0,-0.7071,0.7071,0.0,0.10381233067415452,0.0194164878389476,-0.13721,1.2092069974423343,4.8387650046016955,,
224.6015,27.388,0.028,0.1,23.415,0.097,0.075,-0.252,0.019,-0.004,-0.252,0.019,-0.005,-0.677,-0.38,-0.098,0.007,-0.005,0.005,0.0,-0.0,0.0,863.076,-0.0,0.0,1.0,0.0,0.0,0.0,0.0,0.0,0.9924,0.0331,-0.1187,-0.0603,0.9703,-0.2342,0.1074,0.2396,0.9649,0.669,0.7326,-0.1252,-0.7377,0.634,-0.2321,-0.0907,0.2476,0.9646,0.0001,-0.0001,0.0001,0.0,0.0,0.0,-0.0264,-0.0406,0.2481,4.8882,12.2534,-62.6011,0.0,0.0434,-0.3695,0.0,0.0,0.0,4350050.2374,3461077.0809,3794215.6413,-2829.5188,-3372.8092,6315.8688,4350045.3492,3461064.8274,3794278.2424,-2829.4923,-3372.7686,6315.6207,0.0,0.0765,3.9732,0.0,0.0,1.0,0.0,1.0,0.0,0.0,-4.1,-36.453,0.0,0.0,-1.0,-0.7071,0.7071,0.0,0.10384603988597736,0.0194164878389476,-0.13694,1.218304031774029,4.829243347643439,,
224.8144,27.336,0.032,0.1,23.362,0.101,0.074,-0.244,0.019,-0.004,-0.244,0.019,-0.005,-0.676,-0.382,-0.097,0.007,-0.005,0.005,0.0,-0.0,0.0,863.052,-0.0,0.0,1.0,0.0,0.0,0.0,0.0,0.0,0.9924,0.0331,-0.1186,-0.0604,0.9703,-0.2342,0.1074,0.2396,0.9649,0.669,0.7326,-0.1252,-0.7377,0.634,-0.2321,-0.0907,0.2476,0.9646,0.0001,-0.0001,0.0001,0.0,0.0,0.0,-0.0255,-0.0387,0.2405,4.8827,12.245,-62.5494,0.0,0.0434,-0.3695,0.0,0.0,0.0,4349451.3276,3460363.2269,3795552.0943,-2830.7213,-3373.7648,6314.8112,4349446.4449,3460350.9818,3795614.6437,-2830.6958,-3373.7261,6314.5707,0.0,0.0765,3.9732,0.0,0.0,1.0,0.0,1.0,0.0,0.0,-4.1,-36.453,0.0,0.0,-1.0,-0.7071,0.7071,0.0,0.1049952379872535,0.0194164878389476,-0.13668,1.2296275530701295,4.820074344646598,,
225.0267,27.284,0.036,0.099,23.311,0.106,0.073,-0.236,0.019,-0.004,-0.236,0.019,-0.005,-0.675,-0.383,-0.096,0.007,-0.005,0.004,0.0,-0.0,0.0,863.029,-0.0,0.0,1.0,0.0,0.0,0.0,0.0,0.0,0.9924,0.0331,-0.1186,-0.0604,0.9703,-0.2342,0.1073,0.2396,0.9649,0.669,0.7326,-0.1252,-0.7377,0.634,-0.2321,-0.0907,0.2476,0.9646,0.0001,-0.0001,0.0001,0.0,0.0,0.0,-0.0246,-0.0367,0.2328,4.8774,12.237,-62.499,0.0,0.0434,-0.3695,0.0,0.0,0.0,4348848.0245,3459644.2382,3796897.5499,-2831.932,-3374.7267,6313.7459,4348843.1471,3459632.0012,3796960.0488,-2831.9074,-3374.69,6313.5131,0.0,0.0765,3.9732,0.0,0.0,1.0,0.0,1.0,0.0,0.0,-4.1,-36.453,0.0,0.0,-1.0,-0.7071,0.7071,0.0,0.10534229919647663,0.0194164878389476,-0.13641999999999999,1.2553412633558452,4.810905341649758,,
225.2343,27.236,0.04,0.098,23.263,0.11,0.072,-0.228,0.019,-0.004,-0.228,0.019,-0.005,-0.673,-0.384,-0.095,0.007,-0.005,0.004,0.0,-0.0,0.0,863.005,-0.0,0.0,1.0,0.0,0.0,0.0,0.0,0.0,0.9924,0.0331,-0.1186,-0.0604,0.9703,-0.2342,0.1073,0.2396,0.9649,0.669,0.7326,-0.1252,-0.7377,0.634,-0.2321,-0.0907,0.2476,0.9646,0.0001,-0.0001,0.0001,0.0,0.0,0.0,-0.0236,-0.0348,0.2253,4.8723,12.2296,-62.4511,0.0,0.0434,-0.3694,0.0,0.0,0.0,4348256.319,3458939.1701,3798216.3621,-2833.1187,-3375.6695,6312.7012,4348251.4466,3458926.9406,3798278.8132,-2833.0951,-3375.6348,6312.4759,0.0,0.0765,3.9732,0.0,0.0,1.0,0.0,1.0,0.0,0.0,-4.1,-36.453,0.0,0.0,-1.0,-0.7071,0.7071,0.0,0.10584894897919395,0.0194164878389476,-0.13618,1.2645082229131765,4.802441646575752,,
225.4446,27.189,0.044,0.097,23.216,0.114,0.071,-0.221,0.019,-0.004,-0.22,0.02,-0.004,-0.672,-0.385,-0.094,0.007,-0.005,0.004,0.0,-0.0,0.0,862.982,-0.0,0.0,1.0,0.0,0.0,0.0,0.0,0.0,0.9924,0.0332,-0.1186,-0.0604,0.9703,-0.2342,0.1073,0.2396,0.9649,0.669,0.7326,-0.1252,-0.7377,0.634,-0.2321,-0.0907,0.2476,0.9646,0.0001,-0.0001,0.0001,0.0,0.0,0.0,-0.0227,-0.0328,0.2177,4.8675,12.2225,-62.4048,0.0,0.0434,-0.3694,0.0,0.0,0.0,4347663.9517,3458233.4121,3799535.8779,-2834.3061,-3376.6128,6311.6554,4347659.0842,3458221.1896,3799598.2827,-2834.2834,-3376.58,6311.4376,0.0,0.0765,3.9732,0.0,0.0,1.0,0.0,1.0,0.0,0.0,-4.1,-36.453,0.0,0.0,-1.0,-0.7071,0.7071,0.0,0.10651291001564084,0.0194164878389476,-0.135945,1.2737001737060158,4.794154278482454,,
225.6527,27.144,0.047,0.096,23.171,0.117,0.07,-0.213,0.014,-0.004,-0.213,0.014,-0.004,-0.671,-0.386,-0.093,0.007,-0.005,0.004,0.0,-0.0,0.0,862.935,-0.0,-1.0,1.0,0.0,0.0,0.0,0.0,0.0,0.9924,0.0332,-0.1186,-0.0604,0.9703,-0.2342,0.1073,0.2396,0.9649,0.669,0.7326,-0.1252,-0.7377,0.634,-0.2321,-0.0907,0.2476,0.9646,0.0001,-0.0001,0.0001,0.0,0.0,0.0,-0.022,-0.0365,0.2089,4.8629,12.2155,-62.3606,0.0,0.0434,-0.3694,0.0,0.0,0.0,4347077.1952,3457534.4359,3800842.1355,-2835.4818,-3377.5523,6310.6182,4347072.3323,3457522.2204,3800904.4961,-2835.4598,-3377.5157,6310.4093,0.0,0.0765,3.9732,0.0,0.0,1.0,0.0,1.0,0.0,0.0,-4.1,-36.453,0.0,0.0,-1.0,-0.7071,0.7071,0.0,0.10688779163215975,0.014560219778561038,-0.13571999999999998,1.2807905005675784,4.786219564350573,,
225.8655,27.1,0.05,0.095,23.126,0.12,0.069,-0.205,0.013,-0.004,-0.205,0.013,-0.004,-0.669,-0.387,-0.092,0.007,-0.005,0.004,0.0,-0.0,0.0,862.909,-0.0,0.0,1.0,0.0,0.0,0.0,0.0,0.0,0.9924,0.0332,-0.1185,-0.0604,0.9703,-0.2342,0.1072,0.2395,0.9649,0.669,0.7326,-0.1252,-0.7377,0.634,-0.2321,-0.0907,0.2476,0.9646,0.0001,-0.0001,0.0001,0.0,0.0,0.0,-0.0211,-0.0352,0.201,4.8583,12.2077,-62.3167,0.0,0.0434,-0.3694,0.0,0.0,0.0,4346469.556,3456810.6839,3802194.0864,-2836.6985,-3378.5193,6309.5454,4346464.6977,3456798.4761,3802256.4031,-2836.6774,-3378.4841,6309.3444,0.0,0.0765,3.9732,0.0,0.0,1.0,0.0,1.0,0.0,0.0,-4.1,-36.453,0.0,0.0,-1.0,-0.7071,0.7071,0.0,0.10735455276791944,0.013601470508735444,-0.1355,1.287638603303253,4.778461177199401,,
226.0768,27.057,0.053,0.094,23.084,0.123,0.068,-0.197,0.013,-0.004,-0.197,0.013,-0.004,-0.668,-0.388,-0.091,0.007,-0.005,0.004,0.0,-0.0,0.0,862.885,-0.0,0.0,1.0,0.0,0.0,0.0,0.0,0.0,0.9924,0.0332,-0.1185,-0.0605,0.9703,-0.2342,0.1072,0.2395,0.9649,0.669,0.7326,-0.1252,-0.7377,0.634,-0.2321,-0.0907,0.2476,0.9646,0.0001,-0.0001,0.0001,0.0,0.0,0.0,-0.0202,-0.0332,0.1934,4.8539,12.2005,-62.2751,0.0,0.0434,-0.3694,0.0,0.0,0.0,4345871.4075,3456098.337,3803524.1305,-2837.8955,-3379.4701,6308.4896,4345866.5536,3456086.1365,3803586.4056,-2837.8753,-3379.4368,6308.2962,0.0,0.0765,3.9732,0.0,0.0,1.0,0.0,1.0,0.0,0.0,-4.1,-36.453,0.0,0.0,-1.0,-0.7071,0.7071,0.0,0.10791200118615167,0.013601470508735444,-0.135285,1.2950176674064529,4.770879117028937,,
226.2893,27.016,0.056,0.094,23.043,0.126,0.067,-0.189,0.013,-0.004,-0.189,0.014,-0.004,-0.666,-0.389,-0.091,0.007,-0.005,0.004,0.0,-0.0,0.0,862.861,-0.0,0.0,1.0,0.0,0.0,0.0,0.0,0.0,0.9924,0.0333,-0.1185,-0.0605,0.9703,-0.2341,0.1072,0.2395,0.965,0.669,0.7326,-0.1252,-0.7377,0.634,-0.2321,-0.0907,0.2476,0.9646,0.0001,-0.0001,0.0001,0.0,0.0,0.0,-0.0192,-0.0313,0.1858,4.8497,12.1937,-62.2348,0.0,0.0434,-0.3694,0.0,0.0,0.0,4345268.0,3455379.8284,3804865.0748,-2839.1023,-3380.4285,6307.4247,4345263.1503,3455367.6347,3804927.3096,-2839.0831,-3380.3973,6307.2389,0.0,0.0765,3.9732,0.0,0.0,1.0,0.0,1.0,0.0,0.0,-4.1,-36.453,0.0,0.0,-1.0,-0.7071,0.7071,0.0,0.10941663493271944,0.013601470508735444,-0.13507999999999998,1.3047682022505058,4.763649710819889,,
226.5011,26.977,0.058,0.093,23.004,0.129,0.067,-0.181,0.013,-0.004,-0.181,0.014,-0.004,-0.665,-0.391,-0.09,0.007,-0.005,0.004,0.0,-0.0,0.0,862.838,-0.0,0.0,1.0,0.0,0.0,0.0,0.0,0.0,0.9924,0.0333,-0.1185,-0.0605,0.9703,-0.2341,0.1072,0.2395,0.965,0.669,0.7326,-0.1252,-0.7377,0.634,-0.2321,-0.0907,0.2476,0.9646,0.0001,-0.0001,0.0001,0.0,0.0,0.0,-0.0183,-0.0293,0.1781,4.8458,12.1873,-62.1963,0.0,0.0434,-0.3694,0.0,0.0,0.0,4344667.477,3454664.8559,3806198.8195,-2840.3027,-3381.3818,6306.3649,4344662.6312,3454652.6686,3806261.0159,-2840.2844,-3381.3525,6306.1867,0.0,0.0765,3.9732,0.0,0.0,1.0,0.0,1.0,0.0,0.0,-4.1,-36.453,0.0,0.0,-1.0,-0.7071,0.7071,0.0,0.10960383204979651,0.013601470508735444,-0.134885,1.323086439417835,4.75677295857226,,
226.7079,26.941,0.061,0.092,22.967,0.131,0.066,-0.177,0.013,-0.004,-0.177,0.014,-0.004,-0.664,-0.392,-0.089,0.007,-0.005,0.003,0.0,-0.0,0.0,862.826,-0.0,0.0,-0.0,0.0,0.0,0.0,0.0,0.0,0.9924,0.0333,-0.1185,-0.0605,0.9703,-0.2341,0.1071,0.2395,0.965,0.669,0.7326,-0.1252,-0.7377,0.634,-0.2321,-0.0907,0.2476,0.9646,0.0001,-0.0001,0.0001,0.0,0.0,0.0,-0.0178,-0.0283,0.1744,4.8421,12.1814,-62.1605,0.0,0.0434,-0.3694,0.0,0.0,0.0,4344085.9646,3453972.6125,3807489.5912,-2841.4649,-3382.3053,6305.3423,4344081.1225,3453960.4311,3807551.7516,-2841.447,-3382.277,6305.1679,0.0,0.0765,3.9732,0.0,0.0,1.0,0.0,1.0,0.0,0.0,-4.1,-36.453,0.0,0.0,-1.0,-0.7071,0.7071,0.0,0.11038568747804219,0.013601470508735444,-0.134705,1.3136222308571324,4.750425187266755,,
226.9084,26.905,0.064,0.091,22.932,0.134,0.065,-0.177,0.013,-0.004,-0.177,0.014,-0.004,-0.662,-0.393,-0.088,0.007,-0.005,0.003,0.0,-0.0,0.0,862.826,-0.0,0.0,-0.0,0.0,0.0,0.0,0.0,0.0,0.9924,0.0333,-0.1184,-0.0605,0.9703,-0.2341,0.1071,0.2395,0.965,0.669,0.7326,-0.1252,-0.7377,0.634,-0.2321,-0.0907,0.2476,0.9646,0.0001,-0.0001,0.0001,0.0,0.0,0.0,-0.0179,-0.0284,0.1744,4.8385,12.1757,-62.1254,0.0,0.0434,-0.3694,0.0,0.0,0.0,4343514.5805,3453292.5176,3808757.1639,-2842.6067,-3383.2131,6304.3413,4343509.742,3453280.3418,3808819.2893,-2842.5888,-3383.1848,6304.1669,0.0,0.0765,3.9732,0.0,0.0,1.0,0.0,1.0,0.0,0.0,-4.1,-36.453,0.0,0.0,-1.0,-0.7071,0.7071,0.0,0.11125196627475849,0.013601470508735444,-0.134525,1.3210167702118536,4.74407741596125,,
227.1139,26.869,0.067,0.09,22.896,0.137,0.064,-0.177,0.013,-0.004,-0.177,0.014,-0.004,-0.661,-0.394,-0.088,0.007,-0.005,0.003,0.0,-0.0,0.0,862.826,-0.0,0.0,-0.0,0.0,0.0,0.0,0.0,0.0,0.9924,0.0334,-0.1184,-0.0606,0.9703,-0.2341,0.1071,0.2395,0.965,0.669,0.7326,-0.1252,-0.7377,0.634,-0.2321,-0.0907,0.2476,0.9646,0.0001,-0.0001,0.0001,0.0,0.0,0.0,-0.0179,-0.0284,0.1744,4.8349,12.1699,-62.0896,0.0,0.0434,-0.3694,0.0,0.0,0.0,4342931.724,3452598.861,3810049.4559,-2843.7708,-3384.1386,6303.3203,4342926.8891,3452586.691,3810111.5456,-2843.7529,-3384.1102,6303.1459,0.0,0.0765,3.9732,0.0,0.0,1.0,0.0,1.0,0.0,0.0,-4.1,-36.453,0.0,0.0,-1.0,-0.7071,0.7071,0.0,0.11220071301021219,0.013601470508735444,-0.134345,1.3281742114581825,4.7377296446557455,,
227.3152,26.833,0.069,0.09,22.86,0.14,0.063,-0.177,0.013,-0.004,-0.177,0.014,-0.004,-0.66,-0.395,-0.087,0.007,-0.005,0.003,0.0,-0.0,0.0,862.826,-0.0,0.0,-0.0,0.0,0.0,0.0,0.0,0.0,0.9924,0.0334,-0.1184,-0.0606,0.9703,-0.2341,0.1071,0.2395,0.965,0.669,0.7326,-0.1252,-0.7377,0.634,-0.2321,-0.0907,0.2476,0.9646,0.0001,-0.0001,0.0001,0.0,0.0,0.0,-0.0179,-0.0284,0.1744,4.8313,12.1642,-62.0544,0.0,0.0434,-0.3694,0.0,0.0,0.0,4342356.83,3451914.7731,3811323.3707,-2844.9183,-3385.0509,6302.3133,4342351.9988,3451902.6089,3811385.425,-2844.9005,-3385.0225,6302.1389,0.0,0.0765,3.9732,0.0,0.0,1.0,0.0,1.0,0.0,0.0,-4.1,-36.453,0.0,0.0,-1.0,-0.7071,0.7071,0.0,0.1134063490286148,0.013601470508735444,-0.13416499999999998,1.3521542014341028,4.73138187335024,,
227.5192,26.797,0.072,0.089,22.824,0.143,0.062,-0.177,0.013,-0.004,-0.177,0.014,-0.004,-0.658,-0.396,-0.086,0.007,-0.005,0.003,0.0,-0.0,0.0,862.826,-0.0,0.0,-0.0,0.0,0.0,0.0,0.0,0.0,0.9924,0.0334,-0.1184,-0.0606,0.9703,-0.2341,0.107,0.2395,0.965,0.669,0.7326,-0.1252,-0.7377,0.634,-0.2321,-0.0907,0.2476,0.9646,0.0001,-0.0001,0.0001,0.0,0.0,0.0,-0.0179,-0.0284,0.1744,4.8277,12.1584,-62.019,0.0,0.0434,-0.3694,0.0,0.0,0.0,4341778.9213,3451227.1894,3812603.2425,-2846.0713,-3385.9674,6301.3011,4341774.0936,3451215.0309,3812665.2615,-2846.0534,-3385.939,6301.1267,0.0,0.0765,3.9732,0.0,0.0,1.0,0.0,1.0,0.0,0.0,-4.1,-36.453,0.0,0.0,-1.0,-0.7071,0.7071,0.0,0.11447707194019245,0.013601470508735444,-0.133985,1.3593575278412515,4.725034102044736,,
227.7233,26.761,0.075,0.088,22.788,0.145,0.062,-0.177,0.013,-0.004,-0.177,0.014,-0.004,-0.657,-0.397,-0.086,0.007,-0.005,0.003,0.0,-0.0,0.0,862.826,-0.0,0.0,-0.0,0.0,0.0,0.0,0.0,0.0,0.9924,0.0334,-0.1184,-0.0606,0.9703,-0.2341,0.107,0.2395,0.965,0.669,0.7326,-0.1252,-0.7377,0.634,-0.2321,-0.0907,0.2476,0.9646,0.0001,-0.0001,0.0001,0.0,0.0,0.0,-0.0179,-0.0284,0.1744,4.824,12.1526,-61.9833,0.0,0.0434,-0.3694,0.0,0.0,0.0,4341197.3937,3450535.3942,3813890.3992,-2847.2309,-3386.8891,6300.2826,4341192.5698,3450523.2416,3813952.3826,-2847.213,-3386.8607,6300.1082,0.0,0.0765,3.9732,0.0,0.0,1.0,0.0,1.0,0.0,0.0,-4.1,-36.453,0.0,0.0,-1.0,-0.7071,0.7071,0.0,0.11562439189029276,0.013601470508735444,-0.133805,1.3472302030255703,4.7186863307392315,,
227.9295,26.724,0.078,0.087,22.751,0.148,0.061,-0.177,0.013,-0.004,-0.177,0.014,-0.004,-0.656,-0.398,-0.085,0.007,-0.005,0.003,0.0,-0.0,0.0,862.826,-0.0,0.0,-0.0,0.0,0.0,0.0,0.0,0.0,0.9924,0.0335,-0.1183,-0.0606,0.9703,-0.2341,0.107,0.2395,0.965,0.669,0.7326,-0.1252,-0.7377,0.634,-0.2321,-0.0907,0.2476,0.9646,0.0001,-0.0001,0.0001,0.0,0.0,0.0,-0.0179,-0.0284,0.1744,4.8203,12.1468,-61.9473,0.0,0.0434,-0.3694,0.0,0.0,0.0,4340608.6374,3449835.0944,3815192.8101,-2848.4042,-3387.8217,6299.2516,4340603.8171,3449822.9476,3815254.7573,-2848.3863,-3387.7932,6299.0771,0.0,0.0765,3.9732,0.0,0.0,1.0,0.0,1.0,0.0,0.0,-4.1,-36.453,0.0,0.0,-1.0,-0.7071,0.7071,0.0,0.11684605256490267,0.013601470508735444,-0.13362,1.354474746079877,4.712162232453018,,
228.1378,26.687,0.08,0.087,22.714,0.151,0.06,-0.177,0.013,-0.004,-0.177,0.014,-0.004,-0.654,-0.399,-0.084,0.007,-0.005,0.003,0.0,-0.0,0.0,862.826,-0.0,0.0,-0.0,0.0,0.0,0.0,0.0,0.0,0.9924,0.0335,-0.1183,-0.0607,0.9703,-0.234,0.107,0.2394,0.965,0.669,0.7326,-0.1252,-0.7377,0.634,-0.2321,-0.0907,0.2476,0.9646,0.0001,-0.0001,0.0001,0.0,0.0,0.0,-0.0179,-0.0284,0.1744,4.8166,12.1409,-61.911,0.0,0.0434,-0.3694,0.0,0.0,0.0,4340016.0934,3449130.3859,3816502.8431,-2849.5845,-3388.7597,6298.2139,4340011.2768,3449118.245,3816564.7541,-2849.5665,-3388.7312,6298.0395,0.0,0.0765,3.9732,0.0,0.0,1.0,0.0,1.0,0.0,0.0,-4.1,-36.453,0.0,0.0,-1.0,-0.7071,0.7071,0.0,0.11819052415485769,0.013601470508735444,-0.133435,1.3785511829911754,4.705638134166805,,
228.344,26.651,0.083,0.086,22.678,0.154,0.059,-0.177,0.013,-0.004,-0.177,0.014,-0.004,-0.653,-0.4,-0.084,0.007,-0.005,0.003,0.0,-0.0,0.0,862.826,-0.0,0.0,-0.0,0.0,0.0,0.0,0.0,0.0,0.9924,0.0335,-0.1183,-0.0607,0.9703,-0.234,0.1069,0.2394,0.965,0.669,0.7326,-0.1252,-0.7377,0.634,-0.2321,-0.0907,0.2476,0.9646,0.0001,-0.0001,0.0001,0.0,0.0,0.0,-0.018,-0.0285,0.1744,4.8129,12.135,-61.8751,0.0,0.0434,-0.3694,0.0,0.0,0.0,4339430.3878,3448433.9053,3817797.0125,-2850.7504,-3389.6863,6297.1883,4339425.575,3448421.7703,3817858.8876,-2850.7325,-3389.6578,6297.0139,0.0,0.0765,3.9732,0.0,0.0,1.0,0.0,1.0,0.0,0.0,-4.1,-36.453,0.0,0.0,-1.0,-0.7071,0.7071,0.0,0.1195198728245642,0.013601470508735444,-0.133255,1.3858314602887232,4.6992903628613,,
228.5506,26.614,0.086,0.085,22.641,0.157,0.058,-0.177,0.013,-0.004,-0.177,0.014,-0.004,-0.652,-0.402,-0.083,0.007,-0.005,0.003,0.0,-0.0,0.0,862.826,-0.0,0.0,-0.0,0.0,0.0,0.0,0.0,0.0,0.9924,0.0335,-0.1183,-0.0607,0.9703,-0.234,0.1069,0.2394,0.965,0.669,0.7326,-0.1252,-0.7377,0.634,-0.2321,-0.0907,0.2476,0.9646,0.0001,-0.0001,0.0001,0.0,0.0,0.0,-0.018,-0.0285,0.1744,4.8092,12.1291,-61.839,0.0,0.0434,-0.3694,0.0,0.0,0.0,4338839.8542,3447731.7795,3819101.1013,-2851.9254,-3390.6199,6296.1544,4338835.045,3447719.6504,3819162.9403,-2851.9074,-3390.5915,6295.98,0.0,0.0765,3.9732,0.0,0.0,1.0,0.0,1.0,0.0,0.0,-4.1,-36.453,0.0,0.0,-1.0,-0.7071,0.7071,0.0,0.12091732712891069,0.013601470508735444,-0.13307,1.3931441526367272,4.692766264575087,,
228.757,26.578,0.089,0.084,22.605,0.159,0.057,-0.177,0.013,-0.004,-0.177,0.014,-0.004,-0.65,-0.403,-0.082,0.007,-0.005,0.003,0.0,-0.0,0.0,862.826,-0.0,0.0,-0.0,0.0,0.0,0.0,0.0,0.0,0.9924,0.0336,-0.1183,-0.0607,0.9703,-0.234,0.1069,0.2394,0.965,0.669,0.7326,-0.1252,-0.7377,0.634,-0.2321,-0.0907,0.2476,0.9646,0.0001,-0.0001,0.0001,0.0,0.0,0.0,-0.018,-0.0285,0.1744,4.8055,12.1233,-61.803,0.0,0.0434,-0.3694,0.0,0.0,0.0,4338251.3746,3447032.1915,3820399.9072,-2853.0956,-3391.5498,6295.1241,4338246.5692,3447020.0683,3820461.7102,-2853.0776,-3391.5213,6294.9497,0.0,0.0765,3.9732,0.0,0.0,1.0,0.0,1.0,0.0,0.0,-4.1,-36.453,0.0,0.0,-1.0,-0.7071,0.7071,0.0,0.12238055401083948,0.013601470508735444,-0.13289,1.3841536887620485,4.686418493269582,,
228.9687,26.54,0.091,0.084,22.567,0.162,0.056,-0.177,0.011,-0.004,-0.177,0.011,-0.004,-0.649,-0.404,-0.081,0.007,-0.005,0.004,0.0,-0.0,0.0,862.817,-0.0,-1.0,-0.0,0.0,0.0,0.0,0.0,0.0,0.9924,0.0336,-0.1182,-0.0607,0.9703,-0.234,0.1069,0.2394,0.965,0.669,0.7326,-0.1252,-0.7377,0.634,-0.2321,-0.0907,0.2476,0.9646,0.0001,-0.0001,0.0001,0.0,0.0,0.0,-0.0181,-0.0308,0.1739,4.8016,12.1171,-61.7657,0.0,0.0434,-0.3694,0.0,0.0,0.0,4337640.9031,3446306.5592,3821746.4626,-2854.309,-3392.5161,6294.0548,4337636.1015,3446294.4421,3821808.2283,-2854.2909,-3392.4853,6293.8809,0.0,0.0765,3.9732,0.0,0.0,1.0,0.0,1.0,0.0,0.0,-4.1,-36.453,0.0,0.0,-1.0,-0.7071,0.7071,0.0,0.12384264209067893,0.011704699910719625,-0.13269999999999998,1.4084716363093097,4.679718068002661,,
229.1792,26.503,0.093,0.083,22.53,0.164,0.056,-0.177,0.003,-0.004,-0.177,0.003,-0.004,-0.647,-0.405,-0.081,0.007,-0.005,0.004,0.0,-0.0,0.0,862.786,-0.0,-0.537,-0.0,0.0,0.0,0.0,0.0,0.0,0.9924,0.0336,-0.1182,-0.0607,0.9703,-0.234,0.1068,0.2394,0.965,0.669,0.7326,-0.1252,-0.7377,0.634,-0.2321,-0.0907,0.2476,0.9646,0.0001,-0.0001,0.0001,0.0,0.0,0.0,-0.0184,-0.0387,0.1719,4.7978,12.1098,-61.7294,0.0,0.0434,-0.3694,0.0,0.0,0.0,4337041.8562,3445594.6048,3823067.0391,-2855.4992,-3393.4694,6293.0042,4337037.0584,3445582.495,3823128.7685,-2855.4808,-3393.4307,6292.8323,0.0,0.0765,3.9732,0.0,0.0,1.0,0.0,1.0,0.0,0.0,-4.1,-36.453,0.0,0.0,-1.0,-0.7071,0.7071,0.0,0.12465151423067432,0.005,-0.132515,1.4104647363126246,4.673193969716447,,
229.386,26.466,0.093,0.082,22.493,0.164,0.055,-0.177,0.003,-0.004,-0.177,0.003,-0.004,-0.646,-0.406,-0.08,0.007,-0.005,0.004,0.0,-0.0,0.0,862.786,-0.0,0.0,-0.0,0.0,0.0,0.0,0.0,0.0,0.9924,0.0336,-0.1182,-0.0608,0.9703,-0.234,0.1068,0.2394,0.965,0.669,0.7326,-0.1252,-0.7377,0.634,-0.2321,-0.0907,0.2476,0.9646,0.0001,-0.0001,0.0001,0.0,0.0,0.0,-0.0184,-0.0388,0.1719,4.794,12.1019,-61.6941,0.0,0.0434,-0.3694,0.0,0.0,0.0,4336455.7518,3444898.127,3824358.3394,-2856.6627,-3394.3938,6291.9783,4336450.9578,3444886.0251,3824420.0335,-2856.6443,-3394.355,6291.8064,0.0,0.0765,3.9732,0.0,0.0,1.0,0.0,1.0,0.0,0.0,-4.1,-36.453,0.0,0.0,-1.0,-0.7071,0.7071,0.0,0.12398790263570073,0.005,-0.13233,1.4113547038975356,4.666669871430234,,
229.5915,26.43,0.094,0.081,22.457,0.165,0.054,-0.177,0.003,-0.004,-0.177,0.003,-0.004,-0.645,-0.407,-0.079,0.007,-0.005,0.004,0.0,-0.0,0.0,862.786,-0.0,0.0,-0.0,0.0,0.0,0.0,0.0,0.0,0.9924,0.0337,-0.1182,-0.0608,0.9703,-0.234,0.1068,0.2394,0.965,0.669,0.7326,-0.1252,-0.7377,0.634,-0.2321,-0.0907,0.2476,0.9646,0.0001,-0.0001,0.0001,0.0,0.0,0.0,-0.0184,-0.0388,0.1719,4.7903,12.0939,-61.6589,0.0,0.0434,-0.3694,0.0,0.0,0.0,4335870.6022,3444202.878,3825646.8023,-2857.8238,-3395.3161,6290.9541,4335865.8119,3444190.7841,3825708.4612,-2857.8053,-3395.2773,6290.7822,0.0,0.0765,3.9732,0.0,0.0,1.0,0.0,1.0,0.0,0.0,-4.1,-36.453,0.0,0.0,-1.0,-0.7071,0.7071,0.0,0.12408464852672148,0.005,-0.13215,1.4144059348333458,4.660322100124729,,
229.7997,26.393,0.095,0.08,22.42,0.166,0.053,-0.177,0.003,-0.004,-0.177,0.003,-0.004,-0.643,-0.408,-0.078,0.007,-0.005,0.004,0.0,-0.0,0.0,862.786,-0.0,0.0,-0.0,0.0,0.0,0.0,0.0,0.0,0.9924,0.0337,-0.1182,-0.0608,0.9703,-0.234,0.1068,0.2394,0.965,0.669,0.7326,-0.1252,-0.7377,0.634,-0.2321,-0.0907,0.2476,0.9646,0.0001,-0.0001,0.0001,0.0,0.0,0.0,-0.0184,-0.0388,0.1719,4.7864,12.0858,-61.623,0.0,0.0434,-0.3694,0.0,0.0,0.0,4335273.8449,3443493.9329,3826960.0687,-2859.0072,-3396.2561,6289.9097,4335269.0585,3443481.8471,3827021.6917,-2858.9888,-3396.2173,6289.7378,0.0,0.0765,3.9732,0.0,0.0,1.0,0.0,1.0,0.0,0.0,-4.1,-36.453,0.0,0.0,-1.0,-0.7071,0.7071,0.0,0.12419742348374221,0.005,-0.131965,1.4174802703592195,4.653798001838516,,
230.0021,26.357,0.095,0.08,22.384,0.166,0.052,-0.177,0.002,-0.004,-0.177,0.002,-0.004,-0.642,-0.409,-0.077,0.007,-0.005,0.004,0.0,-0.0,0.0,862.784,-0.0,-1.0,-0.0,0.0,0.0,0.0,0.0,0.0,0.9924,0.0337,-0.1181,-0.0608,0.9703,-0.2339,0.1067,0.2394,0.965,0.669,0.7326,-0.1252,-0.7377,0.634,-0.2321,-0.0907,0.2476,0.9646,0.0001,-0.0001,0.0001,0.0,0.0,0.0,-0.0185,-0.0394,0.1718,4.7827,12.0779,-61.5878,0.0,0.0434,-0.3694,0.0,0.0,0.0,4334687.987,3442798.0312,3828248.6094,-2860.1684,-3397.179,6288.8843,4334683.2044,3442785.9533,3828310.1972,-2860.1499,-3397.1396,6288.7125,0.0,0.0765,3.9732,0.0,0.0,1.0,0.0,1.0,0.0,0.0,-4.1,-36.453,0.0,0.0,-1.0,-0.7071,0.7071,0.0,0.12419742348374221,0.004472135954999579,-0.13178499999999999,1.4212331036588013,4.647450230533011,,
230.2088,26.32,0.095,0.079,22.347,0.166,0.051,-0.177,-0.006,-0.004,-0.177,-0.006,-0.004,-0.641,-0.41,-0.076,0.007,-0.005,0.005,0.0,-0.0,0.0,862.754,-0.0,-1.0,-0.0,0.0,0.0,0.0,0.0,0.0,0.9924,0.0337,-0.1181,-0.0608,0.9703,-0.2339,0.1067,0.2393,0.9651,0.669,0.7326,-0.1252,-0.7377,0.634,-0.2321,-0.0907,0.2476,0.9646,0.0001,-0.0001,0.0001,0.0,0.0,0.0,-0.0187,-0.0473,0.1699,4.7788,12.0689,-61.5524,0.0,0.0434,-0.3694,0.0,0.0,0.0,4334095.628,3442094.5007,3829550.7022,-2861.3421,-3398.1188,6287.8458,4334090.8492,3442082.4318,3829612.2547,-2861.3233,-3398.0715,6287.6759,0.0,0.0765,3.9732,0.0,0.0,1.0,0.0,1.0,0.0,0.0,-4.1,-36.453,0.0,0.0,-1.0,-0.7071,0.7071,0.0,0.1235556554755791,0.007211102550927979,-0.1316,1.4221675972961438,4.640926132246798,,
230.4091,26.285,0.093,0.078,22.312,0.164,0.051,-0.177,-0.008,-0.004,-0.177,-0.007,-0.004,-0.639,-0.411,-0.075,0.007,-0.005,0.005,0.0,-0.0,0.0,862.747,-0.0,0.0,-0.0,0.0,0.0,0.0,0.0,0.0,0.9924,0.0338,-0.1181,-0.0609,0.9704,-0.2339,0.1067,0.2393,0.9651,0.669,0.7326,-0.1252,-0.7377,0.634,-0.2321,-0.0907,0.2476,0.9646,0.0001,-0.0001,0.0001,0.0,0.0,0.0,-0.0188,-0.049,0.1694,4.7751,12.0592,-61.5189,0.0,0.0434,-0.3694,0.0,0.0,0.0,4333528.7581,3441421.3321,3830796.0659,-2862.4644,-3399.0118,6286.8535,4333523.983,3441409.2729,3830857.5847,-2862.4456,-3398.9628,6286.684,0.0,0.0765,3.9732,0.0,0.0,1.0,0.0,1.0,0.0,0.0,-4.1,-36.453,0.0,0.0,-1.0,-0.7071,0.7071,0.0,0.12137956994486346,0.008944271909999158,-0.13142500000000001,1.4153944608280096,4.634754687922002,,
230.6105,26.249,0.092,0.077,22.276,0.163,0.05,-0.177,-0.008,-0.004,-0.177,-0.007,-0.004,-0.638,-0.413,-0.074,0.007,-0.005,0.005,0.0,-0.0,0.0,862.747,-0.0,0.0,-0.0,0.0,0.0,0.0,0.0,0.0,0.9924,0.0338,-0.1181,-0.0609,0.9704,-0.2339,0.1067,0.2393,0.9651,0.669,0.7326,-0.1252,-0.7377,0.634,-0.2321,-0.0907,0.2476,0.9646,0.0001,-0.0001,0.0001,0.0,0.0,0.0,-0.0188,-0.049,0.1694,4.7713,12.0494,-61.4847,0.0,0.0434,-0.3694,0.0,0.0,0.0,4332952.3541,3440736.9315,3832061.674,-2863.6051,-3399.9176,6285.845,4332947.5827,3440724.8821,3832123.1588,-2863.5862,-3399.8686,6285.6755,0.0,0.0765,3.9732,0.0,0.0,1.0,0.0,1.0,0.0,0.0,-4.1,-36.453,0.0,0.0,-1.0,-0.7071,0.7071,0.0,0.11997082978791136,0.008944271909999158,-0.131245,1.414116761969203,4.6284069166164965,,
230.8118,26.214,0.09,0.077,22.24,0.161,0.049,-0.177,-0.008,-0.004,-0.177,-0.008,-0.004,-0.637,-0.414,-0.073,0.007,-0.005,0.005,0.0,-0.0,0.0,862.747,-0.0,0.0,-0.0,0.0,0.0,0.0,0.0,0.0,0.9924,0.0338,-0.1181,-0.0609,0.9704,-0.2339,0.1067,0.2393,0.9651,0.669,0.7326,-0.1252,-0.7377,0.634,-0.2321,-0.0907,0.2476,0.9646,0.0001,-0.0001,0.0001,0.0,0.0,0.0,-0.0188,-0.049,0.1695,4.7675,12.0395,-61.4506,0.0,0.0434,-0.3694,0.0,0.0,0.0,4332375.6959,3440052.3189,3833327.1322,-2864.7455,-3400.8232,6284.8361,4332370.9284,3440040.2794,3833388.5828,-2864.7267,-3400.7742,6284.6666,0.0,0.0765,3.9732,0.0,0.0,1.0,0.0,1.0,0.0,0.0,-4.1,-36.453,0.0,0.0,-1.0,-0.7071,0.7071,0.0,0.1184440796325422,0.008944271909999158,-0.13107,1.4133151312435748,4.622235472291701,,
231.0165,26.177,0.088,0.076,22.204,0.16,0.048,-0.177,-0.008,-0.004,-0.177,-0.008,-0.004,-0.635,-0.415,-0.072,0.007,-0.005,0.005,0.0,-0.0,0.0,862.747,-0.0,0.0,-0.0,0.0,0.0,0.0,0.0,0.0,0.9924,0.0338,-0.118,-0.0609,0.9704,-0.2339,0.1066,0.2393,0.9651,0.669,0.7326,-0.1252,-0.7377,0.634,-0.2321,-0.0907,0.2476,0.9646,0.0001,-0.0001,0.0001,0.0,0.0,0.0,-0.0189,-0.0491,0.1695,4.7637,12.0295,-61.4159,0.0,0.0434,-0.3694,0.0,0.0,0.0,4331788.87,3439355.7275,3834614.1772,-2865.9055,-3401.7443,6283.8095,4331784.1064,3439343.6981,3834675.5931,-2865.8867,-3401.6952,6283.64,0.0,0.0765,3.9732,0.0,0.0,1.0,0.0,1.0,0.0,0.0,-4.1,-36.453,0.0,0.0,-1.0,-0.7071,0.7071,0.0,0.11627553482998906,0.008944271909999158,-0.130885,1.4264306510292544,4.615711374005488,,
231.2224,26.141,0.087,0.075,22.168,0.158,0.047,-0.177,-0.008,-0.004,-0.177,-0.008,-0.004,-0.634,-0.416,-0.071,0.007,-0.005,0.005,0.0,-0.0,0.0,862.747,-0.0,0.0,-0.0,0.0,0.0,0.0,0.0,0.0,0.9924,0.0339,-0.118,-0.0609,0.9704,-0.2338,0.1066,0.2393,0.9651,0.669,0.7326,-0.1252,-0.7377,0.634,-0.2321,-0.0907,0.2476,0.9646,0.0001,-0.0001,0.0001,0.0,0.0,0.0,-0.0189,-0.0491,0.1695,4.7598,12.0194,-61.381,0.0,0.0434,-0.3694,0.0,0.0,0.0,4331199.0494,3438655.6758,3835907.0548,-2867.0708,-3402.6694,6282.7777,4331194.2896,3438643.6564,3835968.4359,-2867.0519,-3402.6204,6282.6082,0.0,0.0765,3.9732,0.0,0.0,1.0,0.0,1.0,0.0,0.0,-4.1,-36.453,0.0,0.0,-1.0,-0.7071,0.7071,0.0,0.11486513831445988,0.008944271909999158,-0.130705,1.4088942073358384,4.6093636026999825,,
231.4268,26.105,0.085,0.074,22.131,0.157,0.046,-0.177,-0.008,-0.004,-0.177,-0.008,-0.004,-0.633,-0.417,-0.07,0.007,-0.005,0.005,0.0,-0.0,0.0,862.747,-0.0,0.0,-0.0,0.0,0.0,0.0,0.0,0.0,0.9924,0.0339,-0.118,-0.0609,0.9704,-0.2338,0.1066,0.2393,0.9651,0.669,0.7326,-0.1252,-0.7377,0.634,-0.2321,-0.0907,0.2476,0.9646,0.0001,-0.0001,0.0001,0.0,0.0,0.0,-0.0189,-0.0491,0.1695,4.7559,12.0094,-61.3464,0.0,0.0434,-0.3694,0.0,0.0,0.0,4330612.9316,3437960.112,3837191.085,-2868.2281,-3403.5882,6281.7525,4330608.1757,3437948.1027,3837252.4314,-2868.2093,-3403.5392,6281.583,0.0,0.0765,3.9732,0.0,0.0,1.0,0.0,1.0,0.0,0.0,-4.1,-36.453,0.0,0.0,-1.0,-0.7071,0.7071,0.0,0.11269871339105873,0.008944271909999158,-0.130525,1.4214600033027727,4.603015831394479,,
231.6305,26.069,0.084,0.074,22.095,0.155,0.046,-0.177,-0.008,-0.004,-0.177,-0.008,-0.004,-0.631,-0.418,-0.069,0.007,-0.005,0.005,0.0,-0.0,0.0,862.747,-0.0,0.0,-0.0,0.0,0.0,0.0,0.0,0.0,0.9924,0.0339,-0.118,-0.061,0.9704,-0.2338,0.1066,0.2392,0.9651,0.669,0.7326,-0.1252,-0.7377,0.634,-0.2321,-0.0907,0.2476,0.9646,0.0001,-0.0001,0.0001,0.0,0.0,0.0,-0.0189,-0.0491,0.1695,4.7521,11.9994,-61.3119,0.0,0.0434,-0.3694,0.0,0.0,0.0,4330028.9101,3437267.1283,3838469.7995,-2869.3807,-3404.5032,6280.731,4330024.158,3437255.1289,3838531.1115,-2869.3618,-3404.4541,6280.5615,0.0,0.0765,3.9732,0.0,0.0,1.0,0.0,1.0,0.0,0.0,-4.1,-36.453,0.0,0.0,-1.0,-0.7071,0.7071,0.0,0.11194641575325223,0.008944271909999158,-0.130345,1.4034510073346735,4.596668060088973,,
231.8336,26.033,0.082,0.073,22.059,0.154,0.045,-0.177,-0.008,-0.004,-0.177,-0.008,-0.004,-0.63,-0.419,-0.068,0.007,-0.005,0.005,0.0,-0.0,0.0,862.747,-0.0,0.0,-0.0,0.0,0.0,0.0,0.0,0.0,0.9924,0.0339,-0.118,-0.061,0.9704,-0.2338,0.1065,0.2392,0.9651,0.669,0.7326,-0.1252,-0.7377,0.634,-0.2321,-0.0907,0.2476,0.9646,0.0001,-0.0001,0.0001,0.0,0.0,0.0,-0.0189,-0.0491,0.1695,4.7483,11.9894,-61.2775,0.0,0.0434,-0.3694,0.0,0.0,0.0,4329445.7851,3436575.3001,3839745.8311,-2870.5309,-3405.4162,6279.7111,4329441.0369,3436563.3107,3839807.1086,-2870.512,-3405.3671,6279.5416,0.0,0.0765,3.9732,0.0,0.0,1.0,0.0,1.0,0.0,0.0,-4.1,-36.453,0.0,0.0,-1.0,-0.7071,0.7071,0.0,0.10978615577567147,0.008944271909999158,-0.130165,1.4162651551646812,4.590320288783469,,
232.0429,25.996,0.08,0.072,22.022,0.152,0.044,-0.177,-0.008,-0.004,-0.177,-0.008,-0.004,-0.629,-0.42,-0.067,0.007,-0.005,0.005,0.0,-0.0,0.0,862.747,-0.0,0.0,-0.0,0.0,0.0,0.0,0.0,0.0,0.9924,0.034,-0.1179,-0.061,0.9704,-0.2338,0.1065,0.2392,0.9651,0.669,0.7326,-0.1252,-0.7377,0.634,-0.2321,-0.0907,0.2476,0.9646,0.0001,-0.0001,0.0001,0.0,0.0,0.0,-0.0189,-0.0491,0.1695,4.7443,11.9792,-61.2421,0.0,0.0434,-0.3694,0.0,0.0,0.0,4328846.335,3435864.1993,3841056.8381,-2871.7127,-3406.3542,6278.6628,4328841.5907,3435852.2201,3841118.0801,-2871.6937,-3406.3051,6278.4933,0.0,0.0765,3.9732,0.0,0.0,1.0,0.0,1.0,0.0,0.0,-4.1,-36.453,0.0,0.0,-1.0,-0.7071,0.7071,0.0,0.10762899237658968,0.008944271909999158,-0.12997999999999998,1.4128161615732147,4.583796190497255,,
232.249,25.959,0.079,0.071,21.986,0.151,0.043,-0.177,-0.008,-0.004,-0.177,-0.008,-0.004,-0.627,-0.421,-0.066,0.007,-0.005,0.005,0.0,-0.0,0.0,862.747,-0.0,0.0,-0.0,0.0,0.0,0.0,0.0,0.0,0.9924,0.034,-0.1179,-0.061,0.9704,-0.2338,0.1065,0.2392,0.9651,0.669,0.7326,-0.1252,-0.7377,0.634,-0.2321,-0.0907,0.2476,0.9646,0.0001,-0.0001,0.0001,0.0,0.0,0.0,-0.0189,-0.0491,0.1695,4.7404,11.969,-61.207,0.0,0.0434,-0.3694,0.0,0.0,0.0,4328251.6599,3435158.8586,3842356.6531,-2872.8844,-3407.2842,6277.6229,4328246.9195,3435146.8896,3842417.8601,-2872.8654,-3407.235,6277.4534,0.0,0.0765,3.9732,0.0,0.0,1.0,0.0,1.0,0.0,0.0,-4.1,-36.453,0.0,0.0,-1.0,-0.7071,0.7071,0.0,0.10621675950620975,0.008944271909999158,-0.129795,1.4118247579309504,4.577272092211042,,
232.4519,25.923,0.077,0.071,21.95,0.149,0.042,-0.177,-0.008,-0.004,-0.177,-0.008,-0.004,-0.626,-0.422,-0.065,0.007,-0.005,0.005,0.0,-0.0,0.0,862.747,-0.0,0.0,-0.0,0.0,0.0,0.0,0.0,0.0,0.9924,0.034,-0.1179,-0.061,0.9704,-0.2338,0.1065,0.2392,0.9651,0.669,0.7326,-0.1252,-0.7377,0.634,-0.2321,-0.0907,0.2476,0.9646,0.0001,-0.0001,0.0001,0.0,0.0,0.0,-0.019,-0.0492,0.1695,4.7365,11.959,-61.1726,0.0,0.0434,-0.3694,0.0,0.0,0.0,4327668.0825,3434466.7731,3843631.4865,-2874.0336,-3408.1962,6276.6024,4327663.346,3434454.8141,3843692.6591,-2874.0146,-3408.1471,6276.4329,0.0,0.0765,3.9732,0.0,0.0,1.0,0.0,1.0,0.0,0.0,-4.1,-36.453,0.0,0.0,-1.0,-0.7071,0.7071,0.0,0.1047377677822093,0.008944271909999158,-0.12961499999999998,1.4115913802798046,4.5709243209055375,,
232.6626,25.886,0.075,0.07,21.913,0.147,0.041,-0.177,-0.008,-0.004,-0.177,-0.008,-0.004,-0.625,-0.423,-0.064,0.007,-0.005,0.005,0.0,-0.0,0.0,862.747,-0.0,0.0,-0.0,0.0,0.0,0.0,0.0,0.0,0.9924,0.034,-0.1179,-0.0611,0.9704,-0.2337,0.1064,0.2392,0.9651,0.669,0.7326,-0.1252,-0.7377,0.634,-0.2321,-0.0907,0.2476,0.9646,0.0001,-0.0001,0.0001,0.0,0.0,0.0,-0.019,-0.0492,0.1695,4.7326,11.9487,-61.1371,0.0,0.0434,-0.3694,0.0,0.0,0.0,4327066.4804,3433753.4071,3844944.9451,-2875.2176,-3409.1359,6275.5505,4327061.7478,3433741.4584,3845006.0822,-2875.1987,-3409.0867,6275.381,0.0,0.0765,3.9732,0.0,0.0,1.0,0.0,1.0,0.0,0.0,-4.1,-36.453,0.0,0.0,-1.0,-0.7071,0.7071,0.0,0.10259142264341595,0.008944271909999158,-0.12943,1.4081627098722513,4.564400222619324,,
232.8745,25.848,0.074,0.069,21.875,0.146,0.04,-0.177,-0.008,-0.004,-0.177,-0.008,-0.004,-0.623,-0.425,-0.063,0.007,-0.005,0.005,0.0,-0.0,0.0,862.747,-0.0,0.0,-0.0,0.0,0.0,0.0,0.0,0.0,0.9924,0.0341,-0.1179,-0.0611,0.9704,-0.2337,0.1064,0.2392,0.9651,0.669,0.7326,-0.1252,-0.7377,0.634,-0.2321,-0.0907,0.2476,0.9646,0.0001,-0.0001,0.0001,0.0,0.0,0.0,-0.019,-0.0492,0.1695,4.7285,11.9382,-61.1009,0.0,0.0434,-0.3694,0.0,0.0,0.0,4326452.2083,3433025.1177,3846285.281,-2876.426,-3410.0947,6274.4766,4326447.4797,3433013.1795,3846346.3818,-2876.407,-3410.0455,6274.3071,0.0,0.0765,3.9732,0.0,0.0,1.0,0.0,1.0,0.0,0.0,-4.1,-36.453,0.0,0.0,-1.0,-0.7071,0.7071,0.0,0.10117806086301516,0.008944271909999158,-0.12924,1.4069403275606562,4.557699797352402,,
233.0765,25.812,0.072,0.068,21.839,0.144,0.04,-0.177,-0.008,-0.004,-0.177,-0.008,-0.004,-0.622,-0.426,-0.062,0.007,-0.005,0.005,0.0,-0.0,0.0,862.747,-0.0,0.0,-0.0,0.0,0.0,0.0,0.0,0.0,0.9924,0.0341,-0.1178,-0.0611,0.9704,-0.2337,0.1064,0.2391,0.9651,0.669,0.7326,-0.1252,-0.7377,0.634,-0.2321,-0.0907,0.2476,0.9646,0.0001,-0.0001,0.0001,0.0,0.0,0.0,-0.019,-0.0492,0.1695,4.7247,11.9284,-61.0668,0.0,0.0434,-0.3694,0.0,0.0,0.0,4325874.6248,3432340.4194,3847544.8404,-2877.5615,-3410.9957,6273.4668,4325869.9001,3432328.491,3847605.9072,-2877.5425,-3410.9465,6273.2973,0.0,0.0765,3.9732,0.0,0.0,1.0,0.0,1.0,0.0,0.0,-4.1,-36.453,0.0,0.0,-1.0,-0.7071,0.7071,0.0,0.09903534722511959,0.008944271909999158,-0.12906,1.399668765484305,4.5513520260468985,,
233.2771,25.777,0.07,0.068,21.803,0.143,0.039,-0.173,-0.008,-0.004,-0.173,-0.008,-0.004,-0.621,-0.427,-0.061,0.007,-0.005,0.005,0.0,-0.0,0.0,862.733,-0.0,0.0,1.0,0.0,0.0,0.0,0.0,0.0,0.9924,0.0341,-0.1178,-0.0611,0.9704,-0.2337,0.1064,0.2391,0.9651,0.669,0.7326,-0.1252,-0.7377,0.634,-0.2321,-0.0907,0.2476,0.9646,0.0001,-0.0001,0.0001,0.0,0.0,0.0,-0.0185,-0.0481,0.1652,4.7209,11.9184,-61.0327,0.0,0.0434,-0.3694,0.0,0.0,0.0,4325290.212,3431647.7158,3848818.5798,-2878.7093,-3411.9057,6272.4409,4325285.4911,3431635.7973,3848879.6125,-2878.6908,-3411.8576,6272.2757,0.0,0.0765,3.9732,0.0,0.0,1.0,0.0,1.0,0.0,0.0,-4.1,-36.453,0.0,0.0,-1.0,-0.7071,0.7071,0.0,0.09759098319004682,0.008944271909999158,-0.128885,1.4154464607166202,4.545180581722102,,
233.4831,25.742,0.069,0.067,21.769,0.141,0.038,-0.165,-0.008,-0.003,-0.165,-0.007,-0.004,-0.619,-0.428,-0.06,0.007,-0.005,0.005,0.0,-0.0,0.0,862.71,-0.0,0.0,1.0,0.0,0.0,0.0,0.0,0.0,0.9924,0.0342,-0.1178,-0.0611,0.9704,-0.2337,0.1063,0.2391,0.9652,0.669,0.7326,-0.1252,-0.7377,0.634,-0.2321,-0.0907,0.2476,0.9646,0.0001,-0.0001,0.0001,0.0,0.0,0.0,-0.0176,-0.0462,0.1577,4.7172,11.9087,-60.9994,0.0,0.0434,-0.3694,0.0,0.0,0.0,4324696.0374,3430943.5355,3850112.8621,-2879.8753,-3412.8296,6271.3948,4324691.3201,3430931.6267,3850173.8615,-2879.8577,-3412.7834,6271.2371,0.0,0.0765,3.9732,0.0,0.0,1.0,0.0,1.0,0.0,0.0,-4.1,-36.453,0.0,0.0,-1.0,-0.7071,0.7071,0.0,0.09617692030835673,0.008544003745317531,-0.12871,1.3982343944987459,4.539009137397305,,
233.6982,25.707,0.067,0.066,21.734,0.14,0.037,-0.157,-0.008,-0.003,-0.157,-0.007,-0.004,-0.618,-0.429,-0.059,0.007,-0.005,0.005,0.0,-0.0,0.0,862.686,-0.0,0.0,1.0,0.0,0.0,0.0,0.0,0.0,0.9925,0.0342,-0.1178,-0.0611,0.9704,-0.2337,0.1063,0.2391,0.9652,0.669,0.7326,-0.1252,-0.7377,0.634,-0.2321,-0.0907,0.2476,0.9646,0.0001,-0.0001,0.0001,0.0,0.0,0.0,-0.0167,-0.0442,0.15,4.7135,11.899,-60.9664,0.0,0.0434,-0.3694,0.0,0.0,0.0,4324078.0068,3430211.1825,3851458.3241,-2881.0874,-3413.79,6270.3069,4324073.2932,3430199.2835,3851519.2904,-2881.0708,-3413.7458,6270.1569,0.0,0.0765,3.9732,0.0,0.0,1.0,0.0,1.0,0.0,0.0,-4.1,-36.453,0.0,0.0,-1.0,-0.7071,0.7071,0.0,0.09404786015641187,0.008544003745317531,-0.128535,1.4109733742688033,4.532837693072509,,
233.9116,25.675,0.066,0.065,21.701,0.138,0.036,-0.149,-0.008,-0.003,-0.149,-0.007,-0.004,-0.616,-0.43,-0.058,0.007,-0.005,0.004,0.0,-0.0,0.0,862.662,-0.0,0.0,1.0,0.0,0.0,0.0,0.0,0.0,0.9925,0.0342,-0.1178,-0.0612,0.9704,-0.2336,0.1063,0.2391,0.9652,0.669,0.7326,-0.1252,-0.7377,0.634,-0.2321,-0.0907,0.2476,0.9646,0.0001,-0.0001,0.0001,0.0,0.0,0.0,-0.0157,-0.0422,0.1423,4.7101,11.8898,-60.9352,0.0,0.0434,-0.3694,0.0,0.0,0.0,4323462.9749,3429482.4846,3852796.4652,-2882.293,-3414.745,6269.2243,4323458.2648,3429470.5948,3852857.4003,-2882.2773,-3414.7028,6269.082,0.0,0.0765,3.9732,0.0,0.0,1.0,0.0,1.0,0.0,0.0,-4.1,-36.453,0.0,0.0,-1.0,-0.7071,0.7071,0.0,0.09263368717696603,0.008544003745317531,-0.12837500000000002,1.3931990234346576,4.527195229689839,,
234.1134,25.645,0.064,0.065,21.672,0.137,0.036,-0.147,-0.008,-0.003,-0.147,-0.007,-0.004,-0.615,-0.431,-0.057,0.007,-0.005,0.004,0.0,-0.0,0.0,862.657,-0.0,0.0,-0.0,0.0,0.0,0.0,0.0,0.0,0.9925,0.0342,-0.1177,-0.0612,0.9704,-0.2336,0.1063,0.2391,0.9652,0.669,0.7326,-0.1252,-0.7377,0.634,-0.2321,-0.0907,0.2476,0.9646,0.0001,-0.0001,0.0001,0.0,0.0,0.0,-0.0155,-0.0418,0.1407,4.707,11.8815,-60.907,0.0,0.0434,-0.3694,0.0,0.0,0.0,4322887.2593,3428800.4605,3854048.3486,-2883.4216,-3415.64,6268.2165,4322882.5523,3428788.579,3854109.2556,-2883.4061,-3415.5982,6268.0758,0.0,0.0765,3.9732,0.0,0.0,1.0,0.0,1.0,0.0,0.0,-4.1,-36.453,0.0,0.0,-1.0,-0.7071,0.7071,0.0,0.09121951545584969,0.008544003745317531,-0.128225,1.4055886824523813,4.521905420268584,,
234.3194,25.615,0.062,0.064,21.642,0.135,0.035,-0.147,-0.008,-0.003,-0.147,-0.007,-0.004,-0.614,-0.432,-0.056,0.007,-0.005,0.004,0.0,-0.0,0.0,862.657,-0.0,0.0,-0.0,0.0,0.0,0.0,0.0,0.0,0.9925,0.0343,-0.1177,-0.0612,0.9704,-0.2336,0.1062,0.2391,0.9652,0.669,0.7326,-0.1252,-0.7377,0.634,-0.2321,-0.0907,0.2476,0.9646,0.0001,-0.0001,0.0001,0.0,0.0,0.0,-0.0155,-0.0418,0.1407,4.7038,11.8729,-60.8781,0.0,0.0434,-0.3694,0.0,0.0,0.0,4322293.9398,3428097.6739,3855337.7881,-2884.5843,-3416.5622,6267.1797,4322289.236,3428085.801,3855398.6662,-2884.5687,-3416.5203,6267.039,0.0,0.0765,3.9732,0.0,0.0,1.0,0.0,1.0,0.0,0.0,-4.1,-36.453,0.0,0.0,-1.0,-0.7071,0.7071,0.0,0.08910667763978185,0.008544003745317531,-0.128075,1.4020459779341314,4.51661561084733,,
234.5276,25.584,0.061,0.063,21.611,0.134,0.034,-0.147,-0.008,-0.003,-0.147,-0.007,-0.004,-0.612,-0.433,-0.055,0.007,-0.005,0.004,0.0,-0.0,0.0,862.657,-0.0,0.0,-0.0,0.0,0.0,0.0,0.0,0.0,0.9925,0.0343,-0.1177,-0.0612,0.9704,-0.2336,0.1062,0.239,0.9652,0.669,0.7326,-0.1252,-0.7377,0.634,-0.2321,-0.0907,0.2476,0.9646,0.0001,-0.0001,0.0001,0.0,0.0,0.0,-0.0156,-0.0419,0.1407,4.7006,11.8642,-60.8488,0.0,0.0434,-0.3694,0.0,0.0,0.0,4321693.8239,3427386.9327,3856641.2537,-2885.7596,-3417.4943,6266.131,4321689.1234,3427375.0685,3856702.1025,-2885.7441,-3417.4525,6265.9904,0.0,0.0765,3.9732,0.0,0.0,1.0,0.0,1.0,0.0,0.0,-4.1,-36.453,0.0,0.0,-1.0,-0.7071,0.7071,0.0,0.08769264507357502,0.008544003745317531,-0.12792,1.4007284373072828,4.511149474445368,,
234.734,25.554,0.059,0.063,21.581,0.132,0.033,-0.147,-0.008,-0.003,-0.147,-0.007,-0.004,-0.611,-0.435,-0.055,0.007,-0.005,0.004,0.0,-0.0,0.0,862.657,-0.0,0.0,-0.0,0.0,0.0,0.0,0.0,0.0,0.9925,0.0343,-0.1177,-0.0612,0.9704,-0.2336,0.1062,0.239,0.9652,0.669,0.7326,-0.1252,-0.7377,0.634,-0.2321,-0.0907,0.2476,0.9646,0.0001,-0.0001,0.0001,0.0,0.0,0.0,-0.0156,-0.0419,0.1407,4.6974,11.8555,-60.8198,0.0,0.0434,-0.3694,0.0,0.0,0.0,4321099.1645,3426682.7476,3857932.1286,-2886.9237,-3418.4175,6265.092,4321094.4671,3426670.8921,3857992.9484,-2886.9081,-3418.3756,6264.9513,0.0,0.0765,3.9732,0.0,0.0,1.0,0.0,1.0,0.0,0.0,-4.1,-36.453,0.0,0.0,-1.0,-0.7071,0.7071,0.0,0.08631338250816034,0.008544003745317531,-0.12777,1.4007890854956924,4.505859665024114,,
234.9428,25.523,0.058,0.062,21.55,0.13,0.033,-0.147,-0.008,-0.003,-0.147,-0.007,-0.004,-0.61,-0.436,-0.054,0.007,-0.005,0.004,0.0,-0.0,0.0,862.657,-0.0,0.0,-0.0,0.0,0.0,0.0,0.0,0.0,0.9925,0.0343,-0.1177,-0.0613,0.9704,-0.2336,0.1062,0.239,0.9652,0.669,0.7326,-0.1252,-0.7377,0.634,-0.2321,-0.0907,0.2476,0.9646,0.0001,-0.0001,0.0001,0.0,0.0,0.0,-0.0156,-0.0419,0.1407,4.6941,11.8468,-60.7905,0.0,0.0434,-0.3694,0.0,0.0,0.0,4320496.5556,3425969.2448,3859239.5112,-2888.1026,-3419.3524,6264.0392,4320491.8615,3425957.398,3859300.3016,-2888.087,-3419.3105,6263.8985,0.0,0.0765,3.9732,0.0,0.0,1.0,0.0,1.0,0.0,0.0,-4.1,-36.453,0.0,0.0,-1.0,-0.7071,0.7071,0.0,0.08489994110716449,0.008544003745317531,-0.127615,1.3791157133405902,4.500393528622151,,
235.1479,25.493,0.056,0.061,21.52,0.129,0.032,-0.147,-0.008,-0.003,-0.147,-0.007,-0.004,-0.608,-0.437,-0.053,0.007,-0.005,0.004,0.0,-0.0,0.0,862.657,-0.0,0.0,-0.0,0.0,0.0,0.0,0.0,0.0,0.9925,0.0344,-0.1176,-0.0613,0.9704,-0.2336,0.1061,0.239,0.9652,0.669,0.7326,-0.1252,-0.7377,0.634,-0.2321,-0.0907,0.2476,0.9646,0.0001,-0.0001,0.0001,0.0,0.0,0.0,-0.0156,-0.0419,0.1407,4.6909,11.8382,-60.7616,0.0,0.0434,-0.3694,0.0,0.0,0.0,4319903.2444,3425266.8444,3860525.9865,-2889.2628,-3420.2723,6263.0026,4319898.5534,3425255.0062,3860586.7481,-2889.2472,-3420.2304,6262.8619,0.0,0.0765,3.9732,0.0,0.0,1.0,0.0,1.0,0.0,0.0,-4.1,-36.453,0.0,0.0,-1.0,-0.7071,0.7071,0.0,0.08280700453464067,0.008544003745317531,-0.127465,1.391752520619172,4.495103719200897,,
235.3489,25.463,0.055,0.061,21.49,0.127,0.031,-0.147,-0.008,-0.003,-0.147,-0.007,-0.004,-0.607,-0.438,-0.052,0.007,-0.005,0.004,0.0,-0.0,0.0,862.657,-0.0,0.0,-0.0,0.0,0.0,0.0,0.0,0.0,0.9925,0.0344,-0.1176,-0.0613,0.9704,-0.2335,0.1061,0.239,0.9652,0.669,0.7326,-0.1252,-0.7377,0.634,-0.2321,-0.0907,0.2476,0.9646,0.0001,-0.0001,0.0001,0.0,0.0,0.0,-0.0156,-0.0419,0.1407,4.6877,11.8298,-60.7331,0.0,0.0434,-0.3694,0.0,0.0,0.0,4319319.6353,3424576.0209,3861790.7128,-2890.4033,-3421.1766,6261.9831,4319314.9476,3424564.1911,3861851.446,-2890.3877,-3421.1347,6261.8424,0.0,0.0765,3.9732,0.0,0.0,1.0,0.0,1.0,0.0,0.0,-4.1,-36.453,0.0,0.0,-1.0,-0.7071,0.7071,0.0,0.08213403679352428,0.008544003745317531,-0.127315,1.377956517556545,4.4898139097796435,,
235.5538,25.433,0.053,0.06,21.46,0.126,0.03,-0.147,-0.008,-0.003,-0.147,-0.007,-0.004,-0.606,-0.439,-0.051,0.007,-0.005,0.004,0.0,-0.0,0.0,862.657,-0.0,0.0,-0.0,0.0,0.0,0.0,0.0,0.0,0.9925,0.0344,-0.1176,-0.0613,0.9704,-0.2335,0.1061,0.239,0.9652,0.669,0.7326,-0.1252,-0.7377,0.634,-0.2321,-0.0907,0.2476,0.9646,0.0001,-0.0001,0.0001,0.0,0.0,0.0,-0.0156,-0.0419,0.1407,4.6846,11.8212,-60.7043,0.0,0.0434,-0.3694,0.0,0.0,0.0,4318727.7728,3423875.5195,3863072.6058,-2891.5594,-3422.0931,6260.9493,4318723.0883,3423863.6983,3863133.3102,-2891.5438,-3422.0512,6260.8086,0.0,0.0765,3.9732,0.0,0.0,1.0,0.0,1.0,0.0,0.0,-4.1,-36.453,0.0,0.0,-1.0,-0.7071,0.7071,0.0,0.08005623023850174,0.008544003745317531,-0.127165,1.39056934165813,4.4845241003583896,,
235.7617,25.402,0.051,0.059,21.429,0.124,0.03,-0.147,-0.008,-0.003,-0.147,-0.007,-0.004,-0.604,-0.44,-0.05,0.007,-0.005,0.004,0.0,-0.0,0.0,862.657,-0.0,0.0,-0.0,0.0,0.0,0.0,0.0,0.0,0.9925,0.0344,-0.1176,-0.0613,0.9704,-0.2335,0.1061,0.239,0.9652,0.669,0.7326,-0.1252,-0.7377,0.634,-0.2321,-0.0907,0.2476,0.9646,0.0001,-0.0001,0.0001,0.0,0.0,0.0,-0.0157,-0.0419,0.1407,4.6813,11.8125,-60.6751,0.0,0.0434,-0.3694,0.0,0.0,0.0,4318126.6227,3423164.1206,3864373.8733,-2892.733,-3423.0235,6259.8993,4318121.9414,3423152.3081,3864434.5484,-2892.7173,-3422.9816,6259.7586,0.0,0.0765,3.9732,0.0,0.0,1.0,0.0,1.0,0.0,0.0,-4.1,-36.453,0.0,0.0,-1.0,-0.7071,0.7071,0.0,0.07798717843338095,0.008544003745317531,-0.12701,1.382743897328944,4.479057963956428,,
235.9649,25.372,0.05,0.059,21.399,0.123,0.029,-0.147,-0.008,-0.003,-0.147,-0.007,-0.004,-0.603,-0.441,-0.049,0.007,-0.005,0.004,0.0,-0.0,0.0,862.657,-0.0,0.0,-0.0,0.0,0.0,0.0,0.0,0.0,0.9925,0.0345,-0.1176,-0.0613,0.9704,-0.2335,0.106,0.239,0.9652,0.669,0.7326,-0.1252,-0.7377,0.634,-0.2321,-0.0907,0.2476,0.9646,0.0001,-0.0001,0.0001,0.0,0.0,0.0,-0.0157,-0.0419,0.1407,4.6782,11.804,-60.6466,0.0,0.0434,-0.3694,0.0,0.0,0.0,4317540.3547,3422470.4245,3865642.2081,-2893.8769,-3423.9303,6258.8753,4317535.6766,3422458.6205,3865702.8546,-2893.8612,-3423.8884,6258.7346,0.0,0.0765,3.9732,0.0,0.0,1.0,0.0,1.0,0.0,0.0,-4.1,-36.453,0.0,0.0,-1.0,-0.7071,0.7071,0.0,0.07733692520394123,0.008544003745317531,-0.12686,1.3851472731894037,4.473768154535174,,
236.1697,25.342,0.048,0.058,21.369,0.121,0.028,-0.147,-0.008,-0.003,-0.147,-0.007,-0.004,-0.602,-0.442,-0.048,0.007,-0.005,0.004,0.0,-0.0,0.0,862.657,-0.0,0.0,-0.0,0.0,0.0,0.0,0.0,0.0,0.9925,0.0345,-0.1175,-0.0614,0.9704,-0.2335,0.106,0.2389,0.9652,0.669,0.7326,-0.1252,-0.7377,0.634,-0.2321,-0.0907,0.2476,0.9646,0.0001,-0.0001,0.0001,0.0,0.0,0.0,-0.0157,-0.042,0.1407,4.6749,11.7954,-60.6177,0.0,0.0434,-0.3694,0.0,0.0,0.0,4316945.9764,3421767.225,3866927.3664,-2895.036,-3424.8491,6257.8373,4316941.3015,3421755.4297,3866987.984,-2895.0203,-3424.8071,6257.6966,0.0,0.0765,3.9732,0.0,0.0,1.0,0.0,1.0,0.0,0.0,-4.1,-36.453,0.0,0.0,-1.0,-0.7071,0.7071,0.0,0.07528612089887485,0.008544003745317531,-0.12671,1.3816197422550958,4.468478345113919,,
236.3708,25.312,0.047,0.058,21.339,0.12,0.028,-0.147,-0.008,-0.003,-0.147,-0.007,-0.004,-0.6,-0.443,-0.047,0.007,-0.005,0.004,0.0,-0.0,0.0,862.657,-0.0,0.0,-0.0,0.0,0.0,0.0,0.0,0.0,0.9925,0.0345,-0.1175,-0.0614,0.9704,-0.2335,0.106,0.2389,0.9652,0.669,0.7326,-0.1252,-0.7377,0.634,-0.2321,-0.0907,0.2476,0.9646,0.0001,-0.0001,0.0001,0.0,0.0,0.0,-0.0157,-0.042,0.1407,4.6718,11.7869,-60.5893,0.0,0.0434,-0.3694,0.0,0.0,0.0,4316362.0323,3421076.4598,3868189.2547,-2896.1742,-3425.7512,6256.8175,4316357.3605,3421064.6729,3868249.844,-2896.1585,-3425.7093,6256.6768,0.0,0.0765,3.9732,0.0,0.0,1.0,0.0,1.0,0.0,0.0,-4.1,-36.453,0.0,0.0,-1.0,-0.7071,0.7071,0.0,0.07465252842335617,0.008544003745317531,-0.12656,1.379698400340038,4.463188535692666,,
236.5737,25.282,0.045,0.057,21.309,0.118,0.027,-0.147,-0.008,-0.003,-0.147,-0.007,-0.004,-0.599,-0.444,-0.047,0.007,-0.005,0.004,0.0,-0.0,0.0,862.657,-0.0,0.0,-0.0,0.0,0.0,0.0,0.0,0.0,0.9925,0.0345,-0.1175,-0.0614,0.9704,-0.2335,0.106,0.2389,0.9652,0.669,0.7326,-0.1252,-0.7377,0.634,-0.2321,-0.0907,0.2476,0.9646,0.0001,-0.0001,0.0001,0.0,0.0,0.0,-0.0157,-0.042,0.1407,4.6686,11.7784,-60.5608,0.0,0.0434,-0.3694,0.0,0.0,0.0,4315775.7749,3420383.0486,3869455.4367,-2897.3162,-3426.6564,6255.7938,4315771.1063,3420371.2702,3869515.9975,-2897.3005,-3426.6144,6255.6531,0.0,0.0765,3.9732,0.0,0.0,1.0,0.0,1.0,0.0,0.0,-4.1,-36.453,0.0,0.0,-1.0,-0.7071,0.7071,0.0,0.07262231062146123,0.008544003745317531,-0.12641,1.3761646539772978,4.457898726271411,,
236.7767,25.252,0.044,0.056,21.279,0.117,0.026,-0.147,-0.008,-0.003,-0.147,-0.007,-0.004,-0.598,-0.445,-0.046,0.007,-0.005,0.004,0.0,-0.0,0.0,862.657,-0.0,0.0,-0.0,0.0,0.0,0.0,0.0,0.0,0.9925,0.0346,-0.1175,-0.0614,0.9704,-0.2335,0.1059,0.2389,0.9652,0.669,0.7326,-0.1252,-0.7377,0.634,-0.2321,-0.0907,0.2476,0.9646,0.0001,-0.0001,0.0001,0.0,0.0,0.0,-0.0157,-0.042,0.1407,4.6654,11.7699,-60.5322,0.0,0.0434,-0.3694,0.0,0.0,0.0,4315187.6411,3419687.5084,3870724.9619,-2898.4614,-3427.5639,6254.7669,4315182.9757,3419675.7385,3870785.4942,-2898.4456,-3427.5219,6254.6262,0.0,0.0765,3.9732,0.0,0.0,1.0,0.0,1.0,0.0,0.0,-4.1,-36.453,0.0,0.0,-1.0,-0.7071,0.7071,0.0,0.07121797525905943,0.008544003745317531,-0.12625999999999998,1.3748585458565126,4.452608916850157,,
236.9807,25.222,0.042,0.056,21.249,0.115,0.025,-0.147,-0.008,-0.003,-0.147,-0.007,-0.004,-0.596,-0.447,-0.045,0.007,-0.005,0.004,0.0,-0.0,0.0,862.657,-0.0,0.0,-0.0,0.0,0.0,0.0,0.0,0.0,0.9925,0.0346,-0.1175,-0.0614,0.9704,-0.2334,0.1059,0.2389,0.9653,0.669,0.7326,-0.1252,-0.7377,0.634,-0.2321,-0.0907,0.2476,0.9646,0.0001,-0.0001,0.0001,0.0,0.0,0.0,-0.0157,-0.042,0.1407,4.6622,11.7613,-60.5035,0.0,0.0434,-0.3694,0.0,0.0,0.0,4314595.0034,3418986.7331,3872003.4912,-2899.6146,-3428.4778,6253.7322,4314590.3412,3418974.9718,3872063.9947,-2899.5989,-3428.4358,6253.5914,0.0,0.0765,3.9732,0.0,0.0,1.0,0.0,1.0,0.0,0.0,-4.1,-36.453,0.0,0.0,-1.0,-0.7071,0.7071,0.0,0.07,0.008544003745317531,-0.12611,1.3753325770987288,4.447319107428904,,
237.1847,25.192,0.04,0.055,21.219,0.114,0.025,-0.147,-0.008,-0.003,-0.147,-0.007,-0.003,-0.595,-0.448,-0.044,0.007,-0.005,0.004,0.0,-0.0,0.0,862.657,-0.0,0.0,-0.0,0.0,0.0,0.0,0.0,0.0,0.9925,0.0346,-0.1174,-0.0615,0.9704,-0.2334,0.1059,0.2389,0.9653,0.669,0.7326,-0.1252,-0.7377,0.634,-0.2321,-0.0907,0.2476,0.9646,0.0001,-0.0001,0.0001,0.0,0.0,0.0,-0.0158,-0.042,0.1407,4.659,11.7528,-60.4748,0.0,0.0434,-0.3694,0.0,0.0,0.0,4314003.8599,3418287.8161,3873278.0796,-2900.7644,-3429.3888,6252.7001,4313999.2009,3418276.0633,3873338.5543,-2900.7486,-3429.3468,6252.5594,0.0,0.0765,3.9732,0.0,0.0,1.0,0.0,1.0,0.0,0.0,-4.1,-36.453,0.0,0.0,-1.0,-0.7071,0.7071,0.0,0.06800735254367722,0.008544003745317531,-0.12596,1.383256535605083,4.4420292980076495,,
237.3875,25.162,0.039,0.054,21.189,0.112,0.024,-0.148,-0.008,-0.003,-0.147,-0.007,-0.003,-0.594,-0.449,-0.043,0.007,-0.005,0.004,0.0,-0.0,0.0,862.657,-0.0,0.0,-0.0,0.0,0.0,0.0,0.0,0.0,0.9925,0.0346,-0.1174,-0.0615,0.9704,-0.2334,0.1059,0.2389,0.9653,0.669,0.7326,-0.1252,-0.7377,0.634,-0.2321,-0.0907,0.2476,0.9646,0.0001,-0.0001,0.0001,0.0,0.0,0.0,-0.0158,-0.042,0.1407,4.6558,11.7442,-60.4462,0.0,0.0434,-0.3694,0.0,0.0,0.0,4313414.3744,3417590.9495,3874548.3798,-2901.9103,-3430.2968,6251.671,4313409.7186,3417579.2053,3874608.826,-2901.8945,-3430.2548,6251.5303,0.0,0.0765,3.9732,0.0,0.0,1.0,0.0,1.0,0.0,0.0,-4.1,-36.453,0.0,0.0,-1.0,-0.7071,0.7071,0.0,0.06661080993352356,0.008544003745317531,-0.12581,1.3658453567088091,4.4367394885863956,,
237.5911,25.132,0.037,0.054,21.159,0.111,0.023,-0.148,-0.008,-0.003,-0.148,-0.007,-0.003,-0.592,-0.45,-0.042,0.007,-0.005,0.004,0.0,-0.0,0.0,862.657,-0.0,0.0,-0.0,0.0,0.0,0.0,0.0,0.0,0.9925,0.0347,-0.1174,-0.0615,0.9704,-0.2334,0.1058,0.2389,0.9653,0.669,0.7326,-0.1252,-0.7377,0.634,-0.2321,-0.0907,0.2476,0.9646,0.0001,-0.0001,0.0001,0.0,0.0,0.0,-0.0158,-0.0421,0.1408,4.6526,11.7357,-60.4176,0.0,0.0434,-0.3694,0.0,0.0,0.0,4312824.4335,3416893.6361,3875818.9514,-2903.0565,-3431.2049,6250.6412,4312819.7808,3416881.9004,3875879.3689,-2903.0407,-3431.1629,6250.5005,0.0,0.0765,3.9732,0.0,0.0,1.0,0.0,1.0,0.0,0.0,-4.1,-36.453,0.0,0.0,-1.0,-0.7071,0.7071,0.0,0.06545991139621257,0.008544003745317531,-0.12566,1.3824274584520548,4.431449679165142,,
237.8022,25.101,0.036,0.053,21.128,0.109,0.023,-0.148,-0.008,-0.003,-0.148,-0.008,-0.003,-0.591,-0.451,-0.041,0.007,-0.005,0.004,0.0,-0.0,0.0,862.657,-0.0,0.0,-0.0,0.0,0.0,0.0,0.0,0.0,0.9925,0.0347,-0.1174,-0.0615,0.9704,-0.2334,0.1058,0.2388,0.9653,0.669,0.7326,-0.1252,-0.7377,0.634,-0.2321,-0.0907,0.2476,0.9646,0.0001,-0.0001,0.0001,0.0,0.0,0.0,-0.0158,-0.0421,0.1408,4.6494,11.7269,-60.3882,0.0,0.0434,-0.3694,0.0,0.0,0.0,4312218.0773,3416177.0139,3877124.136,-2904.2339,-3432.1377,6249.5828,4312213.4279,3416165.287,3877184.5241,-2904.2181,-3432.0957,6249.4421,0.0,0.0765,3.9732,0.0,0.0,1.0,0.0,1.0,0.0,0.0,-4.1,-36.453,0.0,0.0,-1.0,-0.7071,0.7071,0.0,0.06407027391856539,0.008544003745317531,-0.125505,1.360359313370666,4.425983542763179,,
238.0068,25.071,0.034,0.052,21.098,0.108,0.022,-0.148,-0.008,-0.003,-0.148,-0.008,-0.003,-0.59,-0.452,-0.04,0.007,-0.005,0.004,0.0,-0.0,0.0,862.657,-0.0,0.0,-0.0,0.0,0.0,0.0,0.0,0.0,0.9925,0.0347,-0.1174,-0.0615,0.9704,-0.2334,0.1058,0.2388,0.9653,0.669,0.7326,-0.1252,-0.7377,0.634,-0.2321,-0.0907,0.2476,0.9646,0.0001,-0.0001,0.0001,0.0,0.0,0.0,-0.0158,-0.0421,0.1408,4.6461,11.7183,-60.3593,0.0,0.0434,-0.3694,0.0,0.0,0.0,4311622.5716,3415473.3081,3878405.2344,-2905.3897,-3433.0533,6248.5435,4311617.9254,3415461.5898,3878465.5937,-2905.3738,-3433.0112,6248.4027,0.0,0.0765,3.9732,0.0,0.0,1.0,0.0,1.0,0.0,0.0,-4.1,-36.453,0.0,0.0,-1.0,-0.7071,0.7071,0.0,0.06212889826803627,0.008544003745317531,-0.125355,1.3728944122569564,4.420693733341926,,
238.2089,25.041,0.032,0.052,21.068,0.106,0.021,-0.148,-0.008,-0.003,-0.148,-0.008,-0.003,-0.588,-0.453,-0.039,0.007,-0.005,0.004,0.0,-0.0,0.0,862.657,-0.0,0.0,-0.0,0.0,0.0,0.0,0.0,0.0,0.9925,0.0347,-0.1173,-0.0616,0.9704,-0.2334,0.1058,0.2388,0.9653,0.669,0.7326,-0.1252,-0.7377,0.634,-0.2321,-0.0907,0.2476,0.9646,0.0001,-0.0001,0.0001,0.0,0.0,0.0,-0.0158,-0.0421,0.1408,4.6429,11.7097,-60.3306,0.0,0.0434,-0.3694,0.0,0.0,0.0,4311030.4341,3414773.6745,3879678.371,-2906.5383,-3433.9631,6247.51,4311025.7912,3414761.9648,3879738.7017,-2906.5224,-3433.921,6247.3693,0.0,0.0765,3.9732,0.0,0.0,1.0,0.0,1.0,0.0,0.0,-4.1,-36.453,0.0,0.0,-1.0,-0.7071,0.7071,0.0,0.06105735008989499,0.008544003745317531,-0.125205,1.373446532755299,4.415403923920672,,
238.4091,25.012,0.031,0.051,21.039,0.105,0.02,-0.148,-0.008,-0.003,-0.148,-0.008,-0.003,-0.587,-0.454,-0.038,0.007,-0.005,0.004,0.0,-0.0,0.0,862.657,-0.0,0.0,-0.0,0.0,0.0,0.0,0.0,0.0,0.9925,0.0348,-0.1173,-0.0616,0.9704,-0.2333,0.1058,0.2388,0.9653,0.669,0.7326,-0.1252,-0.7377,0.634,-0.2321,-0.0907,0.2476,0.9646,0.0001,-0.0001,0.0001,0.0,0.0,0.0,-0.0158,-0.0421,0.1408,4.6397,11.7013,-60.3025,0.0,0.0434,-0.3694,0.0,0.0,0.0,4310448.8916,3414086.6483,3880928.034,-2907.6657,-3434.8562,6246.4952,4310444.2519,3414074.9471,3880988.3365,-2907.6499,-3434.814,6246.3544,0.0,0.0765,3.9732,0.0,0.0,1.0,0.0,1.0,0.0,0.0,-4.1,-36.453,0.0,0.0,-1.0,-0.7071,0.7071,0.0,0.05968249324550709,0.008544003745317531,-0.12506,1.3721528641988292,4.410290441480126,,
238.6175,24.981,0.029,0.051,21.008,0.103,0.02,-0.148,-0.008,-0.003,-0.148,-0.008,-0.003,-0.586,-0.455,-0.038,0.007,-0.005,0.004,0.0,-0.0,0.0,862.657,-0.0,0.0,-0.0,0.0,0.0,0.0,0.0,0.0,0.9925,0.0348,-0.1173,-0.0616,0.9704,-0.2333,0.1057,0.2388,0.9653,0.669,0.7326,-0.1252,-0.7377,0.634,-0.2321,-0.0907,0.2476,0.9646,0.0001,-0.0001,0.0001,0.0,0.0,0.0,-0.0159,-0.0421,0.1408,4.6364,11.6925,-60.2731,0.0,0.0434,-0.3694,0.0,0.0,0.0,4309842.4494,3413370.299,3882230.4707,-2908.8408,-3435.7869,6245.4369,4309837.813,3413358.6065,3882290.7438,-2908.825,-3435.7447,6245.2961,0.0,0.0765,3.9732,0.0,0.0,1.0,0.0,1.0,0.0,0.0,-4.1,-36.453,0.0,0.0,-1.0,-0.7071,0.7071,0.0,0.05866856057549051,0.008544003745317531,-0.124905,1.3679559076801806,4.404824305078164,,
238.8223,24.951,0.028,0.05,20.978,0.102,0.019,-0.148,-0.008,-0.003,-0.148,-0.008,-0.003,-0.584,-0.456,-0.037,0.007,-0.005,0.004,0.0,-0.0,0.0,862.657,-0.0,0.0,-0.0,0.0,0.0,0.0,0.0,0.0,0.9925,0.0348,-0.1173,-0.0616,0.9704,-0.2333,0.1057,0.2388,0.9653,0.669,0.7326,-0.1252,-0.7377,0.634,-0.2321,-0.0907,0.2476,0.9646,0.0001,-0.0001,0.0001,0.0,0.0,0.0,-0.0159,-0.0421,0.1408,4.6332,11.6839,-60.2442,0.0,0.0434,-0.3694,0.0,0.0,0.0,4309245.9368,3412665.772,3883510.8537,-2909.9961,-3436.7018,6244.396,4309241.3036,3412654.0881,3883571.098,-2909.9802,-3436.6596,6244.2553,0.0,0.0765,3.9732,0.0,0.0,1.0,0.0,1.0,0.0,0.0,-4.1,-36.453,0.0,0.0,-1.0,-0.7071,0.7071,0.0,0.05730619512757761,0.008544003745317531,-0.124755,1.366669503024825,4.399534495656909,,
239.0272,24.92,0.026,0.049,20.947,0.1,0.018,-0.148,-0.008,-0.003,-0.148,-0.008,-0.003,-0.583,-0.458,-0.036,0.007,-0.005,0.004,0.0,-0.0,0.0,862.657,-0.0,0.0,-0.0,0.0,0.178,0.0,0.0,0.0,0.9925,0.0348,-0.1173,-0.0616,0.9705,-0.2333,0.1057,0.2388,0.9653,0.669,0.7326,-0.1252,-0.7377,0.634,-0.2321,-0.0907,0.2476,0.9646,0.0001,-0.0001,0.0001,0.0,0.0,0.0,-0.0159,-0.0422,0.1408,4.6299,11.6752,-60.2154,0.0,0.0434,-0.3694,0.0,0.0,0.0,4308650.0181,3411962.0382,3884789.2419,-2911.1495,-3437.6152,6243.3563,4308645.3881,3411950.3629,3884849.4573,-2911.1336,-3437.5731,6243.2155,0.0,0.0765,3.9732,0.0,0.0,1.0,0.0,1.0,0.0,0.0,-4.1,-36.453,0.0,0.0,-1.0,-0.7071,0.7071,0.0,0.05547071299343465,0.008544003745317531,-0.1246,1.3631536399134003,4.394068359254947,,
239.2289,24.89,0.024,0.049,20.917,0.098,0.018,-0.148,-0.008,-0.003,-0.148,-0.008,0.0,-0.582,-0.454,-0.035,0.007,0.042,0.004,0.0,0.001,0.0,862.629,-0.0,0.0,-0.0,0.0,1.0,0.0,0.0,0.0,0.9925,0.0349,-0.1173,-0.0617,0.9705,-0.2333,0.1057,0.2388,0.9653,0.669,0.7326,-0.1252,-0.7377,0.634,-0.2321,-0.0907,0.2476,0.9646,0.0001,0.0007,0.0001,0.0,0.0,0.0,-0.0159,-0.0422,0.1408,4.6267,11.6667,-60.1869,0.0,0.0434,-0.3694,0.0,0.0,0.0,4308059.6097,3411264.902,3886055.099,-2912.2917,-3438.5197,6242.3262,4308054.983,3411253.2353,3886115.2859,-2912.2758,-3438.4775,6242.1854,0.0,0.0765,3.9732,0.0,0.0,1.0,0.0,1.0,0.0,0.0,-4.1,-36.453,0.0,0.0,-1.0,-0.7071,0.7071,0.0,0.05456189146281496,0.008544003745317531,-0.12445,1.3589277355749794,4.3887785498336935,,
239.4392,24.859,0.023,0.048,20.886,0.097,0.018,-0.148,-0.008,-0.002,-0.148,-0.008,0.004,-0.58,-0.44,-0.034,0.007,0.091,0.003,0.0,0.002,0.0,862.599,-0.0,0.0,-0.0,0.0,1.0,0.0,0.0,0.0,0.9925,0.0349,-0.1176,-0.0617,0.9705,-0.2332,0.106,0.2387,0.9653,0.669,0.7326,-0.1252,-0.7377,0.634,-0.2321,-0.0907,0.2476,0.9646,0.0001,0.0016,0.0001,0.0,0.0,0.0,-0.0159,-0.0422,0.1408,4.6232,11.6578,-60.1571,0.0,0.0434,-0.3694,0.0,0.0,0.0,4307443.906,3410537.9938,3887374.4397,-2913.4822,-3439.4623,6241.2521,4307439.2827,3410526.336,3887434.5968,-2913.4663,-3439.4201,6241.1113,0.0,0.0765,3.9732,0.0,0.0,1.0,0.0,1.0,0.0,0.0,-4.1,-36.453,0.0,0.0,-1.0,-0.7071,0.7071,0.0,0.05322593352868506,0.00824621125123532,-0.124295,1.3527175184187623,4.383312413431731,,
239.6493,24.828,0.021,0.048,20.855,0.095,0.02,-0.148,-0.008,-0.002,-0.148,-0.008,0.007,-0.579,-0.417,-0.034,0.007,0.133,0.003,0.0,0.002,0.0,862.574,-0.0,0.0,-0.0,0.0,1.0,0.0,0.0,0.0,0.9924,0.0349,-0.118,-0.0619,0.9705,-0.2332,0.1063,0.2387,0.9652,0.669,0.7326,-0.1252,-0.7377,0.634,-0.2321,-0.0907,0.2476,0.9646,0.0001,0.0023,0.0001,0.0,0.0,0.0,-0.0159,-0.0422,0.1408,4.6198,11.6489,-60.1275,0.0,0.0434,-0.3693,0.0,0.0,0.0,4306830.6306,3409814.0503,3888687.8157,-2914.6673,-3440.4007,6240.1823,4306826.0109,3409802.4014,3888747.9432,-2914.6514,-3440.3585,6240.0415,0.0,0.0765,3.9732,0.0,0.0,1.0,0.0,1.0,0.0,0.0,-4.1,-36.453,0.0,0.0,-1.0,-0.7071,0.7071,0.0,0.052392747589718944,0.00824621125123532,-0.12414,1.3391509116835272,4.377846277029768,,
239.863,24.797,0.019,0.047,20.824,0.094,0.021,-0.148,-0.008,-0.002,-0.148,-0.008,0.007,-0.578,-0.386,-0.033,0.007,0.133,0.003,0.0,0.002,0.0,862.544,-0.0,0.0,-0.0,0.0,0.0,0.0,0.0,0.0,0.9923,0.0349,-0.1185,-0.062,0.9705,-0.2332,0.1069,0.2387,0.9652,0.669,0.7326,-0.1252,-0.7377,0.634,-0.2321,-0.0907,0.2476,0.9646,0.0001,0.0023,0.0001,0.0,0.0,0.0,-0.0159,-0.0422,0.1408,4.6162,11.64,-60.0976,0.0,0.0434,-0.3693,0.0,0.0,0.0,4306210.5951,3409082.2251,3890014.8974,-2915.8649,-3441.3487,6239.1007,4306205.9789,3409070.5852,3890074.9949,-2915.8489,-3441.3065,6238.9599,0.0,0.0765,3.9732,0.0,0.0,1.0,0.0,1.0,0.0,0.0,-4.1,-36.453,0.0,0.0,-1.0,-0.7071,0.7071,0.0,0.0506951674225463,0.00824621125123532,-0.123985,1.34314215450143,4.372380140627806,,
240.0743,24.766,0.018,0.047,20.792,0.092,0.022,-0.148,-0.008,-0.002,-0.148,-0.008,0.004,-0.576,-0.363,-0.032,0.007,0.087,0.003,0.0,0.002,0.0,862.516,-0.0,0.0,-0.0,0.0,0.0,0.0,0.0,0.0,0.9923,0.035,-0.1189,-0.0621,0.9705,-0.2331,0.1072,0.2387,0.9652,0.669,0.7326,-0.1252,-0.7377,0.634,-0.2321,-0.0907,0.2476,0.9646,0.0001,0.0015,0.0001,0.0,0.0,0.0,-0.016,-0.0422,0.1408,4.6126,11.6311,-60.0678,0.0,0.0434,-0.3693,0.0,0.0,0.0,4305592.8698,3408353.2252,3891336.2644,-2917.0573,-3442.2927,6238.0233,4305588.2572,3408341.5941,3891396.3322,-2917.0414,-3442.2505,6237.8825,0.0,0.0765,3.9732,0.0,0.0,1.0,0.0,1.0,0.0,0.0,-4.1,-36.453,0.0,0.0,-1.0,-0.7071,0.7071,0.0,0.050328918128646476,0.00824621125123532,-0.12383,1.3205478674118174,4.366914004225843,,
240.2879,24.734,0.016,0.046,20.761,0.09,0.023,-0.148,-0.008,-0.003,-0.148,-0.008,-0.0,-0.575,-0.349,-0.031,0.007,0.038,0.004,0.0,0.001,0.0,862.486,-0.0,0.0,-0.0,0.0,0.0,0.0,0.0,0.0,0.9923,0.035,-0.1191,-0.0622,0.9705,-0.2331,0.1075,0.2387,0.9651,0.669,0.7326,-0.1252,-0.7377,0.634,-0.2321,-0.0907,0.2476,0.9646,0.0001,0.0007,0.0001,0.0,0.0,0.0,-0.016,-0.0422,0.1408,4.6091,11.6221,-60.0378,0.0,0.0434,-0.3693,0.0,0.0,0.0,4304972.0438,3407620.6647,3892663.4906,-2918.2551,-3443.2408,6236.9405,4304967.4347,3407609.0426,3892723.5284,-2918.2391,-3443.1986,6236.7997,0.0,0.0765,3.9732,0.0,0.0,1.0,0.0,1.0,0.0,0.0,-4.1,-36.453,0.0,0.0,-1.0,-0.7071,0.7071,0.0,0.04870318264754368,0.008544003745317531,-0.12367,1.309529494491207,4.361271540843173,,
240.4919,24.704,0.014,0.046,20.731,0.089,0.023,-0.148,-0.008,-0.003,-0.148,-0.008,-0.002,-0.573,-0.346,-0.031,0.007,0.006,0.004,0.0,0.0,0.0,862.467,-0.0,0.0,-0.0,0.0,0.0,0.0,0.0,0.0,0.9923,0.035,-0.1192,-0.0622,0.9705,-0.2331,0.1075,0.2387,0.9651,0.669,0.7326,-0.1252,-0.7377,0.634,-0.2321,-0.0907,0.2476,0.9646,0.0001,0.0001,0.0001,0.0,0.0,0.0,-0.016,-0.0423,0.1408,4.6059,11.6135,-60.0092,0.0,0.0434,-0.3693,0.0,0.0,0.0,4304378.856,3406920.8087,3893930.9067,-2919.3989,-3444.1462,6235.906,4304374.2501,3406909.1952,3893990.9159,-2919.3829,-3444.1039,6235.7652,0.0,0.0765,3.9732,0.0,0.0,1.0,0.0,1.0,0.0,0.0,-4.1,-36.453,0.0,0.0,-1.0,-0.7071,0.7071,0.0,0.04808326112068523,0.008544003745317531,-0.12352,1.3215510381779796,4.3559817314219185,,
240.6964,24.674,0.013,0.045,20.701,0.087,0.022,-0.148,-0.008,-0.003,-0.148,-0.008,-0.002,-0.572,-0.344,-0.03,0.007,0.006,0.004,0.0,0.0,0.0,862.467,-0.0,0.0,-0.0,0.0,0.0,0.0,0.0,0.0,0.9922,0.035,-0.1192,-0.0623,0.9705,-0.2331,0.1075,0.2387,0.9651,0.669,0.7326,-0.1252,-0.7377,0.634,-0.2321,-0.0907,0.2476,0.9646,0.0001,0.0001,0.0001,0.0,0.0,0.0,-0.016,-0.0423,0.1408,4.6026,11.6049,-59.9804,0.0,0.0434,-0.3693,0.0,0.0,0.0,4303782.2538,3406217.0157,3895204.9061,-2920.5486,-3445.0562,6234.8657,4303777.6512,3406205.4108,3895264.8865,-2920.5326,-3445.0139,6234.7248,0.0,0.0765,3.9732,0.0,0.0,1.0,0.0,1.0,0.0,0.0,-4.1,-36.453,0.0,0.0,-1.0,-0.7071,0.7071,0.0,0.04684015371452147,0.008544003745317531,-0.12337,1.3035742735540945,4.350691922000665,,
240.9041,24.643,0.011,0.045,20.67,0.086,0.022,-0.148,-0.008,-0.003,-0.148,-0.008,-0.002,-0.571,-0.343,-0.029,0.007,0.006,0.004,0.0,0.0,0.0,862.467,-0.0,0.0,-0.0,0.0,0.0,0.0,0.0,0.0,0.9922,0.0351,-0.1192,-0.0623,0.9705,-0.233,0.1076,0.2387,0.9651,0.669,0.7326,-0.1252,-0.7377,0.634,-0.2321,-0.0907,0.2476,0.9646,0.0001,0.0001,0.0001,0.0,0.0,0.0,-0.016,-0.0423,0.1408,4.5993,11.5961,-59.9512,0.0,0.0434,-0.3693,0.0,0.0,0.0,4303176.2561,3405502.2323,3896498.2378,-2921.7159,-3445.98,6233.809,4303171.6568,3405490.6362,3896558.189,-2921.6999,-3445.9377,6233.6681,0.0,0.0765,3.9732,0.0,0.0,1.0,0.0,1.0,0.0,0.0,-4.1,-36.453,0.0,0.0,-1.0,-0.7071,0.7071,0.0,0.046324939287601875,0.008544003745317531,-0.123215,1.3155837647423585,4.345225785598703,,
241.1165,24.612,0.009,0.044,20.639,0.084,0.021,-0.148,-0.008,-0.003,-0.148,-0.008,-0.001,-0.569,-0.341,-0.028,0.007,0.025,0.004,0.0,0.0,0.0,862.456,-0.0,0.0,-0.0,0.0,0.483,0.0,0.0,0.0,0.9922,0.0351,-0.1193,-0.0623,0.9705,-0.233,0.1076,0.2386,0.9651,0.669,0.7326,-0.1252,-0.7377,0.634,-0.2321,-0.0907,0.2476,0.9646,0.0001,0.0004,0.0001,0.0,0.0,0.0,-0.016,-0.0423,0.1408,4.5959,11.5871,-59.921,0.0,0.0434,-0.3693,0.0,0.0,0.0,4302549.5374,3404763.1068,3897835.0189,-2922.9224,-3446.9348,6232.7162,4302544.9415,3404751.5197,3897894.9399,-2922.9064,-3446.8925,6232.5754,0.0,0.0765,3.9732,0.0,0.0,1.0,0.0,1.0,0.0,0.0,-4.1,-36.453,0.0,0.0,-1.0,-0.7071,0.7071,0.0,0.04491102314577124,0.008544003745317531,-0.12305999999999999,1.3116903202185881,4.33975964919674,,
241.3299,24.58,0.008,0.043,20.607,0.082,0.021,-0.148,-0.008,-0.002,-0.148,-0.008,0.003,-0.568,-0.331,-0.027,0.007,0.074,0.004,0.0,0.001,0.0,862.427,-0.0,0.0,-0.0,0.0,1.0,0.0,0.0,0.0,0.9922,0.0351,-0.1195,-0.0624,0.9705,-0.233,0.1078,0.2386,0.9651,0.669,0.7326,-0.1252,-0.7377,0.634,-0.2321,-0.0907,0.2476,0.9646,0.0001,0.0013,0.0001,0.0,0.0,0.0,-0.016,-0.0423,0.1408,4.5923,11.5781,-59.8911,0.0,0.0434,-0.3693,0.0,0.0,0.0,4301928.2969,3404030.5409,3899159.3388,-2924.1177,-3447.8806,6231.6331,4301923.7046,3404018.9629,3899219.2299,-2924.1016,-3447.8383,6231.4923,0.0,0.0765,3.9732,0.0,0.0,1.0,0.0,1.0,0.0,0.0,-4.1,-36.453,0.0,0.0,-1.0,-0.7071,0.7071,0.0,0.04373785545725807,0.00824621125123532,-0.1229,1.2901510850940037,4.334117185814069,,
241.5438,24.549,0.006,0.043,20.575,0.081,0.022,-0.148,-0.008,-0.002,-0.148,-0.008,0.006,-0.567,-0.309,-0.026,0.007,0.12,0.003,0.0,0.002,0.0,862.399,-0.0,0.0,-0.0,0.0,1.0,0.0,0.0,0.0,0.9922,0.0351,-0.1198,-0.0625,0.9705,-0.233,0.1081,0.2386,0.9651,0.669,0.7326,-0.1252,-0.7377,0.634,-0.2321,-0.0907,0.2476,0.9646,0.0001,0.0021,0.0001,0.0,0.0,0.0,-0.0161,-0.0423,0.1408,4.5888,11.569,-59.8608,0.0,0.0434,-0.3693,0.0,0.0,0.0,4301299.3885,3403289.0338,3900499.2195,-2925.3271,-3448.8375,6230.5367,4301294.7997,3403277.4648,3900559.0804,-2925.311,-3448.7952,6230.3958,0.0,0.0765,3.9732,0.0,0.0,1.0,0.0,1.0,0.0,0.0,-4.1,-36.453,0.0,0.0,-1.0,-0.7071,0.7071,0.0,0.043416586692184816,0.00824621125123532,-0.12274499999999999,1.2985419477459,4.328651049412106,,
241.7568,24.517,0.004,0.043,20.544,0.079,0.024,-0.148,-0.008,-0.002,-0.148,-0.008,0.01,-0.565,-0.279,-0.026,0.007,0.169,0.003,0.0,0.003,0.0,862.369,-0.0,0.0,-0.0,0.0,0.604,0.0,0.0,0.0,0.9921,0.0352,-0.1204,-0.0627,0.9705,-0.2329,0.1086,0.2386,0.965,0.669,0.7326,-0.1252,-0.7377,0.634,-0.2321,-0.0907,0.2476,0.9646,0.0001,0.003,0.0001,0.0,0.0,0.0,-0.0161,-0.0423,0.1408,4.5851,11.56,-59.8309,0.0,0.0434,-0.3693,0.0,0.0,0.0,4300676.7186,3402554.9814,3901825.0315,-2926.5238,-3449.7844,6229.4512,4300672.1335,3402543.4214,3901884.8624,-2926.5077,-3449.742,6229.3104,0.0,0.0765,3.9732,0.0,0.0,1.0,0.0,1.0,0.0,0.0,-4.1,-36.453,0.0,0.0,-1.0,-0.7071,0.7071,0.0,0.04318564576337836,0.00824621125123532,-0.122585,1.2882971685635034,4.323008586029435,,
241.9697,24.486,0.002,0.042,20.512,0.077,0.026,-0.148,-0.008,-0.002,-0.148,-0.008,0.008,-0.564,-0.244,-0.025,0.007,0.141,0.003,0.0,0.002,0.0,862.339,-0.0,0.0,-0.0,0.0,0.0,0.0,0.0,0.0,0.992,0.0352,-0.121,-0.0628,0.9705,-0.2329,0.1092,0.2386,0.965,0.669,0.7326,-0.1252,-0.7377,0.634,-0.2321,-0.0907,0.2476,0.9646,0.0001,0.0025,0.0001,0.0,0.0,0.0,-0.0161,-0.0423,0.1408,4.5815,11.551,-59.8009,0.0,0.0434,-0.3693,0.0,0.0,0.0,4300053.0451,3401819.8446,3903152.2056,-2927.7218,-3450.7321,6228.3641,4300048.4636,3401808.2936,3903212.0065,-2927.7057,-3450.6898,6228.2232,0.0,0.0765,3.9732,0.0,0.0,1.0,0.0,1.0,0.0,0.0,-4.1,-36.453,0.0,0.0,-1.0,-0.7071,0.7071,0.0,0.04204759208325728,0.00824621125123532,-0.12243,1.276320238969465,4.3175424496274735,,
242.175,24.455,0.001,0.042,20.482,0.076,0.027,-0.148,-0.008,-0.002,-0.148,-0.008,0.005,-0.562,-0.219,-0.025,0.007,0.097,0.003,0.0,0.002,0.0,862.312,-0.0,0.0,-0.0,0.0,0.0,0.0,0.0,0.0,0.992,0.0352,-0.1214,-0.0629,0.9705,-0.2328,0.1096,0.2386,0.9649,0.669,0.7326,-0.1252,-0.7377,0.634,-0.2321,-0.0907,0.2476,0.9646,0.0001,0.0017,0.0001,0.0,0.0,0.0,-0.0161,-0.0424,0.1408,4.578,11.5423,-59.7721,0.0,0.0434,-0.3693,0.0,0.0,0.0,4299453.142,3401112.8202,3904428.0663,-2928.8735,-3451.6432,6227.3184,4299448.5639,3401101.2778,3904487.8383,-2928.8573,-3451.6009,6227.1776,0.0,0.0765,3.9732,0.0,0.0,1.0,0.0,1.0,0.0,0.0,-4.1,-36.453,0.0,0.0,-1.0,-0.7071,0.7071,0.0,0.04201190307520001,0.00824621125123532,-0.122275,1.2723315323087545,4.312076313225511,,
242.3768,24.426,-0.001,0.041,20.452,0.074,0.028,-0.148,-0.008,-0.002,-0.148,-0.008,0.001,-0.561,-0.205,-0.024,0.007,0.05,0.004,0.0,0.001,0.0,862.284,-0.0,0.0,-0.0,0.0,0.0,0.0,0.0,0.0,0.9919,0.0352,-0.1216,-0.063,0.9705,-0.2328,0.1098,0.2386,0.9649,0.669,0.7326,-0.1252,-0.7377,0.634,-0.2321,-0.0907,0.2476,0.9646,0.0001,0.0009,0.0001,0.0,0.0,0.0,-0.0161,-0.0424,0.1408,4.5747,11.5338,-59.7437,0.0,0.0434,-0.3693,0.0,0.0,0.0,4298864.0059,3400418.5737,3905680.3313,-2930.0039,-3452.5374,6226.2916,4298859.4312,3400407.0399,3905740.075,-2929.9878,-3452.4951,6226.1508,0.0,0.0765,3.9732,0.0,0.0,1.0,0.0,1.0,0.0,0.0,-4.1,-36.453,0.0,0.0,-1.0,-0.7071,0.7071,0.0,0.04101219330881976,0.00824621125123532,-0.12212999999999999,1.2641632308787114,4.306962830784965,,
242.5928,24.394,-0.003,0.041,20.421,0.072,0.028,-0.148,-0.008,-0.003,-0.148,-0.008,-0.002,-0.56,-0.199,-0.023,0.007,0.007,0.004,0.0,0.0,0.0,862.258,-0.0,0.0,-0.0,0.0,0.0,0.0,0.0,0.0,0.9919,0.0353,-0.1217,-0.0631,0.9705,-0.2328,0.1099,0.2386,0.9649,0.669,0.7326,-0.1252,-0.7377,0.634,-0.2321,-0.0907,0.2476,0.9646,0.0001,0.0001,0.0001,0.0,0.0,0.0,-0.0161,-0.0424,0.1408,4.5712,11.5247,-59.7135,0.0,0.0434,-0.3693,0.0,0.0,0.0,4298235.4899,3399678.0186,3907015.5419,-2931.2092,-3453.4908,6225.1963,4298230.9187,3399666.4938,3907075.2554,-2931.1931,-3453.4484,6225.0554,0.0,0.0765,3.9732,0.0,0.0,1.0,0.0,1.0,0.0,0.0,-4.1,-36.453,0.0,0.0,-1.0,-0.7071,0.7071,0.0,0.041109609582188934,0.008544003745317531,-0.12197,1.2598848367825035,4.301320367402294,,
242.8015,24.363,-0.004,0.04,20.39,0.071,0.027,-0.148,-0.008,-0.003,-0.148,-0.008,-0.002,-0.558,-0.197,-0.022,0.007,0.007,0.004,0.0,0.0,0.0,862.258,-0.0,0.0,-0.0,0.0,0.0,0.0,0.0,0.0,0.9919,0.0353,-0.1218,-0.0631,0.9705,-0.2327,0.11,0.2385,0.9649,0.669,0.7326,-0.1252,-0.7377,0.634,-0.2321,-0.0907,0.2476,0.9646,0.0001,0.0001,0.0001,0.0,0.0,0.0,-0.0162,-0.0424,0.1409,4.5678,11.5159,-59.6841,0.0,0.0434,-0.3693,0.0,0.0,0.0,4297623.0592,3398956.5123,3908315.8277,-2932.3831,-3454.4192,6224.129,4297618.4914,3398944.9964,3908375.5118,-2932.3669,-3454.3768,6223.9882,0.0,0.0765,3.9732,0.0,0.0,1.0,0.0,1.0,0.0,0.0,-4.1,-36.453,0.0,0.0,-1.0,-0.7071,0.7071,0.0,0.04019950248448356,0.008544003745317531,-0.12181499999999999,1.2579413957036487,4.295854231000332,,
243.0107,24.332,-0.006,0.04,20.359,0.069,0.027,-0.148,-0.008,-0.003,-0.148,-0.008,-0.002,-0.557,-0.196,-0.021,0.007,0.007,0.004,0.0,0.0,0.0,862.258,-0.0,0.0,-0.0,0.0,0.0,0.0,0.0,0.0,0.9919,0.0353,-0.1218,-0.0631,0.9705,-0.2327,0.11,0.2385,0.9649,0.669,0.7326,-0.1252,-0.7377,0.634,-0.2321,-0.0907,0.2476,0.9646,0.0001,0.0001,0.0001,0.0,0.0,0.0,-0.0162,-0.0424,0.1409,4.5644,11.5071,-59.6548,0.0,0.0434,-0.3693,0.0,0.0,0.0,4297012.3127,3398237.0849,3909611.798,-2933.553,-3455.3445,6223.0648,4297007.7483,3398225.5779,3909671.4528,-2933.5369,-3455.3021,6222.9239,0.0,0.0765,3.9732,0.0,0.0,1.0,0.0,1.0,0.0,0.0,-4.1,-36.453,0.0,0.0,-1.0,-0.7071,0.7071,0.0,0.04044749683231337,0.008544003745317531,-0.12166,1.2533681899970461,4.29038809459837,,
243.2221,24.301,-0.008,0.039,20.328,0.067,0.026,-0.148,-0.008,-0.003,-0.148,-0.008,-0.002,-0.556,-0.194,-0.02,0.007,0.007,0.004,0.0,0.0,0.0,862.258,-0.0,0.0,-0.0,0.0,0.0,0.0,0.0,0.0,0.9919,0.0353,-0.1218,-0.0632,0.9705,-0.2327,0.11,0.2385,0.9649,0.669,0.7326,-0.1252,-0.7377,0.634,-0.2321,-0.0907,0.2476,0.9646,0.0001,0.0001,0.0001,0.0,0.0,0.0,-0.0162,-0.0424,0.1409,4.561,11.4981,-59.625,0.0,0.0434,-0.3693,0.0,0.0,0.0,4296392.8338,3397507.4677,3910925.5439,-2934.7391,-3456.2825,6221.9854,4296388.2728,3397495.9696,3910985.169,-2934.7229,-3456.2401,6221.8445,0.0,0.0765,3.9732,0.0,0.0,1.0,0.0,1.0,0.0,0.0,-4.1,-36.453,0.0,0.0,-1.0,-0.7071,0.7071,0.0,0.03981205847478877,0.008544003745317531,-0.12150499999999999,1.2490215685168737,4.284921958196407,,
243.4303,24.27,-0.009,0.039,20.297,0.066,0.026,-0.148,-0.008,-0.003,-0.148,-0.008,-0.002,-0.554,-0.193,-0.02,0.007,0.007,0.004,0.0,0.0,0.0,862.258,-0.0,0.0,-0.0,0.0,0.0,0.0,0.0,0.0,0.9919,0.0354,-0.1218,-0.0632,0.9705,-0.2327,0.11,0.2385,0.9649,0.669,0.7326,-0.1252,-0.7377,0.634,-0.2321,-0.0907,0.2476,0.9646,0.0001,0.0001,0.0001,0.0,0.0,0.0,-0.0162,-0.0424,0.1409,4.5576,11.4893,-59.5957,0.0,0.0434,-0.3693,0.0,0.0,0.0,4295781.8184,3396787.9131,3912220.5978,-2935.9083,-3457.2071,6220.9208,4295777.2608,3396776.4238,3912280.1935,-2935.8921,-3457.1646,6220.7799,0.0,0.0765,3.9732,0.0,0.0,1.0,0.0,1.0,0.0,0.0,-4.1,-36.453,0.0,0.0,-1.0,-0.7071,0.7071,0.0,0.040024992192379,0.008544003745317531,-0.12135,1.2468242102925646,4.2794558217944445,,
243.639,24.24,-0.011,0.038,20.266,0.064,0.025,-0.148,-0.008,-0.003,-0.148,-0.008,-0.002,-0.553,-0.191,-0.019,0.007,0.007,0.004,0.0,0.0,0.0,862.258,-0.0,0.0,-0.0,0.0,0.0,0.0,0.0,0.0,0.9919,0.0354,-0.1219,-0.0632,0.9705,-0.2327,0.11,0.2385,0.9649,0.669,0.7326,-0.1252,-0.7377,0.634,-0.2321,-0.0907,0.2476,0.9646,0.0001,0.0001,0.0001,0.0,0.0,0.0,-0.0162,-0.0425,0.1409,4.5543,11.4805,-59.5664,0.0,0.0434,-0.3693,0.0,0.0,0.0,4295170.1218,3396067.6504,3913516.3569,-2937.0782,-3458.1321,6219.8551,4295165.5675,3396056.17,3913575.9232,-2937.062,-3458.0896,6219.7142,0.0,0.0765,3.9732,0.0,0.0,1.0,0.0,1.0,0.0,0.0,-4.1,-36.453,0.0,0.0,-1.0,-0.7071,0.7071,0.0,0.03956008088970497,0.008544003745317531,-0.12119999999999999,1.2421887203540327,4.274166012373191,,
243.8482,24.209,-0.013,0.037,20.235,0.062,0.025,-0.148,-0.008,-0.003,-0.148,-0.008,-0.002,-0.551,-0.19,-0.018,0.007,0.007,0.004,0.0,0.0,0.0,862.258,-0.0,0.0,-0.0,0.0,0.0,0.0,0.0,0.0,0.9919,0.0354,-0.1219,-0.0632,0.9705,-0.2327,0.1101,0.2385,0.9649,0.669,0.7326,-0.1252,-0.7377,0.634,-0.2321,-0.0907,0.2476,0.9646,0.0001,0.0001,0.0001,0.0,0.0,0.0,-0.0162,-0.0425,0.1409,4.5508,11.4715,-59.5367,0.0,0.0434,-0.3693,0.0,0.0,0.0,4294551.8621,3395339.7561,3914825.2698,-2938.26,-3459.0665,6218.7781,4294547.3112,3395328.2845,3914884.8066,-2938.2438,-3459.024,6218.6372,0.0,0.0765,3.9732,0.0,0.0,1.0,0.0,1.0,0.0,0.0,-4.1,-36.453,0.0,0.0,-1.0,-0.7071,0.7071,0.0,0.03921734310225515,0.008544003745317531,-0.121045,1.2361777922236927,4.268699875971229,,
244.0615,24.177,-0.015,0.037,20.204,0.061,0.025,-0.148,-0.008,-0.003,-0.148,-0.008,-0.002,-0.55,-0.188,-0.017,0.007,0.007,0.004,0.0,0.0,0.0,862.258,-0.0,0.0,-0.0,0.0,0.0,0.0,0.0,0.0,0.9919,0.0354,-0.1219,-0.0633,0.9705,-0.2326,0.1101,0.2385,0.9649,0.669,0.7326,-0.1252,-0.7377,0.634,-0.2321,-0.0907,0.2476,0.9646,0.0001,0.0001,0.0001,0.0,0.0,0.0,-0.0162,-0.0425,0.1409,4.5474,11.4625,-59.5067,0.0,0.0434,-0.3693,0.0,0.0,0.0,4293925.5405,3394602.468,3916150.4822,-2939.4566,-3460.0125,6217.687,4293920.9931,3394591.0055,3916209.9889,-2939.4403,-3459.97,6217.5462,0.0,0.0765,3.9732,0.0,0.0,1.0,0.0,1.0,0.0,0.0,-4.1,-36.453,0.0,0.0,-1.0,-0.7071,0.7071,0.0,0.039924929555354254,0.008544003745317531,-0.12088499999999999,1.2485875039744794,4.263057412588558,,
244.2664,24.147,-0.016,0.036,20.173,0.059,0.024,-0.148,-0.008,-0.003,-0.148,-0.008,-0.002,-0.549,-0.186,-0.016,0.007,0.007,0.004,0.0,0.0,0.0,862.258,-0.0,0.0,-0.0,0.0,0.0,0.0,0.0,0.0,0.9919,0.0355,-0.1219,-0.0633,0.9705,-0.2326,0.1101,0.2385,0.9649,0.669,0.7326,-0.1252,-0.7377,0.634,-0.2321,-0.0907,0.2476,0.9646,0.0001,0.0001,0.0001,0.0,0.0,0.0,-0.0163,-0.0425,0.1409,4.544,11.4537,-59.4777,0.0,0.0434,-0.3693,0.0,0.0,0.0,4293320.7406,3393890.6077,3917429.4247,-2940.6114,-3460.9254,6216.6336,4293316.1966,3393879.154,3917488.9025,-2940.5951,-3460.8829,6216.4927,0.0,0.0765,3.9732,0.0,0.0,1.0,0.0,1.0,0.0,0.0,-4.1,-36.453,0.0,0.0,-1.0,-0.7071,0.7071,0.0,0.03939543120718442,0.008544003745317531,-0.120735,1.2295391846693315,4.257767603167303,,
244.4723,24.116,-0.018,0.036,20.143,0.058,0.024,-0.148,-0.008,-0.003,-0.148,-0.008,-0.002,-0.547,-0.185,-0.015,0.007,0.007,0.004,0.0,0.0,0.0,862.258,-0.0,0.0,-0.0,0.0,0.0,0.0,0.0,0.0,0.9919,0.0355,-0.122,-0.0633,0.9705,-0.2326,0.1101,0.2384,0.9649,0.669,0.7326,-0.1252,-0.7377,0.634,-0.2321,-0.0907,0.2476,0.9646,0.0001,0.0001,0.0001,0.0,0.0,0.0,-0.0163,-0.0425,0.1409,4.5407,11.445,-59.4488,0.0,0.0434,-0.3693,0.0,0.0,0.0,4292717.8221,3393181.0538,3918703.6748,-2941.762,-3461.8349,6215.5835,4292713.2814,3393169.6088,3918763.1236,-2941.7457,-3461.7924,6215.4426,0.0,0.0765,3.9732,0.0,0.0,1.0,0.0,1.0,0.0,0.0,-4.1,-36.453,0.0,0.0,-1.0,-0.7071,0.7071,0.0,0.04024922359499621,0.008544003745317531,-0.12057999999999999,1.241925893218866,4.252301466765341,,
244.683,24.085,-0.02,0.035,20.112,0.056,0.023,-0.148,-0.008,-0.003,-0.148,-0.008,-0.002,-0.546,-0.183,-0.014,0.007,0.007,0.004,0.0,0.0,0.0,862.258,-0.0,0.0,-0.0,0.0,0.0,0.0,0.0,0.0,0.9919,0.0355,-0.122,-0.0634,0.9705,-0.2326,0.1101,0.2384,0.9649,0.669,0.7326,-0.1252,-0.7377,0.634,-0.2321,-0.0907,0.2476,0.9646,0.0001,0.0001,0.0001,0.0,0.0,0.0,-0.0163,-0.0425,0.1409,4.5372,11.4361,-59.4191,0.0,0.0434,-0.3693,0.0,0.0,0.0,4292096.376,3392449.7905,3920016.3348,-2942.9473,-3462.7718,6214.5011,4292091.8388,3392438.3544,3920075.7539,-2942.9311,-3462.7293,6214.3603,0.0,0.0765,3.9732,0.0,0.0,1.0,0.0,1.0,0.0,0.0,-4.1,-36.453,0.0,0.0,-1.0,-0.7071,0.7071,0.0,0.04031128874149275,0.008544003745317531,-0.120425,1.2374924910016738,4.246835330363379,,
244.8908,24.054,-0.021,0.035,20.081,0.054,0.023,-0.148,-0.008,-0.003,-0.148,-0.008,-0.002,-0.545,-0.182,-0.013,0.007,0.007,0.004,0.0,0.0,0.0,862.258,-0.0,0.0,-0.0,0.0,0.0,0.0,0.0,0.0,0.9919,0.0356,-0.122,-0.0634,0.9705,-0.2326,0.1102,0.2384,0.9649,0.669,0.7326,-0.1252,-0.7377,0.634,-0.2321,-0.0907,0.2476,0.9646,0.0001,0.0001,0.0001,0.0,0.0,0.0,-0.0163,-0.0425,0.1409,4.5338,11.4272,-59.3898,0.0,0.0434,-0.3693,0.0,0.0,0.0,4291485.4257,3391730.9721,3921306.0876,-2944.112,-3463.6923,6213.4372,4291480.8919,3391719.5448,3921365.4775,-2944.0957,-3463.6498,6213.2963,0.0,0.0765,3.9732,0.0,0.0,1.0,0.0,1.0,0.0,0.0,-4.1,-36.453,0.0,0.0,-1.0,-0.7071,0.7071,0.0,0.040816663263917106,0.008544003745317531,-0.12026999999999999,1.218470215240726,4.241369193961416,,
245.0978,24.024,-0.023,0.034,20.051,0.053,0.022,-0.148,-0.008,-0.003,-0.148,-0.008,-0.002,-0.543,-0.18,-0.012,0.007,0.007,0.004,0.0,0.0,0.0,862.258,-0.0,0.0,-0.0,0.0,0.0,0.0,0.0,0.0,0.9919,0.0356,-0.1221,-0.0634,0.9705,-0.2326,0.1102,0.2384,0.9649,0.669,0.7326,-0.1252,-0.7377,0.634,-0.2321,-0.0907,0.2476,0.9646,0.0001,0.0001,0.0001,0.0,0.0,0.0,-0.0163,-0.0426,0.1409,4.5305,11.4184,-59.3606,0.0,0.0434,-0.3693,0.0,0.0,0.0,4290874.3264,3391012.0714,3922595.4237,-2945.2764,-3464.6125,6212.373,4290869.7959,3391000.653,3922654.7843,-2945.26,-3464.57,6212.2321,0.0,0.0765,3.9732,0.0,0.0,1.0,0.0,1.0,0.0,0.0,-4.1,-36.453,0.0,0.0,-1.0,-0.7071,0.7071,0.0,0.04104875150354759,0.008544003745317531,-0.12012,1.2307895026109725,4.2360793845401625,,
245.3033,23.993,-0.025,0.034,20.02,0.051,0.022,-0.148,-0.008,-0.003,-0.148,-0.008,-0.002,-0.542,-0.179,-0.012,0.007,0.007,0.004,0.0,0.0,0.0,862.258,-0.0,0.0,-0.0,0.0,0.0,0.0,0.0,0.0,0.9919,0.0356,-0.1221,-0.0635,0.9705,-0.2325,0.1102,0.2384,0.9649,0.669,0.7326,-0.1252,-0.7377,0.634,-0.2321,-0.0907,0.2476,0.9646,0.0001,0.0001,0.0001,0.0,0.0,0.0,-0.0163,-0.0426,0.1409,4.527,11.4097,-59.3317,0.0,0.0434,-0.3693,0.0,0.0,0.0,4290270.0749,3390301.3182,3923869.5935,-2946.427,-3465.5219,6211.3209,4290265.5479,3390289.9085,3923928.9252,-2946.4107,-3465.4793,6211.18,0.0,0.0765,3.9732,0.0,0.0,1.0,0.0,1.0,0.0,0.0,-4.1,-36.453,0.0,0.0,-1.0,-0.7071,0.7071,0.0,0.04220189569201839,0.008544003745317531,-0.11996499999999999,1.2260972116401754,4.2306132481382,,
245.5103,23.963,-0.027,0.033,19.99,0.049,0.022,-0.148,-0.008,-0.003,-0.148,-0.008,-0.002,-0.54,-0.177,-0.011,0.007,0.007,0.004,0.0,0.0,0.0,862.258,-0.0,0.0,-0.0,0.0,0.0,0.0,0.0,0.0,0.9919,0.0356,-0.1221,-0.0635,0.9705,-0.2325,0.1102,0.2384,0.9649,0.669,0.7326,-0.1252,-0.7377,0.634,-0.2321,-0.0907,0.2476,0.9646,0.0001,0.0001,0.0001,0.0,0.0,0.0,-0.0163,-0.0426,0.1409,4.5237,11.4009,-59.3025,0.0,0.0434,-0.3693,0.0,0.0,0.0,4289658.6162,3389582.1804,3925158.2358,-2947.5908,-3466.4415,6210.2562,4289654.0925,3389570.7796,3925217.5382,-2947.5745,-3466.3989,6210.1153,0.0,0.0765,3.9732,0.0,0.0,1.0,0.0,1.0,0.0,0.0,-4.1,-36.453,0.0,0.0,-1.0,-0.7071,0.7071,0.0,0.04263801121065569,0.008544003745317531,-0.119815,1.2200642288056194,4.225323438716947,,
245.7166,23.932,-0.028,0.033,19.959,0.048,0.021,-0.148,-0.008,-0.002,-0.148,-0.008,-0.002,-0.539,-0.176,-0.01,0.007,0.007,0.004,0.0,0.0,0.0,862.258,-0.0,0.0,-0.0,0.0,0.0,0.0,0.0,0.0,0.9919,0.0357,-0.1221,-0.0635,0.9705,-0.2325,0.1102,0.2384,0.9649,0.669,0.7326,-0.1252,-0.7377,0.634,-0.2321,-0.0907,0.2476,0.9646,0.0001,0.0001,0.0001,0.0,0.0,0.0,-0.0164,-0.0426,0.1409,4.5203,11.3921,-59.2734,0.0,0.0434,-0.3693,0.0,0.0,0.0,4289051.3799,3388868.1007,3926437.2568,-2948.7459,-3467.3542,6209.199,4289046.8596,3388856.7086,3926496.5303,-2948.7296,-3467.3116,6209.0581,0.0,0.0765,3.9732,0.0,0.0,1.0,0.0,1.0,0.0,0.0,-4.1,-36.453,0.0,0.0,-1.0,-0.7071,0.7071,0.0,0.0432781700167648,0.00824621125123532,-0.11965999999999999,1.219346352597779,4.219857302314984,,
245.9216,23.902,-0.03,0.032,19.929,0.046,0.021,-0.148,-0.008,-0.002,-0.148,-0.008,-0.002,-0.538,-0.174,-0.009,0.007,0.007,0.004,0.0,0.0,0.0,862.258,-0.0,0.0,-0.0,0.0,0.0,0.0,0.0,0.0,0.9919,0.0357,-0.1222,-0.0635,0.9705,-0.2325,0.1103,0.2384,0.9649,0.669,0.7326,-0.1252,-0.7377,0.634,-0.2321,-0.0907,0.2476,0.9646,0.0001,0.0001,0.0001,0.0,0.0,0.0,-0.0164,-0.0426,0.1409,4.5169,11.3834,-59.2445,0.0,0.0434,-0.3693,0.0,0.0,0.0,4288446.6244,3388157.0297,3927710.3397,-2949.8957,-3468.2626,6208.1462,4288442.1075,3388145.6464,3927769.5843,-2949.8793,-3468.22,6208.0053,0.0,0.0765,3.9732,0.0,0.0,1.0,0.0,1.0,0.0,0.0,-4.1,-36.453,0.0,0.0,-1.0,-0.7071,0.7071,0.0,0.043863424398922615,0.00824621125123532,-0.11951,1.2132585931238407,4.21456749289373,,
246.1256,23.872,-0.032,0.032,19.899,0.044,0.02,-0.148,-0.008,-0.002,-0.148,-0.008,-0.002,-0.536,-0.173,-0.008,0.007,0.007,0.004,0.0,0.0,0.0,862.258,-0.0,0.0,-0.0,0.0,0.0,0.0,0.0,0.0,0.9919,0.0357,-0.1222,-0.0636,0.9705,-0.2325,0.1103,0.2383,0.9649,0.669,0.7326,-0.1252,-0.7377,0.634,-0.2321,-0.0907,0.2476,0.9646,0.0001,0.0001,0.0001,0.0,0.0,0.0,-0.0164,-0.0426,0.1409,4.5136,11.3747,-59.2159,0.0,0.0434,-0.3693,0.0,0.0,0.0,4287845.8835,3387450.7688,3928974.2658,-2951.0373,-3469.1645,6207.1004,4287841.3699,3387439.3941,3929033.4816,-2951.0209,-3469.1219,6206.9595,0.0,0.0765,3.9732,0.0,0.0,1.0,0.0,1.0,0.0,0.0,-4.1,-36.453,0.0,0.0,-1.0,-0.7071,0.7071,0.0,0.04525483399593904,0.00824621125123532,-0.11936,1.210124382677134,4.209277683472476,,
246.3311,23.841,-0.033,0.031,19.868,0.043,0.02,-0.148,-0.008,-0.002,-0.148,-0.008,-0.002,-0.535,-0.171,-0.007,0.007,0.007,0.004,0.0,0.0,0.0,862.258,-0.0,0.0,-0.0,0.0,0.0,0.0,0.0,0.0,0.9919,0.0357,-0.1222,-0.0636,0.9705,-0.2325,0.1103,0.2383,0.9649,0.669,0.7326,-0.1252,-0.7377,0.634,-0.2321,-0.0907,0.2476,0.9646,0.0001,0.0001,0.0001,0.0,0.0,0.0,-0.0164,-0.0426,0.1409,4.5102,11.3659,-59.1869,0.0,0.0434,-0.3693,0.0,0.0,0.0,4287238.3059,3386736.5617,3930251.8625,-2952.1912,-3470.0761,6206.0428,4287233.7958,3386725.1958,3930311.0494,-2952.1748,-3470.0334,6205.9019,0.0,0.0765,3.9732,0.0,0.0,1.0,0.0,1.0,0.0,0.0,-4.1,-36.453,0.0,0.0,-1.0,-0.7071,0.7071,0.0,0.045276925690687087,0.00824621125123532,-0.119205,1.2064244652837355,4.203811547070513,,
246.5371,23.811,-0.035,0.031,19.838,0.041,0.02,-0.148,-0.008,-0.002,-0.148,-0.008,-0.002,-0.534,-0.17,-0.006,0.007,0.007,0.004,0.0,0.0,0.0,862.258,-0.0,0.0,-0.0,0.0,0.0,0.0,0.0,0.0,0.9919,0.0358,-0.1222,-0.0636,0.9705,-0.2324,0.1103,0.2383,0.9649,0.669,0.7326,-0.1252,-0.7377,0.634,-0.2321,-0.0907,0.2476,0.9646,0.0001,0.0001,0.0001,0.0,0.0,0.0,-0.0164,-0.0427,0.1409,4.5068,11.3571,-59.1577,0.0,0.0434,-0.3693,0.0,0.0,0.0,4286627.9642,3386019.1968,3931534.5494,-2953.3498,-3470.9913,6204.9805,4286623.4574,3386007.8397,3931593.7071,-2953.3333,-3470.9486,6204.8396,0.0,0.0765,3.9732,0.0,0.0,1.0,0.0,1.0,0.0,0.0,-4.1,-36.453,0.0,0.0,-1.0,-0.7071,0.7071,0.0,0.04675467891024384,0.00824621125123532,-0.119055,1.2016582132515017,4.198521737649259,,
246.742,23.781,-0.037,0.03,19.807,0.039,0.019,-0.148,-0.008,-0.002,-0.148,-0.008,-0.002,-0.532,-0.168,-0.006,0.007,0.007,0.004,0.0,0.0,0.0,862.258,-0.0,0.0,-0.0,0.0,0.0,0.0,0.0,0.0,0.9919,0.0358,-0.1223,-0.0637,0.9705,-0.2324,0.1103,0.2383,0.9649,0.669,0.7326,-0.1252,-0.7377,0.634,-0.2321,-0.0907,0.2476,0.9646,0.0001,0.0001,0.0001,0.0,0.0,0.0,-0.0164,-0.0427,0.1409,4.5034,11.3484,-59.1289,0.0,0.0434,-0.3693,0.0,0.0,0.0,4286024.5179,3385310.0278,3932802.0352,-2954.4946,-3471.8956,6203.9302,4286020.0145,3385298.6794,3932861.1641,-2954.4782,-3471.8529,6203.7893,0.0,0.0765,3.9732,0.0,0.0,1.0,0.0,1.0,0.0,0.0,-4.1,-36.453,0.0,0.0,-1.0,-0.7071,0.7071,0.0,0.04763402145525821,0.00824621125123532,-0.118905,1.1968329670993232,4.1932319282280055,,
246.9495,23.75,-0.039,0.03,19.777,0.038,0.019,-0.148,-0.008,-0.002,-0.148,-0.008,-0.002,-0.531,-0.167,-0.005,0.007,0.007,0.004,0.0,0.0,0.0,862.258,-0.0,0.0,-0.0,0.0,0.0,0.0,0.0,0.0,0.9918,0.0358,-0.1223,-0.0637,0.9705,-0.2324,0.1104,0.2383,0.9649,0.669,0.7326,-0.1252,-0.7377,0.634,-0.2321,-0.0907,0.2476,0.9646,0.0001,0.0001,0.0001,0.0,0.0,0.0,-0.0164,-0.0427,0.1409,4.5,11.3396,-59.0997,0.0,0.0434,-0.3693,0.0,0.0,0.0,4285412.5612,3384590.9492,3934086.6759,-2955.655,-3472.8121,6202.8652,4285408.0612,3384579.6096,3934145.7756,-2955.6386,-3472.7694,6202.7243,0.0,0.0765,3.9732,0.0,0.0,1.0,0.0,1.0,0.0,0.0,-4.1,-36.453,0.0,0.0,-1.0,-0.7071,0.7071,0.0,0.04920365840057018,0.00824621125123532,-0.11875,1.2091285003530277,4.187765791826044,,
247.1535,23.72,-0.04,0.029,19.747,0.036,0.018,-0.148,-0.008,-0.002,-0.148,-0.008,-0.002,-0.53,-0.165,-0.004,0.007,0.007,0.004,0.0,0.0,0.0,862.258,-0.0,0.0,-0.0,0.0,0.0,0.0,0.0,0.0,0.9918,0.0358,-0.1223,-0.0637,0.9705,-0.2324,0.1104,0.2383,0.9649,0.669,0.7326,-0.1252,-0.7377,0.634,-0.2321,-0.0907,0.2476,0.9646,0.0001,0.0001,0.0001,0.0,0.0,0.0,-0.0165,-0.0427,0.1409,4.4966,11.3308,-59.0709,0.0,0.0434,-0.3693,0.0,0.0,0.0,4284807.8353,3383880.4582,3935355.4263,-2956.8011,-3473.7172,6201.8128,4284803.3386,3383869.1273,3935414.4972,-2956.7846,-3473.6745,6201.6719,0.0,0.0765,3.9732,0.0,0.0,1.0,0.0,1.0,0.0,0.0,-4.1,-36.453,0.0,0.0,-1.0,-0.7071,0.7071,0.0,0.0494064773081425,0.00824621125123532,-0.1186,1.1902104632389485,4.182475982404789,,
247.3573,23.69,-0.042,0.029,19.716,0.034,0.018,-0.148,-0.008,-0.002,-0.148,-0.008,-0.002,-0.528,-0.164,-0.003,0.007,0.007,0.004,0.0,0.0,0.0,862.258,-0.0,0.0,-0.0,0.0,0.0,0.0,0.0,0.0,0.9918,0.0359,-0.1223,-0.0637,0.9705,-0.2324,0.1104,0.2383,0.9649,0.669,0.7326,-0.1252,-0.7377,0.634,-0.2321,-0.0907,0.2476,0.9646,0.0001,0.0001,0.0001,0.0,0.0,0.0,-0.0165,-0.0427,0.1409,4.4933,11.3222,-59.0422,0.0,0.0434,-0.3693,0.0,0.0,0.0,4284205.8061,3383173.225,3936617.8162,-2957.9415,-3474.6178,6200.7652,4284201.3128,3383161.9029,3936676.8584,-2957.925,-3474.5751,6200.6243,0.0,0.0765,3.9732,0.0,0.0,1.0,0.0,1.0,0.0,0.0,-4.1,-36.453,0.0,0.0,-1.0,-0.7071,0.7071,0.0,0.05103920062069938,0.00824621125123532,-0.11845,1.1851255575688557,4.177186172983536,,
247.5606,23.66,-0.044,0.028,19.686,0.033,0.018,-0.148,-0.008,-0.002,-0.148,-0.008,-0.002,-0.527,-0.162,-0.002,0.007,0.007,0.004,0.0,0.0,0.0,862.258,-0.0,0.0,-0.0,0.0,0.0,0.0,0.0,0.0,0.9918,0.0359,-0.1224,-0.0638,0.9705,-0.2324,0.1104,0.2383,0.9649,0.669,0.7326,-0.1252,-0.7377,0.634,-0.2321,-0.0907,0.2476,0.9646,0.0001,0.0001,0.0001,0.0,0.0,0.0,-0.0165,-0.0427,0.1409,4.4899,11.3135,-59.0135,0.0,0.0434,-0.3693,0.0,0.0,0.0,4283602.7936,3382464.9258,3937881.566,-2959.0831,-3475.5193,6199.716,4283598.3037,3382453.6123,3937940.5795,-2959.0666,-3475.4765,6199.5751,0.0,0.0765,3.9732,0.0,0.0,1.0,0.0,1.0,0.0,0.0,-4.1,-36.453,0.0,0.0,-1.0,-0.7071,0.7071,0.0,0.05215361924162119,0.00824621125123532,-0.1183,1.1958248640782232,4.171896363562281,,
247.7669,23.629,-0.045,0.028,19.656,0.031,0.017,-0.148,-0.008,-0.002,-0.148,-0.008,-0.002,-0.526,-0.16,-0.001,0.007,0.007,0.004,0.0,0.0,0.0,862.258,-0.0,0.0,-0.0,0.0,0.0,0.0,0.0,0.0,0.9918,0.0359,-0.1224,-0.0638,0.9705,-0.2323,0.1104,0.2383,0.9649,0.669,0.7326,-0.1252,-0.7377,0.634,-0.2321,-0.0907,0.2476,0.9646,0.0001,0.0001,0.0001,0.0,0.0,0.0,-0.0165,-0.0427,0.1409,4.4865,11.3047,-58.9845,0.0,0.0434,-0.3693,0.0,0.0,0.0,4282993.5503,3381749.3992,3939157.6626,-2960.2359,-3476.4295,6198.656,4282989.0638,3381738.0946,3939216.6471,-2960.2194,-3476.3868,6198.515,0.0,0.0765,3.9732,0.0,0.0,1.0,0.0,1.0,0.0,0.0,-4.1,-36.453,0.0,0.0,-1.0,-0.7071,0.7071,0.0,0.053,0.00824621125123532,-0.118145,1.1784543734631374,4.166430227160319,,
247.972,23.599,-0.047,0.027,19.626,0.029,0.017,-0.148,-0.008,-0.002,-0.148,-0.008,-0.002,-0.524,-0.159,-0.0,0.007,0.007,0.004,0.0,0.0,0.0,862.258,-0.0,0.0,-0.0,0.0,0.0,0.0,0.0,0.0,0.9918,0.0359,-0.1224,-0.0638,0.9705,-0.2323,0.1105,0.2382,0.9649,0.669,0.7326,-0.1252,-0.7377,0.634,-0.2321,-0.0907,0.2476,0.9646,0.0001,0.0001,0.0001,0.0,0.0,0.0,-0.0165,-0.0427,0.1409,4.4831,11.2959,-58.9556,0.0,0.0434,-0.3693,0.0,0.0,0.0,4282387.3718,3381037.5626,3940426.6302,-2961.3823,-3477.3347,6197.6014,4282382.8887,3381026.2667,3940485.5859,-2961.3658,-3477.2919,6197.4604,0.0,0.0765,3.9732,0.0,0.0,1.0,0.0,1.0,0.0,0.0,-4.1,-36.453,0.0,0.0,-1.0,-0.7071,0.7071,0.0,0.05420332093147061,0.00824621125123532,-0.117995,1.172268940905876,4.161140417739065,,
248.1786,23.568,-0.049,0.027,19.595,0.028,0.017,-0.148,-0.008,-0.002,-0.148,-0.008,-0.002,-0.523,-0.157,0.001,0.007,0.007,0.004,0.0,0.0,0.0,862.258,-0.0,0.0,-0.0,0.0,0.0,0.0,0.0,0.0,0.9918,0.036,-0.1224,-0.0639,0.9705,-0.2323,0.1105,0.2382,0.9649,0.669,0.7326,-0.1252,-0.7377,0.634,-0.2321,-0.0907,0.2476,0.9646,0.0001,0.0001,0.0001,0.0,0.0,0.0,-0.0165,-0.0428,0.1409,4.4796,11.2871,-58.9265,0.0,0.0434,-0.3693,0.0,0.0,0.0,4281774.7527,3380318.2551,3941708.3629,-2962.5403,-3478.2489,6196.5356,4281770.2731,3380306.968,3941767.2894,-2962.5237,-3478.2061,6196.3947,0.0,0.0765,3.9732,0.0,0.0,1.0,0.0,1.0,0.0,0.0,-4.1,-36.453,0.0,0.0,-1.0,-0.7071,0.7071,0.0,0.05594640292279746,0.00824621125123532,-0.11784,1.1842474489047987,4.155674281337102,,
248.3847,23.538,-0.051,0.026,19.564,0.026,0.016,-0.148,-0.008,-0.002,-0.148,-0.008,-0.002,-0.522,-0.156,0.001,0.007,0.007,0.004,0.0,0.0,0.0,862.258,-0.0,0.0,-0.0,0.0,0.0,0.0,0.0,0.0,0.9918,0.036,-0.1225,-0.0639,0.9705,-0.2323,0.1105,0.2382,0.9649,0.669,0.7326,-0.1252,-0.7377,0.634,-0.2321,-0.0907,0.2476,0.9646,0.0001,0.0001,0.0001,0.0,0.0,0.0,-0.0165,-0.0428,0.141,4.4763,11.2783,-58.8973,0.0,0.0434,-0.3693,0.0,0.0,0.0,4281162.5099,3379599.4805,3942988.587,-2963.6969,-3479.162,6195.4706,4281158.0337,3379588.2022,3943047.4844,-2963.6803,-3479.1192,6195.3296,0.0,0.0765,3.9732,0.0,0.0,1.0,0.0,1.0,0.0,0.0,-4.1,-36.453,0.0,0.0,-1.0,-0.7071,0.7071,0.0,0.05724508712544684,0.00824621125123532,-0.11769,1.179315791581226,4.1503844719158485,,
248.5939,23.507,-0.052,0.026,19.534,0.024,0.016,-0.148,-0.008,-0.002,-0.148,-0.008,-0.002,-0.52,-0.154,0.002,0.007,0.007,0.004,0.0,0.0,0.0,862.258,-0.0,0.0,-0.0,0.0,0.0,0.0,0.0,0.0,0.9918,0.036,-0.1225,-0.0639,0.9705,-0.2323,0.1105,0.2382,0.9649,0.669,0.7326,-0.1252,-0.7377,0.634,-0.2321,-0.0907,0.2476,0.9646,0.0001,0.0001,0.0001,0.0,0.0,0.0,-0.0166,-0.0428,0.141,4.4728,11.2693,-58.8679,0.0,0.0434,-0.3693,0.0,0.0,0.0,4280543.4445,3378872.7897,3944282.3465,-2964.8658,-3480.0847,6194.3938,4280538.9717,3378861.5203,3944341.2144,-2964.8492,-3480.0419,6194.2528,0.0,0.0765,3.9732,0.0,0.0,1.0,0.0,1.0,0.0,0.0,-4.1,-36.453,0.0,0.0,-1.0,-0.7071,0.7071,0.0,0.05813776741499453,0.00824621125123532,-0.117535,1.1603569143242551,4.1449183355138866,,
248.7996,23.476,-0.054,0.025,19.503,0.023,0.015,-0.148,-0.009,-0.002,-0.148,-0.008,-0.002,-0.519,-0.153,0.003,0.007,0.007,0.004,0.0,0.0,0.0,862.258,-0.0,0.0,-0.0,0.0,0.0,0.0,0.0,0.0,0.9918,0.036,-0.1225,-0.0639,0.9705,-0.2323,0.1105,0.2382,0.9649,0.669,0.7326,-0.1252,-0.7377,0.634,-0.2321,-0.0907,0.2476,0.9646,0.0001,0.0001,0.0001,0.0,0.0,0.0,-0.0166,-0.0428,0.141,4.4693,11.2605,-58.8389,0.0,0.0434,-0.3693,0.0,0.0,0.0,4279933.2386,3378156.5911,3945556.8722,-2966.0174,-3480.9936,6193.3324,4279928.7693,3378145.3306,3945615.7111,-2966.0008,-3480.9508,6193.1915,0.0,0.0765,3.9732,0.0,0.0,1.0,0.0,1.0,0.0,0.0,-4.1,-36.453,0.0,0.0,-1.0,-0.7071,0.7071,0.0,0.05950630218724736,0.009219544457292887,-0.11738,1.172531100137144,4.139452199111924,,
249.0035,23.446,-0.056,0.025,19.473,0.021,0.015,-0.148,-0.009,-0.002,-0.148,-0.008,-0.002,-0.518,-0.151,0.004,0.007,0.007,0.004,0.0,0.0,0.0,862.258,-0.0,0.0,-0.0,0.0,0.0,0.0,0.0,0.0,0.9918,0.0361,-0.1225,-0.064,0.9706,-0.2322,0.1106,0.2382,0.9649,0.669,0.7326,-0.1252,-0.7377,0.634,-0.2321,-0.0907,0.2476,0.9646,0.0001,0.0001,0.0001,0.0,0.0,0.0,-0.0166,-0.0428,0.141,4.466,11.2518,-58.8101,0.0,0.0434,-0.3693,0.0,0.0,0.0,4279327.0741,3377445.2254,3946822.2505,-2967.1607,-3481.896,6192.2782,4279322.6081,3377433.9736,3946881.0606,-2967.1441,-3481.8532,6192.1372,0.0,0.0765,3.9732,0.0,0.0,1.0,0.0,1.0,0.0,0.0,-4.1,-36.453,0.0,0.0,-1.0,-0.7071,0.7071,0.0,0.061326992425847854,0.009219544457292887,-0.11723,1.1676277636914267,4.13416238969067,,
249.2117,23.415,-0.058,0.024,19.442,0.019,0.015,-0.148,-0.009,-0.002,-0.148,-0.008,-0.002,-0.516,-0.15,0.005,0.007,0.007,0.004,0.0,0.0,0.0,862.258,-0.0,0.0,-0.0,0.0,0.0,0.0,0.0,0.0,0.9918,0.0361,-0.1226,-0.064,0.9706,-0.2322,0.1106,0.2382,0.9649,0.669,0.7326,-0.1252,-0.7377,0.634,-0.2321,-0.0907,0.2476,0.9646,0.0001,0.0001,0.0001,0.0,0.0,0.0,-0.0166,-0.0428,0.141,4.4625,11.2429,-58.7809,0.0,0.0434,-0.3693,0.0,0.0,0.0,4278712.0225,3376723.5219,3948105.4624,-2968.3202,-3482.8111,6191.2085,4278707.5599,3376712.279,3948164.2433,-2968.3036,-3482.7683,6191.0676,0.0,0.0765,3.9732,0.0,0.0,1.0,0.0,1.0,0.0,0.0,-4.1,-36.453,0.0,0.0,-1.0,-0.7071,0.7071,0.0,0.06276941930590087,0.009219544457292887,-0.117075,1.1614797774366765,4.128696253288707,,
249.4166,23.385,-0.059,0.024,19.412,0.017,0.014,-0.148,-0.009,-0.002,-0.148,-0.008,-0.002,-0.515,-0.148,0.006,0.007,0.007,0.004,0.0,0.0,0.0,862.258,-0.0,0.0,-0.0,0.0,0.0,0.0,0.0,0.0,0.9918,0.0361,-0.1226,-0.064,0.9706,-0.2322,0.1106,0.2382,0.9649,0.669,0.7326,-0.1252,-0.7377,0.634,-0.2321,-0.0907,0.2476,0.9646,0.0001,0.0001,0.0001,0.0,0.0,0.0,-0.0166,-0.0428,0.141,4.459,11.2341,-58.7518,0.0,0.0434,-0.3693,0.0,0.0,0.0,4278100.177,3376005.6727,3949381.2691,-2969.473,-3483.7209,6190.1446,4278095.7179,3375994.4386,3949440.0209,-2969.4564,-3483.678,6190.0036,0.0,0.0765,3.9732,0.0,0.0,1.0,0.0,1.0,0.0,0.0,-4.1,-36.453,0.0,0.0,-1.0,-0.7071,0.7071,0.0,0.06369458375717671,0.009219544457292887,-0.116925,1.1436670575722032,4.123406443867454,,
249.622,23.355,-0.061,0.023,19.381,0.016,0.014,-0.148,-0.009,-0.002,-0.148,-0.008,-0.002,-0.513,-0.147,0.007,0.007,0.007,0.004,0.0,0.0,0.0,862.258,-0.0,0.0,-0.0,0.0,0.0,0.0,0.0,0.0,0.9918,0.0361,-0.1226,-0.0641,0.9706,-0.2322,0.1106,0.2381,0.9649,0.669,0.7326,-0.1252,-0.7377,0.634,-0.2321,-0.0907,0.2476,0.9646,0.0001,0.0001,0.0001,0.0,0.0,0.0,-0.0166,-0.0429,0.141,4.4557,11.2254,-58.7231,0.0,0.0434,-0.3693,0.0,0.0,0.0,4277494.0224,3375294.5896,3950644.5039,-2970.6145,-3484.6216,6189.0905,4277489.5667,3375283.3642,3950703.2269,-2970.5978,-3484.5788,6188.9496,0.0,0.0765,3.9732,0.0,0.0,1.0,0.0,1.0,0.0,0.0,-4.1,-36.453,0.0,0.0,-1.0,-0.7071,0.7071,0.0,0.0651920240520265,0.009219544457292887,-0.116775,1.1540222548735486,4.118116634446199,,
249.8329,23.323,-0.063,0.023,19.35,0.014,0.014,-0.148,-0.009,-0.002,-0.148,-0.008,-0.002,-0.512,-0.145,0.007,0.007,0.007,0.004,0.0,0.0,0.0,862.258,-0.0,0.0,-0.0,0.0,0.0,0.0,0.0,0.0,0.9918,0.0362,-0.1226,-0.0641,0.9706,-0.2322,0.1106,0.2381,0.9649,0.669,0.7326,-0.1252,-0.7377,0.634,-0.2321,-0.0907,0.2476,0.9646,0.0001,0.0001,0.0001,0.0,0.0,0.0,-0.0167,-0.0429,0.141,4.4521,11.2163,-58.6933,0.0,0.0434,-0.3693,0.0,0.0,0.0,4276867.4832,3374559.6872,3951949.4849,-2971.7937,-3485.5521,6188.0011,4276863.0311,3374548.4709,3952008.1782,-2971.7771,-3485.5093,6187.8602,0.0,0.0765,3.9732,0.0,0.0,1.0,0.0,1.0,0.0,0.0,-4.1,-36.453,0.0,0.0,-1.0,-0.7071,0.7071,0.0,0.06706713054842886,0.009219544457292887,-0.116615,1.1493493682035478,4.112474171063528,,
250.042,23.292,-0.065,0.023,19.319,0.012,0.013,-0.148,-0.009,-0.002,-0.148,-0.008,-0.002,-0.511,-0.144,0.008,0.007,0.007,0.004,0.0,0.0,0.0,862.258,-0.0,0.0,-0.0,0.0,0.0,0.0,0.0,0.0,0.9918,0.0362,-0.1227,-0.0641,0.9706,-0.2322,0.1107,0.2381,0.9649,0.669,0.7326,-0.1252,-0.7377,0.634,-0.2321,-0.0907,0.2476,0.9646,0.0001,0.0001,0.0001,0.0,0.0,0.0,-0.0167,-0.0429,0.141,4.4486,11.2074,-58.6638,0.0,0.0434,-0.3693,0.0,0.0,0.0,4276245.2044,3373829.877,3953244.853,-2972.9643,-3486.4757,6186.9192,4276240.7558,3373818.6696,3953303.5168,-2972.9476,-3486.4328,6186.7782,0.0,0.0765,3.9732,0.0,0.0,1.0,0.0,1.0,0.0,0.0,-4.1,-36.453,0.0,0.0,-1.0,-0.7071,0.7071,0.0,0.0689492567037528,0.009219544457292887,-0.11646000000000001,1.1459053722342862,4.1070080346615665,,
250.2526,23.261,-0.067,0.022,19.288,0.011,0.013,-0.148,-0.009,-0.002,-0.148,-0.008,-0.002,-0.509,-0.142,0.009,0.007,0.007,0.004,0.0,0.0,0.0,862.258,-0.0,0.0,-0.0,0.0,0.0,0.0,0.0,0.0,0.9918,0.0362,-0.1227,-0.0642,0.9706,-0.2321,0.1107,0.2381,0.9649,0.669,0.7326,-0.1252,-0.7377,0.634,-0.2321,-0.0907,0.2476,0.9646,0.0001,0.0001,0.0001,0.0,0.0,0.0,-0.0167,-0.0429,0.141,4.4451,11.1984,-58.6342,0.0,0.0434,-0.3693,0.0,0.0,0.0,4275620.9618,3373097.858,3954543.5694,-2974.138,-3487.4017,6185.8339,4275616.5167,3373086.6597,3954602.2036,-2974.1213,-3487.3588,6185.693,0.0,0.0765,3.9732,0.0,0.0,1.0,0.0,1.0,0.0,0.0,-4.1,-36.453,0.0,0.0,-1.0,-0.7071,0.7071,0.0,0.07051950084905594,0.009219544457292887,-0.11630499999999999,1.1564856025352321,4.101541898259604,,
250.4628,23.23,-0.068,0.022,19.257,0.009,0.013,-0.148,-0.009,-0.002,-0.148,-0.008,-0.002,-0.508,-0.14,0.01,0.007,0.007,0.004,0.0,0.0,0.0,862.258,-0.0,0.0,-0.0,0.0,0.0,0.0,0.0,0.0,0.9918,0.0362,-0.1227,-0.0642,0.9706,-0.2321,0.1107,0.2381,0.9649,0.669,0.7326,-0.1252,-0.7377,0.634,-0.2321,-0.0907,0.2476,0.9646,0.0001,0.0001,0.0001,0.0,0.0,0.0,-0.0167,-0.0429,0.141,4.4416,11.1893,-58.6045,0.0,0.0434,-0.3693,0.0,0.0,0.0,4274993.6446,3372362.328,3955847.936,-2975.3168,-3488.3316,6184.7434,4274989.203,3372351.1387,3955906.5405,-2975.3001,-3488.2887,6184.6024,0.0,0.0765,3.9732,0.0,0.0,1.0,0.0,1.0,0.0,0.0,-4.1,-36.453,0.0,0.0,-1.0,-0.7071,0.7071,0.0,0.07147027354082255,0.009219544457292887,-0.11615,1.1371316238609306,4.096075761857642,,
250.6739,23.199,-0.07,0.021,19.226,0.007,0.012,-0.148,-0.009,-0.002,-0.148,-0.008,-0.002,-0.507,-0.139,0.011,0.007,0.007,0.004,0.0,0.0,0.0,862.258,-0.0,0.0,-0.0,0.0,0.0,0.0,0.0,0.0,0.9918,0.0363,-0.1227,-0.0642,0.9706,-0.2321,0.1107,0.2381,0.9649,0.669,0.7326,-0.1252,-0.7377,0.634,-0.2321,-0.0907,0.2476,0.9646,0.0001,0.0001,0.0001,0.0,0.0,0.0,-0.0167,-0.0429,0.141,4.438,11.1803,-58.5748,0.0,0.0434,-0.3693,0.0,0.0,0.0,4274366.1222,3371626.6535,3957151.9835,-2976.4953,-3489.2613,6183.6526,4274361.6841,3371615.4733,3957210.5582,-2976.4786,-3489.2184,6183.5116,0.0,0.0765,3.9732,0.0,0.0,1.0,0.0,1.0,0.0,0.0,-4.1,-36.453,0.0,0.0,-1.0,-0.7071,0.7071,0.0,0.07308214556237386,0.009219544457292887,-0.11599500000000001,1.1323473949963112,4.090609625455679,,
250.8861,23.168,-0.072,0.021,19.194,0.005,0.012,-0.148,-0.009,-0.002,-0.148,-0.008,-0.002,-0.505,-0.137,0.012,0.007,0.007,0.004,0.0,0.0,0.0,862.258,-0.0,0.0,-0.0,0.0,0.0,0.0,0.0,0.0,0.9918,0.0363,-0.1228,-0.0642,0.9706,-0.2321,0.1107,0.2381,0.9649,0.669,0.7326,-0.1252,-0.7377,0.634,-0.2321,-0.0907,0.2476,0.9646,0.0001,0.0001,0.0001,0.0,0.0,0.0,-0.0167,-0.0429,0.141,4.4345,11.1712,-58.545,0.0,0.0434,-0.3693,0.0,0.0,0.0,4273737.2477,3370889.4896,3958458.0922,-2977.6757,-3490.1924,6182.5595,4273732.8132,3370878.3184,3958516.6371,-2977.659,-3490.1494,6182.4185,0.0,0.0765,3.9732,0.0,0.0,1.0,0.0,1.0,0.0,0.0,-4.1,-36.453,0.0,0.0,-1.0,-0.7071,0.7071,0.0,0.075,0.009219544457292887,-0.11584,1.1270511202194462,4.085143489053716,,
251.0948,23.137,-0.074,0.02,19.163,0.004,0.011,-0.148,-0.009,-0.002,-0.148,-0.008,-0.002,-0.504,-0.136,0.013,0.007,0.007,0.004,0.0,0.0,0.0,862.258,-0.0,0.0,-0.0,0.0,0.0,0.0,0.0,0.0,0.9918,0.0363,-0.1228,-0.0643,0.9706,-0.2321,0.1108,0.2381,0.9649,0.669,0.7326,-0.1252,-0.7377,0.634,-0.2321,-0.0907,0.2476,0.9646,0.0001,0.0001,0.0001,0.0,0.0,0.0,-0.0167,-0.043,0.141,4.431,11.1622,-58.5154,0.0,0.0434,-0.3693,0.0,0.0,0.0,4273113.4395,3370158.3582,3959752.9389,-2978.846,-3491.1154,6181.4753,4273109.0085,3370147.1959,3959811.4543,-2978.8293,-3491.0725,6181.3343,0.0,0.0765,3.9732,0.0,0.0,1.0,0.0,1.0,0.0,0.0,-4.1,-36.453,0.0,0.0,-1.0,-0.7071,0.7071,0.0,0.07665507158694719,0.009219544457292887,-0.115685,1.1391232896519992,4.079677352651754,,
251.3024,23.106,-0.076,0.02,19.133,0.002,0.011,-0.148,-0.009,-0.002,-0.148,-0.008,-0.002,-0.502,-0.134,0.014,0.007,0.007,0.004,0.0,0.0,0.0,862.258,-0.0,0.0,-0.0,0.0,0.0,0.0,0.0,0.0,0.9918,0.0363,-0.1228,-0.0643,0.9706,-0.2321,0.1108,0.238,0.9649,0.669,0.7326,-0.1252,-0.7377,0.634,-0.2321,-0.0907,0.2476,0.9646,0.0001,0.0001,0.0001,0.0,0.0,0.0,-0.0168,-0.043,0.141,4.4275,11.1533,-58.486,0.0,0.0434,-0.3693,0.0,0.0,0.0,4272491.8438,3369429.9133,3961042.4613,-2980.0116,-3492.0346,6180.395,4272487.4163,3369418.76,3961100.9474,-2979.9948,-3491.9917,6180.254,0.0,0.0765,3.9732,0.0,0.0,1.0,0.0,1.0,0.0,0.0,-4.1,-36.453,0.0,0.0,-1.0,-0.7071,0.7071,0.0,0.078587530817554,0.009219544457292887,-0.11553000000000001,1.134368977272395,4.074211216249792,,
251.5114,23.075,-0.077,0.019,19.102,0.0,0.011,-0.148,-0.009,-0.002,-0.148,-0.008,-0.002,-0.501,-0.133,0.015,0.007,0.007,0.004,0.0,0.0,0.0,862.258,-0.0,0.0,-0.0,0.0,0.0,0.0,0.0,0.0,0.9918,0.0364,-0.1229,-0.0643,0.9706,-0.232,0.1108,0.238,0.9649,0.669,0.7326,-0.1252,-0.7377,0.634,-0.2321,-0.0907,0.2476,0.9646,0.0001,0.0001,0.0001,0.0,0.0,0.0,-0.0168,-0.043,0.141,4.424,11.1443,-58.4567,0.0,0.0434,-0.3693,0.0,0.0,0.0,4271871.567,3368703.1074,3962328.5215,-2981.174,-3492.9513,6179.317,4271867.1429,3368691.963,3962386.9782,-2981.1572,-3492.9083,6179.176,0.0,0.0765,3.9732,0.0,0.0,1.0,0.0,1.0,0.0,0.0,-4.1,-36.453,0.0,0.0,-1.0,-0.7071,0.7071,0.0,0.07930952023559341,0.009219544457292887,-0.11537499999999999,1.113736069040391,4.0687450798478295,,
251.7218,23.044,-0.079,0.019,19.07,-0.002,0.01,-0.148,-0.009,-0.002,-0.148,-0.008,-0.002,-0.5,-0.131,0.015,0.007,0.007,0.004,0.0,0.0,0.0,862.258,-0.0,0.0,-0.0,0.0,0.0,0.0,0.0,0.0,0.9918,0.0364,-0.1229,-0.0644,0.9706,-0.232,0.1108,0.238,0.9649,0.669,0.7326,-0.1252,-0.7377,0.634,-0.2321,-0.0907,0.2476,0.9646,0.0001,0.0001,0.0001,0.0,0.0,0.0,-0.0168,-0.043,0.141,4.4204,11.1353,-58.4269,0.0,0.0434,-0.3693,0.0,0.0,0.0,4271241.6713,3367965.1252,3963633.782,-2982.3538,-3493.8817,6178.2224,4271237.2509,3367953.99,3963692.2089,-2982.337,-3493.8387,6178.0814,0.0,0.0765,3.9732,0.0,0.0,1.0,0.0,1.0,0.0,0.0,-4.1,-36.453,0.0,0.0,-1.0,-0.7071,0.7071,0.0,0.08125269226308751,0.009219544457292887,-0.11522,1.1098492927875776,4.063278943445867,,
251.9318,23.013,-0.081,0.018,19.04,-0.004,0.01,-0.148,-0.009,-0.002,-0.148,-0.008,-0.002,-0.498,-0.13,0.016,0.007,0.007,0.004,0.0,0.0,0.0,862.258,-0.0,0.0,-0.0,0.0,0.0,0.0,0.0,0.0,0.9917,0.0364,-0.1229,-0.0644,0.9706,-0.232,0.1108,0.238,0.9649,0.669,0.7326,-0.1252,-0.7377,0.634,-0.2321,-0.0907,0.2476,0.9646,0.0001,0.0001,0.0001,0.0,0.0,0.0,-0.0168,-0.043,0.141,4.4169,11.1263,-58.3974,0.0,0.0434,-0.3693,0.0,0.0,0.0,4270618.2023,3367234.7662,3964924.9891,-2983.521,-3494.8019,6177.1391,4270613.7854,3367223.64,3964983.3866,-2983.5042,-3494.7589,6176.9981,0.0,0.0765,3.9732,0.0,0.0,1.0,0.0,1.0,0.0,0.0,-4.1,-36.453,0.0,0.0,-1.0,-0.7071,0.7071,0.0,0.08297590011563598,0.009219544457292887,-0.11506500000000001,1.1037851563198025,4.057812807043905,,
252.1405,22.982,-0.083,0.018,19.008,-0.005,0.01,-0.148,-0.009,-0.002,-0.148,-0.008,-0.002,-0.497,-0.128,0.017,0.007,0.007,0.004,0.0,0.0,0.0,862.258,-0.0,0.0,-0.0,0.0,0.0,0.0,0.0,0.0,0.9917,0.0364,-0.1229,-0.0644,0.9706,-0.232,0.1109,0.238,0.9649,0.669,0.7326,-0.1252,-0.7377,0.634,-0.2321,-0.0907,0.2476,0.9646,0.0001,0.0001,0.0001,0.0,0.0,0.0,-0.0168,-0.043,0.141,4.4134,11.1173,-58.3679,0.0,0.0434,-0.3693,0.0,0.0,0.0,4269993.0327,3366502.5093,3966218.985,-2984.6907,-3495.7242,6176.0529,4269988.6193,3366491.3921,3966277.3529,-2984.6738,-3495.6812,6175.9119,0.0,0.0765,3.9732,0.0,0.0,1.0,0.0,1.0,0.0,0.0,-4.1,-36.453,0.0,0.0,-1.0,-0.7071,0.7071,0.0,0.08492938243034621,0.009219544457292887,-0.11491,1.115311313657041,4.052346670641942,,
252.351,22.951,-0.085,0.018,18.977,-0.007,0.009,-0.148,-0.009,-0.002,-0.148,-0.008,-0.002,-0.496,-0.126,0.018,0.007,0.007,0.004,0.0,0.0,0.0,862.258,-0.0,0.0,-0.0,0.0,0.0,0.0,0.0,0.0,0.9917,0.0365,-0.123,-0.0645,0.9706,-0.232,0.1109,0.238,0.9649,0.669,0.7326,-0.1252,-0.7377,0.634,-0.2321,-0.0907,0.2476,0.9646,0.0001,0.0001,0.0001,0.0,0.0,0.0,-0.0168,-0.043,0.141,4.4099,11.1083,-58.3384,0.0,0.0434,-0.3693,0.0,0.0,0.0,4269367.9606,3365770.4599,3967512.0441,-2985.8595,-3496.6457,6174.9669,4269363.5508,3365759.3517,3967570.3825,-2985.8427,-3496.6027,6174.8259,0.0,0.0765,3.9732,0.0,0.0,1.0,0.0,1.0,0.0,0.0,-4.1,-36.453,0.0,0.0,-1.0,-0.7071,0.7071,0.0,0.08688498144098324,0.009219544457292887,-0.114755,1.1117036171577859,4.04688053423998,,
252.5556,22.92,-0.087,0.017,18.947,-0.009,0.009,-0.148,-0.009,-0.002,-0.148,-0.008,-0.002,-0.494,-0.125,0.019,0.007,0.007,0.004,0.0,0.0,0.0,862.258,-0.0,0.0,-0.0,0.0,0.0,0.0,0.0,0.0,0.9917,0.0365,-0.123,-0.0645,0.9706,-0.232,0.1109,0.238,0.9649,0.669,0.7326,-0.1252,-0.7377,0.634,-0.2321,-0.0907,0.2476,0.9646,0.0001,0.0001,0.0001,0.0,0.0,0.0,-0.0168,-0.043,0.141,4.4064,11.0994,-58.3093,0.0,0.0434,-0.3693,0.0,0.0,0.0,4268752.3042,3365049.5294,3968784.909,-2987.0102,-3497.5528,6173.8973,4268747.8978,3365038.4301,3968843.2183,-2986.9934,-3497.5098,6173.7563,0.0,0.0765,3.9732,0.0,0.0,1.0,0.0,1.0,0.0,0.0,-4.1,-36.453,0.0,0.0,-1.0,-0.7071,0.7071,0.0,0.08864536084872122,0.009219544457292887,-0.11460000000000001,1.1055764054781074,4.041414397838017,,
252.7627,22.89,-0.088,0.017,18.916,-0.011,0.009,-0.148,-0.009,-0.002,-0.148,-0.008,-0.002,-0.493,-0.123,0.02,0.007,0.007,0.004,0.0,0.0,0.0,862.258,-0.0,0.0,-0.0,0.0,0.0,0.0,0.0,0.0,0.9917,0.0365,-0.123,-0.0645,0.9706,-0.2319,0.1109,0.238,0.9649,0.669,0.7326,-0.1252,-0.7377,0.634,-0.2321,-0.0907,0.2476,0.9646,0.0001,0.0001,0.0001,0.0,0.0,0.0,-0.0169,-0.0431,0.141,4.4029,11.0905,-58.2802,0.0,0.0434,-0.3693,0.0,0.0,0.0,4268135.975,3364327.9019,3970058.4532,-2988.1615,-3498.4604,6172.8266,4268131.5721,3364316.8114,3970116.7334,-2988.1447,-3498.4173,6172.6856,0.0,0.0765,3.9732,0.0,0.0,1.0,0.0,1.0,0.0,0.0,-4.1,-36.453,0.0,0.0,-1.0,-0.7071,0.7071,0.0,0.08962700485902672,0.009219544457292887,-0.11445,1.085796271168027,4.036124588416763,,
252.9729,22.858,-0.09,0.016,18.885,-0.012,0.009,-0.148,-0.009,-0.002,-0.148,-0.008,-0.002,-0.491,-0.122,0.021,0.007,0.007,0.004,0.0,0.0,0.0,862.258,-0.0,0.0,-0.0,0.0,0.0,0.0,0.0,0.0,0.9917,0.0365,-0.123,-0.0645,0.9706,-0.2319,0.1109,0.2379,0.9649,0.669,0.7326,-0.1252,-0.7377,0.634,-0.2321,-0.0907,0.2476,0.9646,0.0001,0.0001,0.0001,0.0,0.0,0.0,-0.0169,-0.0431,0.141,4.3993,11.0815,-58.2505,0.0,0.0434,-0.3693,0.0,0.0,0.0,4267507.829,3363592.5323,3971355.6831,-2989.3343,-3499.3848,6171.7355,4267503.4297,3363581.4508,3971413.9336,-2989.3174,-3499.3417,6171.5945,0.0,0.0765,3.9732,0.0,0.0,1.0,0.0,1.0,0.0,0.0,-4.1,-36.453,0.0,0.0,-1.0,-0.7071,0.7071,0.0,0.0914111590562115,0.009219544457292887,-0.11429,1.0967282212322895,4.0304821250340925,,
253.181,22.828,-0.092,0.016,18.854,-0.014,0.008,-0.148,-0.009,-0.002,-0.148,-0.008,-0.002,-0.49,-0.12,0.022,0.007,0.007,0.004,0.0,0.0,0.0,862.258,-0.0,0.0,-0.0,0.0,0.0,0.0,0.0,0.0,0.9917,0.0366,-0.1231,-0.0646,0.9706,-0.2319,0.111,0.2379,0.9649,0.669,0.7326,-0.1252,-0.7377,0.634,-0.2321,-0.0907,0.2476,0.9646,0.0001,0.0001,0.0001,0.0,0.0,0.0,-0.0169,-0.0431,0.141,4.3958,11.0725,-58.2212,0.0,0.0434,-0.3693,0.0,0.0,0.0,4266886.3134,3362865.017,3972638.493,-2990.4941,-3500.2988,6170.656,4266881.9176,3362853.9445,3972696.7142,-2990.4772,-3500.2557,6170.515,0.0,0.0765,3.9732,0.0,0.0,1.0,0.0,1.0,0.0,0.0,-4.1,-36.453,0.0,0.0,-1.0,-0.7071,0.7071,0.0,0.09338094023943001,0.009219544457292887,-0.11413999999999999,1.0926213038830188,4.025192315612839,,
253.3912,22.796,-0.094,0.015,18.823,-0.016,0.008,-0.148,-0.009,-0.002,-0.148,-0.009,-0.001,-0.489,-0.119,0.022,0.007,0.007,0.004,0.0,0.0,0.0,862.258,-0.0,0.0,-0.0,0.0,0.0,0.0,0.0,0.0,0.9917,0.0366,-0.1231,-0.0646,0.9706,-0.2319,0.111,0.2379,0.9649,0.669,0.7326,-0.1252,-0.7377,0.634,-0.2321,-0.0907,0.2476,0.9646,0.0001,0.0001,0.0001,0.0,0.0,0.0,-0.0169,-0.0431,0.141,4.3923,11.0635,-58.1915,0.0,0.0434,-0.3693,0.0,0.0,0.0,4266256.511,3362127.8963,3973937.6719,-2991.6687,-3501.2245,6169.5621,4266252.1188,3362116.8329,3973995.8634,-2991.6518,-3501.1814,6169.4211,0.0,0.0765,3.9732,0.0,0.0,1.0,0.0,1.0,0.0,0.0,-4.1,-36.453,0.0,0.0,-1.0,-0.7071,0.7071,0.0,0.09518928511129811,0.009219544457292887,-0.11398,1.0865715677382677,4.019549852230168,,
253.598,22.766,-0.096,0.015,18.793,-0.018,0.008,-0.148,-0.009,-0.002,-0.148,-0.009,-0.001,-0.487,-0.117,0.023,0.007,0.007,0.004,0.0,0.0,0.0,862.258,-0.0,0.0,-0.0,0.0,0.0,0.0,0.0,0.0,0.9917,0.0366,-0.1231,-0.0646,0.9706,-0.2319,0.111,0.2379,0.9649,0.669,0.7326,-0.1252,-0.7377,0.634,-0.2321,-0.0907,0.2476,0.9646,0.0001,0.0001,0.0001,0.0,0.0,0.0,-0.0169,-0.0431,0.141,4.3887,11.0545,-58.1623,0.0,0.0434,-0.3693,0.0,0.0,0.0,4265637.2771,3361403.2367,3975214.3275,-2992.8229,-3502.1342,6168.4867,4265632.8884,3361392.1822,3975272.4899,-2992.806,-3502.091,6168.3457,0.0,0.0765,3.9732,0.0,0.0,1.0,0.0,1.0,0.0,0.0,-4.1,-36.453,0.0,0.0,-1.0,-0.7071,0.7071,0.0,0.09716480844420988,0.009219544457292887,-0.11382999999999999,1.0813814823840993,4.014260042808913,,
253.8066,22.735,-0.098,0.015,18.762,-0.019,0.007,-0.148,-0.009,-0.002,-0.148,-0.009,-0.001,-0.486,-0.116,0.024,0.007,0.007,0.004,0.0,0.0,0.0,862.258,-0.0,0.0,-0.0,0.0,0.0,0.0,0.0,0.0,0.9917,0.0366,-0.1231,-0.0647,0.9706,-0.2319,0.111,0.2379,0.9649,0.669,0.7326,-0.1252,-0.7377,0.634,-0.2321,-0.0907,0.2476,0.9646,0.0001,0.0001,0.0001,0.0,0.0,0.0,-0.0169,-0.0431,0.141,4.3852,11.0456,-58.133,0.0,0.0434,-0.3693,0.0,0.0,0.0,4265014.3755,3360674.3772,3976497.8243,-2993.9834,-3503.0486,6167.405,4265009.9903,3360663.3317,3976555.9573,-2993.9665,-3503.0055,6167.2639,0.0,0.0765,3.9732,0.0,0.0,1.0,0.0,1.0,0.0,0.0,-4.1,-36.453,0.0,0.0,-1.0,-0.7071,0.7071,0.0,0.09914131328563285,0.009219544457292887,-0.113675,1.094500903204167,4.008793906406951,,
254.0137,22.704,-0.099,0.014,18.731,-0.021,0.007,-0.148,-0.009,-0.002,-0.148,-0.009,-0.001,-0.485,-0.114,0.025,0.007,0.007,0.004,0.0,0.0,0.0,862.258,-0.0,0.0,-0.0,0.0,0.0,0.0,0.0,0.0,0.9917,0.0367,-0.1232,-0.0647,0.9706,-0.2318,0.111,0.2379,0.9649,0.669,0.7326,-0.1252,-0.7377,0.634,-0.2321,-0.0907,0.2476,0.9646,0.0001,0.0001,0.0001,0.0,0.0,0.0,-0.0169,-0.0431,0.141,4.3817,11.0366,-58.1037,0.0,0.0434,-0.3693,0.0,0.0,0.0,4264391.6194,3359945.7802,3977780.2986,-2995.143,-3503.9623,6166.3236,4264387.2378,3359934.7436,3977838.4022,-2995.1261,-3503.9191,6166.1825,0.0,0.0765,3.9732,0.0,0.0,1.0,0.0,1.0,0.0,0.0,-4.1,-36.453,0.0,0.0,-1.0,-0.7071,0.7071,0.0,0.09998499887483123,0.009219544457292887,-0.11352000000000001,1.0737238716259958,4.003327770004989,,
254.2194,22.674,-0.101,0.014,18.701,-0.023,0.007,-0.148,-0.009,-0.002,-0.148,-0.009,-0.001,-0.483,-0.113,0.026,0.007,0.007,0.004,0.0,0.0,0.0,862.258,-0.0,0.0,-0.0,0.0,0.0,0.0,0.0,0.0,0.9917,0.0367,-0.1232,-0.0647,0.9706,-0.2318,0.1111,0.2379,0.9649,0.669,0.7326,-0.1252,-0.7377,0.634,-0.2321,-0.0907,0.2476,0.9646,0.0001,0.0001,0.0001,0.0,0.0,0.0,-0.017,-0.0432,0.141,4.3782,11.0278,-58.0747,0.0,0.0434,-0.3693,0.0,0.0,0.0,4263776.9048,3359226.6817,3979045.5059,-2996.287,-3504.8636,6165.2562,4263772.5266,3359215.6539,3979103.5806,-2996.2701,-3504.8205,6165.1152,0.0,0.0765,3.9732,0.0,0.0,1.0,0.0,1.0,0.0,0.0,-4.1,-36.453,0.0,0.0,-1.0,-0.7071,0.7071,0.0,0.10196568050084304,0.009219544457292887,-0.11337,1.0684960662744694,3.998037960583735,,
254.4278,22.643,-0.103,0.013,18.67,-0.025,0.006,-0.148,-0.009,-0.002,-0.148,-0.009,-0.001,-0.482,-0.111,0.027,0.007,0.007,0.004,0.0,0.0,0.0,862.258,-0.0,0.0,-0.0,0.0,0.0,0.0,0.0,0.0,0.9917,0.0367,-0.1232,-0.0647,0.9706,-0.2318,0.1111,0.2379,0.9649,0.669,0.7326,-0.1252,-0.7377,0.634,-0.2321,-0.0907,0.2476,0.9646,0.0001,0.0001,0.0001,0.0,0.0,0.0,-0.017,-0.0432,0.141,4.3747,11.0188,-58.0453,0.0,0.0434,-0.3693,0.0,0.0,0.0,4263151.7501,3358495.4614,3980331.4805,-2997.4499,-3505.7797,6164.1708,4263147.3754,3358484.4427,3980389.5258,-2997.4329,-3505.7366,6164.0297,0.0,0.0765,3.9732,0.0,0.0,1.0,0.0,1.0,0.0,0.0,-4.1,-36.453,0.0,0.0,-1.0,-0.7071,0.7071,0.0,0.10381714694596457,0.009219544457292887,-0.11321500000000001,1.0634559616748178,3.9925718241817725,,
254.637,22.612,-0.105,0.013,18.639,-0.027,0.006,-0.148,-0.009,-0.002,-0.148,-0.009,-0.001,-0.48,-0.109,0.028,0.007,0.007,0.004,0.0,0.0,0.0,862.258,-0.0,0.0,-0.0,0.0,0.0,0.0,0.0,0.0,0.9917,0.0368,-0.1232,-0.0648,0.9706,-0.2318,0.1111,0.2378,0.9649,0.669,0.7326,-0.1252,-0.7377,0.634,-0.2321,-0.0907,0.2476,0.9646,0.0001,0.0001,0.0001,0.0,0.0,0.0,-0.017,-0.0432,0.1411,4.3711,11.0098,-58.0159,0.0,0.0434,-0.3693,0.0,0.0,0.0,4262526.2974,3357763.9859,3981617.3431,-2998.6126,-3506.6957,6163.0849,4262521.9263,3357752.9761,3981675.359,-2998.5956,-3506.6525,6162.9438,0.0,0.0765,3.9732,0.0,0.0,1.0,0.0,1.0,0.0,0.0,-4.1,-36.453,0.0,0.0,-1.0,-0.7071,0.7071,0.0,0.10580170130957252,0.009219544457292887,-0.11306,1.0581978328404675,3.9871056877798097,,
254.8524,22.58,-0.107,0.013,18.607,-0.028,0.006,-0.148,-0.009,-0.002,-0.148,-0.009,-0.001,-0.479,-0.108,0.029,0.007,0.007,0.004,0.0,0.0,0.0,862.258,-0.0,0.0,-0.0,0.0,0.0,0.0,0.0,0.0,0.9917,0.0368,-0.1233,-0.0648,0.9706,-0.2318,0.1111,0.2378,0.9649,0.669,0.7326,-0.1252,-0.7377,0.634,-0.2321,-0.0907,0.2476,0.9646,0.0001,0.0001,0.0001,0.0,0.0,0.0,-0.017,-0.0432,0.1411,4.3674,11.0004,-57.9854,0.0,0.0434,-0.3693,0.0,0.0,0.0,4261879.4579,3357007.5958,3982946.4129,-2999.8145,-3507.6425,6161.962,4261875.0905,3356996.5953,3983004.3984,-2999.7975,-3507.5993,6161.8209,0.0,0.0765,3.9732,0.0,0.0,1.0,0.0,1.0,0.0,0.0,-4.1,-36.453,0.0,0.0,-1.0,-0.7071,0.7071,0.0,0.10778682665335314,0.009219544457292887,-0.11289999999999999,1.0698772971189168,3.981463224397139,,
255.0629,22.549,-0.109,0.012,18.575,-0.03,0.005,-0.148,-0.009,-0.002,-0.148,-0.009,-0.001,-0.478,-0.106,0.03,0.007,0.007,0.004,0.0,0.0,0.0,862.258,-0.0,0.0,-0.0,0.0,0.0,0.0,0.0,0.0,0.9917,0.0368,-0.1233,-0.0648,0.9706,-0.2318,0.1111,0.2378,0.9649,0.669,0.7326,-0.1252,-0.7377,0.634,-0.2321,-0.0907,0.2476,0.9646,0.0001,0.0001,0.0001,0.0,0.0,0.0,-0.017,-0.0432,0.1411,4.3638,10.9913,-57.9557,0.0,0.0434,-0.3693,0.0,0.0,0.0,4261247.1848,3356268.3343,3984244.8036,-3000.9886,-3508.5673,6160.8644,4261242.821,3356257.3429,3984302.7593,-3000.9716,-3508.5241,6160.7233,0.0,0.0765,3.9732,0.0,0.0,1.0,0.0,1.0,0.0,0.0,-4.1,-36.453,0.0,0.0,-1.0,-0.7071,0.7071,0.0,0.10965856099730655,0.009219544457292887,-0.112745,1.0645129810846958,3.9759970879951765,,
255.272,22.517,-0.11,0.012,18.544,-0.032,0.005,-0.148,-0.003,-0.002,-0.148,-0.003,-0.001,-0.476,-0.105,0.03,0.007,0.007,0.004,0.0,0.0,0.0,862.237,-0.0,1.0,-0.0,0.0,0.0,0.0,0.0,0.0,0.9917,0.0368,-0.1233,-0.0649,0.9706,-0.2317,0.1112,0.2378,0.9649,0.669,0.7326,-0.1252,-0.7377,0.634,-0.2321,-0.0907,0.2476,0.9646,0.0001,0.0001,0.0001,0.0,0.0,0.0,-0.0169,-0.0378,0.1424,4.3602,10.9826,-57.9258,0.0,0.0434,-0.3693,0.0,0.0,0.0,4260612.9492,3355526.8736,3985546.4831,-3002.1657,-3509.489,6159.7648,4260608.589,3355515.891,3985604.4089,-3002.1488,-3509.4512,6159.6224,0.0,0.0765,3.9732,0.0,0.0,1.0,0.0,1.0,0.0,0.0,-4.1,-36.453,0.0,0.0,-1.0,-0.7071,0.7071,0.0,0.11065260954898443,0.0036055512754639895,-0.11258499999999999,1.0451372524393756,3.9703546246125057,,
255.4833,22.486,-0.11,0.011,18.513,-0.031,0.005,-0.148,0.003,-0.002,-0.148,0.003,-0.001,-0.475,-0.103,0.031,0.008,0.007,0.004,0.0,0.0,0.0,862.213,-0.0,0.0,-0.0,0.0,0.0,0.0,0.0,0.0,0.9917,0.0369,-0.1233,-0.0649,0.9706,-0.2317,0.1112,0.2378,0.9649,0.669,0.7326,-0.1252,-0.7377,0.634,-0.2321,-0.0907,0.2476,0.9646,0.0001,0.0001,0.0001,0.0,0.0,0.0,-0.0168,-0.0319,0.1438,4.3567,10.9755,-57.8959,0.0,0.0434,-0.3693,0.0,0.0,0.0,4259985.833,3354793.8307,3986832.8204,-3003.3289,-3510.3993,6158.6778,4259981.4763,3354782.8552,3986890.7163,-3003.3121,-3510.3674,6158.5339,0.0,0.0765,3.9732,0.0,0.0,1.0,0.0,1.0,0.0,0.0,-4.1,-36.453,0.0,0.0,-1.0,-0.7071,0.7071,0.0,0.11054863183232978,0.0036055512754639895,-0.11243,1.06088527543524,3.9648884882105437,,
255.6929,22.455,-0.11,0.011,18.482,-0.031,0.005,-0.148,0.003,-0.002,-0.148,0.003,-0.001,-0.473,-0.102,0.032,0.008,0.007,0.004,0.0,0.0,0.0,862.213,-0.0,0.0,-0.0,0.0,0.0,0.0,0.0,0.0,0.9917,0.0369,-0.1234,-0.0649,0.9706,-0.2317,0.1112,0.2378,0.9649,0.669,0.7326,-0.1252,-0.7377,0.634,-0.2321,-0.0907,0.2476,0.9646,0.0001,0.0001,0.0001,0.0,0.0,0.0,-0.0168,-0.0319,0.1438,4.3531,10.9688,-57.8657,0.0,0.0434,-0.3693,0.0,0.0,0.0,4259355.8022,3354057.474,3988124.4057,-3004.497,-3511.3191,6157.5843,4259351.449,3354046.5052,3988182.2714,-3004.4802,-3511.2872,6157.4405,0.0,0.0765,3.9732,0.0,0.0,1.0,0.0,1.0,0.0,0.0,-4.1,-36.453,0.0,0.0,-1.0,-0.7071,0.7071,0.0,0.11054863183232978,0.0036055512754639895,-0.11227499999999999,1.060770185678308,3.959422351808581,,
255.8995,22.425,-0.109,0.011,18.451,-0.03,0.004,-0.148,0.003,-0.002,-0.148,0.003,-0.001,-0.472,-0.1,0.033,0.008,0.007,0.004,0.0,0.0,0.0,862.213,-0.0,0.0,-0.0,0.0,0.0,0.0,0.0,0.0,0.9917,0.0369,-0.1234,-0.065,0.9706,-0.2317,0.1112,0.2378,0.9649,0.669,0.7326,-0.1252,-0.7377,0.634,-0.2321,-0.0907,0.2476,0.9646,0.0001,0.0001,0.0001,0.0,0.0,0.0,-0.0168,-0.0319,0.1438,4.3497,10.9622,-57.836,0.0,0.0434,-0.3693,0.0,0.0,0.0,4258734.0056,3353330.8335,3989398.3948,-3005.6492,-3512.2264,6156.5052,4258729.6559,3353319.8712,3989456.2307,-3005.6324,-3512.1945,6156.3613,0.0,0.0765,3.9732,0.0,0.0,1.0,0.0,1.0,0.0,0.0,-4.1,-36.453,0.0,0.0,-1.0,-0.7071,0.7071,0.0,0.10955363982999378,0.0036055512754639895,-0.112125,1.0642863523073611,3.954132542387327,,
256.1103,22.393,-0.108,0.01,18.42,-0.03,0.004,-0.148,0.003,-0.002,-0.148,0.003,-0.001,-0.47,-0.099,0.034,0.008,0.007,0.004,0.0,0.0,0.0,862.213,-0.0,0.0,-0.0,0.0,0.0,0.0,0.0,0.0,0.9917,0.0369,-0.1234,-0.065,0.9706,-0.2317,0.1112,0.2378,0.9649,0.669,0.7326,-0.1252,-0.7377,0.634,-0.2321,-0.0907,0.2476,0.9646,0.0001,0.0001,0.0001,0.0,0.0,0.0,-0.0168,-0.0319,0.1438,4.3461,10.9555,-57.8057,0.0,0.0434,-0.3693,0.0,0.0,0.0,4258101.255,3352591.4847,3990694.0961,-3006.8211,-3513.1491,6155.4071,4258096.9089,3352580.5292,3990751.9018,-3006.8043,-3513.1172,6155.2633,0.0,0.0765,3.9732,0.0,0.0,1.0,0.0,1.0,0.0,0.0,-4.1,-36.453,0.0,0.0,-1.0,-0.7071,0.7071,0.0,0.10846197490364998,0.0036055512754639895,-0.11196500000000001,1.0489558503252736,3.948490079004656,,
256.3195,22.362,-0.108,0.01,18.389,-0.029,0.004,-0.148,0.003,-0.002,-0.148,0.003,-0.001,-0.468,-0.097,0.035,0.008,0.007,0.004,0.0,0.0,0.0,862.213,-0.0,0.0,-0.0,0.0,0.0,0.0,0.0,0.0,0.9917,0.037,-0.1235,-0.065,0.9706,-0.2317,0.1113,0.2377,0.9649,0.669,0.7326,-0.1252,-0.7377,0.634,-0.2321,-0.0907,0.2476,0.9646,0.0001,0.0001,0.0001,0.0,0.0,0.0,-0.0168,-0.0319,0.1438,4.3426,10.9488,-57.7756,0.0,0.0434,-0.3693,0.0,0.0,0.0,4257472.1076,3351856.4394,3991981.69,-3007.9857,-3514.0661,6154.3154,4257467.765,3351845.4906,3992039.4656,-3007.9689,-3514.0341,6154.1716,0.0,0.0765,3.9732,0.0,0.0,1.0,0.0,1.0,0.0,0.0,-4.1,-36.453,0.0,0.0,-1.0,-0.7071,0.7071,0.0,0.10846197490364998,0.0036055512754639895,-0.11180999999999999,1.0658362668917103,3.9430239426026934,,
256.5287,22.331,-0.107,0.01,18.358,-0.028,0.004,-0.148,0.003,-0.002,-0.148,0.003,-0.001,-0.467,-0.096,0.036,0.008,0.007,0.004,0.0,0.0,0.0,862.213,-0.0,0.0,-0.0,0.0,0.0,0.0,0.0,0.0,0.9917,0.037,-0.1235,-0.0651,0.9706,-0.2316,0.1113,0.2377,0.9649,0.669,0.7326,-0.1252,-0.7377,0.634,-0.2321,-0.0907,0.2476,0.9646,0.0001,0.0001,0.0001,0.0,0.0,0.0,-0.0169,-0.032,0.1438,4.3391,10.9421,-57.7455,0.0,0.0434,-0.3693,0.0,0.0,0.0,4256842.5472,3351121.0044,3993269.4015,-3009.1505,-3514.983,6153.223,4256838.2082,3351110.0623,3993327.147,-3009.1336,-3514.9511,6153.0792,0.0,0.0765,3.9732,0.0,0.0,1.0,0.0,1.0,0.0,0.0,-4.1,-36.453,0.0,0.0,-1.0,-0.7071,0.7071,0.0,0.10746627377926528,0.0036055512754639895,-0.111655,1.0683456172787664,3.9375578062007315,,
256.7373,22.3,-0.107,0.009,18.327,-0.028,0.004,-0.148,0.003,-0.002,-0.148,0.003,-0.001,-0.465,-0.094,0.037,0.008,0.007,0.004,0.0,0.0,0.0,862.213,-0.0,0.0,-0.0,0.0,0.0,0.0,0.0,0.0,0.9917,0.037,-0.1235,-0.0651,0.9706,-0.2316,0.1113,0.2377,0.9649,0.669,0.7326,-0.1252,-0.7377,0.634,-0.2321,-0.0907,0.2476,0.9646,0.0001,0.0001,0.0001,0.0,0.0,0.0,-0.0169,-0.032,0.1438,4.3356,10.9355,-57.7155,0.0,0.0434,-0.3693,0.0,0.0,0.0,4256214.4339,3350387.3524,3994553.4292,-3010.3119,-3515.8973,6152.1332,4256210.0984,3350376.417,3994611.1447,-3010.2951,-3515.8654,6151.9894,0.0,0.0765,3.9732,0.0,0.0,1.0,0.0,1.0,0.0,0.0,-4.1,-36.453,0.0,0.0,-1.0,-0.7071,0.7071,0.0,0.10737783756436893,0.0036055512754639895,-0.1115,1.067311581981046,3.932091669798769,,
256.9465,22.269,-0.106,0.009,18.296,-0.027,0.003,-0.148,0.003,-0.002,-0.148,0.003,-0.001,-0.464,-0.093,0.037,0.008,0.007,0.004,0.0,0.0,0.0,862.213,-0.0,0.0,-0.0,0.0,0.0,0.0,0.0,0.0,0.9916,0.0371,-0.1235,-0.0651,0.9706,-0.2316,0.1113,0.2377,0.9649,0.669,0.7326,-0.1252,-0.7377,0.634,-0.2321,-0.0907,0.2476,0.9646,0.0001,0.0001,0.0001,0.0,0.0,0.0,-0.0169,-0.032,0.1438,4.332,10.9288,-57.6855,0.0,0.0434,-0.3693,0.0,0.0,0.0,4255585.9684,3349653.3817,3995837.4542,-3011.4734,-3516.8116,6151.0429,4255581.6364,3349642.4529,3995895.1397,-3011.4565,-3516.7796,6150.899,0.0,0.0765,3.9732,0.0,0.0,1.0,0.0,1.0,0.0,0.0,-4.1,-36.453,0.0,0.0,-1.0,-0.7071,0.7071,0.0,0.10638138934982941,0.0036055512754639895,-0.11134499999999999,1.0709502781829086,3.9266255333968063,,
257.1546,22.239,-0.106,0.009,18.265,-0.026,0.003,-0.148,0.003,-0.002,-0.148,0.003,-0.001,-0.462,-0.091,0.038,0.008,0.007,0.004,0.0,0.0,0.0,862.213,-0.0,0.0,-0.0,0.0,0.0,0.0,0.0,0.0,0.9916,0.0371,-0.1236,-0.0652,0.9706,-0.2316,0.1113,0.2377,0.9649,0.669,0.7326,-0.1252,-0.7377,0.634,-0.2321,-0.0907,0.2476,0.9646,0.0001,0.0001,0.0001,0.0,0.0,0.0,-0.0169,-0.032,0.1439,4.3285,10.9222,-57.6555,0.0,0.0434,-0.3693,0.0,0.0,0.0,4254958.3354,3348920.4749,3997119.0567,-3012.6327,-3517.7241,6149.9541,4254954.0069,3348909.5527,3997176.7122,-3012.6158,-3517.6921,6149.8102,0.0,0.0765,3.9732,0.0,0.0,1.0,0.0,1.0,0.0,0.0,-4.1,-36.453,0.0,0.0,-1.0,-0.7071,0.7071,0.0,0.10638138934982941,0.0036055512754639895,-0.111195,1.0875635373490922,3.921335723975553,,
257.3636,22.208,-0.105,0.008,18.234,-0.026,0.003,-0.148,0.003,-0.001,-0.148,0.003,-0.001,-0.461,-0.09,0.039,0.008,0.007,0.004,0.0,0.0,0.0,862.213,-0.0,0.0,-0.0,0.0,0.0,0.0,0.0,0.0,0.9916,0.0371,-0.1236,-0.0652,0.9706,-0.2316,0.1114,0.2377,0.9649,0.669,0.7326,-0.1252,-0.7377,0.634,-0.2321,-0.0907,0.2476,0.9646,0.0001,0.0001,0.0001,0.0,0.0,0.0,-0.0169,-0.032,0.1439,4.325,10.9155,-57.6254,0.0,0.0434,-0.3693,0.0,0.0,0.0,4254327.9723,3348184.4726,3998405.5096,-3013.7965,-3518.64,6148.8606,4254323.6473,3348173.5571,3998463.135,-3013.7796,-3518.608,6148.7167,0.0,0.0765,3.9732,0.0,0.0,1.0,0.0,1.0,0.0,0.0,-4.1,-36.453,0.0,0.0,-1.0,-0.7071,0.7071,0.0,0.10530432089900205,0.0031622776601683794,-0.11103999999999999,1.0721325045105148,3.91586958757359,,
257.5698,22.177,-0.105,0.008,18.204,-0.025,0.003,-0.148,0.003,-0.001,-0.148,0.003,-0.001,-0.459,-0.088,0.04,0.008,0.007,0.004,0.0,0.0,0.0,862.213,-0.0,0.0,-0.0,0.0,0.0,0.0,0.0,0.0,0.9916,0.0372,-0.1236,-0.0652,0.9706,-0.2316,0.1114,0.2377,0.9649,0.669,0.7326,-0.1252,-0.7377,0.634,-0.2321,-0.0907,0.2476,0.9646,0.0001,0.0001,0.0001,0.0,0.0,0.0,-0.0169,-0.032,0.1439,4.3214,10.9089,-57.5958,0.0,0.0434,-0.3693,0.0,0.0,0.0,4253707.7014,3347460.3441,3999670.6581,-3014.941,-3519.5407,6147.7847,4253703.3799,3347449.4352,3999728.2538,-3014.9241,-3519.5087,6147.6408,0.0,0.0765,3.9732,0.0,0.0,1.0,0.0,1.0,0.0,0.0,-4.1,-36.453,0.0,0.0,-1.0,-0.7071,0.7071,0.0,0.10530432089900205,0.0031622776601683794,-0.110885,1.0893529707095813,3.9104034511716277,,
257.7803,22.146,-0.104,0.008,18.173,-0.025,0.003,-0.148,0.003,-0.001,-0.148,0.003,-0.001,-0.457,-0.087,0.041,0.008,0.007,0.004,0.0,0.0,0.0,862.213,-0.0,0.0,-0.0,0.0,0.0,0.0,0.0,0.0,0.9916,0.0372,-0.1236,-0.0653,0.9706,-0.2315,0.1114,0.2377,0.9649,0.669,0.7326,-0.1252,-0.7377,0.634,-0.2321,-0.0907,0.2476,0.9646,0.0001,0.0001,0.0001,0.0,0.0,0.0,-0.0169,-0.032,0.1439,4.3178,10.9021,-57.5655,0.0,0.0434,-0.3693,0.0,0.0,0.0,4253071.9046,3346718.1834,4000966.7465,-3016.1135,-3520.4634,6146.6819,4253067.5868,3346707.2812,4001024.312,-3016.0966,-3520.4313,6146.5381,0.0,0.0765,3.9732,0.0,0.0,1.0,0.0,1.0,0.0,0.0,-4.1,-36.453,0.0,0.0,-1.0,-0.7071,0.7071,0.0,0.10430723848324237,0.0031622776601683794,-0.11073000000000001,1.07486768077296,3.9049373147696653,,
257.988,22.115,-0.103,0.008,18.142,-0.024,0.002,-0.148,0.003,-0.001,-0.148,0.003,-0.001,-0.456,-0.085,0.042,0.008,0.007,0.004,0.0,0.0,0.0,862.213,-0.0,0.0,-0.0,0.0,0.0,0.0,0.0,0.0,0.9916,0.0372,-0.1237,-0.0653,0.9706,-0.2315,0.1114,0.2377,0.9649,0.669,0.7326,-0.1252,-0.7377,0.634,-0.2321,-0.0907,0.2476,0.9646,0.0001,0.0001,0.0001,0.0,0.0,0.0,-0.017,-0.0321,0.1439,4.3143,10.8955,-57.5355,0.0,0.0434,-0.3693,0.0,0.0,0.0,4252444.4871,3345985.8954,4002245.0319,-3017.27,-3521.3734,6145.5937,4252440.1728,3345974.9999,4002302.5675,-3017.253,-3521.3413,6145.4499,0.0,0.0765,3.9732,0.0,0.0,1.0,0.0,1.0,0.0,0.0,-4.1,-36.453,0.0,0.0,-1.0,-0.7071,0.7071,0.0,0.10331021246711285,0.0031622776601683794,-0.11057499999999999,1.0785691485721105,3.8994711783677025,,
258.1993,22.084,-0.103,0.007,18.11,-0.023,0.002,-0.148,0.003,-0.001,-0.148,0.003,-0.001,-0.454,-0.084,0.043,0.008,0.007,0.004,0.0,0.0,0.0,862.213,-0.0,0.0,-0.0,0.0,0.0,0.0,0.0,0.0,0.9916,0.0372,-0.1237,-0.0653,0.9706,-0.2315,0.1114,0.2376,0.9649,0.669,0.7326,-0.1252,-0.7377,0.634,-0.2321,-0.0907,0.2476,0.9646,0.0001,0.0001,0.0001,0.0,0.0,0.0,-0.017,-0.0321,0.1439,4.3108,10.8887,-57.5052,0.0,0.0434,-0.3693,0.0,0.0,0.0,4251808.1617,3345243.3042,4003540.7352,-3018.4423,-3522.2957,6144.4902,4251803.8509,3345232.4155,4003598.2404,-3018.4253,-3522.2636,6144.3463,0.0,0.0765,3.9732,0.0,0.0,1.0,0.0,1.0,0.0,0.0,-4.1,-36.453,0.0,0.0,-1.0,-0.7071,0.7071,0.0,0.10323759005323593,0.0031622776601683794,-0.11042,1.0942322818294155,3.8940050419657406,,
258.4024,22.054,-0.102,0.007,18.081,-0.023,0.002,-0.148,0.003,-0.001,-0.148,0.003,-0.001,-0.453,-0.082,0.043,0.008,0.007,0.004,0.0,0.0,0.0,862.213,-0.0,0.0,-0.0,0.0,0.0,0.0,0.0,0.0,0.9916,0.0373,-0.1237,-0.0654,0.9706,-0.2315,0.1114,0.2376,0.9649,0.669,0.7326,-0.1252,-0.7377,0.634,-0.2321,-0.0907,0.2476,0.9646,0.0001,0.0001,0.0001,0.0,0.0,0.0,-0.017,-0.0321,0.1439,4.3073,10.8823,-57.4762,0.0,0.0434,-0.3693,0.0,0.0,0.0,4251200.6738,3344534.4541,4004777.032,-3019.5608,-3523.1757,6143.4367,4251196.3665,3344523.5718,4004834.5083,-3019.5438,-3523.1436,6143.2929,0.0,0.0765,3.9732,0.0,0.0,1.0,0.0,1.0,0.0,0.0,-4.1,-36.453,0.0,0.0,-1.0,-0.7071,0.7071,0.0,0.10223991392797628,0.0031622776601683794,-0.11026999999999999,1.0800523187246958,3.8887152325444863,,
258.6111,22.023,-0.102,0.007,18.05,-0.022,0.002,-0.148,0.003,-0.001,-0.148,0.003,-0.001,-0.451,-0.081,0.044,0.008,0.007,0.004,0.0,0.0,0.0,862.213,-0.0,0.0,-0.0,0.0,0.0,0.0,0.0,0.0,0.9916,0.0373,-0.1237,-0.0654,0.9706,-0.2315,0.1115,0.2376,0.9649,0.669,0.7326,-0.1252,-0.7377,0.634,-0.2321,-0.0907,0.2476,0.9646,0.0001,0.0001,0.0001,0.0,0.0,0.0,-0.017,-0.0321,0.1439,4.3038,10.8756,-57.4462,0.0,0.0434,-0.3693,0.0,0.0,0.0,4250570.1109,3343798.769,4006059.5807,-3020.7212,-3524.0886,6142.3433,4250565.8071,3343787.8934,4006117.027,-3020.7042,-3524.0565,6142.1994,0.0,0.0765,3.9732,0.0,0.0,1.0,0.0,1.0,0.0,0.0,-4.1,-36.453,0.0,0.0,-1.0,-0.7071,0.7071,0.0,0.10223991392797628,0.0031622776601683794,-0.110115,1.097009582566988,3.883249096142524,,
258.8165,21.992,-0.101,0.006,18.019,-0.022,0.002,-0.148,0.003,-0.001,-0.148,0.003,-0.001,-0.45,-0.079,0.045,0.008,0.007,0.004,0.0,0.0,0.0,862.213,-0.0,0.0,-0.0,0.0,0.0,0.0,0.0,0.0,0.9916,0.0373,-0.1238,-0.0654,0.9706,-0.2315,0.1115,0.2376,0.9649,0.669,0.7326,-0.1252,-0.7377,0.634,-0.2321,-0.0907,0.2476,0.9646,0.0001,0.0001,0.0001,0.0,0.0,0.0,-0.017,-0.0321,0.1439,4.3002,10.8689,-57.4164,0.0,0.0434,-0.3693,0.0,0.0,0.0,4249944.2599,3343068.673,4007331.8333,-3021.8724,-3524.9942,6141.2581,4249939.9597,3343057.804,4007389.2497,-3021.8554,-3524.9621,6141.1143,0.0,0.0765,3.9732,0.0,0.0,1.0,0.0,1.0,0.0,0.0,-4.1,-36.453,0.0,0.0,-1.0,-0.7071,0.7071,0.0,0.10117806086301516,0.0031622776601683794,-0.10996,1.0817430237824415,3.877782959740562,,
259.0208,21.962,-0.101,0.006,17.989,-0.021,0.001,-0.148,0.003,-0.001,-0.148,0.003,-0.001,-0.448,-0.078,0.046,0.008,0.007,0.004,0.0,0.0,0.0,862.213,-0.0,0.0,-0.0,0.0,0.0,0.0,0.0,0.0,0.9916,0.0374,-0.1238,-0.0655,0.9706,-0.2314,0.1115,0.2376,0.9649,0.669,0.7326,-0.1252,-0.7377,0.634,-0.2321,-0.0907,0.2476,0.9646,0.0001,0.0001,0.0001,0.0,0.0,0.0,-0.017,-0.0321,0.1439,4.2968,10.8624,-57.3872,0.0,0.0434,-0.3693,0.0,0.0,0.0,4249329.908,3342352.0786,4008580.0195,-3023.0018,-3525.8825,6140.193,4249325.6113,3342341.2162,4008637.4067,-3022.9847,-3525.8504,6140.0491,0.0,0.0765,3.9732,0.0,0.0,1.0,0.0,1.0,0.0,0.0,-4.1,-36.453,0.0,0.0,-1.0,-0.7071,0.7071,0.0,0.10117806086301516,0.0031622776601683794,-0.10981,1.0996727611451522,3.8724931503193076,,
259.2213,21.932,-0.1,0.006,17.959,-0.021,0.001,-0.148,0.003,-0.001,-0.148,0.003,-0.001,-0.447,-0.076,0.047,0.008,0.007,0.004,0.0,0.0,0.0,862.213,-0.0,0.0,-0.0,0.0,0.0,0.0,0.0,0.0,0.9916,0.0374,-0.1238,-0.0655,0.9706,-0.2314,0.1115,0.2376,0.9649,0.669,0.7326,-0.1252,-0.7377,0.634,-0.2321,-0.0907,0.2476,0.9646,0.0001,0.0001,0.0001,0.0,0.0,0.0,-0.017,-0.0321,0.1439,4.2934,10.856,-57.3586,0.0,0.0434,-0.3693,0.0,0.0,0.0,4248728.8102,3341651.0285,4009800.6167,-3024.1062,-3526.7512,6139.1508,4248724.5168,3341640.1725,4009857.9753,-3024.0892,-3526.7191,6139.007,0.0,0.0765,3.9732,0.0,0.0,1.0,0.0,1.0,0.0,0.0,-4.1,-36.453,0.0,0.0,-1.0,-0.7071,0.7071,0.0,0.10017983829094555,0.0031622776601683794,-0.10966,1.0852078397512266,3.8672033408980537,,
259.4289,21.901,-0.1,0.006,17.928,-0.02,0.001,-0.148,0.003,-0.001,-0.148,0.003,-0.001,-0.445,-0.075,0.048,0.008,0.007,0.004,0.0,0.0,0.0,862.213,-0.0,0.0,-0.0,0.0,0.0,0.0,0.0,0.0,0.9916,0.0374,-0.1238,-0.0655,0.9706,-0.2314,0.1115,0.2376,0.9649,0.669,0.7326,-0.1252,-0.7377,0.634,-0.2321,-0.0907,0.2476,0.9646,0.0001,0.0001,0.0001,0.0,0.0,0.0,-0.0171,-0.0321,0.1439,4.2898,10.8493,-57.3285,0.0,0.0434,-0.3693,0.0,0.0,0.0,4248096.1847,3340913.2988,4011084.5301,-3025.268,-3527.665,6138.0541,4248091.8949,3340902.4495,4011141.8586,-3025.251,-3527.6328,6137.9102,0.0,0.0765,3.9732,0.0,0.0,1.0,0.0,1.0,0.0,0.0,-4.1,-36.453,0.0,0.0,-1.0,-0.7071,0.7071,0.0,0.10017983829094555,0.0031622776601683794,-0.109505,1.1021849399002366,3.8617372044960914,,
259.6444,21.869,-0.099,0.005,17.896,-0.019,0.001,-0.148,0.002,-0.001,-0.148,0.003,-0.001,-0.443,-0.073,0.049,0.008,0.007,0.004,0.0,0.0,0.0,862.213,-0.0,0.0,-0.0,0.0,0.0,0.0,0.0,0.0,0.9916,0.0374,-0.1239,-0.0655,0.9707,-0.2314,0.1116,0.2376,0.9649,0.669,0.7326,-0.1252,-0.7377,0.634,-0.2321,-0.0907,0.2476,0.9646,0.0001,0.0001,0.0001,0.0,0.0,0.0,-0.0171,-0.0322,0.1439,4.2861,10.8424,-57.2976,0.0,0.0434,-0.3693,0.0,0.0,0.0,4247446.4341,3340155.6949,4012402.4474,-3026.4606,-3528.6029,6136.9278,4247442.1479,3340144.8524,4012459.745,-3026.4436,-3528.5707,6136.7839,0.0,0.0765,3.9732,0.0,0.0,1.0,0.0,1.0,0.0,0.0,-4.1,-36.453,0.0,0.0,-1.0,-0.7071,0.7071,0.0,0.09912618221237011,0.0022360679774997894,-0.109345,1.1039688727087917,3.8560947411134205,,
259.8536,21.838,-0.099,0.005,17.865,-0.019,0.001,-0.148,0.002,-0.001,-0.148,0.003,-0.001,-0.442,-0.072,0.05,0.008,0.007,0.004,0.0,0.0,0.0,862.213,-0.0,-1.0,-0.0,0.0,0.0,0.0,0.0,0.0,0.9916,0.0375,-0.1239,-0.0656,0.9707,-0.2314,0.1116,0.2375,0.9649,0.669,0.7326,-0.1252,-0.7377,0.634,-0.2321,-0.0907,0.2476,0.9646,0.0001,0.0001,0.0001,0.0,0.0,0.0,-0.0171,-0.0322,0.1439,4.2825,10.8357,-57.2673,0.0,0.0434,-0.3693,0.0,0.0,0.0,4246810.6118,3339414.425,4013691.3764,-3027.627,-3529.5201,6135.8257,4246806.3293,3339403.5894,4013748.6438,-3027.6099,-3529.4879,6135.6818,0.0,0.0765,3.9732,0.0,0.0,1.0,0.0,1.0,0.0,0.0,-4.1,-36.453,0.0,0.0,-1.0,-0.7071,0.7071,0.0,0.09912618221237011,0.0022360679774997894,-0.10919000000000001,1.1038947450853038,3.850628604711458,,
260.0607,21.808,-0.099,0.005,17.835,-0.019,0.0,-0.148,-0.003,-0.001,-0.148,-0.003,-0.001,-0.44,-0.07,0.05,0.008,0.007,0.005,0.0,0.0,0.0,862.191,-0.0,0.0,-0.0,0.0,0.0,0.0,0.0,0.0,0.9916,0.0375,-0.1239,-0.0656,0.9707,-0.2314,0.1116,0.2375,0.9649,0.669,0.7326,-0.1252,-0.7377,0.634,-0.2321,-0.0907,0.2476,0.9646,0.0001,0.0001,0.0001,0.0,0.0,0.0,-0.0173,-0.0379,0.1425,4.2789,10.8283,-57.2379,0.0,0.0434,-0.3693,0.0,0.0,0.0,4246186.2757,3338686.6355,4014956.3118,-3028.772,-3530.4259,6134.7421,4246181.9967,3338675.8072,4015013.5497,-3028.7547,-3530.388,6134.5996,0.0,0.0765,3.9732,0.0,0.0,1.0,0.0,1.0,0.0,0.0,-4.1,-36.453,0.0,0.0,-1.0,-0.7071,0.7071,0.0,0.09912618221237011,0.0031622776601683794,-0.10904,1.1048070092692837,3.8453387952902043,,
260.2641,21.777,-0.1,0.004,17.804,-0.02,0.0,-0.148,-0.003,-0.001,-0.148,-0.003,-0.001,-0.439,-0.069,0.051,0.008,0.007,0.005,0.0,0.0,0.0,862.191,-0.0,0.0,-0.0,0.0,0.0,0.0,0.0,0.0,0.9916,0.0375,-0.1239,-0.0656,0.9707,-0.2313,0.1116,0.2375,0.9649,0.669,0.7326,-0.1252,-0.7377,0.634,-0.2321,-0.0907,0.2476,0.9646,0.0001,0.0001,0.0001,0.0,0.0,0.0,-0.0173,-0.038,0.1425,4.2754,10.8205,-57.2087,0.0,0.0434,-0.3693,0.0,0.0,0.0,4245566.943,3337964.7667,4016210.4178,-3029.9069,-3531.3183,6133.6687,4245562.6676,3337953.9462,4016267.6265,-3029.8896,-3531.2803,6133.5262,0.0,0.0765,3.9732,0.0,0.0,1.0,0.0,1.0,0.0,0.0,-4.1,-36.453,0.0,0.0,-1.0,-0.7071,0.7071,0.0,0.10007996802557444,0.0031622776601683794,-0.10888500000000001,1.1011962724166207,3.839872658888242,,
260.4748,21.746,-0.1,0.004,17.773,-0.02,0.0,-0.148,-0.003,-0.001,-0.148,-0.003,-0.001,-0.437,-0.067,0.052,0.008,0.007,0.005,0.0,0.0,0.0,862.191,-0.0,0.0,-0.0,0.0,0.0,0.0,0.0,0.0,0.9916,0.0376,-0.124,-0.0657,0.9707,-0.2313,0.1116,0.2375,0.965,0.669,0.7326,-0.1252,-0.7377,0.634,-0.2321,-0.0907,0.2476,0.9646,0.0001,0.0001,0.0001,0.0,0.0,0.0,-0.0174,-0.038,0.1425,4.2718,10.8126,-57.1788,0.0,0.0434,-0.3693,0.0,0.0,0.0,4244931.2162,3337223.8817,4017497.0045,-3031.0713,-3532.2337,6132.567,4244926.9445,3337213.0691,4017554.1834,-3031.054,-3532.1958,6132.4245,0.0,0.0765,3.9732,0.0,0.0,1.0,0.0,1.0,0.0,0.0,-4.1,-36.453,0.0,0.0,-1.0,-0.7071,0.7071,0.0,0.10007996802557444,0.0031622776601683794,-0.10873,1.101117782925474,3.834406522486279,,
260.6858,21.715,-0.101,0.004,17.742,-0.021,-0.0,-0.148,-0.003,-0.001,-0.148,-0.003,-0.001,-0.436,-0.066,0.053,0.008,0.007,0.005,0.0,0.0,0.0,862.191,-0.0,0.0,-0.0,0.0,0.0,0.0,0.0,0.0,0.9916,0.0376,-0.124,-0.0657,0.9707,-0.2313,0.1116,0.2375,0.965,0.669,0.7326,-0.1252,-0.7377,0.634,-0.2321,-0.0907,0.2476,0.9646,0.0001,0.0001,0.0001,0.0,0.0,0.0,-0.0174,-0.038,0.1425,4.2681,10.8046,-57.1487,0.0,0.0434,-0.3693,0.0,0.0,0.0,4244290.447,3336477.2135,4018793.0625,-3032.2443,-3533.1559,6131.4566,4244286.1789,3336466.4089,4018850.2112,-3032.227,-3533.1179,6131.3141,0.0,0.0765,3.9732,0.0,0.0,1.0,0.0,1.0,0.0,0.0,-4.1,-36.453,0.0,0.0,-1.0,-0.7071,0.7071,0.0,0.10107917688624103,0.0031622776601683794,-0.108575,1.0983418092426551,3.8289403860843167,,
260.8979,21.683,-0.102,0.004,17.71,-0.022,-0.0,-0.148,-0.004,-0.001,-0.148,-0.003,-0.001,-0.434,-0.064,0.054,0.008,0.007,0.005,0.0,0.0,0.0,862.191,-0.0,0.0,-0.0,0.0,0.0,0.0,0.0,0.0,0.9916,0.0376,-0.124,-0.0657,0.9707,-0.2313,0.1117,0.2375,0.965,0.669,0.7326,-0.1252,-0.7377,0.634,-0.2321,-0.0907,0.2476,0.9646,0.0001,0.0001,0.0001,0.0,0.0,0.0,-0.0174,-0.038,0.1425,4.2643,10.7965,-57.1184,0.0,0.0434,-0.3693,0.0,0.0,0.0,4243644.622,3335724.7492,4020098.6019,-3033.4259,-3534.0847,6130.3375,4243640.3577,3335713.9527,4020155.7203,-3033.4086,-3534.0467,6130.195,0.0,0.0765,3.9732,0.0,0.0,1.0,0.0,1.0,0.0,0.0,-4.1,-36.453,0.0,0.0,-1.0,-0.7071,0.7071,0.0,0.10207840124139875,0.00412310562561766,-0.108415,1.095554924379699,3.823297922701646,,
261.1045,21.653,-0.103,0.003,17.68,-0.022,-0.0,-0.148,-0.004,-0.001,-0.148,-0.003,-0.001,-0.432,-0.063,0.055,0.008,0.007,0.005,0.0,0.0,0.0,862.191,-0.0,0.0,-0.0,0.0,0.0,0.0,0.0,0.0,0.9916,0.0376,-0.124,-0.0658,0.9707,-0.2313,0.1117,0.2375,0.965,0.669,0.7326,-0.1252,-0.7377,0.634,-0.2321,-0.0907,0.2476,0.9646,0.0001,0.0001,0.0001,0.0,0.0,0.0,-0.0174,-0.038,0.1425,4.2608,10.7887,-57.0891,0.0,0.0434,-0.3693,0.0,0.0,0.0,4243020.725,3334997.9234,4021359.1042,-3034.5668,-3534.9815,6129.2564,4243016.4642,3334987.1347,4021416.1933,-3034.5494,-3534.9435,6129.1139,0.0,0.0765,3.9732,0.0,0.0,1.0,0.0,1.0,0.0,0.0,-4.1,-36.453,0.0,0.0,-1.0,-0.7071,0.7071,0.0,0.10304368005850723,0.00412310562561766,-0.108265,1.1092105628099787,3.818008113280392,,
261.3196,21.621,-0.103,0.003,17.648,-0.023,-0.001,-0.148,-0.004,-0.001,-0.148,-0.003,-0.001,-0.431,-0.061,0.056,0.008,0.007,0.005,0.0,0.0,0.0,862.191,-0.0,0.0,-0.0,0.0,0.0,0.0,0.0,0.0,0.9916,0.0377,-0.1241,-0.0658,0.9707,-0.2312,0.1117,0.2375,0.965,0.669,0.7326,-0.1252,-0.7377,0.634,-0.2321,-0.0907,0.2476,0.9646,0.0001,0.0001,0.0001,0.0,0.0,0.0,-0.0174,-0.038,0.1425,4.257,10.7805,-57.0585,0.0,0.0434,-0.3693,0.0,0.0,0.0,4242369.7163,3334239.6084,4022673.6409,-3035.7566,-3535.9166,6128.1285,4242365.4593,3334228.8279,4022730.6994,-3035.7392,-3535.8786,6127.986,0.0,0.0765,3.9732,0.0,0.0,1.0,0.0,1.0,0.0,0.0,-4.1,-36.453,0.0,0.0,-1.0,-0.7071,0.7071,0.0,0.10304368005850723,0.00412310562561766,-0.10810499999999999,1.0928178002152544,3.812365649897721,,
261.5306,21.59,-0.104,0.003,17.617,-0.024,-0.001,-0.148,-0.004,-0.001,-0.148,-0.003,-0.001,-0.429,-0.06,0.057,0.008,0.007,0.005,0.0,0.0,0.0,862.191,-0.0,0.0,-0.0,0.0,0.0,0.0,0.0,0.0,0.9916,0.0377,-0.1241,-0.0658,0.9707,-0.2312,0.1117,0.2374,0.965,0.669,0.7326,-0.1252,-0.7377,0.634,-0.2321,-0.0907,0.2476,0.9646,0.0001,0.0001,0.0001,0.0,0.0,0.0,-0.0174,-0.038,0.1425,4.2534,10.7725,-57.0286,0.0,0.0434,-0.3693,0.0,0.0,0.0,4241731.8778,3333496.7286,4023960.8503,-3036.9218,-3536.8323,6127.0235,4241727.6244,3333485.9561,4024017.8788,-3036.9043,-3536.7943,6126.881,0.0,0.0765,3.9732,0.0,0.0,1.0,0.0,1.0,0.0,0.0,-4.1,-36.453,0.0,0.0,-1.0,-0.7071,0.7071,0.0,0.10404326023342406,0.00412310562561766,-0.10795,1.0900136141790377,3.806899513495759,,
261.7443,21.558,-0.105,0.002,17.585,-0.024,-0.001,-0.148,-0.004,-0.001,-0.148,-0.003,-0.001,-0.428,-0.058,0.058,0.008,0.007,0.005,0.0,0.0,0.0,862.191,-0.0,0.0,-0.0,0.0,0.0,0.0,0.0,0.0,0.9916,0.0377,-0.1241,-0.0659,0.9707,-0.2312,0.1117,0.2374,0.965,0.669,0.7326,-0.1252,-0.7377,0.634,-0.2321,-0.0907,0.2476,0.9646,0.0001,0.0001,0.0001,0.0,0.0,0.0,-0.0174,-0.038,0.1425,4.2496,10.7644,-56.9981,0.0,0.0434,-0.3693,0.0,0.0,0.0,4241081.6936,3332739.5652,4025272.2273,-3038.1088,-3537.7652,6125.8971,4241077.444,3332728.8008,4025329.2253,-3038.0914,-3537.7271,6125.7546,0.0,0.0765,3.9732,0.0,0.0,1.0,0.0,1.0,0.0,0.0,-4.1,-36.453,0.0,0.0,-1.0,-0.7071,0.7071,0.0,0.10501904589168576,0.00412310562561766,-0.10779,1.1036138432851652,3.801257050113088,,
261.9602,21.526,-0.106,0.002,17.553,-0.025,-0.001,-0.148,-0.004,-0.001,-0.148,-0.003,-0.001,-0.426,-0.057,0.059,0.008,0.007,0.005,0.0,0.0,0.0,862.191,-0.0,0.0,-0.0,0.0,0.0,0.0,0.0,0.0,0.9915,0.0378,-0.1241,-0.0659,0.9707,-0.2312,0.1118,0.2374,0.965,0.669,0.7326,-0.1252,-0.7377,0.634,-0.2321,-0.0907,0.2476,0.9646,0.0001,0.0001,0.0001,0.0,0.0,0.0,-0.0175,-0.0381,0.1425,4.2458,10.7562,-56.9673,0.0,0.0434,-0.3693,0.0,0.0,0.0,4240425.2108,3331975.1641,4026595.5437,-3039.3067,-3538.7064,6124.7599,4240420.965,3331964.4079,4026652.511,-3039.2892,-3538.6684,6124.6174,0.0,0.0765,3.9732,0.0,0.0,1.0,0.0,1.0,0.0,0.0,-4.1,-36.453,0.0,0.0,-1.0,-0.7071,0.7071,0.0,0.10601886624558857,0.00412310562561766,-0.10763,1.1007918215221943,3.795614586730417,,
262.1778,21.493,-0.106,0.002,17.52,-0.026,-0.001,-0.148,-0.004,-0.001,-0.148,-0.003,-0.001,-0.424,-0.055,0.06,0.008,0.007,0.005,0.0,0.0,0.0,862.191,-0.0,0.0,-0.0,0.0,0.0,0.0,0.0,0.0,0.9915,0.0378,-0.1242,-0.0659,0.9707,-0.2312,0.1118,0.2374,0.965,0.669,0.7326,-0.1252,-0.7377,0.634,-0.2321,-0.0907,0.2476,0.9646,0.0001,0.0001,0.0001,0.0,0.0,0.0,-0.0175,-0.0381,0.1425,4.242,10.7479,-56.9362,0.0,0.0434,-0.3693,0.0,0.0,0.0,4239762.2846,3331203.3596,4027931.0699,-3040.5157,-3539.6564,6123.6116,4239758.0426,3331192.6117,4027988.0061,-3040.4982,-3539.6183,6123.4691,0.0,0.0765,3.9732,0.0,0.0,1.0,0.0,1.0,0.0,0.0,-4.1,-36.453,0.0,0.0,-1.0,-0.7071,0.7071,0.0,0.10601886624558857,0.00412310562561766,-0.10746499999999999,1.0835552945114522,3.7897957963670375,,
262.3787,21.464,-0.107,0.002,17.491,-0.026,-0.001,-0.149,-0.004,-0.001,-0.148,-0.003,-0.001,-0.423,-0.054,0.061,0.008,0.007,0.005,0.0,0.0,0.0,862.191,-0.0,0.0,-0.0,0.0,0.0,0.0,0.0,0.0,0.9915,0.0378,-0.1242,-0.066,0.9707,-0.2311,0.1118,0.2374,0.965,0.669,0.7326,-0.1252,-0.7377,0.634,-0.2321,-0.0907,0.2476,0.9646,0.0001,0.0001,0.0001,0.0,0.0,0.0,-0.0175,-0.0381,0.1425,4.2385,10.7403,-56.9076,0.0,0.0434,-0.3693,0.0,0.0,0.0,4239151.5664,3330492.4263,4029160.7278,-3041.6288,-3540.531,6122.5538,4239147.3279,3330481.686,4029217.6353,-3041.6114,-3540.4929,6122.4113,0.0,0.0765,3.9732,0.0,0.0,1.0,0.0,1.0,0.0,0.0,-4.1,-36.453,0.0,0.0,-1.0,-0.7071,0.7071,0.0,0.10701868995647443,0.00412310562561766,-0.10732,1.0978599010183923,3.784682313926492,,
262.5918,21.432,-0.108,0.001,17.459,-0.027,-0.002,-0.149,-0.004,-0.001,-0.149,-0.003,-0.001,-0.421,-0.052,0.062,0.008,0.007,0.005,0.0,0.0,0.0,862.191,-0.0,0.0,-0.0,0.0,0.0,0.0,0.0,0.0,0.9915,0.0379,-0.1242,-0.066,0.9707,-0.2311,0.1118,0.2374,0.965,0.669,0.7326,-0.1252,-0.7377,0.634,-0.2321,-0.0907,0.2476,0.9646,0.0001,0.0001,0.0001,0.0,0.0,0.0,-0.0175,-0.0381,0.1425,4.2347,10.7321,-56.8772,0.0,0.0434,-0.3693,0.0,0.0,0.0,4238502.8567,3329737.3593,4030466.1541,-3042.8106,-3541.4594,6121.4303,4238498.6219,3329726.6272,4030523.0313,-3042.7931,-3541.4213,6121.2878,0.0,0.0765,3.9732,0.0,0.0,1.0,0.0,1.0,0.0,0.0,-4.1,-36.453,0.0,0.0,-1.0,-0.7071,0.7071,0.0,0.10800462953040485,0.00412310562561766,-0.10715999999999999,1.09513483658263,3.779039850543821,,
262.8038,21.4,-0.109,0.001,17.427,-0.028,-0.002,-0.149,-0.004,-0.001,-0.149,-0.003,-0.001,-0.42,-0.051,0.063,0.008,0.007,0.005,0.0,0.0,0.0,862.191,-0.0,0.0,-0.0,0.0,0.0,0.0,0.0,0.0,0.9915,0.0379,-0.1242,-0.066,0.9707,-0.2311,0.1118,0.2374,0.965,0.669,0.7326,-0.1252,-0.7377,0.634,-0.2321,-0.0907,0.2476,0.9646,0.0001,0.0001,0.0001,0.0,0.0,0.0,-0.0175,-0.0381,0.1425,4.231,10.7241,-56.847,0.0,0.0434,-0.3693,0.0,0.0,0.0,4237857.4445,3328986.2256,4031764.2045,-3043.9858,-3542.3826,6120.3125,4237853.2135,3328975.5015,4031821.0514,-3043.9683,-3542.3445,6120.17,0.0,0.0765,3.9732,0.0,0.0,1.0,0.0,1.0,0.0,0.0,-4.1,-36.453,0.0,0.0,-1.0,-0.7071,0.7071,0.0,0.10900458705944442,0.00412310562561766,-0.107,1.0922831855134356,3.7733973871611504,,
263.0192,21.368,-0.109,0.001,17.395,-0.029,-0.002,-0.149,-0.004,-0.001,-0.149,-0.003,-0.001,-0.418,-0.049,0.064,0.008,0.007,0.005,0.0,0.0,0.0,862.191,-0.0,0.0,-0.0,0.0,0.0,0.0,0.0,0.0,0.9915,0.0379,-0.1243,-0.0661,0.9707,-0.2311,0.1119,0.2373,0.965,0.669,0.7326,-0.1252,-0.7377,0.634,-0.2321,-0.0907,0.2476,0.9646,0.0001,0.0001,0.0001,0.0,0.0,0.0,-0.0175,-0.0381,0.1425,4.2272,10.7159,-56.8162,0.0,0.0434,-0.3693,0.0,0.0,0.0,4237200.9069,3328222.2408,4033083.8739,-3045.1806,-3543.3211,6119.1756,4237196.6796,3328211.5249,4033140.6901,-3045.163,-3543.2829,6119.0331,0.0,0.0765,3.9732,0.0,0.0,1.0,0.0,1.0,0.0,0.0,-4.1,-36.453,0.0,0.0,-1.0,-0.7071,0.7071,0.0,0.10900458705944442,0.00412310562561766,-0.10683999999999999,1.0750220776139177,3.7677549237784795,,
263.2318,21.337,-0.11,0.001,17.364,-0.029,-0.002,-0.149,-0.004,-0.001,-0.149,-0.003,-0.001,-0.417,-0.048,0.065,0.008,0.007,0.005,0.0,0.0,0.0,862.191,-0.0,0.0,-0.0,0.0,0.0,0.0,0.0,0.0,0.9915,0.0379,-0.1243,-0.0661,0.9707,-0.2311,0.1119,0.2373,0.965,0.669,0.7326,-0.1252,-0.7377,0.634,-0.2321,-0.0907,0.2476,0.9646,0.0001,0.0001,0.0001,0.0,0.0,0.0,-0.0175,-0.0381,0.1425,4.2235,10.7078,-56.786,0.0,0.0434,-0.3693,0.0,0.0,0.0,4236554.3621,3327469.9789,4034382.7111,-3046.3565,-3544.2447,6118.056,4236550.1385,3327459.2712,4034439.497,-3046.339,-3544.2066,6117.9135,0.0,0.0765,3.9732,0.0,0.0,1.0,0.0,1.0,0.0,0.0,-4.1,-36.453,0.0,0.0,-1.0,-0.7071,0.7071,0.0,0.11000454536063498,0.00412310562561766,-0.106685,1.089304808596526,3.762288787376517,,
263.4459,21.305,-0.111,0.0,17.332,-0.03,-0.002,-0.149,-0.004,-0.001,-0.149,-0.003,-0.001,-0.415,-0.046,0.066,0.008,0.007,0.005,0.0,0.0,0.0,862.191,-0.0,0.0,-0.0,0.0,0.0,0.0,0.0,0.0,0.9915,0.038,-0.1243,-0.0661,0.9707,-0.2311,0.1119,0.2373,0.965,0.669,0.7326,-0.1252,-0.7377,0.634,-0.2321,-0.0907,0.2476,0.9646,0.0001,0.0001,0.0001,0.0,0.0,0.0,-0.0176,-0.0382,0.1425,4.2197,10.6996,-56.7554,0.0,0.0434,-0.3693,0.0,0.0,0.0,4235901.0939,3326709.9908,4035694.3053,-3047.544,-3545.1774,6116.9249,4235896.8742,3326699.2912,4035751.0607,-3047.5265,-3545.1392,6116.7824,0.0,0.0765,3.9732,0.0,0.0,1.0,0.0,1.0,0.0,0.0,-4.1,-36.453,0.0,0.0,-1.0,-0.7071,0.7071,0.0,0.111,0.00412310562561766,-0.106525,1.0858796418339736,3.7566463239938463,,
263.6548,21.274,-0.112,0.0,17.301,-0.031,-0.002,-0.149,-0.004,-0.001,-0.149,-0.003,-0.001,-0.413,-0.044,0.067,0.008,0.007,0.005,0.0,0.0,0.0,862.191,-0.0,0.0,-0.0,0.0,0.0,0.0,0.0,0.0,0.9915,0.038,-0.1243,-0.0662,0.9707,-0.231,0.1119,0.2373,0.965,0.669,0.7326,-0.1252,-0.7377,0.634,-0.2321,-0.0907,0.2476,0.9646,0.0001,0.0001,0.0001,0.0,0.0,0.0,-0.0176,-0.0382,0.1425,4.216,10.6916,-56.7256,0.0,0.0434,-0.3693,0.0,0.0,0.0,4235264.2641,3325969.2186,4036972.1699,-3048.7011,-3546.086,6115.8223,4235260.0481,3325958.527,4037028.8955,-3048.6835,-3546.0479,6115.6798,0.0,0.0765,3.9732,0.0,0.0,1.0,0.0,1.0,0.0,0.0,-4.1,-36.453,0.0,0.0,-1.0,-0.7071,0.7071,0.0,0.112,0.00412310562561766,-0.10637,1.0829997256623998,3.751180187591884,,
263.8731,21.242,-0.113,-0.0,17.269,-0.031,-0.002,-0.149,-0.004,-0.001,-0.149,-0.003,-0.001,-0.412,-0.043,0.068,0.008,0.007,0.005,0.0,0.0,0.0,862.191,-0.0,0.0,-0.0,0.0,0.0,0.0,0.0,0.0,0.9915,0.038,-0.1244,-0.0662,0.9707,-0.231,0.1119,0.2373,0.965,0.669,0.7326,-0.1252,-0.7377,0.634,-0.2321,-0.0907,0.2476,0.9646,0.0001,0.0001,0.0001,0.0,0.0,0.0,-0.0176,-0.0382,0.1425,4.2122,10.6833,-56.6946,0.0,0.0434,-0.3693,0.0,0.0,0.0,4234600.7842,3325197.5434,4038302.7498,-3049.9058,-3547.0321,6114.6737,4234596.5721,3325186.8601,4038359.4444,-3049.8883,-3546.9939,6114.5311,0.0,0.0765,3.9732,0.0,0.0,1.0,0.0,1.0,0.0,0.0,-4.1,-36.453,0.0,0.0,-1.0,-0.7071,0.7071,0.0,0.113,0.00412310562561766,-0.10621,1.0972761846443861,3.745537724209213,,
264.0914,21.209,-0.113,-0.0,17.236,-0.032,-0.003,-0.149,-0.004,-0.001,-0.149,-0.003,-0.001,-0.41,-0.041,0.069,0.008,0.007,0.005,0.0,0.0,0.0,862.191,-0.0,0.0,-0.0,0.0,0.0,0.0,0.0,0.0,0.9915,0.0381,-0.1244,-0.0662,0.9707,-0.231,0.112,0.2373,0.965,0.669,0.7326,-0.1252,-0.7377,0.634,-0.2321,-0.0907,0.2476,0.9646,0.0001,0.0001,0.0001,0.0,0.0,0.0,-0.0176,-0.0382,0.1425,4.2083,10.675,-56.6636,0.0,0.0434,-0.3693,0.0,0.0,0.0,4233936.007,3324424.4589,4039635.1546,-3051.1123,-3547.9795,6113.5228,4233931.7986,3324413.7839,4039691.8181,-3051.0947,-3547.9413,6113.3803,0.0,0.0765,3.9732,0.0,0.0,1.0,0.0,1.0,0.0,0.0,-4.1,-36.453,0.0,0.0,-1.0,-0.7071,0.7071,0.0,0.113,0.00412310562561766,-0.106045,1.0806498256050603,3.7397189338458334,,
264.3117,21.177,-0.114,-0.001,17.204,-0.033,-0.003,-0.149,-0.004,-0.001,-0.149,-0.003,-0.001,-0.408,-0.04,0.07,0.008,0.007,0.005,0.0,0.0,0.0,862.191,-0.0,0.0,-0.0,0.0,0.0,0.0,0.0,0.0,0.9915,0.0381,-0.1244,-0.0663,0.9707,-0.231,0.112,0.2373,0.965,0.669,0.7326,-0.1252,-0.7377,0.634,-0.2321,-0.0907,0.2476,0.9646,0.0001,0.0001,0.0001,0.0,0.0,0.0,-0.0176,-0.0382,0.1425,4.2045,10.6666,-56.6323,0.0,0.0434,-0.3693,0.0,0.0,0.0,4233266.6955,3323646.2015,4040975.8619,-3052.3264,-3548.9327,6112.3642,4233262.491,3323635.5349,4041032.4942,-3052.3087,-3548.8945,6112.2217,0.0,0.0765,3.9732,0.0,0.0,1.0,0.0,1.0,0.0,0.0,-4.1,-36.453,0.0,0.0,-1.0,-0.7071,0.7071,0.0,0.11400438588054408,0.00412310562561766,-0.10588499999999999,1.0771519022060099,3.7340764704631626,,
264.5271,21.145,-0.115,-0.001,17.171,-0.034,-0.003,-0.149,-0.004,-0.001,-0.149,-0.003,-0.001,-0.407,-0.038,0.071,0.008,0.007,0.005,0.0,0.0,0.0,862.191,-0.0,0.0,-0.0,0.0,0.0,0.0,0.0,0.0,0.9915,0.0381,-0.1244,-0.0663,0.9707,-0.231,0.112,0.2372,0.965,0.669,0.7326,-0.1252,-0.7377,0.634,-0.2321,-0.0907,0.2476,0.9646,0.0001,0.0001,0.0001,0.0,0.0,0.0,-0.0176,-0.0382,0.1425,4.2007,10.6584,-56.6014,0.0,0.0434,-0.3693,0.0,0.0,0.0,4232604.4771,3322876.2908,4042301.5862,-3053.5269,-3549.8752,6111.218,4232600.2765,3322865.6324,4042358.1876,-3053.5092,-3549.837,6111.0754,0.0,0.0765,3.9732,0.0,0.0,1.0,0.0,1.0,0.0,0.0,-4.1,-36.453,0.0,0.0,-1.0,-0.7071,0.7071,0.0,0.11500434774390053,0.00412310562561766,-0.105725,1.073938326815948,3.7284340070804918,,
264.7427,21.113,-0.116,-0.001,17.14,-0.034,-0.003,-0.149,-0.004,-0.001,-0.149,-0.003,-0.001,-0.405,-0.037,0.072,0.008,0.007,0.005,0.0,0.0,0.0,862.191,-0.0,0.0,-0.0,0.0,0.0,0.0,0.0,0.0,0.9915,0.0382,-0.1245,-0.0663,0.9707,-0.2309,0.112,0.2372,0.965,0.669,0.7326,-0.1252,-0.7377,0.634,-0.2321,-0.0907,0.2476,0.9646,0.0001,0.0001,0.0001,0.0,0.0,0.0,-0.0177,-0.0382,0.1425,4.1969,10.6502,-56.5708,0.0,0.0434,-0.3693,0.0,0.0,0.0,4231948.9636,3322114.2718,4043613.1302,-3054.7146,-3550.8076,6110.0834,4231944.7667,3322103.6216,4043669.7009,-3054.6969,-3550.7694,6109.9408,0.0,0.0765,3.9732,0.0,0.0,1.0,0.0,1.0,0.0,0.0,-4.1,-36.453,0.0,0.0,-1.0,-0.7071,0.7071,0.0,0.11600431026474835,0.00412310562561766,-0.10556499999999999,1.0884974919679196,3.722791543697821,,
264.9627,21.08,-0.117,-0.001,17.107,-0.035,-0.003,-0.149,-0.004,-0.001,-0.149,-0.003,-0.001,-0.403,-0.035,0.073,0.008,0.007,0.005,0.0,0.0,0.0,862.191,-0.0,0.0,-0.0,0.0,0.0,0.0,0.0,0.0,0.9915,0.0382,-0.1245,-0.0664,0.9707,-0.2309,0.112,0.2372,0.965,0.669,0.7326,-0.1252,-0.7377,0.634,-0.2321,-0.0907,0.2476,0.9646,0.0001,0.0001,0.0001,0.0,0.0,0.0,-0.0177,-0.0383,0.1425,4.1929,10.6418,-56.5395,0.0,0.0434,-0.3693,0.0,0.0,0.0,4231277.6105,3321333.9402,4044955.5858,-3055.9303,-3551.7619,6108.9215,4231273.4175,3321323.2984,4045012.1253,-3055.9127,-3551.7237,6108.7789,0.0,0.0765,3.9732,0.0,0.0,1.0,0.0,1.0,0.0,0.0,-4.1,-36.453,0.0,0.0,-1.0,-0.7071,0.7071,0.0,0.11700427342623004,0.00412310562561766,-0.1054,1.085563783727287,3.716972753334441,,
265.1758,21.048,-0.117,-0.001,17.075,-0.036,-0.003,-0.149,-0.004,-0.001,-0.149,-0.003,-0.001,-0.402,-0.034,0.074,0.008,0.007,0.005,0.0,0.0,0.0,862.191,-0.0,0.0,-0.0,0.0,0.0,0.0,0.0,0.0,0.9915,0.0382,-0.1245,-0.0664,0.9707,-0.2309,0.1121,0.2372,0.965,0.669,0.7326,-0.1252,-0.7377,0.634,-0.2321,-0.0907,0.2476,0.9646,0.0001,0.0001,0.0001,0.0,0.0,0.0,-0.0177,-0.0383,0.1425,4.1891,10.6335,-56.5088,0.0,0.0434,-0.3693,0.0,0.0,0.0,4230620.0352,3320569.72,4046269.7252,-3057.1204,-3552.6961,6107.7835,4230615.8461,3320559.0865,4046326.2339,-3057.1028,-3552.6578,6107.6409,0.0,0.0765,3.9732,0.0,0.0,1.0,0.0,1.0,0.0,0.0,-4.1,-36.453,0.0,0.0,-1.0,-0.7071,0.7071,0.0,0.11700427342623004,0.00412310562561766,-0.10523999999999999,1.0682189445446821,3.7113302899517704,,
265.3923,21.016,-0.118,-0.002,17.043,-0.037,-0.003,-0.149,-0.004,-0.001,-0.149,-0.003,-0.001,-0.4,-0.032,0.075,0.008,0.007,0.005,0.0,0.0,0.0,862.191,-0.0,0.0,-0.0,0.0,0.0,0.0,0.0,0.0,0.9915,0.0382,-0.1245,-0.0664,0.9707,-0.2309,0.1121,0.2372,0.965,0.669,0.7326,-0.1252,-0.7377,0.634,-0.2321,-0.0907,0.2476,0.9646,0.0001,0.0001,0.0001,0.0,0.0,0.0,-0.0177,-0.0383,0.1426,4.1853,10.6253,-56.478,0.0,0.0434,-0.3693,0.0,0.0,0.0,4229959.4692,3319802.1213,4047589.0806,-3058.3153,-3553.6339,6106.6404,4229955.2839,3319791.496,4047645.5585,-3058.2976,-3553.5956,6106.4978,0.0,0.0765,3.9732,0.0,0.0,1.0,0.0,1.0,0.0,0.0,-4.1,-36.453,0.0,0.0,-1.0,-0.7071,0.7071,0.0,0.11801694793545543,0.00412310562561766,-0.10507999999999999,1.0648654103064412,3.7056878265690996,,
265.6009,20.985,-0.119,-0.002,17.012,-0.037,-0.003,-0.149,-0.004,-0.001,-0.149,-0.003,-0.001,-0.399,-0.03,0.076,0.008,0.007,0.005,0.0,0.0,0.0,862.191,-0.0,0.0,-0.0,0.0,0.0,0.0,0.0,0.0,0.9915,0.0383,-0.1246,-0.0665,0.9707,-0.2309,0.1121,0.2372,0.965,0.669,0.7326,-0.1252,-0.7377,0.634,-0.2321,-0.0907,0.2476,0.9646,0.0001,0.0001,0.0001,0.0,0.0,0.0,-0.0177,-0.0383,0.1426,4.1816,10.6173,-56.4483,0.0,0.0434,-0.3693,0.0,0.0,0.0,4229321.9866,3319061.4383,4048861.6081,-3059.4679,-3554.5384,6105.5373,4229317.805,3319050.821,4048918.0564,-3059.4501,-3554.5001,6105.3947,0.0,0.0765,3.9732,0.0,0.0,1.0,0.0,1.0,0.0,0.0,-4.1,-36.453,0.0,0.0,-1.0,-0.7071,0.7071,0.0,0.11901680553602503,0.00412310562561766,-0.10492499999999999,1.0791212728889783,3.700221690167137,,
265.8153,20.953,-0.12,-0.002,16.98,-0.038,-0.004,-0.149,-0.004,-0.001,-0.149,-0.004,-0.001,-0.397,-0.029,0.077,0.008,0.007,0.005,0.0,0.0,0.0,862.191,-0.0,0.0,-0.0,0.0,0.0,0.0,0.0,0.0,0.9915,0.0383,-0.1246,-0.0665,0.9707,-0.2308,0.1121,0.2372,0.965,0.669,0.7326,-0.1252,-0.7377,0.634,-0.2321,-0.0907,0.2476,0.9646,0.0001,0.0001,0.0001,0.0,0.0,0.0,-0.0177,-0.0383,0.1426,4.1778,10.6091,-56.4177,0.0,0.0434,-0.3693,0.0,0.0,0.0,4228664.6874,3318297.8255,4050172.9508,-3060.6556,-3555.4704,6104.4,4228660.5096,3318287.2164,4050229.3685,-3060.6378,-3555.4321,6104.2574,0.0,0.0765,3.9732,0.0,0.0,1.0,0.0,1.0,0.0,0.0,-4.1,-36.453,0.0,0.0,-1.0,-0.7071,0.7071,0.0,0.12001666550941999,0.00412310562561766,-0.104765,1.0766614893336535,3.6945792267844664,,
266.033,20.921,-0.121,-0.002,16.948,-0.039,-0.004,-0.149,-0.004,-0.001,-0.149,-0.004,-0.001,-0.395,-0.027,0.078,0.008,0.007,0.005,0.0,0.0,0.0,862.191,-0.0,0.0,-0.0,0.0,0.0,0.0,0.0,0.0,0.9915,0.0383,-0.1246,-0.0665,0.9707,-0.2308,0.1121,0.2372,0.965,0.669,0.7326,-0.1252,-0.7377,0.634,-0.2321,-0.0907,0.2476,0.9646,0.0001,0.0001,0.0001,0.0,0.0,0.0,-0.0177,-0.0383,0.1426,4.174,10.6008,-56.3867,0.0,0.0434,-0.3693,0.0,0.0,0.0,4227999.9957,3317525.7225,4051498.2769,-3061.856,-3556.4124,6103.25,4227995.8218,3317515.1218,4051554.6636,-3061.8382,-3556.3741,6103.1074,0.0,0.0765,3.9732,0.0,0.0,1.0,0.0,1.0,0.0,0.0,-4.1,-36.453,0.0,0.0,-1.0,-0.7071,0.7071,0.0,0.12101652779682616,0.00412310562561766,-0.104605,1.0736913716218988,3.6889367634017955,,
266.2335,20.891,-0.122,-0.003,16.918,-0.04,-0.004,-0.149,-0.004,-0.001,-0.149,-0.004,-0.0,-0.394,-0.026,0.079,0.008,0.007,0.005,0.0,0.0,0.0,862.191,-0.0,0.0,-0.0,0.0,0.0,0.0,0.0,0.0,0.9915,0.0384,-0.1246,-0.0666,0.9707,-0.2308,0.1121,0.2371,0.965,0.669,0.7326,-0.1252,-0.7377,0.634,-0.2321,-0.0907,0.2476,0.9646,0.0001,0.0001,0.0001,0.0,0.0,0.0,-0.0178,-0.0383,0.1426,4.1704,10.5931,-56.3581,0.0,0.0434,-0.3693,0.0,0.0,0.0,4227385.3849,3316811.8803,4052723.0619,-3062.9653,-3557.2828,6102.1867,4227381.2145,3316801.2872,4052779.42,-3062.9476,-3557.2445,6102.0441,0.0,0.0765,3.9732,0.0,0.0,1.0,0.0,1.0,0.0,0.0,-4.1,-36.453,0.0,0.0,-1.0,-0.7071,0.7071,0.0,0.12203687967167957,0.00412310562561766,-0.10445499999999999,1.070280263698069,3.6836469539805416,,
266.4497,20.859,-0.122,-0.003,16.886,-0.04,-0.004,-0.149,-0.004,-0.001,-0.149,-0.004,-0.0,-0.392,-0.024,0.08,0.008,0.007,0.005,0.0,0.0,0.0,862.191,-0.0,0.0,-0.0,0.0,0.0,0.0,0.0,0.0,0.9915,0.0384,-0.1247,-0.0666,0.9707,-0.2308,0.1122,0.2371,0.965,0.669,0.7326,-0.1252,-0.7377,0.634,-0.2321,-0.0907,0.2476,0.9646,0.0001,0.0001,0.0001,0.0,0.0,0.0,-0.0178,-0.0384,0.1426,4.1665,10.5848,-56.3272,0.0,0.0434,-0.3693,0.0,0.0,0.0,4226720.6133,3316039.8738,4054047.0686,-3064.1646,-3558.2238,6101.0367,4226716.4467,3316029.2891,4054103.3957,-3064.1469,-3558.1854,6100.8941,0.0,0.0765,3.9732,0.0,0.0,1.0,0.0,1.0,0.0,0.0,-4.1,-36.453,0.0,0.0,-1.0,-0.7071,0.7071,0.0,0.12203687967167957,0.00412310562561766,-0.10429500000000001,1.0701040445363865,3.6780044905978713,,
266.6674,20.826,-0.123,-0.003,16.853,-0.041,-0.004,-0.149,-0.004,-0.001,-0.149,-0.004,-0.0,-0.391,-0.023,0.081,0.008,0.007,0.005,0.0,0.0,0.0,862.191,-0.0,0.0,-0.0,0.0,0.0,0.0,0.0,0.0,0.9914,0.0384,-0.1247,-0.0666,0.9707,-0.2308,0.1122,0.2371,0.965,0.669,0.7326,-0.1252,-0.7377,0.634,-0.2321,-0.0907,0.2476,0.9646,0.0001,0.0001,0.0001,0.0,0.0,0.0,-0.0178,-0.0384,0.1426,4.1626,10.5764,-56.2962,0.0,0.0434,-0.3693,0.0,0.0,0.0,4226055.4836,3315267.5486,4055371.0184,-3065.3639,-3559.1646,6099.8861,4226051.321,3315256.9721,4055427.3146,-3065.3461,-3559.1262,6099.7435,0.0,0.0765,3.9732,0.0,0.0,1.0,0.0,1.0,0.0,0.0,-4.1,-36.453,0.0,0.0,-1.0,-0.7071,0.7071,0.0,0.12303657992645928,0.00412310562561766,-0.10413,1.0671034449705714,3.6721857002344915,,
266.869,20.796,-0.124,-0.003,16.823,-0.042,-0.004,-0.149,-0.004,-0.001,-0.149,-0.004,-0.0,-0.389,-0.021,0.082,0.008,0.007,0.005,0.0,0.0,0.0,862.191,-0.0,0.0,-0.0,0.0,0.0,0.0,0.0,0.0,0.9914,0.0385,-0.1247,-0.0667,0.9707,-0.2308,0.1122,0.2371,0.965,0.669,0.7326,-0.1252,-0.7377,0.634,-0.2321,-0.0907,0.2476,0.9646,0.0001,0.0001,0.0001,0.0,0.0,0.0,-0.0178,-0.0384,0.1426,4.159,10.5687,-56.2675,0.0,0.0434,-0.3693,0.0,0.0,0.0,4225438.4398,3314551.1469,4056598.5676,-3066.4759,-3560.0369,6098.8188,4225434.2808,3314540.5782,4056654.8351,-3066.4581,-3559.9985,6098.6762,0.0,0.0765,3.9732,0.0,0.0,1.0,0.0,1.0,0.0,0.0,-4.1,-36.453,0.0,0.0,-1.0,-0.7071,0.7071,0.0,0.12403628501370073,0.00412310562561766,-0.10398,1.0641105798758166,3.6668958908132376,,
267.079,20.765,-0.125,-0.003,16.792,-0.043,-0.004,-0.149,-0.004,-0.001,-0.149,-0.004,-0.0,-0.388,-0.02,0.083,0.008,0.007,0.005,0.0,0.0,0.0,862.191,-0.0,0.0,-0.0,0.0,0.0,0.0,0.0,0.0,0.9914,0.0385,-0.1248,-0.0667,0.9707,-0.2307,0.1122,0.2371,0.965,0.669,0.7326,-0.1252,-0.7377,0.634,-0.2321,-0.0907,0.2476,0.9646,0.0001,0.0001,0.0001,0.0,0.0,0.0,-0.0178,-0.0384,0.1426,4.1553,10.5607,-56.2375,0.0,0.0434,-0.3693,0.0,0.0,0.0,4224792.5668,3313801.3644,4057882.7632,-3067.6392,-3560.9494,6097.7017,4224788.4115,3313790.8037,4057939.0007,-3067.6214,-3560.911,6097.5591,0.0,0.0765,3.9732,0.0,0.0,1.0,0.0,1.0,0.0,0.0,-4.1,-36.453,0.0,0.0,-1.0,-0.7071,0.7071,0.0,0.12503599481749245,0.00412310562561766,-0.103825,1.0611028764601207,3.6614297544112753,,
267.2797,20.736,-0.126,-0.004,16.763,-0.043,-0.004,-0.149,-0.004,-0.001,-0.149,-0.004,-0.0,-0.386,-0.018,0.084,0.008,0.007,0.005,0.0,0.0,0.0,862.191,-0.0,0.0,-0.0,0.0,0.0,0.0,0.0,0.0,0.9914,0.0385,-0.1248,-0.0667,0.9707,-0.2307,0.1122,0.2371,0.965,0.669,0.7326,-0.1252,-0.7377,0.634,-0.2321,-0.0907,0.2476,0.9646,0.0001,0.0001,0.0001,0.0,0.0,0.0,-0.0178,-0.0384,0.1426,4.1517,10.5531,-56.2093,0.0,0.0434,-0.3693,0.0,0.0,0.0,4224184.8661,3313095.9792,4059090.4009,-3068.7332,-3561.8075,6096.6506,4224180.7143,3313085.4262,4059146.6101,-3068.7154,-3561.7691,6096.5081,0.0,0.0765,3.9732,0.0,0.0,1.0,0.0,1.0,0.0,0.0,-4.1,-36.453,0.0,0.0,-1.0,-0.7071,0.7071,0.0,0.1260634760745554,0.00412310562561766,-0.10368000000000001,1.0750913899356687,3.65631627197073,,
267.4884,20.704,-0.126,-0.004,16.731,-0.044,-0.004,-0.149,-0.004,-0.001,-0.149,-0.004,-0.0,-0.384,-0.017,0.085,0.008,0.007,0.005,0.0,0.0,0.0,862.191,-0.0,0.0,-0.0,0.0,0.0,0.0,0.0,0.0,0.9914,0.0385,-0.1248,-0.0668,0.9707,-0.2307,0.1123,0.2371,0.965,0.669,0.7326,-0.1252,-0.7377,0.634,-0.2321,-0.0907,0.2476,0.9646,0.0001,0.0001,0.0001,0.0,0.0,0.0,-0.0178,-0.0384,0.1426,4.1479,10.5449,-56.179,0.0,0.0434,-0.3693,0.0,0.0,0.0,4223532.7518,3312339.1327,4060385.5891,-3069.9066,-3562.7278,6095.5229,4223528.6039,3312328.5878,4060441.7681,-3069.8887,-3562.6893,6095.3803,0.0,0.0765,3.9732,0.0,0.0,1.0,0.0,1.0,0.0,0.0,-4.1,-36.453,0.0,0.0,-1.0,-0.7071,0.7071,0.0,0.1260634760745554,0.00412310562561766,-0.10352,1.0576484935571708,3.650673808588059,,
267.7043,20.672,-0.127,-0.004,16.699,-0.045,-0.005,-0.149,-0.004,-0.001,-0.149,-0.004,-0.0,-0.383,-0.015,0.086,0.008,0.007,0.005,0.0,0.0,0.0,862.191,-0.0,0.0,-0.0,0.0,0.0,0.0,0.0,0.0,0.9914,0.0386,-0.1248,-0.0668,0.9707,-0.2307,0.1123,0.237,0.965,0.669,0.7326,-0.1252,-0.7377,0.634,-0.2321,-0.0907,0.2476,0.9646,0.0001,0.0001,0.0001,0.0,0.0,0.0,-0.0179,-0.0384,0.1426,4.1441,10.5367,-56.1484,0.0,0.0434,-0.3693,0.0,0.0,0.0,4222873.904,3311574.5654,4061693.4041,-3071.0914,-3563.6569,6094.3835,4222869.7598,3311564.0287,4061749.5524,-3071.0736,-3563.6185,6094.241,0.0,0.0765,3.9732,0.0,0.0,1.0,0.0,1.0,0.0,0.0,-4.1,-36.453,0.0,0.0,-1.0,-0.7071,0.7071,0.0,0.12706297651164952,0.00412310562561766,-0.10336000000000001,1.0549373690103023,3.645031345205388,,
267.9065,20.642,-0.128,-0.004,16.669,-0.046,-0.005,-0.149,-0.004,-0.001,-0.149,-0.004,-0.0,-0.381,-0.014,0.087,0.008,0.007,0.005,0.0,0.0,0.0,862.191,-0.0,0.0,-0.0,0.0,0.0,0.0,0.0,0.0,0.9914,0.0386,-0.1249,-0.0668,0.9707,-0.2307,0.1123,0.237,0.965,0.669,0.7326,-0.1252,-0.7377,0.634,-0.2321,-0.0907,0.2476,0.9646,0.0001,0.0001,0.0001,0.0,0.0,0.0,-0.0179,-0.0384,0.1426,4.1405,10.529,-56.1198,0.0,0.0434,-0.3693,0.0,0.0,0.0,4222257.4215,3310859.2487,4062916.4464,-3072.1995,-3564.5259,6093.3175,4222253.281,3310848.7197,4062972.5662,-3072.1816,-3564.4874,6093.1749,0.0,0.0765,3.9732,0.0,0.0,1.0,0.0,1.0,0.0,0.0,-4.1,-36.453,0.0,0.0,-1.0,-0.7071,0.7071,0.0,0.12806248474865697,0.00412310562561766,-0.10321,1.0519037954410972,3.639741535784134,,
268.1237,20.61,-0.129,-0.004,16.637,-0.046,-0.005,-0.149,-0.004,-0.001,-0.149,-0.004,-0.0,-0.38,-0.012,0.088,0.008,0.007,0.005,0.0,0.0,0.0,862.191,-0.0,0.0,-0.0,0.0,0.0,0.0,0.0,0.0,0.9914,0.0386,-0.1249,-0.0669,0.9707,-0.2306,0.1123,0.237,0.965,0.669,0.7326,-0.1252,-0.7377,0.634,-0.2321,-0.0907,0.2476,0.9646,0.0001,0.0001,0.0001,0.0,0.0,0.0,-0.0179,-0.0385,0.1426,4.1366,10.5205,-56.0885,0.0,0.0434,-0.3693,0.0,0.0,0.0,4221584.2064,3310078.1992,4064251.2928,-3073.4089,-3565.4742,6092.1535,4221580.0698,3310067.6787,4064307.3813,-3073.391,-3565.4357,6092.0109,0.0,0.0765,3.9732,0.0,0.0,1.0,0.0,1.0,0.0,0.0,-4.1,-36.453,0.0,0.0,-1.0,-0.7071,0.7071,0.0,0.12906200060436068,0.00412310562561766,-0.10305,1.0661060198968264,3.634099072401463,,
268.3362,20.578,-0.13,-0.004,16.605,-0.047,-0.005,-0.149,-0.004,-0.001,-0.149,-0.004,-0.0,-0.378,-0.011,0.089,0.008,0.007,0.005,0.0,0.0,0.0,862.191,-0.0,0.0,-0.0,0.0,0.0,0.0,0.0,0.0,0.9914,0.0387,-0.1249,-0.0669,0.9707,-0.2306,0.1123,0.237,0.965,0.669,0.7326,-0.1252,-0.7377,0.634,-0.2321,-0.0907,0.2476,0.9646,0.0001,0.0001,0.0001,0.0,0.0,0.0,-0.0179,-0.0385,0.1426,4.1328,10.5123,-56.0581,0.0,0.0434,-0.3693,0.0,0.0,0.0,4220929.3586,3309318.5545,4065548.9717,-3074.5847,-3566.396,6091.0213,4220925.2258,3309308.0422,4065605.0299,-3074.5668,-3566.3575,6090.8787,0.0,0.0765,3.9732,0.0,0.0,1.0,0.0,1.0,0.0,0.0,-4.1,-36.453,0.0,0.0,-1.0,-0.7071,0.7071,0.0,0.13006152390311287,0.00412310562561766,-0.10289,1.0630448933031527,3.628456609018792,,
268.552,20.546,-0.131,-0.005,16.573,-0.048,-0.005,-0.149,-0.004,-0.001,-0.149,-0.004,-0.0,-0.376,-0.009,0.09,0.008,0.007,0.005,0.0,0.0,0.0,862.191,-0.0,0.0,-0.0,0.0,0.0,0.0,0.0,0.0,0.9914,0.0387,-0.1249,-0.0669,0.9707,-0.2306,0.1124,0.237,0.965,0.669,0.7326,-0.1252,-0.7377,0.634,-0.2321,-0.0907,0.2476,0.9646,0.0001,0.0001,0.0001,0.0,0.0,0.0,-0.0179,-0.0385,0.1426,4.1289,10.5041,-56.0275,0.0,0.0434,-0.3693,0.0,0.0,0.0,4220269.4333,3308553.1152,4066855.9673,-3075.7689,-3567.3245,6089.8804,4220265.3044,3308542.6111,4066911.9948,-3075.751,-3567.286,6089.7378,0.0,0.0765,3.9732,0.0,0.0,1.0,0.0,1.0,0.0,0.0,-4.1,-36.453,0.0,0.0,-1.0,-0.7071,0.7071,0.0,0.13109538512091112,0.00412310562561766,-0.10273,1.0596814921489282,3.6228141456361214,,
268.7662,20.514,-0.131,-0.005,16.541,-0.049,-0.005,-0.149,-0.004,-0.001,-0.149,-0.004,-0.0,-0.375,-0.008,0.091,0.008,0.007,0.005,0.0,0.0,0.0,862.191,-0.0,0.0,-0.0,0.0,0.0,0.0,0.0,0.0,0.9914,0.0387,-0.125,-0.067,0.9707,-0.2306,0.1124,0.237,0.965,0.669,0.7326,-0.1252,-0.7377,0.634,-0.2321,-0.0907,0.2476,0.9646,0.0001,0.0001,0.0001,0.0,0.0,0.0,-0.0179,-0.0385,0.1426,4.125,10.4958,-55.9969,0.0,0.0434,-0.3693,0.0,0.0,0.0,4219609.1839,3307787.3954,4068162.8564,-3076.9531,-3568.2528,6088.739,4219605.0588,3307776.8995,4068218.8533,-3076.9351,-3568.2143,6088.5964,0.0,0.0765,3.9732,0.0,0.0,1.0,0.0,1.0,0.0,0.0,-4.1,-36.453,0.0,0.0,-1.0,-0.7071,0.7071,0.0,0.13109538512091112,0.00412310562561766,-0.10257,1.0421858971756899,3.6171716822534505,,
268.9817,20.482,-0.132,-0.005,16.509,-0.049,-0.005,-0.149,-0.004,-0.001,-0.149,-0.004,-0.0,-0.373,-0.006,0.092,0.008,0.007,0.005,0.0,0.0,0.0,862.191,-0.0,0.0,-0.0,0.0,0.0,0.0,0.0,0.0,0.9914,0.0387,-0.125,-0.067,0.9707,-0.2306,0.1124,0.237,0.965,0.669,0.7326,-0.1252,-0.7377,0.634,-0.2321,-0.0907,0.2476,0.9646,0.0001,0.0001,0.0001,0.0,0.0,0.0,-0.0179,-0.0385,0.1426,4.1212,10.4876,-55.9662,0.0,0.0434,-0.3693,0.0,0.0,0.0,4218946.7376,3307019.2238,4069473.3429,-3078.1406,-3569.1836,6087.5938,4218942.6164,3307008.7362,4069529.3092,-3078.1226,-3569.1451,6087.4512,0.0,0.0765,3.9732,0.0,0.0,1.0,0.0,1.0,0.0,0.0,-4.1,-36.453,0.0,0.0,-1.0,-0.7071,0.7071,0.0,0.13209466302617984,0.00412310562561766,-0.10241,1.0563752718992145,3.6115292188707797,,
269.1847,20.452,-0.133,-0.005,16.479,-0.05,-0.005,-0.149,-0.004,-0.001,-0.149,-0.004,-0.0,-0.372,-0.005,0.093,0.008,0.007,0.005,0.0,0.0,0.0,862.191,-0.0,0.0,-0.0,0.0,0.0,0.0,0.0,0.0,0.9914,0.0388,-0.125,-0.067,0.9707,-0.2306,0.1124,0.237,0.965,0.669,0.7326,-0.1252,-0.7377,0.634,-0.2321,-0.0907,0.2476,0.9646,0.0001,0.0001,0.0001,0.0,0.0,0.0,-0.018,-0.0385,0.1426,4.1175,10.4797,-55.937,0.0,0.0434,-0.3693,0.0,0.0,0.0,4218316.1788,3306288.1175,4070720.0487,-3079.2703,-3570.0691,6086.5039,4218312.0613,3306277.6379,4070775.9857,-3079.2523,-3570.0306,6086.3613,0.0,0.0765,3.9732,0.0,0.0,1.0,0.0,1.0,0.0,0.0,-4.1,-36.453,0.0,0.0,-1.0,-0.7071,0.7071,0.0,0.13309395177843358,0.00412310562561766,-0.10226,1.0532925994974394,3.606239409449526,,
269.4032,20.42,-0.134,-0.005,16.446,-0.051,-0.005,-0.149,-0.004,-0.001,-0.149,-0.004,-0.0,-0.37,-0.003,0.094,0.008,0.007,0.005,0.0,0.0,0.0,862.191,-0.0,0.0,-0.0,0.0,0.0,0.0,0.0,0.0,0.9914,0.0388,-0.125,-0.0671,0.9707,-0.2305,0.1124,0.2369,0.965,0.669,0.7326,-0.1252,-0.7377,0.634,-0.2321,-0.0907,0.2476,0.9646,0.0001,0.0001,0.0001,0.0,0.0,0.0,-0.018,-0.0385,0.1426,4.1136,10.4713,-55.9061,0.0,0.0434,-0.3693,0.0,0.0,0.0,4217648.2422,3305513.7689,4072039.9152,-3080.4663,-3571.0065,6085.3494,4217644.1286,3305503.2976,4072095.8213,-3080.4483,-3570.968,6085.2068,0.0,0.0765,3.9732,0.0,0.0,1.0,0.0,1.0,0.0,0.0,-4.1,-36.453,0.0,0.0,-1.0,-0.7071,0.7071,0.0,0.13409325113517087,0.00412310562561766,-0.10210000000000001,1.0498775432436005,3.600596946066855,,
269.6055,20.389,-0.135,-0.006,16.416,-0.052,-0.005,-0.149,-0.004,-0.001,-0.149,-0.004,-0.0,-0.369,-0.002,0.094,0.008,0.007,0.005,0.0,0.0,0.0,862.191,-0.0,0.0,-0.0,0.0,0.0,0.0,0.0,0.0,0.9914,0.0388,-0.1251,-0.0671,0.9708,-0.2305,0.1124,0.2369,0.965,0.669,0.7326,-0.1252,-0.7377,0.634,-0.2321,-0.0907,0.2476,0.9646,0.0001,0.0001,0.0001,0.0,0.0,0.0,-0.018,-0.0386,0.1426,4.1099,10.4635,-55.8772,0.0,0.0434,-0.3693,0.0,0.0,0.0,4217023.1292,3304789.1542,4073274.469,-3081.5851,-3571.8833,6084.269,4217019.0193,3304778.6907,4073330.3462,-3081.5671,-3571.8448,6084.1264,0.0,0.0765,3.9732,0.0,0.0,1.0,0.0,1.0,0.0,0.0,-4.1,-36.453,0.0,0.0,-1.0,-0.7071,0.7071,0.0,0.1351332675546625,0.00412310562561766,-0.101945,1.0469776890239093,3.595130809664892,,
269.8173,20.358,-0.136,-0.006,16.385,-0.053,-0.005,-0.149,-0.004,-0.001,-0.149,-0.004,-0.0,-0.367,-0.0,0.095,0.008,0.007,0.005,0.0,0.0,0.0,862.191,-0.0,0.0,-0.0,0.0,0.0,0.0,0.0,0.0,0.9914,0.0389,-0.1251,-0.0671,0.9708,-0.2305,0.1125,0.2369,0.965,0.669,0.7326,-0.1252,-0.7377,0.634,-0.2321,-0.0907,0.2476,0.9646,0.0001,0.0001,0.0001,0.0,0.0,0.0,-0.018,-0.0386,0.1426,4.1061,10.4553,-55.8468,0.0,0.0434,-0.3693,0.0,0.0,0.0,4216367.4534,3304029.2029,4074568.6654,-3082.758,-3572.8024,6083.1359,4216363.3473,3304018.7476,4074624.5123,-3082.7399,-3572.7639,6082.9933,0.0,0.0765,3.9732,0.0,0.0,1.0,0.0,1.0,0.0,0.0,-4.1,-36.453,0.0,0.0,-1.0,-0.7071,0.7071,0.0,0.1361322886019331,0.00412310562561766,-0.10179,1.0438582477008576,3.5896646732629303,,
270.0278,20.326,-0.137,-0.006,16.353,-0.053,-0.005,-0.149,-0.004,-0.001,-0.149,-0.004,-0.0,-0.365,0.001,0.096,0.008,0.007,0.005,0.0,0.0,0.0,862.191,-0.0,0.0,-0.0,0.0,0.0,0.0,0.0,0.0,0.9914,0.0389,-0.1251,-0.0672,0.9708,-0.2305,0.1125,0.2369,0.965,0.669,0.7326,-0.1252,-0.7377,0.634,-0.2321,-0.0907,0.2476,0.9646,0.0001,0.0001,0.0001,0.0,0.0,0.0,-0.018,-0.0386,0.1426,4.1023,10.4472,-55.8168,0.0,0.0434,-0.3693,0.0,0.0,0.0,4215717.5417,3303276.0252,4075850.7609,-3083.9199,-3573.7129,6082.0127,4215713.4395,3303265.578,4075906.5777,-3083.9019,-3573.6743,6081.8701,0.0,0.0765,3.9732,0.0,0.0,1.0,0.0,1.0,0.0,0.0,-4.1,-36.453,0.0,0.0,-1.0,-0.7071,0.7071,0.0,0.13713132391981056,0.00412310562561766,-0.10163,1.058026302377541,3.584022209880259,,
270.2365,20.295,-0.137,-0.006,16.322,-0.054,-0.005,-0.149,-0.004,-0.001,-0.149,-0.004,-0.0,-0.364,0.003,0.097,0.008,0.007,0.005,0.0,0.0,0.0,862.191,-0.0,0.0,-0.0,0.0,0.0,0.0,0.0,0.0,0.9914,0.0389,-0.1251,-0.0672,0.9708,-0.2305,0.1125,0.2369,0.965,0.669,0.7326,-0.1252,-0.7377,0.634,-0.2321,-0.0907,0.2476,0.9646,0.0001,0.0001,0.0001,0.0,0.0,0.0,-0.018,-0.0386,0.1426,4.0985,10.4391,-55.787,0.0,0.0434,-0.3693,0.0,0.0,0.0,4215073.5656,3302529.8171,4077120.4382,-3085.0706,-3574.6145,6080.9,4215069.4671,3302519.3779,4077176.2252,-3085.0526,-3574.5759,6080.7574,0.0,0.0765,3.9732,0.0,0.0,1.0,0.0,1.0,0.0,0.0,-4.1,-36.453,0.0,0.0,-1.0,-0.7071,0.7071,0.0,0.13713132391981056,0.00412310562561766,-0.10147500000000001,1.0404767408447964,3.578556073478297,,
270.4484,20.264,-0.138,-0.006,16.291,-0.055,-0.005,-0.149,-0.004,-0.001,-0.149,-0.004,-0.0,-0.362,0.004,0.098,0.008,0.007,0.005,0.0,0.0,0.0,862.191,-0.0,0.0,-0.0,0.0,0.0,0.0,0.0,0.0,0.9914,0.039,-0.1252,-0.0672,0.9708,-0.2304,0.1125,0.2369,0.965,0.669,0.7326,-0.1252,-0.7377,0.634,-0.2321,-0.0907,0.2476,0.9646,0.0001,0.0001,0.0001,0.0,0.0,0.0,-0.018,-0.0386,0.1426,4.0947,10.431,-55.7568,0.0,0.0434,-0.3693,0.0,0.0,0.0,4214419.5478,3301772.0652,4078409.1914,-3086.2386,-3575.5297,6079.7699,4214415.4532,3301761.6342,4078464.9482,-3086.2206,-3575.491,6079.6273,0.0,0.0765,3.9732,0.0,0.0,1.0,0.0,1.0,0.0,0.0,-4.1,-36.453,0.0,0.0,-1.0,-0.7071,0.7071,0.0,0.13813037319865606,0.00412310562561766,-0.10132,1.037332267182189,3.5730899370763343,,
270.6659,20.232,-0.139,-0.006,16.259,-0.056,-0.005,-0.149,-0.004,-0.001,-0.149,-0.004,-0.0,-0.361,0.006,0.099,0.008,0.007,0.005,0.0,0.0,0.0,862.191,-0.0,0.0,-0.0,0.0,0.0,0.0,0.0,0.0,0.9914,0.039,-0.1252,-0.0673,0.9708,-0.2304,0.1125,0.2369,0.965,0.669,0.7326,-0.1252,-0.7377,0.634,-0.2321,-0.0907,0.2476,0.9646,0.0001,0.0001,0.0001,0.0,0.0,0.0,-0.0181,-0.0386,0.1426,4.0908,10.4226,-55.726,0.0,0.0434,-0.3693,0.0,0.0,0.0,4213753.2453,3301000.1754,4079721.4042,-3087.428,-3576.4614,6078.6187,4213749.1545,3300989.7528,4079777.1302,-3087.4099,-3576.4228,6078.4761,0.0,0.0765,3.9732,0.0,0.0,1.0,0.0,1.0,0.0,0.0,-4.1,-36.453,0.0,0.0,-1.0,-0.7071,0.7071,0.0,0.13912943613772036,0.00412310562561766,-0.10116,1.034169672330504,3.5674474736936634,,
270.8754,20.2,-0.14,-0.006,16.227,-0.057,-0.005,-0.149,-0.004,-0.001,-0.149,-0.004,-0.0,-0.359,0.007,0.1,0.008,0.007,0.005,0.0,0.0,0.0,862.191,-0.0,0.0,-0.0,0.0,0.0,0.0,0.0,0.0,0.9914,0.039,-0.1252,-0.0673,0.9708,-0.2304,0.1126,0.2368,0.965,0.669,0.7326,-0.1252,-0.7377,0.634,-0.2321,-0.0907,0.2476,0.9646,0.0001,0.0001,0.0001,0.0,0.0,0.0,-0.0181,-0.0386,0.1426,4.0869,10.4145,-55.6959,0.0,0.0434,-0.3693,0.0,0.0,0.0,4213100.5211,3300244.1088,4081006.1446,-3088.5924,-3577.3736,6077.491,4213096.4342,3300233.6943,4081061.8404,-3088.5743,-3577.335,6077.3484,0.0,0.0765,3.9732,0.0,0.0,1.0,0.0,1.0,0.0,0.0,-4.1,-36.453,0.0,0.0,-1.0,-0.7071,0.7071,0.0,0.14012851244482688,0.00412310562561766,-0.10099999999999999,1.0309968035648334,3.561805010310992,,
271.0873,20.169,-0.141,-0.007,16.196,-0.057,-0.005,-0.149,-0.004,-0.001,-0.149,-0.004,-0.0,-0.357,0.009,0.101,0.008,0.007,0.005,0.0,0.0,0.0,862.191,-0.0,0.0,-0.0,0.0,0.0,0.0,0.0,0.0,0.9914,0.039,-0.1252,-0.0673,0.9708,-0.2304,0.1126,0.2368,0.965,0.669,0.7326,-0.1252,-0.7377,0.634,-0.2321,-0.0907,0.2476,0.9646,0.0001,0.0001,0.0001,0.0,0.0,0.0,-0.0181,-0.0387,0.1426,4.0831,10.4063,-55.6657,0.0,0.0434,-0.3693,0.0,0.0,0.0,4212447.8029,3299488.1417,4082290.1516,-3089.7563,-3578.2852,6076.3634,4212443.7198,3299477.7354,4082345.8173,-3089.7382,-3578.2466,6076.2207,0.0,0.0765,3.9732,0.0,0.0,1.0,0.0,1.0,0.0,0.0,-4.1,-36.453,0.0,0.0,-1.0,-0.7071,0.7071,0.0,0.1411736519326464,0.00412310562561766,-0.100845,1.0452477484518299,3.5563388739090303,,
271.296,20.138,-0.142,-0.007,16.164,-0.058,-0.006,-0.149,-0.004,-0.001,-0.149,-0.004,-0.0,-0.356,0.01,0.102,0.008,0.007,0.005,0.0,0.0,0.0,862.191,-0.0,0.0,-0.0,0.0,0.0,0.0,0.0,0.0,0.9914,0.0391,-0.1253,-0.0674,0.9708,-0.2304,0.1126,0.2368,0.965,0.669,0.7326,-0.1252,-0.7377,0.634,-0.2321,-0.0907,0.2476,0.9646,0.0001,0.0001,0.0001,0.0,0.0,0.0,-0.0181,-0.0387,0.1426,4.0793,10.3982,-55.6358,0.0,0.0434,-0.3693,0.0,0.0,0.0,4211799.0728,3298736.8845,4083565.5976,-3090.9124,-3579.1908,6075.2427,4211794.9934,3298726.4862,4083621.2334,-3090.8943,-3579.1521,6075.1001,0.0,0.0765,3.9732,0.0,0.0,1.0,0.0,1.0,0.0,0.0,-4.1,-36.453,0.0,0.0,-1.0,-0.7071,0.7071,0.0,0.1421724305201258,0.00412310562561766,-0.10069,1.0416616304387338,3.550872737507068,,
271.496,20.108,-0.143,-0.007,16.135,-0.059,-0.006,-0.149,-0.004,-0.001,-0.149,-0.004,-0.0,-0.354,0.012,0.103,0.008,0.007,0.005,0.0,0.0,0.0,862.191,-0.0,0.0,-0.0,0.0,0.0,0.0,0.0,0.0,0.9913,0.0391,-0.1253,-0.0674,0.9708,-0.2304,0.1126,0.2368,0.965,0.669,0.7326,-0.1252,-0.7377,0.634,-0.2321,-0.0907,0.2476,0.9646,0.0001,0.0001,0.0001,0.0,0.0,0.0,-0.0181,-0.0387,0.1426,4.0757,10.3905,-55.6073,0.0,0.0434,-0.3693,0.0,0.0,0.0,4211181.192,3298021.4373,4084779.7309,-3092.013,-3580.0527,6074.1754,4211177.1163,3298011.0468,4084835.3382,-3091.9948,-3580.014,6074.0328,0.0,0.0765,3.9732,0.0,0.0,1.0,0.0,1.0,0.0,0.0,-4.1,-36.453,0.0,0.0,-1.0,-0.7071,0.7071,0.0,0.14317122615944866,0.00412310562561766,-0.10054,1.0387937316215186,3.545582928085814,,
271.7089,20.076,-0.144,-0.007,16.103,-0.06,-0.006,-0.149,-0.004,-0.001,-0.149,-0.004,-0.0,-0.353,0.013,0.104,0.008,0.007,0.005,0.0,0.0,0.0,862.191,-0.0,0.0,-0.0,0.0,0.0,0.0,0.0,0.0,0.9913,0.0391,-0.1253,-0.0674,0.9708,-0.2303,0.1126,0.2368,0.965,0.669,0.7326,-0.1252,-0.7377,0.634,-0.2321,-0.0907,0.2476,0.9646,0.0001,0.0001,0.0001,0.0,0.0,0.0,-0.0181,-0.0387,0.1426,4.0718,10.3823,-55.5771,0.0,0.0434,-0.3693,0.0,0.0,0.0,4210526.166,3297263.0686,4086066.1485,-3093.1791,-3580.9659,6073.044,4210522.0942,3297252.6863,4086121.7256,-3093.1609,-3580.9272,6072.9014,0.0,0.0765,3.9732,0.0,0.0,1.0,0.0,1.0,0.0,0.0,-4.1,-36.453,0.0,0.0,-1.0,-0.7071,0.7071,0.0,0.1441700384962146,0.00412310562561766,-0.10038,1.0355848507405725,3.5399404647031427,,
271.9214,20.045,-0.144,-0.007,16.072,-0.061,-0.006,-0.149,-0.004,-0.001,-0.149,-0.004,-0.0,-0.351,0.015,0.105,0.008,0.007,0.005,0.0,0.0,0.0,862.191,-0.0,0.0,-0.0,0.0,0.0,0.0,0.0,0.0,0.9913,0.0392,-0.1253,-0.0675,0.9708,-0.2303,0.1127,0.2368,0.965,0.669,0.7326,-0.1252,-0.7377,0.634,-0.2321,-0.0907,0.2476,0.9646,0.0001,0.0001,0.0001,0.0,0.0,0.0,-0.0182,-0.0387,0.1426,4.0679,10.3741,-55.5467,0.0,0.0434,-0.3693,0.0,0.0,0.0,4209867.6201,3296500.7183,4087358.7496,-3094.3509,-3581.8835,6071.9066,4209863.5521,3296490.3442,4087414.2963,-3094.3327,-3581.8448,6071.764,0.0,0.0765,3.9732,0.0,0.0,1.0,0.0,1.0,0.0,0.0,-4.1,-36.453,0.0,0.0,-1.0,-0.7071,0.7071,0.0,0.1441700384962146,0.00412310562561766,-0.10022500000000001,1.0179597599715238,3.534474328301181,,
272.1383,20.012,-0.145,-0.007,16.039,-0.061,-0.006,-0.149,-0.004,-0.001,-0.149,-0.004,-0.0,-0.349,0.017,0.106,0.008,0.007,0.005,0.0,0.0,0.0,862.191,-0.0,0.0,-0.0,0.0,0.0,0.0,0.0,0.0,0.9913,0.0392,-0.1254,-0.0675,0.9708,-0.2303,0.1127,0.2368,0.965,0.669,0.7326,-0.1252,-0.7377,0.634,-0.2321,-0.0907,0.2476,0.9646,0.0001,0.0001,0.0001,0.0,0.0,0.0,-0.0182,-0.0387,0.1426,4.064,10.3657,-55.5158,0.0,0.0434,-0.3693,0.0,0.0,0.0,4209197.2017,3295724.7199,4088673.9026,-3095.5431,-3582.8171,6070.7488,4209193.1377,3295714.3543,4088729.4184,-3095.5249,-3582.7783,6070.6061,0.0,0.0765,3.9732,0.0,0.0,1.0,0.0,1.0,0.0,0.0,-4.1,-36.453,0.0,0.0,-1.0,-0.7071,0.7071,0.0,0.14516886718577093,0.00412310562561766,-0.10006,1.0320722133317168,3.528655537937801,,
272.35,19.981,-0.146,-0.007,16.008,-0.062,-0.006,-0.149,-0.004,-0.001,-0.149,-0.004,-0.0,-0.348,0.018,0.107,0.008,0.007,0.005,0.0,0.0,0.0,862.191,-0.0,0.0,-0.0,0.0,0.0,0.0,0.0,0.0,0.9913,0.0392,-0.1254,-0.0675,0.9708,-0.2303,0.1127,0.2367,0.965,0.669,0.7326,-0.1252,-0.7377,0.634,-0.2321,-0.0907,0.2476,0.9646,0.0001,0.0001,0.0001,0.0,0.0,0.0,-0.0182,-0.0387,0.1426,4.0601,10.3575,-55.4856,0.0,0.0434,-0.3693,0.0,0.0,0.0,4208542.4854,3294966.9904,4089957.5233,-3096.7068,-3583.7282,6069.6181,4208538.4253,3294956.6329,4090013.009,-3096.6886,-3583.6895,6069.4755,0.0,0.0765,3.9732,0.0,0.0,1.0,0.0,1.0,0.0,0.0,-4.1,-36.453,0.0,0.0,-1.0,-0.7071,0.7071,0.0,0.14616771189288008,0.00412310562561766,-0.1,1.0288458405360832,3.523189401535839,1.5,0.15
272.5579,19.95,-0.147,-0.007,15.977,-0.063,-0.006,-0.149,-0.004,-0.001,-0.149,-0.004,-0.0,-0.346,0.02,0.108,0.008,0.007,0.005,0.0,0.0,0.0,862.191,-0.0,0.0,-0.0,0.0,0.0,0.0,0.0,0.0,0.9913,0.0393,-0.1254,-0.0676,0.9708,-0.2303,0.1127,0.2367,0.965,0.669,0.7326,-0.1252,-0.7377,0.634,-0.2321,-0.0907,0.2476,0.9646,0.0001,0.0001,0.0001,0.0,0.0,0.0,-0.0182,-0.0387,0.1426,4.0563,10.3495,-55.456,0.0,0.0434,-0.3693,0.0,0.0,0.0,4207897.8864,3294221.0591,4091220.6028,-3097.8519,-3584.6247,6068.505,4207893.83,3294210.7096,4091276.0588,-3097.8337,-3584.586,6068.3624,0.0,0.0765,3.9732,0.0,0.0,1.0,0.0,1.0,0.0,0.0,-4.1,-36.453,0.0,0.0,-1.0,-0.7071,0.7071,0.0,0.14716657229140045,0.00412310562561766,-0.1,1.0256091846867739,3.5177232651338763,1.5,0.15
272.7683,19.918,-0.148,-0.008,15.945,-0.064,-0.006,-0.149,-0.004,-0.001,-0.149,-0.004,-0.0,-0.345,0.021,0.109,0.008,0.007,0.005,0.0,0.0,0.0,862.191,-0.0,0.0,-0.0,0.0,0.0,0.0,0.0,0.0,0.9913,0.0393,-0.1254,-0.0676,0.9708,-0.2302,0.1127,0.2367,0.965,0.669,0.7326,-0.1252,-0.7377,0.634,-0.2321,-0.0907,0.2476,0.9646,0.0001,0.0001,0.0001,0.0,0.0,0.0,-0.0182,-0.0388,0.1426,4.0525,10.3413,-55.4258,0.0,0.0434,-0.3693,0.0,0.0,0.0,4207242.3724,3293462.5888,4092504.3539,-3099.0158,-3585.5358,6067.3731,4207238.32,3293452.2475,4092559.7797,-3098.9976,-3585.4971,6067.2305,0.0,0.0765,3.9732,0.0,0.0,1.0,0.0,1.0,0.0,0.0,-4.1,-36.453,0.0,0.0,-1.0,-0.7071,0.7071,0.0,0.14821605850919123,0.00412310562561766,-0.1,1.0224077295534264,3.512080801751205,1.5,0.15
272.9816,19.887,-0.149,-0.008,15.914,-0.065,-0.006,-0.149,-0.004,-0.001,-0.149,-0.004,-0.0,-0.343,0.023,0.11,0.008,0.007,0.005,0.0,0.0,0.0,862.191,-0.0,0.0,-0.0,0.0,0.0,0.0,0.0,0.0,0.9913,0.0393,-0.1255,-0.0676,0.9708,-0.2302,0.1127,0.2367,0.965,0.669,0.7326,-0.1252,-0.7377,0.634,-0.2321,-0.0907,0.2476,0.9646,0.0001,0.0001,0.0001,0.0,0.0,0.0,-0.0182,-0.0388,0.1426,4.0486,10.333,-55.3955,0.0,0.0434,-0.3693,0.0,0.0,0.0,4206584.8315,3292701.8656,4093791.35,-3100.1827,-3586.4492,6066.2378,4206580.783,3292691.5326,4093846.7455,-3100.1645,-3586.4105,6066.0952,0.0,0.0765,3.9732,0.0,0.0,1.0,0.0,1.0,0.0,0.0,-4.1,-36.453,0.0,0.0,-1.0,-0.7071,0.7071,0.0,0.14921461054467824,0.00412310562561766,-0.1,1.0191499524888454,3.506614665349243,1.5,0.15
273.1953,19.855,-0.15,-0.008,15.882,-0.066,-0.006,-0.149,-0.004,-0.001,-0.149,-0.004,-0.0,-0.342,0.024,0.111,0.008,0.007,0.005,0.0,0.0,0.0,862.191,-0.0,0.0,-0.0,0.0,0.0,0.0,0.0,0.0,0.9913,0.0393,-0.1255,-0.0677,0.9708,-0.2302,0.1128,0.2367,0.965,0.669,0.7326,-0.1252,-0.7377,0.634,-0.2321,-0.0907,0.2476,0.9646,0.0001,0.0001,0.0001,0.0,0.0,0.0,-0.0182,-0.0388,0.1426,4.0447,10.3248,-55.3651,0.0,0.0434,-0.3693,0.0,0.0,0.0,4205923.4206,3291936.7584,4095085.1895,-3101.3558,-3587.3675,6065.0959,4205919.3759,3291926.4336,4095140.5546,-3101.3376,-3587.3287,6064.9532,0.0,0.0765,3.9732,0.0,0.0,1.0,0.0,1.0,0.0,0.0,-4.1,-36.453,0.0,0.0,-1.0,-0.7071,0.7071,0.0,0.1502131818450032,0.00412310562561766,-0.1,1.0158716352785975,3.5009722019665723,1.5,0.15
273.412,19.823,-0.151,-0.008,15.85,-0.066,-0.006,-0.149,-0.004,-0.001,-0.149,-0.004,-0.0,-0.34,0.026,0.112,0.008,0.007,0.005,0.0,0.0,0.0,862.191,-0.0,0.0,-0.0,0.0,0.0,0.0,0.0,0.0,0.9913,0.0394,-0.1255,-0.0677,0.9708,-0.2302,0.1128,0.2367,0.965,0.669,0.7326,-0.1252,-0.7377,0.634,-0.2321,-0.0907,0.2476,0.9646,0.0001,0.0001,0.0001,0.0,0.0,0.0,-0.0183,-0.0388,0.1426,4.0407,10.3164,-55.3344,0.0,0.0434,-0.3693,0.0,0.0,0.0,4205255.4093,3291164.1115,4096391.1974,-3102.54,-3588.2943,6063.9426,4205251.3685,3291153.795,4096446.5318,-3102.5217,-3588.2555,6063.8,0.0,0.0765,3.9732,0.0,0.0,1.0,0.0,1.0,0.0,0.0,-4.1,-36.453,0.0,0.0,-1.0,-0.7071,0.7071,0.0,0.1512117720285031,0.00412310562561766,-0.1,1.0299616401080043,3.495329738583901,1.5,0.15
273.6232,19.791,-0.152,-0.008,15.818,-0.067,-0.006,-0.149,-0.004,-0.001,-0.149,-0.004,-0.0,-0.338,0.027,0.113,0.008,0.007,0.005,0.0,0.0,0.0,862.191,-0.0,0.0,-0.0,0.0,0.0,0.0,0.0,0.0,0.9913,0.0394,-0.1255,-0.0677,0.9708,-0.2302,0.1128,0.2367,0.965,0.669,0.7326,-0.1252,-0.7377,0.634,-0.2321,-0.0907,0.2476,0.9646,0.0001,0.0001,0.0001,0.0,0.0,0.0,-0.0183,-0.0388,0.1426,4.0369,10.3082,-55.304,0.0,0.0434,-0.3693,0.0,0.0,0.0,4204594.6341,3290399.9272,4097682.3231,-3103.7107,-3589.2105,6062.8019,4204590.5972,3290389.619,4097737.6271,-3103.6925,-3589.1717,6062.6593,0.0,0.0765,3.9732,0.0,0.0,1.0,0.0,1.0,0.0,0.0,-4.1,-36.453,0.0,0.0,-1.0,-0.7071,0.7071,0.0,0.15221038072352358,0.00412310562561766,-0.1,1.0266664699346773,3.4896872752012302,1.5,0.15
273.8358,19.76,-0.153,-0.008,15.787,-0.068,-0.006,-0.149,-0.004,-0.001,-0.149,-0.004,-0.0,-0.337,0.029,0.114,0.008,0.007,0.005,0.0,0.0,0.0,862.191,-0.0,0.0,-0.0,0.0,0.0,0.0,0.0,0.0,0.9913,0.0394,-0.1256,-0.0678,0.9708,-0.2301,0.1128,0.2367,0.965,0.669,0.7326,-0.1252,-0.7377,0.634,-0.2321,-0.0907,0.2476,0.9646,0.0001,0.0001,0.0001,0.0,0.0,0.0,-0.0183,-0.0388,0.1426,4.033,10.2999,-55.2736,0.0,0.0434,-0.3693,0.0,0.0,0.0,4203933.7478,3289635.708,4098972.9361,-3104.881,-3590.1263,6061.6611,4203929.7148,3289625.4081,4099028.2098,-3104.8627,-3590.0875,6061.5185,0.0,0.0765,3.9732,0.0,0.0,1.0,0.0,1.0,0.0,0.0,-4.1,-36.453,0.0,0.0,-1.0,-0.7071,0.7071,0.0,0.15320900756809308,0.00412310562561766,-0.1,1.0233708648093818,3.4842211387992683,1.5,0.15
274.0453,19.728,-0.153,-0.008,15.755,-0.069,-0.006,-0.149,-0.004,-0.0,-0.149,-0.004,0.0,-0.335,0.03,0.115,0.008,0.007,0.005,0.0,0.0,0.0,862.191,-0.0,0.0,-0.0,0.0,0.0,0.0,0.0,0.0,0.9913,0.0395,-0.1256,-0.0678,0.9708,-0.2301,0.1128,0.2366,0.965,0.669,0.7326,-0.1252,-0.7377,0.634,-0.2321,-0.0907,0.2476,0.9646,0.0001,0.0001,0.0001,0.0,0.0,0.0,-0.0183,-0.0388,0.1426,4.0291,10.2918,-55.2437,0.0,0.0434,-0.3693,0.0,0.0,0.0,4203282.2601,3288882.4479,4100244.4819,-3106.0341,-3591.0285,6060.5366,4203278.231,3288872.1561,4100299.7256,-3106.0158,-3590.9897,6060.394,0.0,0.0765,3.9732,0.0,0.0,1.0,0.0,1.0,0.0,0.0,-4.1,-36.453,0.0,0.0,-1.0,-0.7071,0.7071,0.0,0.15320900756809308,0.004,-0.1,1.0056400081993175,3.4785786754165975,1.5,0.15
274.2599,19.697,-0.154,-0.008,15.724,-0.07,-0.006,-0.149,-0.004,-0.0,-0.149,-0.004,0.0,-0.333,0.032,0.116,0.008,0.007,0.005,0.0,0.0,0.0,862.191,-0.0,0.0,-0.0,0.0,0.0,0.0,0.0,0.0,0.9913,0.0395,-0.1256,-0.0678,0.9708,-0.2301,0.1129,0.2366,0.965,0.669,0.7326,-0.1252,-0.7377,0.634,-0.2321,-0.0907,0.2476,0.9646,0.0001,0.0001,0.0001,0.0,0.0,0.0,-0.0183,-0.0389,0.1426,4.0252,10.2835,-55.2132,0.0,0.0434,-0.3693,0.0,0.0,0.0,4202618.3672,3288114.9376,4101539.5114,-3107.2084,-3591.9474,6059.3907,4202614.342,3288104.6541,4101594.7246,-3107.1901,-3591.9085,6059.2481,0.0,0.0765,3.9732,0.0,0.0,1.0,0.0,1.0,0.0,0.0,-4.1,-36.453,0.0,0.0,-1.0,-0.7071,0.7071,0.0,0.15420765220960989,0.004,-0.1,1.0023229111744048,3.4731125390146347,1.5,0.15
274.474,19.665,-0.155,-0.008,15.692,-0.071,-0.006,-0.149,-0.004,-0.0,-0.149,-0.004,0.0,-0.332,0.033,0.117,0.008,0.007,0.005,0.0,0.0,0.0,862.191,-0.0,0.0,-0.0,0.0,0.0,0.0,0.0,0.0,0.9913,0.0395,-0.1256,-0.0679,0.9708,-0.2301,0.1129,0.2366,0.965,0.669,0.7326,-0.1252,-0.7377,0.634,-0.2321,-0.0907,0.2476,0.9646,0.0001,0.0001,0.0001,0.0,0.0,0.0,-0.0183,-0.0389,0.1426,4.0212,10.2751,-55.1826,0.0,0.0434,-0.3693,0.0,0.0,0.0,4201950.9658,3287343.4663,4102840.6457,-3108.3884,-3592.8706,6058.2389,4201946.9446,3287333.1912,4102895.8283,-3108.3701,-3592.8317,6058.0963,0.0,0.0765,3.9732,0.0,0.0,1.0,0.0,1.0,0.0,0.0,-4.1,-36.453,0.0,0.0,-1.0,-0.7071,0.7071,0.0,0.1552063143045411,0.004,-0.1,0.9989839973930351,3.4674700756319634,1.5,0.15
274.6933,19.632,-0.156,-0.009,15.659,-0.072,-0.006,-0.149,-0.004,-0.0,-0.149,-0.004,0.0,-0.33,0.035,0.118,0.008,0.007,0.005,0.0,0.0,0.0,862.191,-0.0,0.0,-0.0,0.0,0.0,0.0,0.0,0.0,0.9913,0.0396,-0.1257,-0.0679,0.9708,-0.2301,0.1129,0.2366,0.965,0.669,0.7326,-0.1252,-0.7377,0.634,-0.2321,-0.0907,0.2476,0.9646,0.0001,0.0001,0.0001,0.0,0.0,0.0,-0.0183,-0.0389,0.1426,4.0173,10.2667,-55.1517,0.0,0.0434,-0.3693,0.0,0.0,0.0,4201277.7286,3286565.3446,4104152.406,-3109.578,-3593.8012,6057.0771,4201273.7113,3286555.0778,4104207.5577,-3109.5597,-3593.7623,6056.9344,0.0,0.0765,3.9732,0.0,0.0,1.0,0.0,1.0,0.0,0.0,-4.1,-36.453,0.0,0.0,-1.0,-0.7071,0.7071,0.0,0.15625939971726502,0.004,-0.1,0.9958842836959717,3.4616512852685846,1.5,0.15
274.9069,19.6,-0.157,-0.009,15.627,-0.073,-0.006,-0.149,-0.004,-0.0,-0.149,-0.004,0.0,-0.329,0.036,0.119,0.008,0.007,0.005,0.0,0.0,0.0,862.191,-0.0,0.0,-0.0,0.0,0.0,0.0,0.0,0.0,0.9913,0.0396,-0.1257,-0.0679,0.9708,-0.2301,0.1129,0.2366,0.965,0.669,0.7326,-0.1252,-0.7377,0.634,-0.2321,-0.0907,0.2476,0.9646,0.0001,0.0001,0.0001,0.0,0.0,0.0,-0.0184,-0.0389,0.1427,4.0133,10.2583,-55.1209,0.0,0.0434,-0.3693,0.0,0.0,0.0,4200605.4915,3285788.4746,4105461.4659,-3110.7652,-3594.7299,6055.917,4200601.4783,3285778.2163,4105516.5867,-3110.7469,-3594.691,6055.7744,0.0,0.0765,3.9732,0.0,0.0,1.0,0.0,1.0,0.0,0.0,-4.1,-36.453,0.0,0.0,-1.0,-0.7071,0.7071,0.0,0.15725775020646837,0.004,-0.1,0.9925232314180925,3.4560088218859137,1.5,0.15
275.1179,19.569,-0.158,-0.009,15.596,-0.073,-0.006,-0.149,-0.004,-0.0,-0.149,-0.004,0.0,-0.327,0.038,0.12,0.008,0.007,0.005,0.0,0.0,0.0,862.191,-0.0,0.0,-0.0,0.0,0.0,0.0,0.0,0.0,0.9913,0.0396,-0.1257,-0.068,0.9708,-0.23,0.1129,0.2366,0.965,0.669,0.7326,-0.1252,-0.7377,0.634,-0.2321,-0.0907,0.2476,0.9646,0.0001,0.0001,0.0001,0.0,0.0,0.0,-0.0184,-0.0389,0.1427,4.0094,10.2501,-55.0907,0.0,0.0434,-0.3693,0.0,0.0,0.0,4199948.0575,3285028.8044,4106740.9742,-3111.9257,-3595.6376,6054.7826,4199944.0481,3285018.5543,4106796.0649,-3111.9073,-3595.5987,6054.6399,0.0,0.0765,3.9732,0.0,0.0,1.0,0.0,1.0,0.0,0.0,-4.1,-36.453,0.0,0.0,-1.0,-0.7071,0.7071,0.0,0.1582561215245717,0.004,-0.1,1.0065767035075215,3.450542685483951,1.5,0.15
275.3284,19.537,-0.159,-0.009,15.564,-0.074,-0.006,-0.149,-0.004,-0.0,-0.149,-0.004,0.0,-0.325,0.039,0.121,0.008,0.007,0.005,0.0,0.0,0.0,862.191,-0.0,0.0,-0.0,0.0,0.0,0.0,0.0,0.0,0.9913,0.0396,-0.1257,-0.068,0.9708,-0.23,0.113,0.2366,0.965,0.669,0.7326,-0.1252,-0.7377,0.634,-0.2321,-0.0907,0.2476,0.9646,0.0001,0.0001,0.0001,0.0,0.0,0.0,-0.0184,-0.0389,0.1427,4.0055,10.2419,-55.0607,0.0,0.0434,-0.3693,0.0,0.0,0.0,4199293.0181,3284271.9922,4108015.1095,-3113.0813,-3596.5414,6053.6524,4199289.0126,3284261.7503,4108070.1702,-3113.0629,-3596.5025,6053.5097,0.0,0.0765,3.9732,0.0,0.0,1.0,0.0,1.0,0.0,0.0,-4.1,-36.453,0.0,0.0,-1.0,-0.7071,0.7071,0.0,0.15925451327984397,0.004,-0.1,1.003198260763029,3.44490022210128,1.5,0.15
275.5428,19.505,-0.16,-0.009,15.532,-0.075,-0.006,-0.149,-0.004,-0.0,-0.149,-0.004,0.0,-0.324,0.041,0.122,0.008,0.007,0.005,0.0,0.0,0.0,862.191,-0.0,0.0,-0.0,0.0,0.0,0.0,0.0,0.0,0.9913,0.0397,-0.1258,-0.068,0.9708,-0.23,0.113,0.2365,0.965,0.669,0.7326,-0.1252,-0.7377,0.634,-0.2321,-0.0907,0.2476,0.9646,0.0001,0.0001,0.0001,0.0,0.0,0.0,-0.0184,-0.0389,0.1427,4.0016,10.2336,-55.0302,0.0,0.0434,-0.3693,0.0,0.0,0.0,4198626.7097,3283502.2535,4109310.4356,-3114.2562,-3597.4603,6052.5028,4198622.7082,3283492.0199,4109365.4658,-3114.2377,-3597.4213,6052.3601,0.0,0.0765,3.9732,0.0,0.0,1.0,0.0,1.0,0.0,0.0,-4.1,-36.453,0.0,0.0,-1.0,-0.7071,0.7071,0.0,0.16025292509030842,0.004,-0.1,0.999808444338337,3.4392577587186093,1.5,0.15
275.7601,19.473,-0.161,-0.009,15.5,-0.076,-0.006,-0.149,-0.004,-0.0,-0.149,-0.004,0.0,-0.322,0.043,0.123,0.008,0.007,0.005,0.0,0.0,0.0,862.191,-0.0,0.0,-0.0,0.0,0.0,0.0,0.0,0.0,0.9913,0.0397,-0.1258,-0.0681,0.9708,-0.23,0.113,0.2365,0.965,0.669,0.7326,-0.1252,-0.7377,0.634,-0.2321,-0.0907,0.2476,0.9646,0.0001,0.0001,0.0001,0.0,0.0,0.0,-0.0184,-0.0389,0.1427,3.9975,10.2251,-54.9991,0.0,0.0434,-0.3693,0.0,0.0,0.0,4197947.5852,3282717.8058,4110629.9213,-3115.453,-3598.3962,6051.3311,4197943.5877,3282707.5807,4110684.9204,-3115.4345,-3598.3572,6051.1885,0.0,0.0765,3.9732,0.0,0.0,1.0,0.0,1.0,0.0,0.0,-4.1,-36.453,0.0,0.0,-1.0,-0.7071,0.7071,0.0,0.1612513565834409,0.004,-0.1,0.9964071967563081,3.4336152953359385,1.5,0.15
275.9748,19.441,-0.162,-0.009,15.468,-0.077,-0.006,-0.149,-0.004,-0.0,-0.149,-0.004,0.0,-0.321,0.044,0.124,0.008,0.007,0.005,0.0,0.0,0.0,862.191,-0.0,0.0,-0.0,0.0,0.0,0.0,0.0,0.0,0.9913,0.0397,-0.1258,-0.0681,0.9708,-0.23,0.113,0.2365,0.965,0.669,0.7326,-0.1252,-0.7377,0.634,-0.2321,-0.0907,0.2476,0.9646,0.0001,0.0001,0.0001,0.0,0.0,0.0,-0.0184,-0.039,0.1427,3.9936,10.2168,-54.9686,0.0,0.0434,-0.3693,0.0,0.0,0.0,4197281.1535,3281948.1133,4111924.0043,-3116.6268,-3599.314,6050.1814,4197277.1599,3281937.8965,4111978.9729,-3116.6083,-3599.2751,6050.0388,0.0,0.0765,3.9732,0.0,0.0,1.0,0.0,1.0,0.0,0.0,-4.1,-36.453,0.0,0.0,-1.0,-0.7071,0.7071,0.0,0.16224980739587952,0.004,-0.1,0.9929944601527086,3.427972831953267,1.5,0.15
276.1895,19.409,-0.163,-0.009,15.436,-0.078,-0.006,-0.149,-0.004,-0.0,-0.149,-0.004,0.0,-0.319,0.046,0.125,0.008,0.007,0.005,0.0,0.0,0.0,862.191,-0.0,0.0,-0.0,0.0,0.0,0.0,0.0,0.0,0.9913,0.0398,-0.1259,-0.0681,0.9708,-0.2299,0.113,0.2365,0.965,0.669,0.7326,-0.1252,-0.7377,0.634,-0.2321,-0.0907,0.2476,0.9646,0.0001,0.0001,0.0001,0.0,0.0,0.0,-0.0184,-0.039,0.1427,3.9896,10.2084,-54.9379,0.0,0.0434,-0.3693,0.0,0.0,0.0,4196609.9644,3281173.0214,4113226.5849,-3117.8083,-3600.2379,6049.0236,4196605.9748,3281162.813,4113281.5228,-3117.7899,-3600.1989,6048.881,0.0,0.0765,3.9732,0.0,0.0,1.0,0.0,1.0,0.0,0.0,-4.1,-36.453,0.0,0.0,-1.0,-0.7071,0.7071,0.0,0.16324827717314508,0.004,-0.1,0.989570176272432,3.4223303685705964,1.5,0.15
276.4002,19.378,-0.164,-0.009,15.405,-0.079,-0.006,-0.149,-0.004,-0.0,-0.149,-0.004,0.0,-0.317,0.047,0.126,0.008,0.007,0.005,0.0,0.0,0.0,862.191,-0.0,0.0,-0.0,0.0,0.0,0.0,0.0,0.0,0.9912,0.0398,-0.1259,-0.0682,0.9708,-0.2299,0.1131,0.2365,0.965,0.669,0.7326,-0.1252,-0.7377,0.634,-0.2321,-0.0907,0.2476,0.9646,0.0001,0.0001,0.0001,0.0,0.0,0.0,-0.0185,-0.039,0.1427,3.9857,10.2002,-54.9077,0.0,0.0434,-0.3693,0.0,0.0,0.0,4195950.5362,3280411.6037,4114505.6185,-3118.9686,-3601.145,6047.8862,4195946.5505,3280401.4035,4114560.5262,-3118.9501,-3601.106,6047.7435,0.0,0.0765,3.9732,0.0,0.0,1.0,0.0,1.0,0.0,0.0,-4.1,-36.453,0.0,0.0,-1.0,-0.7071,0.7071,0.0,0.16424676556937126,0.004,-0.1,0.9861470110109599,3.4168642321686344,1.5,0.15
276.615,19.346,-0.165,-0.009,15.373,-0.08,-0.006,-0.149,-0.005,-0.0,-0.149,-0.004,0.0,-0.316,0.049,0.127,0.008,0.007,0.005,0.0,0.0,0.0,862.191,-0.0,0.0,-0.0,0.0,0.0,0.0,0.0,0.0,0.9912,0.0398,-0.1259,-0.0682,0.9708,-0.2299,0.1131,0.2365,0.965,0.669,0.7326,-0.1252,-0.7377,0.634,-0.2321,-0.0907,0.2476,0.9646,0.0001,0.0001,0.0001,0.0,0.0,0.0,-0.0185,-0.039,0.1427,3.9818,10.1919,-54.8774,0.0,0.0434,-0.3693,0.0,0.0,0.0,4195289.1702,3279648.0398,4115787.6907,-3120.1316,-3602.0542,6046.7455,4195285.1884,3279637.8478,4115842.5682,-3120.1131,-3602.0152,6046.6028,0.0,0.0765,3.9732,0.0,0.0,1.0,0.0,1.0,0.0,0.0,-4.1,-36.453,0.0,0.0,-1.0,-0.7071,0.7071,0.0,0.16524527224704494,0.005,-0.1,0.9826996608260886,3.4112217687859636,1.5,0.15
276.8321,19.313,-0.166,-0.009,15.34,-0.08,-0.005,-0.149,-0.005,-0.0,-0.149,-0.004,0.0,-0.314,0.05,0.128,0.008,0.007,0.005,0.0,0.0,0.0,862.191,-0.0,0.0,-0.0,0.0,0.0,0.0,0.0,0.0,0.9912,0.0399,-0.1259,-0.0682,0.9708,-0.2299,0.1131,0.2365,0.965,0.669,0.7326,-0.1252,-0.7377,0.634,-0.2321,-0.0907,0.2476,0.9646,0.0001,0.0001,0.0001,0.0,0.0,0.0,-0.0185,-0.039,0.1427,3.9777,10.1834,-54.8462,0.0,0.0434,-0.3693,0.0,0.0,0.0,4194606.8882,3278860.4238,4117109.5548,-3121.3308,-3602.9916,6045.5687,4194602.9104,3278850.2404,4117164.4011,-3121.3123,-3602.9526,6045.4261,0.0,0.0765,3.9732,0.0,0.0,1.0,0.0,1.0,0.0,0.0,-4.1,-36.453,0.0,0.0,-1.0,-0.7071,0.7071,0.0,0.1662437968767557,0.005,-0.1,0.997272708830136,3.405402978422584,1.5,0.15
277.0419,19.282,-0.167,-0.009,15.309,-0.081,-0.005,-0.149,-0.005,-0.0,-0.149,-0.004,0.0,-0.313,0.052,0.129,0.008,0.007,0.005,0.0,0.0,0.0,862.191,-0.0,0.0,-0.0,0.0,0.0,0.0,0.0,0.0,0.9912,0.0399,-0.126,-0.0683,0.9708,-0.2299,0.1131,0.2365,0.965,0.669,0.7326,-0.1252,-0.7377,0.634,-0.2321,-0.0907,0.2476,0.9646,0.0001,0.0001,0.0001,0.0,0.0,0.0,-0.0185,-0.039,0.1427,3.9738,10.1752,-54.8163,0.0,0.0434,-0.3693,0.0,0.0,0.0,4193950.9441,3278103.3049,4118379.6714,-3122.483,-3603.8923,6044.4375,4193946.9703,3278093.1297,4118434.4877,-3122.4645,-3603.8533,6044.2948,0.0,0.0765,3.9732,0.0,0.0,1.0,0.0,1.0,0.0,0.0,-4.1,-36.453,0.0,0.0,-1.0,-0.7071,0.7071,0.0,0.16724233913695422,0.005,-0.1,0.9938217227345122,3.3999368420206215,1.5,0.15
277.2525,19.251,-0.168,-0.01,15.278,-0.082,-0.005,-0.149,-0.005,-0.0,-0.149,-0.004,0.0,-0.311,0.053,0.13,0.008,0.007,0.005,0.0,0.0,0.0,862.191,-0.0,0.0,-0.0,0.0,0.0,0.0,0.0,0.0,0.9912,0.0399,-0.126,-0.0683,0.9708,-0.2298,0.1131,0.2364,0.965,0.669,0.7326,-0.1252,-0.7377,0.634,-0.2321,-0.0907,0.2476,0.9646,0.0001,0.0001,0.0001,0.0,0.0,0.0,-0.0185,-0.039,0.1427,3.9699,10.167,-54.7863,0.0,0.0434,-0.3693,0.0,0.0,0.0,4193295.5171,3277346.8721,4119648.0808,-3123.6338,-3604.7917,6043.3072,4193291.5472,3277336.7051,4119702.8672,-3123.6152,-3604.7527,6043.1646,0.0,0.0765,3.9732,0.0,0.0,1.0,0.0,1.0,0.0,0.0,-4.1,-36.453,0.0,0.0,-1.0,-0.7071,0.7071,0.0,0.1682973558912914,0.005,-0.1,0.9910810776127792,3.3944707056186596,1.5,0.15
277.4663,19.219,-0.169,-0.01,15.246,-0.083,-0.005,-0.149,-0.005,-0.0,-0.149,-0.004,0.0,-0.309,0.055,0.131,0.008,0.007,0.005,0.0,0.0,0.0,862.191,-0.0,0.0,-0.0,0.0,0.0,0.0,0.0,0.0,0.9912,0.0399,-0.126,-0.0683,0.9708,-0.2298,0.1131,0.2364,0.965,0.669,0.7326,-0.1252,-0.7377,0.634,-0.2321,-0.0907,0.2476,0.9646,0.0001,0.0001,0.0001,0.0,0.0,0.0,-0.0185,-0.0391,0.1427,3.966,10.1587,-54.7558,0.0,0.0434,-0.3693,0.0,0.0,0.0,4192628.1712,3276576.7765,4120938.8327,-3124.8048,-3605.7069,6042.1565,4192624.2053,3276566.6178,4120993.5886,-3124.7863,-3605.6679,6042.0138,0.0,0.0765,3.9732,0.0,0.0,1.0,0.0,1.0,0.0,0.0,-4.1,-36.453,0.0,0.0,-1.0,-0.7071,0.7071,0.0,0.16929559947027567,0.005,-0.1,0.9875958170748776,3.3888282422359888,1.5,0.15
277.679,19.187,-0.17,-0.01,15.214,-0.084,-0.005,-0.149,-0.005,-0.0,-0.149,-0.004,0.0,-0.308,0.056,0.132,0.008,0.007,0.005,0.0,0.0,0.0,862.191,-0.0,0.0,-0.0,0.0,0.0,0.0,0.0,0.0,0.9912,0.04,-0.126,-0.0684,0.9708,-0.2298,0.1132,0.2364,0.965,0.669,0.7326,-0.1252,-0.7377,0.634,-0.2321,-0.0907,0.2476,0.9646,0.0001,0.0001,0.0001,0.0,0.0,0.0,-0.0185,-0.0391,0.1427,3.962,10.1503,-54.7253,0.0,0.0434,-0.3693,0.0,0.0,0.0,4191959.6255,3275805.3896,4122231.1743,-3125.9773,-3606.6233,6041.0037,4191955.6636,3275795.2393,4122285.8996,-3125.9588,-3606.5842,6040.8611,0.0,0.0765,3.9732,0.0,0.0,1.0,0.0,1.0,0.0,0.0,-4.1,-36.453,0.0,0.0,-1.0,-0.7071,0.7071,0.0,0.17029386365926402,0.005,-0.1,0.9840986517069087,3.3831857788533175,1.5,0.15
277.8918,19.155,-0.171,-0.01,15.182,-0.085,-0.005,-0.149,-0.005,-0.0,-0.149,-0.004,0.0,-0.306,0.058,0.133,0.008,0.007,0.005,0.0,0.0,0.0,862.191,-0.0,0.0,-0.0,0.0,0.0,0.0,0.0,0.0,0.9912,0.04,-0.1261,-0.0684,0.9708,-0.2298,0.1132,0.2364,0.965,0.669,0.7326,-0.1252,-0.7377,0.634,-0.2321,-0.0907,0.2476,0.9646,0.0001,0.0001,0.0001,0.0,0.0,0.0,-0.0186,-0.0391,0.1427,3.958,10.142,-54.6949,0.0,0.0434,-0.3693,0.0,0.0,0.0,4191293.6591,3275037.0713,4123517.8031,-3127.1447,-3607.5355,6039.8555,4191289.7011,3275026.9292,4123572.498,-3127.1262,-3607.4964,6039.7128,0.0,0.0765,3.9732,0.0,0.0,1.0,0.0,1.0,0.0,0.0,-4.1,-36.453,0.0,0.0,-1.0,-0.7071,0.7071,0.0,0.1712921480979207,0.005,-0.1,0.9805895207689092,3.3775433154706467,1.5,0.15
278.1061,19.124,-0.172,-0.01,15.151,-0.086,-0.005,-0.149,-0.005,-0.0,-0.149,-0.004,0.0,-0.305,0.059,0.134,0.008,0.007,0.005,0.0,0.0,0.0,862.191,-0.0,0.0,-0.0,0.0,0.0,0.0,0.0,0.0,0.9912,0.04,-0.1261,-0.0684,0.9708,-0.2298,0.1132,0.2364,0.965,0.669,0.7326,-0.1252,-0.7377,0.634,-0.2321,-0.0907,0.2476,0.9646,0.0001,0.0001,0.0001,0.0,0.0,0.0,-0.0186,-0.0391,0.1427,3.954,10.1337,-54.6645,0.0,0.0434,-0.3693,0.0,0.0,0.0,4190626.2212,3274267.1484,4124806.5476,-3128.3141,-3608.4491,6038.7048,4190622.2672,3274257.0147,4124861.2121,-3128.2955,-3608.41,6038.5621,0.0,0.0765,3.9732,0.0,0.0,1.0,0.0,1.0,0.0,0.0,-4.1,-36.453,0.0,0.0,-1.0,-0.7071,0.7071,0.0,0.17229045243425417,0.005,-0.1,0.9770825967313795,3.372077179068684,1.5,0.15
278.3219,19.091,-0.173,-0.01,15.118,-0.087,-0.005,-0.149,-0.005,-0.0,-0.149,-0.004,0.0,-0.303,0.061,0.135,0.008,0.007,0.005,0.0,0.0,0.0,862.191,-0.0,0.0,-0.0,0.0,0.0,0.0,0.0,0.0,0.9912,0.0401,-0.1261,-0.0685,0.9708,-0.2298,0.1132,0.2364,0.965,0.669,0.7326,-0.1252,-0.7377,0.634,-0.2321,-0.0907,0.2476,0.9646,0.0001,0.0001,0.0001,0.0,0.0,0.0,-0.0186,-0.0391,0.1427,3.95,10.1253,-54.6336,0.0,0.0434,-0.3693,0.0,0.0,0.0,4189949.9559,3273487.137,4126111.595,-3129.4982,-3609.3743,6037.539,4189946.0059,3273477.0118,4126166.2287,-3129.4796,-3609.3352,6037.3963,0.0,0.0765,3.9732,0.0,0.0,1.0,0.0,1.0,0.0,0.0,-4.1,-36.453,0.0,0.0,-1.0,-0.7071,0.7071,0.0,0.1732887763243771,0.005,-0.1,0.973535117190641,3.366258388705305,1.5,0.15
278.5398,19.059,-0.174,-0.01,15.086,-0.088,-0.005,-0.149,-0.005,-0.0,-0.149,-0.004,0.0,-0.301,0.063,0.136,0.008,0.007,0.005,0.0,0.0,0.0,862.191,-0.0,0.0,-0.0,0.0,0.0,0.0,0.0,0.0,0.9912,0.0401,-0.1261,-0.0685,0.9708,-0.2297,0.1132,0.2364,0.965,0.669,0.7326,-0.1252,-0.7377,0.634,-0.2321,-0.0907,0.2476,0.9646,0.0001,0.0001,0.0001,0.0,0.0,0.0,-0.0186,-0.0391,0.1427,3.946,10.1168,-54.6028,0.0,0.0434,-0.3693,0.0,0.0,0.0,4189273.6807,3272707.2098,4127415.9169,-3130.6818,-3610.299,6036.3732,4189269.7347,3272697.093,4127470.5197,-3130.6632,-3610.2598,6036.2305,0.0,0.0765,3.9732,0.0,0.0,1.0,0.0,1.0,0.0,0.0,-4.1,-36.453,0.0,0.0,-1.0,-0.7071,0.7071,0.0,0.17428711943227473,0.005,-0.1,0.9699897210244475,3.360615925322634,1.5,0.15
278.7515,19.027,-0.175,-0.01,15.054,-0.089,-0.005,-0.149,-0.005,-0.0,-0.149,-0.004,0.0,-0.3,0.064,0.137,0.008,0.007,0.005,0.0,0.0,0.0,862.191,-0.0,0.0,-0.0,0.0,0.0,0.0,0.0,0.0,0.9912,0.0401,-0.1262,-0.0685,0.9708,-0.2297,0.1133,0.2363,0.965,0.669,0.7326,-0.1252,-0.7377,0.634,-0.2321,-0.0907,0.2476,0.9646,0.0001,0.0001,0.0001,0.0,0.0,0.0,-0.0186,-0.0391,0.1427,3.942,10.1084,-54.5722,0.0,0.0434,-0.3693,0.0,0.0,0.0,4188602.6874,3271933.4675,4128709.3148,-3131.8555,-3611.2158,6035.2165,4188598.7454,3271923.359,4128763.887,-3131.8368,-3611.1767,6035.0739,0.0,0.0765,3.9732,0.0,0.0,1.0,0.0,1.0,0.0,0.0,-4.1,-36.453,0.0,0.0,-1.0,-0.7071,0.7071,0.0,0.17528548142958103,0.005,-0.1,0.9664321122322843,3.3549734619399634,1.5,0.15
278.9651,18.996,-0.176,-0.01,15.023,-0.09,-0.005,-0.149,-0.005,-0.0,-0.149,-0.004,0.0,-0.298,0.066,0.138,0.008,0.007,0.005,0.0,0.0,0.0,862.191,-0.0,0.0,-0.0,0.0,0.0,0.0,0.0,0.0,0.9912,0.0402,-0.1262,-0.0686,0.9708,-0.2297,0.1133,0.2363,0.965,0.669,0.7326,-0.1252,-0.7377,0.634,-0.2321,-0.0907,0.2476,0.9646,0.0001,0.0001,0.0001,0.0,0.0,0.0,-0.0186,-0.0392,0.1427,3.938,10.1001,-54.542,0.0,0.0434,-0.3693,0.0,0.0,0.0,4187937.8799,3271166.9512,4129990.0683,-3133.0177,-3612.1237,6034.0707,4187933.9418,3271156.8511,4130044.6102,-3132.999,-3612.0845,6033.928,0.0,0.0765,3.9732,0.0,0.0,1.0,0.0,1.0,0.0,0.0,-4.1,-36.453,0.0,0.0,-1.0,-0.7071,0.7071,0.0,0.17628386199536245,0.005,-0.1,0.9628773282329083,3.3495073255380006,1.5,0.15
279.178,18.964,-0.177,-0.01,14.991,-0.09,-0.005,-0.149,-0.005,-0.0,-0.149,-0.004,0.0,-0.296,0.067,0.139,0.008,0.007,0.005,0.0,0.0,0.0,862.191,-0.0,0.0,-0.0,0.0,0.0,0.0,0.0,0.0,0.9912,0.0402,-0.1262,-0.0686,0.9708,-0.2297,0.1133,0.2363,0.965,0.669,0.7326,-0.1252,-0.7377,0.634,-0.2321,-0.0907,0.2476,0.9646,0.0001,0.0001,0.0001,0.0,0.0,0.0,-0.0187,-0.0392,0.1427,3.9341,10.0918,-54.5115,0.0,0.0434,-0.3693,0.0,0.0,0.0,4187269.6167,3270396.5423,4131276.7542,-3134.1853,-3613.0357,6032.9189,4187265.6826,3270386.4505,4131331.2657,-3134.1667,-3612.9965,6032.7762,0.0,0.0765,3.9732,0.0,0.0,1.0,0.0,1.0,0.0,0.0,-4.1,-36.453,0.0,0.0,-1.0,-0.7071,0.7071,0.0,0.17728226081590903,0.005,-0.1,0.9767831795681038,3.3438648621553297,1.5,0.15
279.3919,18.932,-0.178,-0.01,14.959,-0.091,-0.005,-0.149,-0.005,-0.0,-0.149,-0.004,0.0,-0.295,0.069,0.14,0.008,0.007,0.005,0.0,0.0,0.0,862.191,-0.0,0.0,-0.0,0.0,0.0,0.0,0.0,0.0,0.9912,0.0402,-0.1262,-0.0686,0.9708,-0.2297,0.1133,0.2363,0.965,0.669,0.7326,-0.1252,-0.7377,0.634,-0.2321,-0.0907,0.2476,0.9646,0.0001,0.0001,0.0001,0.0,0.0,0.0,-0.0187,-0.0392,0.1427,3.93,10.0834,-54.4809,0.0,0.0434,-0.3693,0.0,0.0,0.0,4186597.9307,3269622.2808,4132569.3003,-3135.3584,-3613.9518,6031.7613,4186594.0007,3269612.1974,4132623.7813,-3135.3397,-3613.9126,6031.6186,0.0,0.0765,3.9732,0.0,0.0,1.0,0.0,1.0,0.0,0.0,-4.1,-36.453,0.0,0.0,-1.0,-0.7071,0.7071,0.0,0.17828067758453242,0.005,-0.1,0.9731939581938267,3.3382223987726585,1.5,0.15
279.6078,18.9,-0.179,-0.01,14.927,-0.092,-0.005,-0.149,-0.005,-0.0,-0.149,-0.004,0.0,-0.293,0.07,0.141,0.008,0.007,0.005,0.0,0.0,0.0,862.191,-0.0,0.0,-0.0,0.0,0.0,0.0,0.0,0.0,0.9912,0.0402,-0.1263,-0.0687,0.9708,-0.2296,0.1133,0.2363,0.9651,0.669,0.7326,-0.1252,-0.7377,0.634,-0.2321,-0.0907,0.2476,0.9646,0.0001,0.0001,0.0001,0.0,0.0,0.0,-0.0187,-0.0392,0.1427,3.926,10.075,-54.4502,0.0,0.0434,-0.3693,0.0,0.0,0.0,4185922.8459,3268844.1955,4133867.6503,-3136.5367,-3614.872,6030.5979,4185918.92,3268834.1205,4133922.1005,-3136.518,-3614.8328,6030.4552,0.0,0.0765,3.9732,0.0,0.0,1.0,0.0,1.0,0.0,0.0,-4.1,-36.453,0.0,0.0,-1.0,-0.7071,0.7071,0.0,0.17927911200137064,0.005,-0.1,0.9695922876357218,3.3325799353899876,1.5,0.15
279.8216,18.868,-0.18,-0.01,14.895,-0.093,-0.005,-0.149,-0.005,-0.0,-0.149,-0.004,0.0,-0.292,0.072,0.142,0.008,0.007,0.005,0.0,0.0,0.0,862.191,-0.0,0.0,-0.0,0.0,0.0,0.0,0.0,0.0,0.9912,0.0403,-0.1263,-0.0687,0.9709,-0.2296,0.1134,0.2363,0.9651,0.669,0.7326,-0.1252,-0.7377,0.634,-0.2321,-0.0907,0.2476,0.9646,0.0001,0.0001,0.0001,0.0,0.0,0.0,-0.0187,-0.0392,0.1427,3.922,10.0666,-54.4197,0.0,0.0434,-0.3693,0.0,0.0,0.0,4185252.4414,3268071.5979,4135156.2691,-3137.7062,-3615.7853,6029.4427,4185248.5194,3268061.5313,4135210.6889,-3137.6875,-3615.7461,6029.3,0.0,0.0765,3.9732,0.0,0.0,1.0,0.0,1.0,0.0,0.0,-4.1,-36.453,0.0,0.0,-1.0,-0.7071,0.7071,0.0,0.18027756377319948,0.005,-0.1,0.9659781034244889,3.326937472007317,1.5,0.15
280.0334,18.836,-0.181,-0.01,14.863,-0.094,-0.005,-0.149,-0.005,-0.0,-0.149,-0.004,0.0,-0.29,0.073,0.143,0.008,0.007,0.005,0.0,0.0,0.0,862.191,-0.0,0.0,-0.0,0.0,0.0,0.0,0.0,0.0,0.9912,0.0403,-0.1263,-0.0687,0.9709,-0.2296,0.1134,0.2363,0.9651,0.669,0.7326,-0.1252,-0.7377,0.634,-0.2321,-0.0907,0.2476,0.9646,0.0001,0.0001,0.0001,0.0,0.0,0.0,-0.0187,-0.0392,0.1427,3.918,10.0583,-54.3894,0.0,0.0434,-0.3693,0.0,0.0,0.0,4184585.8019,3267303.4317,4136436.9306,-3138.8685,-3616.6928,6028.294,4184581.8839,3267293.3735,4136491.32,-3138.8498,-3616.6536,6028.1513,0.0,0.0765,3.9732,0.0,0.0,1.0,0.0,1.0,0.0,0.0,-4.1,-36.453,0.0,0.0,-1.0,-0.7071,0.7071,0.0,0.1812760326132498,0.005,-0.1,0.9623513406564701,3.321295008624646,1.5,0.15
280.246,18.805,-0.182,-0.01,14.832,-0.095,-0.005,-0.149,-0.005,-0.0,-0.149,-0.004,0.0,-0.288,0.075,0.144,0.008,0.007,0.005,0.0,0.0,0.0,862.191,-0.0,0.0,-0.0,0.0,0.0,0.0,0.0,0.0,0.9912,0.0403,-0.1263,-0.0688,0.9709,-0.2296,0.1134,0.2362,0.9651,0.669,0.7326,-0.1252,-0.7377,0.634,-0.2321,-0.0907,0.2476,0.9646,0.0001,0.0001,0.0001,0.0,0.0,0.0,-0.0187,-0.0392,0.1427,3.914,10.05,-54.3591,0.0,0.0434,-0.3693,0.0,0.0,0.0,4183919.6645,3266535.9352,4137715.9098,-3140.0294,-3617.5992,6027.1462,4183915.7505,3266525.8852,4137770.2689,-3140.0106,-3617.56,6027.0035,0.0,0.0765,3.9732,0.0,0.0,1.0,0.0,1.0,0.0,0.0,-4.1,-36.453,0.0,0.0,-1.0,-0.7071,0.7071,0.0,0.18227451824103116,0.005,-0.1,0.9587282046644932,3.3158288722226836,1.5,0.15
280.4605,18.773,-0.183,-0.01,14.8,-0.096,-0.004,-0.149,-0.005,-0.0,-0.149,-0.004,0.0,-0.287,0.076,0.145,0.008,0.007,0.005,0.0,0.0,0.0,862.191,-0.0,0.0,-0.0,0.0,0.0,0.0,0.0,0.0,0.9912,0.0404,-0.1264,-0.0688,0.9709,-0.2296,0.1134,0.2362,0.9651,0.669,0.7326,-0.1252,-0.7377,0.634,-0.2321,-0.0907,0.2476,0.9646,0.0001,0.0001,0.0001,0.0,0.0,0.0,-0.0187,-0.0392,0.1427,3.91,10.0416,-54.3286,0.0,0.0434,-0.3693,0.0,0.0,0.0,4183247.7986,3265761.931,4139005.1619,-3141.1996,-3618.5128,6025.9887,4183243.8886,3265751.8894,4139059.4905,-3141.1808,-3618.4735,6025.846,0.0,0.0765,3.9732,0.0,0.0,1.0,0.0,1.0,0.0,0.0,-4.1,-36.453,0.0,0.0,-1.0,-0.7071,0.7071,0.0,0.183273020382161,0.005,-0.1,0.9562735496308375,3.310186408840013,1.5,0.15
280.6736,18.741,-0.184,-0.01,14.768,-0.097,-0.004,-0.149,-0.005,-0.0,-0.149,-0.004,0.0,-0.285,0.078,0.146,0.008,0.007,0.005,0.0,0.0,0.0,862.191,-0.0,0.0,-0.0,0.0,0.0,0.0,0.0,0.0,0.9912,0.0404,-0.1264,-0.0688,0.9709,-0.2295,0.1134,0.2362,0.9651,0.669,0.7326,-0.1252,-0.7377,0.634,-0.2321,-0.0907,0.2476,0.9646,0.0001,0.0001,0.0001,0.0,0.0,0.0,-0.0188,-0.0393,0.1427,3.906,10.0332,-54.298,0.0,0.0434,-0.3693,0.0,0.0,0.0,4182574.2759,3264986.1117,4140296.8634,-3142.372,-3619.4281,6024.8283,4182570.37,3264976.0785,4140351.1614,-3142.3533,-3619.3888,6024.6856,0.0,0.0765,3.9732,0.0,0.0,1.0,0.0,1.0,0.0,0.0,-4.1,-36.453,0.0,0.0,-1.0,-0.7071,0.7071,0.0,0.18427153876819935,0.005,-0.1,0.9526134138630925,3.304543945457342,1.5,0.15
280.8907,18.708,-0.185,-0.01,14.735,-0.098,-0.004,-0.149,-0.005,-0.0,-0.149,-0.004,0.0,-0.284,0.079,0.147,0.008,0.007,0.005,0.0,0.0,0.0,862.191,-0.0,0.0,-0.0,0.0,0.0,0.0,0.0,0.0,0.9912,0.0404,-0.1264,-0.0689,0.9709,-0.2295,0.1135,0.2362,0.9651,0.669,0.7326,-0.1252,-0.7377,0.634,-0.2321,-0.0907,0.2476,0.9646,0.0001,0.0001,0.0001,0.0,0.0,0.0,-0.0188,-0.0393,0.1427,3.9019,10.0247,-54.2672,0.0,0.0434,-0.3693,0.0,0.0,0.0,4181894.8751,3264203.6158,4141599.0983,-3143.5541,-3620.3508,6023.6579,4181890.9731,3264193.5911,4141653.3655,-3143.5353,-3620.3115,6023.5152,0.0,0.0765,3.9732,0.0,0.0,1.0,0.0,1.0,0.0,0.0,-4.1,-36.453,0.0,0.0,-1.0,-0.7071,0.7071,0.0,0.18527007313648905,0.005,-0.1,0.9489235464763117,3.2987251550939627,1.5,0.15
281.1042,18.676,-0.186,-0.01,14.703,-0.099,-0.004,-0.149,-0.003,-0.0,-0.149,-0.002,0.0,-0.282,0.081,0.148,0.008,0.007,0.005,0.0,0.0,0.0,862.183,-0.0,1.0,-0.0,0.0,0.0,0.0,0.0,0.0,0.9911,0.0405,-0.1264,-0.0689,0.9709,-0.2295,0.1135,0.2362,0.9651,0.669,0.7326,-0.1252,-0.7377,0.634,-0.2321,-0.0907,0.2476,0.9646,0.0001,0.0001,0.0001,0.0,0.0,0.0,-0.0187,-0.0374,0.1432,3.8978,10.0162,-54.2363,0.0,0.0434,-0.3693,0.0,0.0,0.0,4181214.8144,3263420.4547,4142901.8541,-3144.7366,-3621.2719,6022.4869,4181210.9166,3263410.4385,4142956.0904,-3144.7179,-3621.2345,6022.3438,0.0,0.0765,3.9732,0.0,0.0,1.0,0.0,1.0,0.0,0.0,-4.1,-36.453,0.0,0.0,-1.0,-0.7071,0.7071,0.0,0.18626862323000082,0.003,-0.1,0.9452375311606862,3.2930826917112914,1.5,0.15
281.3098,18.646,-0.186,-0.01,14.673,-0.099,-0.004,-0.149,0.001,0.0,-0.149,0.002,0.001,-0.281,0.082,0.149,0.002,0.007,0.005,0.0,0.0,0.0,862.165,-0.0,0.0,-0.0,0.0,0.0,0.0,0.0,0.0,0.9911,0.0405,-0.1265,-0.0689,0.9709,-0.2295,0.1135,0.2362,0.9651,0.669,0.7326,-0.1252,-0.7377,0.634,-0.2321,-0.0907,0.2476,0.9646,0.0001,0.0001,0.0,0.0,0.0,0.0,-0.0186,-0.0332,0.1442,3.8941,10.0094,-54.2075,0.0,0.0434,-0.3692,0.0,0.0,0.0,4180584.5419,3262694.7161,4144108.571,-3145.8319,-3622.1227,6021.4023,4180580.6478,3262684.7067,4144162.7785,-3145.8133,-3622.0894,6021.2581,0.0,0.0765,3.9732,0.0,0.0,1.0,0.0,1.0,0.0,0.0,-4.1,-36.453,0.0,0.0,-1.0,-0.7071,0.7071,0.0,0.18626862323000082,0.001,-0.1,0.9447214417606665,3.287792882290038,1.5,0.15
281.5231,18.614,-0.185,-0.01,14.641,-0.098,-0.004,-0.149,0.001,0.0,-0.149,0.002,0.001,-0.28,0.084,0.15,0.002,0.007,0.005,0.0,0.0,0.0,862.165,-0.0,0.0,-0.0,0.0,0.0,0.0,0.0,0.0,0.9911,0.0405,-0.1265,-0.0689,0.9709,-0.2295,0.1135,0.2362,0.9651,0.669,0.7326,-0.1252,-0.7377,0.634,-0.2321,-0.0907,0.2476,0.9646,0.0001,0.0001,0.0,0.0,0.0,0.0,-0.0186,-0.0333,0.1442,3.89,10.0022,-54.1762,0.0,0.0434,-0.3692,0.0,0.0,0.0,4179902.4281,3261909.3755,4145413.8244,-3147.0169,-3623.0474,6020.2274,4179898.5381,3261899.3733,4145468.0006,-3146.9982,-3623.0142,6020.0833,0.0,0.0765,3.9732,0.0,0.0,1.0,0.0,1.0,0.0,0.0,-4.1,-36.453,0.0,0.0,-1.0,-0.7071,0.7071,0.0,0.18527007313648905,0.001,-0.1,0.947322722753818,3.282150418907367,1.5,0.15
281.7357,18.583,-0.185,-0.01,14.61,-0.098,-0.004,-0.149,0.001,0.0,-0.149,0.002,0.001,-0.28,0.085,0.151,0.002,0.007,0.005,0.0,0.0,0.0,862.165,-0.0,0.0,-0.0,0.0,0.0,0.0,0.0,0.0,0.9911,0.0405,-0.1265,-0.069,0.9709,-0.2295,0.1135,0.2361,0.9651,0.669,0.7326,-0.1252,-0.7377,0.634,-0.2321,-0.0907,0.2476,0.9646,0.0001,0.0001,0.0,0.0,0.0,0.0,-0.0187,-0.0333,0.1442,3.8861,9.9952,-54.1458,0.0,0.0434,-0.3692,0.0,0.0,0.0,4179239.2381,3261145.9134,4146682.1509,-3148.1683,-3623.9459,6019.0852,4179235.352,3261135.9183,4146736.2967,-3148.1496,-3623.9127,6018.9411,0.0,0.0765,3.9732,0.0,0.0,1.0,0.0,1.0,0.0,0.0,-4.1,-36.453,0.0,0.0,-1.0,-0.7071,0.7071,0.0,0.18527007313648905,0.001,-0.1,0.9467911426986971,3.2766842825054043,1.5,0.15
281.9497,18.551,-0.185,-0.01,14.578,-0.098,-0.004,-0.149,0.001,0.0,-0.149,0.002,0.001,-0.279,0.087,0.151,0.002,0.007,0.005,0.0,0.0,0.0,862.165,-0.0,0.0,-0.0,0.0,0.0,0.0,0.0,0.0,0.9911,0.0405,-0.1265,-0.069,0.9709,-0.2294,0.1136,0.2361,0.9651,0.669,0.7326,-0.1252,-0.7377,0.634,-0.2321,-0.0907,0.2476,0.9646,0.0001,0.0001,0.0,0.0,0.0,0.0,-0.0187,-0.0333,0.1442,3.8821,9.9881,-54.115,0.0,0.0434,-0.3692,0.0,0.0,0.0,4178565.9228,3260370.8877,4147969.1219,-3149.3367,-3624.8576,6017.9257,4178562.0407,3260360.8996,4148023.2369,-3149.318,-3624.8243,6017.7815,0.0,0.0765,3.9732,0.0,0.0,1.0,0.0,1.0,0.0,0.0,-4.1,-36.453,0.0,0.0,-1.0,-0.7071,0.7071,0.0,0.18527007313648905,0.001,-0.1,0.9462405000603323,3.2710418191227335,1.5,0.15
282.1622,18.519,-0.184,-0.01,14.546,-0.097,-0.004,-0.149,0.001,0.0,-0.149,0.002,0.001,-0.279,0.088,0.152,0.002,0.007,0.005,0.0,0.0,0.0,862.165,-0.0,0.0,-0.0,0.0,0.0,0.0,0.0,0.0,0.9911,0.0405,-0.1266,-0.069,0.9709,-0.2294,0.1136,0.2361,0.9651,0.669,0.7326,-0.1252,-0.7377,0.634,-0.2321,-0.0907,0.2476,0.9646,0.0001,0.0001,0.0,0.0,0.0,0.0,-0.0187,-0.0333,0.1442,3.8781,9.981,-54.0843,0.0,0.0434,-0.3692,0.0,0.0,0.0,4177894.1199,3259597.6949,4149252.4789,-3150.5018,-3625.7667,6016.7688,4177890.2418,3259587.7139,4149306.5631,-3150.4831,-3625.7334,6016.6246,0.0,0.0765,3.9732,0.0,0.0,1.0,0.0,1.0,0.0,0.0,-4.1,-36.453,0.0,0.0,-1.0,-0.7071,0.7071,0.0,0.18427153876819935,0.001,-0.1,0.9488582405836385,3.2653993557400627,1.5,0.15
282.3732,18.488,-0.184,-0.01,14.515,-0.097,-0.003,-0.149,0.001,0.0,-0.149,0.002,0.001,-0.278,0.09,0.153,0.002,0.007,0.005,0.0,0.0,0.0,862.165,-0.0,0.0,-0.0,0.0,0.0,0.0,0.0,0.0,0.9911,0.0405,-0.1266,-0.069,0.9709,-0.2294,0.1136,0.2361,0.9651,0.669,0.7326,-0.1252,-0.7377,0.634,-0.2321,-0.0907,0.2476,0.9646,0.0001,0.0001,0.0,0.0,0.0,0.0,-0.0187,-0.0333,0.1442,3.8742,9.974,-54.0539,0.0,0.0434,-0.3692,0.0,0.0,0.0,4177231.757,3258835.4566,4150517.0965,-3151.65,-3626.6625,6015.6282,4177227.8828,3258825.4826,4150571.1505,-3151.6313,-3626.6292,6015.484,0.0,0.0765,3.9732,0.0,0.0,1.0,0.0,1.0,0.0,0.0,-4.1,-36.453,0.0,0.0,-1.0,-0.7071,0.7071,0.0,0.18427153876819935,0.001,-0.1,0.94985778088223,3.2599332193381003,1.5,0.15
282.5841,18.456,-0.184,-0.01,14.483,-0.097,-0.003,-0.149,0.001,0.0,-0.149,0.002,0.001,-0.278,0.091,0.154,0.002,0.007,0.005,0.0,0.0,0.0,862.165,-0.0,0.0,-0.0,0.0,0.0,0.0,0.0,0.0,0.9911,0.0405,-0.1266,-0.069,0.9709,-0.2294,0.1136,0.2361,0.9651,0.669,0.7326,-0.1252,-0.7377,0.634,-0.2321,-0.0907,0.2476,0.9646,0.0001,0.0001,0.0,0.0,0.0,0.0,-0.0187,-0.0333,0.1442,3.8702,9.9669,-54.0235,0.0,0.0434,-0.3692,0.0,0.0,0.0,4176565.4748,3258068.7985,4151788.4908,-3152.8044,-3627.563,6014.481,4176561.6046,3258058.8316,4151842.5143,-3152.7857,-3627.5297,6014.3368,0.0,0.0765,3.9732,0.0,0.0,1.0,0.0,1.0,0.0,0.0,-4.1,-36.453,0.0,0.0,-1.0,-0.7071,0.7071,0.0,0.18427153876819935,0.001,-0.1,0.9493079708130017,3.2542907559554295,1.5,0.15
282.792,18.425,-0.184,-0.01,14.452,-0.096,-0.003,-0.149,0.001,0.0,-0.149,0.002,0.001,-0.278,0.093,0.155,0.002,0.007,0.005,0.0,0.0,0.0,862.165,-0.0,0.0,-0.0,0.0,0.0,0.0,0.0,0.0,0.9911,0.0405,-0.1266,-0.069,0.9709,-0.2294,0.1137,0.2361,0.9651,0.669,0.7326,-0.1252,-0.7377,0.634,-0.2321,-0.0907,0.2476,0.9646,0.0001,0.0001,0.0,0.0,0.0,0.0,-0.0187,-0.0333,0.1442,3.8663,9.96,-53.9934,0.0,0.0434,-0.3692,0.0,0.0,0.0,4175907.9823,3257312.3427,4153042.4187,-3153.9429,-3628.4511,6013.3489,4175904.116,3257302.3827,4153096.4121,-3153.9242,-3628.4178,6013.2047,0.0,0.0765,3.9732,0.0,0.0,1.0,0.0,1.0,0.0,0.0,-4.1,-36.453,0.0,0.0,-1.0,-0.7071,0.7071,0.0,0.18427153876819935,0.001,-0.1,0.9663040822787168,3.248824619553467,1.5,0.15
283.0019,18.394,-0.183,-0.01,14.421,-0.096,-0.003,-0.149,0.001,0.0,-0.149,0.002,0.001,-0.277,0.094,0.156,0.002,0.007,0.005,0.0,0.0,0.0,862.165,-0.0,0.0,-0.0,0.0,0.0,0.0,0.0,0.0,0.9911,0.0406,-0.1267,-0.069,0.9709,-0.2293,0.1137,0.2361,0.9651,0.669,0.7326,-0.1252,-0.7377,0.634,-0.2321,-0.0907,0.2476,0.9646,0.0001,0.0001,0.0,0.0,0.0,0.0,-0.0187,-0.0333,0.1442,3.8624,9.953,-53.9632,0.0,0.0434,-0.3692,0.0,0.0,0.0,4175248.1413,3256553.2737,4154300.1341,-3155.0849,-3629.3419,6012.2129,4175244.2789,3256543.3207,4154354.0973,-3155.0662,-3629.3085,6012.0687,0.0,0.0765,3.9732,0.0,0.0,1.0,0.0,1.0,0.0,0.0,-4.1,-36.453,0.0,0.0,-1.0,-0.7071,0.7071,0.0,0.183273020382161,0.001,-0.1,0.9514245051183771,3.2433584831515043,1.5,0.15
283.2067,18.363,-0.183,-0.01,14.39,-0.096,-0.003,-0.149,0.001,0.0,-0.149,0.002,0.001,-0.277,0.096,0.157,0.002,0.007,0.005,0.0,0.0,0.0,862.165,-0.0,0.0,-0.0,0.0,0.0,0.0,0.0,0.0,0.9911,0.0406,-0.1267,-0.0691,0.9709,-0.2293,0.1137,0.236,0.9651,0.669,0.7326,-0.1252,-0.7377,0.634,-0.2321,-0.0907,0.2476,0.9646,0.0001,0.0001,0.0,0.0,0.0,0.0,-0.0188,-0.0334,0.1442,3.8585,9.9462,-53.9337,0.0,0.0434,-0.3692,0.0,0.0,0.0,4174601.7543,3255809.7678,4155531.5333,-3156.2031,-3630.214,6011.1001,4174597.8958,3255799.8216,4155585.467,-3156.1843,-3630.1806,6010.9559,0.0,0.0765,3.9732,0.0,0.0,1.0,0.0,1.0,0.0,0.0,-4.1,-36.453,0.0,0.0,-1.0,-0.7071,0.7071,0.0,0.183273020382161,0.001,-0.1,0.9508918149424213,3.2378923467495424,1.5,0.15
283.4151,18.332,-0.183,-0.01,14.359,-0.095,-0.003,-0.149,0.001,0.0,-0.149,0.002,0.001,-0.276,0.097,0.158,0.002,0.007,0.005,0.0,0.0,0.0,862.165,-0.0,0.0,-0.0,0.0,0.0,0.0,0.0,0.0,0.9911,0.0406,-0.1267,-0.0691,0.9709,-0.2293,0.1137,0.236,0.9651,0.669,0.7326,-0.1252,-0.7377,0.634,-0.2321,-0.0907,0.2476,0.9646,0.0001,0.0001,0.0,0.0,0.0,0.0,-0.0188,-0.0334,0.1442,3.8546,9.9393,-53.9039,0.0,0.0434,-0.3692,0.0,0.0,0.0,4173948.165,3255058.0633,4156775.9779,-3157.3331,-3631.0953,6009.975,4173944.3104,3255048.124,4156829.8818,-3157.3143,-3631.0619,6009.8308,0.0,0.0765,3.9732,0.0,0.0,1.0,0.0,1.0,0.0,0.0,-4.1,-36.453,0.0,0.0,-1.0,-0.7071,0.7071,0.0,0.183273020382161,0.001,-0.1,0.9679048384870503,3.23242621034758,1.5,0.15
283.6205,18.301,-0.182,-0.01,14.328,-0.095,-0.003,-0.149,0.001,0.0,-0.149,0.002,0.001,-0.276,0.099,0.159,0.002,0.007,0.005,0.0,0.0,0.0,862.165,-0.0,0.0,-0.0,0.0,0.0,0.0,0.0,0.0,0.9911,0.0406,-0.1267,-0.0691,0.9709,-0.2293,0.1137,0.236,0.9651,0.669,0.7326,-0.1252,-0.7377,0.634,-0.2321,-0.0907,0.2476,0.9646,0.0001,0.0001,0.0,0.0,0.0,0.0,-0.0188,-0.0334,0.1442,3.8507,9.9324,-53.8739,0.0,0.0434,-0.3692,0.0,0.0,0.0,4173291.8159,3254303.2714,4158024.9947,-3158.4673,-3631.9798,6008.8452,4173287.9651,3254293.3391,4158078.8686,-3158.4485,-3631.9464,6008.701,0.0,0.0765,3.9732,0.0,0.0,1.0,0.0,1.0,0.0,0.0,-4.1,-36.453,0.0,0.0,-1.0,-0.7071,0.7071,0.0,0.18227451824103116,0.001,-0.1,0.9530249771888473,3.2269600739456172,1.5,0.15
283.8352,18.269,-0.182,-0.01,14.296,-0.095,-0.002,-0.149,0.001,0.0,-0.149,0.002,0.001,-0.275,0.1,0.16,0.002,0.007,0.005,0.0,0.0,0.0,862.165,-0.0,0.0,-0.0,0.0,0.0,0.0,0.0,0.0,0.9911,0.0406,-0.1268,-0.0691,0.9709,-0.2293,0.1138,0.236,0.9651,0.669,0.7326,-0.1252,-0.7377,0.634,-0.2321,-0.0907,0.2476,0.9646,0.0001,0.0001,0.0,0.0,0.0,0.0,-0.0188,-0.0334,0.1442,3.8466,9.9252,-53.843,0.0,0.0434,-0.3692,0.0,0.0,0.0,4172615.8037,3253525.9591,4159310.716,-3159.6349,-3632.8902,6007.6816,4172611.957,3253516.0338,4159364.5591,-3159.6161,-3632.8568,6007.5374,0.0,0.0765,3.9732,0.0,0.0,1.0,0.0,1.0,0.0,0.0,-4.1,-36.453,0.0,0.0,-1.0,-0.7071,0.7071,0.0,0.18227451824103116,0.001,-0.1,0.9543267475220448,3.2213176105629464,1.5,0.15
284.051,18.237,-0.182,-0.01,14.264,-0.094,-0.002,-0.149,0.001,0.0,-0.149,0.002,0.001,-0.275,0.102,0.161,0.002,0.007,0.005,0.0,0.0,0.0,862.165,-0.0,0.0,-0.0,0.0,0.0,0.0,0.0,0.0,0.9911,0.0406,-0.1268,-0.0691,0.9709,-0.2293,0.1138,0.236,0.9651,0.669,0.7326,-0.1252,-0.7377,0.634,-0.2321,-0.0907,0.2476,0.9646,0.0001,0.0001,0.0,0.0,0.0,0.0,-0.0188,-0.0334,0.1442,3.8425,9.918,-53.8118,0.0,0.0434,-0.3692,0.0,0.0,0.0,4171930.6117,3252738.1856,4160613.1584,-3160.8177,-3633.8124,6006.5023,4171926.7692,3252728.2676,4160666.9701,-3160.7989,-3633.779,6006.3581,0.0,0.0765,3.9732,0.0,0.0,1.0,0.0,1.0,0.0,0.0,-4.1,-36.453,0.0,0.0,-1.0,-0.7071,0.7071,0.0,0.18227451824103116,0.001,-0.1,0.9713077885111311,3.2156751471802756,1.5,0.15
284.2657,18.205,-0.182,-0.01,14.232,-0.094,-0.002,-0.149,0.001,0.0,-0.149,0.002,0.001,-0.274,0.103,0.162,0.002,0.007,0.005,0.0,0.0,0.0,862.165,-0.0,0.0,-0.0,0.0,0.0,0.0,0.0,0.0,0.9911,0.0406,-0.1268,-0.0691,0.9709,-0.2292,0.1138,0.236,0.9651,0.669,0.7326,-0.1252,-0.7377,0.634,-0.2321,-0.0907,0.2476,0.9646,0.0001,0.0001,0.0,0.0,0.0,0.0,-0.0188,-0.0334,0.1442,3.8385,9.9108,-53.7808,0.0,0.0434,-0.3692,0.0,0.0,0.0,4171251.9348,3251957.9961,4161902.484,-3161.9887,-3634.7253,6005.3342,4171248.0963,3251948.0852,4161956.2648,-3161.9698,-3634.6919,6005.19,0.0,0.0765,3.9732,0.0,0.0,1.0,0.0,1.0,0.0,0.0,-4.1,-36.453,0.0,0.0,-1.0,-0.7071,0.7071,0.0,0.18227451824103116,0.001,-0.1,0.9707610192084514,3.2100326837976048,1.5,0.15
284.4809,18.173,-0.181,-0.01,14.2,-0.094,-0.002,-0.149,0.001,0.0,-0.149,0.002,0.001,-0.274,0.105,0.163,0.002,0.007,0.005,0.0,0.0,0.0,862.165,-0.0,0.0,-0.0,0.0,0.0,0.0,0.0,0.0,0.9911,0.0406,-0.1268,-0.0691,0.9709,-0.2292,0.1138,0.2359,0.9651,0.669,0.7326,-0.1252,-0.7377,0.634,-0.2321,-0.0907,0.2476,0.9646,0.0001,0.0001,0.0,0.0,0.0,0.0,-0.0189,-0.0334,0.1442,3.8344,9.9037,-53.7498,0.0,0.0434,-0.3692,0.0,0.0,0.0,4170572.3374,3251176.8412,4163192.829,-3163.1606,-3635.6389,6004.1647,4170568.5029,3251166.9376,4163246.5788,-3163.1417,-3635.6055,6004.0205,0.0,0.0765,3.9732,0.0,0.0,1.0,0.0,1.0,0.0,0.0,-4.1,-36.453,0.0,0.0,-1.0,-0.7071,0.7071,0.0,0.1812760326132498,0.001,-0.1,0.9558904424861487,3.2043902204149335,1.5,0.15
284.693,18.141,-0.181,-0.009,14.168,-0.093,-0.002,-0.149,0.001,0.0,-0.149,0.002,0.001,-0.273,0.106,0.164,0.002,0.007,0.005,0.0,0.0,0.0,862.165,-0.0,0.0,-0.0,0.0,0.0,0.0,0.0,0.0,0.9911,0.0406,-0.1269,-0.0691,0.9709,-0.2292,0.1139,0.2359,0.9651,0.669,0.7326,-0.1252,-0.7377,0.634,-0.2321,-0.0907,0.2476,0.9646,0.0001,0.0001,0.0,0.0,0.0,0.0,-0.0189,-0.0335,0.1442,3.8304,9.8965,-53.7192,0.0,0.0434,-0.3692,0.0,0.0,0.0,4169899.495,3250403.5425,4164469.6298,-3164.3202,-3636.5429,6003.0068,4169895.6646,3250393.6459,4164523.349,-3164.3013,-3636.5094,6002.8626,0.0,0.0765,3.9732,0.0,0.0,1.0,0.0,1.0,0.0,0.0,-4.1,-36.453,0.0,0.0,-1.0,-0.7071,0.7071,0.0,0.18122361876973983,0.001,-0.1,0.97138201561775,3.1987477570322627,1.5,0.15
284.9054,18.11,-0.181,-0.009,14.137,-0.093,-0.002,-0.149,0.001,0.0,-0.149,0.002,0.001,-0.273,0.108,0.165,0.002,0.007,0.005,0.0,0.0,0.0,862.165,-0.0,0.0,-0.0,0.0,0.0,0.0,0.0,0.0,0.9911,0.0406,-0.1269,-0.0692,0.9709,-0.2292,0.1139,0.2359,0.9651,0.669,0.7326,-0.1252,-0.7377,0.634,-0.2321,-0.0907,0.2476,0.9646,0.0001,0.0001,0.0,0.0,0.0,0.0,-0.0189,-0.0335,0.1442,3.8264,9.8895,-53.6886,0.0,0.0434,-0.3692,0.0,0.0,0.0,4169228.6915,3249632.6785,4165741.852,-3165.4757,-3637.4436,6001.8526,4169224.8651,3249622.789,4165795.5406,-3165.4568,-3637.4101,6001.7084,0.0,0.0765,3.9732,0.0,0.0,1.0,0.0,1.0,0.0,0.0,-4.1,-36.453,0.0,0.0,-1.0,-0.7071,0.7071,0.0,0.18122361876973983,0.001,-0.1,0.9708515956841242,3.1932816206303007,1.5,0.15
285.1194,18.078,-0.181,-0.009,14.105,-0.093,-0.001,-0.149,0.001,0.0,-0.149,0.002,0.001,-0.273,0.109,0.166,0.002,0.007,0.005,0.0,0.0,0.0,862.165,-0.0,0.0,-0.0,0.0,0.0,0.0,0.0,0.0,0.9911,0.0407,-0.1269,-0.0692,0.9709,-0.2292,0.1139,0.2359,0.9651,0.669,0.7326,-0.1252,-0.7377,0.634,-0.2321,-0.0907,0.2476,0.9646,0.0001,0.0001,0.0,0.0,0.0,0.0,-0.0189,-0.0335,0.1442,3.8223,9.8823,-53.6578,0.0,0.0434,-0.3692,0.0,0.0,0.0,4168551.6184,3248854.701,4167025.2454,-3166.6414,-3638.3521,6000.6876,4168547.7961,3248844.8186,4167078.9031,-3166.6225,-3638.3186,6000.5434,0.0,0.0765,3.9732,0.0,0.0,1.0,0.0,1.0,0.0,0.0,-4.1,-36.453,0.0,0.0,-1.0,-0.7071,0.7071,0.0,0.18122361876973983,0.001,-0.1,0.972181095612864,3.18763915724763,1.5,0.15
285.3343,18.046,-0.18,-0.009,14.073,-0.092,-0.001,-0.149,0.001,0.0,-0.149,0.002,0.001,-0.272,0.111,0.167,0.002,0.007,0.005,0.0,0.0,0.0,862.165,-0.0,0.0,-0.0,0.0,0.0,0.0,0.0,0.0,0.9911,0.0407,-0.1269,-0.0692,0.9709,-0.2291,0.1139,0.2359,0.9651,0.669,0.7326,-0.1252,-0.7377,0.634,-0.2321,-0.0907,0.2476,0.9646,0.0001,0.0001,0.0,0.0,0.0,0.0,-0.0189,-0.0335,0.1442,3.8183,9.8751,-53.6268,0.0,0.0434,-0.3692,0.0,0.0,0.0,4167872.6594,3248074.6487,4168311.4891,-3167.8097,-3639.2626,5999.5194,4167868.8411,3248064.7736,4168365.1159,-3167.7908,-3639.2292,5999.3752,0.0,0.0765,3.9732,0.0,0.0,1.0,0.0,1.0,0.0,0.0,-4.1,-36.453,0.0,0.0,-1.0,-0.7071,0.7071,0.0,0.18022485955050707,0.001,-0.1,0.9748751525195398,3.1819966938649586,1.5,0.15
285.5504,18.013,-0.18,-0.009,14.04,-0.092,-0.001,-0.149,0.001,0.0,-0.149,0.001,0.001,-0.272,0.112,0.168,0.002,0.007,0.005,0.0,0.0,0.0,862.165,-0.0,0.0,-0.0,0.0,0.0,0.0,0.0,0.0,0.9911,0.0407,-0.127,-0.0692,0.9709,-0.2291,0.114,0.2359,0.9651,0.669,0.7326,-0.1252,-0.7377,0.634,-0.2321,-0.0907,0.2476,0.9646,0.0001,0.0001,0.0,0.0,0.0,0.0,-0.0189,-0.0335,0.1442,3.8142,9.8679,-53.5957,0.0,0.0434,-0.3692,0.0,0.0,0.0,4167188.2879,3247288.4718,4169607.2533,-3168.9867,-3640.1799,5998.342,4167184.4737,3247278.6039,4169660.849,-3168.9678,-3640.1464,5998.1978,0.0,0.0765,3.9732,0.0,0.0,1.0,0.0,1.0,0.0,0.0,-4.1,-36.453,0.0,0.0,-1.0,-0.7071,0.7071,0.0,0.18022485955050707,0.001,-0.1,0.9743119973776542,3.17617790350158,1.5,0.15
285.7519,17.983,-0.18,-0.009,14.01,-0.092,-0.001,-0.149,0.001,0.0,-0.149,0.001,0.001,-0.271,0.114,0.169,0.002,0.007,0.005,0.0,0.0,0.0,862.165,-0.0,0.0,-0.0,0.0,0.0,0.0,0.0,0.0,0.9911,0.0407,-0.127,-0.0692,0.9709,-0.2291,0.114,0.2359,0.9651,0.669,0.7326,-0.1252,-0.7377,0.634,-0.2321,-0.0907,0.2476,0.9646,0.0001,0.0001,0.0,0.0,0.0,0.0,-0.0189,-0.0335,0.1442,3.8104,9.8612,-53.5667,0.0,0.0434,-0.3692,0.0,0.0,0.0,4166550.1375,3246555.4764,4170814.8417,-3170.0837,-3641.0346,5997.2442,4166546.3271,3246545.6152,4170868.4084,-3170.0647,-3641.0011,5997.1,0.0,0.0765,3.9732,0.0,0.0,1.0,0.0,1.0,0.0,0.0,-4.1,-36.453,0.0,0.0,-1.0,-0.7071,0.7071,0.0,0.18022485955050707,0.001,-0.1,0.9737981962701956,3.170888094080326,1.5,0.15
285.9688,17.951,-0.18,-0.009,13.978,-0.091,-0.001,-0.149,0.001,0.0,-0.149,0.001,0.001,-0.271,0.115,0.17,0.002,0.007,0.005,0.0,0.0,0.0,862.165,-0.0,0.0,-0.0,0.0,0.0,0.0,0.0,0.0,0.9911,0.0407,-0.127,-0.0692,0.9709,-0.2291,0.114,0.2358,0.9651,0.669,0.7326,-0.1252,-0.7377,0.634,-0.2321,-0.0907,0.2476,0.9646,0.0001,0.0001,0.0,0.0,0.0,0.0,-0.019,-0.0335,0.1442,3.8062,9.8539,-53.5352,0.0,0.0434,-0.3692,0.0,0.0,0.0,4165858.3683,3245760.9853,4172123.1728,-3171.2722,-3641.9607,5996.0542,4165854.5621,3245751.1315,4172176.708,-3171.2532,-3641.9271,5995.91,0.0,0.0765,3.9732,0.0,0.0,1.0,0.0,1.0,0.0,0.0,-4.1,-36.453,0.0,0.0,-1.0,-0.7071,0.7071,0.0,0.18022485955050707,0.001,-0.1,0.9908301684695008,3.165245630697655,1.5,0.15
286.1869,17.918,-0.179,-0.009,13.945,-0.091,-0.001,-0.149,0.001,0.0,-0.149,0.001,0.001,-0.27,0.117,0.171,0.002,0.007,0.005,0.0,0.0,0.0,862.165,-0.0,0.0,-0.0,0.0,0.0,0.0,0.0,0.0,0.9911,0.0407,-0.127,-0.0692,0.9709,-0.2291,0.114,0.2358,0.9651,0.669,0.7326,-0.1252,-0.7377,0.634,-0.2321,-0.0907,0.2476,0.9646,0.0001,0.0001,0.0,0.0,0.0,0.0,-0.019,-0.0335,0.1442,3.8021,9.8466,-53.5038,0.0,0.0434,-0.3692,0.0,0.0,0.0,4165168.3616,3244968.6139,4173427.4249,-3172.457,-3642.8838,5994.8673,4165164.5594,3244958.7673,4173480.9287,-3172.438,-3642.8502,5994.7231,0.0,0.0765,3.9732,0.0,0.0,1.0,0.0,1.0,0.0,0.0,-4.1,-36.453,0.0,0.0,-1.0,-0.7071,0.7071,0.0,0.17922611416866682,0.001,-0.1,0.975946812884451,3.1594268403342753,1.5,0.15
286.4029,17.886,-0.179,-0.009,13.913,-0.091,-0.0,-0.149,0.001,0.0,-0.149,0.001,0.001,-0.27,0.118,0.172,0.002,0.007,0.005,0.0,0.0,0.0,862.165,-0.0,0.0,-0.0,0.0,0.0,0.0,0.0,0.0,0.9911,0.0407,-0.1271,-0.0693,0.9709,-0.2291,0.1141,0.2358,0.9651,0.669,0.7326,-0.1252,-0.7377,0.634,-0.2321,-0.0907,0.2476,0.9646,0.0001,0.0001,0.0,0.0,0.0,0.0,-0.019,-0.0336,0.1442,3.798,9.8393,-53.4727,0.0,0.0434,-0.3692,0.0,0.0,0.0,4164482.3444,3244180.9182,4174723.3969,-3173.6343,-3643.801,5993.6873,4164478.5463,3244171.0788,4174776.8695,-3173.6154,-3643.7674,5993.5431,0.0,0.0765,3.9732,0.0,0.0,1.0,0.0,1.0,0.0,0.0,-4.1,-36.453,0.0,0.0,-1.0,-0.7071,0.7071,0.0,0.17922611416866682,0.001,-0.1,0.9775917092382339,3.1537843769516045,1.5,0.15
286.6182,17.854,-0.179,-0.009,13.881,-0.09,-0.0,-0.149,0.001,0.0,-0.149,0.001,0.001,-0.269,0.12,0.173,0.002,0.007,0.005,0.0,0.0,0.0,862.165,-0.0,0.0,-0.0,0.0,0.0,0.0,0.0,0.0,0.9911,0.0407,-0.1271,-0.0693,0.971,-0.229,0.1141,0.2358,0.9651,0.669,0.7326,-0.1252,-0.7377,0.634,-0.2321,-0.0907,0.2476,0.9646,0.0001,0.0001,0.0,0.0,0.0,0.0,-0.019,-0.0336,0.1442,3.7939,9.8321,-53.4416,0.0,0.0434,-0.3692,0.0,0.0,0.0,4163797.6072,3243394.7857,4176016.2169,-3174.8089,-3644.7159,5992.5096,4163793.8134,3243384.9536,4176069.6584,-3174.7899,-3644.6823,5992.3654,0.0,0.0765,3.9732,0.0,0.0,1.0,0.0,1.0,0.0,0.0,-4.1,-36.453,0.0,0.0,-1.0,-0.7071,0.7071,0.0,0.17922611416866682,0.001,-0.1,0.9946052636748397,3.1481419135689337,1.5,0.15
286.8349,17.822,-0.179,-0.009,13.849,-0.09,0.0,-0.149,0.001,0.0,-0.149,0.001,0.001,-0.269,0.121,0.174,0.002,0.007,0.005,0.0,0.0,0.0,862.165,-0.0,0.0,-0.0,0.0,0.0,0.0,0.0,0.0,0.9911,0.0407,-0.1271,-0.0693,0.971,-0.229,0.1141,0.2358,0.9651,0.669,0.7326,-0.1252,-0.7377,0.634,-0.2321,-0.0907,0.2476,0.9646,0.0001,0.0001,0.0,0.0,0.0,0.0,-0.019,-0.0336,0.1442,3.7898,9.8249,-53.4105,0.0,0.0434,-0.3692,0.0,0.0,0.0,4163112.9979,3242608.8933,4177308.0636,-3175.9825,-3645.6301,5991.3322,4163109.2081,3242599.0684,4177361.4741,-3175.9635,-3645.5965,5991.188,0.0,0.0765,3.9732,0.0,0.0,1.0,0.0,1.0,0.0,0.0,-4.1,-36.453,0.0,0.0,-1.0,-0.7071,0.7071,0.0,0.17922611416866682,0.001,-0.1,0.9940609167309677,3.142499450186263,1.5,0.15
287.0533,17.789,-0.178,-0.009,13.816,-0.09,0.0,-0.149,0.001,0.0,-0.149,0.001,0.001,-0.268,0.123,0.175,0.002,0.007,0.005,0.0,0.0,0.0,862.165,-0.0,0.0,-0.0,0.0,0.0,0.0,0.0,0.0,0.991,0.0407,-0.1271,-0.0693,0.971,-0.229,0.1141,0.2358,0.9651,0.669,0.7326,-0.1252,-0.7377,0.634,-0.2321,-0.0907,0.2476,0.9646,0.0001,0.0001,0.0,0.0,0.0,0.0,-0.019,-0.0336,0.1442,3.7856,9.8175,-53.379,0.0,0.0434,-0.3692,0.0,0.0,0.0,4162419.5726,3241812.976,4178615.8015,-3177.1707,-3646.5555,5990.1397,4162415.787,3241803.1585,4178669.1805,-3177.1517,-3646.5219,5989.9955,0.0,0.0765,3.9732,0.0,0.0,1.0,0.0,1.0,0.0,0.0,-4.1,-36.453,0.0,0.0,-1.0,-0.7071,0.7071,0.0,0.17822738285684384,0.001,-0.1,0.9792087061038969,3.1366806598228836,1.5,0.15
287.2674,17.757,-0.178,-0.009,13.784,-0.089,0.0,-0.149,0.001,0.0,-0.149,0.001,0.001,-0.268,0.124,0.176,0.002,0.007,0.005,0.0,0.0,0.0,862.165,-0.0,0.0,-0.0,0.0,0.0,0.0,0.0,0.0,0.991,0.0408,-0.1272,-0.0693,0.971,-0.229,0.1141,0.2357,0.9651,0.669,0.7326,-0.1252,-0.7377,0.634,-0.2321,-0.0907,0.2476,0.9646,0.0001,0.0001,0.0,0.0,0.0,0.0,-0.019,-0.0336,0.1442,3.7815,9.8103,-53.3479,0.0,0.0434,-0.3692,0.0,0.0,0.0,4161734.95,3241027.2561,4179906.2026,-3178.3431,-3647.4686,5988.9624,4161731.1685,3241017.4458,4179959.5505,-3178.3241,-3647.435,5988.8182,0.0,0.0765,3.9732,0.0,0.0,1.0,0.0,1.0,0.0,0.0,-4.1,-36.453,0.0,0.0,-1.0,-0.7071,0.7071,0.0,0.17822738285684384,0.001,-0.1,0.9962410725600659,3.1310381964402128,1.5,0.15
287.4827,17.725,-0.178,-0.008,13.752,-0.089,0.001,-0.149,0.001,0.0,-0.149,0.001,0.001,-0.267,0.126,0.177,0.002,0.007,0.005,0.0,0.0,0.0,862.165,-0.0,0.0,-0.0,0.0,0.0,0.0,0.0,0.0,0.991,0.0408,-0.1272,-0.0693,0.971,-0.229,0.1142,0.2357,0.9651,0.669,0.7326,-0.1252,-0.7377,0.634,-0.2321,-0.0907,0.2476,0.9646,0.0001,0.0001,0.0,0.0,0.0,0.0,-0.0191,-0.0336,0.1442,3.7774,9.8031,-53.317,0.0,0.0434,-0.3692,0.0,0.0,0.0,4161053.3262,3240245.0707,4181190.2278,-3179.5098,-3648.3771,5987.7904,4161049.5488,3240235.2676,4181243.5447,-3179.4908,-3648.3435,5987.6462,0.0,0.0765,3.9732,0.0,0.0,1.0,0.0,1.0,0.0,0.0,-4.1,-36.453,0.0,0.0,-1.0,-0.7071,0.7071,0.0,0.17817968458833908,0.001,-0.1,0.9961356935265805,3.125395733057542,1.5,0.15
287.6999,17.692,-0.178,-0.008,13.719,-0.089,0.001,-0.149,0.001,0.0,-0.149,0.001,0.001,-0.267,0.127,0.178,0.002,0.007,0.005,0.0,0.0,0.0,862.165,-0.0,0.0,-0.0,0.0,0.0,0.0,0.0,0.0,0.991,0.0408,-0.1272,-0.0693,0.971,-0.2289,0.1142,0.2357,0.9651,0.669,0.7326,-0.1252,-0.7377,0.634,-0.2321,-0.0907,0.2476,0.9646,0.0001,0.0001,0.0,0.0,0.0,0.0,-0.0191,-0.0336,0.1442,3.7733,9.7958,-53.2856,0.0,0.0434,-0.3692,0.0,0.0,0.0,4160361.2084,3239450.9372,4182493.2819,-3180.6938,-3649.2991,5986.6004,4160357.4351,3239441.1414,4182546.5675,-3180.6748,-3649.2655,5986.4562,0.0,0.0765,3.9732,0.0,0.0,1.0,0.0,1.0,0.0,0.0,-4.1,-36.453,0.0,0.0,-1.0,-0.7071,0.7071,0.0,0.17817968458833908,0.001,-0.1,0.9955732771272702,3.119576942694162,1.5,0.15
287.9172,17.66,-0.177,-0.008,13.687,-0.089,0.001,-0.149,0.001,0.0,-0.149,0.001,0.001,-0.266,0.129,0.179,0.002,0.007,0.005,0.0,0.0,0.0,862.165,-0.0,0.0,-0.0,0.0,0.0,0.0,0.0,0.0,0.991,0.0408,-0.1273,-0.0694,0.971,-0.2289,0.1142,0.2357,0.9651,0.669,0.7326,-0.1252,-0.7377,0.634,-0.2321,-0.0907,0.2476,0.9646,0.0001,0.0001,0.0,0.0,0.0,0.0,-0.0191,-0.0337,0.1442,3.7691,9.7885,-53.2543,0.0,0.0434,-0.3692,0.0,0.0,0.0,4159670.7449,3238658.7965,4183792.4803,-3181.8744,-3650.2183,5985.4133,4159666.9758,3238649.008,4183845.7346,-3181.8553,-3650.1846,5985.269,0.0,0.0765,3.9732,0.0,0.0,1.0,0.0,1.0,0.0,0.0,-4.1,-36.453,0.0,0.0,-1.0,-0.7071,0.7071,0.0,0.17718069872308326,0.001,-0.1,0.9807432493505723,3.1139344793114914,1.5,0.15
288.1349,17.628,-0.177,-0.008,13.655,-0.088,0.001,-0.149,0.001,0.001,-0.149,0.001,0.001,-0.266,0.131,0.18,0.002,0.007,0.005,0.0,0.0,0.0,862.165,-0.0,0.0,-0.0,0.0,0.0,0.0,0.0,0.0,0.991,0.0408,-0.1273,-0.0694,0.971,-0.2289,0.1142,0.2357,0.9651,0.669,0.7326,-0.1252,-0.7377,0.634,-0.2321,-0.0907,0.2476,0.9646,0.0001,0.0001,0.0,0.0,0.0,0.0,-0.0191,-0.0337,0.1442,3.765,9.7812,-53.2231,0.0,0.0434,-0.3692,0.0,0.0,0.0,4158982.3788,3237869.1556,4185086.9957,-3183.0507,-3651.1341,5984.2298,4158978.6138,3237859.3743,4185140.2188,-3183.0316,-3651.1005,5984.0856,0.0,0.0765,3.9732,0.0,0.0,1.0,0.0,1.0,0.0,0.0,-4.1,-36.453,0.0,0.0,-1.0,-0.7071,0.7071,0.0,0.17718069872308326,0.001414213562373095,-0.1,0.9977918232924471,3.1082920159288205,1.5,0.15
288.352,17.595,-0.177,-0.008,13.622,-0.088,0.002,-0.149,0.001,0.001,-0.149,0.001,0.001,-0.265,0.132,0.181,0.002,0.007,0.005,0.0,0.0,0.0,862.165,-0.0,0.0,-0.0,0.0,0.0,0.0,0.0,0.0,0.991,0.0408,-0.1273,-0.0694,0.971,-0.2289,0.1143,0.2357,0.9651,0.669,0.7326,-0.1252,-0.7377,0.634,-0.2321,-0.0907,0.2476,0.9646,0.0001,0.0001,0.0,0.0,0.0,0.0,-0.0191,-0.0337,0.1442,3.7608,9.7739,-53.1918,0.0,0.0434,-0.3692,0.0,0.0,0.0,4158290.6276,3237075.7266,4186387.1385,-3184.2322,-3652.0539,5983.0406,4158286.8668,3237065.9527,4186440.3303,-3184.2131,-3652.0202,5982.8964,0.0,0.0765,3.9732,0.0,0.0,1.0,0.0,1.0,0.0,0.0,-4.1,-36.453,0.0,0.0,-1.0,-0.7071,0.7071,0.0,0.17718069872308326,0.001414213562373095,-0.1,0.9997562294752321,3.1024732255654413,1.5,0.15
288.5529,17.565,-0.177,-0.008,13.592,-0.088,0.002,-0.149,0.001,0.001,-0.149,0.001,0.001,-0.265,0.134,0.182,0.002,0.007,0.005,0.0,0.0,0.0,862.165,-0.0,0.0,-0.0,0.0,0.0,0.0,0.0,0.0,0.991,0.0408,-0.1273,-0.0694,0.971,-0.2289,0.1143,0.2356,0.9651,0.669,0.7326,-0.1252,-0.7377,0.634,-0.2321,-0.0907,0.2476,0.9646,0.0001,0.0001,0.0,0.0,0.0,0.0,-0.0191,-0.0337,0.1442,3.7569,9.7671,-53.1627,0.0,0.0434,-0.3692,0.0,0.0,0.0,4157647.4995,3236338.1522,4187595.2301,-3185.33,-3652.9085,5981.9351,4157643.7425,3236328.3851,4187648.3928,-3185.3109,-3652.8748,5981.7909,0.0,0.0765,3.9732,0.0,0.0,1.0,0.0,1.0,0.0,0.0,-4.1,-36.453,0.0,0.0,-1.0,-0.7071,0.7071,0.0,0.17718069872308326,0.001414213562373095,-0.1,0.9992453422912192,3.0971834161441874,1.5,0.15
288.7686,17.533,-0.177,-0.008,13.56,-0.087,0.002,-0.149,0.001,0.001,-0.149,0.001,0.001,-0.265,0.135,0.183,0.002,0.007,0.005,0.0,0.0,0.0,862.165,-0.0,0.0,-0.0,0.0,0.0,0.0,0.0,0.0,0.991,0.0408,-0.1274,-0.0694,0.971,-0.2288,0.1143,0.2356,0.9651,0.669,0.7326,-0.1252,-0.7377,0.634,-0.2321,-0.0907,0.2476,0.9646,0.0001,0.0001,0.0,0.0,0.0,0.0,-0.0191,-0.0337,0.1442,3.7528,9.7598,-53.1315,0.0,0.0434,-0.3692,0.0,0.0,0.0,4156958.9423,3235548.5678,4188887.9495,-3186.5048,-3653.823,5980.7516,4156955.1895,3235538.808,4188941.081,-3186.4857,-3653.7893,5980.6074,0.0,0.0765,3.9732,0.0,0.0,1.0,0.0,1.0,0.0,0.0,-4.1,-36.453,0.0,0.0,-1.0,-0.7071,0.7071,0.0,0.17718069872308326,0.001414213562373095,-0.1,1.0162757997708267,3.0915409527615165,1.5,0.15
288.9866,17.5,-0.176,-0.008,13.527,-0.087,0.002,-0.149,0.001,0.001,-0.149,0.001,0.001,-0.264,0.137,0.184,0.002,0.007,0.005,0.0,0.0,0.0,862.165,-0.0,0.0,-0.0,0.0,0.0,0.0,0.0,0.0,0.991,0.0408,-0.1274,-0.0694,0.971,-0.2288,0.1143,0.2356,0.9651,0.669,0.7326,-0.1252,-0.7377,0.634,-0.2321,-0.0907,0.2476,0.9646,0.0001,0.0001,0.0,0.0,0.0,0.0,-0.0192,-0.0337,0.1442,3.7486,9.7525,-53.1001,0.0,0.0434,-0.3692,0.0,0.0,0.0,4156264.8934,3234752.7807,4190190.2388,-3187.6884,-3654.7441,5979.5587,4156261.1447,3234743.0282,4190243.3389,-3187.6692,-3654.7104,5979.4144,0.0,0.0765,3.9732,0.0,0.0,1.0,0.0,1.0,0.0,0.0,-4.1,-36.453,0.0,0.0,-1.0,-0.7071,0.7071,0.0,0.1761817243643619,0.001414213562373095,-0.1,1.0014642838706076,3.0857221623981372,1.5,0.15
289.2024,17.468,-0.176,-0.008,13.495,-0.087,0.002,-0.149,0.001,0.001,-0.149,0.001,0.001,-0.264,0.138,0.185,0.002,0.007,0.005,0.0,0.0,0.0,862.165,-0.0,0.0,-0.0,0.0,0.0,0.0,0.0,0.0,0.991,0.0409,-0.1274,-0.0694,0.971,-0.2288,0.1144,0.2356,0.9651,0.669,0.7326,-0.1252,-0.7377,0.634,-0.2321,-0.0907,0.2476,0.9646,0.0001,0.0001,0.0,0.0,0.0,0.0,-0.0192,-0.0337,0.1442,3.7444,9.7452,-53.069,0.0,0.0434,-0.3692,0.0,0.0,0.0,4155577.1891,3233964.3613,4191479.8892,-3188.8605,-3655.6563,5978.3767,4155573.4447,3233954.6161,4191532.9582,-3188.8413,-3655.6226,5978.2325,0.0,0.0765,3.9732,0.0,0.0,1.0,0.0,1.0,0.0,0.0,-4.1,-36.453,0.0,0.0,-1.0,-0.7071,0.7071,0.0,0.1761817243643619,0.001414213562373095,-0.1,1.0009194221985829,3.080079699015466,1.5,0.15
289.4204,17.436,-0.176,-0.007,13.463,-0.087,0.003,-0.149,0.001,0.001,-0.149,0.001,0.001,-0.263,0.14,0.186,0.002,0.007,0.005,0.0,0.0,0.0,862.165,-0.0,0.0,-0.0,0.0,0.0,0.0,0.0,0.0,0.991,0.0409,-0.1274,-0.0695,0.971,-0.2288,0.1144,0.2356,0.9651,0.669,0.7326,-0.1252,-0.7377,0.634,-0.2321,-0.0907,0.2476,0.9646,0.0001,0.0001,0.0,0.0,0.0,0.0,-0.0192,-0.0337,0.1442,3.7403,9.7379,-53.0375,0.0,0.0434,-0.3692,0.0,0.0,0.0,4154882.0115,3233167.4693,4192782.8153,-3190.0447,-3656.5779,5977.182,4154878.2712,3233157.7314,4192835.8528,-3190.0255,-3656.5441,5977.0378,0.0,0.0765,3.9732,0.0,0.0,1.0,0.0,1.0,0.0,0.0,-4.1,-36.453,0.0,0.0,-1.0,-0.7071,0.7071,0.0,0.17613914953808535,0.001414213562373095,-0.1,1.0008886364861656,3.074437235632795,1.5,0.15
289.6364,17.403,-0.176,-0.007,13.43,-0.086,0.003,-0.149,0.001,0.001,-0.149,0.001,0.001,-0.263,0.141,0.187,0.002,0.007,0.005,0.0,0.0,0.0,862.165,-0.0,0.0,-0.0,0.0,0.0,0.0,0.0,0.0,0.991,0.0409,-0.1275,-0.0695,0.971,-0.2288,0.1144,0.2356,0.9651,0.669,0.7326,-0.1252,-0.7377,0.634,-0.2321,-0.0907,0.2476,0.9646,0.0001,0.0001,0.0,0.0,0.0,0.0,-0.0192,-0.0338,0.1442,3.7361,9.7306,-53.0063,0.0,0.0434,-0.3692,0.0,0.0,0.0,4154191.7228,3232376.2753,4194075.8418,-3191.2199,-3657.4923,5975.9958,4154187.9867,3232366.5447,4194128.8482,-3191.2007,-3657.4586,5975.8515,0.0,0.0765,3.9732,0.0,0.0,1.0,0.0,1.0,0.0,0.0,-4.1,-36.453,0.0,0.0,-1.0,-0.7071,0.7071,0.0,0.17613914953808535,0.001414213562373095,-0.1,1.01791815410746,3.068618445269416,1.5,0.15
289.8365,17.374,-0.176,-0.007,13.401,-0.086,0.003,-0.149,0.001,0.001,-0.149,0.001,0.001,-0.262,0.143,0.188,0.002,0.007,0.005,0.0,0.0,0.0,862.165,-0.0,0.0,-0.0,0.0,0.0,0.0,0.0,0.0,0.991,0.0409,-0.1275,-0.0695,0.971,-0.2288,0.1144,0.2356,0.9651,0.669,0.7326,-0.1252,-0.7377,0.634,-0.2321,-0.0907,0.2476,0.9646,0.0001,0.0001,0.0,0.0,0.0,0.0,-0.0192,-0.0338,0.1442,3.7323,9.7239,-52.9776,0.0,0.0434,-0.3692,0.0,0.0,0.0,4153557.1095,3231648.9776,4195263.9327,-3192.2998,-3658.3326,5974.9052,4153553.3773,3231639.2538,4195316.9103,-3192.2806,-3658.2988,5974.761,0.0,0.0765,3.9732,0.0,0.0,1.0,0.0,1.0,0.0,0.0,-4.1,-36.453,0.0,0.0,-1.0,-0.7071,0.7071,0.0,0.17613914953808535,0.001414213562373095,-0.1,1.0174254983729358,3.0635049628288704,1.5,0.15
290.0537,17.341,-0.175,-0.007,13.368,-0.086,0.003,-0.149,0.001,0.001,-0.149,0.001,0.001,-0.262,0.144,0.189,0.002,0.007,0.005,0.0,0.0,0.0,862.165,-0.0,0.0,-0.0,0.0,0.0,0.0,0.0,0.0,0.991,0.0409,-0.1275,-0.0695,0.971,-0.2287,0.1145,0.2355,0.9651,0.669,0.7326,-0.1252,-0.7377,0.634,-0.2321,-0.0907,0.2476,0.9646,0.0001,0.0001,0.0,0.0,0.0,0.0,-0.0192,-0.0338,0.1442,3.7281,9.7166,-52.9463,0.0,0.0434,-0.3692,0.0,0.0,0.0,4152862.84,3230853.4015,4196563.0005,-3193.4806,-3659.2513,5973.7123,4152859.1119,3230843.685,4196615.9468,-3193.4614,-3659.2175,5973.5681,0.0,0.0765,3.9732,0.0,0.0,1.0,0.0,1.0,0.0,0.0,-4.1,-36.453,0.0,0.0,-1.0,-0.7071,0.7071,0.0,0.17513994404475525,0.001414213562373095,-0.1,1.0026184818544859,3.057686172465491,1.5,0.15
290.2708,17.309,-0.175,-0.007,13.336,-0.085,0.004,-0.149,0.001,0.001,-0.149,0.001,0.001,-0.261,0.146,0.19,0.002,0.007,0.005,0.0,0.0,0.0,862.165,-0.0,0.0,-0.0,0.0,0.0,0.0,0.0,0.0,0.991,0.0409,-0.1275,-0.0695,0.971,-0.2287,0.1145,0.2355,0.9651,0.669,0.7326,-0.1252,-0.7377,0.634,-0.2321,-0.0907,0.2476,0.9646,0.0001,0.0001,0.0,0.0,0.0,0.0,-0.0192,-0.0338,0.1442,3.7239,9.7092,-52.915,0.0,0.0434,-0.3692,0.0,0.0,0.0,4152169.7365,3230059.2559,4197859.149,-3194.6588,-3660.1678,5972.5214,4152166.0126,3230049.5467,4197912.064,-3194.6396,-3660.134,5972.3772,0.0,0.0765,3.9732,0.0,0.0,1.0,0.0,1.0,0.0,0.0,-4.1,-36.453,0.0,0.0,-1.0,-0.7071,0.7071,0.0,0.17513994404475525,0.001414213562373095,-0.1,1.0225356078882297,3.0520437090828203,1.5,0.15
290.4879,17.276,-0.175,-0.007,13.303,-0.085,0.004,-0.149,0.001,0.001,-0.149,0.001,0.001,-0.261,0.147,0.191,0.002,0.007,0.005,0.0,0.0,0.0,862.165,-0.0,0.0,-0.0,0.0,0.0,0.0,0.0,0.0,0.991,0.0409,-0.1276,-0.0695,0.971,-0.2287,0.1145,0.2355,0.9651,0.669,0.7326,-0.1252,-0.7377,0.634,-0.2321,-0.0907,0.2476,0.9646,0.0001,0.0001,0.0,0.0,0.0,0.0,-0.0193,-0.0338,0.1442,3.7197,9.7019,-52.8837,0.0,0.0434,-0.3692,0.0,0.0,0.0,4151475.5758,3229263.9928,4199156.5366,-3195.8382,-3661.0852,5971.3288,4151471.8561,3229254.2909,4199209.4203,-3195.8189,-3661.0514,5971.1846,0.0,0.0765,3.9732,0.0,0.0,1.0,0.0,1.0,0.0,0.0,-4.1,-36.453,0.0,0.0,-1.0,-0.7071,0.7071,0.0,0.17513994404475525,0.001414213562373095,-0.1,1.0219782227786,3.046224918719441,1.5,0.15
290.7063,17.244,-0.175,-0.007,13.271,-0.085,0.004,-0.149,0.001,0.001,-0.149,0.001,0.001,-0.26,0.149,0.192,0.002,0.007,0.005,0.0,0.0,0.0,862.165,-0.0,0.0,-0.0,0.0,0.0,0.0,0.0,0.0,0.991,0.0409,-0.1276,-0.0695,0.971,-0.2287,0.1145,0.2355,0.9651,0.669,0.7326,-0.1252,-0.7377,0.634,-0.2321,-0.0907,0.2476,0.9646,0.0001,0.0001,0.0,0.0,0.0,0.0,-0.0193,-0.0338,0.1442,3.7155,9.6945,-52.8522,0.0,0.0434,-0.3692,0.0,0.0,0.0,4150777.5285,3228464.3719,4200460.4444,-3197.0235,-3662.0072,5970.1296,4150773.813,3228454.6774,4200513.2965,-3197.0042,-3661.9734,5969.9854,0.0,0.0765,3.9732,0.0,0.0,1.0,0.0,1.0,0.0,0.0,-4.1,-36.453,0.0,0.0,-1.0,-0.7071,0.7071,0.0,0.17513994404475525,0.001414213562373095,-0.1,1.0214356438451977,3.04058245533677,1.5,0.15
290.9234,17.211,-0.175,-0.006,13.238,-0.085,0.004,-0.149,0.001,0.001,-0.149,0.001,0.001,-0.26,0.15,0.193,0.002,0.007,0.005,0.0,0.0,0.0,862.165,-0.0,0.0,-0.0,0.0,0.0,0.0,0.0,0.0,0.991,0.0409,-0.1276,-0.0696,0.971,-0.2287,0.1145,0.2355,0.9651,0.669,0.7326,-0.1252,-0.7377,0.634,-0.2321,-0.0907,0.2476,0.9646,0.0001,0.0001,0.0,0.0,0.0,0.0,-0.0193,-0.0338,0.1442,3.7113,9.6871,-52.8207,0.0,0.0434,-0.3692,0.0,0.0,0.0,4150080.5597,3227666.0822,4201761.5952,-3198.2064,-3662.9272,5968.9323,4150076.8484,3227656.3951,4201814.4159,-3198.1871,-3662.8934,5968.7881,0.0,0.0765,3.9732,0.0,0.0,1.0,0.0,1.0,0.0,0.0,-4.1,-36.453,0.0,0.0,-1.0,-0.7071,0.7071,0.0,0.17510282693320517,0.001414213562373095,-0.1,1.018539827961882,3.0347636649733905,1.5,0.15
291.1359,17.18,-0.174,-0.006,13.207,-0.084,0.005,-0.149,0.001,0.001,-0.149,0.001,0.001,-0.259,0.152,0.194,0.002,0.007,0.005,0.0,0.0,0.0,862.165,-0.0,0.0,-0.0,0.0,0.0,0.0,0.0,0.0,0.991,0.0409,-0.1276,-0.0696,0.971,-0.2286,0.1146,0.2355,0.9651,0.669,0.7326,-0.1252,-0.7377,0.634,-0.2321,-0.0907,0.2476,0.9646,0.0001,0.0001,0.0,0.0,0.0,0.0,-0.0193,-0.0339,0.1442,3.7072,9.68,-52.7904,0.0,0.0434,-0.3692,0.0,0.0,0.0,4149407.1586,3226894.8755,4203018.0426,-3199.3486,-3663.8155,5967.7755,4149403.4514,3226885.1955,4203070.833,-3199.3293,-3663.7817,5967.6313,0.0,0.0765,3.9732,0.0,0.0,1.0,0.0,1.0,0.0,0.0,-4.1,-36.453,0.0,0.0,-1.0,-0.7071,0.7071,0.0,0.1741034175425629,0.001414213562373095,-0.1,1.0243143406936208,3.029297528571428,1.5,0.15
291.3531,17.147,-0.174,-0.006,13.174,-0.084,0.005,-0.149,0.001,0.001,-0.149,0.001,0.001,-0.259,0.153,0.195,0.002,0.007,0.005,0.0,0.0,0.0,862.165,-0.0,0.0,-0.0,0.0,0.0,0.0,0.0,0.0,0.991,0.041,-0.1277,-0.0696,0.971,-0.2286,0.1146,0.2354,0.9651,0.669,0.7326,-0.1252,-0.7377,0.634,-0.2321,-0.0907,0.2476,0.9646,0.0001,0.0001,0.0,0.0,0.0,0.0,-0.0193,-0.0339,0.1442,3.703,9.6727,-52.7591,0.0,0.0434,-0.3692,0.0,0.0,0.0,4148712.6787,3226099.6216,4204313.0953,-3200.526,-3664.7311,5966.5827,4148708.9757,3226089.9489,4204365.8544,-3200.5067,-3664.6973,5966.4384,0.0,0.0765,3.9732,0.0,0.0,1.0,0.0,1.0,0.0,0.0,-4.1,-36.453,0.0,0.0,-1.0,-0.7071,0.7071,0.0,0.1741034175425629,0.001414213562373095,-0.1,1.0237565728062252,3.023478738208049,1.5,0.15
291.5536,17.117,-0.174,-0.006,13.144,-0.084,0.005,-0.149,0.001,0.001,-0.149,0.001,0.001,-0.259,0.155,0.196,0.002,0.007,0.005,0.0,0.0,0.0,862.165,-0.0,0.0,-0.0,0.0,0.0,0.0,0.0,0.0,0.991,0.041,-0.1277,-0.0696,0.971,-0.2286,0.1146,0.2354,0.9651,0.669,0.7326,-0.1252,-0.7377,0.634,-0.2321,-0.0907,0.2476,0.9646,0.0001,0.0001,0.0,0.0,0.0,0.0,-0.0193,-0.0339,0.1442,3.6991,9.6659,-52.7301,0.0,0.0434,-0.3692,0.0,0.0,0.0,4148070.2097,3225364.0086,4205510.5038,-3201.6146,-3665.5777,5965.4792,4148066.5106,3225354.3427,4205563.2339,-3201.5953,-3665.5438,5965.335,0.0,0.0765,3.9732,0.0,0.0,1.0,0.0,1.0,0.0,0.0,-4.1,-36.453,0.0,0.0,-1.0,-0.7071,0.7071,0.0,0.1741034175425629,0.001414213562373095,-0.1,1.023247603289353,3.0181889287867953,1.5,0.15
291.754,17.087,-0.174,-0.006,13.114,-0.084,0.005,-0.149,0.001,0.001,-0.149,0.001,0.001,-0.258,0.156,0.197,0.002,0.007,0.005,0.0,0.0,0.0,862.165,-0.0,0.0,-0.0,0.0,0.0,0.0,0.0,0.0,0.991,0.041,-0.1277,-0.0696,0.971,-0.2286,0.1146,0.2354,0.9651,0.669,0.7326,-0.1252,-0.7377,0.634,-0.2321,-0.0907,0.2476,0.9646,0.0001,0.0001,0.0,0.0,0.0,0.0,-0.0193,-0.0339,0.1442,3.6952,9.659,-52.7009,0.0,0.0434,-0.3692,0.0,0.0,0.0,4147420.86,3224620.5996,4206720.0991,-3202.7144,-3666.4327,5964.3639,4147417.1647,3224610.9405,4206772.8,-3202.6951,-3666.3989,5964.2197,0.0,0.0765,3.9732,0.0,0.0,1.0,0.0,1.0,0.0,0.0,-4.1,-36.453,0.0,0.0,-1.0,-0.7071,0.7071,0.0,0.1741034175425629,0.001414213562373095,-0.1,1.0227368067322158,3.012899119365541,1.5,0.15
291.971,17.055,-0.174,-0.006,13.082,-0.084,0.006,-0.149,0.001,0.001,-0.149,0.001,0.001,-0.258,0.158,0.198,0.002,0.007,0.005,0.0,0.0,0.0,862.165,-0.0,0.0,-0.0,0.0,0.0,0.0,0.0,0.0,0.991,0.041,-0.1277,-0.0696,0.971,-0.2286,0.1147,0.2354,0.9651,0.669,0.7326,-0.1252,-0.7377,0.634,-0.2321,-0.0907,0.2476,0.9646,0.0001,0.0001,0.0,0.0,0.0,0.0,-0.0194,-0.0339,0.1442,3.691,9.6517,-52.6697,0.0,0.0434,-0.3692,0.0,0.0,0.0,4146728.8702,3223828.4637,4208008.4163,-3203.8858,-3667.3435,5963.1755,4146725.1792,3223818.812,4208061.086,-3203.8664,-3667.3096,5963.0313,0.0,0.0765,3.9732,0.0,0.0,1.0,0.0,1.0,0.0,0.0,-4.1,-36.453,0.0,0.0,-1.0,-0.7071,0.7071,0.0,0.1741034175425629,0.001414213562373095,-0.1,1.0254175881845755,3.00725665598287,1.5,0.15
292.1849,17.023,-0.174,-0.006,13.05,-0.083,0.006,-0.149,0.001,0.001,-0.149,0.001,0.001,-0.257,0.159,0.199,0.002,0.007,0.005,0.0,0.0,0.0,862.165,-0.0,0.0,-0.0,0.0,0.0,0.0,0.0,0.0,0.991,0.041,-0.1278,-0.0696,0.971,-0.2285,0.1147,0.2354,0.9651,0.669,0.7326,-0.1252,-0.7377,0.634,-0.2321,-0.0907,0.2476,0.9646,0.0001,0.0001,0.0,0.0,0.0,0.0,-0.0194,-0.0339,0.1442,3.6869,9.6445,-52.6388,0.0,0.0434,-0.3692,0.0,0.0,0.0,4146042.3006,3223042.6247,4209285.9248,-3205.0474,-3668.2465,5961.9965,4146038.6137,3223032.9803,4209338.5636,-3205.028,-3668.2126,5961.8523,0.0,0.0765,3.9732,0.0,0.0,1.0,0.0,1.0,0.0,0.0,-4.1,-36.453,0.0,0.0,-1.0,-0.7071,0.7071,0.0,0.1741034175425629,0.001414213562373095,-0.1,1.0424365728628642,3.0016141926001993,1.5,0.15
292.4014,16.99,-0.173,-0.005,13.017,-0.083,0.006,-0.149,0.001,0.001,-0.149,0.001,0.001,-0.257,0.161,0.2,0.002,0.007,0.005,0.0,0.0,0.0,862.165,-0.0,0.0,-0.0,0.0,0.0,0.0,0.0,0.0,0.991,0.041,-0.1278,-0.0696,0.971,-0.2285,0.1147,0.2354,0.9651,0.669,0.7326,-0.1252,-0.7377,0.634,-0.2321,-0.0907,0.2476,0.9646,0.0001,0.0001,0.0,0.0,0.0,0.0,-0.0194,-0.0339,0.1442,3.6827,9.6371,-52.6076,0.0,0.0434,-0.3692,0.0,0.0,0.0,4145349.9786,3222250.2938,4210573.4118,-3206.218,-3669.1565,5960.8077,4145346.296,3222240.6567,4210626.0194,-3206.1987,-3669.1226,5960.6635,0.0,0.0765,3.9732,0.0,0.0,1.0,0.0,1.0,0.0,0.0,-4.1,-36.453,0.0,0.0,-1.0,-0.7071,0.7071,0.0,0.17307223925286228,0.001414213562373095,-0.1,1.0250982968743059,2.9957954022368196,1.5,0.15
292.6077,16.959,-0.173,-0.005,12.987,-0.083,0.006,-0.149,0.001,0.001,-0.149,0.001,0.001,-0.256,0.162,0.201,0.002,0.007,0.005,0.0,0.0,0.0,862.165,-0.0,0.0,-0.0,0.0,0.0,0.0,0.0,0.0,0.991,0.041,-0.1278,-0.0697,0.971,-0.2285,0.1147,0.2353,0.9651,0.669,0.7326,-0.1252,-0.7377,0.634,-0.2321,-0.0907,0.2476,0.9646,0.0001,0.0001,0.0,0.0,0.0,0.0,-0.0194,-0.0339,0.1442,3.6786,9.6301,-52.5778,0.0,0.0434,-0.3692,0.0,0.0,0.0,4144687.451,3221492.1477,4211804.8102,-3207.3378,-3670.0269,5959.6701,4144683.7724,3221482.5176,4211857.3881,-3207.3184,-3669.9929,5959.5259,0.0,0.0765,3.9732,0.0,0.0,1.0,0.0,1.0,0.0,0.0,-4.1,-36.453,0.0,0.0,-1.0,-0.7071,0.7071,0.0,0.17307223925286228,0.001414213562373095,-0.1,1.024915880757712,2.9903292658348573,1.5,0.15
292.8084,16.929,-0.173,-0.005,12.956,-0.083,0.007,-0.149,0.001,0.001,-0.149,0.001,0.001,-0.256,0.164,0.201,0.002,0.007,0.005,0.0,0.0,0.0,862.165,-0.0,0.0,-0.0,0.0,0.0,0.0,0.0,0.0,0.9909,0.041,-0.1278,-0.0697,0.971,-0.2285,0.1148,0.2353,0.9651,0.669,0.7326,-0.1252,-0.7377,0.634,-0.2321,-0.0907,0.2476,0.9646,0.0001,0.0001,0.0,0.0,0.0,0.0,-0.0194,-0.034,0.1442,3.6747,9.6233,-52.5488,0.0,0.0434,-0.3692,0.0,0.0,0.0,4144041.6993,3220753.2808,4213004.3899,-3208.4286,-3670.8747,5958.5613,4144038.0246,3220743.6575,4213056.9387,-3208.4092,-3670.8407,5958.4171,0.0,0.0765,3.9732,0.0,0.0,1.0,0.0,1.0,0.0,0.0,-4.1,-36.453,0.0,0.0,-1.0,-0.7071,0.7071,0.0,0.17307223925286228,0.001414213562373095,-0.1,1.0273473147382064,2.9850394564136034,1.5,0.15
293.0094,16.899,-0.173,-0.005,12.926,-0.082,0.007,-0.149,0.001,-0.003,-0.149,0.001,-0.003,-0.255,0.165,0.202,0.002,0.007,0.005,0.0,0.0,0.0,862.15,-1.0,0.0,-0.0,0.0,0.0,0.0,0.0,0.0,0.9909,0.041,-0.1279,-0.0697,0.9711,-0.2285,0.1148,0.2353,0.9651,0.669,0.7326,-0.1252,-0.7377,0.634,-0.2321,-0.0907,0.2476,0.9646,0.0001,0.0001,0.0,0.0,0.0,0.0,-0.0156,-0.0342,0.1447,3.671,9.6164,-52.5196,0.0,0.0434,-0.3692,0.0,0.0,0.0,4143393.4061,3220011.5864,4214208.0559,-3209.5194,-3671.7256,5957.4487,4143389.7351,3220001.97,4214260.5756,-3209.5038,-3671.6914,5957.3041,0.0,0.0765,3.9732,0.0,0.0,1.0,0.0,1.0,0.0,0.0,-4.1,-36.453,0.0,0.0,-1.0,-0.7071,0.7071,0.0,0.17307223925286228,0.0031622776601683794,-0.1,1.0444153420153448,2.97974964699235,1.5,0.15
293.2236,16.867,-0.173,-0.006,12.895,-0.082,0.006,-0.149,0.001,-0.005,-0.149,0.001,-0.005,-0.255,0.166,0.203,0.002,0.007,0.005,0.0,0.0,0.0,862.142,-0.0,0.0,-0.0,0.0,0.0,0.0,0.0,0.0,0.9909,0.041,-0.1279,-0.0697,0.9711,-0.2285,0.1148,0.2353,0.9651,0.669,0.7326,-0.1252,-0.7377,0.634,-0.2321,-0.0907,0.2476,0.9646,0.0001,0.0001,0.0,0.0,0.0,0.0,-0.0135,-0.0344,0.1449,3.6681,9.6091,-52.4889,0.0,0.0434,-0.3692,0.0,0.0,0.0,4142712.023,3219232.1208,4215472.4761,-3210.6671,-3672.6194,5956.2792,4142708.3549,3219222.5117,4215524.965,-3210.6536,-3672.585,5956.1343,0.0,0.0765,3.9732,0.0,0.0,1.0,0.0,1.0,0.0,0.0,-4.1,-36.453,0.0,0.0,-1.0,-0.7071,0.7071,0.0,0.1731040149736568,0.005099019513592785,-0.1,1.0435669750254333,2.974107183609679,1.5,0.15
293.4394,16.835,-0.173,-0.007,12.862,-0.082,0.005,-0.149,0.001,-0.005,-0.149,0.001,-0.005,-0.254,0.168,0.204,0.002,0.007,0.005,0.0,0.0,0.0,862.142,-0.0,0.0,-0.0,0.0,0.0,0.0,0.0,0.0,0.9909,0.0411,-0.1279,-0.0697,0.9711,-0.2284,0.1148,0.2353,0.9651,0.669,0.7326,-0.1252,-0.7377,0.634,-0.2321,-0.0907,0.2476,0.9646,0.0001,0.0001,0.0,0.0,0.0,0.0,-0.0135,-0.0344,0.1449,3.6651,9.6017,-52.4575,0.0,0.0434,-0.3692,0.0,0.0,0.0,4142016.2105,3218436.2414,4216762.95,-3211.8407,-3673.5313,5955.0847,4142012.5454,3218426.6397,4216815.4075,-3211.8272,-3673.4969,5954.9398,0.0,0.0765,3.9732,0.0,0.0,1.0,0.0,1.0,0.0,0.0,-4.1,-36.453,0.0,0.0,-1.0,-0.7071,0.7071,0.0,0.17314156057977528,0.005099019513592785,-0.1,1.0420252322489112,2.968464720227008,1.5,0.15
293.6396,16.805,-0.172,-0.008,12.832,-0.082,0.004,-0.149,0.001,-0.005,-0.149,0.001,-0.005,-0.254,0.17,0.205,0.002,0.007,0.005,0.0,0.0,0.0,862.142,-0.0,0.0,-0.0,0.0,0.0,0.0,0.0,0.0,0.9909,0.0411,-0.1279,-0.0697,0.9711,-0.2284,0.1148,0.2353,0.9651,0.669,0.7326,-0.1252,-0.7377,0.634,-0.2321,-0.0907,0.2476,0.9646,0.0001,0.0001,0.0,0.0,0.0,0.0,-0.0135,-0.0344,0.1449,3.6624,9.5948,-52.4286,0.0,0.0434,-0.3692,0.0,0.0,0.0,4141375.4688,3217703.4352,4217950.6422,-3212.9208,-3674.3706,5953.9848,4141371.8064,3217693.8403,4218003.0707,-3212.9073,-3674.3362,5953.8399,0.0,0.0765,3.9732,0.0,0.0,1.0,0.0,1.0,0.0,0.0,-4.1,-36.453,0.0,0.0,-1.0,-0.7071,0.7071,0.0,0.17218594600024706,0.005099019513592785,-0.1,1.0266977318201802,2.963174910805754,1.5,0.15
293.857,16.773,-0.172,-0.009,12.8,-0.082,0.003,-0.149,0.001,-0.005,-0.149,0.001,-0.005,-0.253,0.171,0.206,0.002,0.007,0.005,0.0,0.0,0.0,862.142,-0.0,0.0,-0.0,0.0,0.0,0.0,0.0,0.0,0.9909,0.0411,-0.128,-0.0697,0.9711,-0.2284,0.1149,0.2353,0.9651,0.669,0.7326,-0.1252,-0.7377,0.634,-0.2321,-0.0907,0.2476,0.9646,0.0001,0.0001,0.0,0.0,0.0,0.0,-0.0135,-0.0344,0.1449,3.6595,9.5873,-52.397,0.0,0.0434,-0.3692,0.0,0.0,0.0,4140674.8127,3216902.1963,4219248.6858,-3214.1014,-3675.2878,5952.7822,4140671.1532,3216892.609,4219301.0828,-3214.0879,-3675.2534,5952.6372,0.0,0.0765,3.9732,0.0,0.0,1.0,0.0,1.0,0.0,0.0,-4.1,-36.453,0.0,0.0,-1.0,-0.7071,0.7071,0.0,0.17223530416264837,0.005099019513592785,-0.1,1.0255092970734625,2.957532447423083,1.5,0.15
294.0584,16.743,-0.172,-0.01,12.77,-0.081,0.002,-0.149,0.001,-0.005,-0.149,0.001,-0.005,-0.253,0.173,0.207,0.002,0.007,0.005,0.0,0.0,0.0,862.142,-0.0,0.0,-0.0,0.0,0.0,0.0,0.0,0.0,0.9909,0.0411,-0.128,-0.0698,0.9711,-0.2284,0.1149,0.2352,0.9651,0.669,0.7326,-0.1252,-0.7377,0.634,-0.2321,-0.0907,0.2476,0.9646,0.0001,0.0001,0.0,0.0,0.0,0.0,-0.0135,-0.0344,0.1449,3.6567,9.5804,-52.3678,0.0,0.0434,-0.3692,0.0,0.0,0.0,4140027.4339,3216161.9665,4220447.3696,-3215.1916,-3676.1347,5951.671,4140023.7772,3216152.3861,4220499.7373,-3215.1781,-3676.1003,5951.5261,0.0,0.0765,3.9732,0.0,0.0,1.0,0.0,1.0,0.0,0.0,-4.1,-36.453,0.0,0.0,-1.0,-0.7071,0.7071,0.0,0.17229045243425417,0.005099019513592785,-0.1,1.0420287852289212,2.9522426380018287,1.5,0.15
294.2584,16.713,-0.172,-0.011,12.74,-0.081,0.001,-0.15,0.001,-0.005,-0.149,0.001,-0.005,-0.253,0.174,0.208,0.002,0.007,0.005,0.0,0.0,0.0,862.142,-0.0,0.0,-0.0,0.0,0.0,0.0,0.0,0.0,0.9909,0.0411,-0.128,-0.0698,0.9711,-0.2284,0.1149,0.2352,0.9651,0.669,0.7326,-0.1252,-0.7377,0.634,-0.2321,-0.0907,0.2476,0.9646,0.0001,0.0001,0.0,0.0,0.0,0.0,-0.0135,-0.0345,0.1449,3.654,9.5736,-52.3389,0.0,0.0434,-0.3692,0.0,0.0,0.0,4139386.7133,3215429.4294,4221633.1057,-3216.2701,-3676.9725,5950.5714,4139383.0593,3215419.8559,4221685.4446,-3216.2565,-3676.9381,5950.4264,0.0,0.0765,3.9732,0.0,0.0,1.0,0.0,1.0,0.0,0.0,-4.1,-36.453,0.0,0.0,-1.0,-0.7071,0.7071,0.0,0.17235138525698016,0.005099019513592785,-0.1,1.0409048993063021,2.9469528285805753,1.5,0.15
294.475,16.68,-0.172,-0.013,12.707,-0.081,-0.0,-0.15,0.001,-0.005,-0.149,0.001,-0.005,-0.252,0.176,0.209,0.002,0.007,0.005,0.0,0.0,0.0,862.142,-0.0,0.0,-0.0,0.0,0.0,0.0,0.0,0.0,0.9909,0.0411,-0.128,-0.0698,0.9711,-0.2283,0.1149,0.2352,0.9651,0.669,0.7326,-0.1252,-0.7377,0.634,-0.2321,-0.0907,0.2476,0.9646,0.0001,0.0001,0.0,0.0,0.0,0.0,-0.0136,-0.0345,0.1449,3.651,9.5661,-52.3074,0.0,0.0434,-0.3692,0.0,0.0,0.0,4138686.9212,3214629.445,4222927.4555,-3217.4474,-3677.887,5949.3704,4138683.2702,3214619.8789,4222979.7629,-3217.4338,-3677.8525,5949.2254,0.0,0.0765,3.9732,0.0,0.0,1.0,0.0,1.0,0.0,0.0,-4.1,-36.453,0.0,0.0,-1.0,-0.7071,0.7071,0.0,0.17249057945290808,0.005099019513592785,-0.1,1.042231154026869,2.9411340382171955,1.5,0.15
294.6759,16.65,-0.172,-0.014,12.677,-0.081,-0.001,-0.15,0.001,-0.005,-0.15,0.001,-0.005,-0.252,0.177,0.21,0.002,0.007,0.005,0.0,0.0,0.0,862.142,-0.0,0.0,-0.0,0.0,0.0,0.0,0.0,0.0,0.9909,0.0411,-0.1281,-0.0698,0.9711,-0.2283,0.115,0.2352,0.9651,0.669,0.7326,-0.1252,-0.7377,0.634,-0.2321,-0.0907,0.2476,0.9646,0.0001,0.0001,0.0,0.0,0.0,0.0,-0.0136,-0.0345,0.1449,3.6483,9.5592,-52.2783,0.0,0.0434,-0.3692,0.0,0.0,0.0,4138041.9739,3213892.2411,4224119.7136,-3218.5319,-3678.7293,5948.2636,4138038.3256,3213882.6819,4224171.9919,-3218.5183,-3678.6948,5948.1186,0.0,0.0765,3.9732,0.0,0.0,1.0,0.0,1.0,0.0,0.0,-4.1,-36.453,0.0,0.0,-1.0,-0.7071,0.7071,0.0,0.1725688268488837,0.005099019513592785,-0.1,1.0410743400538738,2.9358442287959416,1.5,0.15
294.8775,16.62,-0.172,-0.015,12.647,-0.081,-0.002,-0.15,0.001,-0.005,-0.15,0.001,-0.005,-0.251,0.178,0.211,0.002,0.007,0.005,0.0,0.0,0.0,862.142,-0.0,0.0,-0.0,0.0,0.0,0.0,0.0,0.0,0.9909,0.0411,-0.1281,-0.0698,0.9711,-0.2283,0.115,0.2352,0.9651,0.669,0.7326,-0.1252,-0.7377,0.634,-0.2321,-0.0907,0.2476,0.9646,0.0001,0.0001,0.0,0.0,0.0,0.0,-0.0136,-0.0345,0.1449,3.6456,9.5522,-52.2492,0.0,0.0434,-0.3692,0.0,0.0,0.0,4137394.1671,3213151.8492,4225316.6313,-3219.6206,-3679.5749,5947.1519,4137390.5215,3213142.297,4225368.8804,-3219.607,-3679.5404,5947.007,0.0,0.0765,3.9732,0.0,0.0,1.0,0.0,1.0,0.0,0.0,-4.1,-36.453,0.0,0.0,-1.0,-0.7071,0.7071,0.0,0.1726528308484978,0.005099019513592785,-0.1,1.0399243728659633,2.930554419374688,1.5,0.15
295.0952,16.587,-0.172,-0.016,12.615,-0.08,-0.003,-0.15,0.001,-0.005,-0.15,0.001,-0.005,-0.251,0.18,0.212,0.002,0.007,0.005,0.0,0.0,0.0,862.142,-0.0,0.0,-0.0,0.0,0.0,0.0,0.0,0.0,0.9909,0.0411,-0.1281,-0.0698,0.9711,-0.2283,0.115,0.2352,0.9651,0.669,0.7326,-0.1252,-0.7377,0.634,-0.2321,-0.0907,0.2476,0.9646,0.0001,0.0001,0.0,0.0,0.0,0.0,-0.0136,-0.0345,0.1449,3.6426,9.5447,-52.2175,0.0,0.0434,-0.3692,0.0,0.0,0.0,4136690.9118,3212348.1741,4226615.2851,-3220.8019,-3680.4923,5945.9452,4136687.2692,3212338.6294,4226667.5026,-3220.7883,-3680.4578,5945.8003,0.0,0.0765,3.9732,0.0,0.0,1.0,0.0,1.0,0.0,0.0,-4.1,-36.453,0.0,0.0,-1.0,-0.7071,0.7071,0.0,0.17274258305351345,0.005099019513592785,-0.1,1.0568003504390784,2.9247356290113085,1.5,0.15
295.2962,16.558,-0.171,-0.017,12.585,-0.08,-0.004,-0.15,0.001,-0.005,-0.15,0.001,-0.005,-0.25,0.182,0.213,0.002,0.007,0.005,0.0,0.0,0.0,862.142,-0.0,0.0,-0.0,0.0,0.0,0.0,0.0,0.0,0.9909,0.0411,-0.1281,-0.0698,0.9711,-0.2283,0.115,0.2352,0.9651,0.669,0.7326,-0.1252,-0.7377,0.634,-0.2321,-0.0907,0.2476,0.9646,0.0001,0.0001,0.0,0.0,0.0,0.0,-0.0136,-0.0345,0.1449,3.6399,9.5378,-52.1884,0.0,0.0434,-0.3692,0.0,0.0,0.0,4136044.6558,3211609.7213,4227808.0313,-3221.887,-3681.3348,5944.8364,4136041.016,3211600.1835,4227860.2198,-3221.8733,-3681.3003,5944.6914,0.0,0.0765,3.9732,0.0,0.0,1.0,0.0,1.0,0.0,0.0,-4.1,-36.453,0.0,0.0,-1.0,-0.7071,0.7071,0.0,0.17184295155751952,0.005099019513592785,-0.1,1.0411282741971428,2.919622146570763,1.5,0.15
295.4972,16.527,-0.171,-0.018,12.555,-0.08,-0.005,-0.15,0.001,-0.005,-0.15,0.001,-0.005,-0.25,0.183,0.214,0.002,0.007,0.005,0.0,0.0,0.0,862.142,-0.0,0.0,-0.0,0.0,0.0,0.0,0.0,0.0,0.9909,0.0412,-0.1282,-0.0699,0.9711,-0.2283,0.1151,0.2351,0.9651,0.669,0.7326,-0.1252,-0.7377,0.634,-0.2321,-0.0907,0.2476,0.9646,0.0001,0.0001,0.0,0.0,0.0,0.0,-0.0136,-0.0345,0.1449,3.6371,9.5308,-52.1593,0.0,0.0434,-0.3692,0.0,0.0,0.0,4135396.3479,3210869.0037,4229003.9379,-3222.9749,-3682.1796,5943.724,4135392.7108,3210859.4728,4229056.0972,-3222.9613,-3682.145,5943.5791,0.0,0.0765,3.9732,0.0,0.0,1.0,0.0,1.0,0.0,0.0,-4.1,-36.453,0.0,0.0,-1.0,-0.7071,0.7071,0.0,0.1719447585708852,0.005099019513592785,-0.1,1.0403415077333762,2.9141560101688007,1.5,0.15
295.7137,16.495,-0.171,-0.019,12.522,-0.08,-0.006,-0.15,0.001,-0.005,-0.15,0.001,-0.005,-0.249,0.185,0.215,0.002,0.007,0.005,0.0,0.0,0.0,862.142,-0.0,0.0,-0.0,0.0,0.0,0.0,0.0,0.0,0.9909,0.0412,-0.1282,-0.0699,0.9711,-0.2282,0.1151,0.2351,0.9651,0.669,0.7326,-0.1252,-0.7377,0.634,-0.2321,-0.0907,0.2476,0.9646,0.0001,0.0001,0.0,0.0,0.0,0.0,-0.0136,-0.0345,0.1449,3.6341,9.5233,-52.1278,0.0,0.0434,-0.3692,0.0,0.0,0.0,4134696.2051,3210069.1522,4230294.7562,-3224.1492,-3683.0913,5942.5229,4134692.571,3210059.6289,4230346.884,-3224.1356,-3683.0568,5942.3779,0.0,0.0765,3.9732,0.0,0.0,1.0,0.0,1.0,0.0,0.0,-4.1,-36.453,0.0,0.0,-1.0,-0.7071,0.7071,0.0,0.17205231762461093,0.005099019513592785,-0.1,1.0388414675611761,2.90851354678613,1.5,0.15
295.9329,16.462,-0.171,-0.02,12.49,-0.08,-0.007,-0.15,0.001,-0.005,-0.15,0.001,-0.005,-0.249,0.186,0.216,0.002,0.007,0.005,0.0,0.0,0.0,862.142,-0.0,0.0,-0.0,0.0,0.0,0.0,0.0,0.0,0.9909,0.0412,-0.1282,-0.0699,0.9711,-0.2282,0.1151,0.2351,0.9651,0.669,0.7326,-0.1252,-0.7377,0.634,-0.2321,-0.0907,0.2476,0.9646,0.0001,0.0001,0.0,0.0,0.0,0.0,-0.0137,-0.0346,0.1449,3.6312,9.5158,-52.0963,0.0,0.0434,-0.3692,0.0,0.0,0.0,4133994.7601,3209267.9073,4231587.2444,-3225.3251,-3684.0042,5941.3195,4133991.1289,3209258.3914,4231639.3406,-3225.3114,-3683.9696,5941.1746,0.0,0.0765,3.9732,0.0,0.0,1.0,0.0,1.0,0.0,0.0,-4.1,-36.453,0.0,0.0,-1.0,-0.7071,0.7071,0.0,0.1721656179380773,0.005099019513592785,-0.1,1.0380333686637724,2.9026947564227505,1.5,0.15
296.152,16.43,-0.171,-0.021,12.457,-0.079,-0.008,-0.15,0.001,-0.005,-0.15,0.001,-0.005,-0.248,0.188,0.217,0.002,0.007,0.005,0.0,0.0,0.0,862.142,-0.0,0.0,-0.0,0.0,0.0,0.0,0.0,0.0,0.9909,0.0412,-0.1282,-0.0699,0.9711,-0.2282,0.1151,0.2351,0.9651,0.669,0.7326,-0.1252,-0.7377,0.634,-0.2321,-0.0907,0.2476,0.9646,0.0001,0.0001,0.0,0.0,0.0,0.0,-0.0137,-0.0346,0.1449,3.6282,9.5083,-52.0646,0.0,0.0434,-0.3692,0.0,0.0,0.0,4133289.2112,3208462.0684,4232886.5542,-3226.5072,-3684.9218,5940.1092,4133285.583,3208452.5601,4232938.6187,-3226.4935,-3684.8873,5939.9643,0.0,0.0765,3.9732,0.0,0.0,1.0,0.0,1.0,0.0,0.0,-4.1,-36.453,0.0,0.0,-1.0,-0.7071,0.7071,0.0,0.17228464818433475,0.005099019513592785,-0.1,1.0543492651141022,2.8970522930400793,1.5,0.15
296.3702,16.397,-0.171,-0.022,12.424,-0.079,-0.009,-0.15,0.001,-0.005,-0.15,0.001,-0.004,-0.248,0.189,0.218,0.002,0.007,0.005,0.0,0.0,0.0,862.142,-0.0,0.0,-0.0,0.0,0.0,0.0,0.0,0.0,0.9909,0.0412,-0.1283,-0.0699,0.9711,-0.2282,0.1152,0.2351,0.9651,0.669,0.7326,-0.1252,-0.7377,0.634,-0.2321,-0.0907,0.2476,0.9646,0.0001,0.0001,0.0,0.0,0.0,0.0,-0.0137,-0.0346,0.1449,3.6252,9.5007,-52.0328,0.0,0.0434,-0.3692,0.0,0.0,0.0,4132581.6517,3207654.0286,4234188.8239,-3227.692,-3685.8415,5938.8955,4132578.0265,3207644.5279,4234240.8566,-3227.6783,-3685.807,5938.7506,0.0,0.0765,3.9732,0.0,0.0,1.0,0.0,1.0,0.0,0.0,-4.1,-36.453,0.0,0.0,-1.0,-0.7071,0.7071,0.0,0.17240939649566667,0.005099019513592785,-0.1,1.0532205164787194,2.8912335026767,1.5,0.15
296.5714,16.367,-0.171,-0.023,12.394,-0.079,-0.01,-0.15,0.001,-0.005,-0.15,0.001,-0.004,-0.247,0.191,0.219,0.002,0.007,0.005,0.0,0.0,0.0,862.142,-0.0,0.0,-0.0,0.0,0.0,0.0,0.0,0.0,0.9909,0.0412,-0.1283,-0.0699,0.9711,-0.2282,0.1152,0.2351,0.9651,0.669,0.7326,-0.1252,-0.7377,0.634,-0.2321,-0.0907,0.2476,0.9646,0.0001,0.0001,0.0,0.0,0.0,0.0,-0.0137,-0.0346,0.1449,3.6224,9.4938,-52.0036,0.0,0.0434,-0.3692,0.0,0.0,0.0,4131932.753,3206913.0632,4235382.4732,-3228.7781,-3686.6845,5937.7825,4131929.1306,3206903.5694,4235434.4769,-3228.7644,-3686.6499,5937.6376,0.0,0.0765,3.9732,0.0,0.0,1.0,0.0,1.0,0.0,0.0,-4.1,-36.453,0.0,0.0,-1.0,-0.7071,0.7071,0.0,0.17253985046939158,0.005099019513592785,-0.1,1.0521534068648273,2.8859436932554465,1.5,0.15
296.7734,16.337,-0.171,-0.024,12.364,-0.079,-0.011,-0.15,0.001,-0.005,-0.15,0.001,-0.004,-0.247,0.192,0.219,0.002,0.007,0.005,0.0,0.0,0.0,862.142,-0.0,0.0,-0.0,0.0,0.0,0.0,0.0,0.0,0.9909,0.0412,-0.1283,-0.0699,0.9711,-0.2282,0.1152,0.235,0.9651,0.669,0.7326,-0.1252,-0.7377,0.634,-0.2321,-0.0907,0.2476,0.9646,0.0001,0.0001,0.0,0.0,0.0,0.0,-0.0137,-0.0346,0.1449,3.6196,9.4868,-51.9744,0.0,0.0434,-0.3692,0.0,0.0,0.0,4131281.2589,3206169.2139,4236580.2675,-3229.868,-3687.5303,5936.6651,4131277.6393,3206159.7272,4236632.2419,-3229.8542,-3687.4957,5936.5202,0.0,0.0765,3.9732,0.0,0.0,1.0,0.0,1.0,0.0,0.0,-4.1,-36.453,0.0,0.0,-1.0,-0.7071,0.7071,0.0,0.17267599717389792,0.005099019513592785,-0.1,1.0510943471236072,2.880653883834192,1.5,0.15
296.9755,16.306,-0.17,-0.025,12.334,-0.079,-0.011,-0.15,0.001,-0.005,-0.15,0.001,-0.004,-0.246,0.194,0.22,0.002,0.007,0.005,0.0,0.0,0.0,862.142,-0.0,0.0,-0.0,0.0,0.0,0.0,0.0,0.0,0.9909,0.0412,-0.1283,-0.07,0.9711,-0.2281,0.1152,0.235,0.9651,0.669,0.7326,-0.1252,-0.7377,0.634,-0.2321,-0.0907,0.2476,0.9646,0.0001,0.0001,0.0,0.0,0.0,0.0,-0.0137,-0.0346,0.1449,3.6168,9.4798,-51.9451,0.0,0.0434,-0.3692,0.0,0.0,0.0,4130627.5528,3205422.9206,4237781.4972,-3230.961,-3688.3786,5935.544,4130623.936,3205413.4408,4237833.4423,-3230.9472,-3688.3439,5935.3991,0.0,0.0765,3.9732,0.0,0.0,1.0,0.0,1.0,0.0,0.0,-4.1,-36.453,0.0,0.0,-1.0,-0.7071,0.7071,0.0,0.17182840277439584,0.005099019513592785,-0.1,1.0387626057108754,2.8751877474322303,1.5,0.15
297.1944,16.274,-0.17,-0.026,12.301,-0.079,-0.012,-0.15,0.0,-0.005,-0.15,0.001,-0.004,-0.246,0.195,0.221,0.002,0.007,0.005,0.0,0.0,0.0,862.142,-0.0,0.0,-0.0,0.0,0.0,0.0,0.0,0.0,0.9909,0.0412,-0.1284,-0.07,0.9711,-0.2281,0.1152,0.235,0.9651,0.669,0.7326,-0.1252,-0.7377,0.634,-0.2321,-0.0907,0.2476,0.9646,0.0001,0.0001,0.0,0.0,0.0,0.0,-0.0137,-0.0346,0.1449,3.6138,9.4722,-51.9134,0.0,0.0434,-0.3692,0.0,0.0,0.0,4129921.2676,3204616.6914,4239078.6324,-3232.1413,-3689.2945,5934.3328,4129917.6538,3204607.2192,4239130.5458,-3232.1276,-3689.2598,5934.1878,0.0,0.0765,3.9732,0.0,0.0,1.0,0.0,1.0,0.0,0.0,-4.1,-36.453,0.0,0.0,-1.0,-0.7071,0.7071,0.0,0.17197674261364532,0.005,-0.1,1.0372631317360308,2.869545284049559,1.5,0.15
297.414,16.241,-0.17,-0.027,12.268,-0.078,-0.013,-0.15,0.0,-0.005,-0.15,0.001,-0.004,-0.245,0.197,0.222,0.002,0.007,0.005,0.0,0.0,0.0,862.142,-0.0,0.0,-0.0,0.0,0.0,0.0,0.0,0.0,0.9909,0.0412,-0.1284,-0.07,0.9711,-0.2281,0.1153,0.235,0.9651,0.669,0.7326,-0.1252,-0.7377,0.634,-0.2321,-0.0907,0.2476,0.9646,0.0001,0.0001,0.0,0.0,0.0,0.0,-0.0138,-0.0347,0.1449,3.6108,9.4647,-51.8817,0.0,0.0434,-0.3692,0.0,0.0,0.0,4129215.4749,3203811.119,4240374.1263,-3233.3202,-3690.2092,5933.1225,4129211.8641,3203801.6543,4240426.0081,-3233.3064,-3690.1745,5932.9775,0.0,0.0765,3.9732,0.0,0.0,1.0,0.0,1.0,0.0,0.0,-4.1,-36.453,0.0,0.0,-1.0,-0.7071,0.7071,0.0,0.17213076424625554,0.005,-0.1,1.0539605534907635,2.8637264936861797,1.5,0.15
297.6142,16.211,-0.17,-0.028,12.238,-0.078,-0.014,-0.15,0.0,-0.005,-0.15,0.001,-0.004,-0.245,0.198,0.223,0.002,0.007,0.005,0.0,0.0,0.0,862.142,-0.0,0.0,-0.0,0.0,0.0,0.0,0.0,0.0,0.9909,0.0413,-0.1284,-0.07,0.9711,-0.2281,0.1153,0.235,0.9651,0.669,0.7326,-0.1252,-0.7377,0.634,-0.2321,-0.0907,0.2476,0.9646,0.0001,0.0001,0.0,0.0,0.0,0.0,-0.0138,-0.0347,0.1449,3.608,9.4577,-51.8526,0.0,0.0434,-0.3692,0.0,0.0,0.0,4128565.1151,3203068.8993,4241567.2204,-3234.4059,-3691.0516,5932.0073,4128561.507,3203059.4416,4241619.073,-3234.3921,-3691.0169,5931.8623,0.0,0.0765,3.9732,0.0,0.0,1.0,0.0,1.0,0.0,0.0,-4.1,-36.453,0.0,0.0,-1.0,-0.7071,0.7071,0.0,0.1722904524342542,0.005,-0.1,1.0528823490199417,2.8584366842649254,1.5,0.15
297.8151,16.181,-0.17,-0.029,12.208,-0.078,-0.015,-0.15,0.0,-0.005,-0.15,0.001,-0.004,-0.244,0.2,0.224,0.002,0.007,0.005,0.0,0.0,0.0,862.142,-0.0,0.0,-0.0,0.0,0.0,0.0,0.0,0.0,0.9909,0.0413,-0.1284,-0.07,0.9711,-0.2281,0.1153,0.235,0.9651,0.669,0.7326,-0.1252,-0.7377,0.634,-0.2321,-0.0907,0.2476,0.9646,0.0001,0.0001,0.0,0.0,0.0,0.0,-0.0138,-0.0347,0.1449,3.6052,9.4507,-51.8234,0.0,0.0434,-0.3692,0.0,0.0,0.0,4127913.4528,3202325.2734,4242762.0777,-3235.4933,-3691.8951,5930.8899,4127909.8476,3202315.8226,4242813.9011,-3235.4795,-3691.8605,5930.7449,0.0,0.0765,3.9732,0.0,0.0,1.0,0.0,1.0,0.0,0.0,-4.1,-36.453,0.0,0.0,-1.0,-0.7071,0.7071,0.0,0.1724557914365302,0.005,-0.1,1.0518125451280516,2.853146874843672,1.5,0.15
298.0153,16.151,-0.17,-0.03,12.178,-0.078,-0.016,-0.15,0.0,-0.005,-0.15,0.001,-0.004,-0.244,0.201,0.225,0.002,0.007,0.005,0.0,0.0,0.0,862.142,-0.0,0.0,-0.0,0.0,0.0,0.0,0.0,0.0,0.9909,0.0413,-0.1285,-0.07,0.9711,-0.228,0.1153,0.235,0.9651,0.669,0.7326,-0.1252,-0.7377,0.634,-0.2321,-0.0907,0.2476,0.9646,0.0001,0.0001,0.0,0.0,0.0,0.0,-0.0138,-0.0347,0.1449,3.6025,9.4438,-51.7943,0.0,0.0434,-0.3692,0.0,0.0,0.0,4127263.2461,3201583.3882,4243953.642,-3236.5777,-3692.7363,5929.7751,4127259.6436,3201573.9444,4244005.4363,-3236.5639,-3692.7017,5929.6301,0.0,0.0765,3.9732,0.0,0.0,1.0,0.0,1.0,0.0,0.0,-4.1,-36.453,0.0,0.0,-1.0,-0.7071,0.7071,0.0,0.1726267650163207,0.005,-0.1,1.0507513008641403,2.8478570654224176,1.5,0.15
298.2305,16.119,-0.17,-0.031,12.146,-0.078,-0.017,-0.15,0.0,-0.005,-0.15,0.001,-0.004,-0.244,0.203,0.226,0.002,0.007,0.005,0.0,0.0,0.0,862.142,-0.0,0.0,-0.0,0.0,0.0,0.0,0.0,0.0,0.9909,0.0413,-0.1285,-0.07,0.9711,-0.228,0.1154,0.2349,0.9651,0.669,0.7326,-0.1252,-0.7377,0.634,-0.2321,-0.0907,0.2476,0.9646,0.0001,0.0001,0.0,0.0,0.0,0.0,-0.0138,-0.0347,0.1449,3.5995,9.4363,-51.763,0.0,0.0434,-0.3692,0.0,0.0,0.0,4126566.1513,3200788.0917,4245230.4406,-3237.7397,-3693.6377,5928.5799,4126562.5518,3200778.6554,4245282.2037,-3237.7258,-3693.603,5928.435,0.0,0.0765,3.9732,0.0,0.0,1.0,0.0,1.0,0.0,0.0,-4.1,-36.453,0.0,0.0,-1.0,-0.7071,0.7071,0.0,0.17280335644888384,0.005,-0.1,1.049661398533803,2.8422146020397467,1.5,0.15
298.4487,16.086,-0.17,-0.032,12.113,-0.078,-0.018,-0.15,0.0,-0.005,-0.15,0.001,-0.004,-0.243,0.204,0.227,0.002,0.007,0.005,0.0,0.0,0.0,862.142,-0.0,0.0,-0.0,0.0,0.0,0.0,0.0,0.0,0.9908,0.0413,-0.1285,-0.0701,0.9711,-0.228,0.1154,0.2349,0.9651,0.669,0.7326,-0.1252,-0.7377,0.634,-0.2321,-0.0907,0.2476,0.9646,0.0001,0.0001,0.0,0.0,0.0,0.0,-0.0138,-0.0347,0.1449,3.5965,9.4288,-51.7316,0.0,0.0434,-0.3692,0.0,0.0,0.0,4125864.1175,3199987.2526,4246515.5624,-3238.9093,-3694.5449,5927.3764,4125860.521,3199977.8239,4246567.294,-3238.8954,-3694.5102,5927.2315,0.0,0.0765,3.9732,0.0,0.0,1.0,0.0,1.0,0.0,0.0,-4.1,-36.453,0.0,0.0,-1.0,-0.7071,0.7071,0.0,0.17298554852934972,0.005,-0.1,1.048561187571028,2.8363958116763675,1.5,0.15
298.6508,16.056,-0.17,-0.033,12.083,-0.077,-0.019,-0.15,0.0,-0.005,-0.15,0.001,-0.004,-0.243,0.206,0.228,0.002,0.007,0.005,0.0,0.0,0.0,862.142,-0.0,0.0,-0.0,0.0,0.0,0.0,0.0,0.0,0.9908,0.0413,-0.1285,-0.0701,0.9711,-0.228,0.1154,0.2349,0.9651,0.669,0.7326,-0.1252,-0.7377,0.634,-0.2321,-0.0907,0.2476,0.9646,0.0001,0.0001,0.0,0.0,0.0,0.0,-0.0138,-0.0347,0.1449,3.5936,9.4217,-51.7021,0.0,0.0434,-0.3692,0.0,0.0,0.0,4125204.8816,3199235.3195,4247721.6802,-3240.007,-3695.3963,5926.2463,4125201.288,3199225.8978,4247773.3823,-3239.9932,-3695.3615,5926.1014,0.0,0.0765,3.9732,0.0,0.0,1.0,0.0,1.0,0.0,0.0,-4.1,-36.453,0.0,0.0,-1.0,-0.7071,0.7071,0.0,0.17317332358074095,0.005,-0.1,1.0654814673560107,2.831106002255114,1.5,0.15
298.8664,16.023,-0.17,-0.035,12.05,-0.077,-0.02,-0.15,0.002,-0.005,-0.15,0.002,-0.004,-0.242,0.207,0.229,0.002,0.007,0.005,0.0,0.0,0.0,862.136,-0.0,1.0,-0.0,0.0,0.0,0.0,0.0,0.0,0.9908,0.0413,-0.1286,-0.0701,0.9711,-0.228,0.1154,0.2349,0.9651,0.669,0.7326,-0.1252,-0.7377,0.634,-0.2321,-0.0907,0.2476,0.9646,0.0001,0.0001,0.0,0.0,0.0,0.0,-0.0138,-0.0334,0.1453,3.5907,9.4142,-51.6706,0.0,0.0434,-0.3692,0.0,0.0,0.0,4124500.429,3198431.9014,4249009.8195,-3241.1794,-3696.3042,5925.0391,4124496.8383,3198422.4872,4249061.4901,-3241.1656,-3696.2707,5924.8938,0.0,0.0765,3.9732,0.0,0.0,1.0,0.0,1.0,0.0,0.0,-4.1,-36.453,0.0,0.0,-1.0,-0.7071,0.7071,0.0,0.17356554957709783,0.005385164807134504,-0.1,1.0662438885865608,2.8252872118917343,1.5,0.15
299.0856,15.991,-0.169,-0.036,12.018,-0.076,-0.021,-0.15,0.004,-0.005,-0.15,0.004,-0.004,-0.242,0.209,0.23,0.002,0.007,0.005,0.0,0.0,0.0,862.129,-0.0,0.0,-0.0,0.0,0.0,0.0,0.0,0.0,0.9908,0.0413,-0.1286,-0.0701,0.9711,-0.228,0.1155,0.2349,0.9651,0.669,0.7326,-0.1252,-0.7377,0.634,-0.2321,-0.0907,0.2476,0.9646,0.0001,0.0001,0.0,0.0,0.0,0.0,-0.0138,-0.0316,0.1457,3.5876,9.4073,-51.6392,0.0,0.0434,-0.3692,0.0,0.0,0.0,4123801.998,3197635.4437,4250286.2295,-3242.3412,-3697.2033,5923.8424,4123798.4103,3197626.0364,4250337.8688,-3242.3274,-3697.1716,5923.6967,0.0,0.0765,3.9732,0.0,0.0,1.0,0.0,1.0,0.0,0.0,-4.1,-36.453,0.0,0.0,-1.0,-0.7071,0.7071,0.0,0.1727917822120022,0.006403124237432849,-0.1,1.0688215962845296,2.8196447485090634,1.5,0.15
299.3039,15.958,-0.168,-0.037,11.985,-0.076,-0.022,-0.15,0.004,-0.005,-0.15,0.004,-0.004,-0.241,0.211,0.231,0.002,0.007,0.005,0.0,0.0,0.0,862.129,-0.0,0.0,-0.0,0.0,0.0,0.0,0.0,0.0,0.9908,0.0413,-0.1286,-0.0701,0.9711,-0.2279,0.1155,0.2349,0.9651,0.669,0.7326,-0.1252,-0.7377,0.634,-0.2321,-0.0907,0.2476,0.9646,0.0001,0.0001,0.0,0.0,0.0,0.0,-0.0138,-0.0317,0.1457,3.5846,9.4004,-51.6072,0.0,0.0434,-0.3692,0.0,0.0,0.0,4123090.0714,3196823.6897,4251586.5668,-3243.5248,-3698.121,5922.6221,4123086.4868,3196814.2893,4251638.174,-3243.511,-3698.0894,5922.4764,0.0,0.0765,3.9732,0.0,0.0,1.0,0.0,1.0,0.0,0.0,-4.1,-36.453,0.0,0.0,-1.0,-0.7071,0.7071,0.0,0.17202616080119906,0.006403124237432849,-0.1,1.053434325102637,2.813825958145684,1.5,0.15
299.5216,15.925,-0.167,-0.038,11.953,-0.075,-0.023,-0.15,0.004,-0.005,-0.15,0.004,-0.004,-0.24,0.212,0.232,0.002,0.007,0.005,0.0,0.0,0.0,862.129,-0.0,0.0,-0.0,0.0,0.0,0.0,0.0,0.0,0.9908,0.0414,-0.1286,-0.0701,0.9712,-0.2279,0.1155,0.2348,0.9651,0.669,0.7326,-0.1252,-0.7377,0.634,-0.2321,-0.0907,0.2476,0.9646,0.0001,0.0001,0.0,0.0,0.0,0.0,-0.0138,-0.0317,0.1457,3.5816,9.3935,-51.5754,0.0,0.0434,-0.3692,0.0,0.0,0.0,4122381.8477,3196016.2518,4252879.4041,-3244.7016,-3699.0335,5921.4083,4122378.2661,3196006.8583,4252930.9795,-3244.6878,-3699.0018,5921.2626,0.0,0.0765,3.9732,0.0,0.0,1.0,0.0,1.0,0.0,0.0,-4.1,-36.453,0.0,0.0,-1.0,-0.7071,0.7071,0.0,0.1712687945890903,0.006403124237432849,-0.1,1.0563885983580972,2.808007167782305,1.5,0.15
299.7236,15.895,-0.167,-0.039,11.923,-0.074,-0.023,-0.15,0.004,-0.005,-0.15,0.004,-0.004,-0.24,0.214,0.233,0.002,0.007,0.005,0.0,0.0,0.0,862.129,-0.0,0.0,-0.0,0.0,0.0,0.0,0.0,0.0,0.9908,0.0414,-0.1287,-0.0701,0.9712,-0.2279,0.1155,0.2348,0.9651,0.669,0.7326,-0.1252,-0.7377,0.634,-0.2321,-0.0907,0.2476,0.9646,0.0001,0.0001,0.0,0.0,0.0,0.0,-0.0138,-0.0317,0.1457,3.5788,9.3871,-51.5462,0.0,0.0434,-0.3692,0.0,0.0,0.0,4121730.0514,3195273.2292,4254068.5876,-3245.7841,-3699.8727,5920.2913,4121726.4726,3195263.8421,4254120.1338,-3245.7703,-3699.841,5920.1456,0.0,0.0765,3.9732,0.0,0.0,1.0,0.0,1.0,0.0,0.0,-4.1,-36.453,0.0,0.0,-1.0,-0.7071,0.7071,0.0,0.1714934401077779,0.006403124237432849,-0.1,1.0756809338002518,2.8027173583610505,1.5,0.15
299.9245,15.865,-0.166,-0.04,11.892,-0.073,-0.024,-0.15,0.004,-0.005,-0.15,0.004,-0.004,-0.239,0.215,0.234,0.002,0.007,0.005,0.0,0.0,0.0,862.129,-0.0,0.0,-0.0,0.0,0.0,0.0,0.0,0.0,0.9908,0.0414,-0.1287,-0.0702,0.9712,-0.2279,0.1156,0.2348,0.9651,0.669,0.7326,-0.1252,-0.7377,0.634,-0.2321,-0.0907,0.2476,0.9646,0.0001,0.0001,0.0,0.0,0.0,0.0,-0.0138,-0.0317,0.1457,3.576,9.3808,-51.5169,0.0,0.0434,-0.3692,0.0,0.0,0.0,4121076.6299,3194528.4335,4255260.1135,-3246.8688,-3700.7135,5919.1716,4121073.0539,3194519.0527,4255311.6304,-3246.855,-3700.6818,5919.0259,0.0,0.0765,3.9732,0.0,0.0,1.0,0.0,1.0,0.0,0.0,-4.1,-36.453,0.0,0.0,-1.0,-0.7071,0.7071,0.0,0.17075128110793197,0.006403124237432849,-0.1,1.0779653573554262,2.797427548939797,1.5,0.15
300.1429,15.833,-0.165,-0.041,11.86,-0.072,-0.025,-0.15,0.004,-0.005,-0.15,0.004,-0.004,-0.239,0.217,0.235,0.002,0.007,0.005,0.0,0.0,0.0,862.129,-0.0,0.0,-0.0,0.0,0.0,0.0,0.0,0.0,0.9908,0.0414,-0.1287,-0.0702,0.9712,-0.2279,0.1156,0.2348,0.9651,0.669,0.7326,-0.1252,-0.7377,0.634,-0.2321,-0.0907,0.2476,0.9646,0.0001,0.0001,0.0,0.0,0.0,0.0,-0.0139,-0.0317,0.1457,3.573,9.3739,-51.485,0.0,0.0434,-0.3692,0.0,0.0,0.0,4120367.7389,3193720.5011,4256552.0836,-3248.045,-3701.6252,5917.9568,4120364.1659,3193711.1273,4256603.5686,-3248.0311,-3701.5935,5917.8111,0.0,0.0765,3.9732,0.0,0.0,1.0,0.0,1.0,0.0,0.0,-4.1,-36.453,0.0,0.0,-1.0,-0.7071,0.7071,0.0,0.1700176461429813,0.006403124237432849,-0.1,1.0806015659891686,2.791785085557126,1.5,0.15
300.3444,15.802,-0.164,-0.041,11.829,-0.072,-0.026,-0.15,0.003,-0.005,-0.15,0.004,-0.004,-0.238,0.218,0.236,0.002,0.007,0.005,0.0,0.0,0.0,862.129,-0.0,0.0,-0.0,0.0,0.0,0.0,0.0,0.0,0.9908,0.0414,-0.1287,-0.0702,0.9712,-0.2278,0.1156,0.2348,0.9651,0.669,0.7326,-0.1252,-0.7377,0.634,-0.2321,-0.0907,0.2476,0.9646,0.0001,0.0001,0.0,0.0,0.0,0.0,-0.0139,-0.0317,0.1457,3.5701,9.3674,-51.4556,0.0,0.0434,-0.3692,0.0,0.0,0.0,4119710.4009,3192971.4085,4257749.4426,-3249.135,-3702.4701,5916.8305,4119706.8308,3192962.041,4257800.8981,-3249.1212,-3702.4384,5916.6848,0.0,0.0765,3.9732,0.0,0.0,1.0,0.0,1.0,0.0,0.0,-4.1,-36.453,0.0,0.0,-1.0,-0.7071,0.7071,0.0,0.1690473306503241,0.0058309518948453,-0.1,1.0635587698683253,2.7863189491551634,1.5,0.15
300.5629,15.77,-0.164,-0.043,11.797,-0.071,-0.027,-0.15,0.003,-0.005,-0.15,0.004,-0.004,-0.238,0.22,0.237,0.002,0.007,0.005,0.0,0.0,0.0,862.129,-0.0,0.0,-0.0,0.0,0.0,0.0,0.0,0.0,0.9908,0.0414,-0.1288,-0.0702,0.9712,-0.2278,0.1156,0.2348,0.9652,0.669,0.7326,-0.1252,-0.7377,0.634,-0.2321,-0.0907,0.2476,0.9646,0.0001,0.0001,0.0,0.0,0.0,0.0,-0.0139,-0.0317,0.1457,3.5671,9.3605,-51.4238,0.0,0.0434,-0.3692,0.0,0.0,0.0,4119001.5146,3192163.6623,4259039.9938,-3250.31,-3703.3807,5915.6159,4118997.9475,3192154.3018,4259091.4176,-3250.2961,-3703.3489,5915.4702,0.0,0.0765,3.9732,0.0,0.0,1.0,0.0,1.0,0.0,0.0,-4.1,-36.453,0.0,0.0,-1.0,-0.7071,0.7071,0.0,0.1695435047414085,0.0058309518948453,-0.1,1.082250863310608,2.7806764857724926,1.5,0.15
300.7644,15.74,-0.163,-0.043,11.767,-0.07,-0.028,-0.15,0.003,-0.005,-0.15,0.004,-0.004,-0.237,0.221,0.238,0.002,0.007,0.005,0.0,0.0,0.0,862.129,-0.0,0.0,-0.0,0.0,0.0,0.0,0.0,0.0,0.9908,0.0414,-0.1288,-0.0702,0.9712,-0.2278,0.1156,0.2348,0.9652,0.669,0.7326,-0.1252,-0.7377,0.634,-0.2321,-0.0907,0.2476,0.9646,0.0001,0.0001,0.0,0.0,0.0,0.0,-0.0139,-0.0317,0.1457,3.5643,9.3542,-51.3945,0.0,0.0434,-0.3692,0.0,0.0,0.0,4118349.2358,3191420.4998,4260226.8421,-3251.3905,-3704.2181,5914.4984,4118345.6714,3191411.1456,4260278.2367,-3251.3766,-3704.1863,5914.3527,0.0,0.0765,3.9732,0.0,0.0,1.0,0.0,1.0,0.0,0.0,-4.1,-36.453,0.0,0.0,-1.0,-0.7071,0.7071,0.0,0.16857639217873896,0.0058309518948453,-0.1,1.0834271891902607,2.7753866763512387,1.5,0.15
300.9666,15.709,-0.162,-0.044,11.736,-0.069,-0.029,-0.15,0.003,-0.005,-0.15,0.004,-0.004,-0.237,0.223,0.239,0.002,0.007,0.005,0.0,0.0,0.0,862.129,-0.0,0.0,-0.0,0.0,0.0,0.0,0.0,0.0,0.9908,0.0414,-0.1288,-0.0702,0.9712,-0.2278,0.1157,0.2347,0.9652,0.669,0.7326,-0.1252,-0.7377,0.634,-0.2321,-0.0907,0.2476,0.9646,0.0001,0.0001,0.0,0.0,0.0,0.0,-0.0139,-0.0318,0.1457,3.5615,9.3477,-51.365,0.0,0.0434,-0.3692,0.0,0.0,0.0,4117689.4462,3190668.8607,4261426.7277,-3252.483,-3705.0646,5913.368,4117685.8847,3190659.5129,4261478.0927,-3252.4691,-3705.0328,5913.2223,0.0,0.0765,3.9732,0.0,0.0,1.0,0.0,1.0,0.0,0.0,-4.1,-36.453,0.0,0.0,-1.0,-0.7071,0.7071,0.0,0.16786899654194637,0.0058309518948453,-0.1,1.08624175264144,2.7699205399492763,1.5,0.15
301.1682,15.679,-0.162,-0.045,11.706,-0.068,-0.029,-0.15,0.003,-0.005,-0.15,0.004,-0.004,-0.236,0.224,0.239,0.002,0.007,0.005,0.0,0.0,0.0,862.129,-0.0,0.0,-0.0,0.0,0.0,0.0,0.0,0.0,0.9908,0.0414,-0.1288,-0.0702,0.9712,-0.2278,0.1157,0.2347,0.9652,0.669,0.7326,-0.1252,-0.7377,0.634,-0.2321,-0.0907,0.2476,0.9646,0.0001,0.0001,0.0,0.0,0.0,0.0,-0.0139,-0.0318,0.1457,3.5587,9.3413,-51.3355,0.0,0.0434,-0.3692,0.0,0.0,0.0,4117030.9118,3189918.7323,4262623.7009,-3253.5728,-3705.9091,5912.2399,4117027.3532,3189909.391,4262675.0364,-3253.5589,-3705.8773,5912.0942,0.0,0.0765,3.9732,0.0,0.0,1.0,0.0,1.0,0.0,0.0,-4.1,-36.453,0.0,0.0,-1.0,-0.7071,0.7071,0.0,0.16813387523042464,0.0058309518948453,-0.1,1.1052979434612682,2.7646307305280224,1.5,0.15
301.3685,15.649,-0.161,-0.046,11.676,-0.068,-0.03,-0.15,0.003,-0.005,-0.15,0.004,-0.004,-0.236,0.225,0.24,0.002,0.007,0.005,0.0,0.0,0.0,862.129,-0.0,0.0,-0.0,0.0,0.0,0.0,0.0,0.0,0.9908,0.0415,-0.1289,-0.0703,0.9712,-0.2278,0.1157,0.2347,0.9652,0.669,0.7326,-0.1252,-0.7377,0.634,-0.2321,-0.0907,0.2476,0.9646,0.0001,0.0001,0.0,0.0,0.0,0.0,-0.0139,-0.0318,0.1457,3.5559,9.335,-51.3064,0.0,0.0434,-0.3692,0.0,0.0,0.0,4116381.8282,3189179.4476,4263802.8804,-3254.6465,-3706.7409,5911.128,4116378.2724,3189170.1126,4263854.1868,-3254.6326,-3706.7091,5910.9823,0.0,0.0765,3.9732,0.0,0.0,1.0,0.0,1.0,0.0,0.0,-4.1,-36.453,0.0,0.0,-1.0,-0.7071,0.7071,0.0,0.16744252745345192,0.0058309518948453,-0.1,1.0900302698064512,2.759340921106768,1.5,0.15
301.5702,15.619,-0.16,-0.047,11.646,-0.067,-0.031,-0.15,0.003,-0.005,-0.15,0.004,-0.004,-0.235,0.227,0.241,0.002,0.007,0.005,0.0,0.0,0.0,862.129,-0.0,0.0,-0.0,0.0,0.0,0.0,0.0,0.0,0.9908,0.0415,-0.1289,-0.0703,0.9712,-0.2277,0.1157,0.2347,0.9652,0.669,0.7326,-0.1252,-0.7377,0.634,-0.2321,-0.0907,0.2476,0.9646,0.0001,0.0001,0.0,0.0,0.0,0.0,-0.014,-0.0318,0.1457,3.553,9.3286,-51.277,0.0,0.0434,-0.3692,0.0,0.0,0.0,4115725.4259,3188431.9059,4264994.7337,-3255.7318,-3707.5817,5910.0036,4115721.8728,3188422.5773,4265046.0107,-3255.7178,-3707.5499,5909.8579,0.0,0.0765,3.9732,0.0,0.0,1.0,0.0,1.0,0.0,0.0,-4.1,-36.453,0.0,0.0,-1.0,-0.7071,0.7071,0.0,0.16676030702778163,0.0058309518948453,-0.1,1.0928676879296795,2.754051111685514,1.5,0.15
301.7733,15.588,-0.16,-0.048,11.616,-0.066,-0.032,-0.15,0.003,-0.005,-0.15,0.004,-0.004,-0.235,0.228,0.242,0.002,0.007,0.005,0.0,0.0,0.0,862.129,-0.0,0.0,-0.0,0.0,0.0,0.0,0.0,0.0,0.9908,0.0415,-0.1289,-0.0703,0.9712,-0.2277,0.1158,0.2347,0.9652,0.669,0.7326,-0.1252,-0.7377,0.634,-0.2321,-0.0907,0.2476,0.9646,0.0001,0.0001,0.0,0.0,0.0,0.0,-0.014,-0.0318,0.1457,3.5502,9.3221,-51.2474,0.0,0.0434,-0.3692,0.0,0.0,0.0,4115062.617,3187677.1495,4266197.5876,-3256.8271,-3708.4302,5908.8683,4115059.0668,3187667.8274,4266248.835,-3256.8131,-3708.3984,5908.7226,0.0,0.0765,3.9732,0.0,0.0,1.0,0.0,1.0,0.0,0.0,-4.1,-36.453,0.0,0.0,-1.0,-0.7071,0.7071,0.0,0.1670449041425688,0.0058309518948453,-0.1,1.1104211630787995,2.748584975283552,1.5,0.15
301.9762,15.558,-0.159,-0.049,11.585,-0.065,-0.033,-0.15,0.003,-0.005,-0.15,0.004,-0.004,-0.234,0.23,0.243,0.002,0.007,0.005,0.0,0.0,0.0,862.129,-0.0,0.0,-0.0,0.0,0.0,0.0,0.0,0.0,0.9908,0.0415,-0.1289,-0.0703,0.9712,-0.2277,0.1158,0.2347,0.9652,0.669,0.7326,-0.1252,-0.7377,0.634,-0.2321,-0.0907,0.2476,0.9646,0.0001,0.0001,0.0,0.0,0.0,0.0,-0.014,-0.0318,0.1457,3.5473,9.3156,-51.2178,0.0,0.0434,-0.3692,0.0,0.0,0.0,4114400.5425,3186923.3105,4267398.4748,-3257.9206,-3709.2773,5907.7344,4114396.9952,3186913.9948,4267449.6925,-3257.9066,-3709.2454,5907.5887,0.0,0.0765,3.9732,0.0,0.0,1.0,0.0,1.0,0.0,0.0,-4.1,-36.453,0.0,0.0,-1.0,-0.7071,0.7071,0.0,0.16637908522407496,0.0058309518948453,-0.1,1.112959074888938,2.743295165862298,1.5,0.15
302.1772,15.528,-0.158,-0.05,11.555,-0.065,-0.034,-0.15,0.003,-0.005,-0.15,0.004,-0.004,-0.234,0.231,0.244,0.002,0.007,0.005,0.0,0.0,0.0,862.129,-0.0,0.0,-0.0,0.0,0.0,0.0,0.0,0.0,0.9908,0.0415,-0.129,-0.0703,0.9712,-0.2277,0.1158,0.2347,0.9652,0.669,0.7326,-0.1252,-0.7377,0.634,-0.2321,-0.0907,0.2476,0.9646,0.0001,0.0001,0.0,0.0,0.0,0.0,-0.014,-0.0318,0.1457,3.5446,9.3093,-51.1885,0.0,0.0434,-0.3692,0.0,0.0,0.0,4113746.2355,3186178.3943,4268584.6499,-3259.0008,-3710.1139,5906.6138,4113742.691,3186169.0851,4268635.8384,-3258.9868,-3710.0821,5906.4681,0.0,0.0765,3.9732,0.0,0.0,1.0,0.0,1.0,0.0,0.0,-4.1,-36.453,0.0,0.0,-1.0,-0.7071,0.7071,0.0,0.1657226598869328,0.0058309518948453,-0.1,1.0977380538425245,2.738005356441044,1.5,0.15
302.3814,15.498,-0.157,-0.051,11.525,-0.064,-0.035,-0.15,0.003,-0.005,-0.15,0.004,-0.004,-0.233,0.233,0.245,0.002,0.007,0.005,0.0,0.0,0.0,862.129,-0.0,0.0,-0.0,0.0,0.0,0.0,0.0,0.0,0.9908,0.0415,-0.129,-0.0703,0.9712,-0.2277,0.1158,0.2346,0.9652,0.669,0.7326,-0.1252,-0.7377,0.634,-0.2321,-0.0907,0.2476,0.9646,0.0001,0.0001,0.0,0.0,0.0,0.0,-0.014,-0.0318,0.1457,3.5417,9.3028,-51.1588,0.0,0.0434,-0.3692,0.0,0.0,0.0,4113082.6682,3185423.0164,4269786.9819,-3260.0957,-3710.9619,5905.4774,4113079.1266,3185413.7136,4269838.1407,-3260.0817,-3710.9301,5905.3317,0.0,0.0765,3.9732,0.0,0.0,1.0,0.0,1.0,0.0,0.0,-4.1,-36.453,0.0,0.0,-1.0,-0.7071,0.7071,0.0,0.1650757401921918,0.0058309518948453,-0.1,1.1006818080117087,2.73271554701979,1.5,0.15
302.5835,15.467,-0.157,-0.052,11.495,-0.063,-0.035,-0.15,0.003,-0.005,-0.15,0.004,-0.004,-0.233,0.234,0.246,0.002,0.007,0.005,0.0,0.0,0.0,862.129,-0.0,0.0,-0.0,0.0,0.0,0.0,0.0,0.0,0.9908,0.0415,-0.129,-0.0703,0.9712,-0.2276,0.1158,0.2346,0.9652,0.669,0.7326,-0.1252,-0.7377,0.634,-0.2321,-0.0907,0.2476,0.9646,0.0001,0.0001,0.0,0.0,0.0,0.0,-0.014,-0.0319,0.1457,3.5388,9.2964,-51.1295,0.0,0.0434,-0.3692,0.0,0.0,0.0,4112426.6771,3184676.343,4270974.9634,-3261.1776,-3711.7998,5904.354,4112423.1383,3184667.0466,4271026.093,-3261.1636,-3711.7679,5904.2083,0.0,0.0765,3.9732,0.0,0.0,1.0,0.0,1.0,0.0,0.0,-4.1,-36.453,0.0,0.0,-1.0,-0.7071,0.7071,0.0,0.16538742394752995,0.0058309518948453,-0.1,1.120025488191791,2.7272494106178278,1.5,0.15
302.7853,15.437,-0.156,-0.053,11.464,-0.062,-0.036,-0.15,0.003,-0.005,-0.15,0.004,-0.004,-0.232,0.236,0.247,0.002,0.007,0.005,0.0,0.0,0.0,862.129,-0.0,0.0,-0.0,0.0,0.0,0.0,0.0,0.0,0.9908,0.0415,-0.129,-0.0704,0.9712,-0.2276,0.1159,0.2346,0.9652,0.669,0.7326,-0.1252,-0.7377,0.634,-0.2321,-0.0907,0.2476,0.9646,0.0001,0.0001,0.0,0.0,0.0,0.0,-0.014,-0.0319,0.1457,3.536,9.2899,-51.0999,0.0,0.0434,-0.3692,0.0,0.0,0.0,4111763.9647,3183922.0991,4272174.4868,-3262.27,-3712.6457,5903.2192,4111760.4287,3183912.8092,4272225.5867,-3262.256,-3712.6139,5903.0735,0.0,0.0765,3.9732,0.0,0.0,1.0,0.0,1.0,0.0,0.0,-4.1,-36.453,0.0,0.0,-1.0,-0.7071,0.7071,0.0,0.1647573974060042,0.0058309518948453,-0.1,1.1225994848762146,2.721959601196574,1.5,0.15
302.9892,15.407,-0.155,-0.054,11.434,-0.062,-0.037,-0.15,0.003,-0.005,-0.15,0.004,-0.004,-0.232,0.237,0.248,0.002,0.007,0.005,0.0,0.0,0.0,862.129,-0.0,0.0,-0.0,0.0,0.0,0.0,0.0,0.0,0.9908,0.0415,-0.1291,-0.0704,0.9712,-0.2276,0.1159,0.2346,0.9652,0.669,0.7326,-0.1252,-0.7377,0.634,-0.2321,-0.0907,0.2476,0.9646,0.0001,0.0001,0.0,0.0,0.0,0.0,-0.014,-0.0319,0.1457,3.5331,9.2834,-51.0703,0.0,0.0434,-0.3692,0.0,0.0,0.0,4111101.248,3183167.9307,4273373.3852,-3263.362,-3713.4912,5902.0845,4111097.7149,3183158.6473,4273424.4555,-3263.3479,-3713.4593,5901.9388,0.0,0.0765,3.9732,0.0,0.0,1.0,0.0,1.0,0.0,0.0,-4.1,-36.453,0.0,0.0,-1.0,-0.7071,0.7071,0.0,0.1641371377842321,0.0058309518948453,-0.1,1.1073857529154014,2.71666979177532,1.5,0.15
303.1901,15.376,-0.155,-0.055,11.404,-0.061,-0.038,-0.15,0.003,-0.005,-0.15,0.004,-0.004,-0.231,0.238,0.249,0.002,0.007,0.005,0.0,0.0,0.0,862.129,-0.0,0.0,-0.0,0.0,0.0,0.0,0.0,0.0,0.9908,0.0416,-0.1291,-0.0704,0.9712,-0.2276,0.1159,0.2346,0.9652,0.669,0.7326,-0.1252,-0.7377,0.634,-0.2321,-0.0907,0.2476,0.9646,0.0001,0.0001,0.0,0.0,0.0,0.0,-0.0141,-0.0319,0.1457,3.5303,9.277,-51.041,0.0,0.0434,-0.3692,0.0,0.0,0.0,4110445.0706,3182421.2837,4274559.8322,-3264.4425,-3714.3279,5900.961,4110441.5403,3182412.0067,4274610.8732,-3264.4285,-3714.296,5900.8153,0.0,0.0765,3.9732,0.0,0.0,1.0,0.0,1.0,0.0,0.0,-4.1,-36.453,0.0,0.0,-1.0,-0.7071,0.7071,0.0,0.16446884203398526,0.0058309518948453,-0.1,1.1250684703138722,2.711203655373357,1.5,0.15
303.3922,15.346,-0.154,-0.056,11.373,-0.06,-0.039,-0.15,0.003,-0.005,-0.15,0.004,-0.004,-0.231,0.24,0.25,0.002,0.007,0.005,0.0,0.0,0.0,862.129,-0.0,0.0,-0.0,0.0,0.0,0.0,0.0,0.0,0.9908,0.0416,-0.1291,-0.0704,0.9712,-0.2276,0.1159,0.2346,0.9652,0.669,0.7326,-0.1252,-0.7377,0.634,-0.2321,-0.0907,0.2476,0.9646,0.0001,0.0001,0.0,0.0,0.0,0.0,-0.0141,-0.0319,0.1457,3.5274,9.2706,-51.0116,0.0,0.0434,-0.3692,0.0,0.0,0.0,4109784.6918,3181669.9361,4275753.2517,-3265.5295,-3715.1694,5899.8304,4109781.1644,3181660.6655,4275804.2632,-3265.5155,-3715.1375,5899.6847,0.0,0.0765,3.9732,0.0,0.0,1.0,0.0,1.0,0.0,0.0,-4.1,-36.453,0.0,0.0,-1.0,-0.7071,0.7071,0.0,0.16386579875007476,0.0058309518948453,-0.1,1.1277223699671997,2.7059138459521037,1.5,0.15
303.5939,15.316,-0.153,-0.056,11.343,-0.06,-0.039,-0.15,0.003,-0.004,-0.15,0.004,-0.004,-0.23,0.241,0.25,0.002,0.007,0.005,0.0,0.0,0.0,862.129,-0.0,0.0,-0.0,0.0,0.0,0.0,0.0,0.0,0.9908,0.0416,-0.1291,-0.0704,0.9712,-0.2276,0.116,0.2346,0.9652,0.669,0.7326,-0.1252,-0.7377,0.634,-0.2321,-0.0907,0.2476,0.9646,0.0001,0.0001,0.0,0.0,0.0,0.0,-0.0141,-0.0319,0.1457,3.5246,9.2641,-50.9821,0.0,0.0434,-0.3692,0.0,0.0,0.0,4109124.3971,3180918.7638,4276945.8937,-3266.6158,-3716.0104,5898.6999,4109120.8725,3180909.4997,4276996.8758,-3266.6017,-3715.9784,5898.5542,0.0,0.0765,3.9732,0.0,0.0,1.0,0.0,1.0,0.0,0.0,-4.1,-36.453,0.0,0.0,-1.0,-0.7071,0.7071,0.0,0.16292636373527766,0.005,-0.1,1.1128675252139488,2.70062403653085,1.5,0.15
303.7972,15.286,-0.153,-0.057,11.313,-0.059,-0.04,-0.15,0.003,-0.004,-0.15,0.004,-0.004,-0.23,0.243,0.251,0.002,0.007,0.005,0.0,0.0,0.0,862.129,-0.0,0.0,-0.0,0.0,0.0,0.0,0.0,0.0,0.9908,0.0416,-0.1292,-0.0704,0.9712,-0.2275,0.116,0.2345,0.9652,0.669,0.7326,-0.1252,-0.7377,0.634,-0.2321,-0.0907,0.2476,0.9646,0.0001,0.0001,0.0,0.0,0.0,0.0,-0.0141,-0.0319,0.1457,3.5217,9.2577,-50.9526,0.0,0.0434,-0.3692,0.0,0.0,0.0,4108461.9525,3180165.2256,4278141.7903,-3267.7051,-3716.8536,5897.5659,4108458.4308,3180155.968,4278192.7428,-3267.691,-3716.8216,5897.4202,0.0,0.0765,3.9732,0.0,0.0,1.0,0.0,1.0,0.0,0.0,-4.1,-36.453,0.0,0.0,-1.0,-0.7071,0.7071,0.0,0.16327277789025335,0.005,-0.1,1.1302811089791638,2.6953342271095955,1.5,0.15
303.9998,15.255,-0.152,-0.058,11.282,-0.058,-0.041,-0.15,0.003,-0.004,-0.15,0.004,-0.004,-0.229,0.244,0.252,0.002,0.007,0.005,0.0,0.0,0.0,862.129,-0.0,0.0,-0.0,0.0,0.0,0.0,0.0,0.0,0.9907,0.0416,-0.1292,-0.0704,0.9712,-0.2275,0.116,0.2345,0.9652,0.669,0.7326,-0.1252,-0.7377,0.634,-0.2321,-0.0907,0.2476,0.9646,0.0001,0.0001,0.0,0.0,0.0,0.0,-0.0141,-0.0319,0.1457,3.5188,9.2512,-50.9229,0.0,0.0434,-0.3692,0.0,0.0,0.0,4107797.6165,3179409.6172,4279340.4713,-3268.797,-3717.6987,5896.4287,4107794.0977,3179400.366,4279391.3943,-3268.7829,-3717.6668,5896.283,0.0,0.0765,3.9732,0.0,0.0,1.0,0.0,1.0,0.0,0.0,-4.1,-36.453,0.0,0.0,-1.0,-0.7071,0.7071,0.0,0.16268988905276197,0.005,-0.1,1.1333466361246674,2.6898680907076336,1.5,0.15
304.2173,15.223,-0.151,-0.059,11.25,-0.057,-0.042,-0.15,0.003,-0.004,-0.15,0.004,-0.004,-0.229,0.246,0.253,0.002,0.007,0.005,0.0,0.0,0.0,862.129,-0.0,0.0,-0.0,0.0,0.0,0.0,0.0,0.0,0.9907,0.0416,-0.1292,-0.0705,0.9712,-0.2275,0.116,0.2345,0.9652,0.669,0.7326,-0.1252,-0.7377,0.634,-0.2321,-0.0907,0.2476,0.9646,0.0001,0.0001,0.0,0.0,0.0,0.0,-0.0141,-0.032,0.1457,3.5157,9.2443,-50.8913,0.0,0.0434,-0.3692,0.0,0.0,0.0,4107087.3612,3178601.8691,4280621.3066,-3269.9638,-3718.6017,5895.2129,4107083.8455,3178592.6248,4280672.1979,-3269.9496,-3718.5698,5895.0672,0.0,0.0765,3.9732,0.0,0.0,1.0,0.0,1.0,0.0,0.0,-4.1,-36.453,0.0,0.0,-1.0,-0.7071,0.7071,0.0,0.1621172415260018,0.005,-0.1,1.1364268674421432,2.6842256273249623,1.5,0.15
304.4174,15.193,-0.151,-0.06,11.22,-0.057,-0.043,-0.15,0.003,-0.004,-0.15,0.004,-0.004,-0.228,0.247,0.254,0.002,0.007,0.005,0.0,0.0,0.0,862.129,-0.0,0.0,-0.0,0.0,0.0,0.0,0.0,0.0,0.9907,0.0416,-0.1292,-0.0705,0.9712,-0.2275,0.1161,0.2345,0.9652,0.669,0.7326,-0.1252,-0.7377,0.634,-0.2321,-0.0907,0.2476,0.9646,0.0001,0.0001,0.0,0.0,0.0,0.0,-0.0141,-0.032,0.1457,3.5129,9.2379,-50.8621,0.0,0.0434,-0.3692,0.0,0.0,0.0,4106431.518,3177856.0839,4281803.3785,-3271.0406,-3719.4351,5894.0904,4106428.0051,3177846.8461,4281854.2406,-3271.0264,-3719.4031,5893.9446,0.0,0.0765,3.9732,0.0,0.0,1.0,0.0,1.0,0.0,0.0,-4.1,-36.453,0.0,0.0,-1.0,-0.7071,0.7071,0.0,0.16248384535085325,0.005,-0.1,1.1356785082877636,2.6789358179037084,1.5,0.15
304.6182,15.163,-0.15,-0.061,11.19,-0.056,-0.043,-0.15,0.003,-0.004,-0.15,0.004,-0.004,-0.228,0.249,0.255,0.002,0.007,0.005,0.0,0.0,0.0,862.129,-0.0,0.0,-0.0,0.0,0.0,0.0,0.0,0.0,0.9907,0.0416,-0.1293,-0.0705,0.9712,-0.2275,0.1161,0.2345,0.9652,0.669,0.7326,-0.1252,-0.7377,0.634,-0.2321,-0.0907,0.2476,0.9646,0.0001,0.0001,0.0,0.0,0.0,0.0,-0.0142,-0.032,0.1457,3.5101,9.2315,-50.8329,0.0,0.0434,-0.3692,0.0,0.0,0.0,4105776.9316,3177111.8061,4282982.5727,-3272.1148,-3720.2664,5892.97,4105773.4216,3177102.5747,4283033.4056,-3272.1007,-3720.2344,5892.8243,0.0,0.0765,3.9732,0.0,0.0,1.0,0.0,1.0,0.0,0.0,-4.1,-36.453,0.0,0.0,-1.0,-0.7071,0.7071,0.0,0.16192899678562822,0.005,-0.1,1.1401656381125207,2.6736460084824545,1.5,0.15
304.8195,15.133,-0.149,-0.062,11.16,-0.055,-0.044,-0.15,0.003,-0.004,-0.15,0.004,-0.004,-0.227,0.25,0.256,0.002,0.007,0.005,0.0,0.0,0.0,862.129,-0.0,0.0,-0.0,0.0,0.0,0.0,0.0,0.0,0.9907,0.0416,-0.1293,-0.0705,0.9712,-0.2275,0.1161,0.2345,0.9652,0.669,0.7326,-0.1252,-0.7377,0.634,-0.2321,-0.0907,0.2476,0.9646,0.0001,0.0001,0.0,0.0,0.0,0.0,-0.0142,-0.032,0.1457,3.5072,9.225,-50.8036,0.0,0.0434,-0.3692,0.0,0.0,0.0,4105119.4351,3176364.2981,4284166.3946,-3273.1933,-3721.1009,5891.8447,4105115.9279,3176355.0731,4284217.1982,-3273.1791,-3721.0689,5891.699,0.0,0.0765,3.9732,0.0,0.0,1.0,0.0,1.0,0.0,0.0,-4.1,-36.453,0.0,0.0,-1.0,-0.7071,0.7071,0.0,0.16138463371709216,0.005,-0.1,1.143288723427858,2.6683561990612,1.5,0.15
305.0366,15.1,-0.149,-0.063,11.127,-0.054,-0.045,-0.15,0.003,-0.004,-0.15,0.004,-0.004,-0.227,0.252,0.257,0.002,0.007,0.005,0.0,0.0,0.0,862.129,-0.0,0.0,-0.0,0.0,0.0,0.0,0.0,0.0,0.9907,0.0417,-0.1293,-0.0705,0.9712,-0.2274,0.1161,0.2344,0.9652,0.669,0.7326,-0.1252,-0.7377,0.634,-0.2321,-0.0907,0.2476,0.9646,0.0001,0.0001,0.0,0.0,0.0,0.0,-0.0142,-0.032,0.1457,3.5041,9.2181,-50.7719,0.0,0.0434,-0.3692,0.0,0.0,0.0,4104406.801,3175554.1927,4285448.7957,-3274.3616,-3722.0048,5890.6252,4104403.2969,3175544.9746,4285499.5676,-3274.3474,-3721.9728,5890.4795,0.0,0.0765,3.9732,0.0,0.0,1.0,0.0,1.0,0.0,0.0,-4.1,-36.453,0.0,0.0,-1.0,-0.7071,0.7071,0.0,0.16177144370994528,0.005,-0.1,1.1607721653066143,2.662537408697821,1.5,0.15
305.2524,15.068,-0.148,-0.064,11.095,-0.054,-0.046,-0.15,0.003,-0.004,-0.15,0.004,-0.004,-0.226,0.253,0.258,0.002,0.007,0.005,0.0,0.0,0.0,862.129,-0.0,0.0,-0.0,0.0,0.0,0.0,0.0,0.0,0.9907,0.0417,-0.1293,-0.0705,0.9712,-0.2274,0.1161,0.2344,0.9652,0.669,0.7326,-0.1252,-0.7377,0.634,-0.2321,-0.0907,0.2476,0.9646,0.0001,0.0001,0.0,0.0,0.0,0.0,-0.0142,-0.032,0.1457,3.501,9.2112,-50.7404,0.0,0.0434,-0.3692,0.0,0.0,0.0,4103697.4151,3174747.8718,4286724.6342,-3275.524,-3722.9041,5889.4112,4103693.9141,3174738.6607,4286775.3745,-3275.5098,-3722.8721,5889.2655,0.0,0.0765,3.9732,0.0,0.0,1.0,0.0,1.0,0.0,0.0,-4.1,-36.453,0.0,0.0,-1.0,-0.7071,0.7071,0.0,0.16124515496597097,0.005,-0.1,1.145627477006091,2.65689494531515,1.5,0.15
305.4542,15.037,-0.147,-0.065,11.065,-0.053,-0.047,-0.15,0.003,-0.004,-0.15,0.003,-0.004,-0.225,0.255,0.259,0.002,0.007,0.005,0.0,0.0,0.0,862.129,-0.0,0.0,-0.0,0.0,0.0,0.0,0.0,0.0,0.9907,0.0417,-0.1294,-0.0705,0.9712,-0.2274,0.1162,0.2344,0.9652,0.669,0.7326,-0.1252,-0.7377,0.634,-0.2321,-0.0907,0.2476,0.9646,0.0001,0.0001,0.0,0.0,0.0,0.0,-0.0142,-0.032,0.1457,3.4982,9.2047,-50.7111,0.0,0.0434,-0.3692,0.0,0.0,0.0,4103039.8195,3174000.4994,4287906.688,-3276.601,-3723.7373,5888.286,4103036.3213,3173991.2946,4287957.3991,-3276.5867,-3723.7052,5888.1403,0.0,0.0765,3.9732,0.0,0.0,1.0,0.0,1.0,0.0,0.0,-4.1,-36.453,0.0,0.0,-1.0,-0.7071,0.7071,0.0,0.1607295865732255,0.005,-0.1,1.149179925161596,2.651428808913188,1.5,0.15
305.6586,15.007,-0.147,-0.066,11.034,-0.052,-0.048,-0.15,0.003,-0.004,-0.15,0.003,-0.004,-0.225,0.256,0.26,0.002,0.007,0.005,0.0,0.0,0.0,862.129,-0.0,0.0,-0.0,0.0,0.0,0.0,0.0,0.0,0.9907,0.0417,-0.1294,-0.0706,0.9712,-0.2274,0.1162,0.2344,0.9652,0.669,0.7326,-0.1252,-0.7377,0.634,-0.2321,-0.0907,0.2476,0.9646,0.0001,0.0001,0.0,0.0,0.0,0.0,-0.0142,-0.032,0.1457,3.4953,9.1982,-50.6814,0.0,0.0434,-0.3692,0.0,0.0,0.0,4102371.1468,3173240.6186,4289108.0243,-3277.6955,-3724.584,5887.1418,4102367.6515,3173231.4204,4289158.7056,-3277.6813,-3724.5519,5886.9961,0.0,0.0765,3.9732,0.0,0.0,1.0,0.0,1.0,0.0,0.0,-4.1,-36.453,0.0,0.0,-1.0,-0.7071,0.7071,0.0,0.1611365880239494,0.005,-0.1,1.1664462014434906,2.6461389994919338,1.5,0.15
305.8618,14.976,-0.146,-0.066,11.004,-0.052,-0.048,-0.15,0.003,-0.004,-0.15,0.003,-0.004,-0.224,0.258,0.261,0.002,0.007,0.005,0.0,0.0,0.0,862.129,-0.0,0.0,-0.0,0.0,0.0,0.0,0.0,0.0,0.9907,0.0417,-0.1294,-0.0706,0.9712,-0.2274,0.1162,0.2344,0.9652,0.669,0.7326,-0.1252,-0.7377,0.634,-0.2321,-0.0907,0.2476,0.9646,0.0001,0.0001,0.0,0.0,0.0,0.0,-0.0142,-0.0321,0.1457,3.4924,9.1917,-50.6517,0.0,0.0434,-0.3692,0.0,0.0,0.0,4101703.5853,3172482.0807,4290306.7301,-3278.7877,-3725.4288,5885.9997,4101700.0929,3172472.889,4290357.3818,-3278.7735,-3725.3967,5885.8539,0.0,0.0765,3.9732,0.0,0.0,1.0,0.0,1.0,0.0,0.0,-4.1,-36.453,0.0,0.0,-1.0,-0.7071,0.7071,0.0,0.16022484201895784,0.005,-0.1,1.1519552023596562,2.640672863089972,1.5,0.15
306.0639,14.946,-0.145,-0.067,10.973,-0.051,-0.049,-0.15,0.003,-0.004,-0.15,0.003,-0.004,-0.224,0.259,0.262,0.002,0.007,0.005,0.0,0.0,0.0,862.129,-0.0,0.0,-0.0,0.0,0.0,0.0,0.0,0.0,0.9907,0.0417,-0.1294,-0.0706,0.9713,-0.2273,0.1162,0.2344,0.9652,0.669,0.7326,-0.1252,-0.7377,0.634,-0.2321,-0.0907,0.2476,0.9646,0.0001,0.0001,0.0,0.0,0.0,0.0,-0.0143,-0.0321,0.1457,3.4895,9.1852,-50.6223,0.0,0.0434,-0.3692,0.0,0.0,0.0,4101041.3994,3171729.7307,4291495.1599,-3279.8706,-3726.2663,5884.8667,4101037.9099,3171720.5455,4291545.7822,-3279.8564,-3726.2342,5884.721,0.0,0.0765,3.9732,0.0,0.0,1.0,0.0,1.0,0.0,0.0,-4.1,-36.453,0.0,0.0,-1.0,-0.7071,0.7071,0.0,0.1597310239120754,0.005,-0.1,1.1548741451375324,2.6353830536687175,1.5,0.15
306.2672,14.916,-0.145,-0.068,10.943,-0.05,-0.05,-0.15,0.003,-0.004,-0.15,0.003,-0.004,-0.223,0.261,0.263,0.002,0.007,0.005,0.0,0.0,0.0,862.129,-0.0,0.0,-0.0,0.0,0.0,0.0,0.0,0.0,0.9907,0.0417,-0.1295,-0.0706,0.9713,-0.2273,0.1163,0.2344,0.9652,0.669,0.7326,-0.1252,-0.7377,0.634,-0.2321,-0.0907,0.2476,0.9646,0.0001,0.0001,0.0,0.0,0.0,0.0,-0.0143,-0.0321,0.1457,3.4866,9.1787,-50.5926,0.0,0.0434,-0.3692,0.0,0.0,0.0,4100373.962,3170971.4947,4292692.386,-3280.9616,-3727.11,5883.7249,4100370.4754,3170962.316,4292742.9786,-3280.9473,-3727.0779,5883.5792,0.0,0.0765,3.9732,0.0,0.0,1.0,0.0,1.0,0.0,0.0,-4.1,-36.453,0.0,0.0,-1.0,-0.7071,0.7071,0.0,0.1601530517973354,0.005,-0.1,1.1725775374991385,2.6300932442474636,1.5,0.15
306.4709,14.885,-0.144,-0.069,10.912,-0.049,-0.051,-0.15,0.003,-0.004,-0.15,0.003,-0.004,-0.223,0.262,0.264,0.002,0.007,0.005,0.0,0.0,0.0,862.129,-0.0,0.0,-0.0,0.0,0.0,0.0,0.0,0.0,0.9907,0.0417,-0.1295,-0.0706,0.9713,-0.2273,0.1163,0.2343,0.9652,0.669,0.7326,-0.1252,-0.7377,0.634,-0.2321,-0.0907,0.2476,0.9646,0.0001,0.0001,0.0,0.0,0.0,0.0,-0.0143,-0.0321,0.1457,3.4836,9.1722,-50.563,0.0,0.0434,-0.3692,0.0,0.0,0.0,4099707.1081,3170214.0022,4293887.9371,-3282.051,-3727.9525,5882.5841,4099703.6244,3170204.83,4293938.5001,-3282.0367,-3727.9204,5882.4384,0.0,0.0765,3.9732,0.0,0.0,1.0,0.0,1.0,0.0,0.0,-4.1,-36.453,0.0,0.0,-1.0,-0.7071,0.7071,0.0,0.15967780058605516,0.005,-0.1,1.1759080719122343,2.6246271078455012,1.5,0.15
306.6709,14.855,-0.144,-0.07,10.883,-0.049,-0.051,-0.15,0.003,-0.004,-0.15,0.003,-0.004,-0.222,0.264,0.264,0.002,0.007,0.005,0.0,0.0,0.0,862.129,-0.0,0.0,-0.0,0.0,0.0,0.0,0.0,0.0,0.9907,0.0417,-0.1295,-0.0706,0.9713,-0.2273,0.1163,0.2343,0.9652,0.669,0.7326,-0.1252,-0.7377,0.634,-0.2321,-0.0907,0.2476,0.9646,0.0001,0.0001,0.0,0.0,0.0,0.0,-0.0143,-0.0321,0.1457,3.4808,9.1658,-50.5339,0.0,0.0434,-0.3692,0.0,0.0,0.0,4099050.6538,3169468.4007,4295064.2287,-3283.1229,-3728.7813,5881.4612,4099047.1731,3169459.235,4295114.7625,-3283.1086,-3728.7492,5881.3154,0.0,0.0765,3.9732,0.0,0.0,1.0,0.0,1.0,0.0,0.0,-4.1,-36.453,0.0,0.0,-1.0,-0.7071,0.7071,0.0,0.16011246047700348,0.005,-0.1,1.1766163285830715,2.6193372984242473,1.5,0.15
306.8753,14.824,-0.143,-0.071,10.852,-0.048,-0.052,-0.15,0.003,-0.004,-0.15,0.003,-0.004,-0.222,0.265,0.265,0.002,0.007,0.005,0.0,0.0,0.0,862.129,-0.0,0.0,-0.0,0.0,0.0,0.0,0.0,0.0,0.9907,0.0417,-0.1295,-0.0706,0.9713,-0.2273,0.1163,0.2343,0.9652,0.669,0.7326,-0.1252,-0.7377,0.634,-0.2321,-0.0907,0.2476,0.9646,0.0001,0.0001,0.0,0.0,0.0,0.0,-0.0143,-0.0321,0.1457,3.4778,9.1592,-50.5039,0.0,0.0434,-0.3692,0.0,0.0,0.0,4098375.0206,3168701.0972,4296274.2521,-3284.2256,-3729.6339,5880.3055,4098371.5428,3168691.9381,4296324.756,-3284.2113,-3729.6018,5880.1598,0.0,0.0765,3.9732,0.0,0.0,1.0,0.0,1.0,0.0,0.0,-4.1,-36.453,0.0,0.0,-1.0,-0.7071,0.7071,0.0,0.15965587994182986,0.005,-0.1,1.1799299621779868,2.613871162022285,1.5,0.15
307.0927,14.792,-0.142,-0.072,10.819,-0.047,-0.053,-0.15,0.003,-0.003,-0.15,0.003,-0.002,-0.221,0.267,0.266,0.002,0.007,0.005,0.0,0.0,0.0,862.122,1.0,0.0,-0.0,0.0,0.0,0.0,0.0,0.0,0.9907,0.0418,-0.1296,-0.0707,0.9713,-0.2273,0.1163,0.2343,0.9652,0.669,0.7326,-0.1252,-0.7377,0.634,-0.2321,-0.0907,0.2476,0.9646,0.0001,0.0001,0.0,0.0,0.0,0.0,-0.016,-0.032,0.1455,3.4747,9.1522,-50.4721,0.0,0.0434,-0.3692,0.0,0.0,0.0,4097659.2514,3167888.3012,4297555.4537,-3285.3949,-3730.5365,5879.081,4097655.7767,3167879.149,4297605.9259,-3285.3789,-3730.5045,5878.9355,0.0,0.0765,3.9732,0.0,0.0,1.0,0.0,1.0,0.0,0.0,-4.1,-36.453,0.0,0.0,-1.0,-0.7071,0.7071,0.0,0.15921055241409093,0.004242640687119285,-0.1,1.1829005723369563,2.6082286986396137,1.5,0.15
307.3027,14.761,-0.142,-0.072,10.788,-0.047,-0.053,-0.15,0.003,0.001,-0.15,0.003,0.001,-0.221,0.268,0.267,0.002,0.007,0.004,0.0,0.0,0.0,862.109,-0.0,0.0,-0.0,0.0,0.0,0.0,0.0,0.0,0.9907,0.0418,-0.1296,-0.0707,0.9713,-0.2272,0.1164,0.2343,0.9652,0.669,0.7326,-0.1252,-0.7377,0.634,-0.2321,-0.0907,0.2476,0.9646,0.0001,0.0001,0.0,0.0,0.0,0.0,-0.0193,-0.0318,0.1451,3.4708,9.1456,-50.442,0.0,0.0434,-0.3692,0.0,0.0,0.0,4096976.3501,3167112.9157,4298777.1487,-3286.5116,-3731.397,5877.9126,4096972.8792,3167103.7701,4298827.5907,-3286.4923,-3731.3652,5877.7675,0.0,0.0765,3.9732,0.0,0.0,1.0,0.0,1.0,0.0,0.0,-4.1,-36.453,0.0,0.0,-1.0,-0.7071,0.7071,0.0,0.15921055241409093,0.0031622776601683794,-0.1,1.1824675118485308,2.6027625622376513,1.5,0.15
307.5218,14.728,-0.141,-0.072,10.755,-0.046,-0.053,-0.15,0.003,0.001,-0.15,0.003,0.001,-0.22,0.27,0.268,0.002,0.007,0.004,0.0,0.0,0.0,862.109,-0.0,0.0,-0.0,0.0,0.0,0.0,0.0,0.0,0.9907,0.0418,-0.1296,-0.0707,0.9713,-0.2272,0.1164,0.2343,0.9652,0.669,0.7326,-0.1252,-0.7377,0.634,-0.2321,-0.0907,0.2476,0.9646,0.0001,0.0001,0.0,0.0,0.0,0.0,-0.0193,-0.0318,0.1451,3.4666,9.1387,-50.4104,0.0,0.0434,-0.3692,0.0,0.0,0.0,4096262.0093,3166301.923,4300054.3861,-3287.6756,-3732.2968,5876.691,4096258.5427,3166292.7843,4300104.7966,-3287.6563,-3732.265,5876.5458,0.0,0.0765,3.9732,0.0,0.0,1.0,0.0,1.0,0.0,0.0,-4.1,-36.453,0.0,0.0,-1.0,-0.7071,0.7071,0.0,0.15831929762350513,0.0031622776601683794,-0.1,1.1860268215488778,2.596943771874272,1.5,0.15
307.7272,14.697,-0.14,-0.071,10.724,-0.045,-0.052,-0.15,0.003,0.001,-0.15,0.003,0.001,-0.22,0.271,0.269,0.002,0.007,0.004,0.0,0.0,0.0,862.109,-0.0,0.0,-0.0,0.0,0.0,0.0,0.0,0.0,0.9907,0.0418,-0.1296,-0.0707,0.9713,-0.2272,0.1164,0.2343,0.9652,0.669,0.7326,-0.1252,-0.7377,0.634,-0.2321,-0.0907,0.2476,0.9646,0.0001,0.0001,0.0,0.0,0.0,0.0,-0.0193,-0.0318,0.1451,3.4626,9.1321,-50.3803,0.0,0.0434,-0.3692,0.0,0.0,0.0,4095578.6338,3165526.1709,4301275.586,-3288.7887,-3733.1571,5875.5223,4095575.1712,3165517.0388,4301325.9662,-3288.7694,-3733.1253,5875.3772,0.0,0.0765,3.9732,0.0,0.0,1.0,0.0,1.0,0.0,0.0,-4.1,-36.453,0.0,0.0,-1.0,-0.7071,0.7071,0.0,0.1569745202254175,0.0031622776601683794,-0.1,1.1898407275126495,2.5914776354723097,1.5,0.15
307.9306,14.667,-0.14,-0.071,10.694,-0.044,-0.052,-0.15,0.003,0.001,-0.15,0.003,0.001,-0.219,0.272,0.27,0.002,0.007,0.004,0.0,0.0,0.0,862.109,-0.0,0.0,-0.0,0.0,0.0,0.0,0.0,0.0,0.9907,0.0418,-0.1297,-0.0707,0.9713,-0.2272,0.1164,0.2342,0.9652,0.669,0.7326,-0.1252,-0.7377,0.634,-0.2321,-0.0907,0.2476,0.9646,0.0001,0.0001,0.0,0.0,0.0,0.0,-0.0193,-0.0318,0.1451,3.4587,9.1256,-50.3508,0.0,0.0434,-0.3692,0.0,0.0,0.0,4094910.3916,3164767.6789,4302469.1084,-3289.8765,-3733.9979,5874.3796,4094906.933,3164758.5533,4302519.4591,-3289.8572,-3733.9661,5874.2344,0.0,0.0765,3.9732,0.0,0.0,1.0,0.0,1.0,0.0,0.0,-4.1,-36.453,0.0,0.0,-1.0,-0.7071,0.7071,0.0,0.1569745202254175,0.0031622776601683794,-0.1,1.2078642951197733,2.586187826051056,1.5,0.15
308.1364,14.636,-0.139,-0.071,10.663,-0.044,-0.052,-0.15,0.003,0.001,-0.15,0.003,0.001,-0.219,0.274,0.271,0.002,0.007,0.004,0.0,0.0,0.0,862.109,-0.0,0.0,-0.0,0.0,0.0,0.0,0.0,0.0,0.9907,0.0418,-0.1297,-0.0707,0.9713,-0.2272,0.1165,0.2342,0.9652,0.669,0.7326,-0.1252,-0.7377,0.634,-0.2321,-0.0907,0.2476,0.9646,0.0001,0.0001,0.0,0.0,0.0,0.0,-0.0193,-0.0318,0.1451,3.4547,9.119,-50.3208,0.0,0.0434,-0.3692,0.0,0.0,0.0,4094231.788,3163997.508,4303680.4959,-3290.9806,-3734.8512,5873.2192,4094228.3333,3163988.389,4303730.8167,-3290.9613,-3734.8194,5873.074,0.0,0.0765,3.9732,0.0,0.0,1.0,0.0,1.0,0.0,0.0,-4.1,-36.453,0.0,0.0,-1.0,-0.7071,0.7071,0.0,0.15608331108738052,0.0031622776601683794,-0.1,1.1930574733532384,2.5807216896490934,1.5,0.15
308.3385,14.605,-0.138,-0.071,10.633,-0.043,-0.052,-0.15,0.003,0.001,-0.15,0.003,0.001,-0.218,0.275,0.272,0.002,0.007,0.004,0.0,0.0,0.0,862.109,-0.0,0.0,-0.0,0.0,0.0,0.0,0.0,0.0,0.9907,0.0418,-0.1297,-0.0707,0.9713,-0.2272,0.1165,0.2342,0.9652,0.669,0.7326,-0.1252,-0.7377,0.634,-0.2321,-0.0907,0.2476,0.9646,0.0001,0.0001,0.0,0.0,0.0,0.0,-0.0193,-0.0318,0.1451,3.4507,9.1126,-50.2914,0.0,0.0434,-0.3692,0.0,0.0,0.0,4093564.8029,3163240.6033,4304870.5133,-3292.0654,-3735.6895,5872.0787,4093561.3521,3163231.4907,4304920.8048,-3292.046,-3735.6576,5871.9336,0.0,0.0765,3.9732,0.0,0.0,1.0,0.0,1.0,0.0,0.0,-4.1,-36.453,0.0,0.0,-1.0,-0.7071,0.7071,0.0,0.1551934276958918,0.0031622776601683794,-0.1,1.1970595114272156,2.575255553247131,1.5,0.15
308.5443,14.575,-0.138,-0.071,10.602,-0.042,-0.051,-0.15,0.003,0.001,-0.15,0.003,0.001,-0.218,0.277,0.273,0.002,0.007,0.004,0.0,0.0,0.0,862.109,-0.0,0.0,-0.0,0.0,0.0,0.0,0.0,0.0,0.9907,0.0418,-0.1297,-0.0708,0.9713,-0.2271,0.1165,0.2342,0.9652,0.669,0.7326,-0.1252,-0.7377,0.634,-0.2321,-0.0907,0.2476,0.9646,0.0001,0.0001,0.0,0.0,0.0,0.0,-0.0194,-0.0319,0.1451,3.4468,9.1062,-50.2621,0.0,0.0434,-0.3692,0.0,0.0,0.0,4092898.7939,3162484.8862,4306058.1684,-3293.1479,-3736.526,5870.94,4092895.3471,3162475.78,4306108.4305,-3293.1286,-3736.4941,5870.7949,0.0,0.0765,3.9732,0.0,0.0,1.0,0.0,1.0,0.0,0.0,-4.1,-36.453,0.0,0.0,-1.0,-0.7071,0.7071,0.0,0.1551934276958918,0.0031622776601683794,-0.1,1.2158490294605375,2.5699657438258767,1.5,0.15
308.7468,14.544,-0.137,-0.071,10.572,-0.042,-0.051,-0.15,0.003,0.001,-0.15,0.003,0.001,-0.217,0.278,0.274,0.002,0.007,0.004,0.0,0.0,0.0,862.109,-0.0,0.0,-0.0,0.0,0.0,0.0,0.0,0.0,0.9907,0.0418,-0.1298,-0.0708,0.9713,-0.2271,0.1165,0.2342,0.9652,0.669,0.7326,-0.1252,-0.7377,0.634,-0.2321,-0.0907,0.2476,0.9646,0.0001,0.0001,0.0,0.0,0.0,0.0,-0.0194,-0.0319,0.1451,3.4428,9.0996,-50.2323,0.0,0.0434,-0.3692,0.0,0.0,0.0,4092222.9243,3161718.061,4307262.7724,-3294.246,-3737.3744,5869.7845,4092219.4815,3161708.9614,4307313.0047,-3294.2267,-3737.3425,5869.6393,0.0,0.0765,3.9732,0.0,0.0,1.0,0.0,1.0,0.0,0.0,-4.1,-36.453,0.0,0.0,-1.0,-0.7071,0.7071,0.0,0.15430489298787645,0.0031622776601683794,-0.1,1.201423075598143,2.564499607423915,1.5,0.15
308.951,14.514,-0.137,-0.071,10.541,-0.041,-0.051,-0.15,0.003,0.001,-0.15,0.003,0.001,-0.217,0.28,0.275,0.002,0.007,0.004,0.0,0.0,0.0,862.109,-0.0,0.0,-0.0,0.0,0.0,0.0,0.0,0.0,0.9907,0.0419,-0.1298,-0.0708,0.9713,-0.2271,0.1165,0.2342,0.9652,0.669,0.7326,-0.1252,-0.7377,0.634,-0.2321,-0.0907,0.2476,0.9646,0.0001,0.0001,0.0,0.0,0.0,0.0,-0.0194,-0.0319,0.1451,3.4389,9.0931,-50.2026,0.0,0.0434,-0.3692,0.0,0.0,0.0,4091549.4021,3160953.9798,4308462.5573,-3295.3397,-3738.2194,5868.633,4091545.9632,3160944.8867,4308512.76,-3295.3204,-3738.1875,5868.4879,0.0,0.0765,3.9732,0.0,0.0,1.0,0.0,1.0,0.0,0.0,-4.1,-36.453,0.0,0.0,-1.0,-0.7071,0.7071,0.0,0.15430489298787645,0.0031622776601683794,-0.1,1.2191267068520408,2.5592097980026605,1.5,0.15
309.1543,14.483,-0.136,-0.07,10.511,-0.04,-0.051,-0.15,0.003,0.001,-0.15,0.003,0.001,-0.216,0.281,0.276,0.002,0.007,0.004,0.0,0.0,0.0,862.109,-0.0,0.0,-0.0,0.0,0.0,0.0,0.0,0.0,0.9907,0.0419,-0.1298,-0.0708,0.9713,-0.2271,0.1166,0.2342,0.9652,0.669,0.7326,-0.1252,-0.7377,0.634,-0.2321,-0.0907,0.2476,0.9646,0.0001,0.0001,0.0,0.0,0.0,0.0,-0.0194,-0.0319,0.1451,3.4349,9.0867,-50.1732,0.0,0.0434,-0.3692,0.0,0.0,0.0,4090881.8949,3160196.8028,4309651.0031,-3296.4232,-3739.0564,5867.4919,4090878.46,3160187.7162,4309701.1763,-3296.4038,-3739.0245,5867.3468,0.0,0.0765,3.9732,0.0,0.0,1.0,0.0,1.0,0.0,0.0,-4.1,-36.453,0.0,0.0,-1.0,-0.7071,0.7071,0.0,0.15295751043999115,0.0031622776601683794,-0.1,1.2223289741593266,2.5537436616006985,1.5,0.15
309.3556,14.453,-0.135,-0.07,10.48,-0.04,-0.05,-0.15,0.003,0.001,-0.15,0.003,0.001,-0.216,0.282,0.277,0.002,0.007,0.004,0.0,0.0,0.0,862.109,-0.0,0.0,-0.0,0.0,0.0,0.0,0.0,0.0,0.9907,0.0419,-0.1298,-0.0708,0.9713,-0.2271,0.1166,0.2341,0.9652,0.669,0.7326,-0.1252,-0.7377,0.634,-0.2321,-0.0907,0.2476,0.9646,0.0001,0.0001,0.0,0.0,0.0,0.0,-0.0194,-0.0319,0.1451,3.431,9.0803,-50.144,0.0,0.0434,-0.3692,0.0,0.0,0.0,4090218.5327,3159444.4057,4310831.4525,-3297.4993,-3739.8877,5866.358,4090215.1017,3159435.3255,4310881.5965,-3297.4799,-3739.8558,5866.2128,0.0,0.0765,3.9732,0.0,0.0,1.0,0.0,1.0,0.0,0.0,-4.1,-36.453,0.0,0.0,-1.0,-0.7071,0.7071,0.0,0.1520690632574555,0.0031622776601683794,-0.1,1.208327098580829,2.548453852179444,1.5,0.15
309.5575,14.423,-0.135,-0.07,10.45,-0.039,-0.05,-0.15,0.003,0.001,-0.15,0.003,0.001,-0.215,0.284,0.277,0.002,0.007,0.004,0.0,0.0,0.0,862.109,-0.0,0.0,-0.0,0.0,0.0,0.0,0.0,0.0,0.9906,0.0419,-0.1298,-0.0708,0.9713,-0.227,0.1166,0.2341,0.9652,0.669,0.7326,-0.1252,-0.7377,0.634,-0.2321,-0.0907,0.2476,0.9646,0.0001,0.0001,0.0,0.0,0.0,0.0,-0.0194,-0.0319,0.1451,3.427,9.0738,-50.1146,0.0,0.0434,-0.3692,0.0,0.0,0.0,4089549.7024,3158685.8865,4312021.0128,-3298.5838,-3740.7254,5865.2147,4089546.2754,3158676.8127,4312071.1274,-3298.5644,-3740.6934,5865.0696,0.0,0.0765,3.9732,0.0,0.0,1.0,0.0,1.0,0.0,0.0,-4.1,-36.453,0.0,0.0,-1.0,-0.7071,0.7071,0.0,0.1520690632574555,0.0031622776601683794,-0.1,1.226429325811198,2.5431640427581903,1.5,0.15
309.7597,14.392,-0.134,-0.07,10.42,-0.039,-0.05,-0.15,0.003,0.001,-0.15,0.003,0.001,-0.215,0.285,0.278,0.002,0.007,0.004,0.0,0.0,0.0,862.109,-0.0,0.0,-0.0,0.0,0.0,0.0,0.0,0.0,0.9906,0.0419,-0.1299,-0.0708,0.9713,-0.227,0.1166,0.2341,0.9652,0.669,0.7326,-0.1252,-0.7377,0.634,-0.2321,-0.0907,0.2476,0.9646,0.0001,0.0001,0.0,0.0,0.0,0.0,-0.0194,-0.0319,0.1451,3.4231,9.0673,-50.0852,0.0,0.0434,-0.3692,0.0,0.0,0.0,4088880.9126,3157927.4919,4313209.8772,-3299.6677,-3741.5625,5864.0716,4088877.4895,3157918.4246,4313259.9623,-3299.6483,-3741.5306,5863.9265,0.0,0.0765,3.9732,0.0,0.0,1.0,0.0,1.0,0.0,0.0,-4.1,-36.453,0.0,0.0,-1.0,-0.7071,0.7071,0.0,0.15118200951171407,0.0031622776601683794,-0.1,1.2120224695459296,2.537697906356228,1.5,0.15
309.9637,14.362,-0.134,-0.07,10.389,-0.038,-0.049,-0.15,0.003,0.001,-0.15,0.003,0.001,-0.214,0.287,0.279,0.002,0.007,0.004,0.0,0.0,0.0,862.109,-0.0,0.0,-0.0,0.0,0.0,0.0,0.0,0.0,0.9906,0.0419,-0.1299,-0.0709,0.9713,-0.227,0.1167,0.2341,0.9652,0.669,0.7326,-0.1252,-0.7377,0.634,-0.2321,-0.0907,0.2476,0.9646,0.0001,0.0001,0.0,0.0,0.0,0.0,-0.0194,-0.0319,0.1451,3.4192,9.0608,-50.0556,0.0,0.0434,-0.3692,0.0,0.0,0.0,4088208.3929,3157164.9483,4314404.7457,-3300.7571,-3742.4038,5862.9222,4088204.9737,3157155.8875,4314454.8013,-3300.7377,-3742.3719,5862.777,0.0,0.0765,3.9732,0.0,0.0,1.0,0.0,1.0,0.0,0.0,-4.1,-36.453,0.0,0.0,-1.0,-0.7071,0.7071,0.0,0.15118200951171407,0.0031622776601683794,-0.1,1.2311586460165027,2.532408096934974,1.5,0.15
310.165,14.332,-0.133,-0.069,10.359,-0.037,-0.049,-0.15,0.003,0.001,-0.15,0.003,0.001,-0.214,0.288,0.28,0.002,0.007,0.004,0.0,0.0,0.0,862.109,-0.0,0.0,-0.0,0.0,0.0,0.0,0.0,0.0,0.9906,0.0419,-0.1299,-0.0709,0.9713,-0.227,0.1167,0.2341,0.9652,0.669,0.7326,-0.1252,-0.7377,0.634,-0.2321,-0.0907,0.2476,0.9646,0.0001,0.0001,0.0,0.0,0.0,0.0,-0.0195,-0.032,0.1451,3.4152,9.0544,-50.0265,0.0,0.0434,-0.3692,0.0,0.0,0.0,4087545.5063,3156413.4058,4315581.8835,-3301.8304,-3743.2327,5861.7893,4087542.0911,3156404.3514,4315631.91,-3301.811,-3743.2007,5861.6441,0.0,0.0765,3.9732,0.0,0.0,1.0,0.0,1.0,0.0,0.0,-4.1,-36.453,0.0,0.0,-1.0,-0.7071,0.7071,0.0,0.149833240637717,0.0031622776601683794,-0.1,1.2338323209075164,2.52711828751372,1.5,0.15
310.3688,14.301,-0.133,-0.069,10.328,-0.037,-0.049,-0.15,0.003,0.001,-0.15,0.003,0.001,-0.213,0.29,0.281,0.002,0.007,0.004,0.0,0.0,0.0,862.109,-0.0,0.0,-0.0,0.0,0.0,0.0,0.0,0.0,0.9906,0.0419,-0.1299,-0.0709,0.9713,-0.227,0.1167,0.2341,0.9652,0.669,0.7326,-0.1252,-0.7377,0.634,-0.2321,-0.0907,0.2476,0.9646,0.0001,0.0001,0.0,0.0,0.0,0.0,-0.0195,-0.032,0.1451,3.4113,9.0479,-49.9968,0.0,0.0434,-0.3692,0.0,0.0,0.0,4086871.5159,3155649.3541,4316778.1143,-3302.9211,-3744.0749,5860.6374,4086868.1046,3155640.3062,4316828.1111,-3302.9017,-3744.0429,5860.4923,0.0,0.0765,3.9732,0.0,0.0,1.0,0.0,1.0,0.0,0.0,-4.1,-36.453,0.0,0.0,-1.0,-0.7071,0.7071,0.0,0.149833240637717,0.0031622776601683794,-0.1,1.2334573013012238,2.521652151111758,1.5,0.15
310.5867,14.268,-0.132,-0.069,10.296,-0.036,-0.049,-0.15,0.003,0.001,-0.15,0.003,0.001,-0.213,0.291,0.282,0.002,0.007,0.004,0.0,0.0,0.0,862.109,-0.0,0.0,-0.0,0.0,0.0,0.0,0.0,0.0,0.9906,0.0419,-0.13,-0.0709,0.9713,-0.227,0.1167,0.2341,0.9652,0.669,0.7326,-0.1252,-0.7377,0.634,-0.2321,-0.0907,0.2476,0.9646,0.0001,0.0001,0.0,0.0,0.0,0.0,-0.0195,-0.032,0.1451,3.407,9.0409,-49.9651,0.0,0.0434,-0.3692,0.0,0.0,0.0,4086150.2448,3154831.7932,4318057.5635,-3304.0878,-3744.9757,5859.4049,4086146.8378,3154822.7523,4318107.5286,-3304.0683,-3744.9437,5859.2598,0.0,0.0765,3.9732,0.0,0.0,1.0,0.0,1.0,0.0,0.0,-4.1,-36.453,0.0,0.0,-1.0,-0.7071,0.7071,0.0,0.14894629904767692,0.0031622776601683794,-0.1,1.2375730709417252,2.5158333607483785,1.5,0.15
310.7904,14.238,-0.131,-0.069,10.265,-0.035,-0.048,-0.15,0.003,0.001,-0.15,0.003,0.001,-0.212,0.292,0.283,0.002,0.007,0.004,0.0,0.0,0.0,862.109,-0.0,0.0,-0.0,0.0,0.0,0.0,0.0,0.0,0.9906,0.042,-0.13,-0.0709,0.9713,-0.2269,0.1167,0.234,0.9652,0.669,0.7326,-0.1252,-0.7377,0.634,-0.2321,-0.0907,0.2476,0.9646,0.0001,0.0001,0.0,0.0,0.0,0.0,-0.0195,-0.032,0.1451,3.403,9.0344,-49.9357,0.0,0.0434,-0.3692,0.0,0.0,0.0,4085480.6982,3154072.9443,4319244.6145,-3305.1702,-3745.8113,5858.2608,4085477.2952,3154063.9098,4319294.5503,-3305.1507,-3745.7794,5858.1157,0.0,0.0765,3.9732,0.0,0.0,1.0,0.0,1.0,0.0,0.0,-4.1,-36.453,0.0,0.0,-1.0,-0.7071,0.7071,0.0,0.14806079832285116,0.0031622776601683794,-0.1,1.2424087692125414,2.510543551327124,1.5,0.15
310.9992,14.207,-0.131,-0.069,10.234,-0.035,-0.048,-0.15,0.003,0.001,-0.15,0.003,0.001,-0.212,0.294,0.284,0.002,0.007,0.004,0.0,0.0,0.0,862.109,-0.0,0.0,-0.0,0.0,0.0,0.0,0.0,0.0,0.9906,0.042,-0.13,-0.0709,0.9713,-0.2269,0.1168,0.234,0.9652,0.669,0.7326,-0.1252,-0.7377,0.634,-0.2321,-0.0907,0.2476,0.9646,0.0001,0.0001,0.0,0.0,0.0,0.0,-0.0195,-0.032,0.1451,3.3989,9.0278,-49.9054,0.0,0.0434,-0.3692,0.0,0.0,0.0,4084788.8523,3153288.9054,4320470.5495,-3306.2881,-3746.6744,5857.0786,4084785.4534,3153279.8777,4320520.4548,-3306.2686,-3746.6424,5856.9335,0.0,0.0765,3.9732,0.0,0.0,1.0,0.0,1.0,0.0,0.0,-4.1,-36.453,0.0,0.0,-1.0,-0.7071,0.7071,0.0,0.14806079832285116,0.0031622776601683794,-0.1,1.2420423494913297,2.5050774149251622,1.5,0.15
311.2014,14.176,-0.13,-0.069,10.203,-0.034,-0.048,-0.15,0.001,0.001,-0.15,0.002,0.001,-0.211,0.295,0.285,0.002,0.007,0.005,0.0,0.0,0.0,862.104,-0.0,-1.0,-0.0,0.0,0.0,0.0,0.0,0.0,0.9906,0.042,-0.13,-0.0709,0.9713,-0.2269,0.1168,0.234,0.9652,0.669,0.7326,-0.1252,-0.7377,0.634,-0.2321,-0.0907,0.2476,0.9646,0.0001,0.0001,0.0,0.0,0.0,0.0,-0.0196,-0.0333,0.1448,3.395,9.0212,-49.8757,0.0,0.0434,-0.3692,0.0,0.0,0.0,4084113.0861,3152523.17,4321667.3517,-3307.3795,-3747.5181,5855.9237,4084109.6912,3152514.1488,4321717.2275,-3307.36,-3747.4848,5855.7789,0.0,0.0765,3.9732,0.0,0.0,1.0,0.0,1.0,0.0,0.0,-4.1,-36.453,0.0,0.0,-1.0,-0.7071,0.7071,0.0,0.14717676447048292,0.001414213562373095,-0.1,1.245850457273328,2.4996112785231994,1.5,0.15
311.4154,14.144,-0.13,-0.068,10.172,-0.034,-0.047,-0.15,-0.002,0.001,-0.15,-0.001,0.001,-0.211,0.297,0.286,0.002,0.007,0.005,0.0,0.0,0.0,862.092,-0.0,0.0,-0.0,0.0,0.0,0.0,0.0,0.0,0.9906,0.042,-0.1301,-0.071,0.9713,-0.2269,0.1168,0.234,0.9652,0.669,0.7326,-0.1252,-0.7377,0.634,-0.2321,-0.0907,0.2476,0.9646,0.0001,0.0001,0.0,0.0,0.0,0.0,-0.0197,-0.0364,0.1441,3.3908,9.0136,-49.8452,0.0,0.0434,-0.3692,0.0,0.0,0.0,4083412.8036,3151729.7383,4322906.9076,-3308.5101,-3748.3937,5854.7265,4083409.4128,3151720.7247,4322956.7527,-3308.4903,-3748.3573,5854.5825,0.0,0.0765,3.9732,0.0,0.0,1.0,0.0,1.0,0.0,0.0,-4.1,-36.453,0.0,0.0,-1.0,-0.7071,0.7071,0.0,0.14671059948074644,0.0022360679774997894,-0.1,1.246192498927263,2.4939688151405286,1.5,0.15
311.6206,14.114,-0.131,-0.068,10.141,-0.034,-0.047,-0.15,-0.002,0.001,-0.15,-0.001,0.001,-0.21,0.298,0.287,0.002,0.007,0.005,0.0,0.0,0.0,862.092,-0.0,0.0,-0.0,0.0,0.0,0.0,0.0,0.0,0.9906,0.042,-0.1301,-0.071,0.9713,-0.2269,0.1168,0.234,0.9652,0.669,0.7326,-0.1252,-0.7377,0.634,-0.2321,-0.0907,0.2476,0.9646,0.0001,0.0001,0.0,0.0,0.0,0.0,-0.0197,-0.0364,0.1441,3.3867,9.0062,-49.8157,0.0,0.0434,-0.3692,0.0,0.0,0.0,4082734.7874,3150961.6172,4324106.4056,-3309.604,-3749.238,5853.5682,4082731.4007,3150952.611,4324156.2213,-3309.5842,-3749.2016,5853.4241,0.0,0.0765,3.9732,0.0,0.0,1.0,0.0,1.0,0.0,0.0,-4.1,-36.453,0.0,0.0,-1.0,-0.7071,0.7071,0.0,0.14759742545180116,0.0022360679774997894,-0.1,1.2598388211781033,2.4886790057192747,1.5,0.15
311.8222,14.083,-0.131,-0.068,10.111,-0.035,-0.047,-0.15,-0.002,0.001,-0.15,-0.001,0.001,-0.21,0.3,0.288,0.002,0.007,0.005,0.0,0.0,0.0,862.092,-0.0,0.0,-0.0,0.0,0.0,0.0,0.0,0.0,0.9906,0.042,-0.1301,-0.071,0.9713,-0.2269,0.1169,0.234,0.9652,0.669,0.7326,-0.1252,-0.7377,0.634,-0.2321,-0.0907,0.2476,0.9646,0.0001,0.0001,0.0,0.0,0.0,0.0,-0.0198,-0.0364,0.1441,3.3827,8.9988,-49.7865,0.0,0.0434,-0.3692,0.0,0.0,0.0,4082065.6723,3150203.6594,4325289.5359,-3310.683,-3750.0708,5852.4252,4082062.2896,3150194.6606,4325339.3224,-3310.6633,-3750.0343,5852.2811,0.0,0.0765,3.9732,0.0,0.0,1.0,0.0,1.0,0.0,0.0,-4.1,-36.453,0.0,0.0,-1.0,-0.7071,0.7071,0.0,0.14759742545180116,0.0022360679774997894,-0.1,1.2412752458785057,2.4832128693173123,1.5,0.15
312.0258,14.053,-0.131,-0.068,10.08,-0.035,-0.047,-0.15,-0.002,0.001,-0.15,-0.001,0.001,-0.209,0.301,0.289,0.002,0.007,0.005,0.0,0.0,0.0,862.092,-0.0,0.0,-0.0,0.0,0.0,0.0,0.0,0.0,0.9906,0.042,-0.1301,-0.071,0.9713,-0.2268,0.1169,0.2339,0.9652,0.669,0.7326,-0.1252,-0.7377,0.634,-0.2321,-0.0907,0.2476,0.9646,0.0001,0.0001,0.0,0.0,0.0,0.0,-0.0198,-0.0365,0.1441,3.3787,8.9914,-49.7571,0.0,0.0434,-0.3692,0.0,0.0,0.0,4081390.2995,3149438.6932,4326483.1065,-3311.7716,-3750.9108,5851.2715,4081386.9208,3149429.7018,4326532.8636,-3311.7518,-3750.8744,5851.1274,0.0,0.0765,3.9732,0.0,0.0,1.0,0.0,1.0,0.0,0.0,-4.1,-36.453,0.0,0.0,-1.0,-0.7071,0.7071,0.0,0.14759742545180116,0.0022360679774997894,-0.1,1.240547027453882,2.4779230598960584,1.5,0.15
312.2317,14.022,-0.132,-0.068,10.049,-0.035,-0.046,-0.15,-0.002,0.001,-0.15,-0.001,0.001,-0.209,0.303,0.29,0.002,0.007,0.005,0.0,0.0,0.0,862.092,-0.0,0.0,-0.0,0.0,0.0,0.0,0.0,0.0,0.9906,0.042,-0.1302,-0.071,0.9713,-0.2268,0.1169,0.2339,0.9652,0.669,0.7326,-0.1252,-0.7377,0.634,-0.2321,-0.0907,0.2476,0.9646,0.0001,0.0001,0.0,0.0,0.0,0.0,-0.0198,-0.0365,0.1441,3.3746,8.9839,-49.7275,0.0,0.0434,-0.3692,0.0,0.0,0.0,4080708.0694,3148666.0409,4327688.1578,-3312.8707,-3751.7589,5850.1061,4080704.6948,3148657.057,4327737.8853,-3312.8509,-3751.7224,5849.962,0.0,0.0765,3.9732,0.0,0.0,1.0,0.0,1.0,0.0,0.0,-4.1,-36.453,0.0,0.0,-1.0,-0.7071,0.7071,0.0,0.1484856895461647,0.0022360679774997894,-0.1,1.2562106179704555,2.472456923494096,1.5,0.15
312.4358,13.991,-0.132,-0.067,10.019,-0.036,-0.046,-0.15,-0.002,0.001,-0.15,-0.001,0.001,-0.208,0.304,0.291,0.002,0.007,0.005,0.0,0.0,0.0,862.092,-0.0,0.0,-0.0,0.0,0.0,0.0,0.0,0.0,0.9906,0.042,-0.1302,-0.071,0.9713,-0.2268,0.1169,0.2339,0.9652,0.669,0.7326,-0.1252,-0.7377,0.634,-0.2321,-0.0907,0.2476,0.9646,0.0001,0.0001,0.0,0.0,0.0,0.0,-0.0198,-0.0365,0.1441,3.3706,8.9765,-49.6982,0.0,0.0434,-0.3692,0.0,0.0,0.0,4080033.9348,3147902.6371,4328878.2812,-3313.9562,-3752.5964,5848.9547,4080030.5642,3147893.6606,4328927.9793,-3313.9364,-3752.5599,5848.8106,0.0,0.0765,3.9732,0.0,0.0,1.0,0.0,1.0,0.0,0.0,-4.1,-36.453,0.0,0.0,-1.0,-0.7071,0.7071,0.0,0.14803040228277434,0.0022360679774997894,-0.1,1.2362882760735767,2.4669907870921333,1.5,0.15
312.6405,13.961,-0.133,-0.067,9.988,-0.036,-0.046,-0.15,-0.002,0.001,-0.15,-0.001,0.002,-0.208,0.305,0.292,0.002,0.007,0.005,0.0,0.0,0.0,862.092,-0.0,0.0,-0.0,0.0,0.0,0.0,0.0,0.0,0.9906,0.0421,-0.1302,-0.071,0.9714,-0.2268,0.1169,0.2339,0.9652,0.669,0.7326,-0.1252,-0.7377,0.634,-0.2321,-0.0907,0.2476,0.9646,0.0001,0.0001,0.0,0.0,0.0,0.0,-0.0198,-0.0365,0.1441,3.3665,8.969,-49.6687,0.0,0.0434,-0.3692,0.0,0.0,0.0,4079355.9297,3147134.9315,4330074.6098,-3315.0474,-3753.4383,5847.7967,4079352.5633,3147125.9625,4330124.2785,-3315.0276,-3753.4018,5847.6526,0.0,0.0765,3.9732,0.0,0.0,1.0,0.0,1.0,0.0,0.0,-4.1,-36.453,0.0,0.0,-1.0,-0.7071,0.7071,0.0,0.14892279879185727,0.0022360679774997894,-0.1,1.2499037794320536,2.4617009776708794,1.5,0.15
312.8476,13.93,-0.133,-0.067,9.957,-0.036,-0.045,-0.15,-0.002,0.001,-0.15,-0.001,0.002,-0.207,0.307,0.293,0.002,0.007,0.005,0.0,0.0,0.0,862.092,-0.0,0.0,-0.0,0.0,0.0,0.0,0.0,0.0,0.9906,0.0421,-0.1302,-0.0711,0.9714,-0.2268,0.117,0.2339,0.9652,0.669,0.7326,-0.1252,-0.7377,0.634,-0.2321,-0.0907,0.2476,0.9646,0.0001,0.0001,0.0,0.0,0.0,0.0,-0.0198,-0.0365,0.1441,3.3624,8.9615,-49.639,0.0,0.0434,-0.3692,0.0,0.0,0.0,4078673.9645,3146362.8222,4331277.2888,-3316.1444,-3754.2846,5846.632,4078670.6021,3146353.8607,4331326.9278,-3316.1246,-3754.2481,5846.4879,0.0,0.0765,3.9732,0.0,0.0,1.0,0.0,1.0,0.0,0.0,-4.1,-36.453,0.0,0.0,-1.0,-0.7071,0.7071,0.0,0.14892279879185727,0.0022360679774997894,-0.1,1.2512427133771509,2.456234841268917,1.5,0.15
313.0527,13.899,-0.133,-0.067,9.926,-0.036,-0.045,-0.15,-0.002,0.001,-0.15,-0.001,0.002,-0.207,0.308,0.294,0.002,0.007,0.005,0.0,0.0,0.0,862.092,-0.0,0.0,-0.0,0.0,0.0,0.0,0.0,0.0,0.9906,0.0421,-0.1303,-0.0711,0.9714,-0.2267,0.117,0.2339,0.9652,0.669,0.7326,-0.1252,-0.7377,0.634,-0.2321,-0.0907,0.2476,0.9646,0.0001,0.0001,0.0,0.0,0.0,0.0,-0.0198,-0.0365,0.1441,3.3583,8.954,-49.6093,0.0,0.0434,-0.3692,0.0,0.0,0.0,4077988.3951,3145586.7147,4332485.6822,-3317.2467,-3755.1349,5845.4612,4077985.0369,3145577.7608,4332535.2914,-3317.2268,-3755.0984,5845.3171,0.0,0.0765,3.9732,0.0,0.0,1.0,0.0,1.0,0.0,0.0,-4.1,-36.453,0.0,0.0,-1.0,-0.7071,0.7071,0.0,0.14892279879185727,0.0022360679774997894,-0.1,1.2508446647628204,2.4507687048669546,1.5,0.15
313.2573,13.868,-0.134,-0.066,9.895,-0.037,-0.045,-0.15,-0.002,0.001,-0.15,-0.001,0.002,-0.206,0.31,0.295,0.002,0.007,0.005,0.0,0.0,0.0,862.092,-0.0,0.0,-0.0,0.0,0.0,0.0,0.0,0.0,0.9906,0.0421,-0.1303,-0.0711,0.9714,-0.2267,0.117,0.2338,0.9652,0.669,0.7326,-0.1252,-0.7377,0.634,-0.2321,-0.0907,0.2476,0.9646,0.0001,0.0001,0.0,0.0,0.0,0.0,-0.0199,-0.0365,0.1441,3.3542,8.9465,-49.5797,0.0,0.0434,-0.3692,0.0,0.0,0.0,4077307.8662,3144816.3941,4333684.5543,-3318.3403,-3755.9784,5844.299,4077304.512,3144807.4476,4333734.134,-3318.3204,-3755.9419,5844.155,0.0,0.0765,3.9732,0.0,0.0,1.0,0.0,1.0,0.0,0.0,-4.1,-36.453,0.0,0.0,-1.0,-0.7071,0.7071,0.0,0.14937201879870274,0.0022360679774997894,-0.1,1.2448253352536962,2.4453025684649923,1.5,0.15
313.4625,13.838,-0.134,-0.066,9.865,-0.037,-0.044,-0.15,-0.002,0.001,-0.15,-0.001,0.002,-0.206,0.311,0.296,0.002,0.007,0.005,0.0,0.0,0.0,862.092,-0.0,0.0,-0.0,0.0,0.0,0.0,0.0,0.0,0.9906,0.0421,-0.1303,-0.0711,0.9714,-0.2267,0.117,0.2338,0.9652,0.669,0.7326,-0.1252,-0.7377,0.634,-0.2321,-0.0907,0.2476,0.9646,0.0001,0.0001,0.0,0.0,0.0,0.0,-0.0199,-0.0365,0.1441,3.3502,8.939,-49.5503,0.0,0.0434,-0.3692,0.0,0.0,0.0,4076630.8335,3144050.1115,4334876.6393,-3319.4277,-3756.8171,5843.1429,4076627.4833,3144041.1725,4334926.1896,-3319.4079,-3756.7806,5842.9989,0.0,0.0765,3.9732,0.0,0.0,1.0,0.0,1.0,0.0,0.0,-4.1,-36.453,0.0,0.0,-1.0,-0.7071,0.7071,0.0,0.14937201879870274,0.0022360679774997894,-0.1,1.2462159489728235,2.4400127590437384,1.5,0.15
313.6702,13.807,-0.134,-0.066,9.834,-0.037,-0.044,-0.15,-0.002,0.001,-0.15,-0.002,0.002,-0.205,0.313,0.297,0.002,0.007,0.005,0.0,0.0,0.0,862.092,-0.0,0.0,-0.0,0.0,0.0,0.0,0.0,0.0,0.9906,0.0421,-0.1303,-0.0711,0.9714,-0.2267,0.1171,0.2338,0.9652,0.669,0.7326,-0.1252,-0.7377,0.634,-0.2321,-0.0907,0.2476,0.9646,0.0001,0.0001,0.0,0.0,0.0,0.0,-0.0199,-0.0365,0.1441,3.346,8.9315,-49.5206,0.0,0.0434,-0.3692,0.0,0.0,0.0,4075945.8619,3143274.9254,4336082.0664,-3320.5274,-3757.6652,5841.9733,4075942.5158,3143265.9939,4336131.587,-3320.5075,-3757.6287,5841.8293,0.0,0.0765,3.9732,0.0,0.0,1.0,0.0,1.0,0.0,0.0,-4.1,-36.453,0.0,0.0,-1.0,-0.7071,0.7071,0.0,0.14937201879870274,0.0022360679774997894,-0.1,1.2458022998651996,2.434546622641776,1.5,0.15
313.8759,13.776,-0.135,-0.066,9.803,-0.038,-0.044,-0.15,-0.002,0.001,-0.15,-0.002,0.002,-0.205,0.314,0.298,0.002,0.007,0.005,0.0,0.0,0.0,862.092,-0.0,0.0,-0.0,0.0,0.0,0.0,0.0,0.0,0.9906,0.0421,-0.1304,-0.0711,0.9714,-0.2267,0.1171,0.2338,0.9652,0.669,0.7326,-0.1252,-0.7377,0.634,-0.2321,-0.0907,0.2476,0.9646,0.0001,0.0001,0.0,0.0,0.0,0.0,-0.0199,-0.0366,0.1441,3.3419,8.9239,-49.4907,0.0,0.0434,-0.3692,0.0,0.0,0.0,4075257.9229,3142496.4624,4337292.0699,-3321.6313,-3758.5165,5840.7987,4075254.5809,3142487.5385,4337341.5606,-3321.6114,-3758.4799,5840.6547,0.0,0.0765,3.9732,0.0,0.0,1.0,0.0,1.0,0.0,0.0,-4.1,-36.453,0.0,0.0,-1.0,-0.7071,0.7071,0.0,0.15026975743641835,0.0022360679774997894,-0.1,1.241093207738225,2.4290804862398137,1.5,0.15
314.0795,13.745,-0.135,-0.066,9.772,-0.038,-0.043,-0.15,-0.002,0.001,-0.15,-0.002,0.002,-0.204,0.316,0.299,0.002,0.007,0.005,0.0,0.0,0.0,862.092,-0.0,0.0,-0.0,0.0,0.0,0.0,0.0,0.0,0.9906,0.0421,-0.1304,-0.0711,0.9714,-0.2266,0.1171,0.2338,0.9652,0.669,0.7326,-0.1252,-0.7377,0.634,-0.2321,-0.0907,0.2476,0.9646,0.0001,0.0001,0.0,0.0,0.0,0.0,-0.0199,-0.0366,0.1441,3.3379,8.9165,-49.4613,0.0,0.0434,-0.3692,0.0,0.0,0.0,4074579.2077,3141728.5185,4338485.2182,-3322.7198,-3759.3558,5839.64,4074575.8699,3141719.6021,4338534.6795,-3322.6999,-3759.3192,5839.4959,0.0,0.0765,3.9732,0.0,0.0,1.0,0.0,1.0,0.0,0.0,-4.1,-36.453,0.0,0.0,-1.0,-0.7071,0.7071,0.0,0.15026975743641835,0.0022360679774997894,-0.1,1.2427207445354735,2.423614349837851,1.5,0.15
314.2844,13.714,-0.136,-0.065,9.742,-0.038,-0.043,-0.15,-0.002,0.001,-0.15,-0.002,0.002,-0.204,0.317,0.3,0.002,0.007,0.005,0.0,0.0,0.0,862.092,-0.0,0.0,-0.0,0.0,0.0,0.0,0.0,0.0,0.9906,0.0421,-0.1304,-0.0712,0.9714,-0.2266,0.1171,0.2338,0.9652,0.669,0.7326,-0.1252,-0.7377,0.634,-0.2321,-0.0907,0.2476,0.9646,0.0001,0.0001,0.0,0.0,0.0,0.0,-0.0199,-0.0366,0.1441,3.3338,8.909,-49.4319,0.0,0.0434,-0.3692,0.0,0.0,0.0,4073900.4332,3140960.5874,4339677.8436,-3323.8079,-3760.1948,5838.4811,4073897.0994,3140951.6784,4339727.2755,-3323.788,-3760.1582,5838.3371,0.0,0.0765,3.9732,0.0,0.0,1.0,0.0,1.0,0.0,0.0,-4.1,-36.453,0.0,0.0,-1.0,-0.7071,0.7071,0.0,0.1507348665704123,0.0022360679774997894,-0.1,1.2553947586842464,2.418148213435889,1.5,0.15
314.4897,13.684,-0.136,-0.065,9.711,-0.039,-0.043,-0.144,-0.002,0.001,-0.144,-0.002,0.002,-0.203,0.318,0.301,0.002,0.007,0.005,0.0,0.0,0.0,862.075,-0.0,0.0,1.0,0.0,0.0,0.0,0.0,0.0,0.9906,0.0422,-0.1304,-0.0712,0.9714,-0.2266,0.1171,0.2338,0.9652,0.669,0.7326,-0.1252,-0.7377,0.634,-0.2321,-0.0907,0.2476,0.9646,0.0001,0.0001,0.0,0.0,0.0,0.0,-0.0192,-0.0352,0.1385,3.3297,8.9015,-49.4024,0.0,0.0434,-0.3692,0.0,0.0,0.0,4073209.5042,3140178.9875,4340891.1801,-3324.9142,-3761.0469,5837.2961,4073206.1745,3140170.086,4340940.5824,-3324.895,-3761.0117,5837.1575,0.0,0.0765,3.9732,0.0,0.0,1.0,0.0,1.0,0.0,0.0,-4.1,-36.453,0.0,0.0,-1.0,-0.7071,0.7071,0.0,0.1507348665704123,0.0022360679774997894,-0.1,1.2359460114722964,2.4128584040146346,1.5,0.15
314.705,13.653,-0.136,-0.065,9.681,-0.039,-0.042,-0.136,-0.002,0.001,-0.136,-0.001,0.002,-0.203,0.32,0.302,0.002,0.007,0.005,0.0,0.0,0.0,862.051,-0.0,0.0,1.0,0.0,0.0,0.0,0.0,0.0,0.9906,0.0422,-0.1305,-0.0712,0.9714,-0.2266,0.1172,0.2337,0.9652,0.669,0.7326,-0.1252,-0.7377,0.634,-0.2321,-0.0907,0.2476,0.9646,0.0001,0.0001,0.0,0.0,0.0,0.0,-0.0181,-0.0333,0.1307,3.3256,8.8941,-49.3733,0.0,0.0434,-0.3692,0.0,0.0,0.0,4072490.8134,3139366.0705,4342152.5792,-3326.0641,-3761.9322,5836.0614,4072487.4878,3139357.1764,4342201.9525,-3326.0459,-3761.8989,5835.9307,0.0,0.0765,3.9732,0.0,0.0,1.0,0.0,1.0,0.0,0.0,-4.1,-36.453,0.0,0.0,-1.0,-0.7071,0.7071,0.0,0.1507348665704123,0.0022360679774997894,-0.1,1.2379892268829973,2.407392267612672,1.5,0.15
314.9051,13.627,-0.137,-0.065,9.654,-0.039,-0.042,-0.129,-0.002,0.001,-0.129,-0.001,0.002,-0.202,0.321,0.303,0.002,0.007,0.004,0.0,0.0,0.0,862.029,-0.0,0.0,1.0,0.0,0.0,0.0,0.0,0.0,0.9906,0.0422,-0.1305,-0.0712,0.9714,-0.2266,0.1172,0.2337,0.9652,0.669,0.7326,-0.1252,-0.7377,0.634,-0.2321,-0.0907,0.2476,0.9646,0.0001,0.0001,0.0,0.0,0.0,0.0,-0.0172,-0.0315,0.1236,3.3221,8.8877,-49.348,0.0,0.0434,-0.3692,0.0,0.0,0.0,4071829.233,3138617.8308,4343313.1205,-3327.122,-3762.7466,5834.9249,4071825.9109,3138608.9431,4343362.4684,-3327.1049,-3762.7152,5834.8014,0.0,0.0765,3.9732,0.0,0.0,1.0,0.0,1.0,0.0,0.0,-4.1,-36.453,0.0,0.0,-1.0,-0.7071,0.7071,0.0,0.15163772617656862,0.0022360679774997894,-0.1,1.2515472276976254,2.402807766114252,1.5,0.15
315.1208,13.6,-0.137,-0.064,9.627,-0.04,-0.042,-0.121,-0.002,0.001,-0.121,-0.001,0.001,-0.201,0.323,0.304,0.002,0.007,0.004,0.0,0.0,0.0,862.005,-0.0,0.0,1.0,0.0,0.0,0.0,0.0,0.0,0.9906,0.0422,-0.1305,-0.0712,0.9714,-0.2266,0.1172,0.2337,0.9652,0.669,0.7326,-0.1252,-0.7377,0.634,-0.2321,-0.0907,0.2476,0.9646,0.0001,0.0001,0.0,0.0,0.0,0.0,-0.0161,-0.0295,0.1157,3.3185,8.8811,-49.3221,0.0,0.0434,-0.3692,0.0,0.0,0.0,4071109.5765,3137803.994,4344574.8634,-3328.2723,-3763.6321,5833.6888,4071106.2581,3137795.1129,4344624.1855,-3328.2562,-3763.6025,5833.573,0.0,0.0765,3.9732,0.0,0.0,1.0,0.0,1.0,0.0,0.0,-4.1,-36.453,0.0,0.0,-1.0,-0.7071,0.7071,0.0,0.15121177202850314,0.0022360679774997894,-0.1,1.2308555507675252,2.3980469376351237,1.5,0.15
315.3378,13.575,-0.137,-0.064,9.602,-0.04,-0.042,-0.112,-0.002,0.001,-0.112,-0.001,0.001,-0.201,0.324,0.304,0.002,0.007,0.004,0.0,0.0,0.0,861.98,-0.0,0.0,1.0,0.0,0.0,0.0,0.0,0.0,0.9905,0.0422,-0.1305,-0.0712,0.9714,-0.2265,0.1172,0.2337,0.9652,0.669,0.7326,-0.1252,-0.7377,0.634,-0.2321,-0.0907,0.2476,0.9646,0.0001,0.0001,0.0,0.0,0.0,0.0,-0.0151,-0.0276,0.1079,3.3151,8.8749,-49.2979,0.0,0.0434,-0.3692,0.0,0.0,0.0,4070388.0829,3136988.1698,4345839.1219,-3329.4249,-3764.5193,5832.4495,4070384.7677,3136979.2948,4345888.4198,-3329.4098,-3764.4917,5832.3416,0.0,0.0765,3.9732,0.0,0.0,1.0,0.0,1.0,0.0,0.0,-4.1,-36.453,0.0,0.0,-1.0,-0.7071,0.7071,0.0,0.15121177202850314,0.0022360679774997894,-0.1,1.2304848506113883,2.393638763117412,1.5,0.15
315.5546,13.551,-0.138,-0.064,9.579,-0.04,-0.041,-0.104,-0.002,0.001,-0.104,-0.001,0.001,-0.2,0.326,0.305,0.002,0.007,0.004,0.0,0.0,0.0,861.956,-0.0,0.0,1.0,0.0,0.0,0.0,0.0,0.0,0.9905,0.0422,-0.1306,-0.0712,0.9714,-0.2265,0.1173,0.2337,0.9652,0.669,0.7326,-0.1252,-0.7377,0.634,-0.2321,-0.0907,0.2476,0.9646,0.0001,0.0001,0.0,0.0,0.0,0.0,-0.014,-0.0256,0.1001,3.312,8.8692,-49.2753,0.0,0.0434,-0.3692,0.0,0.0,0.0,4069666.432,3136172.2583,4347102.9503,-3330.5771,-3765.4061,5831.2101,4069663.12,3136163.3891,4347152.2256,-3330.5631,-3765.3805,5831.11,0.0,0.0765,3.9732,0.0,0.0,1.0,0.0,1.0,0.0,0.0,-4.1,-36.453,0.0,0.0,-1.0,-0.7071,0.7071,0.0,0.15211837495845135,0.0022360679774997894,-0.1,1.2469809135105423,2.389406915580409,1.5,0.15
315.7547,13.531,-0.138,-0.064,9.558,-0.04,-0.041,-0.097,-0.001,0.001,-0.097,-0.001,0.001,-0.2,0.327,0.306,0.002,0.007,0.004,0.0,0.0,0.0,861.934,-0.0,0.0,1.0,0.0,0.0,0.0,0.0,0.0,0.9905,0.0422,-0.1306,-0.0713,0.9714,-0.2265,0.1173,0.2337,0.9652,0.669,0.7326,-0.1252,-0.7377,0.634,-0.2321,-0.0907,0.2476,0.9646,0.0001,0.0001,0.0,0.0,0.0,0.0,-0.013,-0.0238,0.0929,3.3092,8.8642,-49.256,0.0,0.0434,-0.3692,0.0,0.0,0.0,4068998.5927,3135417.2667,4348271.9079,-3331.6429,-3766.2263,5830.0631,4068995.2835,3135408.4025,4348321.1639,-3331.6298,-3766.2025,5829.9702,0.0,0.0765,3.9732,0.0,0.0,1.0,0.0,1.0,0.0,0.0,-4.1,-36.453,0.0,0.0,-1.0,-0.7071,0.7071,0.0,0.15211837495845135,0.001414213562373095,-0.1,1.2463016001070273,2.3858803759662397,1.5,0.15
315.9702,13.511,-0.138,-0.064,9.538,-0.041,-0.041,-0.089,-0.001,0.001,-0.089,-0.001,0.001,-0.199,0.329,0.307,0.002,0.007,0.004,0.0,0.0,0.0,861.91,-0.0,0.0,1.0,0.0,0.0,0.0,0.0,0.0,0.9905,0.0422,-0.1306,-0.0713,0.9714,-0.2265,0.1173,0.2337,0.9652,0.669,0.7326,-0.1252,-0.7377,0.634,-0.2321,-0.0907,0.2476,0.9646,0.0001,0.0001,0.0,0.0,0.0,0.0,-0.012,-0.0219,0.0851,3.3065,8.8593,-49.2368,0.0,0.0434,-0.3692,0.0,0.0,0.0,4068281.7449,3134606.9574,4349525.9776,-3332.7863,-3767.1062,5828.832,4068278.4384,3134598.0981,4349575.2144,-3332.7743,-3767.0843,5828.7469,0.0,0.0765,3.9732,0.0,0.0,1.0,0.0,1.0,0.0,0.0,-4.1,-36.453,0.0,0.0,-1.0,-0.7071,0.7071,0.0,0.15211837495845135,0.001414213562373095,-0.1,1.2273239268448193,2.38235383635207,1.5,0.15
316.1792,13.493,-0.139,-0.063,9.521,-0.041,-0.04,-0.084,-0.001,0.001,-0.084,-0.001,0.001,-0.199,0.33,0.308,0.002,0.007,0.004,0.0,0.0,0.0,861.895,-0.0,0.0,-0.0,0.0,0.0,0.0,0.0,0.0,0.9905,0.0422,-0.1306,-0.0713,0.9714,-0.2265,0.1173,0.2336,0.9652,0.669,0.7326,-0.1252,-0.7377,0.634,-0.2321,-0.0907,0.2476,0.9646,0.0001,0.0001,0.0,0.0,0.0,0.0,-0.0113,-0.0207,0.0803,3.3041,8.8549,-49.2198,0.0,0.0434,-0.3692,0.0,0.0,0.0,4067590.1803,3133825.3105,4350735.1562,-3333.8892,-3767.9553,5827.6471,4067586.8762,3133816.4556,4350784.376,-3333.8778,-3767.9346,5827.5668,0.0,0.0765,3.9732,0.0,0.0,1.0,0.0,1.0,0.0,0.0,-4.1,-36.453,0.0,0.0,-1.0,-0.7071,0.7071,0.0,0.15261061562027722,0.001414213562373095,-0.1,1.2422713963389342,2.379179950699318,1.5,0.15
316.3837,13.476,-0.139,-0.063,9.504,-0.041,-0.04,-0.084,-0.001,0.001,-0.084,-0.001,0.001,-0.198,0.332,0.308,0.002,0.007,0.004,0.0,0.0,0.0,861.895,-0.0,0.0,-0.0,0.0,0.0,0.0,0.0,0.0,0.9905,0.0422,-0.1307,-0.0713,0.9714,-0.2265,0.1173,0.2336,0.9652,0.669,0.7326,-0.1252,-0.7377,0.634,-0.2321,-0.0907,0.2476,0.9646,0.0001,0.0001,0.0,0.0,0.0,0.0,-0.0114,-0.0207,0.0803,3.3018,8.8507,-49.2035,0.0,0.0434,-0.3692,0.0,0.0,0.0,4066912.4878,3133059.4232,4351919.4552,-3334.97,-3768.788,5826.4908,4066909.1859,3133050.5725,4351968.6587,-3334.9587,-3768.7673,5826.4105,0.0,0.0765,3.9732,0.0,0.0,1.0,0.0,1.0,0.0,0.0,-4.1,-36.453,0.0,0.0,-1.0,-0.7071,0.7071,0.0,0.15261061562027722,0.001414213562373095,-0.1,1.242007474384087,2.376182392027274,1.5,0.15
316.5875,13.459,-0.139,-0.063,9.487,-0.041,-0.04,-0.084,-0.001,0.001,-0.084,-0.001,0.001,-0.198,0.333,0.309,0.002,0.007,0.004,0.0,0.0,0.0,861.895,-0.0,0.0,-0.0,0.0,0.0,0.0,0.0,0.0,0.9905,0.0423,-0.1307,-0.0713,0.9714,-0.2264,0.1174,0.2336,0.9652,0.669,0.7326,-0.1252,-0.7377,0.634,-0.2321,-0.0907,0.2476,0.9646,0.0001,0.0001,0.0,0.0,0.0,0.0,-0.0114,-0.0207,0.0803,3.2995,8.8465,-49.187,0.0,0.0434,-0.3692,0.0,0.0,0.0,4066227.8796,3132285.7997,4353115.2099,-3336.0614,-3769.6287,5825.3227,4066224.5801,3132276.9532,4353164.3969,-3336.05,-3769.608,5825.2424,0.0,0.0765,3.9732,0.0,0.0,1.0,0.0,1.0,0.0,0.0,-4.1,-36.453,0.0,0.0,-1.0,-0.7071,0.7071,0.0,0.15261061562027722,0.001414213562373095,-0.1,1.241742892188873,2.37318483335523,1.5,0.15
316.7939,13.442,-0.139,-0.063,9.469,-0.042,-0.04,-0.084,-0.001,0.001,-0.084,-0.001,0.001,-0.197,0.335,0.31,0.002,0.007,0.004,0.0,0.0,0.0,861.895,-0.0,0.0,-0.0,0.0,0.0,0.0,0.0,0.0,0.9905,0.0423,-0.1307,-0.0713,0.9714,-0.2264,0.1174,0.2336,0.9652,0.669,0.7326,-0.1252,-0.7377,0.634,-0.2321,-0.0907,0.2476,0.9646,0.0001,0.0001,0.0,0.0,0.0,0.0,-0.0114,-0.0208,0.0803,3.2971,8.8422,-49.1705,0.0,0.0434,-0.3692,0.0,0.0,0.0,4065540.7822,3131509.4449,4354314.6798,-3337.1562,-3770.472,5824.1504,4065537.485,3131500.6027,4354363.8503,-3337.1448,-3770.4513,5824.0701,0.0,0.0765,3.9732,0.0,0.0,1.0,0.0,1.0,0.0,0.0,-4.1,-36.453,0.0,0.0,-1.0,-0.7071,0.7071,0.0,0.15261061562027722,0.001414213562373095,-0.1,1.2224076577697898,2.370187274683186,1.5,0.15
316.9972,13.425,-0.14,-0.063,9.452,-0.042,-0.039,-0.084,-0.001,0.001,-0.084,-0.001,0.001,-0.197,0.336,0.311,0.002,0.007,0.004,0.0,0.0,0.0,861.895,-0.0,0.0,-0.0,0.0,0.0,0.0,0.0,0.0,0.9905,0.0423,-0.1307,-0.0713,0.9714,-0.2264,0.1174,0.2336,0.9652,0.669,0.7326,-0.1252,-0.7377,0.634,-0.2321,-0.0907,0.2476,0.9646,0.0001,0.0001,0.0,0.0,0.0,0.0,-0.0114,-0.0208,0.0803,3.2948,8.838,-49.1542,0.0,0.0434,-0.3692,0.0,0.0,0.0,4064862.5498,3130743.1861,4355498.0507,-3338.2363,-3771.304,5822.9933,4064859.2551,3130734.3481,4355547.2049,-3338.2249,-3771.2832,5822.913,0.0,0.0765,3.9732,0.0,0.0,1.0,0.0,1.0,0.0,0.0,-4.1,-36.453,0.0,0.0,-1.0,-0.7071,0.7071,0.0,0.15352198539622916,0.001414213562373095,-0.1,1.2389259328112594,2.3671897160111426,1.5,0.15
317.2002,13.408,-0.14,-0.063,9.435,-0.042,-0.039,-0.084,-0.001,0.001,-0.084,-0.001,0.001,-0.196,0.337,0.311,0.002,0.007,0.004,0.0,0.0,0.0,861.895,-0.0,0.0,-0.0,0.0,0.0,0.0,0.0,0.0,0.9905,0.0423,-0.1307,-0.0714,0.9714,-0.2264,0.1174,0.2336,0.9652,0.669,0.7326,-0.1252,-0.7377,0.634,-0.2321,-0.0907,0.2476,0.9646,0.0001,0.0001,0.0,0.0,0.0,0.0,-0.0114,-0.0208,0.0803,3.2925,8.8338,-49.1378,0.0,0.0434,-0.3692,0.0,0.0,0.0,4064183.5368,3129976.1239,4356682.1644,-3339.3172,-3772.1364,5821.8349,4064180.2443,3129967.2901,4356731.3023,-3339.3057,-3772.1156,5821.7546,0.0,0.0765,3.9732,0.0,0.0,1.0,0.0,1.0,0.0,0.0,-4.1,-36.453,0.0,0.0,-1.0,-0.7071,0.7071,0.0,0.15352198539622916,0.001414213562373095,-0.1,1.2386512465397426,2.3641921573390983,1.5,0.15
317.4097,13.39,-0.14,-0.062,9.417,-0.042,-0.039,-0.088,-0.001,0.001,-0.088,-0.001,0.001,-0.196,0.339,0.312,0.002,0.007,0.003,0.0,0.0,0.0,861.882,-0.0,0.0,-1.0,0.0,0.0,0.0,0.0,0.0,0.9905,0.0423,-0.1308,-0.0714,0.9714,-0.2264,0.1175,0.2336,0.9652,0.669,0.7326,-0.1252,-0.7377,0.634,-0.2321,-0.0907,0.2476,0.9646,0.0001,0.0001,0.0,0.0,0.0,0.0,-0.012,-0.0218,0.0844,3.29,8.8293,-49.1206,0.0,0.0434,-0.3692,0.0,0.0,0.0,4063477.9261,3129179.0993,4357912.0066,-3340.4403,-3773.0019,5820.6354,4063474.6361,3129170.2699,4357961.1273,-3340.4284,-3772.9801,5820.5509,0.0,0.0765,3.9732,0.0,0.0,1.0,0.0,1.0,0.0,0.0,-4.1,-36.453,0.0,0.0,-1.0,-0.7071,0.7071,0.0,0.15311433636338564,0.001414213562373095,-0.1,1.2364332350759026,2.361018271686346,1.5,0.15
317.6119,13.372,-0.141,-0.062,9.399,-0.042,-0.038,-0.09,-0.001,0.001,-0.09,-0.001,0.001,-0.195,0.34,0.313,0.002,0.007,0.003,0.0,0.0,0.0,861.876,-0.0,0.0,-0.0,0.0,0.0,0.0,0.0,0.0,0.9905,0.0423,-0.1308,-0.0714,0.9714,-0.2264,0.1175,0.2336,0.9652,0.669,0.7326,-0.1252,-0.7377,0.634,-0.2321,-0.0907,0.2476,0.9646,0.0001,0.0001,0.0,0.0,0.0,0.0,-0.0122,-0.0222,0.0861,3.2876,8.8249,-49.1034,0.0,0.0434,-0.3692,0.0,0.0,0.0,4062808.6752,3128423.2233,4359077.8595,-3341.5048,-3773.8218,5819.4954,4062805.3876,3128414.3984,4359126.963,-3341.4926,-3773.7996,5819.4093,0.0,0.0765,3.9732,0.0,0.0,1.0,0.0,1.0,0.0,0.0,-4.1,-36.453,0.0,0.0,-1.0,-0.7071,0.7071,0.0,0.1540292180074936,0.001414213562373095,-0.1,1.2529611847908422,2.3578443860335936,1.5,0.15
317.8191,13.354,-0.141,-0.062,9.381,-0.043,-0.038,-0.09,-0.001,0.001,-0.09,-0.001,0.001,-0.195,0.342,0.313,0.002,0.007,0.003,0.0,0.0,0.0,861.876,-0.0,0.0,-0.0,0.0,0.0,0.0,0.0,0.0,0.9905,0.0423,-0.1308,-0.0714,0.9714,-0.2264,0.1175,0.2336,0.9652,0.669,0.7326,-0.1252,-0.7377,0.634,-0.2321,-0.0907,0.2476,0.9646,0.0001,0.0001,0.0,0.0,0.0,0.0,-0.0122,-0.0222,0.0861,3.285,8.8203,-49.0856,0.0,0.0434,-0.3692,0.0,0.0,0.0,4062117.1314,3127642.2494,4360281.9166,-3342.604,-3774.6681,5818.3159,4062113.8464,3127633.4291,4360331.0022,-3342.5917,-3774.646,5818.2297,0.0,0.0765,3.9732,0.0,0.0,1.0,0.0,1.0,0.0,0.0,-4.1,-36.453,0.0,0.0,-1.0,-0.7071,0.7071,0.0,0.1540292180074936,0.001414213562373095,-0.1,1.233989830252251,2.3546705003808412,1.5,0.15
318.0288,13.335,-0.141,-0.062,9.362,-0.043,-0.038,-0.09,-0.001,0.001,-0.09,-0.001,0.001,-0.194,0.343,0.314,0.002,0.007,0.003,0.0,0.0,0.0,861.876,-0.0,0.0,-0.0,0.0,0.0,0.0,0.0,0.0,0.9905,0.0423,-0.1308,-0.0714,0.9714,-0.2264,0.1175,0.2335,0.9652,0.669,0.7326,-0.1252,-0.7377,0.634,-0.2321,-0.0907,0.2476,0.9646,0.0001,0.0001,0.0,0.0,0.0,0.0,-0.0123,-0.0222,0.0861,3.2824,8.8157,-49.0675,0.0,0.0434,-0.3692,0.0,0.0,0.0,4061415.7279,3126850.2242,4361502.4876,-3343.7182,-3775.526,5817.1195,4061412.4455,3126841.4086,4361551.5551,-3343.706,-3775.5038,5817.0334,0.0,0.0765,3.9732,0.0,0.0,1.0,0.0,1.0,0.0,0.0,-4.1,-36.453,0.0,0.0,-1.0,-0.7071,0.7071,0.0,0.1540292180074936,0.001414213562373095,-0.1,1.2336730494104704,2.3513202877473804,1.5,0.15
318.2335,13.316,-0.142,-0.062,9.344,-0.043,-0.037,-0.09,-0.001,0.001,-0.09,-0.001,0.002,-0.194,0.345,0.314,0.002,0.007,0.003,0.0,0.0,0.0,861.876,-0.0,0.0,-0.0,0.0,0.0,0.0,0.0,0.0,0.9905,0.0423,-0.1309,-0.0714,0.9714,-0.2263,0.1175,0.2335,0.9652,0.669,0.7326,-0.1252,-0.7377,0.634,-0.2321,-0.0907,0.2476,0.9646,0.0001,0.0001,0.0,0.0,0.0,0.0,-0.0123,-0.0222,0.0861,3.2799,8.8111,-49.0498,0.0,0.0434,-0.3692,0.0,0.0,0.0,4060729.0493,3126074.9074,4362696.7973,-3344.8086,-3776.3654,5815.9484,4060725.7693,3126066.0963,4362745.8472,-3344.7963,-3776.3432,5815.8623,0.0,0.0765,3.9732,0.0,0.0,1.0,0.0,1.0,0.0,0.0,-4.1,-36.453,0.0,0.0,-1.0,-0.7071,0.7071,0.0,0.1549451515859725,0.001414213562373095,-0.1,1.2508121933392693,2.3479700751139196,1.5,0.15
318.4465,13.297,-0.142,-0.061,9.325,-0.044,-0.037,-0.09,-0.001,0.001,-0.09,-0.001,0.002,-0.193,0.346,0.315,0.002,0.007,0.003,0.0,0.0,0.0,861.876,-0.0,0.0,-0.0,0.0,0.0,0.0,0.0,0.0,0.9905,0.0424,-0.1309,-0.0714,0.9714,-0.2263,0.1176,0.2335,0.9652,0.669,0.7326,-0.1252,-0.7377,0.634,-0.2321,-0.0907,0.2476,0.9646,0.0001,0.0001,0.0,0.0,0.0,0.0,-0.0123,-0.0222,0.0861,3.2773,8.8064,-49.0316,0.0,0.0434,-0.3692,0.0,0.0,0.0,4060019.4749,3125273.8246,4363930.2683,-3345.9347,-3777.2323,5814.7383,4060016.1976,3125265.0182,4363979.2999,-3345.9224,-3777.2101,5814.6521,0.0,0.0765,3.9732,0.0,0.0,1.0,0.0,1.0,0.0,0.0,-4.1,-36.453,0.0,0.0,-1.0,-0.7071,0.7071,0.0,0.1545477272560163,0.001414213562373095,-0.1,1.2296355310240088,2.344619862480459,1.5,0.15
318.6517,13.279,-0.142,-0.061,9.306,-0.044,-0.037,-0.09,-0.001,0.001,-0.09,-0.001,0.002,-0.193,0.348,0.316,0.002,0.007,0.003,0.0,0.0,0.0,861.876,-0.0,0.0,-0.0,0.0,0.0,0.0,0.0,0.0,0.9905,0.0424,-0.1309,-0.0715,0.9714,-0.2263,0.1176,0.2335,0.9652,0.669,0.7326,-0.1252,-0.7377,0.634,-0.2321,-0.0907,0.2476,0.9646,0.0001,0.0001,0.0,0.0,0.0,0.0,-0.0123,-0.0222,0.0861,3.2747,8.8018,-49.0138,0.0,0.0434,-0.3692,0.0,0.0,0.0,4059330.0337,3124495.5532,4365128.0975,-3347.0283,-3778.0741,5813.5625,4059326.7589,3124486.7514,4365177.1113,-3347.016,-3778.0519,5813.4764,0.0,0.0765,3.9732,0.0,0.0,1.0,0.0,1.0,0.0,0.0,-4.1,-36.453,0.0,0.0,-1.0,-0.7071,0.7071,0.0,0.1545477272560163,0.001414213562373095,-0.1,1.22894508987552,2.3414459768277065,1.5,0.15
318.8562,13.261,-0.142,-0.061,9.288,-0.044,-0.036,-0.09,-0.002,0.001,-0.09,-0.001,0.002,-0.192,0.349,0.316,0.002,0.007,0.003,0.0,0.0,0.0,861.876,-0.0,0.0,-0.0,0.0,0.0,0.0,0.0,0.0,0.9905,0.0424,-0.1309,-0.0715,0.9714,-0.2263,0.1176,0.2335,0.9652,0.669,0.7326,-0.1252,-0.7377,0.634,-0.2321,-0.0907,0.2476,0.9646,0.0001,0.0001,0.0,0.0,0.0,0.0,-0.0123,-0.0222,0.0861,3.2722,8.7973,-48.9963,0.0,0.0434,-0.3692,0.0,0.0,0.0,4058649.6496,3123727.5847,4366309.5691,-3348.107,-3778.9044,5812.4023,4058646.3773,3123718.7874,4366358.5654,-3348.0947,-3778.8821,5812.3162,0.0,0.0765,3.9732,0.0,0.0,1.0,0.0,1.0,0.0,0.0,-4.1,-36.453,0.0,0.0,-1.0,-0.7071,0.7071,0.0,0.1545477272560163,0.0022360679774997894,-0.1,1.2315445323619008,2.3382720911749537,1.5,0.15
319.0618,13.242,-0.143,-0.061,9.269,-0.044,-0.036,-0.09,-0.002,0.001,-0.09,-0.001,0.002,-0.192,0.35,0.317,0.002,0.007,0.003,0.0,0.0,0.0,861.876,-0.0,0.0,-0.0,0.0,0.0,0.0,0.0,0.0,0.9905,0.0424,-0.131,-0.0715,0.9714,-0.2263,0.1176,0.2335,0.9652,0.669,0.7326,-0.1252,-0.7377,0.634,-0.2321,-0.0907,0.2476,0.9646,0.0001,0.0001,0.0,0.0,0.0,0.0,-0.0123,-0.0223,0.0861,3.2697,8.7927,-48.9785,0.0,0.0434,-0.3692,0.0,0.0,0.0,4057957.8447,3122946.8066,4367510.2419,-3349.2033,-3779.7481,5811.2227,4057954.575,3122938.0139,4367559.2205,-3349.1909,-3779.7258,5811.1365,0.0,0.0765,3.9732,0.0,0.0,1.0,0.0,1.0,0.0,0.0,-4.1,-36.453,0.0,0.0,-1.0,-0.7071,0.7071,0.0,0.15546703830716013,0.0022360679774997894,-0.1,1.245440333603016,2.3349218785414934,1.5,0.15
319.2671,13.224,-0.143,-0.06,9.251,-0.045,-0.036,-0.09,-0.002,0.001,-0.09,-0.001,0.002,-0.191,0.352,0.318,0.002,0.007,0.003,0.0,0.0,0.0,861.876,-0.0,0.0,-0.0,0.0,0.0,0.0,0.0,0.0,0.9905,0.0424,-0.131,-0.0715,0.9714,-0.2263,0.1177,0.2335,0.9652,0.669,0.7326,-0.1252,-0.7377,0.634,-0.2321,-0.0907,0.2476,0.9646,0.0001,0.0001,0.0,0.0,0.0,0.0,-0.0123,-0.0223,0.0861,3.2672,8.7881,-48.9608,0.0,0.0434,-0.3692,0.0,0.0,0.0,4057269.5054,3122170.0199,4368704.2678,-3350.2935,-3780.5871,5810.049,4057266.2383,3122161.2318,4368753.2286,-3350.2812,-3780.5648,5809.9629,0.0,0.0765,3.9732,0.0,0.0,1.0,0.0,1.0,0.0,0.0,-4.1,-36.453,0.0,0.0,-1.0,-0.7071,0.7071,0.0,0.15507740002979156,0.0022360679774997894,-0.1,1.2242097228638606,2.331747992888741,1.5,0.15
319.4741,13.205,-0.143,-0.06,9.232,-0.045,-0.035,-0.09,-0.002,0.001,-0.09,-0.001,0.002,-0.191,0.353,0.318,0.002,0.007,0.003,0.0,0.0,0.0,861.876,-0.0,0.0,-0.0,0.0,0.0,0.0,0.0,0.0,0.9905,0.0424,-0.131,-0.0715,0.9714,-0.2263,0.1177,0.2335,0.9652,0.669,0.7326,-0.1252,-0.7377,0.634,-0.2321,-0.0907,0.2476,0.9646,0.0001,0.0001,0.0,0.0,0.0,0.0,-0.0124,-0.0223,0.0861,3.2646,8.7835,-48.943,0.0,0.0434,-0.3692,0.0,0.0,0.0,4056575.6054,3121387.0398,4369907.3029,-3351.392,-3781.4324,5808.8659,4056572.3408,3121378.2562,4369956.2459,-3351.3797,-3781.4101,5808.7798,0.0,0.0765,3.9732,0.0,0.0,1.0,0.0,1.0,0.0,0.0,-4.1,-36.453,0.0,0.0,-1.0,-0.7071,0.7071,0.0,0.15507740002979156,0.0022360679774997894,-0.1,1.2268554960510378,2.32839778025528,1.5,0.15
319.6811,13.186,-0.144,-0.06,9.214,-0.045,-0.035,-0.09,-0.002,0.001,-0.09,-0.001,0.002,-0.19,0.355,0.319,0.002,0.007,0.003,0.0,0.0,0.0,861.876,-0.0,0.0,-0.0,0.0,0.0,0.0,0.0,0.0,0.9905,0.0424,-0.131,-0.0715,0.9714,-0.2263,0.1177,0.2335,0.9652,0.669,0.7326,-0.1252,-0.7377,0.634,-0.2321,-0.0907,0.2476,0.9646,0.0001,0.0001,0.0,0.0,0.0,0.0,-0.0124,-0.0223,0.0861,3.262,8.7789,-48.9252,0.0,0.0434,-0.3692,0.0,0.0,0.0,4055883.7781,3120606.4792,4371106.1074,-3352.4867,-3782.2747,5807.6864,4055880.5161,3120597.7002,4371155.0327,-3352.4743,-3782.2524,5807.6003,0.0,0.0765,3.9732,0.0,0.0,1.0,0.0,1.0,0.0,0.0,-4.1,-36.453,0.0,0.0,-1.0,-0.7071,0.7071,0.0,0.156,0.0022360679774997894,-0.1,1.241120391785799,2.325047567621819,1.5,0.15
319.8875,13.168,-0.144,-0.06,9.195,-0.045,-0.035,-0.09,-0.002,0.001,-0.09,-0.001,0.002,-0.19,0.356,0.319,0.002,0.007,0.003,0.0,0.0,0.0,861.876,-0.0,0.0,-0.0,0.0,0.0,0.0,0.0,0.0,0.9905,0.0424,-0.1311,-0.0715,0.9714,-0.2262,0.1177,0.2335,0.9652,0.669,0.7326,-0.1252,-0.7377,0.634,-0.2321,-0.0907,0.2476,0.9646,0.0001,0.0001,0.0,0.0,0.0,0.0,-0.0124,-0.0223,0.0861,3.2595,8.7743,-48.9075,0.0,0.0434,-0.3692,0.0,0.0,0.0,4055193.2682,3119827.4862,4372301.9972,-3353.5788,-3783.1149,5806.5092,4055190.0087,3119818.7118,4372350.9047,-3353.5664,-3783.0926,5806.4231,0.0,0.0765,3.9732,0.0,0.0,1.0,0.0,1.0,0.0,0.0,-4.1,-36.453,0.0,0.0,-1.0,-0.7071,0.7071,0.0,0.156,0.0022360679774997894,-0.1,1.240411722365174,2.3218736819690666,1.5,0.15
320.0901,13.15,-0.144,-0.06,9.177,-0.046,-0.034,-0.09,-0.002,0.001,-0.09,-0.001,0.002,-0.189,0.358,0.32,0.002,0.007,0.003,0.0,0.0,0.0,861.876,-0.0,0.0,-0.0,0.0,0.0,0.0,0.0,0.0,0.9905,0.0424,-0.1311,-0.0716,0.9714,-0.2262,0.1177,0.2335,0.9652,0.669,0.7326,-0.1252,-0.7377,0.634,-0.2321,-0.0907,0.2476,0.9646,0.0001,0.0001,0.0,0.0,0.0,0.0,-0.0124,-0.0223,0.0861,3.2569,8.7698,-48.89,0.0,0.0434,-0.3692,0.0,0.0,0.0,4054510.7889,3119057.6324,4373483.3584,-3354.6576,-3783.9448,5805.3458,4054507.532,3119048.8626,4373532.2484,-3354.6452,-3783.9225,5805.2597,0.0,0.0765,3.9732,0.0,0.0,1.0,0.0,1.0,0.0,0.0,-4.1,-36.453,0.0,0.0,-1.0,-0.7071,0.7071,0.0,0.156,0.0022360679774997894,-0.1,1.2246772552567964,2.3186997963163143,1.5,0.15
320.294,13.131,-0.145,-0.059,9.159,-0.046,-0.034,-0.09,-0.002,0.001,-0.09,-0.001,0.002,-0.189,0.359,0.321,0.002,0.007,0.003,0.0,0.0,0.0,861.876,-0.0,0.0,-0.0,0.0,0.0,0.0,0.0,0.0,0.9905,0.0424,-0.1311,-0.0716,0.9714,-0.2262,0.1178,0.2334,0.9652,0.669,0.7326,-0.1252,-0.7377,0.634,-0.2321,-0.0907,0.2476,0.9646,0.0001,0.0001,0.0,0.0,0.0,0.0,-0.0124,-0.0223,0.0861,3.2544,8.7653,-48.8725,0.0,0.0434,-0.3692,0.0,0.0,0.0,4053829.1698,3118288.8267,4374662.614,-3355.7345,-3784.7732,5804.1839,4053825.9154,3118280.0614,4374711.4865,-3355.7221,-3784.7509,5804.0977,0.0,0.0765,3.9732,0.0,0.0,1.0,0.0,1.0,0.0,0.0,-4.1,-36.453,0.0,0.0,-1.0,-0.7071,0.7071,0.0,0.1565439235486322,0.0022360679774997894,-0.1,1.2364081162288614,2.3153495836828535,1.5,0.15
320.4987,13.113,-0.145,-0.059,9.14,-0.046,-0.034,-0.09,-0.002,0.001,-0.09,-0.001,0.002,-0.188,0.361,0.321,0.002,0.007,0.003,0.0,0.0,0.0,861.876,-0.0,0.0,-0.0,0.0,0.0,0.0,0.0,0.0,0.9905,0.0425,-0.1311,-0.0716,0.9714,-0.2262,0.1178,0.2334,0.9652,0.669,0.7326,-0.1252,-0.7377,0.634,-0.2321,-0.0907,0.2476,0.9646,0.0001,0.0001,0.0,0.0,0.0,0.0,-0.0124,-0.0223,0.0861,3.2518,8.7607,-48.8549,0.0,0.0434,-0.3692,0.0,0.0,0.0,4053142.7473,3117514.683,4375849.5603,-3356.8185,-3785.607,5803.0138,4053139.4955,3117505.9223,4375898.4152,-3356.8061,-3785.5847,5802.9277,0.0,0.0765,3.9732,0.0,0.0,1.0,0.0,1.0,0.0,0.0,-4.1,-36.453,0.0,0.0,-1.0,-0.7071,0.7071,0.0,0.1565439235486322,0.0022360679774997894,-0.1,1.235690066402361,2.312175698030101,1.5,0.15
320.704,13.094,-0.145,-0.059,9.122,-0.047,-0.034,-0.09,-0.002,0.001,-0.09,-0.001,0.002,-0.188,0.362,0.322,0.002,0.007,0.003,0.0,0.0,0.0,861.876,-0.0,0.0,-0.0,0.0,0.0,0.0,0.0,0.0,0.9905,0.0425,-0.1312,-0.0716,0.9714,-0.2262,0.1178,0.2334,0.9652,0.669,0.7326,-0.1252,-0.7377,0.634,-0.2321,-0.0907,0.2476,0.9646,0.0001,0.0001,0.0,0.0,0.0,0.0,-0.0124,-0.0224,0.0861,3.2493,8.7561,-48.8371,0.0,0.0434,-0.3692,0.0,0.0,0.0,4052451.1698,3116734.8058,4377044.7909,-3357.9101,-3786.4466,5801.8351,4052447.9205,3116726.0496,4377093.628,-3357.8977,-3786.4243,5801.7489,0.0,0.0765,3.9732,0.0,0.0,1.0,0.0,1.0,0.0,0.0,-4.1,-36.453,0.0,0.0,-1.0,-0.7071,0.7071,0.0,0.1565439235486322,0.0022360679774997894,-0.1,1.217031812926545,2.3088254853966403,1.5,0.15
320.9126,13.076,-0.146,-0.059,9.103,-0.047,-0.033,-0.09,-0.002,0.001,-0.09,-0.001,0.002,-0.187,0.363,0.322,0.002,0.007,0.003,0.0,0.0,0.0,861.876,-0.0,0.0,-0.0,0.0,0.0,0.0,0.0,0.0,0.9904,0.0425,-0.1312,-0.0716,0.9714,-0.2262,0.1178,0.2334,0.9652,0.669,0.7326,-0.1252,-0.7377,0.634,-0.2321,-0.0907,0.2476,0.9646,0.0001,0.0001,0.0,0.0,0.0,0.0,-0.0124,-0.0224,0.0861,3.2467,8.7515,-48.8192,0.0,0.0434,-0.3692,0.0,0.0,0.0,4051752.9709,3115947.5431,4378250.8242,-3359.0116,-3787.2937,5800.6451,4051749.7242,3115938.7916,4378299.6434,-3358.9991,-3787.2714,5800.5589,0.0,0.0765,3.9732,0.0,0.0,1.0,0.0,1.0,0.0,0.0,-4.1,-36.453,0.0,0.0,-1.0,-0.7071,0.7071,0.0,0.15747063218263907,0.0022360679774997894,-0.1,1.2338247542083667,2.305651599743888,1.5,0.15
321.1254,13.057,-0.146,-0.058,9.084,-0.047,-0.033,-0.09,-0.002,0.001,-0.09,-0.001,0.002,-0.187,0.365,0.323,0.002,0.007,0.003,0.0,0.0,0.0,861.876,-0.0,0.0,-0.0,0.0,0.0,0.0,0.0,0.0,0.9904,0.0425,-0.1312,-0.0716,0.9715,-0.2262,0.1179,0.2334,0.9652,0.669,0.7326,-0.1252,-0.7377,0.634,-0.2321,-0.0907,0.2476,0.9646,0.0001,0.0001,0.0,0.0,0.0,0.0,-0.0125,-0.0224,0.0861,3.244,8.7467,-48.801,0.0,0.0434,-0.3692,0.0,0.0,0.0,4051042.0017,3115145.9662,4379478.2572,-3360.1327,-3788.1559,5799.4334,4051038.7577,3115137.2195,4379527.0582,-3360.1202,-3788.1335,5799.3473,0.0,0.0765,3.9732,0.0,0.0,1.0,0.0,1.0,0.0,0.0,-4.1,-36.453,0.0,0.0,-1.0,-0.7071,0.7071,0.0,0.15709869509324384,0.0022360679774997894,-0.1,1.2309263129175017,2.302301387110427,1.5,0.15
321.3284,13.038,-0.146,-0.058,9.066,-0.047,-0.032,-0.09,-0.002,0.001,-0.09,-0.001,0.002,-0.186,0.366,0.324,0.002,0.007,0.003,0.0,0.0,0.0,861.876,-0.0,0.0,-0.0,0.0,0.0,0.0,0.0,0.0,0.9904,0.0425,-0.1312,-0.0716,0.9715,-0.2262,0.1179,0.2334,0.9652,0.669,0.7326,-0.1252,-0.7377,0.634,-0.2321,-0.0907,0.2476,0.9646,0.0001,0.0001,0.0,0.0,0.0,0.0,-0.0125,-0.0224,0.0861,3.2415,8.7422,-48.7834,0.0,0.0434,-0.3692,0.0,0.0,0.0,4050354.6047,3114371.0456,4380664.3603,-3361.216,-3788.9889,5798.2619,4050351.3632,3114362.3034,4380713.1437,-3361.2036,-3788.9665,5798.1758,0.0,0.0765,3.9732,0.0,0.0,1.0,0.0,1.0,0.0,0.0,-4.1,-36.453,0.0,0.0,-1.0,-0.7071,0.7071,0.0,0.15709869509324384,0.0022360679774997894,-0.1,1.2343316214195839,2.2989511744769664,1.5,0.15
321.5328,13.02,-0.147,-0.058,9.048,-0.048,-0.032,-0.09,-0.002,0.001,-0.09,-0.001,0.002,-0.186,0.368,0.324,0.002,0.007,0.003,0.0,0.0,0.0,861.876,-0.0,0.0,-0.0,0.0,0.0,0.0,0.0,0.0,0.9904,0.0425,-0.1313,-0.0717,0.9715,-0.2261,0.1179,0.2334,0.9652,0.669,0.7326,-0.1252,-0.7377,0.634,-0.2321,-0.0907,0.2476,0.9646,0.0001,0.0001,0.0,0.0,0.0,0.0,-0.0125,-0.0224,0.0861,3.2389,8.7376,-48.7658,0.0,0.0434,-0.3692,0.0,0.0,0.0,4049669.8123,3113599.1407,4381845.352,-3362.2948,-3789.8183,5797.095,4049666.5734,3113590.403,4381894.1178,-3362.2823,-3789.7959,5797.0088,0.0,0.0765,3.9732,0.0,0.0,1.0,0.0,1.0,0.0,0.0,-4.1,-36.453,0.0,0.0,-1.0,-0.7071,0.7071,0.0,0.15802847844613324,0.0022360679774997894,-0.1,1.2294920217309273,2.295777288824214,1.5,0.15
321.7411,13.001,-0.147,-0.058,9.029,-0.048,-0.032,-0.09,-0.002,0.001,-0.09,-0.001,0.002,-0.185,0.369,0.325,0.002,0.007,0.003,0.0,0.0,0.0,861.876,-0.0,0.0,-0.0,0.0,0.0,0.0,0.0,0.0,0.9904,0.0425,-0.1313,-0.0717,0.9715,-0.2261,0.1179,0.2334,0.9652,0.669,0.7326,-0.1252,-0.7377,0.634,-0.2321,-0.0907,0.2476,0.9646,0.0001,0.0001,0.0,0.0,0.0,0.0,-0.0125,-0.0224,0.0861,3.2363,8.733,-48.7479,0.0,0.0434,-0.3692,0.0,0.0,0.0,4048970.8528,3112811.3477,4383050.1409,-3363.3953,-3790.6644,5795.9039,4048967.6164,3112802.6148,4383098.8889,-3363.3828,-3790.642,5795.8178,0.0,0.0765,3.9732,0.0,0.0,1.0,0.0,1.0,0.0,0.0,-4.1,-36.453,0.0,0.0,-1.0,-0.7071,0.7071,0.0,0.15802847844613324,0.0022360679774997894,-0.1,1.2291225647871444,2.2924270761907533,1.5,0.15
321.9501,12.983,-0.147,-0.057,9.01,-0.048,-0.031,-0.09,-0.002,0.001,-0.09,-0.001,0.002,-0.185,0.371,0.325,0.002,0.007,0.003,0.0,0.0,0.0,861.876,-0.0,0.0,-0.0,0.0,0.0,0.0,0.0,0.0,0.9904,0.0425,-0.1313,-0.0717,0.9715,-0.2261,0.1179,0.2334,0.9652,0.669,0.7326,-0.1252,-0.7377,0.634,-0.2321,-0.0907,0.2476,0.9646,0.0001,0.0001,0.0,0.0,0.0,0.0,-0.0125,-0.0224,0.0861,3.2337,8.7283,-48.7299,0.0,0.0434,-0.3692,0.0,0.0,0.0,4048265.3102,3112016.2175,4384265.6249,-3364.5056,-3791.518,5794.7017,4048262.0765,3112007.4893,4384314.3547,-3364.4931,-3791.4956,5794.6156,0.0,0.0765,3.9732,0.0,0.0,1.0,0.0,1.0,0.0,0.0,-4.1,-36.453,0.0,0.0,-1.0,-0.7071,0.7071,0.0,0.15766420012165094,0.0022360679774997894,-0.1,1.2292417969713196,2.289253190538001,1.5,0.15
322.1559,12.964,-0.148,-0.057,8.992,-0.049,-0.031,-0.09,-0.002,0.001,-0.09,-0.002,0.002,-0.184,0.372,0.326,0.002,0.007,0.003,0.0,0.0,0.0,861.876,-0.0,0.0,-0.0,0.0,0.0,0.0,0.0,0.0,0.9904,0.0425,-0.1313,-0.0717,0.9715,-0.2261,0.118,0.2334,0.9652,0.669,0.7326,-0.1252,-0.7377,0.634,-0.2321,-0.0907,0.2476,0.9646,0.0001,0.0001,0.0,0.0,0.0,0.0,-0.0125,-0.0224,0.0861,3.2311,8.7236,-48.7121,0.0,0.0434,-0.3692,0.0,0.0,0.0,4047571.9819,3111234.934,4385459.4313,-3365.5961,-3792.3563,5793.5204,4047568.7508,3111226.2104,4385508.1434,-3365.5836,-3792.3338,5793.4343,0.0,0.0765,3.9732,0.0,0.0,1.0,0.0,1.0,0.0,0.0,-4.1,-36.453,0.0,0.0,-1.0,-0.7071,0.7071,0.0,0.15859697348940804,0.0022360679774997894,-0.1,1.2247470671061276,2.28590297790454,1.5,0.15
322.3713,12.945,-0.148,-0.057,8.972,-0.049,-0.031,-0.09,-0.002,0.001,-0.09,-0.002,0.002,-0.184,0.374,0.327,0.002,0.007,0.003,0.0,0.0,0.0,861.876,-0.0,0.0,-0.0,0.0,0.0,0.0,0.0,0.0,0.9904,0.0425,-0.1314,-0.0717,0.9715,-0.2261,0.118,0.2334,0.9652,0.669,0.7326,-0.1252,-0.7377,0.634,-0.2321,-0.0907,0.2476,0.9646,0.0001,0.0001,0.0,0.0,0.0,0.0,-0.0125,-0.0225,0.0861,3.2284,8.7188,-48.6936,0.0,0.0434,-0.3692,0.0,0.0,0.0,4046846.6666,3110417.6922,4386707.6409,-3366.7364,-3793.2327,5792.2846,4046843.4382,3110408.9734,4386756.3344,-3366.7239,-3793.2103,5792.1985,0.0,0.0765,3.9732,0.0,0.0,1.0,0.0,1.0,0.0,0.0,-4.1,-36.453,0.0,0.0,-1.0,-0.7071,0.7071,0.0,0.15859697348940804,0.0022360679774997894,-0.1,1.223977535024636,2.2825527652710793,1.5,0.15
322.5904,12.925,-0.149,-0.057,8.953,-0.049,-0.03,-0.09,-0.002,0.001,-0.09,-0.002,0.002,-0.183,0.375,0.327,0.002,0.007,0.003,0.0,0.0,0.0,861.876,-0.0,0.0,-0.0,0.0,0.0,0.0,0.0,0.0,0.9904,0.0426,-0.1314,-0.0717,0.9715,-0.2261,0.118,0.2333,0.9652,0.669,0.7326,-0.1252,-0.7377,0.634,-0.2321,-0.0907,0.2476,0.9646,0.0001,0.0001,0.0,0.0,0.0,0.0,-0.0126,-0.0225,0.0861,3.2256,8.7139,-48.6748,0.0,0.0434,-0.3692,0.0,0.0,0.0,4046112.0468,3109590.0559,4387971.16,-3367.8907,-3794.1199,5791.0331,4046108.8212,3109581.3419,4388019.8348,-3367.8782,-3794.0974,5790.947,0.0,0.0765,3.9732,0.0,0.0,1.0,0.0,1.0,0.0,0.0,-4.1,-36.453,0.0,0.0,-1.0,-0.7071,0.7071,0.0,0.15953056133543816,0.0022360679774997894,-0.1,1.2418305992497862,2.27902622565691,1.5,0.15
322.805,12.906,-0.149,-0.056,8.933,-0.05,-0.03,-0.09,-0.002,0.001,-0.09,-0.002,0.002,-0.183,0.377,0.328,0.002,0.007,0.003,0.0,0.0,0.0,861.876,-0.0,0.0,-0.0,0.0,0.0,0.0,0.0,0.0,0.9904,0.0426,-0.1314,-0.0717,0.9715,-0.2261,0.118,0.2333,0.9652,0.669,0.7326,-0.1252,-0.7377,0.634,-0.2321,-0.0907,0.2476,0.9646,0.0001,0.0001,0.0,0.0,0.0,0.0,-0.0126,-0.0225,0.0861,3.2229,8.7091,-48.6562,0.0,0.0434,-0.3692,0.0,0.0,0.0,4045385.1628,3108771.2235,4389220.6792,-3369.0323,-3794.9972,5789.7948,4045381.9398,3108762.5144,4389269.3354,-3369.0197,-3794.9747,5789.7087,0.0,0.0765,3.9732,0.0,0.0,1.0,0.0,1.0,0.0,0.0,-4.1,-36.453,0.0,0.0,-1.0,-0.7071,0.7071,0.0,0.15917600321656528,0.0022360679774997894,-0.1,1.2195474183643447,2.2756760130234492,1.5,0.15
323.0115,12.887,-0.149,-0.056,8.915,-0.05,-0.029,-0.09,-0.002,0.001,-0.09,-0.002,0.002,-0.182,0.378,0.329,0.002,0.007,0.003,0.0,0.0,0.0,861.876,-0.0,0.0,-0.0,0.0,0.0,0.0,0.0,0.0,0.9904,0.0426,-0.1314,-0.0718,0.9715,-0.2261,0.1181,0.2333,0.9652,0.669,0.7326,-0.1252,-0.7377,0.634,-0.2321,-0.0907,0.2476,0.9646,0.0001,0.0001,0.0,0.0,0.0,0.0,-0.0126,-0.0225,0.0861,3.2203,8.7044,-48.6384,0.0,0.0434,-0.3692,0.0,0.0,0.0,4044687.6665,3107985.5792,4390419.0316,-3370.1271,-3795.8385,5788.6066,4044684.4462,3107976.8748,4390467.6699,-3370.1145,-3795.816,5788.5205,0.0,0.0765,3.9732,0.0,0.0,1.0,0.0,1.0,0.0,0.0,-4.1,-36.453,0.0,0.0,-1.0,-0.7071,0.7071,0.0,0.15917600321656528,0.0022360679774997894,-0.1,1.2233798781307557,2.2723258003899884,1.5,0.15
323.2198,12.868,-0.15,-0.056,8.896,-0.05,-0.029,-0.09,-0.002,0.001,-0.09,-0.002,0.002,-0.181,0.38,0.329,0.002,0.007,0.003,0.0,0.0,0.0,861.876,-0.0,0.0,-0.0,0.0,0.0,0.0,0.0,0.0,0.9904,0.0426,-0.1315,-0.0718,0.9715,-0.226,0.1181,0.2333,0.9652,0.669,0.7326,-0.1252,-0.7377,0.634,-0.2321,-0.0907,0.2476,0.9646,0.0001,0.0001,0.0,0.0,0.0,0.0,-0.0126,-0.0225,0.0861,3.2177,8.6997,-48.6204,0.0,0.0434,-0.3692,0.0,0.0,0.0,4043985.0514,3107194.2511,4391625.5362,-3371.2294,-3796.6855,5787.4098,4043981.8337,3107185.5513,4391674.1566,-3371.2169,-3796.663,5787.3237,0.0,0.0765,3.9732,0.0,0.0,1.0,0.0,1.0,0.0,0.0,-4.1,-36.453,0.0,0.0,-1.0,-0.7071,0.7071,0.0,0.16011246047700348,0.0022360679774997894,-0.1,1.2370914041832681,2.268975587756527,1.5,0.15
323.426,12.85,-0.15,-0.055,8.877,-0.051,-0.029,-0.09,-0.002,0.001,-0.09,-0.002,0.002,-0.181,0.381,0.33,0.002,0.007,0.003,0.0,0.0,0.0,861.876,-0.0,0.0,-0.0,0.0,0.0,0.0,0.0,0.0,0.9904,0.0426,-0.1315,-0.0718,0.9715,-0.226,0.1181,0.2333,0.9652,0.669,0.7326,-0.1252,-0.7377,0.634,-0.2321,-0.0907,0.2476,0.9646,0.0001,0.0001,0.0,0.0,0.0,0.0,-0.0126,-0.0225,0.0861,3.2151,8.6951,-48.6027,0.0,0.0434,-0.3692,0.0,0.0,0.0,4043290.2157,3106411.7659,4392818.0502,-3372.319,-3797.5227,5786.2263,4043287.0006,3106403.0708,4392866.6529,-3372.3064,-3797.5002,5786.1402,0.0,0.0765,3.9732,0.0,0.0,1.0,0.0,1.0,0.0,0.0,-4.1,-36.453,0.0,0.0,-1.0,-0.7071,0.7071,0.0,0.15976545308670456,0.0022360679774997894,-0.1,1.2147555684353946,2.265801702103775,1.5,0.15
323.6327,12.831,-0.15,-0.055,8.859,-0.051,-0.028,-0.09,-0.002,0.001,-0.09,-0.002,0.002,-0.18,0.382,0.33,0.002,0.007,0.003,0.0,0.0,0.0,861.876,-0.0,0.0,-0.0,0.0,0.0,0.0,0.0,0.0,0.9904,0.0426,-0.1315,-0.0718,0.9715,-0.226,0.1181,0.2333,0.9652,0.669,0.7326,-0.1252,-0.7377,0.634,-0.2321,-0.0907,0.2476,0.9646,0.0001,0.0001,0.0,0.0,0.0,0.0,-0.0126,-0.0225,0.0861,3.2125,8.6905,-48.5849,0.0,0.0434,-0.3692,0.0,0.0,0.0,4042594.8625,3105628.7778,4394010.8217,-3373.4089,-3798.36,5785.042,4042591.65,3105620.0873,4394059.4067,-3373.3963,-3798.3374,5784.9559,0.0,0.0765,3.9732,0.0,0.0,1.0,0.0,1.0,0.0,0.0,-4.1,-36.453,0.0,0.0,-1.0,-0.7071,0.7071,0.0,0.15976545308670456,0.0022360679774997894,-0.1,1.2186612584193741,2.262451489470314,1.5,0.15
323.8403,12.813,-0.151,-0.055,8.84,-0.051,-0.028,-0.09,-0.002,0.001,-0.09,-0.002,0.002,-0.18,0.384,0.331,0.002,0.007,0.003,0.0,0.0,0.0,861.876,-0.0,0.0,-0.0,0.0,0.0,0.0,0.0,0.0,0.9904,0.0426,-0.1315,-0.0718,0.9715,-0.226,0.1182,0.2333,0.9652,0.669,0.7326,-0.1252,-0.7377,0.634,-0.2321,-0.0907,0.2476,0.9646,0.0001,0.0001,0.0,0.0,0.0,0.0,-0.0126,-0.0225,0.0861,3.2098,8.6858,-48.5671,0.0,0.0434,-0.3692,0.0,0.0,0.0,4041896.7759,3104842.7927,4395207.6492,-3374.5025,-3799.2001,5783.853,4041893.566,3104834.1069,4395256.2163,-3374.4898,-3799.1775,5783.7669,0.0,0.0765,3.9732,0.0,0.0,1.0,0.0,1.0,0.0,0.0,-4.1,-36.453,0.0,0.0,-1.0,-0.7071,0.7071,0.0,0.16070469812671936,0.0022360679774997894,-0.1,1.2319752283707364,2.2592776038175617,1.5,0.15
324.0467,12.794,-0.151,-0.055,8.821,-0.052,-0.028,-0.09,-0.002,0.001,-0.09,-0.002,0.002,-0.179,0.385,0.332,0.002,0.007,0.003,0.0,0.0,0.0,861.876,-0.0,0.0,-0.0,0.0,0.0,0.0,0.0,0.0,0.9904,0.0426,-0.1316,-0.0718,0.9715,-0.226,0.1182,0.2333,0.9652,0.669,0.7326,-0.1252,-0.7377,0.634,-0.2321,-0.0907,0.2476,0.9646,0.0001,0.0001,0.0,0.0,0.0,0.0,-0.0126,-0.0226,0.0861,3.2072,8.6811,-48.5492,0.0,0.0434,-0.3692,0.0,0.0,0.0,4041194.9362,3104052.6636,4396410.2722,-3375.6014,-3800.0442,5782.6578,4041191.729,3104043.9825,4396458.8214,-3375.5888,-3800.0216,5782.5717,0.0,0.0765,3.9732,0.0,0.0,1.0,0.0,1.0,0.0,0.0,-4.1,-36.453,0.0,0.0,-1.0,-0.7071,0.7071,0.0,0.16070469812671936,0.0022360679774997894,-0.1,1.21293382759834,2.255927391184101,1.5,0.15
324.2607,12.775,-0.152,-0.054,8.803,-0.052,-0.027,-0.09,-0.002,0.001,-0.09,-0.002,0.002,-0.179,0.387,0.332,0.002,0.007,0.003,0.0,0.0,0.0,861.876,-0.0,0.0,-0.0,0.0,0.0,0.0,0.0,0.0,0.9904,0.0426,-0.1316,-0.0719,0.9715,-0.226,0.1182,0.2333,0.9652,0.669,0.7326,-0.1252,-0.7377,0.634,-0.2321,-0.0907,0.2476,0.9646,0.0001,0.0001,0.0,0.0,0.0,0.0,-0.0127,-0.0226,0.0861,3.2045,8.6764,-48.531,0.0,0.0434,-0.3692,0.0,0.0,0.0,4040483.0149,3103251.2679,4397629.5172,-3376.7156,-3800.8999,5781.4454,4040479.8103,3103242.5916,4397678.0482,-3376.7029,-3800.8774,5781.3593,0.0,0.0765,3.9732,0.0,0.0,1.0,0.0,1.0,0.0,0.0,-4.1,-36.453,0.0,0.0,-1.0,-0.7071,0.7071,0.0,0.16130716041143367,0.0022360679774997894,-0.1,1.2279976664955572,2.25257717855064,1.5,0.15
324.4645,12.757,-0.152,-0.054,8.784,-0.052,-0.027,-0.09,-0.002,0.001,-0.09,-0.002,0.002,-0.178,0.388,0.333,0.002,0.007,0.003,0.0,0.0,0.0,861.876,-0.0,0.0,-0.0,0.0,0.0,0.0,0.0,0.0,0.9904,0.0426,-0.1316,-0.0719,0.9715,-0.226,0.1182,0.2333,0.9652,0.669,0.7326,-0.1252,-0.7377,0.634,-0.2321,-0.0907,0.2476,0.9646,0.0001,0.0001,0.0,0.0,0.0,0.0,-0.0127,-0.0226,0.0861,3.2019,8.6717,-48.5132,0.0,0.0434,-0.3692,0.0,0.0,0.0,4039783.587,3102464.018,4398826.7251,-3377.8096,-3801.7402,5780.2544,4039780.3851,3102455.3463,4398875.2383,-3377.7969,-3801.7176,5780.1683,0.0,0.0765,3.9732,0.0,0.0,1.0,0.0,1.0,0.0,0.0,-4.1,-36.453,0.0,0.0,-1.0,-0.7071,0.7071,0.0,0.16130716041143367,0.0022360679774997894,-0.1,1.2272127976930565,2.2494032928978878,1.5,0.15
324.6701,12.739,-0.152,-0.054,8.766,-0.053,-0.026,-0.09,-0.002,0.001,-0.09,-0.002,0.002,-0.178,0.39,0.334,0.002,0.007,0.003,0.0,0.0,0.0,861.876,-0.0,0.0,-0.0,0.0,0.0,0.0,0.0,0.0,0.9904,0.0427,-0.1316,-0.0719,0.9715,-0.226,0.1182,0.2332,0.9652,0.669,0.7326,-0.1252,-0.7377,0.634,-0.2321,-0.0907,0.2476,0.9646,0.0001,0.0001,0.0,0.0,0.0,0.0,-0.0127,-0.0226,0.0861,3.1994,8.6672,-48.496,0.0,0.0434,-0.3692,0.0,0.0,0.0,4039107.3978,3101703.0017,4399983.5531,-3378.8668,-3802.5521,5779.103,4039104.1985,3101694.3345,4400032.0491,-3378.8541,-3802.5295,5779.0169,0.0,0.0765,3.9732,0.0,0.0,1.0,0.0,1.0,0.0,0.0,-4.1,-36.453,0.0,0.0,-1.0,-0.7071,0.7071,0.0,0.16130716041143367,0.0022360679774997894,-0.1,1.2124777596081266,2.2462294072451354,1.5,0.15
324.8807,12.719,-0.153,-0.053,8.747,-0.053,-0.026,-0.09,-0.002,0.001,-0.09,-0.002,0.002,-0.177,0.391,0.334,0.002,0.007,0.003,0.0,0.0,0.0,861.876,-0.0,0.0,-0.0,0.0,0.0,0.0,0.0,0.0,0.9904,0.0427,-0.1317,-0.0719,0.9715,-0.2259,0.1183,0.2332,0.9652,0.669,0.7326,-0.1252,-0.7377,0.634,-0.2321,-0.0907,0.2476,0.9646,0.0001,0.0001,0.0,0.0,0.0,0.0,-0.0127,-0.0226,0.0861,3.1966,8.6623,-48.4775,0.0,0.0434,-0.3692,0.0,0.0,0.0,4038382.2151,3100886.9293,4401223.5405,-3380.0,-3803.4222,5777.8683,4038379.0185,3100878.267,4401272.018,-3379.9873,-3803.3996,5777.7821,0.0,0.0765,3.9732,0.0,0.0,1.0,0.0,1.0,0.0,0.0,-4.1,-36.453,0.0,0.0,-1.0,-0.7071,0.7071,0.0,0.16191973320136122,0.0022360679774997894,-0.1,1.223223862280072,2.2427028676309657,1.5,0.15
325.0917,12.7,-0.153,-0.053,8.728,-0.053,-0.026,-0.09,-0.002,0.001,-0.09,-0.002,0.002,-0.177,0.393,0.335,0.002,0.007,0.003,0.0,0.0,0.0,861.876,-0.0,0.0,-0.0,0.0,0.0,0.0,0.0,0.0,0.9904,0.0427,-0.1317,-0.0719,0.9715,-0.2259,0.1183,0.2332,0.9652,0.669,0.7326,-0.1252,-0.7377,0.634,-0.2321,-0.0907,0.2476,0.9646,0.0001,0.0001,0.0,0.0,0.0,0.0,-0.0127,-0.0226,0.0861,3.1939,8.6576,-48.4593,0.0,0.0434,-0.3692,0.0,0.0,0.0,4037668.974,3100084.3802,4402442.4457,-3381.114,-3804.2776,5776.6539,4037665.7801,3100075.7226,4402490.905,-3381.1013,-3804.255,5776.5678,0.0,0.0765,3.9732,0.0,0.0,1.0,0.0,1.0,0.0,0.0,-4.1,-36.453,0.0,0.0,-1.0,-0.7071,0.7071,0.0,0.16191973320136122,0.0022360679774997894,-0.1,1.2228046160648631,2.239352654997505,1.5,0.15
325.3029,12.681,-0.153,-0.053,8.709,-0.054,-0.025,-0.09,-0.002,0.001,-0.09,-0.002,0.002,-0.176,0.394,0.335,0.002,0.007,0.003,0.0,0.0,0.0,861.876,-0.0,0.0,-0.0,0.0,0.0,0.0,0.0,0.0,0.9904,0.0427,-0.1317,-0.0719,0.9715,-0.2259,0.1183,0.2332,0.9652,0.669,0.7326,-0.1252,-0.7377,0.634,-0.2321,-0.0907,0.2476,0.9646,0.0001,0.0001,0.0,0.0,0.0,0.0,-0.0127,-0.0226,0.0861,3.1912,8.6528,-48.4412,0.0,0.0434,-0.3692,0.0,0.0,0.0,4036956.5889,3099282.8781,4403659.2316,-3382.2261,-3805.1314,5775.4411,4036953.3976,3099274.2253,4403707.6728,-3382.2134,-3805.1088,5775.3549,0.0,0.0765,3.9732,0.0,0.0,1.0,0.0,1.0,0.0,0.0,-4.1,-36.453,0.0,0.0,-1.0,-0.7071,0.7071,0.0,0.16191973320136122,0.0022360679774997894,-0.1,1.2081198360459264,2.236002442364044,1.5,0.15
325.511,12.663,-0.154,-0.053,8.69,-0.054,-0.025,-0.09,-0.002,0.001,-0.09,-0.002,0.002,-0.176,0.396,0.336,0.002,0.007,0.003,0.0,0.0,0.0,861.876,-0.0,0.0,-0.0,0.0,0.0,0.0,0.0,0.0,0.9904,0.0427,-0.1317,-0.0719,0.9715,-0.2259,0.1183,0.2332,0.9652,0.669,0.7326,-0.1252,-0.7377,0.634,-0.2321,-0.0907,0.2476,0.9646,0.0001,0.0001,0.0,0.0,0.0,0.0,-0.0127,-0.0226,0.0861,3.1886,8.6481,-48.4232,0.0,0.0434,-0.3692,0.0,0.0,0.0,4036250.068,3098488.0564,4404865.3541,-3383.3285,-3805.9777,5774.2383,4036246.8794,3098479.4083,4404913.7773,-3383.3158,-3805.9551,5774.1522,0.0,0.0765,3.9732,0.0,0.0,1.0,0.0,1.0,0.0,0.0,-4.1,-36.453,0.0,0.0,-1.0,-0.7071,0.7071,0.0,0.1628649747490233,0.0022360679774997894,-0.1,1.221324094175392,2.232828556711292,1.5,0.15
325.7197,12.644,-0.154,-0.052,8.671,-0.054,-0.024,-0.09,-0.002,0.001,-0.09,-0.002,0.002,-0.175,0.397,0.337,0.002,0.007,0.003,0.0,0.0,0.0,861.876,-0.0,0.0,-0.0,0.0,0.0,0.0,0.0,0.0,0.9904,0.0427,-0.1318,-0.072,0.9715,-0.2259,0.1184,0.2332,0.9652,0.669,0.7326,-0.1252,-0.7377,0.634,-0.2321,-0.0907,0.2476,0.9646,0.0001,0.0001,0.0,0.0,0.0,0.0,-0.0128,-0.0226,0.0861,3.1859,8.6434,-48.4053,0.0,0.0434,-0.3692,0.0,0.0,0.0,4035545.7668,3097695.8134,4406067.0457,-3384.4269,-3806.8209,5773.0393,4035542.5809,3097687.17,4406115.451,-3384.4141,-3806.7982,5772.9532,0.0,0.0765,3.9732,0.0,0.0,1.0,0.0,1.0,0.0,0.0,-4.1,-36.453,0.0,0.0,-1.0,-0.7071,0.7071,0.0,0.1625423021862309,0.0022360679774997894,-0.1,1.2220068910451947,2.229478344077831,1.5,0.15
325.931,12.625,-0.155,-0.052,8.652,-0.055,-0.024,-0.09,-0.002,0.001,-0.09,-0.002,0.002,-0.175,0.399,0.337,0.002,0.007,0.003,0.0,0.0,0.0,861.876,-0.0,0.0,-0.0,0.0,0.0,0.0,0.0,0.0,0.9904,0.0427,-0.1318,-0.072,0.9715,-0.2259,0.1184,0.2332,0.9652,0.669,0.7326,-0.1252,-0.7377,0.634,-0.2321,-0.0907,0.2476,0.9646,0.0001,0.0001,0.0,0.0,0.0,0.0,-0.0128,-0.0227,0.0861,3.1832,8.6386,-48.387,0.0,0.0434,-0.3692,0.0,0.0,0.0,4034827.7118,3096888.1837,4407291.5469,-3385.5461,-3807.68,5771.817,4034824.5286,3096879.5451,4407339.934,-3385.5334,-3807.6573,5771.7309,0.0,0.0765,3.9732,0.0,0.0,1.0,0.0,1.0,0.0,0.0,-4.1,-36.453,0.0,0.0,-1.0,-0.7071,0.7071,0.0,0.1634900608599801,0.0022360679774997894,-0.1,1.2169865949769376,2.22612813144437,1.5,0.15
326.1428,12.606,-0.155,-0.052,8.633,-0.055,-0.024,-0.09,-0.002,0.002,-0.09,-0.002,0.002,-0.174,0.4,0.338,0.002,0.007,0.003,0.0,0.0,0.0,861.876,-0.0,0.0,-0.0,0.0,0.0,0.0,0.0,0.0,0.9904,0.0427,-0.1318,-0.072,0.9715,-0.2259,0.1184,0.2332,0.9652,0.669,0.7326,-0.1252,-0.7377,0.634,-0.2321,-0.0907,0.2476,0.9646,0.0001,0.0001,0.0,0.0,0.0,0.0,-0.0128,-0.0227,0.0861,3.1805,8.6338,-48.3689,0.0,0.0434,-0.3692,0.0,0.0,0.0,4034113.3336,3096084.7736,4408509.1191,-3386.6591,-3808.5342,5770.601,4034110.1531,3096076.1398,4408557.488,-3386.6463,-3808.5115,5770.5149,0.0,0.0765,3.9732,0.0,0.0,1.0,0.0,1.0,0.0,0.0,-4.1,-36.453,0.0,0.0,-1.0,-0.7071,0.7071,0.0,0.1634900608599801,0.00282842712474619,-0.1,1.2165478780462156,2.2227779188109094,1.5,0.15
326.3519,12.587,-0.156,-0.051,8.614,-0.056,-0.023,-0.09,-0.002,0.002,-0.09,-0.002,0.002,-0.174,0.402,0.339,0.002,0.007,0.003,0.0,0.0,0.0,861.876,-0.0,0.0,-0.0,0.0,0.0,0.0,0.0,0.0,0.9903,0.0427,-0.1318,-0.072,0.9715,-0.2259,0.1184,0.2332,0.9652,0.669,0.7326,-0.1252,-0.7377,0.634,-0.2321,-0.0907,0.2476,0.9646,0.0001,0.0001,0.0,0.0,0.0,0.0,-0.0128,-0.0227,0.0861,3.1778,8.6291,-48.3508,0.0,0.0434,-0.3692,0.0,0.0,0.0,4033404.3612,3095287.5256,4409716.829,-3387.7631,-3809.3814,5769.3943,4033401.1834,3095278.8966,4409765.1798,-3387.7503,-3809.3587,5769.3082,0.0,0.0765,3.9732,0.0,0.0,1.0,0.0,1.0,0.0,0.0,-4.1,-36.453,0.0,0.0,-1.0,-0.7071,0.7071,0.0,0.16412495239907915,0.00282842712474619,-0.1,1.2126473555882986,2.2194277061774486,1.5,0.15
326.5535,12.569,-0.156,-0.051,8.596,-0.056,-0.023,-0.09,-0.002,-0.0,-0.09,-0.002,0.0,-0.173,0.403,0.339,0.002,0.007,0.003,0.0,0.0,0.0,861.869,-0.0,0.0,-0.0,0.0,0.0,0.0,0.0,0.0,0.9903,0.0428,-0.1319,-0.072,0.9715,-0.2258,0.1184,0.2332,0.9652,0.669,0.7326,-0.1252,-0.7377,0.634,-0.2321,-0.0907,0.2476,0.9646,0.0001,0.0001,0.0,0.0,0.0,0.0,-0.011,-0.0228,0.0863,3.1753,8.6245,-48.3334,0.0,0.0434,-0.3692,0.0,0.0,0.0,4032720.7212,3094518.8419,4410880.7731,-3388.8253,-3810.1981,5768.231,4032717.5459,3094510.2174,4410929.1065,-3388.8143,-3810.1752,5768.1447,0.0,0.0765,3.9732,0.0,0.0,1.0,0.0,1.0,0.0,0.0,-4.1,-36.453,0.0,0.0,-1.0,-0.7071,0.7071,0.0,0.16412495239907915,0.002,-0.1,1.2122236745093147,2.216253820524696,1.5,0.15
326.7589,12.55,-0.156,-0.051,8.578,-0.056,-0.023,-0.09,-0.002,-0.0,-0.09,-0.002,0.0,-0.173,0.404,0.34,0.002,0.007,0.003,0.0,0.0,0.0,861.869,-0.0,0.0,-0.0,0.0,0.0,0.0,0.0,0.0,0.9903,0.0428,-0.1319,-0.072,0.9715,-0.2258,0.1185,0.2332,0.9652,0.669,0.7326,-0.1252,-0.7377,0.634,-0.2321,-0.0907,0.2476,0.9646,0.0001,0.0001,0.0,0.0,0.0,0.0,-0.0111,-0.0228,0.0863,3.173,8.6198,-48.3157,0.0,0.0434,-0.3692,0.0,0.0,0.0,4032024.0441,3093735.5782,4412066.2985,-3389.9091,-3811.0297,5767.0453,4032020.8711,3093726.9584,4412114.6142,-3389.8981,-3811.0068,5766.959,0.0,0.0765,3.9732,0.0,0.0,1.0,0.0,1.0,0.0,0.0,-4.1,-36.453,0.0,0.0,-1.0,-0.7071,0.7071,0.0,0.16412495239907915,0.002,-0.1,1.212175366801075,2.2129036078912354,1.5,0.15
326.9698,12.531,-0.157,-0.051,8.559,-0.057,-0.023,-0.09,-0.002,-0.0,-0.09,-0.002,0.0,-0.172,0.406,0.34,0.002,0.007,0.003,0.0,0.0,0.0,861.869,-0.0,0.0,-0.0,0.0,0.0,0.0,0.0,0.0,0.9903,0.0428,-0.1319,-0.072,0.9715,-0.2258,0.1185,0.2331,0.9652,0.669,0.7326,-0.1252,-0.7377,0.634,-0.2321,-0.0907,0.2476,0.9646,0.0001,0.0001,0.0,0.0,0.0,0.0,-0.0111,-0.0228,0.0863,3.1707,8.615,-48.2976,0.0,0.0434,-0.3692,0.0,0.0,0.0,4031311.856,3092934.9582,4413277.5753,-3391.0165,-3811.8793,5765.8333,4031308.6853,3092926.3432,4413325.8729,-3391.0054,-3811.8564,5765.747,0.0,0.0765,3.9732,0.0,0.0,1.0,0.0,1.0,0.0,0.0,-4.1,-36.453,0.0,0.0,-1.0,-0.7071,0.7071,0.0,0.1650757401921918,0.002,-0.1,1.2071059473380286,2.2095533952577746,1.5,0.15
327.186,12.512,-0.157,-0.051,8.539,-0.057,-0.023,-0.09,-0.002,-0.0,-0.09,-0.002,0.0,-0.172,0.407,0.341,0.002,0.007,0.003,0.0,0.0,0.0,861.869,-0.0,0.0,-0.0,0.0,0.0,0.0,0.0,0.0,0.9903,0.0428,-0.1319,-0.0721,0.9715,-0.2258,0.1185,0.2331,0.9652,0.669,0.7326,-0.1252,-0.7377,0.634,-0.2321,-0.0907,0.2476,0.9646,0.0001,0.0001,0.0,0.0,0.0,0.0,-0.0111,-0.0229,0.0863,3.1682,8.61,-48.2789,0.0,0.0434,-0.3692,0.0,0.0,0.0,4030576.2734,3092108.1256,4414527.9584,-3392.1596,-3812.7563,5764.5816,4030573.1052,3092099.5155,4414576.2372,-3392.1485,-3812.7334,5764.4953,0.0,0.0765,3.9732,0.0,0.0,1.0,0.0,1.0,0.0,0.0,-4.1,-36.453,0.0,0.0,-1.0,-0.7071,0.7071,0.0,0.1650757401921918,0.002,-0.1,1.2062464020506942,2.206203182624314,1.5,0.15
327.4035,12.492,-0.158,-0.051,8.52,-0.057,-0.023,-0.09,-0.002,-0.0,-0.09,-0.002,0.0,-0.171,0.409,0.342,0.002,0.007,0.003,0.0,0.0,0.0,861.869,-0.0,0.0,-0.0,0.0,0.0,0.0,0.0,0.0,0.9903,0.0428,-0.132,-0.0721,0.9715,-0.2258,0.1185,0.2331,0.9652,0.669,0.7326,-0.1252,-0.7377,0.634,-0.2321,-0.0907,0.2476,0.9646,0.0001,0.0001,0.0,0.0,0.0,0.0,-0.0111,-0.0229,0.0863,3.1659,8.6051,-48.2601,0.0,0.0434,-0.3692,0.0,0.0,0.0,4029841.3,3091282.0661,4415776.6143,-3393.3012,-3813.6321,5763.3309,4029838.1342,3091273.461,4415824.8745,-3393.2901,-3813.6092,5763.2446,0.0,0.0765,3.9732,0.0,0.0,1.0,0.0,1.0,0.0,0.0,-4.1,-36.453,0.0,0.0,-1.0,-0.7071,0.7071,0.0,0.16602710622064096,0.002,-0.1,1.220148380085368,2.2026766430101445,1.5,0.15
327.6167,12.473,-0.158,-0.051,8.501,-0.058,-0.023,-0.09,-0.002,-0.0,-0.09,-0.002,0.0,-0.171,0.41,0.342,0.002,0.007,0.003,0.0,0.0,0.0,861.869,-0.0,0.0,-0.0,0.0,0.0,0.0,0.0,0.0,0.9903,0.0428,-0.132,-0.0721,0.9715,-0.2258,0.1186,0.2331,0.9652,0.669,0.7326,-0.1252,-0.7377,0.634,-0.2321,-0.0907,0.2476,0.9646,0.0001,0.0001,0.0,0.0,0.0,0.0,-0.0111,-0.0229,0.0863,3.1634,8.6002,-48.2417,0.0,0.0434,-0.3692,0.0,0.0,0.0,4029114.7907,3090465.6061,4417010.211,-3394.4291,-3814.4972,5762.0948,4029111.6273,3090457.0058,4417058.4527,-3394.418,-3814.4743,5762.0084,0.0,0.0765,3.9732,0.0,0.0,1.0,0.0,1.0,0.0,0.0,-4.1,-36.453,0.0,0.0,-1.0,-0.7071,0.7071,0.0,0.16602710622064096,0.002,-0.1,1.2010601723093095,2.1993264303766837,1.5,0.15
327.8206,12.455,-0.158,-0.051,8.482,-0.058,-0.023,-0.09,-0.002,-0.0,-0.09,-0.002,0.0,-0.17,0.412,0.343,0.002,0.007,0.003,0.0,0.0,0.0,861.869,-0.0,0.0,-0.0,0.0,0.0,0.0,0.0,0.0,0.9903,0.0428,-0.132,-0.0721,0.9715,-0.2258,0.1186,0.2331,0.9652,0.669,0.7326,-0.1252,-0.7377,0.634,-0.2321,-0.0907,0.2476,0.9646,0.0001,0.0001,0.0,0.0,0.0,0.0,-0.0111,-0.0229,0.0863,3.1612,8.5955,-48.224,0.0,0.0434,-0.3692,0.0,0.0,0.0,4028419.9252,3089684.7884,4418189.4472,-3395.5073,-3815.3242,5760.9125,4028416.764,3089676.1929,4418237.6712,-3395.4962,-3815.3013,5760.8262,0.0,0.0765,3.9732,0.0,0.0,1.0,0.0,1.0,0.0,0.0,-4.1,-36.453,0.0,0.0,-1.0,-0.7071,0.7071,0.0,0.16602710622064096,0.002,-0.1,1.2002129157335422,2.1961525447239314,1.5,0.15
328.0314,12.436,-0.159,-0.051,8.463,-0.059,-0.022,-0.09,-0.002,-0.0,-0.09,-0.002,0.0,-0.17,0.413,0.344,0.002,0.007,0.003,0.0,0.0,0.0,861.869,-0.0,0.0,-0.0,0.0,0.0,0.0,0.0,0.0,0.9903,0.0428,-0.132,-0.0721,0.9715,-0.2258,0.1186,0.2331,0.9652,0.669,0.7326,-0.1252,-0.7377,0.634,-0.2321,-0.0907,0.2476,0.9646,0.0001,0.0001,0.0,0.0,0.0,0.0,-0.0111,-0.0229,0.0863,3.1588,8.5907,-48.2059,0.0,0.0434,-0.3692,0.0,0.0,0.0,4027707.656,3088884.496,4419397.5787,-3396.612,-3816.1714,5759.7007,4027704.4972,3088875.9053,4419445.7846,-3396.6008,-3816.1485,5759.6143,0.0,0.0765,3.9732,0.0,0.0,1.0,0.0,1.0,0.0,0.0,-4.1,-36.453,0.0,0.0,-1.0,-0.7071,0.7071,0.0,0.16697904060090896,0.002,-0.1,1.1999454367910758,2.1928023320904706,1.5,0.15
328.2389,12.417,-0.159,-0.051,8.445,-0.059,-0.022,-0.09,-0.002,-0.0,-0.09,-0.002,0.0,-0.169,0.415,0.344,0.002,0.007,0.003,0.0,0.0,0.0,861.869,-0.0,0.0,-0.0,0.0,0.0,0.0,0.0,0.0,0.9903,0.0428,-0.1321,-0.0721,0.9715,-0.2257,0.1186,0.2331,0.9652,0.669,0.7326,-0.1252,-0.7377,0.634,-0.2321,-0.0907,0.2476,0.9646,0.0001,0.0001,0.0,0.0,0.0,0.0,-0.0112,-0.0229,0.0863,3.1565,8.586,-48.1879,0.0,0.0434,-0.3692,0.0,0.0,0.0,4027000.8598,3088090.4351,4420595.7883,-3397.7076,-3817.0116,5758.4982,4026997.7033,3088081.8491,4420643.9762,-3397.6965,-3816.9887,5758.4119,0.0,0.0765,3.9732,0.0,0.0,1.0,0.0,1.0,0.0,0.0,-4.1,-36.453,0.0,0.0,-1.0,-0.7071,0.7071,0.0,0.16697904060090896,0.002,-0.1,1.199868481219849,2.1894521194570093,1.5,0.15
328.4465,12.399,-0.16,-0.051,8.426,-0.059,-0.022,-0.09,-0.002,-0.0,-0.09,-0.002,0.0,-0.168,0.416,0.345,0.002,0.007,0.003,0.0,0.0,0.0,861.869,-0.0,0.0,-0.0,0.0,0.0,0.0,0.0,0.0,0.9903,0.0428,-0.1321,-0.0721,0.9715,-0.2257,0.1187,0.2331,0.9652,0.669,0.7326,-0.1252,-0.7377,0.634,-0.2321,-0.0907,0.2476,0.9646,0.0001,0.0001,0.0,0.0,0.0,0.0,-0.0112,-0.0229,0.0863,3.1542,8.5812,-48.17,0.0,0.0434,-0.3692,0.0,0.0,0.0,4026294.7858,3087297.266,4421792.1376,-3398.8016,-3817.8505,5757.297,4026291.6317,3087288.6848,4421840.3076,-3398.7904,-3817.8276,5757.2107,0.0,0.0765,3.9732,0.0,0.0,1.0,0.0,1.0,0.0,0.0,-4.1,-36.453,0.0,0.0,-1.0,-0.7071,0.7071,0.0,0.1679315336677421,0.002,-0.1,1.2129294875177146,2.186278233804257,1.5,0.15
328.6524,12.38,-0.16,-0.051,8.407,-0.06,-0.022,-0.09,-0.002,-0.001,-0.09,-0.002,-0.001,-0.168,0.418,0.345,0.002,0.007,0.003,0.0,0.0,0.0,861.865,-1.0,0.0,-0.0,0.0,0.0,0.0,0.0,0.0,0.9903,0.0429,-0.1321,-0.0722,0.9715,-0.2257,0.1187,0.2331,0.9652,0.669,0.7326,-0.1252,-0.7377,0.634,-0.2321,-0.0907,0.2476,0.9646,0.0001,0.0001,0.0,0.0,0.0,0.0,-0.01,-0.023,0.0864,3.1518,8.5764,-48.1521,0.0,0.0434,-0.3692,0.0,0.0,0.0,4025587.7381,3086503.0845,4422989.5013,-3399.8954,-3818.6901,5756.0944,4025584.5863,3086494.5081,4423037.6533,-3399.8853,-3818.6671,5756.008,0.0,0.0765,3.9732,0.0,0.0,1.0,0.0,1.0,0.0,0.0,-4.1,-36.453,0.0,0.0,-1.0,-0.7071,0.7071,0.0,0.1679315336677421,0.0022360679774997894,-0.1,1.193869829992374,2.1829280211707967,1.5,0.15
328.8643,12.361,-0.161,-0.052,8.388,-0.06,-0.023,-0.09,-0.002,-0.007,-0.09,-0.002,-0.007,-0.167,0.419,0.346,0.003,0.007,0.003,0.0,0.0,0.0,861.842,-0.0,0.0,-0.0,0.0,0.0,0.0,0.0,0.0,0.9903,0.0429,-0.1321,-0.0722,0.9715,-0.2257,0.1187,0.2331,0.9652,0.669,0.7326,-0.1252,-0.7377,0.634,-0.2321,-0.0907,0.2476,0.9646,0.0001,0.0001,0.0,0.0,0.0,0.0,-0.0044,-0.0235,0.0871,3.1505,8.5716,-48.1338,0.0,0.0434,-0.3692,0.0,0.0,0.0,4024874.5145,3085702.0469,4424196.6812,-3400.9936,-3819.5369,5754.8819,4024871.364,3085693.4753,4424244.815,-3400.9893,-3819.5135,5754.7948,0.0,0.0765,3.9732,0.0,0.0,1.0,0.0,1.0,0.0,0.0,-4.1,-36.453,0.0,0.0,-1.0,-0.7071,0.7071,0.0,0.16918924315688633,0.007280109889280519,-0.1,1.2060555003464413,2.179577808537336,1.5,0.15
329.0698,12.342,-0.161,-0.054,8.37,-0.06,-0.024,-0.09,-0.002,-0.007,-0.09,-0.002,-0.007,-0.167,0.421,0.347,0.003,0.007,0.003,0.0,0.0,0.0,861.842,-0.0,0.0,-0.0,0.0,0.0,0.0,0.0,0.0,0.9903,0.0429,-0.1322,-0.0722,0.9715,-0.2257,0.1187,0.233,0.9652,0.669,0.7326,-0.1252,-0.7377,0.634,-0.2321,-0.0907,0.2476,0.9646,0.0001,0.0001,0.0,0.0,0.0,0.0,-0.0044,-0.0235,0.0871,3.1495,8.5667,-48.1159,0.0,0.0434,-0.3692,0.0,0.0,0.0,4024174.5501,3084915.981,4425380.7918,-3402.0765,-3820.3671,5753.6913,4024171.4006,3084907.4142,4425428.9077,-3402.0721,-3820.3436,5753.6042,0.0,0.0765,3.9732,0.0,0.0,1.0,0.0,1.0,0.0,0.0,-4.1,-36.453,0.0,0.0,-1.0,-0.7071,0.7071,0.0,0.16981460479004742,0.007280109889280519,-0.1,1.2084401519696724,2.1762275959038746,1.5,0.15
329.2748,12.324,-0.161,-0.055,8.351,-0.061,-0.026,-0.09,-0.002,-0.007,-0.09,-0.002,-0.006,-0.166,0.422,0.347,0.003,0.007,0.003,0.0,0.0,0.0,861.842,-0.0,0.0,-0.0,0.0,0.0,0.0,0.0,0.0,0.9903,0.0429,-0.1322,-0.0722,0.9715,-0.2257,0.1187,0.233,0.9652,0.669,0.7326,-0.1252,-0.7377,0.634,-0.2321,-0.0907,0.2476,0.9646,0.0001,0.0001,0.0,0.0,0.0,0.0,-0.0044,-0.0235,0.0871,3.1486,8.5619,-48.0981,0.0,0.0434,-0.3692,0.0,0.0,0.0,4023477.8251,3084133.6316,4426558.8056,-3403.1538,-3821.193,5752.5063,4023474.6765,3084125.0696,4426606.9036,-3403.1495,-3821.1695,5752.4192,0.0,0.0765,3.9732,0.0,0.0,1.0,0.0,1.0,0.0,0.0,-4.1,-36.453,0.0,0.0,-1.0,-0.7071,0.7071,0.0,0.17013524032369073,0.007280109889280519,-0.1,1.1828015345363478,2.1730537102511223,1.5,0.15
329.4773,12.306,-0.162,-0.057,8.333,-0.061,-0.027,-0.09,-0.002,-0.007,-0.09,-0.002,-0.006,-0.166,0.424,0.348,0.003,0.007,0.003,0.0,0.0,0.0,861.842,-0.0,0.0,-0.0,0.0,0.0,0.0,0.0,0.0,0.9903,0.0429,-0.1322,-0.0722,0.9715,-0.2257,0.1188,0.233,0.9652,0.669,0.7326,-0.1252,-0.7377,0.634,-0.2321,-0.0907,0.2476,0.9646,0.0001,0.0001,0.0,0.0,0.0,0.0,-0.0044,-0.0235,0.0871,3.1477,8.5572,-48.0804,0.0,0.0434,-0.3692,0.0,0.0,0.0,4022788.791,3083359.9954,4427723.2096,-3404.2188,-3822.0092,5751.3344,4022785.6433,3083351.4382,4427771.2901,-3404.2144,-3821.9857,5751.2473,0.0,0.0765,3.9732,0.0,0.0,1.0,0.0,1.0,0.0,0.0,-4.1,-36.453,0.0,0.0,-1.0,-0.7071,0.7071,0.0,0.17173526137634051,0.007280109889280519,-0.1,1.1986555520198985,2.16987982459837,1.5,0.15
329.6879,12.287,-0.162,-0.058,8.314,-0.062,-0.028,-0.09,-0.002,-0.007,-0.09,-0.002,-0.006,-0.165,0.425,0.348,0.003,0.007,0.003,0.0,0.0,0.0,861.842,-0.0,0.0,-0.0,0.0,0.0,0.0,0.0,0.0,0.9903,0.0429,-0.1322,-0.0722,0.9715,-0.2257,0.1188,0.233,0.9652,0.669,0.7326,-0.1252,-0.7377,0.634,-0.2321,-0.0907,0.2476,0.9646,0.0001,0.0001,0.0,0.0,0.0,0.0,-0.0044,-0.0235,0.0871,3.1468,8.5522,-48.0621,0.0,0.0434,-0.3692,0.0,0.0,0.0,4022071.4489,3082554.6575,4428934.8139,-3405.3269,-3822.8586,5750.1145,4022068.3021,3082546.1053,4428982.8759,-3405.3225,-3822.8351,5750.0274,0.0,0.0765,3.9732,0.0,0.0,1.0,0.0,1.0,0.0,0.0,-4.1,-36.453,0.0,0.0,-1.0,-0.7071,0.7071,0.0,0.1720697532978995,0.007280109889280519,-0.1,1.17826428224112,2.166529611964909,1.5,0.15
329.8965,12.268,-0.163,-0.06,8.295,-0.062,-0.03,-0.09,-0.002,-0.007,-0.09,-0.002,-0.006,-0.165,0.427,0.349,0.003,0.007,0.003,0.0,0.0,0.0,861.842,-0.0,0.0,-0.0,0.0,0.0,0.0,0.0,0.0,0.9903,0.0429,-0.1323,-0.0722,0.9715,-0.2256,0.1188,0.233,0.9652,0.669,0.7326,-0.1252,-0.7377,0.634,-0.2321,-0.0907,0.2476,0.9646,0.0001,0.0001,0.0,0.0,0.0,0.0,-0.0044,-0.0235,0.0871,3.1458,8.5474,-48.0439,0.0,0.0434,-0.3692,0.0,0.0,0.0,4021362.4562,3081758.7746,4430131.6752,-3406.4216,-3823.6975,5748.9088,4021359.3103,3081750.2272,4430179.7192,-3406.4172,-3823.674,5748.8217,0.0,0.0765,3.9732,0.0,0.0,1.0,0.0,1.0,0.0,0.0,-4.1,-36.453,0.0,0.0,-1.0,-0.7071,0.7071,0.0,0.17369225659193907,0.007280109889280519,-0.1,1.189308339974516,2.1631793993314483,1.5,0.15
330.1015,12.25,-0.163,-0.061,8.277,-0.062,-0.031,-0.09,-0.002,-0.007,-0.09,-0.002,-0.006,-0.164,0.428,0.35,0.003,0.007,0.003,0.0,0.0,0.0,861.842,-0.0,0.0,-0.0,0.0,0.0,0.0,0.0,0.0,0.9903,0.0429,-0.1323,-0.0723,0.9715,-0.2256,0.1188,0.233,0.9652,0.669,0.7326,-0.1252,-0.7377,0.634,-0.2321,-0.0907,0.2476,0.9646,0.0001,0.0001,0.0,0.0,0.0,0.0,-0.0044,-0.0235,0.0871,3.145,8.5425,-48.026,0.0,0.0434,-0.3692,0.0,0.0,0.0,4020662.665,3080973.3002,4431312.3802,-3407.5016,-3824.5251,5747.7188,4020659.5201,3080964.7577,4431360.4063,-3407.4971,-3824.5016,5747.6317,0.0,0.0765,3.9732,0.0,0.0,1.0,0.0,1.0,0.0,0.0,-4.1,-36.453,0.0,0.0,-1.0,-0.7071,0.7071,0.0,0.17404022523543228,0.007280109889280519,-0.1,1.1876406790153278,2.160005513678696,1.5,0.15
330.307,12.231,-0.164,-0.062,8.259,-0.063,-0.032,-0.09,-0.002,-0.007,-0.09,-0.002,-0.006,-0.164,0.43,0.35,0.003,0.007,0.003,0.0,0.0,0.0,861.842,-0.0,0.0,-0.0,0.0,0.0,0.0,0.0,0.0,0.9903,0.0429,-0.1323,-0.0723,0.9715,-0.2256,0.1189,0.233,0.9652,0.669,0.7326,-0.1252,-0.7377,0.634,-0.2321,-0.0907,0.2476,0.9646,0.0001,0.0001,0.0,0.0,0.0,0.0,-0.0044,-0.0235,0.0871,3.144,8.5377,-48.0082,0.0,0.0434,-0.3692,0.0,0.0,0.0,4019965.2426,3080190.5639,4432488.4743,-3408.5773,-3825.3494,5746.5329,4019962.0986,3080182.0262,4432536.4825,-3408.5729,-3825.3259,5746.4458,0.0,0.0765,3.9732,0.0,0.0,1.0,0.0,1.0,0.0,0.0,-4.1,-36.453,0.0,0.0,-1.0,-0.7071,0.7071,0.0,0.17532826355154493,0.007280109889280519,-0.1,1.1816200113603565,2.156655301045235,1.5,0.15
330.5125,12.212,-0.164,-0.064,8.24,-0.063,-0.034,-0.09,-0.002,-0.007,-0.09,-0.002,-0.006,-0.163,0.431,0.351,0.003,0.007,0.003,0.0,0.0,0.0,861.842,-0.0,0.0,-0.0,0.0,0.0,0.0,0.0,0.0,0.9903,0.043,-0.1323,-0.0723,0.9715,-0.2256,0.1189,0.233,0.9652,0.669,0.7326,-0.1252,-0.7377,0.634,-0.2321,-0.0907,0.2476,0.9646,0.0001,0.0001,0.0,0.0,0.0,0.0,-0.0045,-0.0235,0.0871,3.1431,8.5328,-47.9902,0.0,0.0434,-0.3692,0.0,0.0,0.0,4019258.7776,3079397.7579,4433679.1907,-3409.6665,-3826.1839,5745.3317,4019255.6346,3079389.2251,4433727.1809,-3409.662,-3826.1604,5745.2446,0.0,0.0765,3.9732,0.0,0.0,1.0,0.0,1.0,0.0,0.0,-4.1,-36.453,0.0,0.0,-1.0,-0.7071,0.7071,0.0,0.1760454486773231,0.007280109889280519,-0.1,1.1788263842983342,2.1533050884117744,1.5,0.15
330.7187,12.194,-0.165,-0.065,8.221,-0.064,-0.035,-0.09,-0.002,-0.007,-0.09,-0.002,-0.006,-0.163,0.433,0.351,0.003,0.007,0.003,0.0,0.0,0.0,861.842,-0.0,0.0,-0.0,0.0,0.0,0.0,0.0,0.0,0.9903,0.043,-0.1324,-0.0723,0.9715,-0.2256,0.1189,0.233,0.9652,0.669,0.7326,-0.1252,-0.7377,0.634,-0.2321,-0.0907,0.2476,0.9646,0.0001,0.0001,0.0,0.0,0.0,0.0,-0.0045,-0.0236,0.0871,3.1422,8.528,-47.9722,0.0,0.0434,-0.3692,0.0,0.0,0.0,4018555.2835,3078608.3657,4434864.2744,-3410.7506,-3827.0145,5744.1356,4018552.1414,3078599.8377,4434912.2466,-3410.7461,-3826.9909,5744.0484,0.0,0.0765,3.9732,0.0,0.0,1.0,0.0,1.0,0.0,0.0,-4.1,-36.453,0.0,0.0,-1.0,-0.7071,0.7071,0.0,0.17734147850968202,0.007280109889280519,-0.1,1.172021538986536,2.150131202759022,1.5,0.15
330.9274,12.175,-0.165,-0.067,8.203,-0.064,-0.036,-0.09,-0.002,-0.007,-0.09,-0.002,-0.006,-0.162,0.434,0.352,0.003,0.007,0.003,0.0,0.0,0.0,861.842,-0.0,0.0,-0.0,0.0,0.0,0.0,0.0,0.0,0.9903,0.043,-0.1324,-0.0723,0.9715,-0.2256,0.1189,0.233,0.9652,0.669,0.7326,-0.1252,-0.7377,0.634,-0.2321,-0.0907,0.2476,0.9646,0.0001,0.0001,0.0,0.0,0.0,0.0,-0.0045,-0.0236,0.0871,3.1412,8.5231,-47.9541,0.0,0.0434,-0.3692,0.0,0.0,0.0,4017848.6551,3077815.5374,4436054.0121,-3411.8389,-3827.8482,5742.9342,4017845.5139,3077807.0143,4436101.9663,-3411.8344,-3827.8246,5742.8471,0.0,0.0765,3.9732,0.0,0.0,1.0,0.0,1.0,0.0,0.0,-4.1,-36.453,0.0,0.0,-1.0,-0.7071,0.7071,0.0,0.17808424972467388,0.007280109889280519,-0.1,1.1740252445203587,2.1467809901255612,1.5,0.15
331.1362,12.156,-0.165,-0.068,8.184,-0.065,-0.038,-0.09,-0.002,-0.007,-0.09,-0.002,-0.006,-0.162,0.436,0.353,0.003,0.007,0.003,0.0,0.0,0.0,861.842,-0.0,0.0,-0.0,0.0,0.0,0.0,0.0,0.0,0.9903,0.043,-0.1324,-0.0723,0.9715,-0.2256,0.119,0.233,0.9652,0.669,0.7326,-0.1252,-0.7377,0.634,-0.2321,-0.0907,0.2476,0.9646,0.0001,0.0001,0.0,0.0,0.0,0.0,-0.0045,-0.0236,0.0871,3.1403,8.5182,-47.9359,0.0,0.0434,-0.3692,0.0,0.0,0.0,4017134.7266,3077014.5992,4437255.4017,-3412.938,-3828.6901,5741.7205,4017131.5863,3077006.081,4437303.3376,-3412.9335,-3828.6665,5741.6334,0.0,0.0765,3.9732,0.0,0.0,1.0,0.0,1.0,0.0,0.0,-4.1,-36.453,0.0,0.0,-1.0,-0.7071,0.7071,0.0,0.17846288129468268,0.007280109889280519,-0.1,1.1492280011239824,2.1434307774921004,1.5,0.15
331.3447,12.138,-0.166,-0.07,8.165,-0.065,-0.039,-0.09,-0.002,-0.007,-0.09,-0.002,-0.006,-0.161,0.437,0.353,0.003,0.007,0.003,0.0,0.0,0.0,861.842,-0.0,0.0,-0.0,0.0,0.0,0.0,0.0,0.0,0.9903,0.043,-0.1324,-0.0723,0.9715,-0.2256,0.119,0.2329,0.9652,0.669,0.7326,-0.1252,-0.7377,0.634,-0.2321,-0.0907,0.2476,0.9646,0.0001,0.0001,0.0,0.0,0.0,0.0,-0.0045,-0.0236,0.0871,3.1393,8.5133,-47.9177,0.0,0.0434,-0.3692,0.0,0.0,0.0,4016421.5049,3076214.5361,4438454.963,-3414.0354,-3829.5306,5740.508,4016418.3656,3076206.0228,4438502.8807,-3414.0309,-3829.5071,5740.4209,0.0,0.0765,3.9732,0.0,0.0,1.0,0.0,1.0,0.0,0.0,-4.1,-36.453,0.0,0.0,-1.0,-0.7071,0.7071,0.0,0.18015548839821674,0.007280109889280519,-0.1,1.1643974997544773,2.1402568918393476,1.5,0.15
331.5531,12.119,-0.166,-0.071,8.146,-0.065,-0.04,-0.09,-0.002,-0.007,-0.09,-0.002,-0.006,-0.16,0.439,0.354,0.003,0.007,0.003,0.0,0.0,0.0,861.842,-0.0,0.0,-0.0,0.0,0.0,0.0,0.0,0.0,0.9903,0.043,-0.1325,-0.0724,0.9715,-0.2256,0.119,0.2329,0.9652,0.669,0.7326,-0.1252,-0.7377,0.634,-0.2321,-0.0907,0.2476,0.9646,0.0001,0.0001,0.0,0.0,0.0,0.0,-0.0045,-0.0236,0.0871,3.1383,8.5083,-47.8995,0.0,0.0434,-0.3692,0.0,0.0,0.0,4015707.5979,3075413.786,4439655.0375,-3415.1333,-3830.3715,5739.2944,4015704.4596,3075405.2777,4439702.937,-3415.1288,-3830.3479,5739.2073,0.0,0.0765,3.9732,0.0,0.0,1.0,0.0,1.0,0.0,0.0,-4.1,-36.453,0.0,0.0,-1.0,-0.7071,0.7071,0.0,0.18054639292990596,0.007280109889280519,-0.1,1.1627489794892332,2.136906679205887,1.5,0.15
331.7633,12.1,-0.167,-0.073,8.127,-0.066,-0.042,-0.09,-0.002,-0.007,-0.09,-0.002,-0.006,-0.16,0.44,0.354,0.003,0.007,0.003,0.0,0.0,0.0,861.842,-0.0,0.0,-0.0,0.0,0.0,0.0,0.0,0.0,0.9902,0.043,-0.1325,-0.0724,0.9715,-0.2255,0.119,0.2329,0.9652,0.669,0.7326,-0.1252,-0.7377,0.634,-0.2321,-0.0907,0.2476,0.9646,0.0001,0.0001,0.0,0.0,0.0,0.0,-0.0045,-0.0236,0.0871,3.1374,8.5034,-47.8814,0.0,0.0434,-0.3692,0.0,0.0,0.0,4014996.7144,3074616.5079,4440849.3936,-3416.2261,-3831.2083,5738.0861,4014993.577,3074608.0044,4440897.275,-3416.2215,-3831.1847,5737.999,0.0,0.0765,3.9732,0.0,0.0,1.0,0.0,1.0,0.0,0.0,-4.1,-36.453,0.0,0.0,-1.0,-0.7071,0.7071,0.0,0.182258058806737,0.007280109889280519,-0.1,1.1552538386803703,2.133556466572426,1.5,0.15
331.9762,12.081,-0.167,-0.074,8.108,-0.066,-0.043,-0.09,-0.002,-0.007,-0.09,-0.002,-0.006,-0.159,0.442,0.355,0.003,0.007,0.003,0.0,0.0,0.0,861.842,-0.0,0.0,-0.0,0.0,0.0,0.0,0.0,0.0,0.9902,0.043,-0.1325,-0.0724,0.9715,-0.2255,0.119,0.2329,0.9652,0.669,0.7326,-0.1252,-0.7377,0.634,-0.2321,-0.0907,0.2476,0.9646,0.0001,0.0001,0.0,0.0,0.0,0.0,-0.0046,-0.0236,0.0871,3.1364,8.4984,-47.8629,0.0,0.0434,-0.3692,0.0,0.0,0.0,4014270.7213,3073802.3673,4442068.4819,-3417.3415,-3832.0625,5736.8521,4014267.5848,3073793.8689,4442116.3448,-3417.3369,-3832.0388,5736.765,0.0,0.0765,3.9732,0.0,0.0,1.0,0.0,1.0,0.0,0.0,-4.1,-36.453,0.0,0.0,-1.0,-0.7071,0.7071,0.0,0.1826608879864543,0.007280109889280519,-0.1,1.1536452737223633,2.1302062539389652,1.5,0.15
332.1834,12.062,-0.168,-0.075,8.089,-0.067,-0.044,-0.09,-0.002,-0.007,-0.09,-0.002,-0.006,-0.159,0.443,0.356,0.003,0.007,0.003,0.0,0.0,0.0,861.842,-0.0,0.0,-0.0,0.0,0.0,0.0,0.0,0.0,0.9902,0.043,-0.1325,-0.0724,0.9715,-0.2255,0.1191,0.2329,0.9652,0.669,0.7326,-0.1252,-0.7377,0.634,-0.2321,-0.0907,0.2476,0.9646,0.0001,0.0001,0.0,0.0,0.0,0.0,-0.0046,-0.0236,0.0871,3.1354,8.4935,-47.8447,0.0,0.0434,-0.3692,0.0,0.0,0.0,4013556.7452,3073001.7852,4443266.7474,-3418.4378,-3832.902,5735.6386,4013553.6098,3072993.2917,4443314.592,-3418.4333,-3832.8783,5735.5515,0.0,0.0765,3.9732,0.0,0.0,1.0,0.0,1.0,0.0,0.0,-4.1,-36.453,0.0,0.0,-1.0,-0.7071,0.7071,0.0,0.18398097727754356,0.007280109889280519,-0.1,1.1471968729930075,2.1268560413055044,1.5,0.15
332.3918,12.043,-0.168,-0.077,8.071,-0.067,-0.046,-0.09,-0.002,-0.007,-0.09,-0.002,-0.006,-0.158,0.445,0.356,0.003,0.007,0.003,0.0,0.0,0.0,861.842,-0.0,0.0,-0.0,0.0,0.0,0.0,0.0,0.0,0.9902,0.043,-0.1326,-0.0724,0.9715,-0.2255,0.1191,0.2329,0.9652,0.669,0.7326,-0.1252,-0.7377,0.634,-0.2321,-0.0907,0.2476,0.9646,0.0001,0.0001,0.0,0.0,0.0,0.0,-0.0046,-0.0237,0.0871,3.1345,8.4886,-47.8265,0.0,0.0434,-0.3692,0.0,0.0,0.0,4012845.4913,3072204.3362,4444459.8107,-3419.5295,-3833.7378,5734.4298,4012842.3568,3072195.8476,4444507.6372,-3419.5249,-3833.7141,5734.3427,0.0,0.0765,3.9732,0.0,0.0,1.0,0.0,1.0,0.0,0.0,-4.1,-36.453,0.0,0.0,-1.0,-0.7071,0.7071,0.0,0.1848053029542172,0.007280109889280519,-0.1,1.1450652628042686,2.1235058286720436,1.5,0.15
332.5951,12.025,-0.169,-0.078,8.052,-0.068,-0.047,-0.09,-0.002,-0.007,-0.09,-0.002,-0.006,-0.158,0.446,0.357,0.003,0.007,0.003,0.0,0.0,0.0,861.842,-0.0,0.0,-0.0,0.0,0.0,0.0,0.0,0.0,0.9902,0.0431,-0.1326,-0.0724,0.9715,-0.2255,0.1191,0.2329,0.9652,0.669,0.7326,-0.1252,-0.7377,0.634,-0.2321,-0.0907,0.2476,0.9646,0.0001,0.0001,0.0,0.0,0.0,0.0,-0.0046,-0.0237,0.0871,3.1335,8.4838,-47.8088,0.0,0.0434,-0.3692,0.0,0.0,0.0,4012150.5715,3071425.2792,4445624.8652,-3420.5956,-3834.5539,5733.2488,4012147.4379,3071416.7954,4445672.674,-3420.591,-3834.5302,5733.1617,0.0,0.0765,3.9732,0.0,0.0,1.0,0.0,1.0,0.0,0.0,-4.1,-36.453,0.0,0.0,-1.0,-0.7071,0.7071,0.0,0.1861316738225926,0.007280109889280519,-0.1,1.138251462931618,2.1203319430192913,1.5,0.15
332.8009,12.006,-0.169,-0.08,8.034,-0.068,-0.048,-0.09,-0.002,-0.007,-0.09,-0.002,-0.006,-0.157,0.448,0.357,0.003,0.007,0.003,0.0,0.0,0.0,861.842,-0.0,0.0,-0.0,0.0,0.0,0.0,0.0,0.0,0.9902,0.0431,-0.1326,-0.0725,0.9716,-0.2255,0.1191,0.2329,0.9652,0.669,0.7326,-0.1252,-0.7377,0.634,-0.2321,-0.0907,0.2476,0.9646,0.0001,0.0001,0.0,0.0,0.0,0.0,-0.0046,-0.0237,0.0871,3.1326,8.4789,-47.7909,0.0,0.0434,-0.3692,0.0,0.0,0.0,4011447.4277,3070637.0804,4446803.093,-3421.6737,-3835.3792,5732.0539,4011444.2951,3070628.6015,4446850.8839,-3421.6691,-3835.3555,5731.9668,0.0,0.0765,3.9732,0.0,0.0,1.0,0.0,1.0,0.0,0.0,-4.1,-36.453,0.0,0.0,-1.0,-0.7071,0.7071,0.0,0.1869786084021378,0.007280109889280519,-0.1,1.1398473381506182,2.1169817303858305,1.5,0.15
333.0102,11.987,-0.17,-0.081,8.015,-0.068,-0.05,-0.09,-0.002,-0.007,-0.09,-0.002,-0.006,-0.157,0.45,0.358,0.003,0.007,0.003,0.0,0.0,0.0,861.842,-0.0,0.0,-0.0,0.0,0.0,0.0,0.0,0.0,0.9902,0.0431,-0.1326,-0.0725,0.9716,-0.2255,0.1192,0.2329,0.9652,0.669,0.7326,-0.1252,-0.7377,0.634,-0.2321,-0.0907,0.2476,0.9646,0.0001,0.0001,0.0,0.0,0.0,0.0,-0.0046,-0.0237,0.0871,3.1316,8.4739,-47.7726,0.0,0.0434,-0.3692,0.0,0.0,0.0,4010728.293,3069831.0383,4448007.4788,-3422.7758,-3836.2228,5730.8319,4010725.1614,3069822.5643,4448055.2514,-3422.7712,-3836.1991,5730.7448,0.0,0.0765,3.9732,0.0,0.0,1.0,0.0,1.0,0.0,0.0,-4.1,-36.453,0.0,0.0,-1.0,-0.7071,0.7071,0.0,0.18831091311976586,0.007280109889280519,-0.1,1.1489166643133664,2.1136315177523697,1.5,0.15
333.2139,11.969,-0.17,-0.082,7.997,-0.069,-0.051,-0.09,-0.002,-0.007,-0.09,-0.002,-0.006,-0.156,0.451,0.359,0.003,0.007,0.003,0.0,0.0,0.0,861.842,-0.0,0.0,-0.0,0.0,0.0,0.0,0.0,0.0,0.9902,0.0431,-0.1327,-0.0725,0.9716,-0.2255,0.1192,0.2329,0.9652,0.669,0.7326,-0.1252,-0.7377,0.634,-0.2321,-0.0907,0.2476,0.9646,0.0001,0.0001,0.0,0.0,0.0,0.0,-0.0046,-0.0237,0.0871,3.1307,8.4691,-47.7549,0.0,0.0434,-0.3692,0.0,0.0,0.0,4010029.7876,3069048.1965,4449176.6972,-3423.8458,-3837.0418,5729.645,4010026.657,3069039.7274,4449224.4521,-3423.8412,-3837.0181,5729.5579,0.0,0.0765,3.9732,0.0,0.0,1.0,0.0,1.0,0.0,0.0,-4.1,-36.453,0.0,0.0,-1.0,-0.7071,0.7071,0.0,0.18874321179846443,0.007280109889280519,-0.1,1.1283455624723184,2.1104576320996173,1.5,0.15
333.422,11.95,-0.171,-0.084,7.978,-0.069,-0.052,-0.09,-0.002,-0.007,-0.09,-0.002,-0.006,-0.156,0.453,0.359,0.003,0.007,0.003,0.0,0.0,0.0,861.842,-0.0,0.0,-0.0,0.0,0.0,0.0,0.0,0.0,0.9902,0.0431,-0.1327,-0.0725,0.9716,-0.2254,0.1192,0.2329,0.9652,0.669,0.7326,-0.1252,-0.7377,0.634,-0.2321,-0.0907,0.2476,0.9646,0.0001,0.0001,0.0,0.0,0.0,0.0,-0.0047,-0.0237,0.0871,3.1297,8.4642,-47.7369,0.0,0.0434,-0.3692,0.0,0.0,0.0,4009321.7348,3068254.7344,4450361.2783,-3424.9299,-3837.8714,5728.4419,4009318.6052,3068246.2702,4450409.0151,-3424.9253,-3837.8477,5728.3548,0.0,0.0765,3.9732,0.0,0.0,1.0,0.0,1.0,0.0,0.0,-4.1,-36.453,0.0,0.0,-1.0,-0.7071,0.7071,0.0,0.19051771571168913,0.007280109889280519,-0.1,1.1435349967304076,2.1071074194661565,1.5,0.15
333.6325,11.931,-0.171,-0.085,7.959,-0.07,-0.054,-0.09,-0.002,-0.007,-0.09,-0.002,-0.006,-0.155,0.454,0.36,0.003,0.007,0.003,0.0,0.0,0.0,861.842,-0.0,0.0,-0.0,0.0,0.0,0.0,0.0,0.0,0.9902,0.0431,-0.1327,-0.0725,0.9716,-0.2254,0.1192,0.2328,0.9652,0.669,0.7326,-0.1252,-0.7377,0.634,-0.2321,-0.0907,0.2476,0.9646,0.0001,0.0001,0.0,0.0,0.0,0.0,-0.0047,-0.0237,0.0871,3.1287,8.4592,-47.7185,0.0,0.0434,-0.3692,0.0,0.0,0.0,4008598.7092,3067444.5755,4451570.2657,-3426.0364,-3838.7181,5727.2135,4008595.5805,3067436.1163,4451617.9842,-3426.0317,-3838.6944,5727.1264,0.0,0.0765,3.9732,0.0,0.0,1.0,0.0,1.0,0.0,0.0,-4.1,-36.453,0.0,0.0,-1.0,-0.7071,0.7071,0.0,0.1909607289470796,0.007280109889280519,-0.1,1.1196654047445591,2.1037572068326953,1.5,0.15
333.8468,11.912,-0.172,-0.087,7.939,-0.07,-0.055,-0.09,-0.002,-0.003,-0.09,-0.002,-0.003,-0.155,0.456,0.36,0.003,0.007,0.003,0.0,0.0,0.0,861.828,1.0,0.0,-0.0,0.0,0.0,0.0,0.0,0.0,0.9902,0.0431,-0.1328,-0.0725,0.9716,-0.2254,0.1193,0.2328,0.9652,0.669,0.7326,-0.1252,-0.7377,0.634,-0.2321,-0.0907,0.2476,0.9646,0.0001,0.0001,0.0,0.0,0.0,0.0,-0.0082,-0.0235,0.0867,3.1275,8.4541,-47.6996,0.0,0.0434,-0.3692,0.0,0.0,0.0,4007855.0579,3066611.3918,4452813.0635,-3427.1773,-3839.5882,5725.9496,4007851.9304,3066602.9377,4452860.7631,-3427.1691,-3839.5647,5725.863,0.0,0.0765,3.9732,0.0,0.0,1.0,0.0,1.0,0.0,0.0,-4.1,-36.453,0.0,0.0,-1.0,-0.7071,0.7071,0.0,0.19275113488641252,0.0036055512754639895,-0.1,1.1343323745555869,2.100406994199235,1.5,0.15
334.0532,11.894,-0.172,-0.087,7.921,-0.071,-0.055,-0.09,-0.002,-0.003,-0.09,-0.002,-0.002,-0.154,0.457,0.361,0.002,0.007,0.003,0.0,0.0,0.0,861.826,-0.0,0.0,-0.0,0.0,0.0,0.0,0.0,0.0,0.9902,0.0431,-0.1328,-0.0725,0.9716,-0.2254,0.1193,0.2328,0.9652,0.669,0.7326,-0.1252,-0.7377,0.634,-0.2321,-0.0907,0.2476,0.9646,0.0001,0.0001,0.0,0.0,0.0,0.0,-0.0087,-0.0235,0.0866,3.1257,8.4493,-47.682,0.0,0.0434,-0.3692,0.0,0.0,0.0,4007159.3827,3065832.0402,4453975.0599,-3428.2413,-3840.4019,5724.7677,4007156.257,3065823.5909,4454022.7419,-3428.2326,-3840.3785,5724.6811,0.0,0.0765,3.9732,0.0,0.0,1.0,0.0,1.0,0.0,0.0,-4.1,-36.453,0.0,0.0,-1.0,-0.7071,0.7071,0.0,0.19275113488641252,0.0036055512754639895,-0.1,1.11453726699103,2.0972331085464826,1.5,0.15
334.2593,11.875,-0.173,-0.088,7.902,-0.071,-0.056,-0.09,-0.002,-0.003,-0.09,-0.002,-0.002,-0.153,0.459,0.362,0.002,0.007,0.003,0.0,0.0,0.0,861.826,-0.0,0.0,-0.0,0.0,0.0,0.0,0.0,0.0,0.9902,0.0431,-0.1328,-0.0726,0.9716,-0.2254,0.1193,0.2328,0.9652,0.669,0.7326,-0.1252,-0.7377,0.634,-0.2321,-0.0907,0.2476,0.9646,0.0001,0.0001,0.0,0.0,0.0,0.0,-0.0087,-0.0235,0.0866,3.1239,8.4445,-47.6641,0.0,0.0434,-0.3692,0.0,0.0,0.0,4006449.085,3065036.3865,4455160.862,-3429.3267,-3841.2323,5723.5611,4006445.9611,3065027.9421,4455208.5261,-3429.318,-3841.2088,5723.4745,0.0,0.0765,3.9732,0.0,0.0,1.0,0.0,1.0,0.0,0.0,-4.1,-36.453,0.0,0.0,-1.0,-0.7071,0.7071,0.0,0.19409533739891846,0.0036055512754639895,-0.1,1.1272754229499333,2.093882895913022,1.5,0.15
334.4674,11.856,-0.173,-0.088,7.884,-0.072,-0.056,-0.09,-0.002,-0.003,-0.09,-0.002,-0.002,-0.153,0.46,0.362,0.002,0.007,0.003,0.0,0.0,0.0,861.826,-0.0,0.0,-0.0,0.0,0.0,0.0,0.0,0.0,0.9902,0.0432,-0.1328,-0.0726,0.9716,-0.2254,0.1193,0.2328,0.9652,0.669,0.7326,-0.1252,-0.7377,0.634,-0.2321,-0.0907,0.2476,0.9646,0.0001,0.0001,0.0,0.0,0.0,0.0,-0.0087,-0.0235,0.0866,3.1221,8.4396,-47.6461,0.0,0.0434,-0.3692,0.0,0.0,0.0,4005737.9493,3064239.8747,4456347.4379,-3430.4128,-3842.0631,5722.3531,4005734.8272,3064231.4351,4456395.084,-3430.404,-3842.0396,5722.2665,0.0,0.0765,3.9732,0.0,0.0,1.0,0.0,1.0,0.0,0.0,-4.1,-36.453,0.0,0.0,-1.0,-0.7071,0.7071,0.0,0.19409533739891846,0.0036055512754639895,-0.1,1.1078191301479345,2.0905326832795605,1.5,0.15
334.6739,11.838,-0.174,-0.089,7.865,-0.072,-0.056,-0.09,-0.002,-0.003,-0.09,-0.002,-0.002,-0.152,0.462,0.363,0.002,0.007,0.003,0.0,0.0,0.0,861.826,-0.0,0.0,-0.0,0.0,0.0,0.0,0.0,0.0,0.9902,0.0432,-0.1329,-0.0726,0.9716,-0.2254,0.1193,0.2328,0.9652,0.669,0.7326,-0.1252,-0.7377,0.634,-0.2321,-0.0907,0.2476,0.9646,0.0001,0.0001,0.0,0.0,0.0,0.0,-0.0088,-0.0235,0.0866,3.1202,8.4347,-47.6281,0.0,0.0434,-0.3692,0.0,0.0,0.0,4005024.8368,3063441.2284,4457536.6827,-3431.5013,-3842.8958,5721.1418,4005021.7166,3063432.7937,4457584.3108,-3431.4926,-3842.8723,5721.0552,0.0,0.0765,3.9732,0.0,0.0,1.0,0.0,1.0,0.0,0.0,-4.1,-36.453,0.0,0.0,-1.0,-0.7071,0.7071,0.0,0.1954405280385826,0.0036055512754639895,-0.1,1.1233686089269481,2.087358797626808,1.5,0.15
334.8809,11.819,-0.174,-0.089,7.847,-0.072,-0.057,-0.09,-0.002,-0.003,-0.09,-0.002,-0.002,-0.152,0.463,0.363,0.002,0.007,0.003,0.0,0.0,0.0,861.826,-0.0,0.0,-0.0,0.0,0.0,0.0,0.0,0.0,0.9902,0.0432,-0.1329,-0.0726,0.9716,-0.2254,0.1194,0.2328,0.9652,0.669,0.7326,-0.1252,-0.7377,0.634,-0.2321,-0.0907,0.2476,0.9646,0.0001,0.0001,0.0,0.0,0.0,0.0,-0.0088,-0.0235,0.0866,3.1184,8.4299,-47.6103,0.0,0.0434,-0.3692,0.0,0.0,0.0,4004319.6705,3062651.5602,4458712.057,-3432.5772,-3843.7187,5719.9441,4004316.5521,3062643.1303,4458759.6673,-3432.5685,-3843.6952,5719.8575,0.0,0.0765,3.9732,0.0,0.0,1.0,0.0,1.0,0.0,0.0,-4.1,-36.453,0.0,0.0,-1.0,-0.7071,0.7071,0.0,0.1954405280385826,0.0036055512754639895,-0.1,1.1199347063797878,2.084008584993348,1.5,0.15
335.0896,11.8,-0.175,-0.09,7.828,-0.073,-0.057,-0.09,-0.002,-0.003,-0.09,-0.002,-0.002,-0.151,0.465,0.364,0.002,0.007,0.003,0.0,0.0,0.0,861.826,-0.0,0.0,-0.0,0.0,0.0,0.0,0.0,0.0,0.9902,0.0432,-0.1329,-0.0726,0.9716,-0.2253,0.1194,0.2328,0.9652,0.669,0.7326,-0.1252,-0.7377,0.634,-0.2321,-0.0907,0.2476,0.9646,0.0001,0.0001,0.0,0.0,0.0,0.0,-0.0088,-0.0235,0.0866,3.1166,8.425,-47.5923,0.0,0.0434,-0.3692,0.0,0.0,0.0,4003604.313,3061850.5603,4459903.7918,-3433.6682,-3844.5531,5718.7291,4003601.1964,3061842.1353,4459951.384,-3433.6594,-3844.5295,5718.6425,0.0,0.0765,3.9732,0.0,0.0,1.0,0.0,1.0,0.0,0.0,-4.1,-36.453,0.0,0.0,-1.0,-0.7071,0.7071,0.0,0.19678668654154427,0.0036055512754639895,-0.1,1.1165655274534063,2.080658372359887,1.5,0.15
335.2967,11.782,-0.175,-0.09,7.809,-0.073,-0.058,-0.09,-0.002,-0.003,-0.09,-0.002,-0.002,-0.151,0.466,0.365,0.002,0.007,0.003,0.0,0.0,0.0,861.826,-0.0,0.0,-0.0,0.0,0.0,0.0,0.0,0.0,0.9902,0.0432,-0.1329,-0.0726,0.9716,-0.2253,0.1194,0.2328,0.9652,0.669,0.7326,-0.1252,-0.7377,0.634,-0.2321,-0.0907,0.2476,0.9646,0.0001,0.0001,0.0,0.0,0.0,0.0,-0.0088,-0.0235,0.0866,3.1148,8.4201,-47.5742,0.0,0.0434,-0.3692,0.0,0.0,0.0,4002889.9861,3061050.7943,4461093.1781,-3434.757,-3845.3857,5717.5159,4002886.8714,3061042.3742,4461140.7524,-3434.7482,-3845.3622,5717.4293,0.0,0.0765,3.9732,0.0,0.0,1.0,0.0,1.0,0.0,0.0,-4.1,-36.453,0.0,0.0,-1.0,-0.7071,0.7071,0.0,0.19678668654154427,0.0036055512754639895,-0.1,1.112396898136386,2.0774844867071343,1.5,0.15
335.5048,11.763,-0.176,-0.091,7.79,-0.074,-0.058,-0.09,-0.002,-0.003,-0.09,-0.002,-0.002,-0.15,0.467,0.365,0.002,0.007,0.003,0.0,0.0,0.0,861.826,-0.0,0.0,-0.0,0.0,0.0,0.0,0.0,0.0,0.9902,0.0432,-0.133,-0.0726,0.9716,-0.2253,0.1194,0.2328,0.9652,0.669,0.7326,-0.1252,-0.7377,0.634,-0.2321,-0.0907,0.2476,0.9646,0.0001,0.0001,0.0,0.0,0.0,0.0,-0.0088,-0.0235,0.0866,3.1129,8.4152,-47.5562,0.0,0.0434,-0.3692,0.0,0.0,0.0,4002173.6176,3060248.8237,4462285.3331,-3435.8484,-3846.2203,5716.2993,4002170.5047,3060240.4085,4462332.8893,-3435.8395,-3846.1967,5716.2127,0.0,0.0765,3.9732,0.0,0.0,1.0,0.0,1.0,0.0,0.0,-4.1,-36.453,0.0,0.0,-1.0,-0.7071,0.7071,0.0,0.19813379318026494,0.0036055512754639895,-0.1,1.1089296278988026,2.0741342740736735,1.5,0.15
335.7153,11.744,-0.176,-0.091,7.771,-0.074,-0.059,-0.09,-0.002,-0.003,-0.09,-0.002,-0.002,-0.15,0.469,0.366,0.002,0.007,0.003,0.0,0.0,0.0,861.826,-0.0,0.0,-0.0,0.0,0.0,0.0,0.0,0.0,0.9902,0.0432,-0.133,-0.0727,0.9716,-0.2253,0.1195,0.2328,0.9652,0.669,0.7326,-0.1252,-0.7377,0.634,-0.2321,-0.0907,0.2476,0.9646,0.0001,0.0001,0.0,0.0,0.0,0.0,-0.0088,-0.0235,0.0866,3.1111,8.4103,-47.538,0.0,0.0434,-0.3692,0.0,0.0,0.0,4001450.6424,3059439.5381,4463487.8409,-3436.9493,-3847.062,5715.0716,4001447.5313,3059431.1278,4463535.3789,-3436.9404,-3847.0385,5714.985,0.0,0.0765,3.9732,0.0,0.0,1.0,0.0,1.0,0.0,0.0,-4.1,-36.453,0.0,0.0,-1.0,-0.7071,0.7071,0.0,0.19813379318026494,0.0036055512754639895,-0.1,1.1052173352799493,2.0707840614402127,1.5,0.15
335.9255,11.725,-0.177,-0.092,7.752,-0.075,-0.059,-0.09,-0.003,-0.003,-0.09,-0.002,-0.002,-0.149,0.47,0.366,0.002,0.007,0.003,0.0,0.0,0.0,861.826,-0.0,0.0,-0.0,0.0,0.0,0.0,0.0,0.0,0.9902,0.0432,-0.133,-0.0727,0.9716,-0.2253,0.1195,0.2327,0.9652,0.669,0.7326,-0.1252,-0.7377,0.634,-0.2321,-0.0907,0.2476,0.9646,0.0001,0.0001,0.0,0.0,0.0,0.0,-0.0088,-0.0236,0.0866,3.1092,8.4053,-47.5198,0.0,0.0434,-0.3692,0.0,0.0,0.0,4000730.1765,3058633.1437,4464685.5358,-3438.0458,-3847.9004,5713.8482,4000727.0674,3058624.7384,4464733.0556,-3438.0369,-3847.8768,5713.7616,0.0,0.0765,3.9732,0.0,0.0,1.0,0.0,1.0,0.0,0.0,-4.1,-36.453,0.0,0.0,-1.0,-0.7071,0.7071,0.0,0.1994818287463798,0.004242640687119285,-0.1,1.101651838900727,2.067433848806752,1.5,0.15
336.1338,11.706,-0.177,-0.092,7.734,-0.075,-0.059,-0.09,-0.003,-0.003,-0.09,-0.002,-0.002,-0.149,0.472,0.367,0.002,0.007,0.003,0.0,0.0,0.0,861.826,-0.0,0.0,-0.0,0.0,0.0,0.0,0.0,0.0,0.9902,0.0432,-0.133,-0.0727,0.9716,-0.2253,0.1195,0.2327,0.9652,0.669,0.7326,-0.1252,-0.7377,0.634,-0.2321,-0.0907,0.2476,0.9646,0.0001,0.0001,0.0,0.0,0.0,0.0,-0.0088,-0.0236,0.0866,3.1073,8.4004,-47.5018,0.0,0.0434,-0.3692,0.0,0.0,0.0,4000013.7127,3057831.3088,4465875.9436,-3439.1357,-3848.7336,5712.6316,4000010.6053,3057822.9084,4465923.4454,-3439.1268,-3848.71,5712.545,0.0,0.0765,3.9732,0.0,0.0,1.0,0.0,1.0,0.0,0.0,-4.1,-36.453,0.0,0.0,-1.0,-0.7071,0.7071,0.0,0.1994818287463798,0.004242640687119285,-0.1,1.1013522912331994,2.064083636173291,1.5,0.15
336.3424,11.687,-0.178,-0.093,7.715,-0.076,-0.06,-0.09,-0.003,-0.003,-0.09,-0.002,-0.002,-0.148,0.473,0.368,0.002,0.007,0.003,0.0,0.0,0.0,861.826,-0.0,0.0,-0.0,0.0,0.0,0.0,0.0,0.0,0.9902,0.0432,-0.1331,-0.0727,0.9716,-0.2253,0.1195,0.2327,0.9652,0.669,0.7326,-0.1252,-0.7377,0.634,-0.2321,-0.0907,0.2476,0.9646,0.0001,0.0001,0.0,0.0,0.0,0.0,-0.0089,-0.0236,0.0866,3.1055,8.3955,-47.4837,0.0,0.0434,-0.3692,0.0,0.0,0.0,3999295.6113,3057027.7227,4467068.4411,-3440.2275,-3849.5682,5711.4124,3999292.5059,3057019.3272,4467115.9248,-3440.2187,-3849.5446,5711.3258,0.0,0.0765,3.9732,0.0,0.0,1.0,0.0,1.0,0.0,0.0,-4.1,-36.453,0.0,0.0,-1.0,-0.7071,0.7071,0.0,0.20083077453418335,0.004242640687119285,-0.1,1.0947703878979345,2.0607334235398302,1.5,0.15
336.5486,11.669,-0.178,-0.093,7.696,-0.076,-0.06,-0.09,-0.003,-0.002,-0.09,-0.002,-0.002,-0.148,0.475,0.368,0.002,0.007,0.003,0.0,0.0,0.0,861.826,-0.0,0.0,-0.0,0.0,0.0,0.0,0.0,0.0,0.9902,0.0433,-0.1331,-0.0727,0.9716,-0.2253,0.1196,0.2327,0.9652,0.669,0.7326,-0.1252,-0.7377,0.634,-0.2321,-0.0907,0.2476,0.9646,0.0001,0.0001,0.0,0.0,0.0,0.0,-0.0089,-0.0236,0.0866,3.1036,8.3907,-47.4658,0.0,0.0434,-0.3692,0.0,0.0,0.0,3998586.8195,3056234.6334,4468244.8579,-3441.3047,-3850.3916,5710.2089,3998583.7158,3056226.2428,4468292.3238,-3441.2958,-3850.368,5710.1223,0.0,0.0765,3.9732,0.0,0.0,1.0,0.0,1.0,0.0,0.0,-4.1,-36.453,0.0,0.0,-1.0,-0.7071,0.7071,0.0,0.20083077453418335,0.0036055512754639895,-0.1,1.0936514861914117,2.057559537887078,1.5,0.15
336.7563,11.65,-0.179,-0.094,7.678,-0.077,-0.061,-0.09,-0.003,-0.002,-0.09,-0.002,-0.002,-0.147,0.476,0.369,0.002,0.007,0.003,0.0,0.0,0.0,861.826,-0.0,0.0,-0.0,0.0,0.0,0.0,0.0,0.0,0.9902,0.0433,-0.1331,-0.0727,0.9716,-0.2252,0.1196,0.2327,0.9652,0.669,0.7326,-0.1252,-0.7377,0.634,-0.2321,-0.0907,0.2476,0.9646,0.0001,0.0001,0.0,0.0,0.0,0.0,-0.0089,-0.0236,0.0866,3.1018,8.3858,-47.4479,0.0,0.0434,-0.3692,0.0,0.0,0.0,3997871.9933,3055434.8713,4469430.6659,-3442.3905,-3851.2214,5708.9954,3997868.8915,3055426.4856,4469478.1137,-3442.3816,-3851.1978,5708.9088,0.0,0.0765,3.9732,0.0,0.0,1.0,0.0,1.0,0.0,0.0,-4.1,-36.453,0.0,0.0,-1.0,-0.7071,0.7071,0.0,0.20218061232472315,0.0036055512754639895,-0.1,1.087479995582416,2.054209325253617,1.5,0.15
336.9644,11.631,-0.179,-0.094,7.659,-0.077,-0.061,-0.09,-0.003,-0.002,-0.09,-0.002,-0.002,-0.147,0.478,0.369,0.002,0.007,0.003,0.0,0.0,0.0,861.826,-0.0,0.0,-0.0,0.0,0.0,0.0,0.0,0.0,0.9902,0.0433,-0.1331,-0.0728,0.9716,-0.2252,0.1196,0.2327,0.9652,0.669,0.7326,-0.1252,-0.7377,0.634,-0.2321,-0.0907,0.2476,0.9646,0.0001,0.0001,0.0,0.0,0.0,0.0,-0.0089,-0.0236,0.0866,3.0999,8.3809,-47.4299,0.0,0.0434,-0.3692,0.0,0.0,0.0,3997160.0065,3054638.3661,4470611.1424,-3443.4714,-3852.0475,5707.7866,3997156.9065,3054629.9852,4470658.5724,-3443.4625,-3852.0239,5707.7,0.0,0.0765,3.9732,0.0,0.0,1.0,0.0,1.0,0.0,0.0,-4.1,-36.453,0.0,0.0,-1.0,-0.7071,0.7071,0.0,0.20218061232472315,0.0036055512754639895,-0.1,1.0867322534972017,2.0508591126201563,1.5,0.15
337.1704,11.613,-0.18,-0.095,7.64,-0.078,-0.062,-0.09,-0.003,-0.002,-0.09,-0.002,-0.002,-0.146,0.479,0.37,0.002,0.007,0.003,0.0,0.0,0.0,861.826,-0.0,0.0,-0.0,0.0,0.0,0.0,0.0,0.0,0.9901,0.0433,-0.1332,-0.0728,0.9716,-0.2252,0.1196,0.2327,0.9652,0.669,0.7326,-0.1252,-0.7377,0.634,-0.2321,-0.0907,0.2476,0.9646,0.0001,0.0001,0.0,0.0,0.0,0.0,-0.0089,-0.0236,0.0866,3.0981,8.376,-47.4119,0.0,0.0434,-0.3692,0.0,0.0,0.0,3996443.7648,3053837.1805,4471798.0472,-3444.5583,-3852.8781,5706.5708,3996440.6667,3053828.8046,4471845.4591,-3444.5494,-3852.8544,5706.4842,0.0,0.0765,3.9732,0.0,0.0,1.0,0.0,1.0,0.0,0.0,-4.1,-36.453,0.0,0.0,-1.0,-0.7071,0.7071,0.0,0.2035313243704762,0.0036055512754639895,-0.1,1.0797420402044329,2.0476852269674035,1.5,0.15
337.3715,11.594,-0.18,-0.095,7.622,-0.078,-0.062,-0.09,-0.003,-0.002,-0.09,-0.002,-0.002,-0.146,0.481,0.371,0.002,0.007,0.003,0.0,0.0,0.0,861.826,-0.0,0.0,-0.0,0.0,0.0,0.0,0.0,0.0,0.9901,0.0433,-0.1332,-0.0728,0.9716,-0.2252,0.1196,0.2327,0.9652,0.669,0.7326,-0.1252,-0.7377,0.634,-0.2321,-0.0907,0.2476,0.9646,0.0001,0.0001,0.0,0.0,0.0,0.0,-0.0089,-0.0236,0.0866,3.0963,8.3712,-47.3945,0.0,0.0434,-0.3692,0.0,0.0,0.0,3995749.7151,3053060.8949,4472947.5783,-3445.611,-3853.6824,5705.3926,3995746.6188,3053052.5236,4472994.9728,-3445.602,-3853.6588,5705.306,0.0,0.0765,3.9732,0.0,0.0,1.0,0.0,1.0,0.0,0.0,-4.1,-36.453,0.0,0.0,-1.0,-0.7071,0.7071,0.0,0.2035313243704762,0.0036055512754639895,-0.1,1.079404829294005,2.0443350143339427,1.5,0.15
337.5783,11.576,-0.181,-0.096,7.603,-0.079,-0.062,-0.09,-0.003,-0.002,-0.09,-0.002,-0.002,-0.145,0.482,0.371,0.002,0.007,0.003,0.0,0.0,0.0,861.826,-0.0,0.0,-0.0,0.0,0.0,0.0,0.0,0.0,0.9901,0.0433,-0.1332,-0.0728,0.9716,-0.2252,0.1197,0.2327,0.9652,0.669,0.7326,-0.1252,-0.7377,0.634,-0.2321,-0.0907,0.2476,0.9646,0.0001,0.0001,0.0,0.0,0.0,0.0,-0.0089,-0.0237,0.0866,3.0944,8.3663,-47.3766,0.0,0.0434,-0.3692,0.0,0.0,0.0,3995038.3123,3052265.2787,4474125.2416,-3446.6894,-3854.5064,5704.1851,3995035.2179,3052256.9124,4474172.6183,-3446.6805,-3854.4828,5704.0985,0.0,0.0765,3.9732,0.0,0.0,1.0,0.0,1.0,0.0,0.0,-4.1,-36.453,0.0,0.0,-1.0,-0.7071,0.7071,0.0,0.2048828933805846,0.0036055512754639895,-0.1,1.0753140447241396,2.041161128681191,1.5,0.15
337.7841,11.557,-0.182,-0.096,7.585,-0.079,-0.063,-0.09,-0.003,-0.002,-0.09,-0.002,-0.002,-0.145,0.484,0.372,0.002,0.007,0.003,0.0,0.0,0.0,861.826,-0.0,0.0,-0.0,0.0,0.0,0.0,0.0,0.0,0.9901,0.0433,-0.1332,-0.0728,0.9716,-0.2252,0.1197,0.2327,0.9652,0.669,0.7326,-0.1252,-0.7377,0.634,-0.2321,-0.0907,0.2476,0.9646,0.0001,0.0001,0.0,0.0,0.0,0.0,-0.009,-0.0237,0.0866,3.0926,8.3615,-47.3588,0.0,0.0434,-0.3692,0.0,0.0,0.0,3994328.1762,3051471.1573,4475300.1906,-3447.7655,-3855.3285,5702.9797,3994325.0837,3051462.7958,4475347.5493,-3447.7565,-3855.3048,5702.8931,0.0,0.0765,3.9732,0.0,0.0,1.0,0.0,1.0,0.0,0.0,-4.1,-36.453,0.0,0.0,-1.0,-0.7071,0.7071,0.0,0.2057668583615933,0.0036055512754639895,-0.1,1.0863295638183117,2.0378109160477296,1.5,0.15
337.9916,11.539,-0.182,-0.097,7.566,-0.08,-0.063,-0.09,-0.003,-0.002,-0.09,-0.002,-0.002,-0.144,0.485,0.372,0.002,0.007,0.003,0.0,0.0,0.0,861.826,-0.0,0.0,-0.0,0.0,0.0,0.0,0.0,0.0,0.9901,0.0433,-0.1333,-0.0728,0.9716,-0.2252,0.1197,0.2327,0.9652,0.669,0.7326,-0.1252,-0.7377,0.634,-0.2321,-0.0907,0.2476,0.9646,0.0001,0.0001,0.0,0.0,0.0,0.0,-0.009,-0.0237,0.0866,3.0907,8.3566,-47.3409,0.0,0.0434,-0.3692,0.0,0.0,0.0,3993616.3129,3050675.1832,4476477.381,-3448.8436,-3856.1521,5701.7715,3993613.2222,3050666.8267,4476524.7218,-3448.8346,-3856.1284,5701.6849,0.0,0.0765,3.9732,0.0,0.0,1.0,0.0,1.0,0.0,0.0,-4.1,-36.453,0.0,0.0,-1.0,-0.7071,0.7071,0.0,0.20623530250662714,0.0036055512754639895,-0.1,1.067860035324103,2.0346370303949772,1.5,0.15
338.1999,11.52,-0.183,-0.097,7.547,-0.08,-0.064,-0.09,-0.003,-0.002,-0.09,-0.002,-0.002,-0.143,0.487,0.373,0.002,0.007,0.003,0.0,0.0,0.0,861.826,-0.0,0.0,-0.0,0.0,0.0,0.0,0.0,0.0,0.9901,0.0433,-0.1333,-0.0728,0.9716,-0.2252,0.1197,0.2327,0.9652,0.669,0.7326,-0.1252,-0.7377,0.634,-0.2321,-0.0907,0.2476,0.9646,0.0001,0.0001,0.0,0.0,0.0,0.0,-0.009,-0.0237,0.0866,3.0888,8.3516,-47.3228,0.0,0.0434,-0.3692,0.0,0.0,0.0,3992894.4378,3049868.095,4477670.4973,-3449.9363,-3856.9868,5700.5464,3992891.349,3049859.7434,4477717.82,-3449.9273,-3856.9631,5700.4598,0.0,0.0765,3.9732,0.0,0.0,1.0,0.0,1.0,0.0,0.0,-4.1,-36.453,0.0,0.0,-1.0,-0.7071,0.7071,0.0,0.2071183236703117,0.0036055512754639895,-0.1,1.078537526228228,2.0312868177615164,1.5,0.15
338.4001,11.502,-0.183,-0.098,7.529,-0.081,-0.064,-0.09,-0.003,-0.002,-0.09,-0.002,-0.002,-0.143,0.488,0.374,0.002,0.007,0.003,0.0,0.0,0.0,861.826,-0.0,0.0,-0.0,0.0,0.0,0.0,0.0,0.0,0.9901,0.0434,-0.1333,-0.0729,0.9716,-0.2252,0.1198,0.2326,0.9652,0.669,0.7326,-0.1252,-0.7377,0.634,-0.2321,-0.0907,0.2476,0.9646,0.0001,0.0001,0.0,0.0,0.0,0.0,-0.009,-0.0237,0.0866,3.087,8.3469,-47.3055,0.0,0.0434,-0.3692,0.0,0.0,0.0,3992207.9855,3049100.686,4478804.4784,-3450.9749,-3857.7801,5699.3814,3992204.8985,3049092.3391,4478851.784,-3450.9659,-3857.7564,5699.2948,0.0,0.0765,3.9732,0.0,0.0,1.0,0.0,1.0,0.0,0.0,-4.1,-36.453,0.0,0.0,-1.0,-0.7071,0.7071,0.0,0.2075885353289049,0.0036055512754639895,-0.1,1.0603813795589163,2.028112932108764,1.5,0.15
338.6032,11.483,-0.184,-0.098,7.511,-0.081,-0.064,-0.09,-0.003,-0.002,-0.09,-0.002,-0.002,-0.142,0.49,0.374,0.002,0.007,0.003,0.0,0.0,0.0,861.826,-0.0,0.0,-0.0,0.0,0.0,0.0,0.0,0.0,0.9901,0.0434,-0.1333,-0.0729,0.9716,-0.2251,0.1198,0.2326,0.9652,0.669,0.7326,-0.1252,-0.7377,0.634,-0.2321,-0.0907,0.2476,0.9646,0.0001,0.0001,0.0,0.0,0.0,0.0,-0.009,-0.0237,0.0866,3.0852,8.3421,-47.2878,0.0,0.0434,-0.3692,0.0,0.0,0.0,3991502.8069,3048312.419,4479968.7988,-3452.0414,-3858.5946,5698.1848,3991499.7217,3048304.0769,4480016.0866,-3452.0324,-3858.5708,5698.0982,0.0,0.0765,3.9732,0.0,0.0,1.0,0.0,1.0,0.0,0.0,-4.1,-36.453,0.0,0.0,-1.0,-0.7071,0.7071,0.0,0.20847062143141418,0.0036055512754639895,-0.1,1.074259845562045,2.0247627194753033,1.5,0.15
338.8068,11.465,-0.184,-0.099,7.493,-0.082,-0.065,-0.09,-0.003,-0.002,-0.09,-0.002,-0.002,-0.142,0.491,0.375,0.002,0.007,0.003,0.0,0.0,0.0,861.826,-0.0,0.0,-0.0,0.0,0.0,0.0,0.0,0.0,0.9901,0.0434,-0.1334,-0.0729,0.9716,-0.2251,0.1198,0.2326,0.9652,0.669,0.7326,-0.1252,-0.7377,0.634,-0.2321,-0.0907,0.2476,0.9646,0.0001,0.0001,0.0,0.0,0.0,0.0,-0.009,-0.0237,0.0866,3.0833,8.3372,-47.2702,0.0,0.0434,-0.3692,0.0,0.0,0.0,3990798.8463,3047525.5899,4481130.5051,-3453.1055,-3859.4072,5696.9902,3990795.763,3047517.2527,4481177.7753,-3453.0964,-3859.3834,5696.9036,0.0,0.0765,3.9732,0.0,0.0,1.0,0.0,1.0,0.0,0.0,-4.1,-36.453,0.0,0.0,-1.0,-0.7071,0.7071,0.0,0.20894257584322062,0.0036055512754639895,-0.1,1.053305649951938,2.021588833822551,1.5,0.15
339.0146,11.446,-0.185,-0.099,7.474,-0.082,-0.065,-0.09,-0.003,-0.002,-0.09,-0.002,-0.002,-0.141,0.493,0.375,0.003,0.007,0.003,0.0,0.0,0.0,861.826,-0.0,0.0,-0.0,0.0,0.0,0.0,0.0,0.0,0.9901,0.0434,-0.1334,-0.0729,0.9716,-0.2251,0.1198,0.2326,0.9652,0.669,0.7326,-0.1252,-0.7377,0.634,-0.2321,-0.0907,0.2476,0.9646,0.0001,0.0001,0.0,0.0,0.0,0.0,-0.009,-0.0237,0.0866,3.0815,8.3323,-47.2523,0.0,0.0434,-0.3692,0.0,0.0,0.0,3990084.5583,3046727.2963,4482308.6397,-3454.1846,-3860.2312,5695.7782,3990081.4768,3046718.964,4482355.8919,-3454.1756,-3860.2075,5695.6916,0.0,0.0765,3.9732,0.0,0.0,1.0,0.0,1.0,0.0,0.0,-4.1,-36.453,0.0,0.0,-1.0,-0.7071,0.7071,0.0,0.20982373554962747,0.0036055512754639895,-0.1,1.0667545184830727,2.01823862118909,1.5,0.15
339.2217,11.428,-0.185,-0.1,7.455,-0.083,-0.065,-0.09,-0.003,-0.002,-0.09,-0.003,-0.002,-0.141,0.494,0.376,0.003,0.007,0.003,0.0,0.0,0.0,861.826,-0.0,0.0,-0.0,0.0,0.0,0.0,0.0,0.0,0.9901,0.0434,-0.1334,-0.0729,0.9716,-0.2251,0.1198,0.2326,0.9652,0.669,0.7326,-0.1252,-0.7377,0.634,-0.2321,-0.0907,0.2476,0.9646,0.0001,0.0001,0.0,0.0,0.0,0.0,-0.009,-0.0237,0.0866,3.0796,8.3274,-47.2343,0.0,0.0434,-0.3692,0.0,0.0,0.0,3989368.5167,3045927.1219,4483489.0451,-3455.2659,-3861.0568,5694.5632,3989365.4371,3045918.7944,4483536.2795,-3455.2569,-3861.0331,5694.4766,0.0,0.0765,3.9732,0.0,0.0,1.0,0.0,1.0,0.0,0.0,-4.1,-36.453,0.0,0.0,-1.0,-0.7071,0.7071,0.0,0.2102974084481309,0.0036055512754639895,-0.1,1.0482418393742265,2.015064735536338,1.5,0.15
339.4285,11.409,-0.186,-0.1,7.437,-0.083,-0.066,-0.09,-0.003,-0.002,-0.09,-0.003,-0.002,-0.14,0.496,0.377,0.003,0.007,0.003,0.0,0.0,0.0,861.826,-0.0,0.0,-0.0,0.0,0.0,0.0,0.0,0.0,0.9901,0.0434,-0.1334,-0.0729,0.9716,-0.2251,0.1199,0.2326,0.9652,0.669,0.7326,-0.1252,-0.7377,0.634,-0.2321,-0.0907,0.2476,0.9646,0.0001,0.0001,0.0,0.0,0.0,0.0,-0.0091,-0.0238,0.0866,3.0777,8.3225,-47.2165,0.0,0.0434,-0.3692,0.0,0.0,0.0,3988656.4181,3045131.4326,4484662.3353,-3456.3407,-3861.8774,5693.355,3988653.3404,3045123.11,4484709.5518,-3456.3316,-3861.8537,5693.2685,0.0,0.0765,3.9732,0.0,0.0,1.0,0.0,1.0,0.0,0.0,-4.1,-36.453,0.0,0.0,-1.0,-0.7071,0.7071,0.0,0.21117765033260505,0.0036055512754639895,-0.1,1.0592255269049335,2.011714522902877,1.5,0.15
339.645,11.39,-0.187,-0.101,7.417,-0.084,-0.066,-0.09,-0.003,-0.002,-0.09,-0.003,-0.002,-0.14,0.497,0.377,0.003,0.007,0.003,0.0,0.0,0.0,861.826,-0.0,0.0,-0.0,0.0,0.0,0.0,0.0,0.0,0.9901,0.0434,-0.1335,-0.0729,0.9716,-0.2251,0.1199,0.2326,0.9652,0.669,0.7326,-0.1252,-0.7377,0.634,-0.2321,-0.0907,0.2476,0.9646,0.0001,0.0001,0.0,0.0,0.0,0.0,-0.0091,-0.0238,0.0866,3.0757,8.3174,-47.1977,0.0,0.0434,-0.3692,0.0,0.0,0.0,3987905.9141,3044292.9144,4485898.2398,-3457.4729,-3862.7418,5692.0818,3987902.8384,3044284.597,4485945.4375,-3457.4638,-3862.718,5691.9952,0.0,0.0765,3.9732,0.0,0.0,1.0,0.0,1.0,0.0,0.0,-4.1,-36.453,0.0,0.0,-1.0,-0.7071,0.7071,0.0,0.21253235047869773,0.0036055512754639895,-0.1,1.0547973765464724,2.008364310269416,1.5,0.15
339.845,11.372,-0.187,-0.101,7.399,-0.084,-0.067,-0.09,-0.003,-0.002,-0.09,-0.003,-0.002,-0.139,0.499,0.378,0.003,0.007,0.003,0.0,0.0,0.0,861.826,-0.0,0.0,-0.0,0.0,0.0,0.0,0.0,0.0,0.9901,0.0434,-0.1335,-0.073,0.9716,-0.2251,0.1199,0.2326,0.9652,0.669,0.7326,-0.1252,-0.7377,0.634,-0.2321,-0.0907,0.2476,0.9646,0.0001,0.0001,0.0,0.0,0.0,0.0,-0.0091,-0.0238,0.0866,3.0739,8.3127,-47.1805,0.0,0.0434,-0.3692,0.0,0.0,0.0,3987219.6404,3043526.2351,4487027.7761,-3458.5077,-3863.5317,5690.9175,3987216.5665,3043517.9224,4487074.9567,-3458.4986,-3863.5079,5690.8309,0.0,0.0765,3.9732,0.0,0.0,1.0,0.0,1.0,0.0,0.0,-4.1,-36.453,0.0,0.0,-1.0,-0.7071,0.7071,0.0,0.21253235047869773,0.0036055512754639895,-0.1,1.05124230378322,2.005190424616664,1.5,0.15
340.0643,11.352,-0.188,-0.102,7.379,-0.085,-0.067,-0.09,-0.003,-0.002,-0.09,-0.003,-0.002,-0.139,0.5,0.378,0.003,0.007,0.003,0.0,0.0,0.0,861.826,-0.0,0.0,-0.0,0.0,0.0,0.0,0.0,0.0,0.9901,0.0434,-0.1335,-0.073,0.9716,-0.2251,0.1199,0.2326,0.9652,0.669,0.7326,-0.1252,-0.7377,0.634,-0.2321,-0.0907,0.2476,0.9646,0.0001,0.0001,0.0,0.0,0.0,0.0,-0.0091,-0.0238,0.0866,3.0719,8.3075,-47.1616,0.0,0.0434,-0.3692,0.0,0.0,0.0,3986462.0061,3042679.9188,4488274.1041,-3459.6495,-3864.4032,5689.6322,3986458.9342,3042671.6114,4488321.2656,-3459.6404,-3864.3794,5689.5457,0.0,0.0765,3.9732,0.0,0.0,1.0,0.0,1.0,0.0,0.0,-4.1,-36.453,0.0,0.0,-1.0,-0.7071,0.7071,0.0,0.21388782106515555,0.0036055512754639895,-0.1,1.0470904202530005,2.0016638850024946,1.5,0.15
340.2734,11.333,-0.188,-0.102,7.36,-0.085,-0.067,-0.09,-0.003,-0.002,-0.09,-0.003,-0.002,-0.138,0.502,0.379,0.003,0.007,0.003,0.0,0.0,0.0,861.826,-0.0,0.0,-0.0,0.0,0.0,0.0,0.0,0.0,0.9901,0.0434,-0.1335,-0.073,0.9716,-0.225,0.12,0.2326,0.9652,0.669,0.7326,-0.1252,-0.7377,0.634,-0.2321,-0.0907,0.2476,0.9646,0.0001,0.0001,0.0,0.0,0.0,0.0,-0.0091,-0.0238,0.0866,3.07,8.3024,-47.1432,0.0,0.0434,-0.3692,0.0,0.0,0.0,3985729.4605,3041861.7119,4489478.5019,-3460.753,-3865.2454,5688.3896,3985726.3906,3041853.4095,4489525.6451,-3460.7439,-3865.2216,5688.303,0.0,0.0765,3.9732,0.0,0.0,1.0,0.0,1.0,0.0,0.0,-4.1,-36.453,0.0,0.0,-1.0,-0.7071,0.7071,0.0,0.21388782106515555,0.0036055512754639895,-0.1,1.046222017067443,1.9983136723690336,1.5,0.15
340.479,11.314,-0.189,-0.103,7.342,-0.086,-0.068,-0.09,-0.003,-0.002,-0.09,-0.003,-0.002,-0.138,0.503,0.38,0.003,0.007,0.003,0.0,0.0,0.0,861.826,-0.0,0.0,-0.0,0.0,0.0,0.0,0.0,0.0,0.9901,0.0435,-0.1336,-0.073,0.9716,-0.225,0.12,0.2326,0.9652,0.669,0.7326,-0.1252,-0.7377,0.634,-0.2321,-0.0907,0.2476,0.9646,0.0001,0.0001,0.0,0.0,0.0,0.0,-0.0091,-0.0238,0.0866,3.0681,8.2976,-47.1255,0.0,0.0434,-0.3692,0.0,0.0,0.0,3985022.1022,3041071.7158,4490640.8742,-3461.818,-3866.0581,5687.1898,3985019.0341,3041063.4182,4490687.9998,-3461.8088,-3866.0343,5687.1032,0.0,0.0765,3.9732,0.0,0.0,1.0,0.0,1.0,0.0,0.0,-4.1,-36.453,0.0,0.0,-1.0,-0.7071,0.7071,0.0,0.21524404753674375,0.0036055512754639895,-0.1,1.039791988969538,1.9949634597355728,1.5,0.15
340.6884,11.295,-0.189,-0.103,7.323,-0.087,-0.068,-0.09,-0.003,-0.002,-0.09,-0.003,-0.002,-0.137,0.505,0.38,0.003,0.007,0.003,0.0,0.0,0.0,861.826,-0.0,0.0,-0.0,0.0,0.0,0.0,0.0,0.0,0.9901,0.0435,-0.1336,-0.073,0.9716,-0.225,0.12,0.2325,0.9652,0.669,0.7326,-0.1252,-0.7377,0.634,-0.2321,-0.0907,0.2476,0.9646,0.0001,0.0001,0.0,0.0,0.0,0.0,-0.0091,-0.0238,0.0866,3.0661,8.2926,-47.1073,0.0,0.0434,-0.3692,0.0,0.0,0.0,3984292.9614,3040257.4729,4491838.4103,-3462.9152,-3866.8954,5685.953,3984289.8953,3040249.1803,4491885.5176,-3462.906,-3866.8716,5685.8665,0.0,0.0765,3.9732,0.0,0.0,1.0,0.0,1.0,0.0,0.0,-4.1,-36.453,0.0,0.0,-1.0,-0.7071,0.7071,0.0,0.21524404753674375,0.0036055512754639895,-0.1,1.0193810752568935,1.991613247102112,1.5,0.15
340.8989,11.276,-0.19,-0.104,7.304,-0.087,-0.068,-0.09,-0.003,-0.002,-0.09,-0.003,-0.002,-0.137,0.506,0.381,0.003,0.007,0.003,0.0,0.0,0.0,861.826,-0.0,0.0,-0.0,0.0,0.0,0.0,0.0,0.0,0.9901,0.0435,-0.1336,-0.073,0.9716,-0.225,0.12,0.2325,0.9652,0.669,0.7326,-0.1252,-0.7377,0.634,-0.2321,-0.0907,0.2476,0.9646,0.0001,0.0001,0.0,0.0,0.0,0.0,-0.0092,-0.0238,0.0866,3.0642,8.2876,-47.0892,0.0,0.0434,-0.3692,0.0,0.0,0.0,3983567.4453,3039447.3592,4493029.3589,-3464.0064,-3867.7281,5684.7225,3983564.3811,3039439.0717,4493076.4481,-3463.9973,-3867.7042,5684.6359,0.0,0.0765,3.9732,0.0,0.0,1.0,0.0,1.0,0.0,0.0,-4.1,-36.453,0.0,0.0,-1.0,-0.7071,0.7071,0.0,0.21660101569475615,0.0036055512754639895,-0.1,1.0348543637980776,1.988263034468651,1.5,0.15
341.1027,11.258,-0.191,-0.104,7.285,-0.088,-0.069,-0.09,-0.003,-0.002,-0.09,-0.003,-0.002,-0.136,0.508,0.381,0.003,0.007,0.003,0.0,0.0,0.0,861.826,-0.0,0.0,-0.0,0.0,0.0,0.0,0.0,0.0,0.9901,0.0435,-0.1336,-0.073,0.9716,-0.225,0.1201,0.2325,0.9652,0.669,0.7326,-0.1252,-0.7377,0.634,-0.2321,-0.0907,0.2476,0.9646,0.0001,0.0001,0.0,0.0,0.0,0.0,-0.0092,-0.0239,0.0866,3.0623,8.2826,-47.0711,0.0,0.0434,-0.3692,0.0,0.0,0.0,3982846.7682,3038642.729,4494211.7385,-3465.0899,-3868.5547,5683.5003,3982843.7058,3038634.4464,4494258.8096,-3465.0807,-3868.5308,5683.4137,0.0,0.0765,3.9732,0.0,0.0,1.0,0.0,1.0,0.0,0.0,-4.1,-36.453,0.0,0.0,-1.0,-0.7071,0.7071,0.0,0.21747873459260333,0.0036055512754639895,-0.1,1.0254726853030245,1.9850891488158986,1.5,0.15
341.3165,11.239,-0.191,-0.105,7.267,-0.088,-0.069,-0.09,-0.003,-0.002,-0.09,-0.003,-0.002,-0.136,0.509,0.382,0.003,0.007,0.003,0.0,0.0,0.0,861.826,-0.0,0.0,-0.0,0.0,0.0,0.0,0.0,0.0,0.9901,0.0435,-0.1337,-0.0731,0.9716,-0.225,0.1201,0.2325,0.9652,0.669,0.7326,-0.1252,-0.7377,0.634,-0.2321,-0.0907,0.2476,0.9646,0.0001,0.0001,0.0,0.0,0.0,0.0,-0.0092,-0.0239,0.0866,3.0604,8.2777,-47.0532,0.0,0.0434,-0.3692,0.0,0.0,0.0,3982129.1244,3037841.564,4495388.5204,-3466.1682,-3869.3773,5682.2832,3982126.064,3037833.2863,4495435.5737,-3466.159,-3869.3535,5682.1966,0.0,0.0765,3.9732,0.0,0.0,1.0,0.0,1.0,0.0,0.0,-4.1,-36.453,0.0,0.0,-1.0,-0.7071,0.7071,0.0,0.21795871168641093,0.0036055512754639895,-0.1,1.0270181642939926,1.981738936182438,1.5,0.15
341.5278,11.22,-0.192,-0.105,7.247,-0.089,-0.07,-0.09,-0.003,-0.002,-0.09,-0.003,-0.002,-0.135,0.511,0.383,0.003,0.007,0.003,0.0,0.0,0.0,861.826,-0.0,0.0,-0.0,0.0,0.0,0.0,0.0,0.0,0.9901,0.0435,-0.1337,-0.0731,0.9716,-0.225,0.1201,0.2325,0.9652,0.669,0.7326,-0.1252,-0.7377,0.634,-0.2321,-0.0907,0.2476,0.9646,0.0001,0.0001,0.0,0.0,0.0,0.0,-0.0092,-0.0239,0.0866,3.0584,8.2726,-47.0347,0.0,0.0434,-0.3692,0.0,0.0,0.0,3981388.8226,3037015.1869,4496601.8096,-3467.28,-3870.2255,5681.0278,3981385.7641,3037006.9143,4496648.8443,-3467.2708,-3870.2016,5680.9412,0.0,0.0765,3.9732,0.0,0.0,1.0,0.0,1.0,0.0,0.0,-4.1,-36.453,0.0,0.0,-1.0,-0.7071,0.7071,0.0,0.2188355546980426,0.0036055512754639895,-0.1,1.0176554274649805,1.9783887235489772,1.5,0.15
341.7316,11.201,-0.192,-0.106,7.229,-0.089,-0.07,-0.09,-0.003,-0.002,-0.09,-0.003,-0.002,-0.134,0.512,0.383,0.003,0.007,0.003,0.0,0.0,0.0,861.826,-0.0,0.0,-0.0,0.0,0.0,0.0,0.0,0.0,0.9901,0.0435,-0.1337,-0.0731,0.9716,-0.225,0.1201,0.2325,0.9652,0.669,0.7326,-0.1252,-0.7377,0.634,-0.2321,-0.0907,0.2476,0.9646,0.0001,0.0001,0.0,0.0,0.0,0.0,-0.0092,-0.0239,0.0866,3.0565,8.2677,-47.017,0.0,0.0434,-0.3692,0.0,0.0,0.0,3980679.7438,3036223.7418,4497763.3111,-3468.3444,-3871.0374,5679.8254,3980676.6873,3036215.4741,4497810.3281,-3468.3352,-3871.0135,5679.7388,0.0,0.0765,3.9732,0.0,0.0,1.0,0.0,1.0,0.0,0.0,-4.1,-36.453,0.0,0.0,-1.0,-0.7071,0.7071,0.0,0.2193171219946131,0.0036055512754639895,-0.1,1.0191084156369805,1.9750385109155162,1.5,0.15
341.9371,11.183,-0.193,-0.106,7.21,-0.09,-0.07,-0.09,-0.003,-0.002,-0.09,-0.003,-0.002,-0.134,0.513,0.384,0.003,0.007,0.003,0.0,0.0,0.0,861.826,-0.0,0.0,-0.0,0.0,0.0,0.0,0.0,0.0,0.9901,0.0435,-0.1337,-0.0731,0.9716,-0.2249,0.1201,0.2325,0.9651,0.669,0.7326,-0.1252,-0.7377,0.634,-0.2321,-0.0907,0.2476,0.9646,0.0001,0.0001,0.0,0.0,0.0,0.0,-0.0092,-0.0239,0.0866,3.0546,8.2628,-46.9992,0.0,0.0434,-0.3692,0.0,0.0,0.0,3979963.6385,3035424.5319,4498935.711,-3469.4188,-3871.8569,5678.6111,3979960.5839,3035416.2691,4498982.7101,-3469.4096,-3871.833,5678.5245,0.0,0.0765,3.9732,0.0,0.0,1.0,0.0,1.0,0.0,0.0,-4.1,-36.453,0.0,0.0,-1.0,-0.7071,0.7071,0.0,0.22019309707617993,0.0036055512754639895,-0.1,1.012476791525818,1.9718646252627638,1.5,0.15
342.1437,11.164,-0.194,-0.106,7.192,-0.09,-0.071,-0.09,-0.003,-0.002,-0.09,-0.003,-0.002,-0.133,0.515,0.384,0.003,0.007,0.003,0.0,0.0,0.0,861.826,-0.0,0.0,-0.0,0.0,0.0,0.0,0.0,0.0,0.9901,0.0435,-0.1338,-0.0731,0.9716,-0.2249,0.1202,0.2325,0.9651,0.669,0.7326,-0.1252,-0.7377,0.634,-0.2321,-0.0907,0.2476,0.9646,0.0001,0.0001,0.0,0.0,0.0,0.0,-0.0092,-0.0239,0.0866,3.0527,8.2579,-46.9814,0.0,0.0434,-0.3692,0.0,0.0,0.0,3979250.2441,3034628.4256,4500103.0632,-3470.4887,-3872.6728,5677.4015,3979247.1914,3034620.1678,4500150.0445,-3470.4794,-3872.6488,5677.3149,0.0,0.0765,3.9732,0.0,0.0,1.0,0.0,1.0,0.0,0.0,-4.1,-36.453,0.0,0.0,-1.0,-0.7071,0.7071,0.0,0.2210701246211256,0.0036055512754639895,-0.1,1.023671021991099,1.9685144126293028,1.5,0.15
342.3513,11.145,-0.194,-0.107,7.173,-0.091,-0.071,-0.09,-0.003,-0.002,-0.09,-0.003,-0.002,-0.133,0.516,0.385,0.003,0.007,0.003,0.0,0.0,0.0,861.826,-0.0,0.0,-0.0,0.0,0.0,0.0,0.0,0.0,0.9901,0.0436,-0.1338,-0.0731,0.9716,-0.2249,0.1202,0.2325,0.9651,0.669,0.7326,-0.1252,-0.7377,0.634,-0.2321,-0.0907,0.2476,0.9646,0.0001,0.0001,0.0,0.0,0.0,0.0,-0.0092,-0.0239,0.0866,3.0508,8.2529,-46.9634,0.0,0.0434,-0.3692,0.0,0.0,0.0,3978528.7721,3033823.3836,4501283.0133,-3471.5701,-3873.4974,5676.1783,3978525.7213,3033815.1307,4501329.9767,-3471.5609,-3873.4735,5676.0917,0.0,0.0765,3.9732,0.0,0.0,1.0,0.0,1.0,0.0,0.0,-4.1,-36.453,0.0,0.0,-1.0,-0.7071,0.7071,0.0,0.22155134844996996,0.0036055512754639895,-0.1,1.0049431487913458,1.965164199995842,1.5,0.15
342.5602,11.127,-0.195,-0.107,7.154,-0.092,-0.071,-0.09,-0.003,-0.002,-0.09,-0.003,-0.002,-0.132,0.518,0.386,0.003,0.007,0.003,0.0,0.0,0.0,861.826,-0.0,0.0,-0.0,0.0,0.0,0.0,0.0,0.0,0.99,0.0436,-0.1338,-0.0731,0.9716,-0.2249,0.1202,0.2325,0.9651,0.669,0.7326,-0.1252,-0.7377,0.634,-0.2321,-0.0907,0.2476,0.9646,0.0001,0.0001,0.0,0.0,0.0,0.0,-0.0093,-0.0239,0.0866,3.0488,8.2479,-46.9453,0.0,0.0434,-0.3692,0.0,0.0,0.0,3977803.6916,3033014.3962,4502468.2405,-3472.6564,-3874.3258,5674.949,3977800.6428,3033006.1483,4502515.1858,-3472.6471,-3874.3018,5674.8624,0.0,0.0765,3.9732,0.0,0.0,1.0,0.0,1.0,0.0,0.0,-4.1,-36.453,0.0,0.0,-1.0,-0.7071,0.7071,0.0,0.22242751628339513,0.0036055512754639895,-0.1,0.9982526586866177,1.96199031434309,1.5,0.15
342.7674,11.108,-0.195,-0.108,7.135,-0.092,-0.072,-0.09,-0.003,-0.002,-0.09,-0.003,-0.002,-0.132,0.519,0.386,0.003,0.007,0.003,0.0,0.0,0.0,861.826,-0.0,0.0,-0.0,0.0,0.0,0.0,0.0,0.0,0.99,0.0436,-0.1338,-0.0732,0.9716,-0.2249,0.1202,0.2325,0.9651,0.669,0.7326,-0.1252,-0.7377,0.634,-0.2321,-0.0907,0.2476,0.9646,0.0001,0.0001,0.0,0.0,0.0,0.0,-0.0093,-0.0239,0.0866,3.0469,8.243,-46.9274,0.0,0.0434,-0.3692,0.0,0.0,0.0,3977085.4705,3032213.14,4503641.6354,-3473.7319,-3875.1458,5673.7314,3977082.4236,3032204.897,4503688.5627,-3473.7226,-3875.1218,5673.6448,0.0,0.0765,3.9732,0.0,0.0,1.0,0.0,1.0,0.0,0.0,-4.1,-36.453,0.0,0.0,-1.0,-0.7071,0.7071,0.0,0.2229102958591191,0.0036055512754639895,-0.1,0.9965592970785295,1.958640101709629,1.5,0.15
342.9762,11.089,-0.196,-0.108,7.117,-0.093,-0.072,-0.09,-0.003,-0.002,-0.09,-0.003,-0.002,-0.131,0.521,0.387,0.003,0.007,0.003,0.0,0.0,0.0,861.826,-0.0,0.0,-0.0,0.0,0.0,0.0,0.0,0.0,0.99,0.0436,-0.1339,-0.0732,0.9716,-0.2249,0.1203,0.2324,0.9651,0.669,0.7326,-0.1252,-0.7377,0.634,-0.2321,-0.0907,0.2476,0.9646,0.0001,0.0001,0.0,0.0,0.0,0.0,-0.0093,-0.024,0.0866,3.045,8.238,-46.9093,0.0,0.0434,-0.3692,0.0,0.0,0.0,3976360.0051,3031403.8817,4504826.2413,-3474.8177,-3875.9736,5672.5015,3976356.9601,3031395.6437,4504873.1507,-3474.8084,-3875.9496,5672.415,0.0,0.0765,3.9732,0.0,0.0,1.0,0.0,1.0,0.0,0.0,-4.1,-36.453,0.0,0.0,-1.0,-0.7071,0.7071,0.0,0.22378561169118985,0.0036055512754639895,-0.1,0.9906584400153767,1.955289889076168,1.5,0.15
343.1843,11.07,-0.197,-0.109,7.098,-0.093,-0.072,-0.09,-0.003,-0.002,-0.09,-0.003,-0.002,-0.131,0.522,0.387,0.003,0.007,0.003,0.0,0.0,0.0,861.826,-0.0,0.0,-0.0,0.0,0.0,0.0,0.0,0.0,0.99,0.0436,-0.1339,-0.0732,0.9716,-0.2249,0.1203,0.2324,0.9651,0.669,0.7326,-0.1252,-0.7377,0.634,-0.2321,-0.0907,0.2476,0.9646,0.0001,0.0001,0.0,0.0,0.0,0.0,-0.0093,-0.024,0.0866,3.043,8.233,-46.8913,0.0,0.0434,-0.3692,0.0,0.0,0.0,3975636.8297,3030597.2581,4506006.4855,-3475.8995,-3876.7983,5671.2756,3975633.7867,3030589.0251,4506053.3768,-3475.8902,-3876.7743,5671.1891,0.0,0.0765,3.9732,0.0,0.0,1.0,0.0,1.0,0.0,0.0,-4.1,-36.453,0.0,0.0,-1.0,-0.7071,0.7071,0.0,0.22514439810930229,0.0036055512754639895,-0.1,1.0059140255040429,1.9519396764427073,1.5,0.15
343.392,11.051,-0.197,-0.109,7.079,-0.094,-0.073,-0.09,-0.003,-0.002,-0.09,-0.003,-0.002,-0.13,0.524,0.388,0.003,0.007,0.003,0.0,0.0,0.0,861.826,-0.0,0.0,-0.0,0.0,0.0,0.0,0.0,0.0,0.99,0.0436,-0.1339,-0.0732,0.9716,-0.2249,0.1203,0.2324,0.9651,0.669,0.7326,-0.1252,-0.7377,0.634,-0.2321,-0.0907,0.2476,0.9646,0.0001,0.0001,0.0,0.0,0.0,0.0,-0.0093,-0.024,0.0866,3.0411,8.228,-46.8732,0.0,0.0434,-0.3692,0.0,0.0,0.0,3974911.2372,3029788.0181,4507190.0488,-3476.9844,-3877.6253,5670.0457,3974908.1961,3029779.7901,4507236.922,-3476.9751,-3877.6013,5669.9592,0.0,0.0765,3.9732,0.0,0.0,1.0,0.0,1.0,0.0,0.0,-4.1,-36.453,0.0,0.0,-1.0,-0.7071,0.7071,0.0,0.22514439810930229,0.0036055512754639895,-0.1,0.9826013601269786,1.9485894638092465,1.5,0.15
343.6003,11.033,-0.198,-0.11,7.06,-0.094,-0.073,-0.09,-0.003,-0.002,-0.09,-0.003,-0.002,-0.13,0.525,0.388,0.003,0.007,0.003,0.0,0.0,0.0,861.826,-0.0,0.0,-0.0,0.0,0.0,0.0,0.0,0.0,0.99,0.0436,-0.1339,-0.0732,0.9716,-0.2249,0.1203,0.2324,0.9651,0.669,0.7326,-0.1252,-0.7377,0.634,-0.2321,-0.0907,0.2476,0.9646,0.0001,0.0001,0.0,0.0,0.0,0.0,-0.0093,-0.024,0.0866,3.0391,8.223,-46.8554,0.0,0.0434,-0.3692,0.0,0.0,0.0,3974193.5451,3028987.6679,4508360.1094,-3478.057,-3878.4428,5668.8292,3974190.506,3028979.4448,4508406.9648,-3478.0477,-3878.4188,5668.7427,0.0,0.0765,3.9732,0.0,0.0,1.0,0.0,1.0,0.0,0.0,-4.1,-36.453,0.0,0.0,-1.0,-0.7071,0.7071,0.0,0.22650386310171403,0.0036055512754639895,-0.1,0.9973778220369571,1.945415578156494,1.5,0.15
343.8102,11.014,-0.198,-0.11,7.041,-0.095,-0.073,-0.09,-0.003,-0.002,-0.09,-0.003,-0.002,-0.129,0.527,0.389,0.003,0.007,0.003,0.0,0.0,0.0,861.826,-0.0,0.0,-0.0,0.0,0.0,0.0,0.0,0.0,0.99,0.0436,-0.134,-0.0732,0.9716,-0.2248,0.1204,0.2324,0.9651,0.669,0.7326,-0.1252,-0.7377,0.634,-0.2321,-0.0907,0.2476,0.9646,0.0001,0.0001,0.0,0.0,0.0,0.0,-0.0093,-0.024,0.0866,3.0372,8.218,-46.8371,0.0,0.0434,-0.3692,0.0,0.0,0.0,3973460.4471,3028170.2179,4509554.6545,-3479.1521,-3879.2774,5667.5867,3973457.41,3028161.9999,4509601.4916,-3479.1427,-3879.2534,5667.5002,0.0,0.0765,3.9732,0.0,0.0,1.0,0.0,1.0,0.0,0.0,-4.1,-36.453,0.0,0.0,-1.0,-0.7071,0.7071,0.0,0.22650386310171403,0.0036055512754639895,-0.1,0.9766922251117265,1.942065365523033,1.5,0.15
344.0105,10.996,-0.199,-0.11,7.023,-0.096,-0.074,-0.09,-0.003,-0.002,-0.09,-0.004,-0.002,-0.129,0.528,0.389,0.002,0.007,-0.018,-0.0,0.0,0.0,861.798,-0.0,0.0,-0.0,-0.293,0.0,0.0,0.0,0.0,0.99,0.0436,-0.134,-0.0733,0.9716,-0.2248,0.1204,0.2324,0.9651,0.669,0.7326,-0.1252,-0.7377,0.634,-0.2321,-0.0907,0.2476,0.9646,-0.0003,0.0001,0.0,0.0,0.0,0.0,-0.0094,-0.024,0.0866,3.0352,8.2131,-46.8196,0.0,0.0434,-0.3692,0.0,0.0,0.0,3972755.5454,3027384.2851,4510702.6536,-3480.2045,-3880.0794,5666.392,3972752.5102,3027376.072,4510749.4732,-3480.1952,-3880.0554,5666.3055,0.0,0.0765,3.9732,0.0,0.0,1.0,0.0,1.0,0.0,0.0,-4.1,-36.453,0.0,0.0,-1.0,-0.7071,0.7071,0.0,0.22737853900489377,0.0036055512754639895,-0.1,0.9677504917677016,1.938891479870281,1.5,0.15
344.2114,10.977,-0.2,-0.111,7.005,-0.097,-0.074,-0.09,-0.003,-0.002,-0.09,-0.008,-0.004,-0.128,0.527,0.38,0.002,-0.026,-0.064,-0.001,-0.0,0.0,861.723,-0.0,0.0,-0.0,-0.751,-0.349,0.0,0.0,0.0,0.99,0.0436,-0.134,-0.0733,0.9716,-0.225,0.1204,0.2326,0.9651,0.669,0.7326,-0.1252,-0.7377,0.634,-0.2321,-0.0907,0.2476,0.9646,-0.0011,-0.0004,0.0,0.0,0.0,0.0,-0.0094,-0.024,0.0866,3.0334,8.2082,-46.8021,0.0,0.0434,-0.3691,0.0,0.0,0.0,3972052.3696,3026600.3522,4511847.2564,-3481.2539,-3880.879,5665.2003,3972049.3363,3026592.144,4511894.0585,-3481.2445,-3880.855,5665.1138,0.0,0.0765,3.9732,0.0,0.0,1.0,0.0,1.0,0.0,0.0,-4.1,-36.453,0.0,0.0,-1.0,-0.7071,0.7071,0.0,0.22873784120691532,0.0036055512754639895,-0.1,0.9635512533665131,1.9355412672368202,1.5,0.15
344.416,10.959,-0.2,-0.111,6.987,-0.099,-0.075,-0.09,-0.004,-0.002,-0.09,-0.011,-0.007,-0.128,0.519,0.364,0.002,-0.063,-0.102,-0.002,-0.001,0.0,861.655,-0.0,0.0,-0.0,-0.609,-0.095,0.0,0.0,0.0,0.99,0.0436,-0.1338,-0.0732,0.9715,-0.2253,0.1202,0.2328,0.9651,0.669,0.7326,-0.1252,-0.7377,0.634,-0.2321,-0.0907,0.2476,0.9646,-0.0018,-0.0011,0.0,0.0,0.0,0.0,-0.0094,-0.024,0.0866,3.0315,8.2032,-46.7845,0.0,0.0434,-0.3691,0.0,0.0,0.0,3971343.8588,3025810.5466,4512999.9506,-3482.3107,-3881.6842,5663.9997,3971340.8273,3025802.3434,4513046.7351,-3482.3013,-3881.6602,5663.9131,0.0,0.0765,3.9732,0.0,0.0,1.0,0.0,1.0,0.0,0.0,-4.1,-36.453,0.0,0.0,-1.0,-0.7071,0.7071,0.0,0.22873784120691532,0.004472135954999579,-0.1,0.9205876057154984,1.9323673815840676,1.5,0.15
344.6194,10.941,-0.201,-0.112,6.968,-0.101,-0.076,-0.09,-0.004,-0.002,-0.09,-0.013,-0.004,-0.128,0.509,0.339,0.001,-0.027,-0.136,-0.002,-0.0,0.0,861.58,-0.0,0.0,-0.0,0.0,0.0,0.0,0.0,0.0,0.9901,0.0435,-0.1337,-0.0732,0.9714,-0.2257,0.12,0.2333,0.965,0.669,0.7326,-0.1252,-0.7377,0.634,-0.2321,-0.0907,0.2476,0.9646,-0.0024,-0.0005,0.0,0.0,0.0,0.0,-0.0094,-0.0241,0.0865,3.0296,8.1982,-46.767,0.0,0.0434,-0.3691,0.0,0.0,0.0,3970634.8716,3025020.2859,4514152.8253,-3483.3677,-3882.4895,5662.7982,3970631.8419,3025012.0877,4514199.5923,-3483.3583,-3882.4655,5662.7117,0.0,0.0765,3.9732,0.0,0.0,1.0,0.0,1.0,0.0,0.0,-4.1,-36.453,0.0,0.0,-1.0,-0.7071,0.7071,0.0,0.23009780529157597,0.004472135954999579,-0.1,0.8932892846749398,1.9291934959313155,1.5,0.15
344.827,10.922,-0.202,-0.112,6.949,-0.104,-0.077,-0.09,-0.004,-0.002,-0.09,-0.011,-0.003,-0.127,0.506,0.314,0.001,-0.008,-0.099,-0.002,-0.0,0.0,861.511,-0.0,0.0,-0.0,0.0,0.0,0.0,0.0,0.0,0.9901,0.0435,-0.1337,-0.0732,0.9713,-0.2261,0.12,0.2337,0.9649,0.669,0.7326,-0.1252,-0.7377,0.634,-0.2321,-0.0907,0.2476,0.9646,-0.0017,-0.0001,0.0,0.0,0.0,0.0,-0.0094,-0.0241,0.0865,3.0277,8.193,-46.7491,0.0,0.0434,-0.3691,0.0,0.0,0.0,3969912.8543,3024215.5793,4515326.277,-3484.4436,-3883.3092,5661.5748,3969909.8266,3024207.3863,4515373.0261,-3484.4342,-3883.2851,5661.4882,0.0,0.0765,3.9732,0.0,0.0,1.0,0.0,1.0,0.0,0.0,-4.1,-36.453,0.0,0.0,-1.0,-0.7071,0.7071,0.0,0.23097185975785017,0.004472135954999579,-0.1,0.8450445100789638,1.9258432832978545,1.5,0.15
345.0323,10.903,-0.203,-0.113,6.931,-0.106,-0.078,-0.09,-0.003,-0.002,-0.09,-0.007,-0.003,-0.127,0.505,0.298,0.002,-0.007,-0.057,-0.001,-0.0,0.0,861.439,-0.0,0.0,-0.0,0.0,0.0,0.0,0.0,0.0,0.9901,0.0435,-0.1336,-0.0732,0.9713,-0.2264,0.12,0.2339,0.9648,0.669,0.7326,-0.1252,-0.7377,0.634,-0.2321,-0.0907,0.2476,0.9646,-0.001,-0.0001,0.0,0.0,0.0,0.0,-0.0094,-0.0241,0.0865,3.0258,8.1879,-46.7313,0.0,0.0434,-0.3691,0.0,0.0,0.0,3969195.6745,3023416.3419,4516491.2568,-3485.5118,-3884.1229,5660.3596,3969192.6487,3023408.154,4516537.9881,-3485.5023,-3884.0988,5660.273,0.0,0.0765,3.9732,0.0,0.0,1.0,0.0,1.0,0.0,0.0,-4.1,-36.453,0.0,0.0,-1.0,-0.7071,0.7071,0.0,0.2323316594870359,0.0036055512754639895,-0.1,0.8185210681075266,1.9224930706643937,1.5,0.15
345.2368,10.885,-0.203,-0.113,6.912,-0.107,-0.078,-0.09,-0.003,-0.002,-0.09,-0.004,-0.003,-0.127,0.503,0.291,0.002,-0.007,-0.015,-0.0,-0.0,0.0,861.367,-0.0,0.0,-0.0,0.0,0.0,0.0,0.0,0.0,0.9901,0.0435,-0.1336,-0.0732,0.9712,-0.2265,0.1199,0.2341,0.9648,0.669,0.7326,-0.1252,-0.7377,0.634,-0.2321,-0.0907,0.2476,0.9646,-0.0003,-0.0001,0.0,0.0,0.0,0.0,-0.0094,-0.0241,0.0865,3.0239,8.183,-46.7137,0.0,0.0434,-0.3691,0.0,0.0,0.0,3968484.327,3022623.6814,4517646.1645,-3486.5707,-3884.9295,5659.1543,3968481.3031,3022615.4984,4517692.8782,-3486.5613,-3884.9054,5659.0678,0.0,0.0765,3.9732,0.0,0.0,1.0,0.0,1.0,0.0,0.0,-4.1,-36.453,0.0,0.0,-1.0,-0.7071,0.7071,0.0,0.2323316594870359,0.0036055512754639895,-0.1,0.7971783366673538,1.9193191850116411,1.5,0.15
345.4377,10.867,-0.204,-0.113,6.894,-0.107,-0.079,-0.09,-0.003,-0.002,-0.09,-0.004,-0.003,-0.126,0.502,0.289,0.002,-0.007,-0.008,-0.0,-0.0,0.0,861.354,-0.0,0.0,-0.0,0.0,0.0,0.0,0.0,0.0,0.9901,0.0435,-0.1336,-0.0732,0.9712,-0.2266,0.1199,0.2341,0.9648,0.669,0.7326,-0.1252,-0.7377,0.634,-0.2321,-0.0907,0.2476,0.9646,-0.0001,-0.0001,0.0,0.0,0.0,0.0,-0.0095,-0.0241,0.0865,3.022,8.1782,-46.6965,0.0,0.0434,-0.3691,0.0,0.0,0.0,3967792.9633,3021853.3612,4518768.0542,-3487.5995,-3885.713,5657.983,3967789.9413,3021845.1831,4518814.7507,-3487.59,-3885.6889,5657.8964,0.0,0.0765,3.9732,0.0,0.0,1.0,0.0,1.0,0.0,0.0,-4.1,-36.453,0.0,0.0,-1.0,-0.7071,0.7071,0.0,0.23320591759215717,0.0036055512754639895,-0.1,0.8088769891808124,1.916145299358889,1.5,0.15
345.6427,10.848,-0.205,-0.114,6.876,-0.108,-0.079,-0.09,-0.003,-0.002,-0.09,-0.004,-0.003,-0.126,0.5,0.288,0.002,-0.007,-0.008,-0.0,-0.0,0.0,861.354,-0.0,0.0,-0.0,0.0,0.0,0.0,0.0,0.0,0.9901,0.0435,-0.1336,-0.0732,0.9712,-0.2266,0.1199,0.2341,0.9648,0.669,0.7326,-0.1252,-0.7377,0.634,-0.2321,-0.0907,0.2476,0.9646,-0.0001,-0.0001,0.0,0.0,0.0,0.0,-0.0095,-0.0242,0.0865,3.0201,8.1732,-46.6787,0.0,0.0434,-0.3691,0.0,0.0,0.0,3967072.6384,3021050.8493,4519936.3422,-3488.6708,-3886.5289,5656.7626,3967069.6183,3021042.6761,4519983.0209,-3488.6613,-3886.5047,5656.6761,0.0,0.0765,3.9732,0.0,0.0,1.0,0.0,1.0,0.0,0.0,-4.1,-36.453,0.0,0.0,-1.0,-0.7071,0.7071,0.0,0.23456555586871658,0.0036055512754639895,-0.1,0.8037127159402212,1.9127950867254282,1.5,0.15
345.8508,10.83,-0.205,-0.114,6.857,-0.109,-0.08,-0.09,-0.003,-0.002,-0.09,-0.004,-0.003,-0.125,0.499,0.286,0.002,-0.007,-0.008,-0.0,-0.0,0.0,861.354,-0.0,0.0,-0.0,0.0,0.0,0.0,0.0,0.0,0.9901,0.0435,-0.1336,-0.0732,0.9712,-0.2266,0.1199,0.2342,0.9648,0.669,0.7326,-0.1252,-0.7377,0.634,-0.2321,-0.0907,0.2476,0.9646,-0.0001,-0.0001,0.0,0.0,0.0,0.0,-0.0095,-0.0242,0.0865,3.0181,8.1681,-46.6606,0.0,0.0434,-0.3691,0.0,0.0,0.0,3966346.2717,3020241.6855,4521113.8117,-3489.7506,-3887.3511,5655.5321,3966343.2536,3020233.5174,4521160.4723,-3489.7411,-3887.327,5655.4456,0.0,0.0765,3.9732,0.0,0.0,1.0,0.0,1.0,0.0,0.0,-4.1,-36.453,0.0,0.0,-1.0,-0.7071,0.7071,0.0,0.23456555586871658,0.0036055512754639895,-0.1,0.7808601271244654,1.9096212010726756,1.5,0.15
346.0595,10.811,-0.206,-0.115,6.838,-0.11,-0.08,-0.09,-0.003,-0.002,-0.09,-0.004,-0.003,-0.125,0.497,0.284,0.002,-0.007,-0.008,-0.0,-0.0,0.0,861.354,-0.0,0.0,-0.0,0.0,0.0,0.0,0.0,0.0,0.9901,0.0435,-0.1335,-0.0732,0.9712,-0.2267,0.1198,0.2342,0.9648,0.669,0.7326,-0.1252,-0.7377,0.634,-0.2321,-0.0907,0.2476,0.9646,-0.0001,-0.0001,0.0,0.0,0.0,0.0,-0.0095,-0.0242,0.0865,3.0161,8.1631,-46.6426,0.0,0.0434,-0.3691,0.0,0.0,0.0,3965617.7376,3019430.1861,4522294.1702,-3490.833,-3888.1754,5654.2979,3965614.7215,3019422.023,4522340.8128,-3490.8235,-3888.1512,5654.2114,0.0,0.0765,3.9732,0.0,0.0,1.0,0.0,1.0,0.0,0.0,-4.1,-36.453,0.0,0.0,-1.0,-0.7071,0.7071,0.0,0.23592583580439,0.0036055512754639895,-0.1,0.7751335667708116,1.9062709884392148,1.5,0.15
346.2692,10.792,-0.207,-0.115,6.819,-0.111,-0.081,-0.09,-0.003,-0.002,-0.09,-0.004,-0.003,-0.125,0.495,0.283,0.002,-0.007,-0.008,-0.0,-0.0,0.0,861.354,-0.0,0.0,-0.0,0.0,0.0,0.0,0.0,0.0,0.9901,0.0435,-0.1335,-0.0732,0.9712,-0.2267,0.1198,0.2342,0.9648,0.669,0.7326,-0.1252,-0.7377,0.634,-0.2321,-0.0907,0.2476,0.9646,-0.0001,-0.0001,0.0,0.0,0.0,0.0,-0.0095,-0.0242,0.0865,3.0142,8.158,-46.6245,0.0,0.0434,-0.3691,0.0,0.0,0.0,3964888.5875,3018618.0806,4523474.9034,-3491.9159,-3888.9998,5653.0628,3964885.5733,3018609.9226,4523521.528,-3491.9064,-3888.9756,5652.9763,0.0,0.0765,3.9732,0.0,0.0,1.0,0.0,1.0,0.0,0.0,-4.1,-36.453,0.0,0.0,-1.0,-0.7071,0.7071,0.0,0.236799493242701,0.0036055512754639895,-0.1,0.7671146580613001,1.902920775805754,1.5,0.15
346.4782,10.773,-0.207,-0.116,6.801,-0.111,-0.081,-0.09,-0.003,-0.002,-0.09,-0.004,-0.002,-0.124,0.494,0.281,0.002,-0.007,-0.008,-0.0,-0.0,0.0,861.354,-0.0,0.0,-0.0,0.0,0.0,0.0,0.0,0.0,0.9901,0.0435,-0.1335,-0.0732,0.9712,-0.2267,0.1198,0.2342,0.9648,0.669,0.7326,-0.1252,-0.7377,0.634,-0.2321,-0.0907,0.2476,0.9646,-0.0001,-0.0001,0.0,0.0,0.0,0.0,-0.0095,-0.0242,0.0865,3.0122,8.153,-46.6065,0.0,0.0434,-0.3691,0.0,0.0,0.0,3964160.0358,3017806.7213,4524654.0446,-3492.9973,-3889.8231,5651.8288,3964157.0236,3017798.5684,4524700.6511,-3492.9878,-3889.7989,5651.7423,0.0,0.0765,3.9732,0.0,0.0,1.0,0.0,1.0,0.0,0.0,-4.1,-36.453,0.0,0.0,-1.0,-0.7071,0.7071,0.0,0.23728674636397204,0.0036055512754639895,-0.1,0.7672063959866664,1.8995705631722932,1.5,0.15
346.6855,10.754,-0.208,-0.116,6.782,-0.112,-0.082,-0.09,-0.003,-0.002,-0.09,-0.004,-0.002,-0.124,0.492,0.279,0.002,-0.007,-0.013,-0.0,-0.0,0.0,861.348,-0.0,0.0,-0.0,-0.148,0.0,0.0,0.0,0.0,0.9901,0.0435,-0.1335,-0.0732,0.9712,-0.2267,0.1197,0.2343,0.9648,0.669,0.7326,-0.1252,-0.7377,0.634,-0.2321,-0.0907,0.2476,0.9646,-0.0002,-0.0001,0.0,0.0,0.0,0.0,-0.0095,-0.0242,0.0865,3.0102,8.1479,-46.5883,0.0,0.0434,-0.3691,0.0,0.0,0.0,3963425.6663,3016988.963,4525841.9713,-3494.0868,-3890.6525,5650.5849,3963422.6561,3016980.8151,4525888.5596,-3494.0773,-3890.6283,5650.4984,0.0,0.0765,3.9732,0.0,0.0,1.0,0.0,1.0,0.0,0.0,-4.1,-36.453,0.0,0.0,-1.0,-0.7071,0.7071,0.0,0.23815961034566713,0.0036055512754639895,-0.1,0.7593222706799995,1.8962203505388322,1.5,0.15
346.8934,10.735,-0.209,-0.116,6.763,-0.113,-0.082,-0.09,-0.004,-0.002,-0.09,-0.008,-0.004,-0.123,0.49,0.272,0.002,-0.023,-0.057,-0.001,-0.0,0.0,861.282,-0.0,0.0,-0.0,-0.923,-0.349,0.0,0.0,0.0,0.9901,0.0435,-0.1334,-0.0732,0.9712,-0.2269,0.1197,0.2344,0.9647,0.669,0.7326,-0.1252,-0.7377,0.634,-0.2321,-0.0907,0.2476,0.9646,-0.001,-0.0004,0.0,0.0,0.0,0.0,-0.0095,-0.0242,0.0865,3.0082,8.1428,-46.5703,0.0,0.0434,-0.369,0.0,0.0,0.0,3962699.8198,3016180.7753,4527015.4917,-3495.1631,-3891.4718,5649.3556,3962696.8116,3016172.6326,4527062.062,-3495.1536,-3891.4475,5649.2691,0.0,0.0765,3.9732,0.0,0.0,1.0,0.0,1.0,0.0,0.0,-4.1,-36.453,0.0,0.0,-1.0,-0.7071,0.7071,0.0,0.2390334704596827,0.004472135954999579,-0.1,0.752533043886074,1.8928701379053714,1.5,0.15
347.0996,10.717,-0.21,-0.117,6.744,-0.115,-0.083,-0.09,-0.004,-0.002,-0.09,-0.011,-0.007,-0.123,0.481,0.256,0.002,-0.067,-0.102,-0.002,-0.001,0.0,861.202,-0.0,0.0,-0.0,-1.0,-0.674,0.0,0.0,0.0,0.9901,0.0434,-0.1333,-0.0732,0.9711,-0.2272,0.1196,0.2347,0.9647,0.669,0.7326,-0.1252,-0.7377,0.634,-0.2321,-0.0907,0.2476,0.9646,-0.0018,-0.0012,0.0,0.0,0.0,0.0,-0.0096,-0.0242,0.0865,3.0063,8.1377,-46.5526,0.0,0.0434,-0.369,0.0,0.0,0.0,3961979.7347,3015379.0795,4528179.0864,-3496.2304,-3892.2841,5648.1361,3961976.7284,3015370.9418,4528225.6389,-3496.2209,-3892.2598,5648.0495,0.0,0.0765,3.9732,0.0,0.0,1.0,0.0,1.0,0.0,0.0,-4.1,-36.453,0.0,0.0,-1.0,-0.7071,0.7071,0.0,0.24039342753078752,0.004472135954999579,-0.1,0.7251498076110979,1.8896962522526193,1.5,0.15
347.3034,10.698,-0.21,-0.117,6.726,-0.118,-0.085,-0.09,-0.004,-0.003,-0.09,-0.014,-0.01,-0.123,0.463,0.23,0.001,-0.111,-0.147,-0.003,-0.002,0.0,861.122,-0.0,0.0,-0.0,-0.941,-0.544,0.0,0.0,0.0,0.9902,0.0434,-0.133,-0.0731,0.971,-0.2276,0.1192,0.2351,0.9646,0.669,0.7326,-0.1252,-0.7377,0.634,-0.2321,-0.0907,0.2476,0.9646,-0.0026,-0.0019,0.0,0.0,0.0,0.0,-0.0096,-0.0243,0.0865,3.0045,8.1326,-46.5349,0.0,0.0434,-0.369,0.0,0.0,0.0,3961265.8713,3014584.3874,4529332.0303,-3497.288,-3893.0889,5646.9271,3961262.8669,3014576.2548,4529378.5652,-3497.2784,-3893.0647,5646.8406,0.0,0.0765,3.9732,0.0,0.0,1.0,0.0,1.0,0.0,0.0,-4.1,-36.453,0.0,0.0,-1.0,-0.7071,0.7071,0.0,0.24039342753078752,0.005,-0.1,0.6640292718334156,1.8863460396191585,1.5,0.15
347.509,10.68,-0.211,-0.118,6.707,-0.121,-0.087,-0.09,-0.004,-0.003,-0.09,-0.017,-0.011,-0.123,0.437,0.196,0.001,-0.119,-0.179,-0.003,-0.002,0.0,861.054,-0.0,0.0,-0.0,0.0,0.0,0.0,0.0,0.0,0.9902,0.0433,-0.1326,-0.073,0.9709,-0.2282,0.1188,0.2357,0.9645,0.669,0.7326,-0.1252,-0.7377,0.634,-0.2321,-0.0907,0.2476,0.9646,-0.0031,-0.0021,0.0,0.0,0.0,0.0,-0.0096,-0.0243,0.0865,3.0027,8.1274,-46.5172,0.0,0.0434,-0.369,0.0,0.0,0.0,3960548.0214,3013785.3333,4530490.8117,-3498.3509,-3893.8978,5645.7115,3960545.0187,3013777.2059,4530537.329,-3498.3413,-3893.8735,5645.625,0.0,0.0765,3.9732,0.0,0.0,1.0,0.0,1.0,0.0,0.0,-4.1,-36.453,0.0,0.0,-1.0,-0.7071,0.7071,0.0,0.24175400720567178,0.005,-0.1,0.6180330131295653,1.883172153966406,1.5,0.15
347.7121,10.662,-0.212,-0.118,6.689,-0.124,-0.089,-0.09,-0.004,-0.002,-0.09,-0.014,-0.008,-0.122,0.417,0.164,0.001,-0.081,-0.14,-0.002,-0.001,0.0,860.978,-0.0,0.0,-0.0,0.0,0.0,0.0,0.0,0.0,0.9903,0.0432,-0.1322,-0.0729,0.9707,-0.2288,0.1185,0.2362,0.9644,0.669,0.7326,-0.1252,-0.7377,0.634,-0.2321,-0.0907,0.2476,0.9646,-0.0024,-0.0014,0.0,0.0,0.0,0.0,-0.0096,-0.0244,0.0865,3.0008,8.1222,-46.4997,0.0,0.0434,-0.369,0.0,0.0,0.0,3959837.6824,3012994.7163,4531636.8781,-3499.4022,-3894.6978,5644.5086,3959834.6816,3012986.594,4531683.3778,-3499.3926,-3894.6735,5644.4221,0.0,0.0765,3.9732,0.0,0.0,1.0,0.0,1.0,0.0,0.0,-4.1,-36.453,0.0,0.0,-1.0,-0.7071,0.7071,0.0,0.24262728618191318,0.004472135954999579,-0.1,0.5757262694451227,1.8799982683136538,1.5,0.15
347.9188,10.643,-0.213,-0.119,6.67,-0.127,-0.091,-0.09,-0.004,-0.002,-0.09,-0.011,-0.005,-0.122,0.404,0.139,0.0,-0.045,-0.104,-0.002,-0.001,0.0,860.907,-0.0,0.0,-0.0,0.0,0.0,0.0,0.0,0.0,0.9903,0.0432,-0.132,-0.0729,0.9706,-0.2292,0.1183,0.2366,0.9644,0.669,0.7326,-0.1252,-0.7377,0.634,-0.2321,-0.0907,0.2476,0.9646,-0.0018,-0.0008,0.0,0.0,0.0,0.0,-0.0096,-0.0244,0.0865,2.9989,8.117,-46.4818,0.0,0.0434,-0.3689,0.0,0.0,0.0,3959111.8345,3012186.9147,4532807.3574,-3500.4759,-3895.5149,5643.2796,3959108.8356,3012178.7977,4532853.8392,-3500.4663,-3895.4904,5643.1931,0.0,0.0765,3.9732,0.0,0.0,1.0,0.0,1.0,0.0,0.0,-4.1,-36.453,0.0,0.0,-1.0,-0.7071,0.7071,0.0,0.24398770460824454,0.004472135954999579,-0.1,0.5340528989142866,1.8766480556801928,1.5,0.15
348.1209,10.625,-0.214,-0.119,6.652,-0.129,-0.091,-0.09,-0.004,-0.002,-0.09,-0.008,-0.002,-0.122,0.399,0.122,-0.0,-0.007,-0.065,-0.001,-0.0,0.0,860.831,-0.0,0.0,-0.0,0.0,0.0,0.0,0.0,0.0,0.9903,0.0432,-0.132,-0.0729,0.9706,-0.2295,0.1182,0.2369,0.9643,0.669,0.7326,-0.1252,-0.7377,0.634,-0.2321,-0.0907,0.2476,0.9646,-0.0011,-0.0001,0.0,0.0,0.0,0.0,-0.0096,-0.0245,0.0865,2.997,8.112,-46.4644,0.0,0.0434,-0.3689,0.0,0.0,0.0,3958404.9123,3011400.2512,4533946.7287,-3501.5212,-3896.3101,5642.0826,3958401.9153,3011392.1392,4533993.1931,-3501.5115,-3896.2856,5641.9961,0.0,0.0765,3.9732,0.0,0.0,1.0,0.0,1.0,0.0,0.0,-4.1,-36.453,0.0,0.0,-1.0,-0.7071,0.7071,0.0,0.24486118516416602,0.004472135954999579,-0.1,0.5078580861691661,1.8734741700274404,1.5,0.15
348.3277,10.606,-0.215,-0.12,6.633,-0.13,-0.092,-0.09,-0.004,-0.002,-0.09,-0.005,-0.002,-0.122,0.398,0.113,-0.0,-0.007,-0.023,-0.0,-0.0,0.0,860.759,-0.0,0.0,-0.0,0.0,0.0,0.0,0.0,0.0,0.9903,0.0431,-0.1319,-0.0729,0.9705,-0.2297,0.1181,0.2371,0.9643,0.669,0.7326,-0.1252,-0.7377,0.634,-0.2321,-0.0907,0.2476,0.9646,-0.0004,-0.0001,0.0,0.0,0.0,0.0,-0.0097,-0.0245,0.0864,2.995,8.1069,-46.4466,0.0,0.0434,-0.3689,0.0,0.0,0.0,3957681.3948,3010595.1976,4535112.245,-3502.5904,-3897.1235,5640.8576,3957678.3998,3010587.0907,4535158.6916,-3502.5808,-3897.099,5640.7712,0.0,0.0765,3.9732,0.0,0.0,1.0,0.0,1.0,0.0,0.0,-4.1,-36.453,0.0,0.0,-1.0,-0.7071,0.7071,0.0,0.24622144504490262,0.004472135954999579,-0.1,0.5025054931086276,1.8701239573939794,1.5,0.15
348.5457,10.587,-0.215,-0.12,6.614,-0.131,-0.092,-0.09,-0.004,-0.002,-0.09,-0.004,-0.002,-0.122,0.396,0.11,0.0,-0.007,-0.005,-0.0,-0.0,0.0,860.728,-0.0,0.0,-0.0,0.0,0.0,0.0,0.0,0.0,0.9903,0.0431,-0.1319,-0.0729,0.9705,-0.2297,0.1181,0.2371,0.9643,0.669,0.7326,-0.1252,-0.7377,0.634,-0.2321,-0.0907,0.2476,0.9646,-0.0001,-0.0001,0.0,0.0,0.0,0.0,-0.0097,-0.0245,0.0864,2.9929,8.1016,-46.428,0.0,0.0434,-0.3689,0.0,0.0,0.0,3956929.9802,3009759.1849,4536322.0557,-3503.7004,-3897.9678,5639.5854,3956926.9872,3009751.0834,4536368.4837,-3503.6907,-3897.9433,5639.499,0.0,0.0765,3.9732,0.0,0.0,1.0,0.0,1.0,0.0,0.0,-4.1,-36.453,0.0,0.0,-1.0,-0.7071,0.7071,0.0,0.24622144504490262,0.004472135954999579,-0.1,0.4818897833493157,1.8667737447605186,1.5,0.15
348.7514,10.568,-0.216,-0.12,6.595,-0.132,-0.093,-0.09,-0.004,-0.002,-0.09,-0.004,-0.002,-0.122,0.395,0.109,0.0,-0.007,-0.005,-0.0,-0.0,0.0,860.728,-0.0,0.0,-0.0,0.0,0.0,0.0,0.0,0.0,0.9903,0.0431,-0.1319,-0.0729,0.9705,-0.2298,0.1181,0.2371,0.9643,0.669,0.7326,-0.1252,-0.7377,0.634,-0.2321,-0.0907,0.2476,0.9646,-0.0001,-0.0001,0.0,0.0,0.0,0.0,-0.0097,-0.0245,0.0864,2.991,8.0965,-46.4102,0.0,0.0434,-0.3689,0.0,0.0,0.0,3956206.0473,3008953.8272,4537486.9991,-3504.7692,-3898.7808,5638.3599,3956203.0564,3008945.7307,4537533.4093,-3504.7595,-3898.7562,5638.2734,0.0,0.0765,3.9732,0.0,0.0,1.0,0.0,1.0,0.0,0.0,-4.1,-36.453,0.0,0.0,-1.0,-0.7071,0.7071,0.0,0.247095123383688,0.004472135954999579,-0.1,0.4807321624745457,1.8634235321270578,1.5,0.15
348.9608,10.549,-0.217,-0.121,6.576,-0.133,-0.093,-0.09,-0.004,-0.002,-0.09,-0.004,-0.002,-0.122,0.393,0.108,0.0,-0.007,-0.005,-0.0,-0.0,0.0,860.728,-0.0,0.0,-0.0,0.0,0.0,0.0,0.0,0.0,0.9903,0.0431,-0.1319,-0.0729,0.9705,-0.2298,0.1181,0.2372,0.9643,0.669,0.7326,-0.1252,-0.7377,0.634,-0.2321,-0.0907,0.2476,0.9646,-0.0001,-0.0001,0.0,0.0,0.0,0.0,-0.0097,-0.0246,0.0864,2.9889,8.0914,-46.3921,0.0,0.0434,-0.3689,0.0,0.0,0.0,3955472.2609,3008137.5878,4538667.1796,-3505.852,-3899.6043,5637.1177,3955469.272,3008129.4964,4538713.5717,-3505.8423,-3899.5797,5637.0312,0.0,0.0765,3.9732,0.0,0.0,1.0,0.0,1.0,0.0,0.0,-4.1,-36.453,0.0,0.0,-1.0,-0.7071,0.7071,0.0,0.2484552273549502,0.004472135954999579,-0.1,0.4701336351220542,1.860073319493597,1.5,0.15
349.1726,10.53,-0.218,-0.121,6.557,-0.134,-0.094,-0.09,-0.004,-0.002,-0.09,-0.004,-0.002,-0.122,0.392,0.107,0.0,-0.007,-0.005,-0.0,-0.0,0.0,860.728,-0.0,0.0,-0.0,0.0,0.0,0.0,0.0,0.0,0.9903,0.0431,-0.1319,-0.0729,0.9705,-0.2298,0.1181,0.2372,0.9643,0.669,0.7326,-0.1252,-0.7377,0.634,-0.2321,-0.0907,0.2476,0.9646,-0.0001,-0.0001,0.0,0.0,0.0,0.0,-0.0097,-0.0246,0.0864,2.9869,8.0861,-46.3738,0.0,0.0434,-0.3689,0.0,0.0,0.0,3954729.8069,3007311.7872,4539860.6644,-3506.947,-3900.437,5635.8609,3954726.8199,3007303.7011,4539907.0382,-3506.9373,-3900.4125,5635.7744,0.0,0.0765,3.9732,0.0,0.0,1.0,0.0,1.0,0.0,0.0,-4.1,-36.453,0.0,0.0,-1.0,-0.7071,0.7071,0.0,0.24932909978580517,0.004472135954999579,-0.1,0.4694685463805896,1.856723106860136,1.5,0.15
349.3733,10.512,-0.218,-0.122,6.539,-0.135,-0.094,-0.09,-0.001,-0.002,-0.09,-0.001,-0.002,-0.122,0.391,0.106,0.0,-0.007,-0.005,-0.0,-0.0,0.0,860.717,-0.0,1.0,-0.0,0.0,0.0,0.0,0.0,0.0,0.9903,0.0431,-0.1318,-0.0729,0.9705,-0.2298,0.118,0.2372,0.9643,0.669,0.7326,-0.1252,-0.7377,0.634,-0.2321,-0.0907,0.2476,0.9646,-0.0001,-0.0001,0.0,0.0,0.0,0.0,-0.0096,-0.0218,0.0871,2.9849,8.0812,-46.3561,0.0,0.0434,-0.3689,0.0,0.0,0.0,3954013.3687,3006515.0005,4541011.7232,-3508.0031,-3901.2374,5634.6488,3954010.3838,3006506.9193,4541058.0793,-3507.9935,-3901.2156,5634.5617,0.0,0.0765,3.9732,0.0,0.0,1.0,0.0,1.0,0.0,0.0,-4.1,-36.453,0.0,0.0,-1.0,-0.7071,0.7071,0.0,0.24981593223811807,0.0022360679774997894,-0.1,0.4448540758508856,1.8535492212073839,1.5,0.15
349.5785,10.493,-0.218,-0.122,6.52,-0.134,-0.095,-0.09,0.007,-0.002,-0.09,0.007,-0.002,-0.122,0.389,0.105,0.001,-0.007,-0.005,-0.0,-0.0,0.0,860.686,-0.0,1.0,-0.0,0.0,0.0,0.0,0.0,0.0,0.9903,0.0431,-0.1318,-0.0728,0.9705,-0.2298,0.118,0.2372,0.9643,0.669,0.7326,-0.1252,-0.7377,0.634,-0.2321,-0.0907,0.2476,0.9646,-0.0001,-0.0001,0.0,0.0,0.0,0.0,-0.0094,-0.0141,0.089,2.983,8.0775,-46.3381,0.0,0.0434,-0.3689,0.0,0.0,0.0,3953297.1291,3005718.5118,4542161.8699,-3509.0583,-3902.0321,5633.4384,3953294.1461,3005710.4342,4542208.208,-3509.0489,-3902.018,5633.3494,0.0,0.0765,3.9732,0.0,0.0,1.0,0.0,1.0,0.0,0.0,-4.1,-36.453,0.0,0.0,-1.0,-0.7071,0.7071,0.0,0.24981593223811807,0.007280109889280519,-0.1,0.4692795268919392,1.850199008573923,1.5,0.15
349.7977,10.474,-0.216,-0.122,6.501,-0.132,-0.095,-0.09,0.011,-0.002,-0.09,0.011,-0.002,-0.122,0.388,0.104,0.001,-0.007,-0.005,-0.0,-0.0,0.0,860.671,-0.0,0.0,-0.0,0.0,0.0,0.0,0.0,0.0,0.9903,0.0431,-0.1318,-0.0728,0.9705,-0.2299,0.118,0.2372,0.9643,0.669,0.7326,-0.1252,-0.7377,0.634,-0.2321,-0.0907,0.2476,0.9646,-0.0001,-0.0001,0.0,0.0,0.0,0.0,-0.0093,-0.0103,0.0899,2.981,8.0751,-46.3187,0.0,0.0434,-0.3689,0.0,0.0,0.0,3952535.0351,3004871.1149,4543384.9984,-3510.1805,-3902.8816,5632.1494,3952532.0541,3004863.0398,4543431.317,-3510.1712,-3902.8713,5632.0595,0.0,0.0765,3.9732,0.0,0.0,1.0,0.0,1.0,0.0,0.0,-4.1,-36.453,0.0,0.0,-1.0,-0.7071,0.7071,0.0,0.24807257002740146,0.011180339887498947,-0.1,0.47908846126794713,1.8468487959404623,1.5,0.15
350.0067,10.455,-0.213,-0.123,6.482,-0.13,-0.096,-0.09,0.011,-0.002,-0.09,0.011,-0.002,-0.122,0.386,0.102,0.001,-0.007,-0.005,-0.0,-0.0,0.0,860.671,-0.0,0.0,-0.0,0.0,0.0,0.0,0.0,0.0,0.9903,0.0431,-0.1318,-0.0728,0.9705,-0.2299,0.118,0.2373,0.9643,0.669,0.7326,-0.1252,-0.7377,0.634,-0.2321,-0.0907,0.2476,0.9646,-0.0001,-0.0001,0.0,0.0,0.0,0.0,-0.0093,-0.0103,0.0899,2.979,8.0729,-46.2998,0.0,0.0434,-0.3689,0.0,0.0,0.0,3951798.1316,3004051.8108,4544567.0608,-3511.2653,-3903.7062,5630.9023,3951795.1526,3004043.7379,4544613.3606,-3511.256,-3903.6959,5630.8124,0.0,0.0765,3.9732,0.0,0.0,1.0,0.0,1.0,0.0,0.0,-4.1,-36.453,0.0,0.0,-1.0,-0.7071,0.7071,0.0,0.24596341191323556,0.011180339887498947,-0.1,0.4772604177859959,1.8434985833070012,1.5,0.15
350.2163,10.436,-0.211,-0.123,6.463,-0.127,-0.096,-0.09,0.011,-0.002,-0.09,0.011,-0.002,-0.121,0.385,0.101,0.001,-0.007,-0.005,-0.0,-0.0,0.0,860.671,-0.0,0.0,-0.0,0.0,0.0,0.0,0.0,0.0,0.9903,0.0431,-0.1317,-0.0728,0.9705,-0.2299,0.1179,0.2373,0.9643,0.669,0.7326,-0.1252,-0.7377,0.634,-0.2321,-0.0907,0.2476,0.9646,-0.0001,-0.0001,0.0,0.0,0.0,0.0,-0.0093,-0.0103,0.0899,2.9771,8.0708,-46.281,0.0,0.0434,-0.3689,0.0,0.0,0.0,3951064.4727,3003236.1928,4545743.2941,-3512.3447,-3904.5267,5629.6607,3951061.4957,3003228.1221,4545789.5751,-3512.3354,-3904.5164,5629.5708,0.0,0.0765,3.9732,0.0,0.0,1.0,0.0,1.0,0.0,0.0,-4.1,-36.453,0.0,0.0,-1.0,-0.7071,0.7071,0.0,0.24423349483639625,0.011180339887498947,-0.1,0.5061652211750872,1.8401483706735404,1.5,0.15
350.424,10.417,-0.209,-0.123,6.444,-0.125,-0.096,-0.09,0.011,-0.002,-0.09,0.011,-0.002,-0.121,0.384,0.1,0.001,-0.007,-0.005,-0.0,-0.0,0.0,860.671,-0.0,0.0,-0.0,0.0,0.0,0.0,0.0,0.0,0.9903,0.0431,-0.1317,-0.0728,0.9705,-0.2299,0.1179,0.2373,0.9643,0.669,0.7326,-0.1252,-0.7377,0.634,-0.2321,-0.0907,0.2476,0.9646,-0.0001,-0.0001,0.0,0.0,0.0,0.0,-0.0094,-0.0103,0.0899,2.9751,8.0686,-46.2623,0.0,0.0434,-0.3689,0.0,0.0,0.0,3950333.2351,3002423.3458,4546915.0291,-3513.42,-3905.3441,5628.4232,3950330.26,3002415.2772,4546961.2915,-3513.4107,-3905.3337,5628.3333,0.0,0.0765,3.9732,0.0,0.0,1.0,0.0,1.0,0.0,0.0,-4.1,-36.453,0.0,0.0,-1.0,-0.7071,0.7071,0.0,0.2425077318355025,0.011180339887498947,-0.1,0.5161168409151659,1.8367981580400796,1.5,0.15
350.6343,10.398,-0.206,-0.124,6.425,-0.123,-0.097,-0.09,0.011,-0.001,-0.09,0.011,-0.002,-0.121,0.382,0.099,0.001,-0.007,-0.005,-0.0,-0.0,0.0,860.671,-0.0,0.0,-0.0,0.0,0.0,0.0,0.0,0.0,0.9904,0.0431,-0.1317,-0.0728,0.9705,-0.2299,0.1179,0.2373,0.9643,0.669,0.7326,-0.1252,-0.7377,0.634,-0.2321,-0.0907,0.2476,0.9646,-0.0001,-0.0001,0.0,0.0,0.0,0.0,-0.0094,-0.0103,0.0899,2.9732,8.0664,-46.2434,0.0,0.0434,-0.3689,0.0,0.0,0.0,3949594.3412,3001602.0682,4548098.4073,-3514.5061,-3906.1695,5627.1729,3949591.368,3001594.0018,4548144.6507,-3514.4967,-3906.1592,5627.083,0.0,0.0765,3.9732,0.0,0.0,1.0,0.0,1.0,0.0,0.0,-4.1,-36.453,0.0,0.0,-1.0,-0.7071,0.7071,0.0,0.24044126101815386,0.01104536101718726,-0.1,0.51437187473963,1.8334479454066188,1.5,0.15
350.8422,10.379,-0.204,-0.124,6.406,-0.121,-0.097,-0.09,0.011,-0.001,-0.09,0.011,-0.002,-0.121,0.381,0.098,0.001,-0.007,-0.005,-0.0,-0.0,0.0,860.671,-0.0,0.0,-0.0,0.0,0.0,0.0,0.0,0.0,0.9904,0.0431,-0.1317,-0.0728,0.9705,-0.23,0.1179,0.2373,0.9643,0.669,0.7326,-0.1252,-0.7377,0.634,-0.2321,-0.0907,0.2476,0.9646,-0.0001,-0.0001,0.0,0.0,0.0,0.0,-0.0094,-0.0104,0.0899,2.9712,8.0643,-46.2247,0.0,0.0434,-0.3689,0.0,0.0,0.0,3948864.47,3000790.898,4549266.718,-3515.5784,-3906.9844,5625.9378,3948861.4987,3000782.8337,4549312.9428,-3515.569,-3906.974,5625.8479,0.0,0.0765,3.9732,0.0,0.0,1.0,0.0,1.0,0.0,0.0,-4.1,-36.453,0.0,0.0,-1.0,-0.7071,0.7071,0.0,0.23872997298202836,0.01104536101718726,-0.1,0.5243787885238445,1.8300977327731578,1.5,0.15
351.0511,10.36,-0.202,-0.124,6.387,-0.118,-0.098,-0.09,0.011,-0.001,-0.09,0.011,-0.002,-0.12,0.379,0.097,0.001,-0.007,-0.005,-0.0,-0.0,0.0,860.671,-0.0,0.0,-0.0,0.0,0.0,0.0,0.0,0.0,0.9904,0.0431,-0.1316,-0.0728,0.9705,-0.23,0.1178,0.2374,0.9642,0.669,0.7326,-0.1252,-0.7377,0.634,-0.2321,-0.0907,0.2476,0.9646,-0.0001,-0.0001,0.0,0.0,0.0,0.0,-0.0094,-0.0104,0.0899,2.9693,8.0621,-46.206,0.0,0.0434,-0.3689,0.0,0.0,0.0,3948131.3569,2999976.2029,4550439.6004,-3516.6549,-3907.8024,5624.6974,3948128.3876,2999968.1408,4550485.8064,-3516.6455,-3907.792,5624.6075,0.0,0.0765,3.9732,0.0,0.0,1.0,0.0,1.0,0.0,0.0,-4.1,-36.453,0.0,0.0,-1.0,-0.7071,0.7071,0.0,0.23702320561497772,0.01104536101718726,-0.1,0.5602962795717846,1.826747520139697,1.5,0.15
351.2608,10.341,-0.199,-0.124,6.369,-0.116,-0.098,-0.09,0.011,-0.001,-0.09,0.011,-0.002,-0.12,0.378,0.096,0.001,-0.007,-0.005,-0.0,-0.0,0.0,860.671,-0.0,0.0,-0.0,0.0,0.0,0.0,0.0,0.0,0.9904,0.0431,-0.1316,-0.0728,0.9705,-0.23,0.1178,0.2374,0.9642,0.669,0.7326,-0.1252,-0.7377,0.634,-0.2321,-0.0907,0.2476,0.9646,-0.0001,-0.0001,0.0,0.0,0.0,0.0,-0.0094,-0.0104,0.0899,2.9673,8.0599,-46.1872,0.0,0.0434,-0.3689,0.0,0.0,0.0,3947394.8706,2999157.8395,4551617.2593,-3517.7358,-3908.6237,5623.4513,3947391.9033,2999149.7796,4551663.4465,-3517.7264,-3908.6133,5623.3614,0.0,0.0765,3.9732,0.0,0.0,1.0,0.0,1.0,0.0,0.0,-4.1,-36.453,0.0,0.0,-1.0,-0.7071,0.7071,0.0,0.23447174669882936,0.01104536101718726,-0.1,0.557137273314159,1.8233973075062362,1.5,0.15
351.4722,10.322,-0.197,-0.125,6.349,-0.114,-0.099,-0.09,0.011,-0.001,-0.09,0.011,-0.002,-0.12,0.376,0.095,0.001,-0.007,-0.005,-0.0,-0.0,0.0,860.671,-0.0,0.0,-0.0,0.0,0.0,0.0,0.0,0.0,0.9904,0.0431,-0.1316,-0.0728,0.9705,-0.23,0.1178,0.2374,0.9642,0.669,0.7326,-0.1252,-0.7377,0.634,-0.2321,-0.0907,0.2476,0.9646,-0.0001,-0.0001,0.0,0.0,0.0,0.0,-0.0094,-0.0104,0.0899,2.9653,8.0577,-46.1681,0.0,0.0434,-0.3689,0.0,0.0,0.0,3946648.4025,2998328.4648,4552810.2424,-3518.8308,-3909.4556,5622.1883,3946645.4371,2998320.4071,4552856.4106,-3518.8214,-3909.4452,5622.0985,0.0,0.0765,3.9732,0.0,0.0,1.0,0.0,1.0,0.0,0.0,-4.1,-36.453,0.0,0.0,-1.0,-0.7071,0.7071,0.0,0.23331095130747723,0.01104536101718726,-0.1,0.5689898867330033,1.8200470948727754,1.5,0.15
351.6801,10.303,-0.195,-0.125,6.331,-0.112,-0.099,-0.09,0.011,-0.001,-0.09,0.011,-0.002,-0.12,0.375,0.093,0.001,-0.007,-0.005,-0.0,-0.0,0.0,860.671,-0.0,0.0,-0.0,0.0,0.0,0.0,0.0,0.0,0.9904,0.0431,-0.1316,-0.0728,0.9704,-0.23,0.1178,0.2374,0.9642,0.669,0.7326,-0.1252,-0.7377,0.634,-0.2321,-0.0907,0.2476,0.9646,-0.0001,-0.0001,0.0,0.0,0.0,0.0,-0.0094,-0.0104,0.0899,2.9633,8.0555,-46.1494,0.0,0.0434,-0.3689,0.0,0.0,0.0,3945914.8994,2997513.5752,4553981.8839,-3519.9063,-3910.2726,5620.9474,3945911.9361,2997505.5197,4554028.0333,-3519.8969,-3910.2622,5620.8575,0.0,0.0765,3.9732,0.0,0.0,1.0,0.0,1.0,0.0,0.0,-4.1,-36.453,0.0,0.0,-1.0,-0.7071,0.7071,0.0,0.2316246964380094,0.01104536101718726,-0.1,0.5794040369509815,1.8166968822393148,1.5,0.15
351.8871,10.285,-0.193,-0.125,6.312,-0.11,-0.099,-0.09,0.011,-0.001,-0.09,0.011,-0.002,-0.119,0.374,0.092,0.001,-0.007,-0.005,-0.0,-0.0,0.0,860.671,-0.0,0.0,-0.0,0.0,0.0,0.0,0.0,0.0,0.9904,0.0431,-0.1315,-0.0728,0.9704,-0.2301,0.1177,0.2374,0.9642,0.669,0.7326,-0.1252,-0.7377,0.634,-0.2321,-0.0907,0.2476,0.9646,-0.0001,-0.0001,0.0,0.0,0.0,0.0,-0.0094,-0.0104,0.0899,2.9615,8.0534,-46.1308,0.0,0.0434,-0.3689,0.0,0.0,0.0,3945186.4401,2996704.3667,4555144.8587,-3520.9739,-3911.0836,5619.7151,3945183.4786,2996696.3134,4555190.9894,-3520.9644,-3911.0732,5619.6252,0.0,0.0765,3.9732,0.0,0.0,1.0,0.0,1.0,0.0,0.0,-4.1,-36.453,0.0,0.0,-1.0,-0.7071,0.7071,0.0,0.22994347131414714,0.01104536101718726,-0.1,0.5893294575282934,1.8135229965865622,1.5,0.15
352.0912,10.266,-0.19,-0.126,6.293,-0.107,-0.1,-0.09,0.011,-0.001,-0.09,0.011,-0.002,-0.119,0.372,0.091,0.001,-0.007,-0.005,-0.0,-0.0,0.0,860.671,-0.0,0.0,-0.0,0.0,0.0,0.0,0.0,0.0,0.9904,0.0431,-0.1315,-0.0728,0.9704,-0.2301,0.1177,0.2375,0.9642,0.669,0.7326,-0.1252,-0.7377,0.634,-0.2321,-0.0907,0.2476,0.9646,-0.0001,-0.0001,0.0,0.0,0.0,0.0,-0.0095,-0.0104,0.0899,2.9595,8.0512,-46.1125,0.0,0.0434,-0.3689,0.0,0.0,0.0,3944470.7349,2995909.4015,4556286.8797,-3522.0222,-3911.8799,5618.5044,3944467.7753,2995901.3503,4556332.9922,-3522.0128,-3911.8694,5618.4145,0.0,0.0765,3.9732,0.0,0.0,1.0,0.0,1.0,0.0,0.0,-4.1,-36.453,0.0,0.0,-1.0,-0.7071,0.7071,0.0,0.22798245546532742,0.01104536101718726,-0.1,0.6070905824217773,1.8101727839531014,1.5,0.15
352.3081,10.247,-0.188,-0.126,6.274,-0.105,-0.1,-0.09,0.011,-0.001,-0.09,0.011,-0.002,-0.119,0.371,0.09,0.001,-0.007,-0.005,-0.0,-0.0,0.0,860.671,-0.0,0.0,-0.0,0.0,0.0,0.0,0.0,0.0,0.9904,0.0432,-0.1315,-0.0728,0.9704,-0.2301,0.1177,0.2375,0.9642,0.669,0.7326,-0.1252,-0.7377,0.634,-0.2321,-0.0907,0.2476,0.9646,-0.0001,-0.0001,0.0,0.0,0.0,0.0,-0.0095,-0.0104,0.0899,2.9575,8.049,-46.0931,0.0,0.0434,-0.3689,0.0,0.0,0.0,3943708.2383,2995062.5454,4557502.9192,-3523.1386,-3912.7277,5617.2146,3943705.2809,2995054.4964,4557549.0122,-3523.1291,-3912.7173,5617.1247,0.0,0.0765,3.9732,0.0,0.0,1.0,0.0,1.0,0.0,0.0,-4.1,-36.453,0.0,0.0,-1.0,-0.7071,0.7071,0.0,0.2263183598385248,0.01104536101718726,-0.1,0.6173665113351116,1.8068225713196406,1.5,0.15
352.5094,10.229,-0.186,-0.126,6.256,-0.103,-0.1,-0.09,0.011,-0.001,-0.09,0.011,-0.002,-0.119,0.369,0.089,0.001,-0.007,-0.005,-0.0,-0.0,0.0,860.671,-0.0,0.0,-0.0,0.0,0.0,0.0,0.0,0.0,0.9904,0.0432,-0.1315,-0.0728,0.9704,-0.2301,0.1177,0.2375,0.9642,0.669,0.7326,-0.1252,-0.7377,0.634,-0.2321,-0.0907,0.2476,0.9646,-0.0001,-0.0001,0.0,0.0,0.0,0.0,-0.0095,-0.0105,0.0899,2.9556,8.0469,-46.075,0.0,0.0434,-0.3689,0.0,0.0,0.0,3942999.7941,2994275.7982,4558632.1611,-3524.1753,-3913.515,5616.0163,3942996.8385,2994267.7514,4558678.2361,-3524.1658,-3913.5046,5615.9264,0.0,0.0765,3.9732,0.0,0.0,1.0,0.0,1.0,0.0,0.0,-4.1,-36.453,0.0,0.0,-1.0,-0.7071,0.7071,0.0,0.22465974272218867,0.01104536101718726,-0.1,0.627731275230583,1.803648685666888,1.5,0.15
352.7258,10.209,-0.183,-0.127,6.236,-0.101,-0.101,-0.09,0.011,-0.001,-0.09,0.011,-0.002,-0.118,0.368,0.088,0.001,-0.007,-0.005,-0.0,-0.0,0.0,860.671,-0.0,0.0,-0.0,0.0,0.0,0.0,0.0,0.0,0.9904,0.0432,-0.1315,-0.0728,0.9704,-0.2302,0.1176,0.2375,0.9642,0.669,0.7326,-0.1252,-0.7377,0.634,-0.2321,-0.0907,0.2476,0.9646,-0.0001,-0.0001,0.0,0.0,0.0,0.0,-0.0095,-0.0105,0.0899,2.9536,8.0446,-46.0555,0.0,0.0434,-0.3689,0.0,0.0,0.0,3942234.3968,2993425.8846,4559851.5399,-3525.2948,-3914.3651,5614.7217,3942231.4432,2993417.84,4559897.5954,-3525.2853,-3914.3546,5614.6318,0.0,0.0765,3.9732,0.0,0.0,1.0,0.0,1.0,0.0,0.0,-4.1,-36.453,0.0,0.0,-1.0,-0.7071,0.7071,0.0,0.22275098204048394,0.01104536101718726,-0.1,0.6265792012085388,1.8001221460527188,1.5,0.15
352.9431,10.19,-0.181,-0.127,6.217,-0.098,-0.101,-0.09,0.011,-0.001,-0.09,0.011,-0.002,-0.118,0.366,0.087,0.001,-0.007,-0.005,-0.0,-0.0,0.0,860.671,-0.0,0.0,-0.0,0.0,0.0,0.0,0.0,0.0,0.9904,0.0432,-0.1314,-0.0728,0.9704,-0.2302,0.1176,0.2375,0.9642,0.669,0.7326,-0.1252,-0.7377,0.634,-0.2321,-0.0907,0.2476,0.9646,-0.0001,-0.0001,0.0,0.0,0.0,0.0,-0.0095,-0.0105,0.0899,2.9515,8.0423,-46.036,0.0,0.0434,-0.3689,0.0,0.0,0.0,3941470.1876,2992577.3755,4561068.3594,-3526.4119,-3915.2134,5613.4292,3941467.2361,2992569.3332,4561114.3953,-3526.4024,-3915.2029,5613.3393,0.0,0.0765,3.9732,0.0,0.0,1.0,0.0,1.0,0.0,0.0,-4.1,-36.453,0.0,0.0,-1.0,-0.7071,0.7071,0.0,0.22111083193728887,0.01104536101718726,-0.1,0.6560567032683569,1.796771933419258,1.5,0.15
353.1641,10.17,-0.179,-0.127,6.197,-0.096,-0.102,-0.09,0.011,-0.001,-0.09,0.01,-0.002,-0.118,0.365,0.085,0.001,-0.007,-0.005,-0.0,-0.0,0.0,860.671,-0.0,0.0,-0.0,0.0,0.0,0.0,0.0,0.0,0.9904,0.0432,-0.1314,-0.0728,0.9704,-0.2302,0.1176,0.2376,0.9642,0.669,0.7326,-0.1252,-0.7377,0.634,-0.2321,-0.0907,0.2476,0.9646,-0.0001,-0.0001,0.0,0.0,0.0,0.0,-0.0095,-0.0105,0.0899,2.9494,8.04,-46.0163,0.0,0.0434,-0.3689,0.0,0.0,0.0,3940698.1105,2991720.2173,4562297.0314,-3527.5401,-3916.0699,5612.1234,3940695.1611,2991712.1773,4562343.0478,-3527.5305,-3916.0594,5612.0335,0.0,0.0765,3.9732,0.0,0.0,1.0,0.0,1.0,0.0,0.0,-4.1,-36.453,0.0,0.0,-1.0,-0.7071,0.7071,0.0,0.21947665023869853,0.01104536101718726,-0.1,0.6736007475158873,1.7932453938050887,1.5,0.15
353.3812,10.15,-0.176,-0.127,6.177,-0.094,-0.102,-0.09,0.011,-0.001,-0.09,0.01,-0.002,-0.117,0.363,0.084,0.001,-0.007,-0.005,-0.0,-0.0,0.0,860.671,-0.0,0.0,-0.0,0.0,0.0,0.0,0.0,0.0,0.9904,0.0432,-0.1314,-0.0728,0.9704,-0.2302,0.1176,0.2376,0.9642,0.669,0.7326,-0.1252,-0.7377,0.634,-0.2321,-0.0907,0.2476,0.9646,-0.0001,-0.0001,0.0,0.0,0.0,0.0,-0.0095,-0.0105,0.0899,2.9474,8.0377,-45.9967,0.0,0.0434,-0.3689,0.0,0.0,0.0,3939927.981,2990865.3075,4563521.9282,-3528.6647,-3916.9237,5610.821,3939925.0337,2990857.2698,4563567.9249,-3528.6552,-3916.9132,5610.7312,0.0,0.0765,3.9732,0.0,0.0,1.0,0.0,1.0,0.0,0.0,-4.1,-36.453,0.0,0.0,-1.0,-0.7071,0.7071,0.0,0.21703686322834653,0.01104536101718726,-0.1,0.670593291038249,1.7897188541909195,1.5,0.15
353.5951,10.131,-0.174,-0.128,6.158,-0.092,-0.102,-0.09,0.011,-0.001,-0.09,0.01,-0.002,-0.117,0.362,0.083,0.001,-0.007,-0.005,-0.0,-0.0,0.0,860.671,-0.0,0.0,-0.0,0.0,0.0,0.0,0.0,0.0,0.9904,0.0432,-0.1314,-0.0728,0.9704,-0.2302,0.1175,0.2376,0.9642,0.669,0.7326,-0.1252,-0.7377,0.634,-0.2321,-0.0907,0.2476,0.9646,-0.0001,-0.0001,0.0,0.0,0.0,0.0,-0.0096,-0.0105,0.0899,2.9453,8.0354,-45.9774,0.0,0.0434,-0.3689,0.0,0.0,0.0,3939169.3676,2990023.2654,4564727.8485,-3529.772,-3917.7642,5609.5382,3939166.4223,2990015.23,4564773.8258,-3529.7625,-3917.7537,5609.4483,0.0,0.0765,3.9732,0.0,0.0,1.0,0.0,1.0,0.0,0.0,-4.1,-36.453,0.0,0.0,-1.0,-0.7071,0.7071,0.0,0.2160092590608097,0.01104536101718726,-0.1,0.6760028177952315,1.7863686415574587,1.5,0.15
353.8137,10.111,-0.172,-0.128,6.138,-0.089,-0.103,-0.09,0.011,-0.001,-0.09,0.01,-0.002,-0.117,0.36,0.082,0.001,-0.007,-0.005,-0.0,-0.0,0.0,860.671,-0.0,0.0,-0.0,0.0,0.0,0.0,0.0,0.0,0.9904,0.0432,-0.1313,-0.0728,0.9704,-0.2303,0.1175,0.2376,0.9642,0.669,0.7326,-0.1252,-0.7377,0.634,-0.2321,-0.0907,0.2476,0.9646,-0.0001,-0.0001,0.0,0.0,0.0,0.0,-0.0096,-0.0105,0.0899,2.9432,8.0331,-45.9578,0.0,0.0434,-0.3689,0.0,0.0,0.0,3938400.4162,2989169.8339,4565949.5358,-3530.8938,-3918.6157,5608.2379,3938397.473,2989161.8007,4565995.4936,-3530.8843,-3918.6051,5608.148,0.0,0.0765,3.9732,0.0,0.0,1.0,0.0,1.0,0.0,0.0,-4.1,-36.453,0.0,0.0,-1.0,-0.7071,0.7071,0.0,0.21440149253211835,0.01104536101718726,-0.1,0.712765814146153,1.7828421019432894,1.5,0.15
354.0303,10.091,-0.169,-0.128,6.118,-0.087,-0.103,-0.09,0.011,-0.001,-0.09,0.01,-0.002,-0.117,0.359,0.081,0.001,-0.007,-0.005,-0.0,-0.0,0.0,860.671,-0.0,0.0,-0.0,0.0,0.0,0.0,0.0,0.0,0.9904,0.0432,-0.1313,-0.0728,0.9704,-0.2303,0.1175,0.2376,0.9642,0.669,0.7326,-0.1252,-0.7377,0.634,-0.2321,-0.0907,0.2476,0.9646,-0.0001,-0.0001,0.0,0.0,0.0,0.0,-0.0096,-0.0105,0.0899,2.9411,8.0308,-45.9383,0.0,0.0434,-0.3689,0.0,0.0,0.0,3937634.0944,2988319.4058,4567166.377,-3532.0113,-3919.4637,5606.9422,3937631.1532,2988311.3749,4567212.3153,-3532.0017,-3919.4532,5606.8523,0.0,0.0765,3.9732,0.0,0.0,1.0,0.0,1.0,0.0,0.0,-4.1,-36.453,0.0,0.0,-1.0,-0.7071,0.7071,0.0,0.21200235847744714,0.01104536101718726,-0.1,0.7098870407235763,1.77931556232912,1.5,0.15
354.2456,10.072,-0.167,-0.129,6.099,-0.085,-0.104,-0.09,0.011,-0.001,-0.09,0.01,-0.002,-0.116,0.357,0.08,0.001,-0.007,-0.005,-0.0,-0.0,0.0,860.671,-0.0,0.0,-0.0,0.0,0.0,0.0,0.0,0.0,0.9904,0.0432,-0.1313,-0.0728,0.9704,-0.2303,0.1174,0.2377,0.9642,0.669,0.7326,-0.1252,-0.7377,0.634,-0.2321,-0.0907,0.2476,0.9646,-0.0001,-0.0001,0.0,0.0,0.0,0.0,-0.0096,-0.0105,0.0899,2.9391,8.0286,-45.919,0.0,0.0434,-0.3689,0.0,0.0,0.0,3936876.1915,2987478.4047,4568369.1959,-3533.1158,-3920.3019,5605.6607,3936873.2524,2987470.3761,4568415.1149,-3533.1062,-3920.2914,5605.5708,0.0,0.0765,3.9732,0.0,0.0,1.0,0.0,1.0,0.0,0.0,-4.1,-36.453,0.0,0.0,-1.0,-0.7071,0.7071,0.0,0.21102132593650338,0.01104536101718726,-0.1,0.7226917982421756,1.7759653496956591,1.5,0.15
354.4622,10.052,-0.165,-0.129,6.079,-0.083,-0.104,-0.09,0.011,-0.001,-0.09,0.01,-0.002,-0.116,0.356,0.078,0.001,-0.007,-0.005,-0.0,-0.0,0.0,860.671,-0.0,0.0,-0.0,0.0,0.0,0.0,0.0,0.0,0.9904,0.0432,-0.1313,-0.0728,0.9704,-0.2303,0.1174,0.2377,0.9642,0.669,0.7326,-0.1252,-0.7377,0.634,-0.2321,-0.0907,0.2476,0.9646,-0.0001,-0.0001,0.0,0.0,0.0,0.0,-0.0096,-0.0106,0.0899,2.937,8.0263,-45.8996,0.0,0.0434,-0.3689,0.0,0.0,0.0,3936109.9886,2986628.2777,4569584.525,-3534.2319,-3921.1489,5604.3653,3936107.0515,2986620.2515,4569630.4245,-3534.2223,-3921.1383,5604.2754,0.0,0.0765,3.9732,0.0,0.0,1.0,0.0,1.0,0.0,0.0,-4.1,-36.453,0.0,0.0,-1.0,-0.7071,0.7071,0.0,0.20944211610848473,0.01104536101718726,-0.1,0.7333577169234833,1.7724388100814898,1.5,0.15
354.677,10.033,-0.162,-0.129,6.06,-0.08,-0.104,-0.09,0.011,-0.001,-0.09,0.01,-0.002,-0.116,0.354,0.077,0.001,-0.007,-0.005,-0.0,-0.0,0.0,860.671,-0.0,0.0,-0.0,0.0,0.0,0.0,0.0,0.0,0.9904,0.0432,-0.1312,-0.0728,0.9704,-0.2303,0.1174,0.2377,0.9642,0.669,0.7326,-0.1252,-0.7377,0.634,-0.2321,-0.0907,0.2476,0.9646,-0.0001,-0.0001,0.0,0.0,0.0,0.0,-0.0096,-0.0106,0.0899,2.935,8.024,-45.8802,0.0,0.0434,-0.3689,0.0,0.0,0.0,3935349.5422,2985784.622,4570790.0667,-3535.3391,-3921.9889,5603.0796,3935346.6072,2985776.598,4570835.9469,-3535.3295,-3921.9783,5602.9898,0.0,0.0765,3.9732,0.0,0.0,1.0,0.0,1.0,0.0,0.0,-4.1,-36.453,0.0,0.0,-1.0,-0.7071,0.7071,0.0,0.2070869382650678,0.01104536101718726,-0.1,0.7497238472163804,1.769088597448029,1.5,0.15
354.8778,10.015,-0.16,-0.129,6.042,-0.078,-0.105,-0.09,0.011,-0.001,-0.09,0.01,-0.002,-0.115,0.353,0.076,0.001,-0.007,-0.005,-0.0,-0.0,0.0,860.671,-0.0,0.0,-0.0,0.0,0.0,0.0,0.0,0.0,0.9904,0.0432,-0.1312,-0.0728,0.9704,-0.2304,0.1174,0.2377,0.9642,0.669,0.7326,-0.1252,-0.7377,0.634,-0.2321,-0.0907,0.2476,0.9646,-0.0001,-0.0001,0.0,0.0,0.0,0.0,-0.0096,-0.0106,0.0899,2.9331,8.0219,-45.8622,0.0,0.0434,-0.3689,0.0,0.0,0.0,3934640.1093,2984997.6363,4571914.1458,-3536.3715,-3922.7721,5601.8803,3934637.1762,2984989.6145,4571960.008,-3536.3618,-3922.7616,5601.7905,0.0,0.0765,3.9732,0.0,0.0,1.0,0.0,1.0,0.0,0.0,-4.1,-36.453,0.0,0.0,-1.0,-0.7071,0.7071,0.0,0.20552615405344402,0.01104536101718726,-0.1,0.7679490968756444,1.765914711795277,1.5,0.15
355.0819,9.996,-0.158,-0.13,6.023,-0.076,-0.105,-0.09,0.011,-0.001,-0.09,0.01,-0.002,-0.115,0.352,0.075,0.001,-0.012,-0.005,-0.0,-0.0,0.0,860.668,-0.0,0.0,-0.0,0.0,-0.378,0.0,0.0,0.0,0.9904,0.0432,-0.1312,-0.0728,0.9704,-0.2304,0.1173,0.2377,0.9642,0.669,0.7326,-0.1252,-0.7377,0.634,-0.2321,-0.0907,0.2476,0.9646,-0.0001,-0.0002,0.0,0.0,0.0,0.0,-0.0097,-0.0106,0.0899,2.9311,8.0197,-45.8437,0.0,0.0434,-0.3689,0.0,0.0,0.0,3933911.9569,2984189.9611,4573067.2956,-3537.4306,-3923.5756,5600.6494,3933909.0258,2984181.9415,4573113.1393,-3537.4209,-3923.565,5600.5595,0.0,0.0765,3.9732,0.0,0.0,1.0,0.0,1.0,0.0,0.0,-4.1,-36.453,0.0,0.0,-1.0,-0.7071,0.7071,0.0,0.20460694025374604,0.01104536101718726,-0.1,0.7735440245682862,1.762564499161816,1.5,0.15
355.2869,9.978,-0.156,-0.13,6.005,-0.074,-0.106,-0.09,0.011,-0.002,-0.09,0.009,-0.006,-0.115,0.344,0.073,0.001,-0.058,-0.026,-0.0,-0.001,0.0,860.616,-0.0,0.0,-0.0,-0.219,-0.993,0.0,0.0,0.0,0.9904,0.0432,-0.1311,-0.0728,0.9704,-0.2304,0.1172,0.2378,0.9642,0.669,0.7326,-0.1252,-0.7377,0.634,-0.2321,-0.0907,0.2476,0.9646,-0.0005,-0.001,0.0,0.0,0.0,0.0,-0.0097,-0.0106,0.0899,2.9291,8.0175,-45.8253,0.0,0.0434,-0.3689,0.0,0.0,0.0,3933188.73,2983387.8246,4574212.0521,-3538.482,-3924.3732,5599.4269,3933185.8009,2983379.8071,4574257.8774,-3538.4723,-3924.3626,5599.337,0.0,0.0765,3.9732,0.0,0.0,1.0,0.0,1.0,0.0,0.0,-4.1,-36.453,0.0,0.0,-1.0,-0.7071,0.7071,0.0,0.203066491573573,0.011180339887498947,-0.1,0.7918615543653325,1.7593906135090636,1.5,0.15
355.4934,9.959,-0.154,-0.13,5.986,-0.073,-0.107,-0.09,0.01,-0.002,-0.09,0.005,-0.009,-0.115,0.328,0.063,0.001,-0.102,-0.072,-0.001,-0.002,0.0,860.534,-0.0,0.0,-0.0,-0.219,-0.993,0.0,0.0,0.0,0.9905,0.0432,-0.1308,-0.0727,0.9703,-0.2306,0.1169,0.2379,0.9642,0.669,0.7326,-0.1252,-0.7377,0.634,-0.2321,-0.0907,0.2476,0.9646,-0.0013,-0.0018,0.0,0.0,0.0,0.0,-0.0097,-0.0106,0.0899,2.9272,8.0152,-45.8067,0.0,0.0434,-0.3689,0.0,0.0,0.0,3932454.9987,2982574.1142,4575372.8326,-3539.5482,-3925.1819,5598.1866,3932452.0714,2982566.0989,4575418.6393,-3539.5385,-3925.1712,5598.0968,0.0,0.0765,3.9732,0.0,0.0,1.0,0.0,1.0,0.0,0.0,-4.1,-36.453,0.0,0.0,-1.0,-0.7071,0.7071,0.0,0.20153411621856981,0.01019803902718557,-0.1,0.7917274774619284,1.7560404008756025,1.5,0.15
355.7068,9.94,-0.151,-0.131,5.967,-0.072,-0.109,-0.09,0.01,-0.002,-0.09,0.002,-0.012,-0.115,0.302,0.044,0.001,-0.141,-0.111,-0.002,-0.002,0.0,860.465,-0.0,0.0,-0.0,-0.136,-0.993,0.0,0.0,0.0,0.9905,0.0431,-0.1304,-0.0726,0.9702,-0.231,0.1165,0.2383,0.9642,0.669,0.7326,-0.1252,-0.7377,0.634,-0.2321,-0.0907,0.2476,0.9646,-0.0019,-0.0025,0.0,0.0,0.0,0.0,-0.0097,-0.0106,0.0898,2.9253,8.0128,-45.7876,0.0,0.0434,-0.3688,0.0,0.0,0.0,3931701.1541,2981738.1786,4576564.8007,-3540.6431,-3926.0122,5596.9125,3931698.2288,2981730.1657,4576610.5883,-3540.6334,-3926.0016,5596.8226,0.0,0.0765,3.9732,0.0,0.0,1.0,0.0,1.0,0.0,0.0,-4.1,-36.453,0.0,0.0,-1.0,-0.7071,0.7071,0.0,0.19990497742677643,0.01019803902718557,-0.1,0.7819746851667065,1.7526901882421417,1.5,0.15
355.9152,9.921,-0.149,-0.131,5.948,-0.072,-0.112,-0.09,0.01,-0.002,-0.091,-0.001,-0.015,-0.114,0.269,0.016,0.001,-0.186,-0.157,-0.003,-0.003,0.0,860.383,-0.0,0.0,-0.0,-0.112,-0.993,0.0,0.0,0.0,0.9906,0.0431,-0.1298,-0.0725,0.9701,-0.2315,0.1159,0.2387,0.9641,0.669,0.7326,-0.1252,-0.7377,0.634,-0.2321,-0.0907,0.2476,0.9646,-0.0027,-0.0032,0.0,0.0,0.0,0.0,-0.0097,-0.0106,0.0898,2.9235,8.0104,-45.769,0.0,0.0434,-0.3688,0.0,0.0,0.0,3930964.8884,2980921.8153,4577728.3569,-3541.7119,-3926.8228,5595.6681,3930961.9649,2980913.8049,4577774.1258,-3541.7022,-3926.8121,5595.5782,0.0,0.0765,3.9732,0.0,0.0,1.0,0.0,1.0,0.0,0.0,-4.1,-36.453,0.0,0.0,-1.0,-0.7071,0.7071,0.0,0.19839858870465787,0.01019803902718557,-0.1,0.7860570170437454,1.749339975608681,1.5,0.15
356.1331,9.901,-0.147,-0.132,5.928,-0.072,-0.116,-0.09,0.01,-0.002,-0.09,0.001,-0.014,-0.114,0.228,-0.015,0.001,-0.169,-0.122,-0.002,-0.003,0.0,860.313,-0.0,0.0,-0.0,0.0,0.0,0.0,0.0,0.0,0.9907,0.043,-0.1291,-0.0723,0.97,-0.2321,0.1153,0.2393,0.9641,0.669,0.7326,-0.1252,-0.7377,0.634,-0.2321,-0.0907,0.2476,0.9646,-0.0021,-0.0029,0.0,0.0,0.0,0.0,-0.0097,-0.0107,0.0898,2.9216,8.0079,-45.7493,0.0,0.0434,-0.3688,0.0,0.0,0.0,3930188.6298,2980061.1925,4578954.4554,-3542.8382,-3927.6769,5594.3561,3930185.7082,2980053.1846,4579000.2047,-3542.8285,-3927.6662,5594.2663,0.0,0.0765,3.9732,0.0,0.0,1.0,0.0,1.0,0.0,0.0,-4.1,-36.453,0.0,0.0,-1.0,-0.7071,0.7071,0.0,0.19756770991232347,0.01019803902718557,-0.1,0.7998733649064317,1.7458134359945117,1.5,0.15
356.3386,9.883,-0.145,-0.132,5.909,-0.071,-0.118,-0.09,0.01,-0.002,-0.09,0.004,-0.011,-0.114,0.197,-0.036,0.0,-0.13,-0.083,-0.001,-0.002,0.0,860.236,-0.0,0.0,-0.0,0.0,0.0,0.0,0.0,0.0,0.9908,0.043,-0.1286,-0.0722,0.9699,-0.2325,0.1147,0.2396,0.9641,0.669,0.7326,-0.1252,-0.7377,0.634,-0.2321,-0.0907,0.2476,0.9646,-0.0015,-0.0023,0.0,0.0,0.0,0.0,-0.0097,-0.0108,0.0898,2.9198,8.0055,-45.7308,0.0,0.0434,-0.3688,0.0,0.0,0.0,3929458.4931,2979251.7831,4580107.0866,-3543.8971,-3928.4798,5593.1222,3929455.5733,2979243.7776,4580152.8174,-3543.8873,-3928.469,5593.0324,0.0,0.0765,3.9732,0.0,0.0,1.0,0.0,1.0,0.0,0.0,-4.1,-36.453,0.0,0.0,-1.0,-0.7071,0.7071,0.0,0.19608416560242695,0.01019803902718557,-0.1,0.8185699084845872,1.742639550341759,1.5,0.15
356.5387,9.865,-0.143,-0.132,5.891,-0.07,-0.12,-0.09,0.01,-0.002,-0.09,0.007,-0.008,-0.114,0.175,-0.049,-0.0,-0.092,-0.045,-0.001,-0.002,-0.0,860.161,-0.0,0.0,-0.0,0.0,0.0,0.0,0.0,0.0,0.9908,0.0429,-0.1282,-0.0721,0.9699,-0.2327,0.1144,0.2398,0.9641,0.669,0.7326,-0.1252,-0.7377,0.634,-0.2321,-0.0907,0.2476,0.9646,-0.0008,-0.0016,-0.0,0.0,0.0,0.0,-0.0098,-0.0109,0.0898,2.918,8.0033,-45.713,0.0,0.0434,-0.3688,0.0,0.0,0.0,3928752.9452,2978469.705,4581220.332,-3544.9198,-3929.2553,5591.9299,3928750.0272,2978461.7017,4581266.045,-3544.91,-3929.2444,5591.8401,0.0,0.0765,3.9732,0.0,0.0,1.0,0.0,1.0,0.0,0.0,-4.1,-36.453,0.0,0.0,-1.0,-0.7071,0.7071,0.0,0.19460986614249545,0.01019803902718557,-0.1,0.839312487779519,1.739465664689007,1.5,0.15
356.7464,9.846,-0.141,-0.133,5.873,-0.068,-0.121,-0.09,0.01,0.0,-0.09,0.009,-0.004,-0.114,0.159,-0.055,-0.001,-0.06,-0.013,-0.0,-0.001,-0.0,860.095,1.0,0.0,-0.0,0.0,0.0,0.0,0.0,0.0,0.9909,0.0429,-0.128,-0.0721,0.9698,-0.2328,0.1141,0.2399,0.9641,0.669,0.7326,-0.1252,-0.7377,0.634,-0.2321,-0.0907,0.2476,0.9646,-0.0002,-0.0011,-0.0,0.0,0.0,0.0,-0.0117,-0.0108,0.0896,2.916,8.001,-45.6943,0.0,0.0434,-0.3687,0.0,0.0,0.0,3928017.1058,2977654.125,4582380.7767,-3545.9878,-3930.0634,5590.6862,3928014.1898,2977646.124,4582426.4711,-3545.9761,-3930.0526,5590.5966,0.0,0.0765,3.9732,0.0,0.0,1.0,0.0,1.0,0.0,0.0,-4.1,-36.453,0.0,0.0,-1.0,-0.7071,0.7071,0.0,0.19382982226685344,0.01,-0.1,0.8530327220876306,1.7361154520555462,1.5,0.15
356.9525,9.827,-0.139,-0.132,5.854,-0.066,-0.121,-0.09,0.01,0.007,-0.09,0.01,0.006,-0.114,0.151,-0.056,-0.001,-0.018,-0.003,-0.0,-0.0,-0.0,860.032,1.0,0.0,-0.0,0.0,0.0,0.0,0.0,0.0,0.9909,0.0429,-0.1278,-0.072,0.9698,-0.2329,0.114,0.24,0.9641,0.669,0.7326,-0.1252,-0.7377,0.634,-0.2321,-0.0907,0.2476,0.9646,-0.0,-0.0003,-0.0,0.0,0.0,0.0,-0.0177,-0.0104,0.0888,2.9131,7.9988,-45.6759,0.0,0.0434,-0.3687,0.0,0.0,0.0,3927284.2378,2976841.9175,4583535.9323,-3547.0551,-3930.8674,5589.4471,3927281.3247,2976833.9187,4583581.6082,-3547.0374,-3930.857,5589.3583,0.0,0.0765,3.9732,0.0,0.0,1.0,0.0,1.0,0.0,0.0,-4.1,-36.453,0.0,0.0,-1.0,-0.7071,0.7071,0.0,0.19168985366993216,0.012206555615733704,-0.1,0.8721907991404959,1.7327652394220854,1.5,0.15
357.1582,9.809,-0.137,-0.13,5.836,-0.064,-0.119,-0.09,0.01,0.014,-0.09,0.01,0.013,-0.115,0.149,-0.057,-0.001,-0.007,-0.002,-0.0,-0.0,-0.0,859.998,0.375,0.0,-0.0,0.0,0.0,0.0,0.0,0.0,0.9909,0.0429,-0.1278,-0.072,0.9698,-0.2329,0.1139,0.24,0.9641,0.669,0.7326,-0.1252,-0.7377,0.634,-0.2321,-0.0907,0.2476,0.9646,-0.0,-0.0001,-0.0,0.0,0.0,0.0,-0.0243,-0.0099,0.088,2.9088,7.9967,-45.6578,0.0,0.0434,-0.3687,0.0,0.0,0.0,3926559.2142,2976038.4805,4584678.1289,-3548.1111,-3931.6624,5588.2212,3926556.3054,2976030.4838,4584723.7868,-3548.0868,-3931.6524,5588.1332,0.0,0.0765,3.9732,0.0,0.0,1.0,0.0,1.0,0.0,0.0,-4.1,-36.453,0.0,0.0,-1.0,-0.7071,0.7071,0.0,0.18886238376129855,0.017204650534085254,-0.1,0.8735970566276655,1.7295913537693328,1.5,0.15
357.3649,9.79,-0.135,-0.127,5.817,-0.062,-0.117,-0.09,0.01,0.014,-0.09,0.01,0.013,-0.115,0.148,-0.057,-0.001,-0.007,-0.002,-0.0,-0.0,-0.0,859.998,-0.0,0.0,-0.0,0.0,0.0,0.0,0.0,0.0,0.9909,0.0429,-0.1278,-0.072,0.9698,-0.2329,0.1139,0.24,0.9641,0.669,0.7326,-0.1252,-0.7377,0.634,-0.2321,-0.0907,0.2476,0.9646,-0.0,-0.0001,-0.0,0.0,0.0,0.0,-0.0243,-0.01,0.088,2.9038,7.9946,-45.6398,0.0,0.0434,-0.3687,0.0,0.0,0.0,3925830.877,2975231.4477,4585824.9521,-3549.1648,-3932.461,5586.9906,3925827.9731,2975223.453,4585870.5919,-3549.1405,-3932.451,5586.9027,0.0,0.0765,3.9732,0.0,0.0,1.0,0.0,1.0,0.0,0.0,-4.1,-36.453,0.0,0.0,-1.0,-0.7071,0.7071,0.0,0.18534832073693033,0.017204650534085254,-0.1,0.8846582859222437,1.726241141135872,1.5,0.15
357.5746,9.771,-0.132,-0.124,5.798,-0.06,-0.114,-0.09,0.01,0.014,-0.09,0.01,0.013,-0.115,0.146,-0.058,-0.001,-0.007,-0.002,-0.0,-0.0,-0.0,859.998,-0.0,0.0,-0.0,0.0,0.0,0.0,0.0,0.0,0.9909,0.0429,-0.1277,-0.072,0.9698,-0.2329,0.1139,0.24,0.9641,0.669,0.7326,-0.1252,-0.7377,0.634,-0.2321,-0.0907,0.2476,0.9646,-0.0,-0.0001,-0.0,0.0,0.0,0.0,-0.0243,-0.01,0.088,2.8987,7.9925,-45.6213,0.0,0.0434,-0.3687,0.0,0.0,0.0,3925084.9965,2974405.0546,4586998.7843,-3550.2433,-3933.2783,5585.7305,3925082.0978,2974397.0621,4587044.4056,-3550.2191,-3933.2684,5585.6425,0.0,0.0765,3.9732,0.0,0.0,1.0,0.0,1.0,0.0,0.0,-4.1,-36.453,0.0,0.0,-1.0,-0.7071,0.7071,0.0,0.18110770276274835,0.017204650534085254,-0.1,0.8714416337070576,1.7228909285024114,1.5,0.15
357.7823,9.753,-0.13,-0.121,5.779,-0.058,-0.111,-0.09,0.01,0.014,-0.09,0.01,0.013,-0.115,0.145,-0.058,-0.001,-0.007,-0.002,-0.0,-0.0,-0.0,859.998,-0.0,0.0,-0.0,0.0,0.0,0.0,0.0,0.0,0.9909,0.0429,-0.1277,-0.072,0.9698,-0.2329,0.1139,0.24,0.9641,0.669,0.7326,-0.1252,-0.7377,0.634,-0.2321,-0.0907,0.2476,0.9646,-0.0,-0.0001,-0.0,0.0,0.0,0.0,-0.0243,-0.01,0.088,2.8937,7.9905,-45.603,0.0,0.0434,-0.3687,0.0,0.0,0.0,3924347.7666,2973588.3239,4588158.3925,-3551.3089,-3934.0858,5584.485,3924344.8729,2973580.3334,4588203.9955,-3551.2846,-3934.0758,5584.397,0.0,0.0765,3.9732,0.0,0.0,1.0,0.0,1.0,0.0,0.0,-4.1,-36.453,0.0,0.0,-1.0,-0.7071,0.7071,0.0,0.17759786034747152,0.017204650534085254,-0.1,0.8693900031619535,1.7197170428496589,1.5,0.15
357.9937,9.734,-0.128,-0.119,5.76,-0.056,-0.108,-0.09,0.01,0.014,-0.09,0.01,0.013,-0.115,0.143,-0.059,-0.001,-0.007,-0.002,-0.0,-0.0,-0.0,859.998,-0.0,0.0,-0.0,0.0,0.0,0.0,0.0,0.0,0.9909,0.0429,-0.1277,-0.072,0.9698,-0.2329,0.1138,0.24,0.9641,0.669,0.7326,-0.1252,-0.7377,0.634,-0.2321,-0.0907,0.2476,0.9646,-0.0,-0.0001,-0.0,0.0,0.0,0.0,-0.0243,-0.01,0.088,2.8886,7.9884,-45.5846,0.0,0.0434,-0.3687,0.0,0.0,0.0,3923602.4981,2972762.7664,4589330.0284,-3552.3855,-3934.9015,5583.226,3923599.6095,2972754.778,4589375.613,-3552.3612,-3934.8915,5583.138,0.0,0.0765,3.9732,0.0,0.0,1.0,0.0,1.0,0.0,0.0,-4.1,-36.453,0.0,0.0,-1.0,-0.7071,0.7071,0.0,0.17477127910500626,0.017204650534085254,-0.1,0.859338337839981,1.716366830216198,1.5,0.15
358.2032,9.715,-0.126,-0.116,5.742,-0.054,-0.106,-0.09,0.01,0.014,-0.09,0.01,0.013,-0.115,0.142,-0.059,-0.001,-0.007,-0.002,-0.0,-0.0,-0.0,859.998,-0.0,0.0,-0.0,0.0,0.0,0.0,0.0,0.0,0.9909,0.0429,-0.1277,-0.072,0.9698,-0.2329,0.1138,0.24,0.9641,0.669,0.7326,-0.1252,-0.7377,0.634,-0.2321,-0.0907,0.2476,0.9646,-0.0,-0.0001,-0.0,0.0,0.0,0.0,-0.0243,-0.01,0.088,2.8835,7.9863,-45.5661,0.0,0.0434,-0.3687,0.0,0.0,0.0,3922855.5553,2971935.4335,4590503.6754,-3553.464,-3935.7186,5581.9642,3922852.6718,2971927.4473,4590549.2415,-3553.4397,-3935.7086,5581.8762,0.0,0.0765,3.9732,0.0,0.0,1.0,0.0,1.0,0.0,0.0,-4.1,-36.453,0.0,0.0,-1.0,-0.7071,0.7071,0.0,0.17126587517658035,0.017204650534085254,-0.1,0.8709441132735586,1.7130166175827373,1.5,0.15
358.4113,9.696,-0.124,-0.113,5.723,-0.052,-0.103,-0.09,0.01,0.014,-0.09,0.01,0.013,-0.115,0.14,-0.06,-0.001,-0.007,-0.002,-0.0,-0.0,-0.0,859.998,-0.0,0.0,-0.0,0.0,0.0,0.0,0.0,0.0,0.9909,0.0429,-0.1276,-0.072,0.9698,-0.2329,0.1138,0.24,0.9641,0.669,0.7326,-0.1252,-0.7377,0.634,-0.2321,-0.0907,0.2476,0.9646,-0.0,-0.0001,-0.0,0.0,0.0,0.0,-0.0243,-0.01,0.088,2.8785,7.9842,-45.5478,0.0,0.0434,-0.3687,0.0,0.0,0.0,3922117.6353,2971118.1722,4591662.5348,-3554.529,-3936.5254,5580.7177,3922114.7568,2971110.188,4591708.0826,-3554.5046,-3936.5154,5580.6297,0.0,0.0765,3.9732,0.0,0.0,1.0,0.0,1.0,0.0,0.0,-4.1,-36.453,0.0,0.0,-1.0,-0.7071,0.7071,0.0,0.1677647161950331,0.017204650534085254,-0.1,0.8704406432725479,1.7096664049492765,1.5,0.15
358.6183,9.677,-0.122,-0.11,5.704,-0.049,-0.1,-0.09,0.01,0.014,-0.09,0.01,0.014,-0.115,0.139,-0.06,-0.001,-0.007,-0.002,-0.0,-0.0,-0.0,859.995,1.0,0.0,-0.0,0.0,0.0,0.0,0.0,0.0,0.9909,0.0429,-0.1276,-0.072,0.9698,-0.233,0.1138,0.24,0.9641,0.669,0.7326,-0.1252,-0.7377,0.634,-0.2321,-0.0907,0.2476,0.9646,-0.0,-0.0001,-0.0,0.0,0.0,0.0,-0.025,-0.01,0.0879,2.8734,7.9821,-45.5293,0.0,0.0434,-0.3687,0.0,0.0,0.0,3921371.0209,2970291.3607,4592834.4323,-3555.6066,-3937.3411,5579.4565,3921368.1475,2970283.3786,4592879.9616,-3555.5816,-3937.3312,5579.3686,0.0,0.0765,3.9732,0.0,0.0,1.0,0.0,1.0,0.0,0.0,-4.1,-36.453,0.0,0.0,-1.0,-0.7071,0.7071,0.0,0.16426807358704856,0.017204650534085254,-0.1,0.8877472219960029,1.7063161923158154,1.5,0.15
358.8238,9.659,-0.12,-0.107,5.685,-0.047,-0.097,-0.09,0.01,0.015,-0.09,0.01,0.014,-0.116,0.137,-0.061,-0.001,-0.007,-0.002,-0.0,-0.0,-0.0,859.993,-0.0,0.0,-0.0,0.0,0.0,0.0,0.0,0.0,0.9909,0.0429,-0.1276,-0.072,0.9698,-0.233,0.1137,0.24,0.9641,0.669,0.7326,-0.1252,-0.7377,0.634,-0.2321,-0.0907,0.2476,0.9646,-0.0,-0.0001,-0.0,0.0,0.0,0.0,-0.0257,-0.0099,0.0878,2.8681,7.9801,-45.5115,0.0,0.0434,-0.3687,0.0,0.0,0.0,3920648.9826,2969491.8405,4593967.1643,-3556.6483,-3938.1296,5578.2369,3920646.1145,2969483.8604,4594012.6758,-3556.6226,-3938.1197,5578.1491,0.0,0.0765,3.9732,0.0,0.0,1.0,0.0,1.0,0.0,0.0,-4.1,-36.453,0.0,0.0,-1.0,-0.7071,0.7071,0.0,0.1607762420259909,0.018027756377319945,-0.1,0.888330012311812,1.7031423066630633,1.5,0.15
359.0327,9.64,-0.118,-0.104,5.667,-0.045,-0.094,-0.09,0.01,0.015,-0.09,0.01,0.014,-0.116,0.136,-0.061,-0.001,-0.007,-0.002,-0.0,-0.0,-0.0,859.993,-0.0,0.0,-0.0,0.0,0.0,0.0,0.0,0.0,0.9909,0.0429,-0.1276,-0.072,0.9698,-0.233,0.1137,0.24,0.9641,0.669,0.7326,-0.1252,-0.7377,0.634,-0.2321,-0.0907,0.2476,0.9646,-0.0,-0.0001,-0.0,0.0,0.0,0.0,-0.0257,-0.01,0.0878,2.8628,7.978,-45.4931,0.0,0.0434,-0.3687,0.0,0.0,0.0,3919905.6935,2968668.8662,4595132.6301,-3557.7194,-3938.9408,5576.9815,3919902.8307,2968660.8883,4595178.1233,-3557.6937,-3938.9309,5576.8937,0.0,0.0765,3.9732,0.0,0.0,1.0,0.0,1.0,0.0,0.0,-4.1,-36.453,0.0,0.0,-1.0,-0.7071,0.7071,0.0,0.1572895419282541,0.018027756377319945,-0.1,0.8898291602854219,1.6997920940296025,1.5,0.15
359.2436,9.621,-0.115,-0.101,5.648,-0.043,-0.091,-0.09,0.01,0.015,-0.09,0.01,0.014,-0.116,0.135,-0.062,-0.001,-0.007,-0.002,-0.0,-0.0,-0.0,859.993,-0.0,0.0,-0.0,0.0,0.0,0.0,0.0,0.0,0.9909,0.0429,-0.1275,-0.0719,0.9698,-0.233,0.1137,0.24,0.9641,0.669,0.7326,-0.1252,-0.7377,0.634,-0.2321,-0.0907,0.2476,0.9646,-0.0,-0.0001,-0.0,0.0,0.0,0.0,-0.0257,-0.01,0.0878,2.8574,7.9759,-45.4746,0.0,0.0434,-0.3687,0.0,0.0,0.0,3919153.9862,2967836.6516,4596310.6729,-3558.8021,-3939.7608,5575.712,3919151.1288,2967828.6757,4596356.1475,-3558.7764,-3939.7508,5575.6242,0.0,0.0765,3.9732,0.0,0.0,1.0,0.0,1.0,0.0,0.0,-4.1,-36.453,0.0,0.0,-1.0,-0.7071,0.7071,0.0,0.15305554547287728,0.018027756377319945,-0.1,0.879016000373836,1.6964418813961417,1.5,0.15
359.4545,9.602,-0.113,-0.098,5.629,-0.041,-0.088,-0.09,0.01,0.015,-0.09,0.01,0.014,-0.116,0.133,-0.062,-0.001,-0.007,-0.002,-0.0,-0.0,-0.0,859.993,-0.0,0.0,-0.0,0.0,0.0,0.0,0.0,0.0,0.9909,0.0429,-0.1275,-0.0719,0.9698,-0.233,0.1137,0.24,0.9641,0.669,0.7326,-0.1252,-0.7377,0.634,-0.2321,-0.0907,0.2476,0.9646,-0.0,-0.0001,-0.0,0.0,0.0,0.0,-0.0257,-0.01,0.0878,2.852,7.9738,-45.4561,0.0,0.0434,-0.3687,0.0,0.0,0.0,3918404.4597,2967006.9303,4597484.6734,-3559.8812,-3940.5779,5574.4462,3918401.6078,2966998.9565,4597530.1295,-3559.8555,-3940.5679,5574.3584,0.0,0.0765,3.9732,0.0,0.0,1.0,0.0,1.0,0.0,0.0,-4.1,-36.453,0.0,0.0,-1.0,-0.7071,0.7071,0.0,0.14957606760441325,0.018027756377319945,-0.1,0.8811781289912223,1.6930916687626807,1.5,0.15
359.6605,9.583,-0.111,-0.095,5.61,-0.039,-0.085,-0.09,0.01,0.015,-0.09,0.01,0.014,-0.116,0.132,-0.063,-0.001,-0.007,-0.002,-0.0,-0.0,-0.0,859.993,-0.0,0.0,-0.0,0.0,0.0,0.0,0.0,0.0,0.9909,0.0429,-0.1275,-0.0719,0.9698,-0.233,0.1136,0.2401,0.9641,0.669,0.7326,-0.1252,-0.7377,0.634,-0.2321,-0.0907,0.2476,0.9646,-0.0,-0.0001,-0.0,0.0,0.0,0.0,-0.0257,-0.01,0.0878,2.8467,7.9717,-45.438,0.0,0.0434,-0.3687,0.0,0.0,0.0,3917672.4266,2966196.6509,4598630.6734,-3560.9346,-3941.3755,5573.21,3917669.5799,2966188.6792,4598676.1114,-3560.9088,-3941.3655,5573.1222,0.0,0.0765,3.9732,0.0,0.0,1.0,0.0,1.0,0.0,0.0,-4.1,-36.453,0.0,0.0,-1.0,-0.7071,0.7071,0.0,0.146102703602637,0.018027756377319945,-0.1,0.8838651939886242,1.6897414561292199,1.5,0.15
359.8737,9.564,-0.109,-0.091,5.591,-0.037,-0.082,-0.09,0.01,0.015,-0.09,0.01,0.015,-0.116,0.13,-0.063,-0.001,-0.007,-0.002,-0.0,-0.0,-0.0,859.993,-0.0,0.0,-0.0,0.0,0.0,0.0,0.0,0.0,0.9909,0.0429,-0.1275,-0.0719,0.9698,-0.233,0.1136,0.2401,0.9641,0.669,0.7326,-0.1252,-0.7377,0.634,-0.2321,-0.0907,0.2476,0.9646,-0.0,-0.0001,-0.0,0.0,0.0,0.0,-0.0257,-0.01,0.0878,2.8412,7.9696,-45.4194,0.0,0.0434,-0.3687,0.0,0.0,0.0,3916916.6951,2965360.2191,4599813.1507,-3562.0215,-3942.1984,5571.9339,3916913.8539,2965352.2495,4599858.5701,-3561.9958,-3942.1884,5571.8461,0.0,0.0765,3.9732,0.0,0.0,1.0,0.0,1.0,0.0,0.0,-4.1,-36.453,0.0,0.0,-1.0,-0.7071,0.7071,0.0,0.1419929575718458,0.018027756377319945,-0.1,0.8932582714663935,1.686391243495759,1.5,0.15
360.0889,9.545,-0.107,-0.088,5.571,-0.035,-0.079,-0.09,0.01,0.015,-0.09,0.01,0.015,-0.116,0.129,-0.064,-0.001,-0.007,-0.002,-0.0,-0.0,-0.0,859.993,-0.0,0.0,-0.0,0.0,0.0,0.0,0.0,0.0,0.9909,0.0429,-0.1274,-0.0719,0.9698,-0.233,0.1136,0.2401,0.9641,0.669,0.7326,-0.1252,-0.7377,0.634,-0.2321,-0.0907,0.2476,0.9646,-0.0,-0.0001,-0.0,0.0,0.0,0.0,-0.0258,-0.01,0.0878,2.8357,7.9674,-45.4004,0.0,0.0434,-0.3687,0.0,0.0,0.0,3916144.8669,2964506.0556,4601020.1635,-3563.131,-3943.0383,5570.6306,3916142.0312,2964498.0881,4601065.5638,-3563.1053,-3943.0283,5570.5428,0.0,0.0765,3.9732,0.0,0.0,1.0,0.0,1.0,0.0,0.0,-4.1,-36.453,0.0,0.0,-1.0,-0.7071,0.7071,0.0,0.13853880322855397,0.018027756377319945,-0.1,0.8964622686659383,1.6830410308622983,1.5,0.15
360.3033,9.525,-0.105,-0.085,5.552,-0.033,-0.076,-0.09,0.01,0.015,-0.09,0.01,0.015,-0.117,0.127,-0.064,-0.001,-0.007,-0.002,-0.0,-0.0,-0.0,859.993,-0.0,0.0,-0.0,0.0,0.0,0.0,0.0,0.0,0.9909,0.0429,-0.1274,-0.0719,0.9698,-0.233,0.1136,0.2401,0.9641,0.669,0.7326,-0.1252,-0.7377,0.634,-0.2321,-0.0907,0.2476,0.9646,-0.0,-0.0001,-0.0,0.0,0.0,0.0,-0.0258,-0.01,0.0878,2.8302,7.9653,-45.3816,0.0,0.0434,-0.3687,0.0,0.0,0.0,3915382.927,2963662.9174,4602211.067,-3564.2258,-3943.867,5569.3441,3915380.0968,2963654.9521,4602256.4486,-3564.2,-3943.857,5569.2563,0.0,0.0765,3.9732,0.0,0.0,1.0,0.0,1.0,0.0,0.0,-4.1,-36.453,0.0,0.0,-1.0,-0.7071,0.7071,0.0,0.13509256086106294,0.018027756377319945,-0.1,0.9006391951059306,1.679514491248129,1.5,0.15
360.5144,9.506,-0.102,-0.082,5.533,-0.03,-0.073,-0.09,0.01,0.015,-0.09,0.01,0.015,-0.117,0.126,-0.065,-0.001,-0.007,-0.002,-0.0,-0.0,-0.0,859.993,-0.0,0.0,-0.0,0.0,0.0,0.0,0.0,0.0,0.9909,0.0428,-0.1274,-0.0719,0.9698,-0.233,0.1136,0.2401,0.9641,0.669,0.7326,-0.1252,-0.7377,0.634,-0.2321,-0.0907,0.2476,0.9646,-0.0,-0.0001,-0.0,0.0,0.0,0.0,-0.0258,-0.01,0.0878,2.8247,7.9631,-45.363,0.0,0.0434,-0.3687,0.0,0.0,0.0,3914628.8927,2962828.6074,4603388.9824,-3565.3086,-3944.6866,5568.071,3914626.068,2962820.6442,4603434.3455,-3565.2829,-3944.6766,5567.9832,0.0,0.0765,3.9732,0.0,0.0,1.0,0.0,1.0,0.0,0.0,-4.1,-36.453,0.0,0.0,-1.0,-0.7071,0.7071,0.0,0.13087398519186308,0.018027756377319945,-0.1,0.9110327610747799,1.676164278614668,1.5,0.15
360.7214,9.487,-0.1,-0.079,5.514,-0.028,-0.07,-0.09,0.01,0.015,-0.09,0.01,0.015,-0.117,0.124,-0.065,-0.001,-0.007,-0.002,-0.0,-0.0,-0.0,859.993,-0.0,0.0,-0.0,0.0,0.0,0.0,0.0,0.0,0.9909,0.0428,-0.1274,-0.0719,0.9698,-0.2331,0.1135,0.2401,0.9641,0.669,0.7326,-0.1252,-0.7377,0.634,-0.2321,-0.0907,0.2476,0.9646,-0.0,-0.0001,-0.0,0.0,0.0,0.0,-0.0258,-0.01,0.0878,2.8194,7.9611,-45.3448,0.0,0.0434,-0.3687,0.0,0.0,0.0,3913887.9974,2962008.9137,4604545.7634,-3566.3721,-3945.4915,5566.8202,3913885.178,2962000.9527,4604591.1081,-3566.3463,-3945.4814,5566.7324,0.0,0.0765,3.9732,0.0,0.0,1.0,0.0,1.0,0.0,0.0,-4.1,-36.453,0.0,0.0,-1.0,-0.7071,0.7071,0.0,0.1274401820463232,0.018027756377319945,-0.1,0.9161020060656503,1.6728140659812072,1.5,0.15
360.9341,9.468,-0.098,-0.075,5.495,-0.026,-0.067,-0.09,0.01,0.015,-0.09,0.01,0.015,-0.117,0.123,-0.066,-0.001,-0.007,-0.002,-0.0,-0.0,-0.0,859.993,-0.0,0.0,-0.0,0.0,0.0,0.0,0.0,0.0,0.9909,0.0428,-0.1273,-0.0719,0.9698,-0.2331,0.1135,0.2401,0.9641,0.669,0.7326,-0.1252,-0.7377,0.634,-0.2321,-0.0907,0.2476,0.9646,-0.0,-0.0001,-0.0,0.0,0.0,0.0,-0.0258,-0.0101,0.0878,2.814,7.9589,-45.3262,0.0,0.0434,-0.3687,0.0,0.0,0.0,3913134.4354,2961175.285,4605721.7005,-3567.4532,-3946.3096,5565.548,3913131.6214,2961167.3261,4605767.0268,-3567.4274,-3946.2996,5565.4602,0.0,0.0765,3.9732,0.0,0.0,1.0,0.0,1.0,0.0,0.0,-4.1,-36.453,0.0,0.0,-1.0,-0.7071,0.7071,0.0,0.12340583454602137,0.018027756377319945,-0.1,0.9264594539189478,1.6694638533477464,1.5,0.15
361.1515,9.449,-0.096,-0.072,5.475,-0.024,-0.064,-0.09,0.01,0.015,-0.09,0.01,0.015,-0.117,0.121,-0.066,-0.001,-0.007,-0.002,-0.0,-0.0,-0.0,859.993,-0.0,0.0,-0.0,0.0,0.0,0.0,0.0,0.0,0.9909,0.0428,-0.1273,-0.0719,0.9698,-0.2331,0.1135,0.2401,0.9641,0.669,0.7326,-0.1252,-0.7377,0.634,-0.2321,-0.0907,0.2476,0.9646,-0.0,-0.0001,-0.0,0.0,0.0,0.0,-0.0258,-0.0101,0.0878,2.8083,7.9567,-45.3071,0.0,0.0434,-0.3687,0.0,0.0,0.0,3912358.1883,2960316.6445,4606932.3845,-3568.5663,-3947.1519,5564.2376,3912355.38,2960308.6878,4606977.6916,-3568.5405,-3947.1418,5564.1498,0.0,0.0765,3.9732,0.0,0.0,1.0,0.0,1.0,0.0,0.0,-4.1,-36.453,0.0,0.0,-1.0,-0.7071,0.7071,0.0,0.12,0.018027756377319945,-0.1,0.9320106660519389,1.6661136407142856,1.5,0.15
361.3649,9.429,-0.094,-0.069,5.456,-0.022,-0.06,-0.09,0.01,0.015,-0.09,0.01,0.015,-0.117,0.12,-0.067,-0.001,-0.007,-0.002,-0.0,-0.0,-0.0,859.993,-0.0,0.0,-0.0,0.0,0.0,0.0,0.0,0.0,0.9909,0.0428,-0.1273,-0.0719,0.9698,-0.2331,0.1135,0.2401,0.9641,0.669,0.7326,-0.1252,-0.7377,0.634,-0.2321,-0.0907,0.2476,0.9646,-0.0,-0.0001,-0.0,0.0,0.0,0.0,-0.0258,-0.0101,0.0878,2.8028,7.9546,-45.2884,0.0,0.0434,-0.3687,0.0,0.0,0.0,3911595.6273,2959473.2251,4608121.0779,-3569.6592,-3947.9788,5562.9504,3911592.8245,2959465.2705,4608166.3663,-3569.6334,-3947.9688,5562.8626,0.0,0.0765,3.9732,0.0,0.0,1.0,0.0,1.0,0.0,0.0,-4.1,-36.453,0.0,0.0,-1.0,-0.7071,0.7071,0.0,0.11660617479361889,0.018027756377319945,-0.1,0.9326364614723484,1.6625871011001163,1.5,0.15
361.5738,9.411,-0.092,-0.066,5.437,-0.02,-0.057,-0.09,0.01,0.015,-0.09,0.01,0.015,-0.117,0.118,-0.067,-0.001,-0.007,-0.002,-0.0,-0.0,-0.0,859.993,-0.0,0.0,-0.0,0.0,0.0,0.0,0.0,0.0,0.9909,0.0428,-0.1273,-0.0719,0.9698,-0.2331,0.1134,0.2401,0.9641,0.669,0.7326,-0.1252,-0.7377,0.634,-0.2321,-0.0907,0.2476,0.9646,-0.0,-0.0001,-0.0,0.0,0.0,0.0,-0.0259,-0.0101,0.0878,2.7974,7.9525,-45.27,0.0,0.0434,-0.3687,0.0,0.0,0.0,3910849.3551,2958647.9,4609283.7604,-3570.7283,-3948.7876,5561.6907,3910846.5576,2958639.9476,4609329.0305,-3570.7024,-3948.7775,5561.6029,0.0,0.0765,3.9732,0.0,0.0,1.0,0.0,1.0,0.0,0.0,-4.1,-36.453,0.0,0.0,-1.0,-0.7071,0.7071,0.0,0.11322543883774529,0.018027756377319945,-0.1,0.9396572519577135,1.6594132154473638,1.5,0.15
361.7845,9.391,-0.09,-0.063,5.418,-0.018,-0.054,-0.09,0.01,0.015,-0.09,0.01,0.015,-0.117,0.117,-0.068,-0.001,-0.007,-0.002,-0.0,-0.0,-0.0,859.993,-0.0,0.0,-0.0,0.0,0.0,0.0,0.0,0.0,0.9909,0.0428,-0.1272,-0.0718,0.9698,-0.2331,0.1134,0.2401,0.9641,0.669,0.7326,-0.1252,-0.7377,0.634,-0.2321,-0.0907,0.2476,0.9646,-0.0,-0.0001,-0.0,0.0,0.0,0.0,-0.0259,-0.0101,0.0878,2.792,7.9503,-45.2515,0.0,0.0434,-0.3687,0.0,0.0,0.0,3910094.0316,2957812.6449,4610459.9238,-3571.8098,-3949.6058,5560.4158,3910091.2396,2957804.6946,4610505.1753,-3571.7839,-3949.5957,5560.328,0.0,0.0765,3.9732,0.0,0.0,1.0,0.0,1.0,0.0,0.0,-4.1,-36.453,0.0,0.0,-1.0,-0.7071,0.7071,0.0,0.10985900054160333,0.018027756377319945,-0.1,0.947672247084601,1.6558866758331945,1.5,0.15
361.9996,9.372,-0.088,-0.059,5.399,-0.016,-0.051,-0.09,0.01,0.015,-0.09,0.01,0.015,-0.118,0.115,-0.068,-0.001,-0.007,-0.002,-0.0,-0.0,-0.0,859.993,-0.0,0.0,-0.0,0.0,0.0,0.0,0.0,0.0,0.991,0.0428,-0.1272,-0.0718,0.9698,-0.2331,0.1134,0.2401,0.9641,0.669,0.7326,-0.1252,-0.7377,0.634,-0.2321,-0.0907,0.2476,0.9646,-0.0,-0.0001,-0.0,0.0,0.0,0.0,-0.0259,-0.0101,0.0878,2.7865,7.9482,-45.2327,0.0,0.0434,-0.3687,0.0,0.0,0.0,3909333.1944,2956971.3733,4611644.0401,-3572.8986,-3950.4294,5559.1316,3909330.4079,2956963.4252,4611689.2729,-3572.8727,-3950.4193,5559.0438,0.0,0.0765,3.9732,0.0,0.0,1.0,0.0,1.0,0.0,0.0,-4.1,-36.453,0.0,0.0,-1.0,-0.7071,0.7071,0.0,0.10594810050208545,0.018027756377319945,-0.1,0.9590580974637507,1.6525364631997337,1.5,0.15
362.2145,9.353,-0.085,-0.056,5.379,-0.014,-0.048,-0.09,0.01,0.015,-0.09,0.01,0.015,-0.118,0.114,-0.069,-0.001,-0.007,-0.002,-0.0,-0.0,-0.0,859.993,-0.0,0.0,-0.0,0.0,0.0,0.0,0.0,0.0,0.991,0.0428,-0.1272,-0.0718,0.9698,-0.2331,0.1134,0.2402,0.9641,0.669,0.7326,-0.1252,-0.7377,0.634,-0.2321,-0.0907,0.2476,0.9646,-0.0,-0.0001,-0.0,0.0,0.0,0.0,-0.0259,-0.0101,0.0878,2.7809,7.946,-45.2138,0.0,0.0434,-0.3687,0.0,0.0,0.0,3908561.1528,2956117.7956,4612844.9458,-3574.0029,-3951.2646,5557.8286,3908558.3719,2956109.8496,4612890.1596,-3573.977,-3951.2545,5557.7408,0.0,0.0765,3.9732,0.0,0.0,1.0,0.0,1.0,0.0,0.0,-4.1,-36.453,0.0,0.0,-1.0,-0.7071,0.7071,0.0,0.10178899744078435,0.018027756377319945,-0.1,0.9531510303895595,1.6491862505662729,1.5,0.15
362.423,9.334,-0.083,-0.053,5.361,-0.012,-0.045,-0.09,0.01,0.015,-0.09,0.01,0.015,-0.118,0.112,-0.069,-0.001,-0.007,-0.002,-0.0,-0.0,-0.0,859.993,-0.0,0.0,-0.0,0.0,0.0,0.0,0.0,0.0,0.991,0.0428,-0.1272,-0.0718,0.9698,-0.2331,0.1133,0.2402,0.9641,0.669,0.7326,-0.1252,-0.7377,0.634,-0.2321,-0.0907,0.2476,0.9646,-0.0,-0.0001,-0.0,0.0,0.0,0.0,-0.0259,-0.0101,0.0878,2.7755,7.9439,-45.1955,0.0,0.0434,-0.3687,0.0,0.0,0.0,3907815.6085,2955293.5931,4614004.0174,-3575.0688,-3952.0707,5556.5704,3907812.833,2955285.6492,4614049.2129,-3575.0429,-3952.0606,5556.4826,0.0,0.0765,3.9732,0.0,0.0,1.0,0.0,1.0,0.0,0.0,-4.1,-36.453,0.0,0.0,-1.0,-0.7071,0.7071,0.0,0.09847842403288144,0.018027756377319945,-0.1,0.9622874732272395,1.645836037932812,1.5,0.15
362.6323,9.315,-0.081,-0.05,5.342,-0.01,-0.042,-0.09,0.01,0.014,-0.09,0.01,0.014,-0.118,0.111,-0.069,-0.001,-0.007,-0.002,-0.0,-0.0,-0.0,859.99,-1.0,0.0,-0.0,0.0,0.0,0.0,0.0,0.0,0.991,0.0428,-0.1271,-0.0718,0.9698,-0.2331,0.1133,0.2402,0.9641,0.669,0.7326,-0.1252,-0.7377,0.634,-0.2321,-0.0907,0.2476,0.9646,-0.0,-0.0001,-0.0,0.0,0.0,0.0,-0.0252,-0.0102,0.0879,2.77,7.9417,-45.1769,0.0,0.0434,-0.3687,0.0,0.0,0.0,3907057.7141,2954455.8163,4615181.6645,-3576.1511,-3952.8898,5555.2915,3907054.9441,2954447.8746,4615226.8413,-3576.1259,-3952.8796,5555.2036,0.0,0.0765,3.9732,0.0,0.0,1.0,0.0,1.0,0.0,0.0,-4.1,-36.453,0.0,0.0,-1.0,-0.7071,0.7071,0.0,0.09518928511129811,0.017204650534085254,-0.1,0.9716665293826232,1.642485825299351,1.5,0.15
362.8409,9.296,-0.079,-0.047,5.323,-0.007,-0.04,-0.09,0.01,0.008,-0.09,0.01,0.007,-0.118,0.109,-0.07,-0.001,-0.007,-0.002,-0.0,-0.0,-0.0,859.963,-1.0,0.0,-0.0,0.0,0.0,0.0,0.0,0.0,0.991,0.0428,-0.1271,-0.0718,0.9698,-0.2332,0.1133,0.2402,0.9641,0.669,0.7326,-0.1252,-0.7377,0.634,-0.2321,-0.0907,0.2476,0.9646,-0.0,-0.0001,-0.0,0.0,0.0,0.0,-0.0184,-0.0107,0.0887,2.7655,7.9395,-45.1584,0.0,0.0434,-0.3687,0.0,0.0,0.0,3906310.5189,2953629.944,4616342.0742,-3577.2114,-3953.6972,5554.0314,3906307.7534,2953622.0045,4616387.2327,-3577.1931,-3953.6865,5553.9427,0.0,0.0765,3.9732,0.0,0.0,1.0,0.0,1.0,0.0,0.0,-4.1,-36.453,0.0,0.0,-1.0,-0.7071,0.7071,0.0,0.09192388155425117,0.012806248474865698,-0.1,1.0053681811038073,1.6391356126658903,1.5,0.15
363.0496,9.277,-0.077,-0.047,5.304,-0.005,-0.039,-0.09,0.01,0.001,-0.09,0.01,0.0,-0.118,0.108,-0.07,-0.0,-0.006,-0.002,-0.0,-0.0,-0.0,859.936,-1.0,0.0,-0.0,0.0,0.0,0.0,0.0,0.0,0.991,0.0428,-0.1271,-0.0718,0.9698,-0.2332,0.1133,0.2402,0.9641,0.669,0.7326,-0.1252,-0.7377,0.634,-0.2321,-0.0907,0.2476,0.9646,-0.0,-0.0001,-0.0,0.0,0.0,0.0,-0.0115,-0.0112,0.0894,2.7624,7.9372,-45.14,0.0,0.0434,-0.3687,0.0,0.0,0.0,3905568.6657,2952810.0519,4617493.5886,-3578.2636,-3954.4984,5552.7803,3905565.9033,2952802.1147,4617538.7286,-3578.2521,-3954.4872,5552.6909,0.0,0.0765,3.9732,0.0,0.0,1.0,0.0,1.0,0.0,0.0,-4.1,-36.453,0.0,0.0,-1.0,-0.7071,0.7071,0.0,0.09021086409075128,0.01004987562112089,-0.1,1.0151684738158882,1.6357854000324294,1.5,0.15
363.2541,9.259,-0.075,-0.047,5.286,-0.003,-0.039,-0.09,0.01,-0.002,-0.09,0.01,-0.002,-0.118,0.107,-0.071,-0.0,-0.006,-0.002,-0.0,-0.0,-0.0,859.926,-0.0,0.0,-0.0,0.0,0.0,0.0,0.0,0.0,0.991,0.0428,-0.1271,-0.0718,0.9698,-0.2332,0.1132,0.2402,0.9641,0.669,0.7326,-0.1252,-0.7377,0.634,-0.2321,-0.0907,0.2476,0.9646,-0.0,-0.0001,-0.0,0.0,0.0,0.0,-0.0091,-0.0114,0.0897,2.7605,7.9349,-45.1218,0.0,0.0434,-0.3687,0.0,0.0,0.0,3904844.2111,2952009.4609,4618617.5178,-3579.2949,-3955.2801,5551.5582,3904841.4507,2952001.526,4618662.6396,-3579.2858,-3955.2687,5551.4685,0.0,0.0765,3.9732,0.0,0.0,1.0,0.0,1.0,0.0,0.0,-4.1,-36.453,0.0,0.0,-1.0,-0.7071,0.7071,0.0,0.08850988645343524,0.01019803902718557,-0.1,1.0281364559363853,1.6326115143796773,1.5,0.15
363.4685,9.24,-0.073,-0.047,5.266,-0.001,-0.04,-0.09,0.01,-0.002,-0.09,0.01,-0.002,-0.118,0.105,-0.072,-0.0,-0.006,-0.002,-0.0,-0.0,-0.0,859.926,-0.0,0.0,-0.0,0.0,0.0,0.0,0.0,0.0,0.991,0.0428,-0.127,-0.0718,0.9698,-0.2332,0.1132,0.2402,0.9641,0.669,0.7326,-0.1252,-0.7377,0.634,-0.2321,-0.0907,0.2476,0.9646,-0.0,-0.0001,-0.0,0.0,0.0,0.0,-0.0091,-0.0114,0.0897,2.7585,7.9325,-45.1026,0.0,0.0434,-0.3687,0.0,0.0,0.0,3904075.7622,2951160.3315,4619809.0755,-3580.3909,-3956.1086,5550.2616,3904073.0037,2951152.399,4619854.1781,-3580.3817,-3956.0972,5550.1719,0.0,0.0765,3.9732,0.0,0.0,1.0,0.0,1.0,0.0,0.0,-4.1,-36.453,0.0,0.0,-1.0,-0.7071,0.7071,0.0,0.08682165628459296,0.01019803902718557,-0.1,1.0439474088780938,1.6292613017462163,1.5,0.15
363.6791,9.22,-0.071,-0.048,5.247,0.001,-0.04,-0.09,0.01,-0.002,-0.09,0.01,-0.002,-0.119,0.104,-0.072,-0.0,-0.006,-0.002,-0.0,-0.0,-0.0,859.926,-0.0,0.0,-0.0,0.0,0.0,0.0,0.0,0.0,0.991,0.0428,-0.127,-0.0718,0.9698,-0.2332,0.1132,0.2402,0.9641,0.669,0.7326,-0.1252,-0.7377,0.634,-0.2321,-0.0907,0.2476,0.9646,-0.0,-0.0001,-0.0,0.0,0.0,0.0,-0.0091,-0.0114,0.0897,2.7566,7.9301,-45.0836,0.0,0.0434,-0.3687,0.0,0.0,0.0,3903319.5883,2950324.8467,4620980.9734,-3581.4688,-3956.9234,5548.9858,3903316.8317,2950316.9166,4621026.057,-3581.4596,-3956.912,5548.8961,0.0,0.0765,3.9732,0.0,0.0,1.0,0.0,1.0,0.0,0.0,-4.1,-36.453,0.0,0.0,-1.0,-0.7071,0.7071,0.0,0.08570297544426331,0.01019803902718557,-0.1,1.0551501956446376,1.6257347621320473,1.5,0.15
363.8841,9.202,-0.069,-0.048,5.229,0.003,-0.041,-0.09,0.01,-0.002,-0.09,0.01,-0.002,-0.119,0.103,-0.073,-0.0,-0.006,-0.002,-0.0,-0.0,-0.0,859.926,-0.0,0.0,-0.0,0.0,0.0,0.0,0.0,0.0,0.991,0.0428,-0.127,-0.0718,0.9698,-0.2332,0.1132,0.2402,0.9641,0.669,0.7326,-0.1252,-0.7377,0.634,-0.2321,-0.0907,0.2476,0.9646,-0.0,-0.0001,-0.0,0.0,0.0,0.0,-0.0092,-0.0114,0.0897,2.7547,7.9277,-45.0652,0.0,0.0434,-0.3687,0.0,0.0,0.0,3902585.0681,2949513.3621,4622118.7162,-3582.5153,-3957.7144,5547.7466,3902582.3133,2949505.4343,4622163.7814,-3582.5061,-3957.7029,5547.6569,0.0,0.0765,3.9732,0.0,0.0,1.0,0.0,1.0,0.0,0.0,-4.1,-36.453,0.0,0.0,-1.0,-0.7071,0.7071,0.0,0.0840535543567314,0.01019803902718557,-0.1,1.0713960170319077,1.6225608764792947,1.5,0.15
364.0931,9.183,-0.067,-0.048,5.21,0.005,-0.041,-0.09,0.01,-0.002,-0.09,0.01,-0.002,-0.119,0.101,-0.073,-0.0,-0.006,-0.002,-0.0,-0.0,-0.0,859.926,-0.0,0.0,-0.0,0.0,0.0,0.0,0.0,0.0,0.991,0.0428,-0.127,-0.0718,0.9698,-0.2332,0.1132,0.2402,0.9641,0.669,0.7326,-0.1252,-0.7377,0.634,-0.2321,-0.0907,0.2476,0.9646,-0.0,-0.0001,-0.0,0.0,0.0,0.0,-0.0092,-0.0114,0.0897,2.7528,7.9253,-45.0465,0.0,0.0434,-0.3687,0.0,0.0,0.0,3901836.8243,2948686.7932,4623277.1143,-3583.5809,-3958.5197,5546.4843,3901834.0714,2948678.8679,4623322.1608,-3583.5717,-3958.5082,5546.3946,0.0,0.0765,3.9732,0.0,0.0,1.0,0.0,1.0,0.0,0.0,-4.1,-36.453,0.0,0.0,-1.0,-0.7071,0.7071,0.0,0.08241965784932621,0.01019803902718557,-0.1,1.084567783857577,1.619210663845834,1.5,0.15
364.3039,9.164,-0.065,-0.049,5.191,0.007,-0.042,-0.09,0.01,-0.002,-0.09,0.01,-0.002,-0.119,0.1,-0.074,-0.0,-0.006,-0.002,-0.0,-0.0,-0.0,859.926,-0.0,0.0,-0.0,0.0,0.0,0.0,0.0,0.0,0.991,0.0428,-0.1269,-0.0718,0.9698,-0.2332,0.1131,0.2402,0.9641,0.669,0.7326,-0.1252,-0.7377,0.634,-0.2321,-0.0907,0.2476,0.9646,-0.0,-0.0001,-0.0,0.0,0.0,0.0,-0.0092,-0.0114,0.0897,2.7509,7.9229,-45.0276,0.0,0.0434,-0.3687,0.0,0.0,0.0,3901081.9666,2947852.9968,4624445.1356,-3584.6553,-3959.3316,5545.2109,3901079.2157,2947845.0738,4624490.1632,-3584.6461,-3959.3202,5545.1212,0.0,0.0765,3.9732,0.0,0.0,1.0,0.0,1.0,0.0,0.0,-4.1,-36.453,0.0,0.0,-1.0,-0.7071,0.7071,0.0,0.08140024569987489,0.01019803902718557,-0.1,1.0988444581113295,1.6158604512123729,1.5,0.15
364.5116,9.145,-0.062,-0.049,5.172,0.009,-0.042,-0.09,0.009,-0.002,-0.09,0.009,-0.002,-0.119,0.099,-0.074,-0.0,-0.006,-0.002,-0.0,-0.0,-0.0,859.923,-0.0,-1.0,-0.0,0.0,0.0,0.0,0.0,0.0,0.991,0.0428,-0.1269,-0.0717,0.9698,-0.2332,0.1131,0.2402,0.9641,0.669,0.7326,-0.1252,-0.7377,0.634,-0.2321,-0.0907,0.2476,0.9646,-0.0,-0.0001,-0.0,0.0,0.0,0.0,-0.0092,-0.0122,0.0895,2.749,7.9205,-45.0088,0.0,0.0434,-0.3687,0.0,0.0,0.0,3900329.7091,2947022.1511,4625608.5192,-3585.7256,-3960.1411,5543.9417,3900326.9601,2947014.2306,4625653.5279,-3585.7164,-3960.1288,5543.8522,0.0,0.0765,3.9732,0.0,0.0,1.0,0.0,1.0,0.0,0.0,-4.1,-36.453,0.0,0.0,-1.0,-0.7071,0.7071,0.0,0.0790253124005214,0.009219544457292887,-0.1,1.097900177220184,1.612510238578912,1.5,0.15
364.7149,9.127,-0.061,-0.049,5.153,0.01,-0.042,-0.09,0.001,-0.002,-0.09,0.001,-0.002,-0.119,0.097,-0.075,-0.0,-0.006,-0.002,-0.0,-0.0,-0.0,859.893,-0.0,-1.0,-0.0,0.0,0.0,0.0,0.0,0.0,0.991,0.0428,-0.1269,-0.0717,0.9698,-0.2333,0.1131,0.2403,0.9641,0.669,0.7326,-0.1252,-0.7377,0.634,-0.2321,-0.0907,0.2476,0.9646,-0.0,-0.0001,-0.0,0.0,0.0,0.0,-0.0096,-0.02,0.0876,2.7471,7.9172,-44.9907,0.0,0.0434,-0.3687,0.0,0.0,0.0,3899597.0078,2946212.9786,4626741.0679,-3586.7678,-3960.936,5542.7039,3899594.2607,2946205.0614,4626786.0586,-3586.7583,-3960.916,5542.6163,0.0,0.0765,3.9732,0.0,0.0,1.0,0.0,1.0,0.0,0.0,-4.1,-36.453,0.0,0.0,-1.0,-0.7071,0.7071,0.0,0.07824321056807422,0.0022360679774997894,-0.1,1.1044353550849,1.60933635292616,1.5,0.15
364.9251,9.108,-0.061,-0.05,5.135,0.01,-0.043,-0.09,0.0,-0.002,-0.09,0.0,-0.002,-0.119,0.096,-0.075,-0.0,-0.006,-0.002,-0.0,-0.0,-0.0,859.89,-0.0,0.0,-0.0,0.0,0.0,0.0,0.0,0.0,0.991,0.0428,-0.1269,-0.0717,0.9698,-0.2333,0.1131,0.2403,0.9641,0.669,0.7326,-0.1252,-0.7377,0.634,-0.2321,-0.0907,0.2476,0.9646,-0.0,-0.0001,-0.0,0.0,0.0,0.0,-0.0096,-0.0207,0.0874,2.7451,7.9129,-44.9727,0.0,0.0434,-0.3687,0.0,0.0,0.0,3898857.0659,2945395.8845,4627884.2186,-3587.8196,-3961.7313,5541.4557,3898854.3208,2945387.9716,4627929.1913,-3587.8099,-3961.7106,5541.3682,0.0,0.0765,3.9732,0.0,0.0,1.0,0.0,1.0,0.0,0.0,-4.1,-36.453,0.0,0.0,-1.0,-0.7071,0.7071,0.0,0.078873316146844,0.002,-0.1,1.1060127225636176,1.6059861402926991,1.5,0.15
365.1341,9.089,-0.061,-0.05,5.116,0.01,-0.043,-0.09,0.0,-0.002,-0.09,0.0,-0.002,-0.119,0.095,-0.075,-0.0,-0.006,-0.002,-0.0,-0.0,-0.0,859.89,-0.0,0.0,-0.0,0.0,0.0,0.0,0.0,0.0,0.991,0.0428,-0.1269,-0.0717,0.9698,-0.2333,0.113,0.2403,0.9641,0.669,0.7326,-0.1252,-0.7377,0.634,-0.2321,-0.0907,0.2476,0.9646,-0.0,-0.0001,-0.0,0.0,0.0,0.0,-0.0096,-0.0207,0.0874,2.7431,7.9086,-44.9544,0.0,0.0434,-0.3687,0.0,0.0,0.0,3898105.6018,2944566.1442,4629044.564,-3588.8871,-3962.5377,5540.1882,3898102.8587,2944558.2356,4629089.5183,-3588.8775,-3962.517,5540.1008,0.0,0.0765,3.9732,0.0,0.0,1.0,0.0,1.0,0.0,0.0,-4.1,-36.453,0.0,0.0,-1.0,-0.7071,0.7071,0.0,0.078873316146844,0.002,-0.1,1.106264235093558,1.6026359276592381,1.5,0.15
365.3391,9.071,-0.061,-0.05,5.097,0.01,-0.044,-0.09,0.0,-0.002,-0.09,0.0,-0.002,-0.119,0.093,-0.076,-0.0,-0.006,-0.002,-0.0,-0.0,-0.0,859.89,-0.0,0.0,-0.0,0.0,0.0,0.0,0.0,0.0,0.991,0.0428,-0.1268,-0.0717,0.9698,-0.2333,0.113,0.2403,0.9641,0.669,0.7326,-0.1252,-0.7377,0.634,-0.2321,-0.0907,0.2476,0.9646,-0.0,-0.0001,-0.0,0.0,0.0,0.0,-0.0097,-0.0207,0.0874,2.7411,7.9043,-44.9364,0.0,0.0434,-0.3687,0.0,0.0,0.0,3897366.9304,2943750.6049,4630184.5612,-3589.936,-3963.33,5538.9424,3897364.1892,2943742.7006,4630229.4976,-3589.9263,-3963.3093,5538.855,0.0,0.0765,3.9732,0.0,0.0,1.0,0.0,1.0,0.0,0.0,-4.1,-36.453,0.0,0.0,-1.0,-0.7071,0.7071,0.0,0.078873316146844,0.002,-0.1,1.1100227994282594,1.5994620420064858,1.5,0.15
365.5496,9.052,-0.061,-0.051,5.078,0.01,-0.044,-0.09,0.0,-0.002,-0.09,0.0,-0.002,-0.119,0.092,-0.076,-0.0,-0.006,-0.002,-0.0,-0.0,-0.0,859.89,-0.0,0.0,-0.0,0.0,0.0,0.0,0.0,0.0,0.991,0.0428,-0.1268,-0.0717,0.9698,-0.2333,0.113,0.2403,0.9641,0.669,0.7326,-0.1252,-0.7377,0.634,-0.2321,-0.0907,0.2476,0.9646,-0.0,-0.0001,-0.0,0.0,0.0,0.0,-0.0097,-0.0207,0.0874,2.7391,7.9,-44.918,0.0,0.0434,-0.3687,0.0,0.0,0.0,3896612.8995,2942918.1859,4631347.6555,-3591.0061,-3964.1382,5537.6707,3896610.1604,2942910.2859,4631392.5735,-3590.9965,-3964.1175,5537.5833,0.0,0.0765,3.9732,0.0,0.0,1.0,0.0,1.0,0.0,0.0,-4.1,-36.453,0.0,0.0,-1.0,-0.7071,0.7071,0.0,0.07951100552753687,0.002,-0.1,1.1076757714485919,1.596111829373025,1.5,0.15
365.7603,9.032,-0.061,-0.051,5.059,0.01,-0.045,-0.09,0.0,-0.002,-0.09,0.0,-0.002,-0.119,0.091,-0.076,-0.0,-0.006,-0.002,-0.0,-0.0,-0.0,859.89,-0.0,0.0,-0.0,0.0,0.0,0.0,0.0,0.0,0.991,0.0428,-0.1268,-0.0717,0.9698,-0.2333,0.113,0.2403,0.9641,0.669,0.7326,-0.1252,-0.7377,0.634,-0.2321,-0.0907,0.2476,0.9646,-0.0,-0.0001,-0.0,0.0,0.0,0.0,-0.0097,-0.0207,0.0874,2.737,7.8956,-44.8996,0.0,0.0434,-0.3687,0.0,0.0,0.0,3895855.4538,2942082.075,4632515.3981,-3592.0806,-3964.9497,5536.3934,3895852.7167,2942074.1794,4632560.2977,-3592.0709,-3964.929,5536.306,0.0,0.0765,3.9732,0.0,0.0,1.0,0.0,1.0,0.0,0.0,-4.1,-36.453,0.0,0.0,-1.0,-0.7071,0.7071,0.0,0.07951100552753687,0.002,-0.1,1.1120935169276998,1.5925852897588557,1.5,0.15
365.9689,9.014,-0.061,-0.052,5.04,0.01,-0.045,-0.09,0.0,-0.002,-0.09,0.0,-0.002,-0.12,0.089,-0.077,-0.0,-0.006,-0.002,-0.0,-0.0,-0.0,859.89,-0.0,0.0,-0.0,0.0,0.0,0.0,0.0,0.0,0.991,0.0428,-0.1268,-0.0717,0.9698,-0.2333,0.113,0.2403,0.9641,0.669,0.7326,-0.1252,-0.7377,0.634,-0.2321,-0.0907,0.2476,0.9646,-0.0,-0.0001,-0.0,0.0,0.0,0.0,-0.0097,-0.0207,0.0874,2.7351,7.8913,-44.8814,0.0,0.0434,-0.3687,0.0,0.0,0.0,3895108.7989,2941257.9541,4633665.9013,-3593.1393,-3965.7491,5535.1343,3895106.0638,2941250.0628,4633710.7828,-3593.1296,-3965.7284,5535.0469,0.0,0.0765,3.9732,0.0,0.0,1.0,0.0,1.0,0.0,0.0,-4.1,-36.453,0.0,0.0,-1.0,-0.7071,0.7071,0.0,0.08015609770940699,0.002,-0.1,1.1094074546567956,1.5894114041061032,1.5,0.15
366.1747,8.995,-0.061,-0.052,5.022,0.01,-0.046,-0.09,0.0,-0.002,-0.09,0.0,-0.002,-0.12,0.088,-0.077,-0.0,-0.006,-0.002,-0.0,-0.0,-0.0,859.89,-0.0,0.0,-0.0,0.0,0.0,0.0,0.0,0.0,0.991,0.0428,-0.1267,-0.0717,0.9698,-0.2333,0.1129,0.2403,0.9641,0.669,0.7326,-0.1252,-0.7377,0.634,-0.2321,-0.0907,0.2476,0.9646,-0.0,-0.0001,-0.0,0.0,0.0,0.0,-0.0097,-0.0207,0.0874,2.7331,7.887,-44.8633,0.0,0.0434,-0.3687,0.0,0.0,0.0,3894365.4073,2940437.5102,4634810.7782,-3594.1928,-3966.5446,5533.8807,3894362.6742,2940429.6232,4634855.6415,-3594.1831,-3966.5239,5533.7933,0.0,0.0765,3.9732,0.0,0.0,1.0,0.0,1.0,0.0,0.0,-4.1,-36.453,0.0,0.0,-1.0,-0.7071,0.7071,0.0,0.08015609770940699,0.002,-0.1,1.113972148066443,1.5860611914726424,1.5,0.15
366.387,8.976,-0.061,-0.052,5.003,0.01,-0.046,-0.09,0.0,-0.002,-0.09,0.0,-0.002,-0.12,0.087,-0.077,-0.0,-0.006,-0.002,-0.0,-0.0,-0.0,859.89,-0.0,0.0,-0.0,0.0,0.0,0.0,0.0,0.0,0.991,0.0428,-0.1267,-0.0717,0.9698,-0.2333,0.1129,0.2403,0.9641,0.669,0.7326,-0.1252,-0.7377,0.634,-0.2321,-0.0907,0.2476,0.9646,-0.0,-0.0001,-0.0,0.0,0.0,0.0,-0.0097,-0.0208,0.0874,2.731,7.8826,-44.8448,0.0,0.0434,-0.3687,0.0,0.0,0.0,3893602.3299,2939595.4197,4635985.3551,-3595.2736,-3967.3607,5532.5941,3893599.5989,2939587.5371,4636030.1999,-3595.2639,-3967.3399,5532.5067,0.0,0.0765,3.9732,0.0,0.0,1.0,0.0,1.0,0.0,0.0,-4.1,-36.453,0.0,0.0,-1.0,-0.7071,0.7071,0.0,0.08015609770940699,0.002,-0.1,1.1142602768161758,1.5827109788391818,1.5,0.15
366.6003,8.957,-0.061,-0.053,4.983,0.01,-0.046,-0.09,0.0,-0.002,-0.09,0.0,-0.002,-0.12,0.085,-0.078,-0.0,-0.006,-0.002,-0.0,-0.0,-0.0,859.89,-0.0,0.0,-0.0,0.0,0.0,0.0,0.0,0.0,0.991,0.0428,-0.1267,-0.0717,0.9698,-0.2333,0.1129,0.2403,0.9641,0.669,0.7326,-0.1252,-0.7377,0.634,-0.2321,-0.0907,0.2476,0.9646,-0.0,-0.0001,-0.0,0.0,0.0,0.0,-0.0097,-0.0208,0.0874,2.7289,7.8782,-44.8262,0.0,0.0434,-0.3687,0.0,0.0,0.0,3892838.3554,2938752.4188,4637160.6846,-3596.3553,-3968.1773,5531.3059,3892835.6265,2938744.5406,4637205.5108,-3596.3455,-3968.1565,5531.2185,0.0,0.0765,3.9732,0.0,0.0,1.0,0.0,1.0,0.0,0.0,-4.1,-36.453,0.0,0.0,-1.0,-0.7071,0.7071,0.0,0.08080841540334768,0.002,-0.1,1.111492694685474,1.579360766205721,1.5,0.15
366.808,8.938,-0.061,-0.053,4.965,0.01,-0.047,-0.09,0.0,-0.002,-0.09,0.0,-0.002,-0.12,0.084,-0.078,-0.0,-0.006,-0.002,-0.0,-0.0,-0.0,859.89,-0.0,0.0,-0.0,0.0,0.0,0.0,0.0,0.0,0.991,0.0428,-0.1267,-0.0717,0.9698,-0.2333,0.1129,0.2403,0.9641,0.669,0.7326,-0.1252,-0.7377,0.634,-0.2321,-0.0907,0.2476,0.9646,-0.0,-0.0001,-0.0,0.0,0.0,0.0,-0.0097,-0.0208,0.0874,2.727,7.8739,-44.808,0.0,0.0434,-0.3687,0.0,0.0,0.0,3892088.7744,2937925.3783,4638313.2621,-3597.416,-3968.978,5530.0421,3892086.0475,2937917.5045,4638358.0701,-3597.4062,-3968.9572,5529.9547,0.0,0.0765,3.9732,0.0,0.0,1.0,0.0,1.0,0.0,0.0,-4.1,-36.453,0.0,0.0,-1.0,-0.7071,0.7071,0.0,0.08080841540334768,0.002,-0.1,1.1162373508697994,1.5760105535722602,1.5,0.15
367.018,8.919,-0.061,-0.053,4.946,0.01,-0.047,-0.09,0.0,-0.002,-0.09,0.0,-0.002,-0.12,0.083,-0.079,-0.0,-0.006,-0.002,-0.0,-0.0,-0.0,859.89,-0.0,0.0,-0.0,0.0,0.0,0.0,0.0,0.0,0.991,0.0428,-0.1267,-0.0717,0.9698,-0.2333,0.1128,0.2403,0.9641,0.669,0.7326,-0.1252,-0.7377,0.634,-0.2321,-0.0907,0.2476,0.9646,-0.0,-0.0001,-0.0,0.0,0.0,0.0,-0.0098,-0.0208,0.0874,2.7249,7.8695,-44.7897,0.0,0.0434,-0.3687,0.0,0.0,0.0,3891336.7292,2937095.6967,4639469.0233,-3598.4796,-3969.7808,5528.7742,3891334.0042,2937087.8271,4639513.8131,-3598.4699,-3969.76,5528.6868,0.0,0.0765,3.9732,0.0,0.0,1.0,0.0,1.0,0.0,0.0,-4.1,-36.453,0.0,0.0,-1.0,-0.7071,0.7071,0.0,0.08080841540334768,0.002,-0.1,1.1165376808466898,1.5726603409387991,1.5,0.15
367.2338,8.899,-0.061,-0.054,4.926,0.01,-0.048,-0.09,0.0,-0.002,-0.09,0.0,-0.002,-0.12,0.081,-0.079,-0.0,-0.006,-0.002,-0.0,-0.0,-0.0,859.89,-0.0,0.0,-0.0,0.0,0.0,0.0,0.0,0.0,0.991,0.0428,-0.1266,-0.0717,0.9698,-0.2333,0.1128,0.2403,0.9641,0.669,0.7326,-0.1252,-0.7377,0.634,-0.2321,-0.0907,0.2476,0.9646,-0.0,-0.0001,-0.0,0.0,0.0,0.0,-0.0098,-0.0208,0.0874,2.7228,7.865,-44.7708,0.0,0.0434,-0.3687,0.0,0.0,0.0,3890556.5616,2936235.0707,4640667.3613,-3599.5826,-3970.6133,5527.459,3890553.8388,2936227.2057,4640712.1321,-3599.5728,-3970.5924,5527.3716,0.0,0.0765,3.9732,0.0,0.0,1.0,0.0,1.0,0.0,0.0,-4.1,-36.453,0.0,0.0,-1.0,-0.7071,0.7071,0.0,0.08146778504415104,0.002,-0.1,1.118306021077525,1.5691338013246297,1.5,0.15
367.4421,8.88,-0.061,-0.054,4.907,0.01,-0.048,-0.09,0.0,-0.0,-0.09,0.0,-0.001,-0.12,0.08,-0.079,-0.0,-0.006,-0.002,-0.0,-0.0,-0.0,859.885,1.0,0.0,-0.0,0.0,0.0,0.0,0.0,0.0,0.991,0.0428,-0.1266,-0.0716,0.9697,-0.2334,0.1128,0.2403,0.9641,0.669,0.7326,-0.1252,-0.7377,0.634,-0.2321,-0.0907,0.2476,0.9646,-0.0,-0.0001,-0.0,0.0,0.0,0.0,-0.0112,-0.0207,0.0872,2.7207,7.8606,-44.7524,0.0,0.0434,-0.3687,0.0,0.0,0.0,3889797.7784,2935398.1147,4641832.2279,-3600.6561,-3971.4223,5526.1797,3889795.0577,2935390.2541,4641876.9802,-3600.6449,-3971.4016,5526.0925,0.0,0.0765,3.9732,0.0,0.0,1.0,0.0,1.0,0.0,0.0,-4.1,-36.453,0.0,0.0,-1.0,-0.7071,0.7071,0.0,0.08146778504415104,0.0,-0.1,1.1186173777341852,1.565783588691169,1.5,0.15
367.6501,8.862,-0.06,-0.053,4.888,0.01,-0.048,-0.09,0.0,0.007,-0.09,0.0,0.006,-0.12,0.079,-0.08,-0.001,-0.007,-0.002,-0.0,-0.0,-0.0,859.857,-0.0,0.0,-0.0,0.0,0.0,0.0,0.0,0.0,0.991,0.0428,-0.1266,-0.0716,0.9697,-0.2334,0.1128,0.2403,0.9641,0.669,0.7326,-0.1252,-0.7377,0.634,-0.2321,-0.0907,0.2476,0.9646,-0.0,-0.0001,-0.0,0.0,0.0,0.0,-0.018,-0.0202,0.0864,2.7177,7.8563,-44.7343,0.0,0.0434,-0.3687,0.0,0.0,0.0,3889048.0112,2934571.1819,4642982.6468,-3601.7218,-3972.2208,5524.915,3889045.2935,2934563.3255,4643027.3811,-3601.7038,-3972.2006,5524.8286,0.0,0.0765,3.9732,0.0,0.0,1.0,0.0,1.0,0.0,0.0,-4.1,-36.453,0.0,0.0,-1.0,-0.7071,0.7071,0.0,0.08005623023850174,0.007,-0.1,1.107872400394665,1.5626097030384167,1.5,0.15
367.8635,8.843,-0.06,-0.052,4.869,0.011,-0.046,-0.09,0.0,0.007,-0.09,0.0,0.006,-0.12,0.077,-0.08,-0.001,-0.007,-0.002,-0.0,-0.0,-0.0,859.857,-0.0,0.0,-0.0,0.0,0.0,0.0,0.0,0.0,0.991,0.0428,-0.1266,-0.0716,0.9697,-0.2334,0.1128,0.2403,0.9641,0.669,0.7326,-0.1252,-0.7377,0.634,-0.2321,-0.0907,0.2476,0.9646,-0.0,-0.0001,-0.0,0.0,0.0,0.0,-0.018,-0.0202,0.0864,2.7139,7.8521,-44.7162,0.0,0.0434,-0.3687,0.0,0.0,0.0,3888292.9269,2933738.4633,4644140.615,-3602.7877,-3973.025,5523.6422,3888290.213,2933730.6112,4644185.3312,-3602.7696,-3973.0048,5523.5558,0.0,0.0765,3.9732,0.0,0.0,1.0,0.0,1.0,0.0,0.0,-4.1,-36.453,0.0,0.0,-1.0,-0.7071,0.7071,0.0,0.07939773296511683,0.007,-0.1,1.1228171664230335,1.5592594904049557,1.5,0.15
368.0772,8.823,-0.06,-0.05,4.85,0.011,-0.045,-0.09,0.0,0.007,-0.09,0.0,0.006,-0.12,0.076,-0.08,-0.001,-0.007,-0.002,-0.0,-0.0,-0.0,859.857,-0.0,0.0,-0.0,0.0,0.0,0.0,0.0,0.0,0.991,0.0427,-0.1265,-0.0716,0.9697,-0.2334,0.1127,0.2404,0.9641,0.669,0.7326,-0.1252,-0.7377,0.634,-0.2321,-0.0907,0.2476,0.9646,-0.0,-0.0001,-0.0,0.0,0.0,0.0,-0.018,-0.0203,0.0864,2.7101,7.8478,-44.6977,0.0,0.0434,-0.3687,0.0,0.0,0.0,3887521.0851,2932887.345,4645323.6533,-3603.8767,-3973.8467,5522.3413,3887518.3751,2932879.4972,4645368.351,-3603.8586,-3973.8264,5522.2548,0.0,0.0765,3.9732,0.0,0.0,1.0,0.0,1.0,0.0,0.0,-4.1,-36.453,0.0,0.0,-1.0,-0.7071,0.7071,0.0,0.07810249675906655,0.007,-0.1,1.1249500925353895,1.5557329507907864,1.5,0.15
368.289,8.804,-0.06,-0.049,4.831,0.011,-0.044,-0.09,0.0,0.007,-0.09,0.0,0.006,-0.121,0.074,-0.081,-0.001,-0.007,-0.002,-0.0,-0.0,-0.0,859.857,-0.0,0.0,-0.0,0.0,0.0,0.0,0.0,0.0,0.991,0.0427,-0.1265,-0.0716,0.9697,-0.2334,0.1127,0.2404,0.9641,0.669,0.7326,-0.1252,-0.7377,0.634,-0.2321,-0.0907,0.2476,0.9646,-0.0,-0.0001,-0.0,0.0,0.0,0.0,-0.0181,-0.0203,0.0864,2.7063,7.8435,-44.6794,0.0,0.0434,-0.3687,0.0,0.0,0.0,3886758.2644,2932046.2537,4646492.2388,-3604.9524,-3974.6582,5521.0556,3886755.5581,2932038.4102,4646536.9182,-3604.9343,-3974.6379,5520.9691,0.0,0.0765,3.9732,0.0,0.0,1.0,0.0,1.0,0.0,0.0,-4.1,-36.453,0.0,0.0,-1.0,-0.7071,0.7071,0.0,0.07746612162745725,0.007,-0.1,1.1238275448844328,1.5523827381573256,1.5,0.15
368.4977,8.785,-0.06,-0.047,4.812,0.011,-0.042,-0.09,0.0,0.007,-0.09,0.0,0.006,-0.121,0.073,-0.081,-0.001,-0.007,-0.002,-0.0,-0.0,-0.0,859.857,-0.0,0.0,-0.0,0.0,0.0,0.0,0.0,0.0,0.991,0.0427,-0.1265,-0.0716,0.9697,-0.2334,0.1127,0.2404,0.9641,0.669,0.7326,-0.1252,-0.7377,0.634,-0.2321,-0.0907,0.2476,0.9646,-0.0,-0.0001,-0.0,0.0,0.0,0.0,-0.0181,-0.0203,0.0864,2.7025,7.8392,-44.6612,0.0,0.0434,-0.3687,0.0,0.0,0.0,3886001.0764,2931211.4512,4647651.5813,-3606.0196,-3975.4632,5519.7794,3885998.3739,2931203.6119,4647696.2425,-3606.0015,-3975.443,5519.693,0.0,0.0765,3.9732,0.0,0.0,1.0,0.0,1.0,0.0,0.0,-4.1,-36.453,0.0,0.0,-1.0,-0.7071,0.7071,0.0,0.07621679604916491,0.007,-0.1,1.121365514594758,1.5490325255238648,1.5,0.15
368.7086,8.766,-0.06,-0.046,4.793,0.011,-0.041,-0.09,0.0,0.007,-0.09,0.0,0.006,-0.121,0.071,-0.082,-0.001,-0.007,-0.002,-0.0,-0.0,-0.0,859.857,-0.0,0.0,-0.0,0.0,0.0,0.0,0.0,0.0,0.9911,0.0427,-0.1265,-0.0716,0.9697,-0.2334,0.1127,0.2404,0.9641,0.669,0.7326,-0.1252,-0.7377,0.634,-0.2321,-0.0907,0.2476,0.9646,-0.0,-0.0001,-0.0,0.0,0.0,0.0,-0.0181,-0.0203,0.0864,2.6987,7.835,-44.6432,0.0,0.0434,-0.3687,0.0,0.0,0.0,3885247.1039,2930380.2718,4648805.3944,-3607.0818,-3976.2644,5518.5088,3885244.4052,2930372.4368,4648850.0376,-3607.0637,-3976.2441,5518.4223,0.0,0.0765,3.9732,0.0,0.0,1.0,0.0,1.0,0.0,0.0,-4.1,-36.453,0.0,0.0,-1.0,-0.7071,0.7071,0.0,0.07560423268574319,0.007,-0.1,1.1203340111546576,1.545682312890404,1.5,0.15
368.9175,8.747,-0.06,-0.045,4.774,0.011,-0.04,-0.09,0.0,0.007,-0.09,0.0,0.006,-0.121,0.07,-0.082,-0.001,-0.007,-0.002,-0.0,-0.0,-0.0,859.857,-0.0,0.0,-0.0,0.0,0.0,0.0,0.0,0.0,0.9911,0.0427,-0.1264,-0.0716,0.9697,-0.2334,0.1126,0.2404,0.9641,0.669,0.7326,-0.1252,-0.7377,0.634,-0.2321,-0.0907,0.2476,0.9646,-0.0,-0.0001,-0.0,0.0,0.0,0.0,-0.0181,-0.0203,0.0864,2.6949,7.8307,-44.625,0.0,0.0434,-0.3687,0.0,0.0,0.0,3884488.3337,2929543.8812,4649965.9379,-3608.1503,-3977.0702,5517.2301,3884485.6388,2929536.0505,4650010.5628,-3608.1322,-3977.0499,5517.1436,0.0,0.0765,3.9732,0.0,0.0,1.0,0.0,1.0,0.0,0.0,-4.1,-36.453,0.0,0.0,-1.0,-0.7071,0.7071,0.0,0.075,0.007,-0.1,1.1193321283506468,1.5423321002569432,1.5,0.15
369.1331,8.728,-0.06,-0.043,4.755,0.011,-0.038,-0.09,0.0,0.007,-0.09,0.0,0.006,-0.121,0.069,-0.082,-0.001,-0.007,-0.002,-0.0,-0.0,-0.0,859.857,-0.0,0.0,-0.0,0.0,0.0,0.0,0.0,0.0,0.9911,0.0427,-0.1264,-0.0716,0.9697,-0.2334,0.1126,0.2404,0.9641,0.669,0.7326,-0.1252,-0.7377,0.634,-0.2321,-0.0907,0.2476,0.9646,-0.0,-0.0001,-0.0,0.0,0.0,0.0,-0.0181,-0.0203,0.0864,2.691,7.8263,-44.6064,0.0,0.0434,-0.3687,0.0,0.0,0.0,3883712.4079,2928688.6605,4651152.0874,-3609.2423,-3977.8938,5515.9225,3883709.7169,2928680.8342,4651196.6938,-3609.2242,-3977.8735,5515.8361,0.0,0.0765,3.9732,0.0,0.0,1.0,0.0,1.0,0.0,0.0,-4.1,-36.453,0.0,0.0,-1.0,-0.7071,0.7071,0.0,0.0738173421358423,0.007,-0.1,1.1171389049810767,1.5389818876234822,1.5,0.15
369.3421,8.709,-0.06,-0.042,4.736,0.011,-0.037,-0.09,0.0,0.007,-0.09,0.0,0.006,-0.121,0.067,-0.083,-0.001,-0.007,-0.002,-0.0,-0.0,-0.0,859.857,-0.0,0.0,-0.0,0.0,0.0,0.0,0.0,0.0,0.9911,0.0427,-0.1264,-0.0716,0.9697,-0.2334,0.1126,0.2404,0.9641,0.669,0.7326,-0.1252,-0.7377,0.634,-0.2321,-0.0907,0.2476,0.9646,-0.0,-0.0001,-0.0,0.0,0.0,0.0,-0.0181,-0.0203,0.0864,2.6872,7.8221,-44.5883,0.0,0.0434,-0.3687,0.0,0.0,0.0,3882955.6889,2927854.6889,4652308.2605,-3610.3068,-3978.6965,5514.6474,3882953.0017,2927846.8668,4652352.8488,-3610.2887,-3978.6762,5514.561,0.0,0.0765,3.9732,0.0,0.0,1.0,0.0,1.0,0.0,0.0,-4.1,-36.453,0.0,0.0,-1.0,-0.7071,0.7071,0.0,0.07323933369440222,0.007,-0.1,1.1162337937310471,1.5356316749900214,1.5,0.15
369.5525,8.69,-0.06,-0.04,4.717,0.011,-0.036,-0.09,0.0,0.007,-0.09,0.0,0.006,-0.121,0.066,-0.083,-0.001,-0.007,-0.002,-0.0,-0.0,-0.0,859.857,-0.0,0.0,-0.0,0.0,0.0,0.0,0.0,0.0,0.9911,0.0427,-0.1264,-0.0716,0.9697,-0.2334,0.1126,0.2404,0.9641,0.669,0.7326,-0.1252,-0.7377,0.634,-0.2321,-0.0907,0.2476,0.9646,-0.0,-0.0001,-0.0,0.0,0.0,0.0,-0.0181,-0.0203,0.0864,2.6834,7.8178,-44.5702,0.0,0.0434,-0.3687,0.0,0.0,0.0,3882199.3307,2927021.1917,4653463.2734,-3611.3703,-3979.4983,5513.373,3882196.6473,2927013.3739,4653507.8436,-3611.3521,-3979.478,5513.2865,0.0,0.0765,3.9732,0.0,0.0,1.0,0.0,1.0,0.0,0.0,-4.1,-36.453,0.0,0.0,-1.0,-0.7071,0.7071,0.0,0.07211102550927978,0.007,-0.1,1.1177758449024353,1.5322814623565606,1.5,0.15
369.7658,8.671,-0.06,-0.039,4.697,0.011,-0.034,-0.09,0.0,0.007,-0.09,-0.0,0.006,-0.121,0.064,-0.083,-0.001,-0.007,-0.002,-0.0,-0.0,-0.0,859.857,-0.0,0.0,-0.0,0.0,0.0,0.0,0.0,0.0,0.9911,0.0427,-0.1263,-0.0716,0.9697,-0.2334,0.1125,0.2404,0.9641,0.669,0.7326,-0.1252,-0.7377,0.634,-0.2321,-0.0907,0.2476,0.9646,-0.0,-0.0001,-0.0,0.0,0.0,0.0,-0.0182,-0.0203,0.0864,2.6796,7.8135,-44.5518,0.0,0.0434,-0.3687,0.0,0.0,0.0,3881429.2755,2926172.6805,4654638.5797,-3612.4524,-3980.3142,5512.0755,3881426.5959,2926164.867,4654683.1315,-3612.4343,-3980.2939,5511.9891,0.0,0.0765,3.9732,0.0,0.0,1.0,0.0,1.0,0.0,0.0,-4.1,-36.453,0.0,0.0,-1.0,-0.7071,0.7071,0.0,0.07156116265125938,0.007,-0.1,1.1132116112965638,1.5289312497230998,1.5,0.15
369.9747,8.652,-0.06,-0.037,4.679,0.011,-0.033,-0.09,0.0,0.007,-0.09,-0.0,0.006,-0.121,0.063,-0.084,-0.001,-0.007,-0.002,-0.0,-0.0,-0.0,859.857,-0.0,0.0,-0.0,0.0,0.0,0.0,0.0,0.0,0.9911,0.0427,-0.1263,-0.0716,0.9697,-0.2335,0.1125,0.2404,0.9641,0.669,0.7326,-0.1252,-0.7377,0.634,-0.2321,-0.0907,0.2476,0.9646,-0.0,-0.0001,-0.0,0.0,0.0,0.0,-0.0182,-0.0204,0.0864,2.6758,7.8092,-44.5337,0.0,0.0434,-0.3687,0.0,0.0,0.0,3880673.5988,2925340.0914,4655791.3309,-3613.5139,-3981.1144,5510.8023,3880670.923,2925332.2822,4655835.8646,-3613.4957,-3981.094,5510.7159,0.0,0.0765,3.9732,0.0,0.0,1.0,0.0,1.0,0.0,0.0,-4.1,-36.453,0.0,0.0,-1.0,-0.7071,0.7071,0.0,0.07049113419430843,0.007,-0.1,1.1148428188309332,1.5255810370896388,1.5,0.15
370.1826,8.633,-0.06,-0.036,4.66,0.011,-0.031,-0.09,0.0,0.007,-0.09,-0.0,0.006,-0.122,0.062,-0.084,-0.001,-0.007,-0.002,-0.0,-0.0,-0.0,859.857,-0.0,0.0,-0.0,0.0,0.0,0.0,0.0,0.0,0.9911,0.0427,-0.1263,-0.0715,0.9697,-0.2335,0.1125,0.2404,0.9641,0.669,0.7326,-0.1252,-0.7377,0.634,-0.2321,-0.0907,0.2476,0.9646,-0.0,-0.0001,-0.0,0.0,0.0,0.0,-0.0182,-0.0204,0.0864,2.672,7.805,-44.5156,0.0,0.0434,-0.3687,0.0,0.0,0.0,3879919.5598,2924509.3824,4656940.9792,-3614.5725,-3981.9124,5509.5319,3879916.8878,2924501.5775,4656985.4948,-3614.5543,-3981.892,5509.4455,0.0,0.0765,3.9732,0.0,0.0,1.0,0.0,1.0,0.0,0.0,-4.1,-36.453,0.0,0.0,-1.0,-0.7071,0.7071,0.0,0.06997142273814361,0.007,-0.1,1.1109922454347434,1.522230824456178,1.5,0.15
370.3934,8.614,-0.06,-0.034,4.641,0.011,-0.03,-0.09,0.0,0.007,-0.09,-0.0,0.006,-0.122,0.06,-0.085,-0.001,-0.007,-0.002,-0.0,-0.0,-0.0,859.857,-0.0,0.0,-0.0,0.0,0.0,0.0,0.0,0.0,0.9911,0.0427,-0.1263,-0.0715,0.9697,-0.2335,0.1125,0.2404,0.9641,0.669,0.7326,-0.1252,-0.7377,0.634,-0.2321,-0.0907,0.2476,0.9646,-0.0,-0.0001,-0.0,0.0,0.0,0.0,-0.0182,-0.0204,0.0864,2.6682,7.8007,-44.4975,0.0,0.0434,-0.3687,0.0,0.0,0.0,3879159.0877,2923671.6647,4658099.8273,-3615.6397,-3982.7167,5508.2508,3879156.4195,2923663.8641,4658144.3248,-3615.6215,-3982.6963,5508.1644,0.0,0.0765,3.9732,0.0,0.0,1.0,0.0,1.0,0.0,0.0,-4.1,-36.453,0.0,0.0,-1.0,-0.7071,0.7071,0.0,0.06896375859826667,0.007,-0.1,1.112236224322087,1.5188806118227174,1.5,0.15
370.6046,8.595,-0.06,-0.033,4.621,0.011,-0.029,-0.09,0.0,0.007,-0.09,-0.0,0.006,-0.122,0.059,-0.085,-0.001,-0.007,-0.002,-0.0,-0.0,-0.0,859.857,-0.0,0.0,-0.0,0.0,0.0,0.0,0.0,0.0,0.9911,0.0427,-0.1262,-0.0715,0.9697,-0.2335,0.1124,0.2404,0.9641,0.669,0.7326,-0.1252,-0.7377,0.634,-0.2321,-0.0907,0.2476,0.9646,-0.0,-0.0001,-0.0,0.0,0.0,0.0,-0.0182,-0.0204,0.0864,2.6643,7.7963,-44.4791,0.0,0.0434,-0.3687,0.0,0.0,0.0,3878392.5388,2922827.3321,4659267.3174,-3616.7148,-3983.527,5506.9595,3878389.8745,2922819.5358,4659311.7965,-3616.6966,-3983.5066,5506.8731,0.0,0.0765,3.9732,0.0,0.0,1.0,0.0,1.0,0.0,0.0,-4.1,-36.453,0.0,0.0,-1.0,-0.7071,0.7071,0.0,0.06847627326307996,0.007,-0.1,1.111283215946227,1.5155303991892566,1.5,0.15
370.8137,8.576,-0.06,-0.032,4.603,0.011,-0.027,-0.09,0.0,0.007,-0.09,-0.0,0.006,-0.122,0.057,-0.085,-0.001,-0.007,-0.002,-0.0,-0.0,-0.0,859.857,-0.0,0.0,-0.0,0.0,0.0,0.0,0.0,0.0,0.9911,0.0427,-0.1262,-0.0715,0.9697,-0.2335,0.1124,0.2404,0.9641,0.669,0.7326,-0.1252,-0.7377,0.634,-0.2321,-0.0907,0.2476,0.9646,-0.0,-0.0001,-0.0,0.0,0.0,0.0,-0.0182,-0.0204,0.0864,2.6605,7.7921,-44.4612,0.0,0.0434,-0.3687,0.0,0.0,0.0,3877639.9422,2921998.4447,4660412.954,-3617.7699,-3984.3221,5505.6917,3877637.2816,2921990.6526,4660457.4152,-3617.7517,-3984.3017,5505.6053,0.0,0.0765,3.9732,0.0,0.0,1.0,0.0,1.0,0.0,0.0,-4.1,-36.453,0.0,0.0,-1.0,-0.7071,0.7071,0.0,0.06799999999999999,0.007,-0.1,1.1083206752946158,1.5121801865557958,1.5,0.15
371.0212,8.557,-0.06,-0.03,4.584,0.011,-0.026,-0.09,0.0,0.007,-0.09,-0.0,0.006,-0.122,0.056,-0.086,-0.001,-0.007,-0.002,-0.0,-0.0,-0.0,859.857,-0.0,0.0,-0.0,0.0,0.0,0.0,0.0,0.0,0.9911,0.0427,-0.1262,-0.0715,0.9697,-0.2335,0.1124,0.2404,0.9641,0.669,0.7326,-0.1252,-0.7377,0.634,-0.2321,-0.0907,0.2476,0.9646,-0.0,-0.0001,-0.0,0.0,0.0,0.0,-0.0182,-0.0204,0.0864,2.6568,7.7878,-44.4432,0.0,0.0434,-0.3687,0.0,0.0,0.0,3876886.6635,2921168.8823,4661559.03,-3618.8254,-3985.1174,5504.4228,3876884.0067,2921161.0944,4661603.4732,-3618.8071,-3985.097,5504.3364,0.0,0.0765,3.9732,0.0,0.0,1.0,0.0,1.0,0.0,0.0,-4.1,-36.453,0.0,0.0,-1.0,-0.7071,0.7071,0.0,0.0670820393249937,0.007,-0.1,1.1093673192735014,1.5088299739223348,1.5,0.15
371.2341,8.538,-0.06,-0.029,4.565,0.011,-0.025,-0.09,0.0,0.007,-0.09,-0.0,0.006,-0.122,0.055,-0.086,-0.001,-0.007,-0.002,-0.0,-0.0,-0.0,859.857,-0.0,0.0,-0.0,0.0,0.0,0.0,0.0,0.0,0.9911,0.0427,-0.1262,-0.0715,0.9697,-0.2335,0.1124,0.2404,0.9641,0.669,0.7326,-0.1252,-0.7377,0.634,-0.2321,-0.0907,0.2476,0.9646,-0.0,-0.0001,-0.0,0.0,0.0,0.0,-0.0182,-0.0204,0.0864,2.6529,7.7835,-44.4248,0.0,0.0434,-0.3687,0.0,0.0,0.0,3876117.0602,2920321.4209,4662729.3247,-3619.9032,-3985.9295,5503.1266,3876114.4073,2920313.6374,4662773.7495,-3619.885,-3985.9091,5503.0402,0.0,0.0765,3.9732,0.0,0.0,1.0,0.0,1.0,0.0,0.0,-4.1,-36.453,0.0,0.0,-1.0,-0.7071,0.7071,0.0,0.06664082832618454,0.007,-0.1,1.108803561629999,1.505479761288874,1.5,0.15
371.4483,8.519,-0.06,-0.027,4.545,0.01,-0.023,-0.09,0.0,0.007,-0.09,-0.0,0.007,-0.122,0.053,-0.086,-0.001,-0.007,-0.002,-0.0,-0.0,-0.0,859.857,-0.0,0.0,-0.0,0.0,0.0,0.0,0.0,0.0,0.9911,0.0427,-0.1261,-0.0715,0.9697,-0.2335,0.1124,0.2405,0.9641,0.669,0.7326,-0.1252,-0.7377,0.634,-0.2321,-0.0907,0.2476,0.9646,-0.0,-0.0001,-0.0,0.0,0.0,0.0,-0.0183,-0.0204,0.0864,2.649,7.7792,-44.4065,0.0,0.0434,-0.3687,0.0,0.0,0.0,3875347.3799,2919473.9543,4663899.1126,-3620.9806,-3986.7412,5501.8302,3875344.7309,2919466.1751,4663943.5191,-3620.9624,-3986.7208,5501.7438,0.0,0.0765,3.9732,0.0,0.0,1.0,0.0,1.0,0.0,0.0,-4.1,-36.453,0.0,0.0,-1.0,-0.7071,0.7071,0.0,0.06579513659838392,0.007,-0.1,1.085864785747479,1.5021295486554131,1.5,0.15
371.6553,8.5,-0.06,-0.026,4.527,0.01,-0.022,-0.09,0.0,0.007,-0.09,-0.0,0.007,-0.122,0.052,-0.087,-0.001,-0.007,-0.002,-0.0,-0.0,-0.0,859.857,-0.0,0.0,-0.0,0.0,0.0,0.0,0.0,0.0,0.9911,0.0427,-0.1261,-0.0715,0.9697,-0.2335,0.1123,0.2405,0.9641,0.669,0.7326,-0.1252,-0.7377,0.634,-0.2321,-0.0907,0.2476,0.9646,-0.0,-0.0001,-0.0,0.0,0.0,0.0,-0.0183,-0.0204,0.0864,2.6452,7.7749,-44.3884,0.0,0.0434,-0.3687,0.0,0.0,0.0,3874591.8902,2918642.1895,4665046.7267,-3622.0377,-3987.5375,5500.5578,3874589.2449,2918634.4147,4665091.1151,-3622.0194,-3987.517,5500.4714,0.0,0.0765,3.9732,0.0,0.0,1.0,0.0,1.0,0.0,0.0,-4.1,-36.453,0.0,0.0,-1.0,-0.7071,0.7071,0.0,0.06539113089708726,0.007,-0.1,1.0856299115325192,1.4987793360219523,1.5,0.15
371.8637,8.481,-0.06,-0.024,4.508,0.01,-0.021,-0.09,-0.0,0.007,-0.09,-0.0,0.007,-0.122,0.05,-0.087,-0.001,-0.007,-0.002,-0.0,-0.0,-0.0,859.857,-0.0,0.0,-0.0,0.0,0.0,0.0,0.0,0.0,0.9911,0.0427,-0.1261,-0.0715,0.9697,-0.2335,0.1123,0.2405,0.9641,0.669,0.7326,-0.1252,-0.7377,0.634,-0.2321,-0.0907,0.2476,0.9646,-0.0,-0.0001,-0.0,0.0,0.0,0.0,-0.0183,-0.0205,0.0864,2.6414,7.7706,-44.3705,0.0,0.0434,-0.3687,0.0,0.0,0.0,3873838.6909,2917813.0238,4666190.2656,-3623.091,-3988.3309,5499.2893,3873836.0495,2917805.2532,4666234.6361,-3623.0727,-3988.3104,5499.2029,0.0,0.0765,3.9732,0.0,0.0,1.0,0.0,1.0,0.0,0.0,-4.1,-36.453,0.0,0.0,-1.0,-0.7071,0.7071,0.0,0.06462197768561405,0.007,-0.1,1.0865272336655478,1.4954291233884915,1.5,0.15
372.0756,8.462,-0.06,-0.023,4.489,0.01,-0.019,-0.09,-0.0,0.007,-0.09,-0.0,0.007,-0.123,0.049,-0.088,-0.001,-0.007,-0.002,-0.0,-0.0,-0.0,859.857,-0.0,0.0,-0.0,0.0,0.0,0.0,0.0,0.0,0.9911,0.0427,-0.1261,-0.0715,0.9697,-0.2335,0.1123,0.2405,0.9641,0.669,0.7326,-0.1252,-0.7377,0.634,-0.2321,-0.0907,0.2476,0.9646,-0.0,-0.0001,-0.0,0.0,0.0,0.0,-0.0183,-0.0205,0.0864,2.6375,7.7663,-44.3521,0.0,0.0434,-0.3687,0.0,0.0,0.0,3873068.0304,2916964.7137,4667359.6969,-3624.1682,-3989.1422,5497.9915,3873065.3928,2916956.9474,4667404.049,-3624.1499,-3989.1218,5497.9051,0.0,0.0765,3.9732,0.0,0.0,1.0,0.0,1.0,0.0,0.0,-4.1,-36.453,0.0,0.0,-1.0,-0.7071,0.7071,0.0,0.06425729530566938,0.007,-0.1,1.0842517492792338,1.4920789107550305,1.5,0.15
372.2876,8.443,-0.06,-0.021,4.47,0.01,-0.018,-0.09,-0.0,0.007,-0.09,-0.0,0.007,-0.123,0.047,-0.088,-0.001,-0.007,-0.002,-0.0,-0.0,-0.0,859.857,-0.0,0.0,-0.0,0.0,0.0,0.0,0.0,0.0,0.9911,0.0427,-0.1261,-0.0715,0.9697,-0.2335,0.1123,0.2405,0.9641,0.669,0.7326,-0.1252,-0.7377,0.634,-0.2321,-0.0907,0.2476,0.9646,-0.0,-0.0001,-0.0,0.0,0.0,0.0,-0.0183,-0.0205,0.0864,2.6337,7.7619,-44.3338,0.0,0.0434,-0.3687,0.0,0.0,0.0,3872301.7596,2916121.3146,4668521.8489,-3625.2388,-3989.9485,5496.7011,3872299.1259,2916113.5527,4668566.1828,-3625.2204,-3989.928,5496.6147,0.0,0.0765,3.9732,0.0,0.0,1.0,0.0,1.0,0.0,0.0,-4.1,-36.453,0.0,0.0,-1.0,-0.7071,0.7071,0.0,0.06356886030125128,0.007,-0.1,1.0849990434734553,1.4887286981215697,1.5,0.15
372.496,8.424,-0.06,-0.02,4.451,0.01,-0.016,-0.09,-0.0,0.007,-0.09,-0.0,0.007,-0.123,0.046,-0.088,-0.001,-0.007,-0.002,-0.0,-0.0,-0.0,859.857,-0.0,0.0,-0.0,0.0,0.0,0.0,0.0,0.0,0.9911,0.0427,-0.126,-0.0715,0.9697,-0.2336,0.1122,0.2405,0.9641,0.669,0.7326,-0.1252,-0.7377,0.634,-0.2321,-0.0907,0.2476,0.9646,-0.0,-0.0001,-0.0,0.0,0.0,0.0,-0.0183,-0.0205,0.0864,2.6299,7.7577,-44.3158,0.0,0.0434,-0.3687,0.0,0.0,0.0,3871543.5779,2915286.8959,4669671.1262,-3626.2975,-3990.7457,5495.4244,3871540.948,2915279.1383,4669715.442,-3626.2792,-3990.7252,5495.338,0.0,0.0765,3.9732,0.0,0.0,1.0,0.0,1.0,0.0,0.0,-4.1,-36.453,0.0,0.0,-1.0,-0.7071,0.7071,0.0,0.06324555320336758,0.007,-0.1,1.0832654858983066,1.485378485488109,1.5,0.15
372.7026,8.405,-0.06,-0.018,4.432,0.01,-0.015,-0.09,-0.0,0.007,-0.09,-0.0,0.007,-0.123,0.045,-0.089,-0.001,-0.007,-0.002,-0.0,-0.0,-0.0,859.857,-0.0,0.0,-0.0,0.0,0.0,0.0,0.0,0.0,0.9911,0.0427,-0.126,-0.0715,0.9697,-0.2336,0.1122,0.2405,0.9641,0.669,0.7326,-0.1252,-0.7377,0.634,-0.2321,-0.0907,0.2476,0.9646,-0.0,-0.0001,-0.0,0.0,0.0,0.0,-0.0183,-0.0205,0.0864,2.6261,7.7534,-44.298,0.0,0.0434,-0.3687,0.0,0.0,0.0,3870796.783,2914465.0847,4670802.5551,-3627.3398,-3991.5306,5494.1669,3870794.1569,2914457.3312,4670846.8531,-3627.3215,-3991.51,5494.0805,0.0,0.0765,3.9732,0.0,0.0,1.0,0.0,1.0,0.0,0.0,-4.1,-36.453,0.0,0.0,-1.0,-0.7071,0.7071,0.0,0.0626418390534633,0.007,-0.1,1.0838638840168897,1.482028272854648,1.5,0.15
372.9174,8.386,-0.06,-0.017,4.413,0.01,-0.014,-0.09,-0.0,0.007,-0.09,-0.0,0.007,-0.123,0.043,-0.089,-0.001,-0.007,-0.002,-0.0,-0.0,-0.0,859.857,-0.0,0.0,-0.0,0.0,0.0,0.0,0.0,0.0,0.9911,0.0427,-0.126,-0.0715,0.9697,-0.2336,0.1122,0.2405,0.9641,0.669,0.7326,-0.1252,-0.7377,0.634,-0.2321,-0.0907,0.2476,0.9646,-0.0,-0.0001,-0.0,0.0,0.0,0.0,-0.0183,-0.0205,0.0864,2.6222,7.749,-44.2795,0.0,0.0434,-0.3687,0.0,0.0,0.0,3870019.0589,2913609.3163,4671980.2222,-3628.4248,-3992.3474,5492.8574,3870016.4368,2913601.5673,4672024.5017,-3628.4064,-3992.3269,5492.7711,0.0,0.0765,3.9732,0.0,0.0,1.0,0.0,1.0,0.0,0.0,-4.1,-36.453,0.0,0.0,-1.0,-0.7071,0.7071,0.0,0.06236184731067546,0.007,-0.1,1.08363772753126,1.478678060221187,1.5,0.15
373.1294,8.367,-0.06,-0.015,4.393,0.01,-0.012,-0.09,-0.0,0.007,-0.09,-0.0,0.007,-0.123,0.042,-0.09,-0.001,-0.007,-0.002,-0.0,-0.0,-0.0,859.857,-0.0,0.0,-0.0,0.0,0.0,0.0,0.0,0.0,0.9911,0.0427,-0.126,-0.0714,0.9697,-0.2336,0.1122,0.2405,0.9641,0.669,0.7326,-0.1252,-0.7377,0.634,-0.2321,-0.0907,0.2476,0.9646,-0.0,-0.0001,-0.0,0.0,0.0,0.0,-0.0184,-0.0205,0.0864,2.6183,7.7447,-44.2611,0.0,0.0434,-0.3687,0.0,0.0,0.0,3869247.1591,2912760.0371,4673148.4453,-3629.5011,-3993.1577,5491.5578,3869244.5408,2912752.2924,4673192.7064,-3629.4827,-3993.1372,5491.4714,0.0,0.0765,3.9732,0.0,0.0,1.0,0.0,1.0,0.0,0.0,-4.1,-36.453,0.0,0.0,-1.0,-0.7071,0.7071,0.0,0.06184658438426491,0.007,-0.1,1.0828911169897364,1.4753278475877265,1.5,0.15
373.3382,8.348,-0.06,-0.014,4.375,0.01,-0.011,-0.09,-0.0,0.007,-0.09,-0.0,0.007,-0.123,0.04,-0.09,-0.001,-0.007,-0.002,-0.0,-0.0,-0.0,859.857,-0.0,0.0,-0.0,0.0,0.0,0.0,0.0,0.0,0.9911,0.0427,-0.1259,-0.0714,0.9697,-0.2336,0.1121,0.2405,0.9641,0.669,0.7326,-0.1252,-0.7377,0.634,-0.2321,-0.0907,0.2476,0.9646,-0.0,-0.0001,-0.0,0.0,0.0,0.0,-0.0184,-0.0205,0.0864,2.6145,7.7404,-44.2431,0.0,0.0434,-0.3687,0.0,0.0,0.0,3868490.533,2911927.6393,4674292.9471,-3630.5555,-3993.9515,5490.284,3868487.9185,2911919.8989,4674337.1902,-3630.5372,-3993.9309,5490.1976,0.0,0.0765,3.9732,0.0,0.0,1.0,0.0,1.0,0.0,0.0,-4.1,-36.453,0.0,0.0,-1.0,-0.7071,0.7071,0.0,0.06161168720299745,0.007,-0.1,1.0830451584117533,1.4719776349542657,1.5,0.15
373.546,8.329,-0.06,-0.012,4.356,0.01,-0.01,-0.09,-0.0,0.007,-0.09,-0.0,0.007,-0.123,0.039,-0.09,-0.001,-0.007,-0.002,-0.0,-0.0,-0.0,859.857,-0.0,0.0,-0.0,0.0,0.0,0.0,0.0,0.0,0.9911,0.0427,-0.1259,-0.0714,0.9697,-0.2336,0.1121,0.2405,0.9641,0.669,0.7326,-0.1252,-0.7377,0.634,-0.2321,-0.0907,0.2476,0.9646,-0.0,-0.0001,-0.0,0.0,0.0,0.0,-0.0184,-0.0206,0.0864,2.6106,7.7361,-44.2251,0.0,0.0434,-0.3687,0.0,0.0,0.0,3867733.9997,2911095.4201,4675436.7114,-3631.6094,-3994.7447,5489.0103,3867731.3891,2911087.684,4675480.9365,-3631.591,-3994.7241,5488.924,0.0,0.0765,3.9732,0.0,0.0,1.0,0.0,1.0,0.0,0.0,-4.1,-36.453,0.0,0.0,-1.0,-0.7071,0.7071,0.0,0.06118823416311342,0.007,-0.1,1.0834966492446565,1.468627422320805,1.5,0.15
373.7591,8.31,-0.06,-0.011,4.336,0.01,-0.008,-0.09,-0.0,0.007,-0.09,-0.0,0.007,-0.123,0.038,-0.091,-0.001,-0.007,-0.002,-0.0,-0.0,-0.0,859.857,-0.0,0.0,-0.0,0.0,0.0,0.0,0.0,0.0,0.9911,0.0427,-0.1259,-0.0714,0.9697,-0.2336,0.1121,0.2405,0.9641,0.669,0.7326,-0.1252,-0.7377,0.634,-0.2321,-0.0907,0.2476,0.9646,-0.0,-0.0001,-0.0,0.0,0.0,0.0,-0.0184,-0.0206,0.0864,2.6067,7.7317,-44.2067,0.0,0.0434,-0.3687,0.0,0.0,0.0,3866960.6374,2910244.7668,4676605.3011,-3632.6861,-3995.5551,5487.7084,3866958.0306,2910237.0351,4676649.5079,-3632.6677,-3995.5345,5487.6221,0.0,0.0765,3.9732,0.0,0.0,1.0,0.0,1.0,0.0,0.0,-4.1,-36.453,0.0,0.0,-1.0,-0.7071,0.7071,0.0,0.061,0.007,-0.1,1.082632084064419,1.465277209687344,1.5,0.15
373.9682,8.291,-0.06,-0.009,4.318,0.01,-0.007,-0.09,-0.0,0.007,-0.09,-0.0,0.007,-0.124,0.036,-0.091,-0.001,-0.007,-0.002,-0.0,-0.0,-0.0,859.857,-0.0,0.0,-0.0,0.0,0.0,0.0,0.0,0.0,0.9911,0.0427,-0.1259,-0.0714,0.9697,-0.2336,0.1121,0.2405,0.9642,0.669,0.7326,-0.1252,-0.7377,0.634,-0.2321,-0.0907,0.2476,0.9646,-0.0,-0.0001,-0.0,0.0,0.0,0.0,-0.0184,-0.0206,0.0864,2.6029,7.7274,-44.1886,0.0,0.0434,-0.3687,0.0,0.0,0.0,3866200.4208,2909408.6511,4677753.4201,-3633.7441,-3996.3512,5486.4287,3866197.8179,2909400.9237,4677797.6087,-3633.7256,-3996.3307,5486.3424,0.0,0.0765,3.9732,0.0,0.0,1.0,0.0,1.0,0.0,0.0,-4.1,-36.453,0.0,0.0,-1.0,-0.7071,0.7071,0.0,0.06067124524847005,0.007,-0.1,1.0831822315198245,1.461926997053883,1.5,0.15
374.1758,8.272,-0.06,-0.008,4.299,0.01,-0.005,-0.09,-0.0,0.007,-0.09,-0.0,0.007,-0.124,0.035,-0.091,-0.001,-0.007,-0.002,-0.0,-0.0,-0.0,859.857,-0.0,0.0,-0.0,0.0,0.0,0.0,0.0,0.0,0.9911,0.0427,-0.1258,-0.0714,0.9697,-0.2336,0.1121,0.2405,0.9642,0.669,0.7326,-0.1252,-0.7377,0.634,-0.2321,-0.0907,0.2476,0.9646,-0.0,-0.0001,-0.0,0.0,0.0,0.0,-0.0184,-0.0206,0.0864,2.5991,7.7231,-44.1707,0.0,0.0434,-0.3687,0.0,0.0,0.0,3865446.3016,2908579.3168,4678891.7348,-3634.793,-3997.1405,5485.1593,3865443.7025,2908571.5936,4678935.9055,-3634.7746,-3997.12,5485.073,0.0,0.0765,3.9732,0.0,0.0,1.0,0.0,1.0,0.0,0.0,-4.1,-36.453,0.0,0.0,-1.0,-0.7071,0.7071,0.0,0.06053098380168622,0.007,-0.1,1.083144031309235,1.4585767844204223,1.5,0.15
374.386,8.253,-0.06,-0.006,4.28,0.01,-0.004,-0.09,-0.0,0.007,-0.09,-0.0,0.007,-0.124,0.033,-0.092,-0.001,-0.007,-0.002,-0.0,-0.0,-0.0,859.857,-0.0,0.0,-0.0,0.0,0.0,0.0,0.0,0.0,0.9911,0.0427,-0.1258,-0.0714,0.9697,-0.2336,0.112,0.2405,0.9642,0.669,0.7326,-0.1252,-0.7377,0.634,-0.2321,-0.0907,0.2476,0.9646,-0.0,-0.0001,-0.0,0.0,0.0,0.0,-0.0184,-0.0206,0.0864,2.5952,7.7188,-44.1527,0.0,0.0434,-0.3687,0.0,0.0,0.0,3864685.9582,2907743.2148,4680038.8475,-3635.8501,-3997.9359,5483.8795,3864683.3629,2907735.496,4680083.0001,-3635.8316,-3997.9153,5483.7932,0.0,0.0765,3.9732,0.0,0.0,1.0,0.0,1.0,0.0,0.0,-4.1,-36.453,0.0,0.0,-1.0,-0.7071,0.7071,0.0,0.060299253726725344,0.007,-0.1,1.0833063264644254,1.4552265717869615,1.5,0.15
374.6019,8.234,-0.06,-0.005,4.26,0.01,-0.002,-0.09,-0.0,0.007,-0.09,-0.0,0.007,-0.124,0.032,-0.092,-0.001,-0.007,-0.002,-0.0,-0.0,-0.0,859.857,-0.0,0.0,-0.0,0.0,0.0,0.0,0.0,0.0,0.9911,0.0427,-0.1258,-0.0714,0.9697,-0.2336,0.112,0.2405,0.9642,0.669,0.7326,-0.1252,-0.7377,0.634,-0.2321,-0.0907,0.2476,0.9646,-0.0,-0.0001,-0.0,0.0,0.0,0.0,-0.0185,-0.0206,0.0864,2.5912,7.7144,-44.134,0.0,0.0434,-0.3687,0.0,0.0,0.0,3863900.6436,2906879.7335,4681223.001,-3636.9413,-3998.7569,5482.5577,3863898.0524,2906872.0192,4681267.135,-3636.9229,-3998.7363,5482.4714,0.0,0.0765,3.9732,0.0,0.0,1.0,0.0,1.0,0.0,0.0,-4.1,-36.453,0.0,0.0,-1.0,-0.7071,0.7071,0.0,0.06020797289396147,0.007,-0.1,1.0836162100102433,1.4518763591535007,1.5,0.15
374.8132,8.214,-0.06,-0.004,4.241,0.01,-0.001,-0.09,-0.0,0.003,-0.09,-0.0,0.002,-0.124,0.031,-0.093,-0.0,-0.007,-0.002,-0.0,-0.0,-0.0,859.84,-1.0,0.0,-0.0,0.0,0.0,0.0,0.0,0.0,0.9911,0.0427,-0.1258,-0.0714,0.9697,-0.2336,0.112,0.2405,0.9642,0.669,0.7326,-0.1252,-0.7377,0.634,-0.2321,-0.0907,0.2476,0.9646,-0.0,-0.0001,-0.0,0.0,0.0,0.0,-0.0141,-0.0209,0.0868,2.5876,7.7099,-44.1155,0.0,0.0434,-0.3687,0.0,0.0,0.0,3863122.2936,2906023.9905,4682396.0217,-3638.018,-3999.5705,5481.2482,3863119.706,2906016.2805,4682440.1371,-3638.0039,-3999.5495,5481.1614,0.0,0.0765,3.9732,0.0,0.0,1.0,0.0,1.0,0.0,0.0,-4.1,-36.453,0.0,0.0,-1.0,-0.7071,0.7071,0.0,0.06013318551349163,0.003,-0.1,1.0842720081033115,1.4483498195393314,1.5,0.15
375.0171,8.196,-0.06,-0.003,4.223,0.01,-0.001,-0.09,-0.0,0.0,-0.09,-0.0,-0.0,-0.124,0.029,-0.093,-0.0,-0.006,-0.002,-0.0,-0.0,-0.0,859.831,-0.0,0.0,-0.0,0.0,0.0,0.0,0.0,0.0,0.9911,0.0427,-0.1257,-0.0714,0.9697,-0.2336,0.112,0.2406,0.9642,0.669,0.7326,-0.1252,-0.7377,0.634,-0.2321,-0.0907,0.2476,0.9646,-0.0,-0.0001,-0.0,0.0,0.0,0.0,-0.0117,-0.0211,0.0871,2.5852,7.7057,-44.098,0.0,0.0434,-0.3687,0.0,0.0,0.0,3862390.8028,2905219.838,4683497.8515,-3639.031,-4000.3345,5480.0174,3862388.2176,2905212.1323,4683541.9495,-3639.0193,-4000.3134,5479.9303,0.0,0.0765,3.9732,0.0,0.0,1.0,0.0,1.0,0.0,0.0,-4.1,-36.453,0.0,0.0,-1.0,-0.7071,0.7071,0.0,0.06007495318350235,0.0,-0.1,1.0840648622667997,1.4451759338865788,1.5,0.15
375.5225,8.194,-0.06,-0.003,4.221,0.01,-0.001,-0.09,-0.0,0.0,-0.09,-0.0,-0.0,-0.124,0.029,-0.093,-0.0,-0.006,-0.002,-0.0,-0.0,-0.0,859.831,-0.0,0.0,-0.0,0.0,0.0,0.0,0.0,0.0,0.9911,0.0427,-0.1257,-0.0714,0.9697,-0.2337,0.112,0.2406,0.9642,0.669,0.7326,-0.1252,-0.7377,0.634,-0.2321,-0.0907,0.2476,0.9646,-0.0,-0.0001,-0.0,0.0,0.0,0.0,-0.0117,-0.0211,0.0871,2.5849,7.7052,-44.096,0.0,0.0434,-0.3687,0.0,0.0,0.0,3862308.1369,2905128.965,4683622.3344,-3639.1458,-4000.4208,5479.8783,3862305.552,2905121.2598,4683666.4304,-3639.1341,-4000.3997,5479.7912,0.0,0.0765,3.9732,0.0,0.0,1.0,0.0,1.0,0.0,0.0,-4.1,-36.453,0.0,0.0,-1.0,-0.7071,0.7071,0.0,0.06007495318350235,0.0,-0.1,1.0840841827420595,1.4448232799251621,1.5,0.15
375.7354,8.131,-0.06,-0.003,4.158,0.009,-0.001,-0.09,-0.0,0.0,-0.09,-0.0,-0.0,-0.124,0.025,-0.094,-0.0,-0.006,-0.002,-0.0,-0.0,-0.0,859.831,-0.0,0.0,-0.0,0.0,0.0,0.0,0.0,0.0,0.9912,0.0426,-0.1257,-0.0714,0.9697,-0.2337,0.1119,0.2406,0.9642,0.669,0.7326,-0.1252,-0.7377,0.634,-0.2321,-0.0907,0.2476,0.9646,-0.0,-0.0001,-0.0,0.0,0.0,0.0,-0.0118,-0.0212,0.0871,2.5768,7.6905,-44.0353,0.0,0.0434,-0.3687,0.0,0.0,0.0,3859771.7183,2902341.1704,4687438.38,-3642.663,-4003.066,5475.61,3859769.1415,2902333.4799,4687482.4154,-3642.6512,-4003.0448,5475.5229,0.0,0.0765,3.9732,0.0,0.0,1.0,0.0,1.0,0.0,0.0,-4.1,-36.453,0.0,0.0,-1.0,-0.7071,0.7071,0.0,0.06007495318350235,0.0,-0.1,1.0627751699115733,1.4337146801405287,1.5,0.15
375.949,8.112,-0.061,-0.003,4.139,0.009,-0.001,-0.09,-0.0,0.0,-0.09,-0.0,-0.0,-0.124,0.023,-0.095,-0.0,-0.006,-0.002,-0.0,-0.0,-0.0,859.831,-0.0,0.0,-0.0,0.0,0.0,0.0,0.0,0.0,0.9912,0.0426,-0.1256,-0.0713,0.9697,-0.2337,0.1119,0.2406,0.9642,0.669,0.7326,-0.1252,-0.7377,0.634,-0.2321,-0.0907,0.2476,0.9646,-0.0,-0.0001,-0.0,0.0,0.0,0.0,-0.0118,-0.0212,0.0871,2.5742,7.686,-44.0168,0.0,0.0434,-0.3687,0.0,0.0,0.0,3858994.8521,2901487.4819,4688605.8459,-3643.7391,-4003.8751,5474.3028,3858992.2779,2901479.7959,4688649.8627,-3643.7274,-4003.8539,5474.2157,0.0,0.0765,3.9732,0.0,0.0,1.0,0.0,1.0,0.0,0.0,-4.1,-36.453,0.0,0.0,-1.0,-0.7071,0.7071,0.0,0.06107372593840988,0.0,-0.1,1.0773575333173462,1.430364467507068,1.5,0.15
376.1578,8.093,-0.061,-0.003,4.12,0.009,-0.001,-0.09,-0.0,0.0,-0.09,-0.0,-0.0,-0.125,0.022,-0.095,-0.0,-0.006,-0.002,-0.0,-0.0,-0.0,859.831,-0.0,0.0,-0.0,0.0,0.0,0.0,0.0,0.0,0.9912,0.0426,-0.1256,-0.0713,0.9697,-0.2337,0.1118,0.2406,0.9642,0.669,0.7326,-0.1252,-0.7377,0.634,-0.2321,-0.0907,0.2476,0.9646,-0.0,-0.0001,-0.0,0.0,0.0,0.0,-0.0118,-0.0212,0.0871,2.5718,7.6816,-43.9986,0.0,0.0434,-0.3687,0.0,0.0,0.0,3858233.978,2900651.4433,4689748.6736,-3644.7926,-4004.6671,5473.0226,3858231.4062,2900643.7618,4689792.6721,-3644.7808,-4004.646,5472.9355,0.0,0.0765,3.9732,0.0,0.0,1.0,0.0,1.0,0.0,0.0,-4.1,-36.453,0.0,0.0,-1.0,-0.7071,0.7071,0.0,0.06107372593840988,0.0,-0.1,1.0775267309539747,1.4270142548736071,1.5,0.15
376.3709,8.074,-0.061,-0.003,4.1,0.009,-0.001,-0.09,-0.0,0.0,-0.09,-0.0,-0.0,-0.125,0.021,-0.095,-0.0,-0.006,-0.002,-0.0,-0.0,-0.0,859.831,-0.0,0.0,-0.0,0.0,0.0,0.0,0.0,0.0,0.9912,0.0426,-0.1256,-0.0713,0.9697,-0.2337,0.1118,0.2406,0.9642,0.669,0.7326,-0.1252,-0.7377,0.634,-0.2321,-0.0907,0.2476,0.9646,-0.0,-0.0001,-0.0,0.0,0.0,0.0,-0.0118,-0.0212,0.0871,2.5693,7.677,-43.98,0.0,0.0434,-0.3687,0.0,0.0,0.0,3857455.9619,2899796.6489,4690916.6314,-3645.8693,-4005.4765,5471.7136,3857453.3926,2899788.9718,4690960.6114,-3645.8575,-4005.4554,5471.6265,0.0,0.0765,3.9732,0.0,0.0,1.0,0.0,1.0,0.0,0.0,-4.1,-36.453,0.0,0.0,-1.0,-0.7071,0.7071,0.0,0.06107372593840988,0.0,-0.1,1.0774517131112527,1.423664042240146,1.5,0.15
376.5845,8.054,-0.061,-0.003,4.081,0.009,-0.001,-0.09,-0.0,0.0,-0.09,-0.0,-0.0,-0.125,0.019,-0.096,-0.0,-0.006,-0.002,-0.0,-0.0,-0.0,859.831,-0.0,0.0,-0.0,0.0,0.0,0.0,0.0,0.0,0.9912,0.0426,-0.1256,-0.0713,0.9697,-0.2337,0.1118,0.2406,0.9642,0.669,0.7326,-0.1252,-0.7377,0.634,-0.2321,-0.0907,0.2476,0.9646,-0.0,-0.0001,-0.0,0.0,0.0,0.0,-0.0118,-0.0212,0.0871,2.5668,7.6725,-43.9615,0.0,0.0434,-0.3687,0.0,0.0,0.0,3856680.9816,2898945.2685,4692079.4106,-3646.9412,-4006.2823,5470.4098,3856678.4148,2898937.5959,4692123.3721,-3646.9294,-4006.2611,5470.3227,0.0,0.0765,3.9732,0.0,0.0,1.0,0.0,1.0,0.0,0.0,-4.1,-36.453,0.0,0.0,-1.0,-0.7071,0.7071,0.0,0.06107372593840988,0.0,-0.1,1.07787670010901,1.420137502625977,1.5,0.15
376.7951,8.035,-0.061,-0.003,4.062,0.009,-0.001,-0.09,-0.0,0.0,-0.09,-0.0,0.0,-0.125,0.018,-0.096,-0.0,-0.006,-0.002,-0.0,-0.0,-0.0,859.831,-0.0,0.0,-0.0,0.0,0.0,0.0,0.0,0.0,0.9912,0.0426,-0.1255,-0.0713,0.9697,-0.2337,0.1118,0.2406,0.9642,0.669,0.7326,-0.1252,-0.7377,0.634,-0.2321,-0.0907,0.2476,0.9646,-0.0,-0.0001,-0.0,0.0,0.0,0.0,-0.0118,-0.0212,0.0871,2.5643,7.668,-43.943,0.0,0.0434,-0.3687,0.0,0.0,0.0,3855906.6385,2898094.6673,4693240.6166,-3648.0117,-4007.087,5469.1071,3855904.0742,2898086.9993,4693284.5596,-3647.9999,-4007.0658,5469.02,0.0,0.0765,3.9732,0.0,0.0,1.0,0.0,1.0,0.0,0.0,-4.1,-36.453,0.0,0.0,-1.0,-0.7071,0.7071,0.0,0.06107372593840988,0.0,-0.1,1.0780485113547198,1.416787289992516,1.5,0.15
377.0084,8.016,-0.061,-0.003,4.043,0.009,-0.001,-0.09,-0.0,0.0,-0.09,-0.0,0.0,-0.125,0.016,-0.097,-0.0,-0.006,-0.002,-0.0,-0.0,-0.0,859.831,-0.0,0.0,-0.0,0.0,0.0,0.0,0.0,0.0,0.9912,0.0426,-0.1255,-0.0713,0.9697,-0.2337,0.1117,0.2406,0.9642,0.669,0.7326,-0.1252,-0.7377,0.634,-0.2321,-0.0907,0.2476,0.9646,-0.0,-0.0001,-0.0,0.0,0.0,0.0,-0.0118,-0.0212,0.0871,2.5618,7.6635,-43.9245,0.0,0.0434,-0.3687,0.0,0.0,0.0,3855130.9441,2897242.661,4694403.2307,-3649.0836,-4007.8925,5467.8022,3855128.3823,2897234.9975,4694447.1552,-3649.0717,-4007.8713,5467.7151,0.0,0.0765,3.9732,0.0,0.0,1.0,0.0,1.0,0.0,0.0,-4.1,-36.453,0.0,0.0,-1.0,-0.7071,0.7071,0.0,0.06107372593840988,0.0,-0.1,1.0782211919628997,1.4134370773590552,1.5,0.15
377.2173,7.997,-0.061,-0.003,4.024,0.009,-0.001,-0.09,-0.0,0.0,-0.09,-0.0,0.0,-0.125,0.015,-0.097,-0.0,-0.006,-0.002,-0.0,-0.0,-0.0,859.831,-0.0,0.0,-0.0,0.0,0.0,0.0,0.0,0.0,0.9912,0.0426,-0.1255,-0.0713,0.9697,-0.2337,0.1117,0.2406,0.9642,0.669,0.7326,-0.1252,-0.7377,0.634,-0.2321,-0.0907,0.2476,0.9646,-0.0,-0.0001,-0.0,0.0,0.0,0.0,-0.0118,-0.0212,0.0871,2.5593,7.6591,-43.9063,0.0,0.0434,-0.3687,0.0,0.0,0.0,3854368.1017,2896404.8477,4695545.9779,-3650.1371,-4008.6843,5466.5189,3854365.5424,2896397.1887,4695589.8842,-3650.1253,-4008.6631,5466.4318,0.0,0.0765,3.9732,0.0,0.0,1.0,0.0,1.0,0.0,0.0,-4.1,-36.453,0.0,0.0,-1.0,-0.7071,0.7071,0.0,0.06107372593840988,0.0,-0.1,1.0783947485464962,1.4100868647255944,1.5,0.15
377.4324,7.978,-0.061,-0.002,4.004,0.009,-0.001,-0.09,-0.0,0.0,-0.09,-0.0,0.0,-0.125,0.014,-0.097,-0.0,-0.006,-0.002,-0.0,-0.0,-0.0,859.831,-0.0,0.0,-0.0,0.0,0.0,0.0,0.0,0.0,0.9912,0.0426,-0.1255,-0.0713,0.9697,-0.2337,0.1117,0.2406,0.9642,0.669,0.7326,-0.1252,-0.7377,0.634,-0.2321,-0.0907,0.2476,0.9646,-0.0,-0.0001,-0.0,0.0,0.0,0.0,-0.0119,-0.0212,0.0871,2.5568,7.6545,-43.8875,0.0,0.0434,-0.3687,0.0,0.0,0.0,3853583.4816,2895543.1966,4696720.7259,-3651.2203,-4009.4982,5465.1991,3853580.9248,2895535.5421,4696764.6135,-3651.2084,-4009.4769,5465.112,0.0,0.0765,3.9732,0.0,0.0,1.0,0.0,1.0,0.0,0.0,-4.1,-36.453,0.0,0.0,-1.0,-0.7071,0.7071,0.0,0.06103277807866851,0.0,-0.1,1.078137781563358,1.4067366520921336,1.5,0.15
377.6469,7.958,-0.061,-0.002,3.985,0.009,-0.001,-0.09,-0.0,0.001,-0.09,-0.0,0.0,-0.125,0.012,-0.098,-0.0,-0.006,-0.002,-0.0,-0.0,-0.0,859.831,-0.0,0.0,-0.0,0.0,0.0,0.0,0.0,0.0,0.9912,0.0426,-0.1254,-0.0713,0.9697,-0.2338,0.1117,0.2406,0.9642,0.669,0.7326,-0.1252,-0.7377,0.634,-0.2321,-0.0907,0.2476,0.9646,-0.0,-0.0001,-0.0,0.0,0.0,0.0,-0.0119,-0.0213,0.0871,2.5543,7.65,-43.8689,0.0,0.0434,-0.3687,0.0,0.0,0.0,3852803.4277,2894686.6393,4697888.0094,-3652.2966,-4010.3069,5463.887,3852800.8734,2894678.9893,4697931.8783,-3652.2847,-4010.2856,5463.8,0.0,0.0765,3.9732,0.0,0.0,1.0,0.0,1.0,0.0,0.0,-4.1,-36.453,0.0,0.0,-1.0,-0.7071,0.7071,0.0,0.06103277807866851,0.001,-0.1,1.078567411331452,1.4032101124779643,1.5,0.15
377.8618,7.939,-0.061,-0.002,3.966,0.009,-0.001,-0.09,-0.0,0.001,-0.09,-0.0,0.0,-0.125,0.011,-0.098,-0.0,-0.006,-0.002,-0.0,-0.0,-0.0,859.831,-0.0,0.0,-0.0,0.0,0.0,0.0,0.0,0.0,0.9912,0.0426,-0.1254,-0.0713,0.9697,-0.2338,0.1117,0.2406,0.9642,0.669,0.7326,-0.1252,-0.7377,0.634,-0.2321,-0.0907,0.2476,0.9646,-0.0,-0.0001,-0.0,0.0,0.0,0.0,-0.0119,-0.0213,0.0871,2.5517,7.6454,-43.8502,0.0,0.0434,-0.3687,0.0,0.0,0.0,3852015.0372,2893821.0094,4699067.1353,-3653.3838,-4011.1237,5462.561,3852012.4855,2893813.364,4699110.9854,-3653.3719,-4011.1024,5462.4739,0.0,0.0765,3.9732,0.0,0.0,1.0,0.0,1.0,0.0,0.0,-4.1,-36.453,0.0,0.0,-1.0,-0.7071,0.7071,0.0,0.06103277807866851,0.001,-0.1,1.0787439764668938,1.3998598998445035,1.5,0.15
378.0749,7.92,-0.061,-0.002,3.946,0.009,-0.001,-0.09,-0.0,0.001,-0.09,-0.0,0.0,-0.125,0.01,-0.099,-0.0,-0.006,-0.002,-0.0,-0.0,-0.0,859.831,-0.0,0.0,-0.0,0.0,0.0,0.0,0.0,0.0,0.9912,0.0426,-0.1254,-0.0713,0.9697,-0.2338,0.1116,0.2406,0.9642,0.669,0.7326,-0.1252,-0.7377,0.634,-0.2321,-0.0907,0.2476,0.9646,-0.0,-0.0001,-0.0,0.0,0.0,0.0,-0.0119,-0.0213,0.0871,2.5492,7.6408,-43.8316,0.0,0.0434,-0.3687,0.0,0.0,0.0,3851238.3521,2892968.3106,4700228.1302,-3654.4544,-4011.9279,5461.2547,3851235.8029,2892960.6698,4700271.9619,-3654.4425,-4011.9066,5461.1677,0.0,0.0765,3.9732,0.0,0.0,1.0,0.0,1.0,0.0,0.0,-4.1,-36.453,0.0,0.0,-1.0,-0.7071,0.7071,0.0,0.06103277807866851,0.001,-0.1,1.0786768497180852,1.3965096872110425,1.5,0.15
378.2865,7.901,-0.061,-0.002,3.927,0.008,-0.001,-0.09,-0.0,0.001,-0.09,-0.0,0.0,-0.125,0.008,-0.099,-0.0,-0.006,-0.002,-0.0,-0.0,-0.0,859.831,-0.0,0.0,-0.0,0.0,0.0,0.0,0.0,0.0,0.9912,0.0426,-0.1254,-0.0713,0.9697,-0.2338,0.1116,0.2407,0.9642,0.669,0.7326,-0.1252,-0.7377,0.634,-0.2321,-0.0907,0.2476,0.9646,-0.0,-0.0001,-0.0,0.0,0.0,0.0,-0.0119,-0.0213,0.0871,2.5467,7.6363,-43.8132,0.0,0.0434,-0.3687,0.0,0.0,0.0,3850462.8566,2892116.9967,4701386.7315,-3655.5228,-4012.7304,5459.9505,3850460.3099,2892109.3604,4701430.5447,-3655.5109,-4012.7091,5459.8635,0.0,0.0765,3.9732,0.0,0.0,1.0,0.0,1.0,0.0,0.0,-4.1,-36.453,0.0,0.0,-1.0,-0.7071,0.7071,0.0,0.06103277807866851,0.001,-0.1,1.0566977059945033,1.3931594745775817,1.5,0.15
378.501,7.881,-0.061,-0.002,3.908,0.008,-0.001,-0.09,-0.0,0.001,-0.09,-0.001,0.0,-0.126,0.007,-0.099,-0.0,-0.006,-0.002,-0.0,-0.0,-0.0,859.831,-0.0,0.0,-0.0,0.0,0.0,0.0,0.0,0.0,0.9912,0.0426,-0.1254,-0.0713,0.9697,-0.2338,0.1116,0.2407,0.9642,0.669,0.7326,-0.1252,-0.7377,0.634,-0.2321,-0.0907,0.2476,0.9646,-0.0,-0.0001,-0.0,0.0,0.0,0.0,-0.0119,-0.0213,0.0871,2.5441,7.6317,-43.7944,0.0,0.0434,-0.3687,0.0,0.0,0.0,3849676.3127,2891253.6348,4702561.2115,-3656.6059,-4013.5439,5458.6278,3849673.7686,2891246.0031,4702605.0059,-3656.5939,-4013.5226,5458.5407,0.0,0.0765,3.9732,0.0,0.0,1.0,0.0,1.0,0.0,0.0,-4.1,-36.453,0.0,0.0,-1.0,-0.7071,0.7071,0.0,0.06103277807866851,0.001,-0.1,1.0571074484987395,1.3896329349634124,1.5,0.15
378.716,7.862,-0.061,-0.002,3.888,0.008,-0.001,-0.09,-0.0,0.001,-0.09,-0.001,0.0,-0.126,0.005,-0.1,-0.0,-0.006,-0.002,-0.0,-0.0,-0.0,859.831,-0.0,0.0,-0.0,0.0,0.0,0.0,0.0,0.0,0.9912,0.0426,-0.1253,-0.0713,0.9697,-0.2338,0.1116,0.2407,0.9642,0.669,0.7326,-0.1252,-0.7377,0.634,-0.2321,-0.0907,0.2476,0.9646,-0.0,-0.0001,-0.0,0.0,0.0,0.0,-0.0119,-0.0213,0.0871,2.5416,7.6272,-43.7757,0.0,0.0434,-0.3687,0.0,0.0,0.0,3848890.5946,2890391.2593,4703733.8258,-3657.6873,-4014.3561,5457.3065,3848888.0531,2890383.6322,4703777.6015,-3657.6753,-4014.3347,5457.2194,0.0,0.0765,3.9732,0.0,0.0,1.0,0.0,1.0,0.0,0.0,-4.1,-36.453,0.0,0.0,-1.0,-0.7071,0.7071,0.0,0.06103277807866851,0.001,-0.1,1.05702579611814,1.3862827223299516,1.5,0.15
378.9329,7.842,-0.061,-0.002,3.869,0.008,-0.001,-0.09,-0.0,0.001,-0.09,-0.001,0.0,-0.126,0.004,-0.1,-0.0,-0.006,-0.002,-0.0,-0.0,-0.0,859.831,-0.0,0.0,-0.0,0.0,0.0,0.0,0.0,0.0,0.9912,0.0426,-0.1253,-0.0712,0.9697,-0.2338,0.1115,0.2407,0.9642,0.669,0.7326,-0.1252,-0.7377,0.634,-0.2321,-0.0907,0.2476,0.9646,-0.0,-0.0001,-0.0,0.0,0.0,0.0,-0.012,-0.0213,0.0871,2.539,7.6226,-43.757,0.0,0.0434,-0.3687,0.0,0.0,0.0,3848102.2803,2889526.1156,4704909.6822,-3658.7717,-4015.1704,5455.9809,3848099.7413,2889518.493,4704953.4392,-3658.7598,-4015.1491,5455.8938,0.0,0.0765,3.9732,0.0,0.0,1.0,0.0,1.0,0.0,0.0,-4.1,-36.453,0.0,0.0,-1.0,-0.7071,0.7071,0.0,0.06103277807866851,0.001,-0.1,1.057437235656071,1.3827561827157824,1.5,0.15
379.1485,7.823,-0.062,-0.002,3.849,0.008,-0.001,-0.09,-0.0,0.001,-0.09,-0.001,0.0,-0.126,0.003,-0.101,-0.0,-0.006,-0.002,-0.0,-0.0,-0.0,859.831,-0.0,0.0,-0.0,0.0,0.0,0.0,0.0,0.0,0.9912,0.0426,-0.1253,-0.0712,0.9697,-0.2338,0.1115,0.2407,0.9642,0.669,0.7326,-0.1252,-0.7377,0.634,-0.2321,-0.0907,0.2476,0.9646,-0.0,-0.0001,-0.0,0.0,0.0,0.0,-0.012,-0.0213,0.0871,2.5364,7.6179,-43.7381,0.0,0.0434,-0.3687,0.0,0.0,0.0,3847307.2215,2888653.6519,4706094.9565,-3659.8649,-4015.9912,5454.644,3847304.6851,2888646.034,4706138.6946,-3659.8529,-4015.9699,5454.557,0.0,0.0765,3.9732,0.0,0.0,1.0,0.0,1.0,0.0,0.0,-4.1,-36.453,0.0,0.0,-1.0,-0.7071,0.7071,0.0,0.06203224967708329,0.001,-0.1,1.0717703586147207,1.3794059700823216,1.5,0.15
379.3556,7.804,-0.062,-0.001,3.83,0.008,-0.001,-0.09,-0.0,0.001,-0.09,-0.001,0.0,-0.126,0.001,-0.101,-0.0,-0.006,-0.002,-0.0,-0.0,-0.0,859.831,-0.0,0.0,-0.0,0.0,0.0,0.0,0.0,0.0,0.9912,0.0426,-0.1253,-0.0712,0.9697,-0.2338,0.1115,0.2407,0.9642,0.669,0.7326,-0.1252,-0.7377,0.634,-0.2321,-0.0907,0.2476,0.9646,-0.0,-0.0001,-0.0,0.0,0.0,0.0,-0.012,-0.0213,0.0871,2.5339,7.6135,-43.72,0.0,0.0434,-0.3687,0.0,0.0,0.0,3846548.2888,2887820.9084,4707225.7728,-3660.9078,-4016.7743,5453.368,3846545.7549,2887813.2949,4707269.4928,-3660.8959,-4016.7529,5453.2809,0.0,0.0765,3.9732,0.0,0.0,1.0,0.0,1.0,0.0,0.0,-4.1,-36.453,0.0,0.0,-1.0,-0.7071,0.7071,0.0,0.06200806399170998,0.001,-0.1,1.071941810678476,1.3760557574488608,1.5,0.15
379.5681,7.785,-0.062,-0.001,3.811,0.008,-0.001,-0.09,-0.0,0.001,-0.09,-0.001,0.0,-0.126,-0.0,-0.101,-0.0,-0.006,-0.002,-0.0,-0.0,-0.0,859.831,-0.0,0.0,-0.0,0.0,0.0,0.0,0.0,0.0,0.9912,0.0426,-0.1252,-0.0712,0.9697,-0.2338,0.1115,0.2407,0.9642,0.669,0.7326,-0.1252,-0.7377,0.634,-0.2321,-0.0907,0.2476,0.9646,-0.0,-0.0001,-0.0,0.0,0.0,0.0,-0.012,-0.0214,0.0871,2.5314,7.609,-43.7016,0.0,0.0434,-0.3687,0.0,0.0,0.0,3845775.6698,2886973.2247,4708376.3804,-3661.9691,-4017.571,5452.0689,3845773.1384,2886965.6157,4708420.0821,-3661.9571,-4017.5496,5451.9819,0.0,0.0765,3.9732,0.0,0.0,1.0,0.0,1.0,0.0,0.0,-4.1,-36.453,0.0,0.0,-1.0,-0.7071,0.7071,0.0,0.06200806399170998,0.001,-0.1,1.0721057634285942,1.3727055448154,1.5,0.15
379.7885,7.765,-0.062,-0.001,3.791,0.008,-0.001,-0.09,-0.0,0.001,-0.09,-0.001,0.0,-0.126,-0.002,-0.102,-0.0,-0.006,-0.002,-0.0,-0.0,-0.0,859.831,-0.0,0.0,-0.0,0.0,0.0,0.0,0.0,0.0,0.9912,0.0426,-0.1252,-0.0712,0.9697,-0.2338,0.1115,0.2407,0.9642,0.669,0.7326,-0.1252,-0.7377,0.634,-0.2321,-0.0907,0.2476,0.9646,-0.0,-0.0001,-0.0,0.0,0.0,0.0,-0.012,-0.0214,0.087,2.5288,7.6043,-43.6823,0.0,0.0434,-0.3687,0.0,0.0,0.0,3844964.0471,2886082.8306,4709584.4177,-3663.0834,-4018.4074,5450.7044,3844961.5183,2886075.2264,4709628.1001,-3663.0714,-4018.3861,5450.6174,0.0,0.0765,3.9732,0.0,0.0,1.0,0.0,1.0,0.0,0.0,-4.1,-36.453,0.0,0.0,-1.0,-0.7071,0.7071,0.0,0.06200806399170998,0.001,-0.1,1.072279272485276,1.3691790052012305,1.5,0.15
379.9942,7.746,-0.062,-0.001,3.773,0.007,-0.001,-0.09,-0.0,0.001,-0.09,-0.001,0.0,-0.126,-0.003,-0.102,-0.0,-0.006,-0.002,-0.0,-0.0,-0.0,859.831,-0.0,0.0,-0.0,0.0,0.0,0.0,0.0,0.0,0.9912,0.0426,-0.1252,-0.0712,0.9697,-0.2338,0.1114,0.2407,0.9642,0.669,0.7326,-0.1252,-0.7377,0.634,-0.2321,-0.0907,0.2476,0.9646,-0.0,-0.0001,-0.0,0.0,0.0,0.0,-0.012,-0.0214,0.087,2.5263,7.5998,-43.6644,0.0,0.0434,-0.3687,0.0,0.0,0.0,3844208.347,2885253.8642,4710708.6177,-3664.1204,-4019.1858,5449.4339,3844205.8207,2885246.2644,4710752.2821,-3664.1084,-4019.1644,5449.3469,0.0,0.0765,3.9732,0.0,0.0,1.0,0.0,1.0,0.0,0.0,-4.1,-36.453,0.0,0.0,-1.0,-0.7071,0.7071,0.0,0.06200806399170998,0.001,-0.1,1.0503645278254563,1.3658287925677697,1.5,0.15
380.2116,7.726,-0.062,-0.001,3.753,0.007,-0.001,-0.09,-0.0,0.001,-0.09,-0.001,0.0,-0.126,-0.004,-0.103,-0.0,-0.006,-0.002,-0.0,-0.0,-0.0,859.831,-0.0,0.0,-0.0,0.0,0.0,0.0,0.0,0.0,0.9912,0.0426,-0.1252,-0.0712,0.9697,-0.2339,0.1114,0.2407,0.9642,0.669,0.7326,-0.1252,-0.7377,0.634,-0.2321,-0.0907,0.2476,0.9646,-0.0,-0.0001,-0.0,0.0,0.0,0.0,-0.012,-0.0214,0.087,2.5237,7.5952,-43.6454,0.0,0.0434,-0.3687,0.0,0.0,0.0,3843409.4039,2884377.5422,4711896.5154,-3665.2162,-4020.0082,5448.0908,3843406.8802,2884369.9471,4711940.1609,-3665.2042,-4019.9868,5448.0038,0.0,0.0765,3.9732,0.0,0.0,1.0,0.0,1.0,0.0,0.0,-4.1,-36.453,0.0,0.0,-1.0,-0.7071,0.7071,0.0,0.06200806399170998,0.001,-0.1,1.0505179715892305,1.3623022529536004,1.5,0.15
380.4132,7.708,-0.062,-0.001,3.735,0.007,-0.001,-0.09,-0.0,0.001,-0.09,-0.001,0.0,-0.126,-0.006,-0.103,-0.0,-0.006,-0.002,-0.0,-0.0,-0.0,859.831,-0.0,0.0,-0.0,0.0,0.0,0.0,0.0,0.0,0.9912,0.0426,-0.1251,-0.0712,0.9697,-0.2339,0.1114,0.2407,0.9642,0.669,0.7326,-0.1252,-0.7377,0.634,-0.2321,-0.0907,0.2476,0.9646,-0.0,-0.0001,-0.0,0.0,0.0,0.0,-0.012,-0.0214,0.087,2.5213,7.5909,-43.6279,0.0,0.0434,-0.3687,0.0,0.0,0.0,3842673.3317,2883570.2538,4712990.3615,-3666.2253,-4020.7654,5446.8535,3842670.8104,2883562.6629,4713033.9894,-3666.2132,-4020.744,5446.7665,0.0,0.0765,3.9732,0.0,0.0,1.0,0.0,1.0,0.0,0.0,-4.1,-36.453,0.0,0.0,-1.0,-0.7071,0.7071,0.0,0.06200806399170998,0.001,-0.1,1.050656799580505,1.359128367300848,1.5,0.15
380.614,7.69,-0.062,-0.001,3.717,0.007,-0.001,-0.09,-0.001,0.001,-0.09,-0.001,0.0,-0.126,-0.007,-0.103,-0.0,-0.006,-0.002,-0.0,-0.0,-0.0,859.831,-0.0,0.0,-0.0,0.0,0.0,0.0,0.0,0.0,0.9912,0.0426,-0.1251,-0.0712,0.9697,-0.2339,0.1114,0.2407,0.9642,0.669,0.7326,-0.1252,-0.7377,0.634,-0.2321,-0.0907,0.2476,0.9646,-0.0,-0.0001,-0.0,0.0,0.0,0.0,-0.0121,-0.0214,0.087,2.5189,7.5866,-43.6104,0.0,0.0434,-0.3687,0.0,0.0,0.0,3841934.4179,2882759.9198,4714087.8788,-3667.2378,-4021.5252,5445.6114,3841931.8991,2882752.3332,4714131.4892,-3667.2257,-4021.5038,5445.5244,0.0,0.0765,3.9732,0.0,0.0,1.0,0.0,1.0,0.0,0.0,-4.1,-36.453,0.0,0.0,-1.0,-0.7071,0.7071,0.0,0.06200806399170998,0.001414213562373095,-0.1,1.0507963232069193,1.3559544816480957,1.5,0.15
380.8144,7.672,-0.062,-0.0,3.698,0.007,-0.001,-0.09,-0.001,0.001,-0.09,-0.001,0.0,-0.127,-0.008,-0.104,-0.0,-0.006,-0.002,-0.0,-0.0,-0.0,859.831,-0.0,0.0,-0.0,0.0,0.0,0.0,0.0,0.0,0.9912,0.0426,-0.1251,-0.0712,0.9697,-0.2339,0.1113,0.2407,0.9642,0.669,0.7326,-0.1252,-0.7377,0.634,-0.2321,-0.0907,0.2476,0.9646,-0.0,-0.0001,-0.0,0.0,0.0,0.0,-0.0121,-0.0214,0.087,2.5164,7.5823,-43.593,0.0,0.0434,-0.3687,0.0,0.0,0.0,3841201.7577,2881956.5132,4715175.5606,-3668.2412,-4022.2781,5444.3799,3841199.2413,2881948.9309,4715219.1536,-3668.2291,-4022.2566,5444.2929,0.0,0.0765,3.9732,0.0,0.0,1.0,0.0,1.0,0.0,0.0,-4.1,-36.453,0.0,0.0,-1.0,-0.7071,0.7071,0.0,0.062,0.001414213562373095,-0.1,1.050902562990353,1.3527805959953432,1.5,0.15
381.016,7.654,-0.062,-0.0,3.68,0.007,-0.001,-0.09,-0.001,0.001,-0.09,-0.001,0.0,-0.127,-0.01,-0.104,-0.0,-0.006,-0.002,-0.0,-0.0,-0.0,859.831,-0.0,0.0,-0.0,0.0,0.0,0.0,0.0,0.0,0.9912,0.0426,-0.1251,-0.0712,0.9697,-0.2339,0.1113,0.2407,0.9642,0.669,0.7326,-0.1252,-0.7377,0.634,-0.2321,-0.0907,0.2476,0.9646,-0.0,-0.0001,-0.0,0.0,0.0,0.0,-0.0121,-0.0214,0.087,2.514,7.578,-43.5755,0.0,0.0434,-0.3687,0.0,0.0,0.0,3840463.2528,2881146.7671,4716271.3681,-3669.2522,-4023.0366,5443.1386,3840460.7388,2881139.1892,4716314.9436,-3669.2401,-4023.0151,5443.0516,0.0,0.0765,3.9732,0.0,0.0,1.0,0.0,1.0,0.0,0.0,-4.1,-36.453,0.0,0.0,-1.0,-0.7071,0.7071,0.0,0.062,0.001414213562373095,-0.1,1.051043781051266,1.3496067103425908,1.5,0.15
381.2264,7.635,-0.063,-0.0,3.661,0.007,-0.001,-0.09,-0.001,0.001,-0.09,-0.001,0.0,-0.127,-0.011,-0.104,-0.0,-0.006,-0.002,-0.0,-0.0,-0.0,859.831,-0.0,0.0,-0.0,0.0,0.0,0.0,0.0,0.0,0.9912,0.0426,-0.1251,-0.0712,0.9697,-0.2339,0.1113,0.2407,0.9642,0.669,0.7326,-0.1252,-0.7377,0.634,-0.2321,-0.0907,0.2476,0.9646,-0.0,-0.0001,-0.0,0.0,0.0,0.0,-0.0121,-0.0214,0.087,2.5115,7.5735,-43.5572,0.0,0.0434,-0.3687,0.0,0.0,0.0,3839693.8497,2880303.2181,4717412.4387,-3670.305,-4023.8263,5441.8455,3839691.3382,2880295.6446,4717455.9959,-3670.2929,-4023.8049,5441.7585,0.0,0.0765,3.9732,0.0,0.0,1.0,0.0,1.0,0.0,0.0,-4.1,-36.453,0.0,0.0,-1.0,-0.7071,0.7071,0.0,0.063,0.001414213562373095,-0.1,1.0656036253277918,1.34625649770913,1.5,0.15
381.4446,7.615,-0.063,-0.0,3.642,0.007,-0.001,-0.09,-0.001,0.001,-0.09,-0.001,0.0,-0.127,-0.012,-0.105,-0.0,-0.006,-0.002,-0.0,-0.0,-0.0,859.831,-0.0,0.0,-0.0,0.0,0.0,0.0,0.0,0.0,0.9912,0.0426,-0.125,-0.0712,0.9697,-0.2339,0.1113,0.2408,0.9642,0.669,0.7326,-0.1252,-0.7377,0.634,-0.2321,-0.0907,0.2476,0.9646,-0.0,-0.0001,-0.0,0.0,0.0,0.0,-0.0121,-0.0215,0.087,2.5089,7.5688,-43.5383,0.0,0.0434,-0.3687,0.0,0.0,0.0,3838895.9324,2879428.4869,4718595.1635,-3671.3962,-4024.6449,5440.5045,3838893.4235,2879420.9181,4718638.7018,-3671.3841,-4024.6234,5440.4174,0.0,0.0765,3.9732,0.0,0.0,1.0,0.0,1.0,0.0,0.0,-4.1,-36.453,0.0,0.0,-1.0,-0.7071,0.7071,0.0,0.063,0.001414213562373095,-0.1,1.0660082228939172,1.3427299580949608,1.5,0.15
381.664,7.595,-0.063,0.0,3.622,0.006,-0.001,-0.09,-0.001,0.001,-0.09,-0.001,0.0,-0.127,-0.014,-0.105,-0.0,-0.006,-0.002,-0.0,-0.0,-0.0,859.831,-0.0,0.0,-0.0,0.0,0.0,0.0,0.0,0.0,0.9912,0.0426,-0.125,-0.0712,0.9697,-0.2339,0.1113,0.2408,0.9642,0.669,0.7326,-0.1252,-0.7377,0.634,-0.2321,-0.0907,0.2476,0.9646,-0.0,-0.0001,-0.0,0.0,0.0,0.0,-0.0121,-0.0215,0.087,2.5063,7.5641,-43.5192,0.0,0.0434,-0.3687,0.0,0.0,0.0,3838091.1919,2878546.3593,4719787.3525,-3672.4963,-4025.4699,5439.152,3838088.6856,2878538.7952,4719830.8718,-3672.4842,-4025.4485,5439.065,0.0,0.0765,3.9732,0.0,0.0,1.0,0.0,1.0,0.0,0.0,-4.1,-36.453,0.0,0.0,-1.0,-0.7071,0.7071,0.0,0.063,0.001414213562373095,-0.1,1.0436781113667082,1.3392034184807915,1.5,0.15
381.8803,7.575,-0.063,0.0,3.602,0.006,-0.001,-0.09,-0.001,0.001,-0.09,-0.001,0.0,-0.127,-0.015,-0.106,-0.0,-0.006,-0.002,-0.0,-0.0,-0.0,859.831,-0.0,0.0,-0.0,0.0,0.0,0.0,0.0,0.0,0.9912,0.0426,-0.125,-0.0711,0.9696,-0.2339,0.1112,0.2408,0.9642,0.669,0.7326,-0.1252,-0.7377,0.634,-0.2321,-0.0907,0.2476,0.9646,-0.0,-0.0001,-0.0,0.0,0.0,0.0,-0.0121,-0.0215,0.087,2.5036,7.5594,-43.5003,0.0,0.0434,-0.3687,0.0,0.0,0.0,3837289.3289,2877667.4689,4720974.6284,-3673.5918,-4026.2916,5437.8045,3837286.8253,2877659.9095,4721018.1286,-3673.5797,-4026.2701,5437.7175,0.0,0.0765,3.9732,0.0,0.0,1.0,0.0,1.0,0.0,0.0,-4.1,-36.453,0.0,0.0,-1.0,-0.7071,0.7071,0.0,0.063,0.001414213562373095,-0.1,1.043815619191865,1.3356768788666222,1.5,0.15
382.085,7.557,-0.063,0.0,3.584,0.006,-0.001,-0.09,-0.001,0.001,-0.09,-0.001,0.0,-0.127,-0.016,-0.106,-0.0,-0.006,-0.002,-0.0,-0.0,-0.0,859.831,-0.0,0.0,-0.0,0.0,0.0,0.0,0.0,0.0,0.9912,0.0426,-0.125,-0.0711,0.9696,-0.2339,0.1112,0.2408,0.9642,0.669,0.7326,-0.1252,-0.7377,0.634,-0.2321,-0.0907,0.2476,0.9646,-0.0,-0.0001,-0.0,0.0,0.0,0.0,-0.0121,-0.0215,0.087,2.5012,7.555,-43.4825,0.0,0.0434,-0.3687,0.0,0.0,0.0,3836538.102,2876844.1533,4722086.3415,-3674.6177,-4027.0608,5436.5421,3836535.6009,2876836.5983,4722129.8239,-3674.6055,-4027.0393,5436.4551,0.0,0.0765,3.9732,0.0,0.0,1.0,0.0,1.0,0.0,0.0,-4.1,-36.453,0.0,0.0,-1.0,-0.7071,0.7071,0.0,0.063,0.001414213562373095,-0.1,1.0439400431474937,1.33250299321387,1.5,0.15
382.2934,7.538,-0.063,0.001,3.565,0.006,-0.0,-0.09,-0.001,0.001,-0.09,-0.001,0.0,-0.127,-0.018,-0.106,-0.0,-0.006,-0.002,-0.0,-0.0,-0.0,859.831,-0.0,0.0,-0.0,0.0,0.0,0.0,0.0,0.0,0.9913,0.0426,-0.1249,-0.0711,0.9696,-0.2339,0.1112,0.2408,0.9642,0.669,0.7326,-0.1252,-0.7377,0.634,-0.2321,-0.0907,0.2476,0.9646,-0.0,-0.0001,-0.0,0.0,0.0,0.0,-0.0122,-0.0215,0.087,2.4986,7.5505,-43.4644,0.0,0.0434,-0.3687,0.0,0.0,0.0,3835773.689,2876006.4614,4723216.986,-3675.661,-4027.8432,5435.2577,3835771.1904,2875998.9109,4723260.4504,-3675.6489,-4027.8217,5435.1706,0.0,0.0765,3.9732,0.0,0.0,1.0,0.0,1.0,0.0,0.0,-4.1,-36.453,0.0,0.0,-1.0,-0.7071,0.7071,0.0,0.06300793600809346,0.001414213562373095,-0.1,1.0439278396318727,1.329152780580409,1.5,0.15
382.4971,7.52,-0.063,0.001,3.546,0.006,-0.0,-0.09,-0.001,0.001,-0.09,-0.001,0.0,-0.127,-0.019,-0.107,-0.0,-0.006,-0.002,-0.0,-0.0,-0.0,859.831,-0.0,0.0,-0.0,0.0,0.0,0.0,0.0,0.0,0.9913,0.0426,-0.1249,-0.0711,0.9696,-0.2339,0.1112,0.2408,0.9642,0.669,0.7326,-0.1252,-0.7377,0.634,-0.2321,-0.0907,0.2476,0.9646,-0.0,-0.0001,-0.0,0.0,0.0,0.0,-0.0122,-0.0215,0.087,2.4961,7.5461,-43.4467,0.0,0.0434,-0.3687,0.0,0.0,0.0,3835025.935,2875187.0982,4724322.4216,-3676.6812,-4028.608,5434.0012,3835023.4389,2875179.552,4724365.8682,-3676.669,-4028.5865,5433.9142,0.0,0.0765,3.9732,0.0,0.0,1.0,0.0,1.0,0.0,0.0,-4.1,-36.453,0.0,0.0,-1.0,-0.7071,0.7071,0.0,0.06300793600809346,0.001414213562373095,-0.1,1.0438097784457832,1.3259788949276565,1.5,0.15
382.7033,7.501,-0.063,0.001,3.528,0.006,-0.0,-0.09,-0.001,0.001,-0.09,-0.001,0.0,-0.127,-0.02,-0.107,-0.0,-0.006,-0.002,-0.0,-0.0,-0.0,859.831,-0.0,0.0,-0.0,0.0,0.0,0.0,0.0,0.0,0.9913,0.0426,-0.1249,-0.0711,0.9696,-0.234,0.1111,0.2408,0.9642,0.669,0.7326,-0.1252,-0.7377,0.634,-0.2321,-0.0907,0.2476,0.9646,-0.0,-0.0001,-0.0,0.0,0.0,0.0,-0.0122,-0.0215,0.087,2.4937,7.5417,-43.4287,0.0,0.0434,-0.3687,0.0,0.0,0.0,3834267.7702,2874356.3994,4725442.6722,-3677.715,-4029.3831,5432.7274,3834265.2766,2874348.8577,4725486.101,-3677.7029,-4029.3616,5432.6404,0.0,0.0765,3.9732,0.0,0.0,1.0,0.0,1.0,0.0,0.0,-4.1,-36.453,0.0,0.0,-1.0,-0.7071,0.7071,0.0,0.06300793600809346,0.001414213562373095,-0.1,1.0441861084885282,1.322628682294196,1.5,0.15
382.9092,7.482,-0.064,0.001,3.509,0.006,-0.0,-0.09,-0.001,0.001,-0.09,-0.001,0.0,-0.127,-0.022,-0.108,-0.0,-0.006,-0.002,-0.0,-0.0,-0.0,859.831,-0.0,0.0,-0.0,0.0,0.0,0.0,0.0,0.0,0.9913,0.0426,-0.1249,-0.0711,0.9696,-0.234,0.1111,0.2408,0.9642,0.669,0.7326,-0.1252,-0.7377,0.634,-0.2321,-0.0907,0.2476,0.9646,-0.0,-0.0001,-0.0,0.0,0.0,0.0,-0.0122,-0.0215,0.087,2.4911,7.5373,-43.4108,0.0,0.0434,-0.3687,0.0,0.0,0.0,3833509.3892,2873525.5385,4726562.6668,-3678.7487,-4030.1579,5431.4532,3833506.898,2873518.0013,4726606.0776,-3678.7365,-4030.1364,5431.3662,0.0,0.0765,3.9732,0.0,0.0,1.0,0.0,1.0,0.0,0.0,-4.1,-36.453,0.0,0.0,-1.0,-0.7071,0.7071,0.0,0.06400781202322103,0.001414213562373095,-0.1,1.0587353173263179,1.319278469660735,1.5,0.15
383.1121,7.464,-0.064,0.001,3.491,0.005,-0.0,-0.09,-0.001,0.001,-0.09,-0.001,0.0,-0.128,-0.023,-0.108,-0.0,-0.006,-0.002,-0.0,-0.0,-0.0,859.831,-0.0,0.0,-0.0,0.0,0.0,0.0,0.0,0.0,0.9913,0.0426,-0.1248,-0.0711,0.9696,-0.234,0.1111,0.2408,0.9642,0.669,0.7326,-0.1252,-0.7377,0.634,-0.2321,-0.0907,0.2476,0.9646,-0.0,-0.0001,-0.0,0.0,0.0,0.0,-0.0122,-0.0215,0.087,2.4887,7.5329,-43.3932,0.0,0.0434,-0.3687,0.0,0.0,0.0,3832763.6634,2872708.6136,4727663.4074,-3679.7646,-4030.9194,5430.2003,3832761.1747,2872701.0807,4727706.8006,-3679.7524,-4030.8979,5430.1133,0.0,0.0765,3.9732,0.0,0.0,1.0,0.0,1.0,0.0,0.0,-4.1,-36.453,0.0,0.0,-1.0,-0.7071,0.7071,0.0,0.06400781202322103,0.001414213562373095,-0.1,1.0362181309486291,1.3161045840079826,1.5,0.15
383.3153,7.446,-0.064,0.001,3.472,0.005,-0.0,-0.09,-0.001,0.001,-0.09,-0.001,0.0,-0.128,-0.024,-0.108,-0.0,-0.006,-0.002,-0.0,-0.0,-0.0,859.831,-0.0,0.0,-0.0,0.0,0.0,0.0,0.0,0.0,0.9913,0.0426,-0.1248,-0.0711,0.9696,-0.234,0.1111,0.2408,0.9642,0.669,0.7326,-0.1252,-0.7377,0.634,-0.2321,-0.0907,0.2476,0.9646,-0.0,-0.0001,-0.0,0.0,0.0,0.0,-0.0122,-0.0216,0.087,2.4862,7.5285,-43.3754,0.0,0.0434,-0.3687,0.0,0.0,0.0,3832014.0909,2871887.5471,4728769.2655,-3680.7853,-4031.6844,5428.9411,3832011.6047,2871880.0186,4728812.641,-3680.7731,-4031.6628,5428.8541,0.0,0.0765,3.9732,0.0,0.0,1.0,0.0,1.0,0.0,0.0,-4.1,-36.453,0.0,0.0,-1.0,-0.7071,0.7071,0.0,0.06400781202322103,0.001414213562373095,-0.1,1.0360803813591908,1.3129306983552302,1.5,0.15
383.52,7.427,-0.064,0.002,3.454,0.005,0.0,-0.09,-0.001,0.001,-0.09,-0.001,0.0,-0.128,-0.026,-0.109,-0.0,-0.006,-0.002,-0.0,-0.0,-0.0,859.831,-0.0,0.0,-0.0,0.0,0.0,0.0,0.0,0.0,0.9913,0.0426,-0.1248,-0.0711,0.9696,-0.234,0.1111,0.2408,0.9642,0.669,0.7326,-0.1252,-0.7377,0.634,-0.2321,-0.0907,0.2476,0.9646,-0.0,-0.0001,-0.0,0.0,0.0,0.0,-0.0122,-0.0216,0.087,2.4837,7.5241,-43.3576,0.0,0.0434,-0.3687,0.0,0.0,0.0,3831260.18,2871061.8003,4729880.9553,-3681.8114,-4032.4534,5427.6746,3831257.6963,2871054.2762,4729924.3129,-3681.7992,-4032.4318,5427.5876,0.0,0.0765,3.9732,0.0,0.0,1.0,0.0,1.0,0.0,0.0,-4.1,-36.453,0.0,0.0,-1.0,-0.7071,0.7071,0.0,0.06403124237432849,0.001414213562373095,-0.1,1.0367387921727742,1.3095804857217692,1.5,0.15
383.723,7.409,-0.064,0.002,3.436,0.005,0.0,-0.09,-0.001,0.001,-0.09,-0.001,0.0,-0.128,-0.027,-0.109,-0.0,-0.006,-0.002,-0.0,-0.0,-0.0,859.831,-0.0,0.0,-0.0,0.0,0.0,0.0,0.0,0.0,0.9913,0.0426,-0.1248,-0.0711,0.9696,-0.234,0.111,0.2408,0.9642,0.669,0.7326,-0.1252,-0.7377,0.634,-0.2321,-0.0907,0.2476,0.9646,-0.0,-0.0001,-0.0,0.0,0.0,0.0,-0.0122,-0.0216,0.087,2.4813,7.5197,-43.34,0.0,0.0434,-0.3687,0.0,0.0,0.0,3830514.6964,2870245.3552,4730979.6585,-3682.8255,-4033.2133,5426.4223,3830512.2151,2870237.8355,4731022.9985,-3682.8133,-4033.1917,5426.3353,0.0,0.0765,3.9732,0.0,0.0,1.0,0.0,1.0,0.0,0.0,-4.1,-36.453,0.0,0.0,-1.0,-0.7071,0.7071,0.0,0.06403124237432849,0.001414213562373095,-0.1,1.0368465596200802,1.3064066000690169,1.5,0.15
383.9246,7.391,-0.064,0.002,3.417,0.005,0.0,-0.09,-0.001,0.001,-0.09,-0.001,0.0,-0.128,-0.028,-0.109,-0.0,-0.006,-0.002,-0.0,-0.0,-0.0,859.831,-0.0,0.0,-0.0,0.0,0.0,0.0,0.0,0.0,0.9913,0.0426,-0.1248,-0.0711,0.9696,-0.234,0.111,0.2408,0.9642,0.669,0.7326,-0.1252,-0.7377,0.634,-0.2321,-0.0907,0.2476,0.9646,-0.0,-0.0001,-0.0,0.0,0.0,0.0,-0.0123,-0.0216,0.087,2.4788,7.5153,-43.3224,0.0,0.0434,-0.3687,0.0,0.0,0.0,3829770.1013,2869429.9544,4732076.4983,-3683.838,-4033.9719,5425.1715,3829767.6225,2869422.439,4732119.8207,-3683.8257,-4033.9503,5425.0846,0.0,0.0765,3.9732,0.0,0.0,1.0,0.0,1.0,0.0,0.0,-4.1,-36.453,0.0,0.0,-1.0,-0.7071,0.7071,0.0,0.06403124237432849,0.001414213562373095,-0.1,1.0367105009977604,1.3032327144162645,1.5,0.15
384.1285,7.372,-0.064,0.002,3.399,0.005,0.0,-0.09,-0.001,0.001,-0.09,-0.001,0.0,-0.128,-0.03,-0.11,-0.0,-0.006,-0.002,-0.0,-0.0,-0.0,859.831,-0.0,0.0,-0.0,0.0,0.0,0.0,0.0,0.0,0.9913,0.0426,-0.1247,-0.0711,0.9696,-0.234,0.111,0.2408,0.9642,0.669,0.7326,-0.1252,-0.7377,0.634,-0.2321,-0.0907,0.2476,0.9646,-0.0,-0.0001,-0.0,0.0,0.0,0.0,-0.0123,-0.0216,0.087,2.4763,7.5109,-43.3046,0.0,0.0434,-0.3687,0.0,0.0,0.0,3829015.7966,2868603.9926,4733187.0757,-3684.8632,-4034.74,5423.9046,3829013.3203,2868596.4817,4733230.3803,-3684.8509,-4034.7184,5423.8176,0.0,0.0765,3.9732,0.0,0.0,1.0,0.0,1.0,0.0,0.0,-4.1,-36.453,0.0,0.0,-1.0,-0.7071,0.7071,0.0,0.06403124237432849,0.001414213562373095,-0.1,1.037069855089139,1.2998825017828037,1.5,0.15
384.3287,7.354,-0.064,0.002,3.381,0.004,0.0,-0.09,-0.001,0.001,-0.09,-0.001,0.0,-0.128,-0.031,-0.11,-0.0,-0.006,-0.002,-0.0,-0.0,-0.0,859.831,-0.0,0.0,-0.0,0.0,0.0,0.0,0.0,0.0,0.9913,0.0425,-0.1247,-0.0711,0.9696,-0.234,0.111,0.2408,0.9642,0.669,0.7326,-0.1252,-0.7377,0.634,-0.2321,-0.0907,0.2476,0.9646,-0.0,-0.0001,-0.0,0.0,0.0,0.0,-0.0123,-0.0216,0.087,2.4738,7.5066,-43.2873,0.0,0.0434,-0.3687,0.0,0.0,0.0,3828281.8704,2867800.4151,4734267.1042,-3685.8602,-4035.4869,5422.6718,3828279.3966,2867792.9085,4734310.3915,-3685.8479,-4035.4653,5422.5849,0.0,0.0765,3.9732,0.0,0.0,1.0,0.0,1.0,0.0,0.0,-4.1,-36.453,0.0,0.0,-1.0,-0.7071,0.7071,0.0,0.06403124237432849,0.001414213562373095,-0.1,1.014409461139521,1.2967086161300514,1.5,0.15
384.5311,7.336,-0.065,0.003,3.362,0.004,0.0,-0.09,-0.001,0.001,-0.09,-0.001,0.0,-0.128,-0.032,-0.111,-0.0,-0.006,-0.002,-0.0,-0.0,-0.0,859.831,-0.0,0.0,-0.0,0.0,0.0,0.0,0.0,0.0,0.9913,0.0425,-0.1247,-0.0711,0.9696,-0.234,0.1109,0.2408,0.9642,0.669,0.7326,-0.1252,-0.7377,0.634,-0.2321,-0.0907,0.2476,0.9646,-0.0,-0.0001,-0.0,0.0,0.0,0.0,-0.0123,-0.0216,0.087,2.4713,7.5022,-43.2696,0.0,0.0434,-0.3687,0.0,0.0,0.0,3827532.2823,2866979.7596,4735369.6249,-3686.878,-4036.2493,5421.4129,3827529.8109,2866972.2574,4735412.8945,-3686.8657,-4036.2277,5421.3259,0.0,0.0765,3.9732,0.0,0.0,1.0,0.0,1.0,0.0,0.0,-4.1,-36.453,0.0,0.0,-1.0,-0.7071,0.7071,0.0,0.06506919393998976,0.001414213562373095,-0.1,1.0291681200529201,1.293534730477299,1.5,0.15
384.7357,7.317,-0.065,0.003,3.344,0.004,0.001,-0.09,-0.001,0.001,-0.09,-0.001,0.0,-0.128,-0.034,-0.111,-0.0,-0.006,-0.002,-0.0,-0.0,-0.0,859.831,-0.0,0.0,-0.0,0.0,0.0,0.0,0.0,0.0,0.9913,0.0425,-0.1247,-0.071,0.9696,-0.234,0.1109,0.2409,0.9642,0.669,0.7326,-0.1252,-0.7377,0.634,-0.2321,-0.0907,0.2476,0.9646,-0.0,-0.0001,-0.0,0.0,0.0,0.0,-0.0123,-0.0216,0.087,2.4688,7.4978,-43.2519,0.0,0.0434,-0.3687,0.0,0.0,0.0,3826781.9101,2866158.3178,4736472.7384,-3687.8964,-4037.0121,5420.1526,3826779.4413,2866150.82,4736515.9904,-3687.8841,-4036.9905,5420.0657,0.0,0.0765,3.9732,0.0,0.0,1.0,0.0,1.0,0.0,0.0,-4.1,-36.453,0.0,0.0,-1.0,-0.7071,0.7071,0.0,0.06506919393998976,0.001414213562373095,-0.1,1.0288009279007324,1.2901845178438383,1.5,0.15
384.957,7.297,-0.065,0.003,3.324,0.004,0.001,-0.09,-0.001,0.001,-0.09,-0.001,0.0,-0.128,-0.035,-0.111,-0.0,-0.006,-0.002,-0.0,-0.0,-0.0,859.831,-0.0,0.0,-0.0,0.0,0.0,0.0,0.0,0.0,0.9913,0.0425,-0.1246,-0.071,0.9696,-0.234,0.1109,0.2409,0.9642,0.669,0.7326,-0.1252,-0.7377,0.634,-0.2321,-0.0907,0.2476,0.9646,-0.0,-0.0001,-0.0,0.0,0.0,0.0,-0.0123,-0.0216,0.087,2.4661,7.493,-43.2327,0.0,0.0434,-0.3687,0.0,0.0,0.0,3825965.5521,2865264.7222,4737672.2208,-3689.0039,-4037.8415,5418.7817,3825963.086,2865257.2291,4737715.4535,-3688.9915,-4037.8199,5418.6947,0.0,0.0765,3.9732,0.0,0.0,1.0,0.0,1.0,0.0,0.0,-4.1,-36.453,0.0,0.0,-1.0,-0.7071,0.7071,0.0,0.06506919393998976,0.001414213562373095,-0.1,1.0288993994513267,1.2866579782296688,1.5,0.15
385.1601,7.279,-0.065,0.003,3.305,0.004,0.001,-0.09,-0.001,0.001,-0.09,-0.001,0.0,-0.128,-0.036,-0.112,-0.0,-0.006,-0.002,-0.0,-0.0,-0.0,859.831,-0.0,0.0,-0.0,0.0,0.0,0.0,0.0,0.0,0.9913,0.0425,-0.1246,-0.071,0.9696,-0.2341,0.1109,0.2409,0.9642,0.669,0.7326,-0.1252,-0.7377,0.634,-0.2321,-0.0907,0.2476,0.9646,-0.0,-0.0001,-0.0,0.0,0.0,0.0,-0.0123,-0.0217,0.087,2.4637,7.4886,-43.215,0.0,0.0434,-0.3687,0.0,0.0,0.0,3825215.2281,2864443.4822,4738774.0928,-3690.0212,-4038.6034,5417.5216,3825212.7644,2864435.9936,4738817.3078,-3690.0089,-4038.5817,5417.4347,0.0,0.0765,3.9732,0.0,0.0,1.0,0.0,1.0,0.0,0.0,-4.1,-36.453,0.0,0.0,-1.0,-0.7071,0.7071,0.0,0.06506919393998976,0.001414213562373095,-0.1,1.028743072642004,1.2834840925769166,1.5,0.15
385.367,7.26,-0.065,0.003,3.287,0.003,0.001,-0.09,-0.001,0.001,-0.09,-0.001,0.001,-0.129,-0.038,-0.112,-0.0,-0.006,-0.002,-0.0,-0.0,-0.0,859.831,-0.0,0.0,-0.0,0.0,0.0,0.0,0.0,0.0,0.9913,0.0425,-0.1246,-0.071,0.9696,-0.2341,0.1109,0.2409,0.9642,0.669,0.7326,-0.1252,-0.7377,0.634,-0.2321,-0.0907,0.2476,0.9646,-0.0,-0.0001,-0.0,0.0,0.0,0.0,-0.0123,-0.0217,0.087,2.4611,7.4842,-43.1971,0.0,0.0434,-0.3687,0.0,0.0,0.0,3824455.829,2863612.3827,4739888.7222,-3691.0503,-4039.374,5416.2464,3824453.3679,2863604.8985,4739931.9193,-3691.038,-4039.3523,5416.1594,0.0,0.0765,3.9732,0.0,0.0,1.0,0.0,1.0,0.0,0.0,-4.1,-36.453,0.0,0.0,-1.0,-0.7071,0.7071,0.0,0.06506919393998976,0.001414213562373095,-0.1,1.0061924814813694,1.2801338799434556,1.5,0.15
385.5704,7.242,-0.065,0.003,3.268,0.003,0.001,-0.09,-0.001,0.001,-0.09,-0.001,0.001,-0.129,-0.039,-0.112,-0.0,-0.006,-0.002,-0.0,-0.0,-0.0,859.831,-0.0,0.0,-0.0,0.0,0.0,0.0,0.0,0.0,0.9913,0.0425,-0.1246,-0.071,0.9696,-0.2341,0.1108,0.2409,0.9642,0.669,0.7326,-0.1252,-0.7377,0.634,-0.2321,-0.0907,0.2476,0.9646,-0.0,-0.0001,-0.0,0.0,0.0,0.0,-0.0124,-0.0217,0.087,2.4586,7.4797,-43.1793,0.0,0.0434,-0.3687,0.0,0.0,0.0,3823699.5001,2862784.7155,4740998.2749,-3692.0748,-4040.1411,5414.9764,3823697.0416,2862777.2358,4741041.4541,-3692.0625,-4040.1194,5414.8894,0.0,0.0765,3.9732,0.0,0.0,1.0,0.0,1.0,0.0,0.0,-4.1,-36.453,0.0,0.0,-1.0,-0.7071,0.7071,0.0,0.06506919393998976,0.001414213562373095,-0.1,1.0060169042164957,1.2769599942907033,1.5,0.15
385.7752,7.223,-0.066,0.004,3.25,0.003,0.001,-0.09,-0.001,0.001,-0.09,-0.001,0.001,-0.129,-0.04,-0.113,-0.0,-0.006,-0.002,-0.0,-0.0,-0.0,859.831,-0.0,0.0,-0.0,0.0,0.0,0.0,0.0,0.0,0.9913,0.0425,-0.1246,-0.071,0.9696,-0.2341,0.1108,0.2409,0.9642,0.669,0.7326,-0.1252,-0.7377,0.634,-0.2321,-0.0907,0.2476,0.9646,-0.0,-0.0001,-0.0,0.0,0.0,0.0,-0.0124,-0.0217,0.087,2.4561,7.4753,-43.1614,0.0,0.0434,-0.3687,0.0,0.0,0.0,3822942.4723,2861956.3566,4742108.2855,-3693.0998,-4040.9084,5413.7053,3822940.0162,2861948.8814,4742151.4469,-3693.0874,-4040.8867,5413.6183,0.0,0.0765,3.9732,0.0,0.0,1.0,0.0,1.0,0.0,0.0,-4.1,-36.453,0.0,0.0,-1.0,-0.7071,0.7071,0.0,0.06612110101926616,0.001414213562373095,-0.1,1.021134289724219,1.2736097816572425,1.5,0.15
385.9812,7.205,-0.066,0.004,3.231,0.003,0.001,-0.09,-0.001,0.001,-0.09,-0.001,0.001,-0.129,-0.042,-0.113,-0.0,-0.006,-0.002,-0.0,-0.0,-0.0,859.831,-0.0,0.0,-0.0,0.0,0.0,0.0,0.0,0.0,0.9913,0.0425,-0.1245,-0.071,0.9696,-0.2341,0.1108,0.2409,0.9642,0.669,0.7326,-0.1252,-0.7377,0.634,-0.2321,-0.0907,0.2476,0.9646,-0.0,-0.0001,-0.0,0.0,0.0,0.0,-0.0124,-0.0217,0.087,2.4536,7.4709,-43.1437,0.0,0.0434,-0.3687,0.0,0.0,0.0,3822190.9171,2861134.0573,4743209.7083,-3694.1169,-4041.6698,5412.4434,3822188.4635,2861126.5865,4743252.852,-3694.1045,-4041.6481,5412.3564,0.0,0.0765,3.9732,0.0,0.0,1.0,0.0,1.0,0.0,0.0,-4.1,-36.453,0.0,0.0,-1.0,-0.7071,0.7071,0.0,0.06612110101926616,0.001414213562373095,-0.1,1.0209553850668396,1.2704358960044901,1.5,0.15
386.1871,7.186,-0.066,0.004,3.213,0.003,0.001,-0.09,-0.001,0.001,-0.09,-0.001,0.001,-0.129,-0.043,-0.114,-0.0,-0.006,-0.002,-0.0,-0.0,-0.0,859.831,-0.0,0.0,-0.0,0.0,0.0,0.0,0.0,0.0,0.9913,0.0425,-0.1245,-0.071,0.9696,-0.2341,0.1108,0.2409,0.9642,0.669,0.7326,-0.1252,-0.7377,0.634,-0.2321,-0.0907,0.2476,0.9646,-0.0,-0.0001,-0.0,0.0,0.0,0.0,-0.0124,-0.0217,0.087,2.451,7.4663,-43.1257,0.0,0.0434,-0.3687,0.0,0.0,0.0,3821423.8598,2860294.8711,4744333.2738,-3695.1544,-4042.4464,5411.1555,3821421.4088,2860287.4048,4744376.3995,-3695.142,-4042.4247,5411.0686,0.0,0.0765,3.9732,0.0,0.0,1.0,0.0,1.0,0.0,0.0,-4.1,-36.453,0.0,0.0,-1.0,-0.7071,0.7071,0.0,0.06612110101926616,0.001414213562373095,-0.1,1.0212741751384788,1.2670856833710293,1.5,0.15
386.4075,7.166,-0.066,0.004,3.193,0.002,0.001,-0.09,-0.001,0.001,-0.09,-0.001,0.001,-0.129,-0.044,-0.114,-0.0,-0.006,-0.002,-0.0,-0.0,-0.0,859.831,-0.0,0.0,-0.0,0.0,0.0,0.0,0.0,0.0,0.9913,0.0425,-0.1245,-0.071,0.9696,-0.2341,0.1107,0.2409,0.9642,0.669,0.7326,-0.1252,-0.7377,0.634,-0.2321,-0.0907,0.2476,0.9646,-0.0,-0.0001,-0.0,0.0,0.0,0.0,-0.0124,-0.0217,0.0869,2.4483,7.4616,-43.1066,0.0,0.0434,-0.3687,0.0,0.0,0.0,3820610.8373,2859405.4776,4745523.5301,-3696.2536,-4043.2691,5409.7906,3820608.389,2859398.016,4745566.6366,-3696.2412,-4043.2474,5409.7036,0.0,0.0765,3.9732,0.0,0.0,1.0,0.0,1.0,0.0,0.0,-4.1,-36.453,0.0,0.0,-1.0,-0.7071,0.7071,0.0,0.06612110101926616,0.001414213562373095,-0.1,0.9983491993535112,1.26355914375686,1.5,0.15
386.6147,7.147,-0.066,0.005,3.174,0.002,0.002,-0.09,-0.001,0.001,-0.09,-0.001,0.001,-0.129,-0.046,-0.114,-0.0,-0.006,-0.002,-0.0,-0.0,-0.0,859.831,-0.0,0.0,-0.0,0.0,0.0,0.0,0.0,0.0,0.9913,0.0425,-0.1245,-0.071,0.9696,-0.2341,0.1107,0.2409,0.9642,0.669,0.7326,-0.1252,-0.7377,0.634,-0.2321,-0.0907,0.2476,0.9646,-0.0,-0.0001,-0.0,0.0,0.0,0.0,-0.0124,-0.0217,0.0869,2.4457,7.457,-43.0885,0.0,0.0434,-0.3687,0.0,0.0,0.0,3819843.1949,2858565.8044,4746646.7516,-3697.291,-4044.0454,5408.5018,3819840.7492,2858558.3474,4746689.8401,-3697.2785,-4044.0237,5408.4149,0.0,0.0765,3.9732,0.0,0.0,1.0,0.0,1.0,0.0,0.0,-4.1,-36.453,0.0,0.0,-1.0,-0.7071,0.7071,0.0,0.06618912297349165,0.001414213562373095,-0.1,0.9981355347911243,1.2602089311233993,1.5,0.15
386.8272,7.128,-0.066,0.005,3.155,0.002,0.002,-0.09,-0.001,0.001,-0.09,-0.001,0.001,-0.129,-0.047,-0.115,-0.0,-0.006,-0.002,-0.0,-0.0,-0.0,859.831,-0.0,0.0,-0.0,0.0,0.0,0.0,0.0,0.0,0.9913,0.0425,-0.1244,-0.071,0.9696,-0.2341,0.1107,0.2409,0.9642,0.669,0.7326,-0.1252,-0.7377,0.634,-0.2321,-0.0907,0.2476,0.9646,-0.0,-0.0001,-0.0,0.0,0.0,0.0,-0.0124,-0.0217,0.0869,2.4431,7.4524,-43.0701,0.0,0.0434,-0.3687,0.0,0.0,0.0,3819060.1948,2857709.409,4747791.8443,-3698.3485,-4044.8368,5407.1874,3819057.7517,2857701.9565,4747834.9144,-3698.3361,-4044.8151,5407.1005,0.0,0.0765,3.9732,0.0,0.0,1.0,0.0,1.0,0.0,0.0,-4.1,-36.453,0.0,0.0,-1.0,-0.7071,0.7071,0.0,0.06618912297349165,0.001414213562373095,-0.1,0.998183679625504,1.2568587184899385,1.5,0.15
387.0372,7.109,-0.067,0.005,3.136,0.002,0.002,-0.09,-0.001,0.001,-0.09,-0.001,0.001,-0.129,-0.048,-0.115,-0.0,-0.006,-0.002,-0.0,-0.0,-0.0,859.831,-0.0,0.0,-0.0,0.0,0.0,0.0,0.0,0.0,0.9913,0.0425,-0.1244,-0.071,0.9696,-0.2341,0.1107,0.2409,0.9642,0.669,0.7326,-0.1252,-0.7377,0.634,-0.2321,-0.0907,0.2476,0.9646,-0.0,-0.0001,-0.0,0.0,0.0,0.0,-0.0124,-0.0218,0.0869,2.4404,7.4478,-43.0517,0.0,0.0434,-0.3687,0.0,0.0,0.0,3818278.5544,2856854.5775,4748934.344,-3699.4037,-4045.6264,5405.8753,3818276.1139,2856847.1297,4748977.3957,-3699.3913,-4045.6046,5405.7884,0.0,0.0765,3.9732,0.0,0.0,1.0,0.0,1.0,0.0,0.0,-4.1,-36.453,0.0,0.0,-1.0,-0.7071,0.7071,0.0,0.0671863081289633,0.001414213562373095,-0.1,1.0126443104312404,1.2535085058564774,1.5,0.15
387.2437,7.09,-0.067,0.005,3.117,0.002,0.002,-0.09,-0.001,0.001,-0.09,-0.001,0.001,-0.129,-0.05,-0.116,-0.0,-0.006,-0.002,-0.0,-0.0,-0.0,859.831,-0.0,0.0,-0.0,0.0,0.0,0.0,0.0,0.0,0.9913,0.0425,-0.1244,-0.071,0.9696,-0.2341,0.1107,0.2409,0.9642,0.669,0.7326,-0.1252,-0.7377,0.634,-0.2321,-0.0907,0.2476,0.9646,-0.0,-0.0001,-0.0,0.0,0.0,0.0,-0.0125,-0.0218,0.0869,2.4379,7.4434,-43.0338,0.0,0.0434,-0.3687,0.0,0.0,0.0,3817517.4885,2856022.3212,4750046.1914,-3700.4306,-4046.3947,5404.5978,3817515.0506,2856014.8778,4750089.2253,-3700.4182,-4046.3729,5404.5108,0.0,0.0765,3.9732,0.0,0.0,1.0,0.0,1.0,0.0,0.0,-4.1,-36.453,0.0,0.0,-1.0,-0.7071,0.7071,0.0,0.0671863081289633,0.001414213562373095,-0.1,1.0126930356561084,1.2501582932230166,1.5,0.15
387.4451,7.072,-0.067,0.005,3.099,0.001,0.002,-0.09,-0.001,0.001,-0.09,-0.001,0.001,-0.129,-0.051,-0.116,-0.0,-0.006,-0.002,-0.0,-0.0,-0.0,859.831,-0.0,0.0,-0.0,0.0,0.0,0.0,0.0,0.0,0.9913,0.0425,-0.1244,-0.071,0.9696,-0.2341,0.1106,0.2409,0.9642,0.669,0.7326,-0.1252,-0.7377,0.634,-0.2321,-0.0907,0.2476,0.9646,-0.0,-0.0001,-0.0,0.0,0.0,0.0,-0.0125,-0.0218,0.0869,2.4354,7.439,-43.0162,0.0,0.0434,-0.3687,0.0,0.0,0.0,3816768.6925,2855203.5539,4751139.5568,-3701.4405,-4047.1502,5403.3409,3816766.2571,2855196.115,4751182.573,-3701.4281,-4047.1284,5403.254,0.0,0.0765,3.9732,0.0,0.0,1.0,0.0,1.0,0.0,0.0,-4.1,-36.453,0.0,0.0,-1.0,-0.7071,0.7071,0.0,0.0671863081289633,0.001414213562373095,-0.1,0.9896093402694782,1.2469844075702643,1.5,0.15
387.6645,7.052,-0.067,0.006,3.079,0.001,0.002,-0.09,-0.001,0.001,-0.09,-0.001,0.001,-0.13,-0.053,-0.116,-0.0,-0.006,-0.002,-0.0,-0.0,-0.0,859.831,-0.0,0.0,-0.0,0.0,0.0,0.0,0.0,0.0,0.9913,0.0425,-0.1243,-0.0709,0.9696,-0.2342,0.1106,0.2409,0.9642,0.669,0.7326,-0.1252,-0.7377,0.634,-0.2321,-0.0907,0.2476,0.9646,-0.0,-0.0001,-0.0,0.0,0.0,0.0,-0.0125,-0.0218,0.0869,2.4326,7.4342,-42.9972,0.0,0.0434,-0.3687,0.0,0.0,0.0,3815957.1984,2854316.3091,4752323.8471,-3702.5345,-4047.9685,5401.9789,3815954.7657,2854308.8749,4752366.8443,-3702.522,-4047.9467,5401.892,0.0,0.0765,3.9732,0.0,0.0,1.0,0.0,1.0,0.0,0.0,-4.1,-36.453,0.0,0.0,-1.0,-0.7071,0.7071,0.0,0.06726812023536856,0.001414213562373095,-0.1,0.9901147807949096,1.243457867956095,1.5,0.15
387.8685,7.034,-0.067,0.006,3.06,0.001,0.002,-0.09,-0.001,0.001,-0.09,-0.001,0.001,-0.13,-0.054,-0.117,-0.0,-0.006,-0.002,-0.0,-0.0,-0.0,859.831,-0.0,0.0,-0.0,0.0,0.0,0.0,0.0,0.0,0.9913,0.0425,-0.1243,-0.0709,0.9696,-0.2342,0.1106,0.2409,0.9642,0.669,0.7326,-0.1252,-0.7377,0.634,-0.2321,-0.0907,0.2476,0.9646,-0.0,-0.0001,-0.0,0.0,0.0,0.0,-0.0125,-0.0218,0.0869,2.4301,7.4297,-42.9795,0.0,0.0434,-0.3687,0.0,0.0,0.0,3815201.9198,2853490.6017,4753425.5149,-3703.5521,-4048.7296,5400.7113,3815199.4897,2853483.172,4753468.4944,-3703.5396,-4048.7078,5400.6243,0.0,0.0765,3.9732,0.0,0.0,1.0,0.0,1.0,0.0,0.0,-4.1,-36.453,0.0,0.0,-1.0,-0.7071,0.7071,0.0,0.06726812023536856,0.001414213562373095,-0.1,0.9898910646912971,1.2402839823033427,1.5,0.15
388.0695,7.016,-0.068,0.006,3.042,0.001,0.002,-0.09,-0.001,0.001,-0.09,-0.001,0.001,-0.13,-0.055,-0.117,-0.0,-0.006,-0.002,-0.0,-0.0,-0.0,859.831,-0.0,0.0,-0.0,0.0,0.0,0.0,0.0,0.0,0.9913,0.0425,-0.1243,-0.0709,0.9696,-0.2342,0.1106,0.241,0.9642,0.669,0.7326,-0.1252,-0.7377,0.634,-0.2321,-0.0907,0.2476,0.9646,-0.0,-0.0001,-0.0,0.0,0.0,0.0,-0.0125,-0.0218,0.0869,2.4276,7.4253,-42.962,0.0,0.0434,-0.3687,0.0,0.0,0.0,3814456.3068,2852675.531,4754512.5329,-3704.5563,-4049.4806,5399.4599,3814453.8792,2852668.1057,4754555.4948,-3704.5438,-4049.4588,5399.373,0.0,0.0765,3.9732,0.0,0.0,1.0,0.0,1.0,0.0,0.0,-4.1,-36.453,0.0,0.0,-1.0,-0.7071,0.7071,0.0,0.06826419266350404,0.001414213562373095,-0.1,1.0043150478129421,1.2371100966505904,1.5,0.15
388.2697,6.998,-0.068,0.006,3.024,0.001,0.003,-0.09,-0.001,0.001,-0.09,-0.001,0.001,-0.13,-0.056,-0.117,-0.0,-0.006,-0.002,-0.0,-0.0,-0.0,859.831,-0.0,0.0,-0.0,0.0,0.0,0.0,0.0,0.0,0.9913,0.0425,-0.1243,-0.0709,0.9696,-0.2342,0.1105,0.241,0.9642,0.669,0.7326,-0.1252,-0.7377,0.634,-0.2321,-0.0907,0.2476,0.9646,-0.0,-0.0001,-0.0,0.0,0.0,0.0,-0.0125,-0.0218,0.0869,2.4251,7.421,-42.9446,0.0,0.0434,-0.3687,0.0,0.0,0.0,3813716.7024,2851867.0985,4755590.2527,-3705.5519,-4050.2252,5398.2187,3813714.2773,2851859.6776,4755633.1973,-3705.5393,-4050.2033,5398.1318,0.0,0.0765,3.9732,0.0,0.0,1.0,0.0,1.0,0.0,0.0,-4.1,-36.453,0.0,0.0,-1.0,-0.7071,0.7071,0.0,0.06826419266350404,0.001414213562373095,-0.1,1.0036802072596116,1.233936210997838,1.5,0.15
388.4714,6.979,-0.068,0.007,3.006,0.0,0.003,-0.09,-0.001,0.001,-0.09,-0.001,0.001,-0.13,-0.058,-0.118,-0.0,-0.006,-0.002,-0.0,-0.0,-0.0,859.831,-0.0,0.0,-0.0,0.0,0.0,0.0,0.0,0.0,0.9913,0.0425,-0.1243,-0.0709,0.9696,-0.2342,0.1105,0.241,0.9642,0.669,0.7326,-0.1252,-0.7377,0.634,-0.2321,-0.0907,0.2476,0.9646,-0.0,-0.0001,-0.0,0.0,0.0,0.0,-0.0125,-0.0218,0.0869,2.4226,7.4166,-42.9271,0.0,0.0434,-0.3687,0.0,0.0,0.0,3812970.5738,2851051.6033,4756676.9336,-3706.5558,-4050.9758,5396.9666,3812968.1512,2851044.1867,4756719.8607,-3706.5432,-4050.954,5396.8797,0.0,0.0765,3.9732,0.0,0.0,1.0,0.0,1.0,0.0,0.0,-4.1,-36.453,0.0,0.0,-1.0,-0.7071,0.7071,0.0,0.06835934464285041,0.001414213562373095,-0.1,0.981045902394288,1.230585998364377,1.5,0.15
388.6744,6.961,-0.068,0.007,2.988,0.0,0.003,-0.09,-0.001,0.001,-0.09,-0.001,0.001,-0.13,-0.059,-0.118,-0.0,-0.006,-0.002,-0.0,-0.0,-0.0,859.831,-0.0,0.0,-0.0,0.0,0.0,0.0,0.0,0.0,0.9913,0.0425,-0.1242,-0.0709,0.9696,-0.2342,0.1105,0.241,0.9642,0.669,0.7326,-0.1252,-0.7377,0.634,-0.2321,-0.0907,0.2476,0.9646,-0.0,-0.0001,-0.0,0.0,0.0,0.0,-0.0125,-0.0218,0.0869,2.42,7.4121,-42.9094,0.0,0.0434,-0.3687,0.0,0.0,0.0,3812214.4335,2850225.2377,4757777.6401,-3707.5727,-4051.7362,5395.6977,3812212.0135,2850217.8255,4757820.5495,-3707.5601,-4051.7143,5395.6108,0.0,0.0765,3.9732,0.0,0.0,1.0,0.0,1.0,0.0,0.0,-4.1,-36.453,0.0,0.0,-1.0,-0.7071,0.7071,0.0,0.06835934464285041,0.001414213562373095,-0.1,0.9810435573734346,1.2274121127116246,1.5,0.15
388.877,6.943,-0.068,0.007,2.969,-0.0,0.003,-0.09,-0.001,0.001,-0.09,-0.001,0.001,-0.13,-0.06,-0.119,-0.0,-0.006,-0.002,-0.0,-0.0,-0.0,859.831,-0.0,0.0,-0.0,0.0,0.0,0.0,0.0,0.0,0.9913,0.0425,-0.1242,-0.0709,0.9696,-0.2342,0.1105,0.241,0.9642,0.669,0.7326,-0.1252,-0.7377,0.634,-0.2321,-0.0907,0.2476,0.9646,-0.0,-0.0001,-0.0,0.0,0.0,0.0,-0.0126,-0.0219,0.0869,2.4175,7.4077,-42.8918,0.0,0.0434,-0.3687,0.0,0.0,0.0,3811466.1519,2849407.5303,4758866.3537,-3708.5785,-4052.4882,5394.4421,3811463.7344,2849400.1226,4758909.2455,-3708.566,-4052.4663,5394.3552,0.0,0.0765,3.9732,0.0,0.0,1.0,0.0,1.0,0.0,0.0,-4.1,-36.453,0.0,0.0,-1.0,-0.7071,0.7071,0.0,0.06835934464285041,0.001414213562373095,-0.1,0.9807940453165271,1.2242382270588723,1.5,0.15
389.0783,6.924,-0.069,0.007,2.951,-0.0,0.003,-0.09,-0.001,0.001,-0.09,-0.001,0.001,-0.13,-0.062,-0.119,-0.0,-0.006,-0.002,-0.0,-0.0,-0.0,859.831,-0.0,0.0,-0.0,0.0,0.0,0.0,0.0,0.0,0.9913,0.0425,-0.1242,-0.0709,0.9696,-0.2342,0.1105,0.241,0.9642,0.669,0.7326,-0.1252,-0.7377,0.634,-0.2321,-0.0907,0.2476,0.9646,-0.0,-0.0001,-0.0,0.0,0.0,0.0,-0.0126,-0.0219,0.0869,2.415,7.4033,-42.8743,0.0,0.0434,-0.3687,0.0,0.0,0.0,3810717.4039,2848589.3835,4759955.1969,-3709.5846,-4053.2402,5393.1857,3810714.9889,2848581.9802,4759998.0712,-3709.572,-4053.2184,5393.0988,0.0,0.0765,3.9732,0.0,0.0,1.0,0.0,1.0,0.0,0.0,-4.1,-36.453,0.0,0.0,-1.0,-0.7071,0.7071,0.0,0.06935416353759881,0.001414213562373095,-0.1,0.9954486497481441,1.2208880144254115,1.5,0.15
389.2833,6.906,-0.069,0.007,2.932,-0.001,0.003,-0.09,-0.001,0.001,-0.09,-0.001,0.001,-0.13,-0.063,-0.119,-0.0,-0.006,-0.002,-0.0,-0.0,-0.0,859.831,-0.0,0.0,-0.0,0.0,0.0,0.0,0.0,0.0,0.9914,0.0425,-0.1242,-0.0709,0.9696,-0.2342,0.1104,0.241,0.9642,0.669,0.7326,-0.1252,-0.7377,0.634,-0.2321,-0.0907,0.2476,0.9646,-0.0,-0.0001,-0.0,0.0,0.0,0.0,-0.0126,-0.0219,0.0869,2.4124,7.3988,-42.8565,0.0,0.0434,-0.3687,0.0,0.0,0.0,3809956.9658,2847758.5353,4761060.4796,-3710.6058,-4054.0036,5391.9098,3809954.5534,2847751.1365,4761103.3361,-3710.5932,-4053.9817,5391.8229,0.0,0.0765,3.9732,0.0,0.0,1.0,0.0,1.0,0.0,0.0,-4.1,-36.453,0.0,0.0,-1.0,-0.7071,0.7071,0.0,0.06935416353759881,0.001414213562373095,-0.1,0.971845376764641,1.2177141287726592,1.5,0.15
389.4881,6.887,-0.069,0.008,2.914,-0.001,0.003,-0.09,-0.001,0.001,-0.09,-0.001,0.001,-0.13,-0.064,-0.12,-0.0,-0.006,-0.002,-0.0,-0.0,-0.0,859.831,-0.0,0.0,-0.0,0.0,0.0,0.0,0.0,0.0,0.9914,0.0425,-0.1241,-0.0709,0.9696,-0.2342,0.1104,0.241,0.9642,0.669,0.7326,-0.1252,-0.7377,0.634,-0.2321,-0.0907,0.2476,0.9646,-0.0,-0.0001,-0.0,0.0,0.0,0.0,-0.0126,-0.0219,0.0869,2.4099,7.3943,-42.8388,0.0,0.0434,-0.3687,0.0,0.0,0.0,3809200.3416,2846931.9252,4762159.6564,-3711.6215,-4054.7627,5390.6404,3809197.9318,2846924.5308,4762202.4952,-3711.6089,-4054.7408,5390.5535,0.0,0.0765,3.9732,0.0,0.0,1.0,0.0,1.0,0.0,0.0,-4.1,-36.453,0.0,0.0,-1.0,-0.7071,0.7071,0.0,0.06946221994724902,0.001414213562373095,-0.1,0.9726276873724736,1.2143639161391981,1.5,0.15
389.6891,6.869,-0.069,0.008,2.896,-0.001,0.004,-0.09,-0.001,0.001,-0.09,-0.001,0.001,-0.13,-0.066,-0.12,-0.0,-0.006,-0.002,-0.0,-0.0,-0.0,859.831,-0.0,0.0,-0.0,0.0,0.0,0.0,0.0,0.0,0.9914,0.0425,-0.1241,-0.0709,0.9696,-0.2342,0.1104,0.241,0.9642,0.669,0.7326,-0.1252,-0.7377,0.634,-0.2321,-0.0907,0.2476,0.9646,-0.0,-0.0001,-0.0,0.0,0.0,0.0,-0.0126,-0.0219,0.0869,2.4073,7.3899,-42.8212,0.0,0.0434,-0.3687,0.0,0.0,0.0,3808449.8597,2846112.0961,4763249.3574,-3712.6284,-4055.5152,5389.3813,3808447.4524,2846104.7062,4763292.1786,-3712.6158,-4055.4933,5389.2944,0.0,0.0765,3.9732,0.0,0.0,1.0,0.0,1.0,0.0,0.0,-4.1,-36.453,0.0,0.0,-1.0,-0.7071,0.7071,0.0,0.06946221994724902,0.001414213562373095,-0.1,0.9717945760044326,1.2111900304864458,1.5,0.15
389.8914,6.851,-0.069,0.008,2.877,-0.001,0.004,-0.09,-0.001,0.001,-0.09,-0.001,0.001,-0.13,-0.067,-0.12,-0.0,-0.006,-0.002,-0.0,-0.0,-0.0,859.831,-0.0,0.0,-0.0,0.0,0.0,0.0,0.0,0.0,0.9914,0.0425,-0.1241,-0.0709,0.9696,-0.2342,0.1104,0.241,0.9642,0.669,0.7326,-0.1252,-0.7377,0.634,-0.2321,-0.0907,0.2476,0.9646,-0.0,-0.0001,-0.0,0.0,0.0,0.0,-0.0126,-0.0219,0.0869,2.4048,7.3855,-42.8036,0.0,0.0434,-0.3687,0.0,0.0,0.0,3807699.7789,2845292.7757,4764337.927,-3713.6343,-4056.2669,5388.1229,3807697.3741,2845285.3902,4764380.7306,-3713.6217,-4056.245,5388.036,0.0,0.0765,3.9732,0.0,0.0,1.0,0.0,1.0,0.0,0.0,-4.1,-36.453,0.0,0.0,-1.0,-0.7071,0.7071,0.0,0.06946221994724902,0.001414213562373095,-0.1,0.9715182953327148,1.2080161448336935,1.5,0.15
390.093,6.833,-0.07,0.008,2.859,-0.001,0.004,-0.09,-0.001,0.001,-0.09,-0.001,0.001,-0.131,-0.068,-0.121,-0.0,-0.006,-0.002,-0.0,-0.0,-0.0,859.831,-0.0,0.0,-0.0,0.0,0.0,0.0,0.0,0.0,0.9914,0.0425,-0.1241,-0.0709,0.9696,-0.2342,0.1103,0.241,0.9642,0.669,0.7326,-0.1252,-0.7377,0.634,-0.2321,-0.0907,0.2476,0.9646,-0.0,-0.0001,-0.0,0.0,0.0,0.0,-0.0126,-0.0219,0.0869,2.4023,7.3811,-42.7862,0.0,0.0434,-0.3687,0.0,0.0,0.0,3806952.5793,2844476.6724,4765421.7705,-3714.6359,-4057.0153,5386.8694,3806950.1771,2844469.2913,4765464.5567,-3714.6232,-4056.9934,5386.7825,0.0,0.0765,3.9732,0.0,0.0,1.0,0.0,1.0,0.0,0.0,-4.1,-36.453,0.0,0.0,-1.0,-0.7071,0.7071,0.0,0.07045565981523415,0.001414213562373095,-0.1,0.9859002647863875,1.2048422591809411,1.5,0.15
390.2931,6.814,-0.07,0.009,2.841,-0.002,0.004,-0.09,-0.001,0.001,-0.09,-0.001,0.001,-0.131,-0.07,-0.121,-0.0,-0.006,-0.002,-0.0,-0.0,-0.0,859.831,-0.0,0.0,-0.0,0.0,0.0,0.0,0.0,0.0,0.9914,0.0425,-0.1241,-0.0709,0.9696,-0.2343,0.1103,0.241,0.9642,0.669,0.7326,-0.1252,-0.7377,0.634,-0.2321,-0.0907,0.2476,0.9646,-0.0,-0.0001,-0.0,0.0,0.0,0.0,-0.0126,-0.0219,0.0869,2.3997,7.3767,-42.7687,0.0,0.0434,-0.3687,0.0,0.0,0.0,3806206.7147,2843662.096,4766503.1337,-3715.6352,-4057.762,5385.6182,3806204.3149,2843654.7193,4766545.9025,-3715.6226,-4057.7401,5385.5313,0.0,0.0765,3.9732,0.0,0.0,1.0,0.0,1.0,0.0,0.0,-4.1,-36.453,0.0,0.0,-1.0,-0.7071,0.7071,0.0,0.07057619995437556,0.001414213562373095,-0.1,0.9630620159900696,1.2014920465474803,1.5,0.15
390.4943,6.796,-0.07,0.009,2.823,-0.002,0.004,-0.09,-0.001,0.001,-0.09,-0.001,0.001,-0.131,-0.071,-0.122,-0.0,-0.006,-0.002,-0.0,-0.0,-0.0,859.831,-0.0,0.0,-0.0,0.0,0.0,0.0,0.0,0.0,0.9914,0.0425,-0.124,-0.0709,0.9696,-0.2343,0.1103,0.241,0.9642,0.669,0.7326,-0.1252,-0.7377,0.634,-0.2321,-0.0907,0.2476,0.9646,-0.0,-0.0001,-0.0,0.0,0.0,0.0,-0.0127,-0.0219,0.0869,2.3972,7.3723,-42.7513,0.0,0.0434,-0.3687,0.0,0.0,0.0,3805460.7505,2842847.4797,4767584.0985,-3716.6342,-4058.5083,5384.3669,3805458.3533,2842840.1074,4767626.8498,-3716.6216,-4058.4864,5384.28,0.0,0.0765,3.9732,0.0,0.0,1.0,0.0,1.0,0.0,0.0,-4.1,-36.453,0.0,0.0,-1.0,-0.7071,0.7071,0.0,0.07057619995437556,0.001414213562373095,-0.1,0.9630062783265702,1.198318160894728,1.5,0.15
390.6959,6.778,-0.07,0.009,2.805,-0.002,0.004,-0.09,-0.001,0.001,-0.09,-0.001,0.001,-0.131,-0.072,-0.122,-0.0,-0.006,-0.002,-0.0,-0.0,-0.0,859.831,-0.0,0.0,-0.0,0.0,0.0,0.0,0.0,0.0,0.9914,0.0425,-0.124,-0.0708,0.9696,-0.2343,0.1103,0.241,0.9642,0.669,0.7326,-0.1252,-0.7377,0.634,-0.2321,-0.0907,0.2476,0.9646,-0.0,-0.0001,-0.0,0.0,0.0,0.0,-0.0127,-0.0219,0.0869,2.3947,7.3679,-42.7338,0.0,0.0434,-0.3687,0.0,0.0,0.0,3804713.6621,2842031.7058,4768666.1509,-3717.6342,-4059.2554,5383.1138,3804711.2675,2842024.3379,4768708.8848,-3717.6216,-4059.2334,5383.0269,0.0,0.0765,3.9732,0.0,0.0,1.0,0.0,1.0,0.0,0.0,-4.1,-36.453,0.0,0.0,-1.0,-0.7071,0.7071,0.0,0.07057619995437556,0.001414213562373095,-0.1,0.9629502318058164,1.1951442752419756,1.5,0.15
390.9034,6.76,-0.07,0.009,2.786,-0.002,0.005,-0.09,-0.001,0.001,-0.09,-0.001,0.001,-0.131,-0.073,-0.122,-0.0,-0.006,-0.002,-0.0,-0.0,-0.0,859.831,-0.0,0.0,-0.0,0.0,0.0,0.0,0.0,0.0,0.9914,0.0425,-0.124,-0.0708,0.9696,-0.2343,0.1103,0.241,0.9642,0.669,0.7326,-0.1252,-0.7377,0.634,-0.2321,-0.0907,0.2476,0.9646,-0.0,-0.0001,-0.0,0.0,0.0,0.0,-0.0127,-0.022,0.0869,2.3921,7.3634,-42.716,0.0,0.0434,-0.3687,0.0,0.0,0.0,3803952.649,2841200.7978,4769767.8128,-3718.6524,-4060.0159,5381.8373,3803950.2569,2841193.4344,4769810.5288,-3718.6398,-4059.9939,5381.7505,0.0,0.0765,3.9732,0.0,0.0,1.0,0.0,1.0,0.0,0.0,-4.1,-36.453,0.0,0.0,-1.0,-0.7071,0.7071,0.0,0.07057619995437556,0.001414213562373095,-0.1,0.9620639719004247,1.1919703895892233,1.5,0.15
391.1068,6.741,-0.071,0.01,2.767,-0.003,0.005,-0.09,-0.001,0.001,-0.09,-0.001,0.001,-0.131,-0.075,-0.123,-0.0,-0.006,-0.002,-0.0,-0.0,-0.0,859.831,-0.0,0.0,-0.0,0.0,0.0,0.0,0.0,0.0,0.9914,0.0425,-0.124,-0.0708,0.9696,-0.2343,0.1102,0.241,0.9642,0.669,0.7326,-0.1252,-0.7377,0.634,-0.2321,-0.0907,0.2476,0.9646,-0.0,-0.0001,-0.0,0.0,0.0,0.0,-0.0127,-0.022,0.0869,2.3894,7.3588,-42.6979,0.0,0.0434,-0.3687,0.0,0.0,0.0,3803178.0051,2840355.0808,4770888.6288,-3719.6884,-4060.7896,5380.5381,3803175.6156,2840347.7221,4770931.3268,-3719.6757,-4060.7676,5380.4512,0.0,0.0765,3.9732,0.0,0.0,1.0,0.0,1.0,0.0,0.0,-4.1,-36.453,0.0,0.0,-1.0,-0.7071,0.7071,0.0,0.07170076708097341,0.001414213562373095,-0.1,0.9531086786277814,1.1886201769557623,1.5,0.15
391.3251,6.721,-0.071,0.01,2.748,-0.003,0.005,-0.09,-0.001,0.001,-0.09,-0.001,0.001,-0.131,-0.076,-0.123,-0.0,-0.006,-0.002,-0.0,-0.0,-0.0,859.831,-0.0,0.0,-0.0,0.0,0.0,0.0,0.0,0.0,0.9914,0.0425,-0.1239,-0.0708,0.9696,-0.2343,0.1102,0.2411,0.9642,0.669,0.7326,-0.1252,-0.7377,0.634,-0.2321,-0.0907,0.2476,0.9646,-0.0,-0.0001,-0.0,0.0,0.0,0.0,-0.0127,-0.022,0.0869,2.3867,7.354,-42.6791,0.0,0.0434,-0.3687,0.0,0.0,0.0,3802372.044,2839475.2529,4772054.1395,-3720.7657,-4061.5941,5379.1864,3802369.6573,2839467.8988,4772096.8186,-3720.753,-4061.5721,5379.0995,0.0,0.0765,3.9732,0.0,0.0,1.0,0.0,1.0,0.0,0.0,-4.1,-36.453,0.0,0.0,-1.0,-0.7071,0.7071,0.0,0.07170076708097341,0.001414213562373095,-0.1,0.9532677814261648,1.185093637341593,1.5,0.15
391.5443,6.701,-0.071,0.01,2.728,-0.003,0.005,-0.09,-0.001,0.001,-0.09,-0.001,0.001,-0.131,-0.078,-0.124,-0.0,-0.006,-0.002,-0.0,-0.0,-0.0,859.831,-0.0,0.0,-0.0,0.0,0.0,0.0,0.0,0.0,0.9914,0.0425,-0.1239,-0.0708,0.9696,-0.2343,0.1102,0.2411,0.9642,0.669,0.7326,-0.1252,-0.7377,0.634,-0.2321,-0.0907,0.2476,0.9646,-0.0,-0.0001,-0.0,0.0,0.0,0.0,-0.0127,-0.022,0.0869,2.3839,7.3492,-42.66,0.0,0.0434,-0.3687,0.0,0.0,0.0,3801551.7614,2838579.8732,4773239.7137,-3721.8616,-4062.4125,5377.8107,3801549.3774,2838572.524,4773282.3737,-3721.8488,-4062.3905,5377.7238,0.0,0.0765,3.9732,0.0,0.0,1.0,0.0,1.0,0.0,0.0,-4.1,-36.453,0.0,0.0,-1.0,-0.7071,0.7071,0.0,0.07170076708097341,0.001414213562373095,-0.1,0.9531745937435797,1.1815670977274237,1.5,0.15
391.746,6.683,-0.071,0.011,2.71,-0.003,0.005,-0.09,-0.001,0.001,-0.09,-0.001,0.001,-0.131,-0.079,-0.124,-0.0,-0.006,-0.002,-0.0,-0.0,-0.0,859.831,-0.0,0.0,-0.0,0.0,0.0,0.0,0.0,0.0,0.9914,0.0425,-0.1239,-0.0708,0.9696,-0.2343,0.1102,0.2411,0.9642,0.669,0.7326,-0.1252,-0.7377,0.634,-0.2321,-0.0907,0.2476,0.9646,-0.0,-0.0001,-0.0,0.0,0.0,0.0,-0.0127,-0.022,0.0869,2.3814,7.3447,-42.6424,0.0,0.0434,-0.3687,0.0,0.0,0.0,3800800.7493,2837760.1787,4774324.5972,-3722.8644,-4063.1612,5376.5512,3800798.3679,2837752.834,4774367.2396,-3722.8517,-4063.1392,5376.4644,0.0,0.0765,3.9732,0.0,0.0,1.0,0.0,1.0,0.0,0.0,-4.1,-36.453,0.0,0.0,-1.0,-0.7071,0.7071,0.0,0.07184705978674423,0.001414213562373095,-0.1,0.9535885584433919,1.1783932120746714,1.5,0.15
391.9514,6.664,-0.072,0.011,2.691,-0.004,0.005,-0.09,-0.001,0.001,-0.09,-0.001,0.001,-0.131,-0.08,-0.124,-0.0,-0.006,-0.002,-0.0,-0.0,-0.0,859.831,-0.0,0.0,-0.0,0.0,0.0,0.0,0.0,0.0,0.9914,0.0425,-0.1239,-0.0708,0.9696,-0.2343,0.1102,0.2411,0.9642,0.669,0.7326,-0.1252,-0.7377,0.634,-0.2321,-0.0907,0.2476,0.9646,-0.0,-0.0001,-0.0,0.0,0.0,0.0,-0.0127,-0.022,0.0869,2.3788,7.3403,-42.6248,0.0,0.0434,-0.3687,0.0,0.0,0.0,3800044.3853,2836934.7132,4775416.6597,-3723.8739,-4063.9149,5375.2829,3800042.0065,2836927.3729,4775459.2845,-3723.8612,-4063.8929,5375.196,0.0,0.0765,3.9732,0.0,0.0,1.0,0.0,1.0,0.0,0.0,-4.1,-36.453,0.0,0.0,-1.0,-0.7071,0.7071,0.0,0.07283543093852057,0.001414213562373095,-0.1,0.9442069188053219,1.1750429994412106,1.5,0.15
392.1528,6.646,-0.072,0.011,2.673,-0.004,0.006,-0.09,-0.001,0.001,-0.09,-0.001,0.001,-0.131,-0.082,-0.125,-0.0,-0.006,-0.002,-0.0,-0.0,-0.0,859.831,-0.0,0.0,-0.0,0.0,0.0,0.0,0.0,0.0,0.9914,0.0425,-0.1238,-0.0708,0.9696,-0.2343,0.1101,0.2411,0.9642,0.669,0.7326,-0.1252,-0.7377,0.634,-0.2321,-0.0907,0.2476,0.9646,-0.0,-0.0001,-0.0,0.0,0.0,0.0,-0.0128,-0.022,0.0869,2.3762,7.3358,-42.6072,0.0,0.0434,-0.3687,0.0,0.0,0.0,3799288.1805,2836109.4921,4776507.9392,-3724.8828,-4064.668,5374.0148,3799285.8043,2836102.1563,4776550.5464,-3724.87,-4064.646,5373.928,0.0,0.0765,3.9732,0.0,0.0,1.0,0.0,1.0,0.0,0.0,-4.1,-36.453,0.0,0.0,-1.0,-0.7071,0.7071,0.0,0.07283543093852057,0.001414213562373095,-0.1,0.9433874829604515,1.1718691137884583,1.5,0.15
392.3541,6.628,-0.072,0.011,2.655,-0.004,0.006,-0.09,-0.001,0.001,-0.09,-0.001,0.001,-0.131,-0.083,-0.125,-0.0,-0.006,-0.002,-0.0,-0.0,-0.0,859.831,-0.0,0.0,-0.0,0.0,0.0,0.0,0.0,0.0,0.9914,0.0425,-0.1238,-0.0708,0.9696,-0.2343,0.1101,0.2411,0.9642,0.669,0.7326,-0.1252,-0.7377,0.634,-0.2321,-0.0907,0.2476,0.9646,-0.0,-0.0001,-0.0,0.0,0.0,0.0,-0.0128,-0.022,0.0869,2.3736,7.3313,-42.5897,0.0,0.0434,-0.3687,0.0,0.0,0.0,3798537.6334,2835290.5151,4777590.5079,-3725.8836,-4065.4151,5372.7563,3798535.2598,2835283.1837,4777633.0975,-3725.8708,-4065.3931,5372.6695,0.0,0.0765,3.9732,0.0,0.0,1.0,0.0,1.0,0.0,0.0,-4.1,-36.453,0.0,0.0,-1.0,-0.7071,0.7071,0.0,0.07283543093852057,0.001414213562373095,-0.1,0.9432750942744493,1.168695228135706,1.5,0.15
392.5744,6.608,-0.072,0.012,2.635,-0.005,0.006,-0.09,-0.001,0.001,-0.09,-0.001,0.001,-0.132,-0.084,-0.125,-0.0,-0.006,-0.002,-0.0,-0.0,-0.0,859.831,-0.0,0.0,-0.0,0.0,0.0,0.0,0.0,0.0,0.9914,0.0425,-0.1238,-0.0708,0.9696,-0.2343,0.1101,0.2411,0.9642,0.669,0.7326,-0.1252,-0.7377,0.634,-0.2321,-0.0907,0.2476,0.9646,-0.0,-0.0001,-0.0,0.0,0.0,0.0,-0.0128,-0.022,0.0868,2.3708,7.3265,-42.5706,0.0,0.0434,-0.3687,0.0,0.0,0.0,3797718.3528,2834396.6167,4778771.5933,-3726.9755,-4066.2301,5371.3826,3797715.982,2834389.2902,4778814.1639,-3726.9627,-4066.2081,5371.2958,0.0,0.0765,3.9732,0.0,0.0,1.0,0.0,1.0,0.0,0.0,-4.1,-36.453,0.0,0.0,-1.0,-0.7071,0.7071,0.0,0.07299315036357863,0.001414213562373095,-0.1,0.9197128677633167,1.1651686885215364,1.5,0.15
392.7752,6.59,-0.073,0.012,2.616,-0.005,0.006,-0.09,-0.001,0.001,-0.09,-0.001,0.001,-0.132,-0.086,-0.126,-0.0,-0.006,-0.002,-0.0,-0.0,-0.0,859.831,-0.0,0.0,-0.0,0.0,0.0,0.0,0.0,0.0,0.9914,0.0425,-0.1238,-0.0708,0.9696,-0.2344,0.1101,0.2411,0.9642,0.669,0.7326,-0.1252,-0.7377,0.634,-0.2321,-0.0907,0.2476,0.9646,-0.0,-0.0001,-0.0,0.0,0.0,0.0,-0.0128,-0.0221,0.0868,2.3683,7.3221,-42.5531,0.0,0.0434,-0.3687,0.0,0.0,0.0,3796968.3964,2833578.4292,4779852.173,-3727.9746,-4066.9757,5370.1252,3796966.0282,2833571.1072,4779894.7261,-3727.9618,-4066.9537,5370.0384,0.0,0.0765,3.9732,0.0,0.0,1.0,0.0,1.0,0.0,0.0,-4.1,-36.453,0.0,0.0,-1.0,-0.7071,0.7071,0.0,0.07397972695272671,0.001414213562373095,-0.1,0.9337230018843011,1.161994802868784,1.5,0.15
392.9802,6.571,-0.073,0.012,2.598,-0.005,0.006,-0.09,-0.001,0.001,-0.09,-0.001,0.001,-0.132,-0.087,-0.126,-0.0,-0.006,-0.002,-0.0,-0.0,-0.0,859.831,-0.0,0.0,-0.0,0.0,0.0,0.0,0.0,0.0,0.9914,0.0425,-0.1238,-0.0708,0.9696,-0.2344,0.11,0.2411,0.9642,0.669,0.7326,-0.1252,-0.7377,0.634,-0.2321,-0.0907,0.2476,0.9646,-0.0,-0.0001,-0.0,0.0,0.0,0.0,-0.0128,-0.0221,0.0868,2.3657,7.3175,-42.5353,0.0,0.0434,-0.3687,0.0,0.0,0.0,3796204.8811,2832745.5203,4780951.7321,-3728.9912,-4067.7344,5368.8451,3796202.5154,2832738.2028,4780994.2674,-3728.9784,-4067.7123,5368.7583,0.0,0.0765,3.9732,0.0,0.0,1.0,0.0,1.0,0.0,0.0,-4.1,-36.453,0.0,0.0,-1.0,-0.7071,0.7071,0.0,0.07397972695272671,0.001414213562373095,-0.1,0.9338253782336274,1.1586445902353233,1.5,0.15
393.1815,6.553,-0.073,0.013,2.58,-0.005,0.007,-0.09,-0.001,0.001,-0.09,-0.001,0.001,-0.132,-0.088,-0.127,-0.0,-0.006,-0.002,-0.0,-0.0,-0.0,859.831,-0.0,0.0,-0.0,0.0,0.0,0.0,0.0,0.0,0.9914,0.0424,-0.1237,-0.0708,0.9696,-0.2344,0.11,0.2411,0.9642,0.669,0.7326,-0.1252,-0.7377,0.634,-0.2321,-0.0907,0.2476,0.9646,-0.0,-0.0001,-0.0,0.0,0.0,0.0,-0.0128,-0.0221,0.0868,2.3631,7.3131,-42.5179,0.0,0.0434,-0.3687,0.0,0.0,0.0,3795455.4382,2831928.0331,4782030.4796,-3729.9887,-4068.4786,5367.5887,3795453.0751,2831920.72,4782072.9975,-3729.9758,-4068.4566,5367.5019,0.0,0.0765,3.9732,0.0,0.0,1.0,0.0,1.0,0.0,0.0,-4.1,-36.453,0.0,0.0,-1.0,-0.7071,0.7071,0.0,0.0741484996476665,0.001414213562373095,-0.1,0.933426319950278,1.155470704582571,1.5,0.15
393.3831,6.535,-0.073,0.013,2.562,-0.006,0.007,-0.09,-0.001,0.001,-0.09,-0.001,0.001,-0.132,-0.09,-0.127,-0.0,-0.006,-0.002,-0.0,-0.0,-0.0,859.831,-0.0,0.0,-0.0,0.0,0.0,0.0,0.0,0.0,0.9914,0.0424,-0.1237,-0.0708,0.9696,-0.2344,0.11,0.2411,0.9642,0.669,0.7326,-0.1252,-0.7377,0.634,-0.2321,-0.0907,0.2476,0.9646,-0.0,-0.0001,-0.0,0.0,0.0,0.0,-0.0128,-0.0221,0.0868,2.3605,7.3087,-42.5004,0.0,0.0434,-0.3687,0.0,0.0,0.0,3794705.7617,2831110.3593,4783109.0206,-3730.9859,-4069.2227,5366.3319,3794703.4012,2831103.0506,4783151.521,-3730.9731,-4069.2006,5366.2451,0.0,0.0765,3.9732,0.0,0.0,1.0,0.0,1.0,0.0,0.0,-4.1,-36.453,0.0,0.0,-1.0,-0.7071,0.7071,0.0,0.0741484996476665,0.001414213562373095,-0.1,0.9093723338758739,1.1522968189298186,1.5,0.15
393.587,6.516,-0.074,0.013,2.543,-0.006,0.007,-0.09,-0.001,0.001,-0.09,-0.001,0.001,-0.132,-0.091,-0.127,-0.0,-0.006,-0.002,-0.0,-0.0,-0.0,859.831,-0.0,0.0,-0.0,0.0,0.0,0.0,0.0,0.0,0.9914,0.0424,-0.1237,-0.0708,0.9696,-0.2344,0.11,0.2411,0.9642,0.669,0.7326,-0.1252,-0.7377,0.634,-0.2321,-0.0907,0.2476,0.9646,-0.0,-0.0001,-0.0,0.0,0.0,0.0,-0.0128,-0.0221,0.0868,2.3579,7.3041,-42.4826,0.0,0.0434,-0.3687,0.0,0.0,0.0,3793940.1339,2830275.3594,4784209.9539,-3732.004,-4069.9822,5365.0484,3793937.7761,2830268.0553,4784252.4365,-3731.9911,-4069.9601,5364.9616,0.0,0.0765,3.9732,0.0,0.0,1.0,0.0,1.0,0.0,0.0,-4.1,-36.453,0.0,0.0,-1.0,-0.7071,0.7071,0.0,0.07513321502504734,0.001414213562373095,-0.1,0.9236014789628179,1.1489466062963578,1.5,0.15
393.7895,6.498,-0.074,0.013,2.525,-0.006,0.007,-0.09,-0.001,0.001,-0.09,-0.001,0.001,-0.132,-0.092,-0.128,-0.0,-0.006,-0.002,-0.0,-0.0,-0.0,859.831,-0.0,0.0,-0.0,0.0,0.0,0.0,0.0,0.0,0.9914,0.0424,-0.1237,-0.0707,0.9696,-0.2344,0.11,0.2411,0.9642,0.669,0.7326,-0.1252,-0.7377,0.634,-0.2321,-0.0907,0.2476,0.9646,-0.0,-0.0001,-0.0,0.0,0.0,0.0,-0.0129,-0.0221,0.0868,2.3553,7.2997,-42.4651,0.0,0.0434,-0.3687,0.0,0.0,0.0,3793188.1046,2829455.2598,4785290.7842,-3733.0034,-4070.7278,5363.7878,3793185.7493,2829447.9602,4785333.2493,-3732.9906,-4070.7056,5363.701,0.0,0.0765,3.9732,0.0,0.0,1.0,0.0,1.0,0.0,0.0,-4.1,-36.453,0.0,0.0,-1.0,-0.7071,0.7071,0.0,0.07513321502504734,0.001414213562373095,-0.1,0.9234256386346453,1.1457727206436055,1.5,0.15
393.992,6.48,-0.074,0.014,2.506,-0.007,0.007,-0.09,-0.001,0.001,-0.09,-0.001,0.001,-0.132,-0.093,-0.128,-0.0,-0.006,-0.002,-0.0,-0.0,-0.0,859.831,-0.0,0.0,-0.0,0.0,0.0,0.0,0.0,0.0,0.9914,0.0424,-0.1236,-0.0707,0.9696,-0.2344,0.1099,0.2411,0.9642,0.669,0.7326,-0.1252,-0.7377,0.634,-0.2321,-0.0907,0.2476,0.9646,-0.0,-0.0001,-0.0,0.0,0.0,0.0,-0.0129,-0.0221,0.0868,2.3527,7.2952,-42.4475,0.0,0.0434,-0.3687,0.0,0.0,0.0,3792429.5951,2828628.1634,4786380.3768,-3734.0111,-4071.4793,5362.5164,3792427.2424,2828620.8683,4786422.8243,-3733.9982,-4071.4572,5362.4296,0.0,0.0765,3.9732,0.0,0.0,1.0,0.0,1.0,0.0,0.0,-4.1,-36.453,0.0,0.0,-1.0,-0.7071,0.7071,0.0,0.07531268153505091,0.001414213562373095,-0.1,0.8994240187312891,1.1425988349908531,1.5,0.15
394.1933,6.461,-0.074,0.014,2.488,-0.007,0.008,-0.09,-0.001,0.001,-0.09,-0.001,0.001,-0.132,-0.095,-0.128,-0.0,-0.006,-0.002,-0.0,-0.0,-0.0,859.831,-0.0,0.0,-0.0,0.0,0.0,0.0,0.0,0.0,0.9914,0.0424,-0.1236,-0.0707,0.9696,-0.2344,0.1099,0.2411,0.9642,0.669,0.7326,-0.1252,-0.7377,0.634,-0.2321,-0.0907,0.2476,0.9646,-0.0,-0.0001,-0.0,0.0,0.0,0.0,-0.0129,-0.0221,0.0868,2.3501,7.2907,-42.4299,0.0,0.0434,-0.3687,0.0,0.0,0.0,3791675.1532,2827805.5726,4787463.5792,-3735.0128,-4072.2265,5361.2518,3791672.8031,2827798.2819,4787506.0092,-3734.9999,-4072.2043,5361.165,0.0,0.0765,3.9732,0.0,0.0,1.0,0.0,1.0,0.0,0.0,-4.1,-36.453,0.0,0.0,-1.0,-0.7071,0.7071,0.0,0.07531268153505091,0.001414213562373095,-0.1,0.8988800946252092,1.1392486223573923,1.5,0.15
394.4012,6.443,-0.075,0.014,2.469,-0.007,0.008,-0.09,-0.001,0.001,-0.09,-0.001,0.001,-0.132,-0.096,-0.129,-0.0,-0.006,-0.002,-0.0,-0.0,-0.0,859.831,-0.0,0.0,-0.0,0.0,0.0,0.0,0.0,0.0,0.9914,0.0424,-0.1236,-0.0707,0.9696,-0.2344,0.1099,0.2411,0.9642,0.669,0.7326,-0.1252,-0.7377,0.634,-0.2321,-0.0907,0.2476,0.9646,-0.0,-0.0001,-0.0,0.0,0.0,0.0,-0.0129,-0.0221,0.0868,2.3475,7.2861,-42.4121,0.0,0.0434,-0.3687,0.0,0.0,0.0,3790906.4487,2826967.503,4788566.6991,-3736.033,-4072.9873,5359.9634,3790904.1012,2826960.2168,4788609.1111,-3736.0201,-4072.9651,5359.8766,0.0,0.0765,3.9732,0.0,0.0,1.0,0.0,1.0,0.0,0.0,-4.1,-36.453,0.0,0.0,-1.0,-0.7071,0.7071,0.0,0.0762954782408499,0.001414213562373095,-0.1,0.912831663701108,1.1360747367046398,1.5,0.15
394.615,6.423,-0.075,0.015,2.45,-0.007,0.008,-0.09,-0.001,0.001,-0.09,-0.001,0.001,-0.132,-0.097,-0.129,-0.0,-0.006,-0.002,-0.0,-0.0,-0.0,859.831,-0.0,0.0,-0.0,0.0,0.0,0.0,0.0,0.0,0.9914,0.0424,-0.1236,-0.0707,0.9696,-0.2344,0.1099,0.2412,0.9642,0.669,0.7326,-0.1252,-0.7377,0.634,-0.2321,-0.0907,0.2476,0.9646,-0.0,-0.0001,-0.0,0.0,0.0,0.0,-0.0129,-0.0222,0.0868,2.3447,7.2814,-42.3934,0.0,0.0434,-0.3687,0.0,0.0,0.0,3790102.7643,2826091.3737,4789719.4099,-3737.0991,-4073.7823,5358.6165,3790100.4195,2826084.0923,4789761.8033,-3737.0862,-4073.7601,5358.5296,0.0,0.0765,3.9732,0.0,0.0,1.0,0.0,1.0,0.0,0.0,-4.1,-36.453,0.0,0.0,-1.0,-0.7071,0.7071,0.0,0.07648529270389177,0.001414213562373095,-0.1,0.9131168347762031,1.1325481970904705,1.5,0.15
394.8295,6.404,-0.075,0.015,2.431,-0.008,0.008,-0.09,-0.001,0.002,-0.09,-0.001,0.001,-0.133,-0.099,-0.13,-0.0,-0.006,-0.002,-0.0,-0.0,-0.0,859.831,-0.0,0.0,-0.0,0.0,0.0,0.0,0.0,0.0,0.9914,0.0424,-0.1236,-0.0707,0.9696,-0.2344,0.1098,0.2412,0.9642,0.669,0.7326,-0.1252,-0.7377,0.634,-0.2321,-0.0907,0.2476,0.9646,-0.0,-0.0001,-0.0,0.0,0.0,0.0,-0.0129,-0.0222,0.0868,2.342,7.2766,-42.3749,0.0,0.0434,-0.3687,0.0,0.0,0.0,3789306.6783,2825223.6056,4790860.6124,-3738.1546,-4074.5693,5357.2823,3789304.3364,2825216.329,4790902.9873,-3738.1417,-4074.5471,5357.1955,0.0,0.0765,3.9732,0.0,0.0,1.0,0.0,1.0,0.0,0.0,-4.1,-36.453,0.0,0.0,-1.0,-0.7071,0.7071,0.0,0.07648529270389177,0.0022360679774997894,-0.1,0.8887755801646954,1.1291979844570097,1.5,0.15
395.0438,6.385,-0.075,0.015,2.411,-0.008,0.008,-0.09,-0.001,0.002,-0.09,-0.001,0.001,-0.133,-0.1,-0.13,-0.0,-0.006,-0.002,-0.0,-0.0,-0.0,859.831,-0.0,0.0,-0.0,0.0,0.0,0.0,0.0,0.0,0.9914,0.0424,-0.1235,-0.0707,0.9696,-0.2344,0.1098,0.2412,0.9642,0.669,0.7326,-0.1252,-0.7377,0.634,-0.2321,-0.0907,0.2476,0.9646,-0.0,-0.0001,-0.0,0.0,0.0,0.0,-0.0129,-0.0222,0.0868,2.3392,7.2719,-42.3562,0.0,0.0434,-0.3687,0.0,0.0,0.0,3788502.7601,2824347.3786,4792012.4278,-3739.22,-4075.3635,5355.935,3788500.4209,2824340.1068,4792054.784,-3739.207,-4075.3414,5355.8482,0.0,0.0765,3.9732,0.0,0.0,1.0,0.0,1.0,0.0,0.0,-4.1,-36.453,0.0,0.0,-1.0,-0.7071,0.7071,0.0,0.07648529270389177,0.0022360679774997894,-0.1,0.8882610786121999,1.125847771823549,1.5,0.15
395.2471,6.366,-0.076,0.016,2.393,-0.008,0.009,-0.09,-0.001,0.002,-0.09,-0.001,0.001,-0.133,-0.102,-0.13,-0.0,-0.006,-0.002,-0.0,-0.0,-0.0,859.831,-0.0,0.0,-0.0,0.0,0.0,0.0,0.0,0.0,0.9914,0.0424,-0.1235,-0.0707,0.9696,-0.2345,0.1098,0.2412,0.9643,0.669,0.7326,-0.1252,-0.7377,0.634,-0.2321,-0.0907,0.2476,0.9646,-0.0,-0.0001,-0.0,0.0,0.0,0.0,-0.0129,-0.0222,0.0868,2.3366,7.2673,-42.3385,0.0,0.0434,-0.3687,0.0,0.0,0.0,3787739.9747,2823516.056,4793104.737,-3740.2303,-4076.1167,5354.6568,3787737.6381,2823508.7887,4793147.0755,-3740.2174,-4076.0945,5354.57,0.0,0.0765,3.9732,0.0,0.0,1.0,0.0,1.0,0.0,0.0,-4.1,-36.453,0.0,0.0,-1.0,-0.7071,0.7071,0.0,0.0776659513557904,0.0022360679774997894,-0.1,0.9024781630867628,1.1224975591900879,1.5,0.15
395.4499,6.348,-0.076,0.016,2.374,-0.009,0.009,-0.09,-0.001,0.002,-0.091,-0.001,0.001,-0.133,-0.103,-0.131,-0.0,-0.006,-0.002,-0.0,-0.0,-0.0,859.831,-0.0,0.0,-0.0,0.0,0.0,0.0,0.0,0.0,0.9914,0.0424,-0.1235,-0.0707,0.9696,-0.2345,0.1098,0.2412,0.9643,0.669,0.7326,-0.1252,-0.7377,0.634,-0.2321,-0.0907,0.2476,0.9646,-0.0,-0.0001,-0.0,0.0,0.0,0.0,-0.013,-0.0222,0.0868,2.334,7.2628,-42.3209,0.0,0.0434,-0.3687,0.0,0.0,0.0,3786979.2017,2822686.9978,4794193.6119,-3741.2375,-4076.8675,5353.3819,3786976.8677,2822679.735,4794235.9328,-3741.2246,-4076.8453,5353.2951,0.0,0.0765,3.9732,0.0,0.0,1.0,0.0,1.0,0.0,0.0,-4.1,-36.453,0.0,0.0,-1.0,-0.7071,0.7071,0.0,0.0776659513557904,0.0022360679774997894,-0.1,0.8777594898611564,1.1193236735373358,1.5,0.15
395.6565,6.329,-0.076,0.016,2.356,-0.009,0.009,-0.09,-0.001,0.002,-0.091,-0.001,0.001,-0.133,-0.104,-0.131,-0.0,-0.006,-0.002,-0.0,-0.0,-0.0,859.831,-0.0,0.0,-0.0,0.0,0.0,0.0,0.0,0.0,0.9914,0.0424,-0.1235,-0.0707,0.9696,-0.2345,0.1098,0.2412,0.9643,0.669,0.7326,-0.1252,-0.7377,0.634,-0.2321,-0.0907,0.2476,0.9646,-0.0,-0.0001,-0.0,0.0,0.0,0.0,-0.013,-0.0222,0.0868,2.3313,7.2583,-42.303,0.0,0.0434,-0.3687,0.0,0.0,0.0,3786208.3284,2821847.0045,4795296.3794,-3742.2577,-4077.6278,5352.0902,3786205.9972,2821839.7462,4795338.6824,-3742.2447,-4077.6056,5352.0034,0.0,0.0765,3.9732,0.0,0.0,1.0,0.0,1.0,0.0,0.0,-4.1,-36.453,0.0,0.0,-1.0,-0.7071,0.7071,0.0,0.0776659513557904,0.0022360679774997894,-0.1,0.8777264944415621,1.1159734609038747,1.5,0.15
395.8605,6.311,-0.077,0.016,2.337,-0.009,0.009,-0.09,-0.001,0.002,-0.091,-0.002,0.001,-0.133,-0.106,-0.132,-0.0,-0.006,-0.002,-0.0,-0.0,-0.0,859.831,-0.0,0.0,-0.0,0.0,0.0,0.0,0.0,0.0,0.9914,0.0424,-0.1234,-0.0707,0.9695,-0.2345,0.1097,0.2412,0.9643,0.669,0.7326,-0.1252,-0.7377,0.634,-0.2321,-0.0907,0.2476,0.9646,-0.0,-0.0001,-0.0,0.0,0.0,0.0,-0.013,-0.0222,0.0868,2.3286,7.2537,-42.2853,0.0,0.0434,-0.3687,0.0,0.0,0.0,3785444.0206,2821014.2372,4796389.1964,-3743.2686,-4078.3812,5350.8096,3785441.692,2821006.9835,4796431.4817,-3743.2556,-4078.359,5350.7228,0.0,0.0765,3.9732,0.0,0.0,1.0,0.0,1.0,0.0,0.0,-4.1,-36.453,0.0,0.0,-1.0,-0.7071,0.7071,0.0,0.07864477096412704,0.0022360679774997894,-0.1,0.8916016912600733,1.1127995752511224,1.5,0.15
396.063,6.292,-0.077,0.017,2.319,-0.01,0.01,-0.091,-0.001,0.002,-0.091,-0.002,0.001,-0.133,-0.107,-0.132,-0.0,-0.006,-0.002,-0.0,-0.0,-0.0,859.831,-0.0,0.0,-0.0,0.0,0.0,0.0,0.0,0.0,0.9914,0.0424,-0.1234,-0.0707,0.9695,-0.2345,0.1097,0.2412,0.9643,0.669,0.7326,-0.1252,-0.7377,0.634,-0.2321,-0.0907,0.2476,0.9646,-0.0,-0.0001,-0.0,0.0,0.0,0.0,-0.013,-0.0222,0.0868,2.326,7.2492,-42.2678,0.0,0.0434,-0.3687,0.0,0.0,0.0,3784688.0921,2820190.6691,4797469.4842,-3744.268,-4079.126,5349.543,3784685.7661,2820183.4199,4797511.7519,-3744.255,-4079.1038,5349.4562,0.0,0.0765,3.9732,0.0,0.0,1.0,0.0,1.0,0.0,0.0,-4.1,-36.453,0.0,0.0,-1.0,-0.7071,0.7071,0.0,0.0788542960148653,0.0022360679774997894,-0.1,0.8671793499739446,1.1094493626176616,1.5,0.15
396.2701,6.274,-0.077,0.017,2.3,-0.01,0.01,-0.091,-0.001,0.002,-0.091,-0.002,0.001,-0.133,-0.108,-0.132,-0.0,-0.006,-0.002,-0.0,-0.0,-0.0,859.831,-0.0,0.0,-0.0,0.0,0.0,0.0,0.0,0.0,0.9915,0.0424,-0.1234,-0.0707,0.9695,-0.2345,0.1097,0.2412,0.9643,0.669,0.7326,-0.1252,-0.7377,0.634,-0.2321,-0.0907,0.2476,0.9646,-0.0,-0.0001,-0.0,0.0,0.0,0.0,-0.013,-0.0222,0.0868,2.3234,7.2446,-42.2499,0.0,0.0434,-0.3687,0.0,0.0,0.0,3783917.0188,2819350.6724,4798570.8546,-3745.2869,-4079.8852,5348.2511,3783914.6954,2819343.4278,4798613.1045,-3745.2739,-4079.863,5348.1643,0.0,0.0765,3.9732,0.0,0.0,1.0,0.0,1.0,0.0,0.0,-4.1,-36.453,0.0,0.0,-1.0,-0.7071,0.7071,0.0,0.0788542960148653,0.0022360679774997894,-0.1,0.8666097542837753,1.1062754769649092,1.5,0.15
396.4736,6.255,-0.077,0.017,2.282,-0.01,0.01,-0.091,-0.001,0.002,-0.091,-0.002,0.001,-0.133,-0.11,-0.133,-0.0,-0.006,-0.002,-0.0,-0.0,-0.0,859.831,-0.0,0.0,-0.0,0.0,0.0,0.0,0.0,0.0,0.9915,0.0424,-0.1234,-0.0707,0.9695,-0.2345,0.1097,0.2412,0.9643,0.669,0.7326,-0.1252,-0.7377,0.634,-0.2321,-0.0907,0.2476,0.9646,-0.0,-0.0001,-0.0,0.0,0.0,0.0,-0.013,-0.0222,0.0868,2.3207,7.2401,-42.2321,0.0,0.0434,-0.3687,0.0,0.0,0.0,3783150.8124,2818516.0495,4799664.7135,-3746.299,-4080.6392,5346.9675,3783148.4917,2818508.8094,4799706.9456,-3746.2859,-4080.617,5346.8807,0.0,0.0765,3.9732,0.0,0.0,1.0,0.0,1.0,0.0,0.0,-4.1,-36.453,0.0,0.0,-1.0,-0.7071,0.7071,0.0,0.0788542960148653,0.0022360679774997894,-0.1,0.8665416956975474,1.1029252643314484,1.5,0.15
396.693,6.235,-0.078,0.018,2.262,-0.011,0.01,-0.091,-0.001,0.002,-0.091,-0.002,0.001,-0.133,-0.111,-0.133,-0.0,-0.006,-0.002,-0.0,-0.0,-0.0,859.831,-0.0,0.0,-0.0,0.0,0.0,0.0,0.0,0.0,0.9915,0.0424,-0.1233,-0.0706,0.9695,-0.2345,0.1096,0.2412,0.9643,0.669,0.7326,-0.1252,-0.7377,0.634,-0.2321,-0.0907,0.2476,0.9646,-0.0,-0.0001,-0.0,0.0,0.0,0.0,-0.013,-0.0223,0.0868,2.3178,7.2352,-42.2129,0.0,0.0434,-0.3687,0.0,0.0,0.0,3782320.975,2817612.1942,4800848.7849,-3747.3945,-4081.4554,5345.5772,3782318.6572,2817604.9591,4800890.9978,-3747.3815,-4081.4331,5345.4905,0.0,0.0765,3.9732,0.0,0.0,1.0,0.0,1.0,0.0,0.0,-4.1,-36.453,0.0,0.0,-1.0,-0.7071,0.7071,0.0,0.080049984384758,0.0022360679774997894,-0.1,0.8563377677520525,1.0993987247172792,1.5,0.15
396.9065,6.216,-0.078,0.018,2.242,-0.011,0.011,-0.091,-0.001,0.002,-0.091,-0.002,0.001,-0.133,-0.112,-0.133,-0.0,-0.006,-0.002,-0.0,-0.0,-0.0,859.831,-0.0,0.0,-0.0,0.0,0.0,0.0,0.0,0.0,0.9915,0.0424,-0.1233,-0.0706,0.9695,-0.2345,0.1096,0.2412,0.9643,0.669,0.7326,-0.1252,-0.7377,0.634,-0.2321,-0.0907,0.2476,0.9646,-0.0,-0.0001,-0.0,0.0,0.0,0.0,-0.013,-0.0223,0.0868,2.3151,7.2304,-42.1944,0.0,0.0434,-0.3687,0.0,0.0,0.0,3781520.2413,2816740.1178,4801990.7095,-3748.4511,-4082.2424,5344.2358,3781517.9263,2816732.8874,4802032.9038,-3748.438,-4082.2202,5344.1491,0.0,0.0765,3.9732,0.0,0.0,1.0,0.0,1.0,0.0,0.0,-4.1,-36.453,0.0,0.0,-1.0,-0.7071,0.7071,0.0,0.080049984384758,0.0022360679774997894,-0.1,0.855622915044261,1.0960485120838184,1.5,0.15
397.1217,6.196,-0.078,0.019,2.223,-0.011,0.011,-0.091,-0.001,0.002,-0.091,-0.002,0.001,-0.133,-0.114,-0.134,-0.0,-0.006,-0.002,-0.0,-0.0,-0.0,859.831,-0.0,0.0,-0.0,0.0,0.0,0.0,0.0,0.0,0.9915,0.0424,-0.1233,-0.0706,0.9695,-0.2345,0.1096,0.2412,0.9643,0.669,0.7326,-0.1252,-0.7377,0.634,-0.2321,-0.0907,0.2476,0.9646,-0.0,-0.0001,-0.0,0.0,0.0,0.0,-0.0131,-0.0223,0.0868,2.3123,7.2256,-42.1757,0.0,0.0434,-0.3687,0.0,0.0,0.0,3780714.3528,2815862.5057,4803139.3712,-3749.5139,-4083.0341,5342.8859,3780712.0405,2815855.2801,4803181.5469,-3749.5009,-4083.0118,5342.7991,0.0,0.0765,3.9732,0.0,0.0,1.0,0.0,1.0,0.0,0.0,-4.1,-36.453,0.0,0.0,-1.0,-0.7071,0.7071,0.0,0.08028075734570521,0.0022360679774997894,-0.1,0.855458642607592,1.0925219724696489,1.5,0.15
397.3393,6.177,-0.079,0.019,2.203,-0.012,0.011,-0.091,-0.001,0.002,-0.091,-0.002,0.001,-0.134,-0.115,-0.134,-0.0,-0.006,-0.002,-0.0,-0.0,-0.0,859.831,-0.0,0.0,-0.0,0.0,0.0,0.0,0.0,0.0,0.9915,0.0424,-0.1233,-0.0706,0.9695,-0.2345,0.1096,0.2412,0.9643,0.669,0.7326,-0.1252,-0.7377,0.634,-0.2321,-0.0907,0.2476,0.9646,-0.0,-0.0001,-0.0,0.0,0.0,0.0,-0.0131,-0.0223,0.0868,2.3094,7.2208,-42.1568,0.0,0.0434,-0.3687,0.0,0.0,0.0,3779898.763,2814974.409,4804301.2337,-3750.589,-4083.8348,5341.5197,3779896.4536,2814967.1882,4804343.3905,-3750.5759,-4083.8125,5341.4329,0.0,0.0765,3.9732,0.0,0.0,1.0,0.0,1.0,0.0,0.0,-4.1,-36.453,0.0,0.0,-1.0,-0.7071,0.7071,0.0,0.08125269226308751,0.0022360679774997894,-0.1,0.8447254753500796,1.089171759836188,1.5,0.15
397.5549,6.157,-0.079,0.019,2.184,-0.012,0.011,-0.091,-0.001,0.002,-0.091,-0.002,0.001,-0.134,-0.117,-0.135,-0.0,-0.006,-0.002,-0.0,-0.0,-0.0,859.831,-0.0,0.0,-0.0,0.0,0.0,0.0,0.0,0.0,0.9915,0.0424,-0.1232,-0.0706,0.9695,-0.2345,0.1096,0.2412,0.9643,0.669,0.7326,-0.1252,-0.7377,0.634,-0.2321,-0.0907,0.2476,0.9646,-0.0,-0.0001,-0.0,0.0,0.0,0.0,-0.0131,-0.0223,0.0868,2.3066,7.2159,-42.1381,0.0,0.0434,-0.3687,0.0,0.0,0.0,3779090.2984,2814094.1501,4805452.324,-3751.6542,-4084.628,5340.1655,3779087.9918,2814086.9342,4805494.4622,-3751.6411,-4084.6057,5340.0788,0.0,0.0765,3.9732,0.0,0.0,1.0,0.0,1.0,0.0,0.0,-4.1,-36.453,0.0,0.0,-1.0,-0.7071,0.7071,0.0,0.08125269226308751,0.0022360679774997894,-0.1,0.8445597484221212,1.0856452202220188,1.5,0.15
397.7688,6.138,-0.079,0.02,2.164,-0.012,0.012,-0.091,-0.001,0.002,-0.091,-0.002,0.001,-0.134,-0.118,-0.135,-0.0,-0.006,-0.002,-0.0,-0.0,-0.0,859.831,-0.0,0.0,-0.0,0.0,0.0,0.0,0.0,0.0,0.9915,0.0424,-0.1232,-0.0706,0.9695,-0.2346,0.1095,0.2413,0.9643,0.669,0.7326,-0.1252,-0.7377,0.634,-0.2321,-0.0907,0.2476,0.9646,-0.0,-0.0001,-0.0,0.0,0.0,0.0,-0.0131,-0.0223,0.0868,2.3038,7.2112,-42.1196,0.0,0.0434,-0.3687,0.0,0.0,0.0,3778286.4116,2813218.9537,4806596.2827,-3752.7128,-4085.4163,5338.8191,3778284.1078,2813211.7426,4806638.4023,-3752.6997,-4085.3939,5338.7323,0.0,0.0765,3.9732,0.0,0.0,1.0,0.0,1.0,0.0,0.0,-4.1,-36.453,0.0,0.0,-1.0,-0.7071,0.7071,0.0,0.08149233092751734,0.0022360679774997894,-0.1,0.8439024882198477,1.082295007588558,1.5,0.15
397.9866,6.118,-0.08,0.02,2.145,-0.013,0.012,-0.091,-0.002,0.002,-0.091,-0.002,0.001,-0.134,-0.119,-0.135,-0.0,-0.006,-0.002,-0.0,-0.0,-0.0,859.831,-0.0,0.0,-0.0,0.0,0.0,0.0,0.0,0.0,0.9915,0.0424,-0.1232,-0.0706,0.9695,-0.2346,0.1095,0.2413,0.9643,0.669,0.7326,-0.1252,-0.7377,0.634,-0.2321,-0.0907,0.2476,0.9646,-0.0,-0.0001,-0.0,0.0,0.0,0.0,-0.0131,-0.0223,0.0868,2.301,7.2063,-42.1008,0.0,0.0434,-0.3687,0.0,0.0,0.0,3777474.8704,2812335.5035,4807750.5151,-3753.781,-4086.2116,5337.4599,3777472.5694,2812328.2972,4807792.6159,-3753.7679,-4086.1892,5337.3731,0.0,0.0765,3.9732,0.0,0.0,1.0,0.0,1.0,0.0,0.0,-4.1,-36.453,0.0,0.0,-1.0,-0.7071,0.7071,0.0,0.08246211251235322,0.00282842712474619,-0.1,0.8335340846785841,1.0787684679743887,1.5,0.15
398.203,6.099,-0.08,0.02,2.125,-0.013,0.012,-0.091,-0.002,0.002,-0.091,-0.002,0.001,-0.134,-0.121,-0.136,-0.0,-0.006,-0.002,-0.0,-0.0,-0.0,859.831,-0.0,0.0,-0.0,0.0,0.0,0.0,0.0,0.0,0.9915,0.0424,-0.1232,-0.0706,0.9695,-0.2346,0.1095,0.2413,0.9643,0.669,0.7326,-0.1252,-0.7377,0.634,-0.2321,-0.0907,0.2476,0.9646,-0.0,-0.0001,-0.0,0.0,0.0,0.0,-0.0131,-0.0223,0.0868,2.2982,7.2015,-42.082,0.0,0.0434,-0.3687,0.0,0.0,0.0,3776661.2642,2811449.8844,4808907.059,-3754.8514,-4087.0084,5336.0973,3776658.9661,2811442.683,4808949.1409,-3754.8382,-4086.9861,5336.0105,0.0,0.0765,3.9732,0.0,0.0,1.0,0.0,1.0,0.0,0.0,-4.1,-36.453,0.0,0.0,-1.0,-0.7071,0.7071,0.0,0.08246211251235322,0.00282842712474619,-0.1,0.8328211194306496,1.075418255340928,1.5,0.15
398.4173,6.079,-0.08,0.021,2.106,-0.013,0.012,-0.091,-0.002,0.002,-0.091,-0.002,0.001,-0.134,-0.122,-0.136,-0.0,-0.006,-0.002,-0.0,-0.0,-0.0,859.831,-0.0,0.0,-0.0,0.0,0.0,0.0,0.0,0.0,0.9915,0.0424,-0.1232,-0.0706,0.9695,-0.2346,0.1095,0.2413,0.9643,0.669,0.7326,-0.1252,-0.7377,0.634,-0.2321,-0.0907,0.2476,0.9646,-0.0,-0.0001,-0.0,0.0,0.0,0.0,-0.0131,-0.0224,0.0867,2.2953,7.1967,-42.0634,0.0,0.0434,-0.3687,0.0,0.0,0.0,3775854.7767,2810572.0934,4810052.8678,-3755.9118,-4087.7978,5334.7467,3775852.4814,2810564.8967,4810094.9312,-3755.8987,-4087.7755,5334.6599,0.0,0.0765,3.9732,0.0,0.0,1.0,0.0,1.0,0.0,0.0,-4.1,-36.453,0.0,0.0,-1.0,-0.7071,0.7071,0.0,0.08271033792700887,0.00282842712474619,-0.1,0.832601669340914,1.0718917157267585,1.5,0.15
398.6352,6.059,-0.081,0.021,2.086,-0.014,0.013,-0.091,-0.002,0.002,-0.091,-0.002,0.001,-0.134,-0.124,-0.137,-0.0,-0.006,-0.002,-0.0,-0.0,-0.0,859.831,-0.0,0.0,-0.0,0.0,0.0,0.0,0.0,0.0,0.9915,0.0424,-0.1231,-0.0706,0.9695,-0.2346,0.1094,0.2413,0.9643,0.669,0.7326,-0.1252,-0.7377,0.634,-0.2321,-0.0907,0.2476,0.9646,-0.0,-0.0001,-0.0,0.0,0.0,0.0,-0.0131,-0.0224,0.0867,2.2925,7.1918,-42.0444,0.0,0.0434,-0.3687,0.0,0.0,0.0,3775034.5587,2809679.4376,4811217.5539,-3756.9898,-4088.6002,5333.3731,3775032.2662,2809672.2458,4811259.5983,-3756.9767,-4088.5778,5333.2864,0.0,0.0765,3.9732,0.0,0.0,1.0,0.0,1.0,0.0,0.0,-4.1,-36.453,0.0,0.0,-1.0,-0.7071,0.7071,0.0,0.08367795408588811,0.00282842712474619,-0.1,0.8219976221405351,1.0683651761125894,1.5,0.15
398.8506,6.04,-0.081,0.021,2.067,-0.014,0.013,-0.091,-0.002,0.002,-0.091,-0.002,0.001,-0.134,-0.125,-0.137,-0.0,-0.006,-0.002,-0.0,-0.0,-0.0,859.831,-0.0,0.0,-0.0,0.0,0.0,0.0,0.0,0.0,0.9915,0.0424,-0.1231,-0.0706,0.9695,-0.2346,0.1094,0.2413,0.9643,0.669,0.7326,-0.1252,-0.7377,0.634,-0.2321,-0.0907,0.2476,0.9646,-0.0,-0.0001,-0.0,0.0,0.0,0.0,-0.0132,-0.0224,0.0867,2.2897,7.187,-42.0258,0.0,0.0434,-0.3687,0.0,0.0,0.0,3774227.3885,2808801.0618,4812363.0953,-3758.0501,-4089.3893,5332.0215,3774225.0989,2808793.8748,4812405.1211,-3758.037,-4089.3669,5331.9347,0.0,0.0765,3.9732,0.0,0.0,1.0,0.0,1.0,0.0,0.0,-4.1,-36.453,0.0,0.0,-1.0,-0.7071,0.7071,0.0,0.08367795408588811,0.00282842712474619,-0.1,0.8215130993542209,1.0650149634791284,1.5,0.15
399.0666,6.02,-0.081,0.022,2.047,-0.014,0.013,-0.091,-0.002,0.002,-0.091,-0.002,0.001,-0.134,-0.126,-0.137,-0.0,-0.006,-0.002,-0.0,-0.0,-0.0,859.831,-0.0,0.0,-0.0,0.0,0.0,0.0,0.0,0.0,0.9915,0.0424,-0.1231,-0.0706,0.9695,-0.2346,0.1094,0.2413,0.9643,0.669,0.7326,-0.1252,-0.7377,0.634,-0.2321,-0.0907,0.2476,0.9646,-0.0,-0.0001,-0.0,0.0,0.0,0.0,-0.0132,-0.0224,0.0867,2.2868,7.1821,-42.007,0.0,0.0434,-0.3687,0.0,0.0,0.0,3773412.7473,2807914.6348,4813518.6166,-3759.1197,-4090.1852,5330.6574,3773410.4605,2807907.4526,4813560.6236,-3759.1065,-4090.1629,5330.5706,0.0,0.0765,3.9732,0.0,0.0,1.0,0.0,1.0,0.0,0.0,-4.1,-36.453,0.0,0.0,-1.0,-0.7071,0.7071,0.0,0.08393449827097318,0.00282842712474619,-0.1,0.8207813662087405,1.0614884238649591,1.5,0.15
399.2809,6.001,-0.082,0.022,2.028,-0.015,0.013,-0.091,-0.002,0.002,-0.091,-0.002,0.001,-0.134,-0.128,-0.138,-0.0,-0.006,-0.002,-0.0,-0.0,-0.0,859.831,-0.0,0.0,-0.0,0.0,0.0,0.0,0.0,0.0,0.9915,0.0424,-0.1231,-0.0706,0.9695,-0.2346,0.1094,0.2413,0.9643,0.669,0.7326,-0.1252,-0.7377,0.634,-0.2321,-0.0907,0.2476,0.9646,-0.0,-0.0001,-0.0,0.0,0.0,0.0,-0.0132,-0.0224,0.0867,2.284,7.1773,-41.9884,0.0,0.0434,-0.3687,0.0,0.0,0.0,3772605.6,2807036.441,4814662.8934,-3760.1789,-4090.9734,5329.3059,3772603.316,2807029.2636,4814704.8817,-3760.1657,-4090.951,5329.2192,0.0,0.0765,3.9732,0.0,0.0,1.0,0.0,1.0,0.0,0.0,-4.1,-36.453,0.0,0.0,-1.0,-0.7071,0.7071,0.0,0.0848999411071645,0.00282842712474619,-0.1,0.8098632405337766,1.0581382112314983,1.5,0.15
399.494,5.982,-0.082,0.023,2.008,-0.015,0.014,-0.091,-0.002,0.002,-0.091,-0.002,0.001,-0.134,-0.129,-0.138,-0.0,-0.006,-0.002,-0.0,-0.0,-0.0,859.831,-0.0,0.0,-0.0,0.0,0.0,0.0,0.0,0.0,0.9915,0.0424,-0.123,-0.0706,0.9695,-0.2346,0.1093,0.2413,0.9643,0.669,0.7326,-0.1252,-0.7377,0.634,-0.2321,-0.0907,0.2476,0.9646,-0.0,-0.0001,-0.0,0.0,0.0,0.0,-0.0132,-0.0224,0.0867,2.2813,7.1726,-41.97,0.0,0.0434,-0.3687,0.0,0.0,0.0,3771810.4806,2806171.4098,4815789.519,-3761.2218,-4091.7494,5327.9746,3771808.1993,2806164.2372,4815831.489,-3761.2086,-4091.7269,5327.8879,0.0,0.0765,3.9732,0.0,0.0,1.0,0.0,1.0,0.0,0.0,-4.1,-36.453,0.0,0.0,-1.0,-0.7071,0.7071,0.0,0.08516454661418682,0.00282842712474619,-0.1,0.8092011421914698,1.0547879985980375,1.5,0.15
399.7088,5.962,-0.082,0.023,1.989,-0.015,0.014,-0.091,-0.002,0.002,-0.091,-0.002,0.001,-0.135,-0.13,-0.139,-0.0,-0.006,-0.002,-0.0,-0.0,-0.0,859.831,-0.0,0.0,-0.0,0.0,0.0,0.0,0.0,0.0,0.9915,0.0424,-0.123,-0.0705,0.9695,-0.2346,0.1093,0.2413,0.9643,0.669,0.7326,-0.1252,-0.7377,0.634,-0.2321,-0.0907,0.2476,0.9646,-0.0,-0.0001,-0.0,0.0,0.0,0.0,-0.0132,-0.0224,0.0867,2.2784,7.1678,-41.9514,0.0,0.0434,-0.3687,0.0,0.0,0.0,3771002.2063,2805292.1448,4816934.1757,-3762.2815,-4092.5377,5326.6213,3770999.9279,2805284.977,4816976.1271,-3762.2683,-4092.5153,5326.5346,0.0,0.0765,3.9732,0.0,0.0,1.0,0.0,1.0,0.0,0.0,-4.1,-36.453,0.0,0.0,-1.0,-0.7071,0.7071,0.0,0.08516454661418682,0.00282842712474619,-0.1,0.8089083812418975,1.0512614589838682,1.5,0.15
399.9272,5.943,-0.083,0.023,1.969,-0.016,0.014,-0.091,-0.002,0.002,-0.091,-0.002,0.001,-0.135,-0.132,-0.139,-0.0,-0.006,-0.002,-0.0,-0.0,-0.0,859.831,-0.0,0.0,-0.0,0.0,0.0,0.0,0.0,0.0,0.9915,0.0424,-0.123,-0.0705,0.9695,-0.2346,0.1093,0.2413,0.9643,0.669,0.7326,-0.1252,-0.7377,0.634,-0.2321,-0.0907,0.2476,0.9646,-0.0,-0.0001,-0.0,0.0,0.0,0.0,-0.0132,-0.0224,0.0867,2.2755,7.1629,-41.9324,0.0,0.0434,-0.3687,0.0,0.0,0.0,3770179.4525,2804397.209,4818098.7084,-3763.3596,-4093.3396,5325.2439,3770177.1769,2804390.0462,4818140.6408,-3763.3464,-4093.3172,5325.1572,0.0,0.0765,3.9732,0.0,0.0,1.0,0.0,1.0,0.0,0.0,-4.1,-36.453,0.0,0.0,-1.0,-0.7071,0.7071,0.0,0.0861278120005379,0.00282842712474619,-0.1,0.7975695133375799,1.0479112463504072,1.5,0.15
400.142,5.923,-0.083,0.024,1.95,-0.016,0.015,-0.091,-0.002,0.002,-0.091,-0.002,0.001,-0.135,-0.133,-0.139,-0.0,-0.006,-0.002,-0.0,-0.0,-0.0,859.831,-0.0,0.0,-0.0,0.0,0.0,0.0,0.0,0.0,0.9915,0.0424,-0.123,-0.0705,0.9695,-0.2346,0.1093,0.2413,0.9643,0.669,0.7326,-0.1252,-0.7377,0.634,-0.2321,-0.0907,0.2476,0.9646,-0.0,-0.0001,-0.0,0.0,0.0,0.0,-0.0132,-0.0224,0.0867,2.2727,7.1581,-41.9138,0.0,0.0434,-0.3687,0.0,0.0,0.0,3769371.5522,2803518.5093,4819241.6006,-3764.4177,-4094.1267,5323.8914,3769369.2796,2803511.3512,4819283.5145,-3764.4044,-4094.1042,5323.8047,0.0,0.0765,3.9732,0.0,0.0,1.0,0.0,1.0,0.0,0.0,-4.1,-36.453,0.0,0.0,-1.0,-0.7071,0.7071,0.0,0.0864002314811714,0.00282842712474619,-0.1,0.7975439636706164,1.044384706736238,1.5,0.15
400.3569,5.904,-0.083,0.024,1.93,-0.017,0.015,-0.091,-0.002,0.002,-0.091,-0.002,0.001,-0.135,-0.135,-0.14,-0.0,-0.006,-0.002,-0.0,-0.0,-0.0,859.831,-0.0,0.0,-0.0,0.0,0.0,0.0,0.0,0.0,0.9915,0.0424,-0.1229,-0.0705,0.9695,-0.2347,0.1093,0.2413,0.9643,0.669,0.7326,-0.1252,-0.7377,0.634,-0.2321,-0.0907,0.2476,0.9646,-0.0,-0.0001,-0.0,0.0,0.0,0.0,-0.0132,-0.0225,0.0867,2.2698,7.1532,-41.8953,0.0,0.0434,-0.3687,0.0,0.0,0.0,3768566.487,2802642.9702,4820379.8738,-3765.4716,-4094.9105,5322.5437,3768564.2171,2802635.8169,4820421.7691,-3765.4583,-4094.888,5322.457,0.0,0.0765,3.9732,0.0,0.0,1.0,0.0,1.0,0.0,0.0,-4.1,-36.453,0.0,0.0,-1.0,-0.7071,0.7071,0.0,0.0864002314811714,0.00282842712474619,-0.1,0.7716936093608561,1.0410344941027772,1.5,0.15
400.5712,5.884,-0.084,0.024,1.911,-0.017,0.015,-0.091,-0.002,0.002,-0.091,-0.002,0.001,-0.135,-0.136,-0.14,-0.0,-0.006,-0.002,-0.0,-0.0,-0.0,859.831,-0.0,0.0,-0.0,0.0,0.0,0.0,0.0,0.0,0.9915,0.0424,-0.1229,-0.0705,0.9695,-0.2347,0.1092,0.2413,0.9643,0.669,0.7326,-0.1252,-0.7377,0.634,-0.2321,-0.0907,0.2476,0.9646,-0.0,-0.0001,-0.0,0.0,0.0,0.0,-0.0133,-0.0225,0.0867,2.267,7.1484,-41.8765,0.0,0.0434,-0.3687,0.0,0.0,0.0,3767752.2682,2801757.5551,4821530.472,-3766.5369,-4095.7027,5321.1807,3767750.0012,2801750.4067,4821572.3485,-3766.5236,-4095.6802,5321.094,0.0,0.0765,3.9732,0.0,0.0,1.0,0.0,1.0,0.0,0.0,-4.1,-36.453,0.0,0.0,-1.0,-0.7071,0.7071,0.0,0.08736131867136622,0.00282842712474619,-0.1,0.785723592347487,1.0375079544886079,1.5,0.15
400.7866,5.865,-0.084,0.025,1.891,-0.017,0.016,-0.091,-0.002,0.002,-0.091,-0.002,0.001,-0.135,-0.137,-0.141,-0.0,-0.006,-0.002,-0.0,-0.0,-0.0,859.831,-0.0,0.0,-0.0,0.0,0.0,0.0,0.0,0.0,0.9915,0.0424,-0.1229,-0.0705,0.9695,-0.2347,0.1092,0.2413,0.9643,0.669,0.7326,-0.1252,-0.7377,0.634,-0.2321,-0.0907,0.2476,0.9646,-0.0,-0.0001,-0.0,0.0,0.0,0.0,-0.0133,-0.0225,0.0867,2.2642,7.1435,-41.8578,0.0,0.0434,-0.3687,0.0,0.0,0.0,3766938.5851,2800872.8015,4822679.6939,-3767.601,-4096.4939,5319.8187,3766936.3209,2800865.658,4822721.5517,-3767.5877,-4096.4714,5319.732,0.0,0.0765,3.9732,0.0,0.0,1.0,0.0,1.0,0.0,0.0,-4.1,-36.453,0.0,0.0,-1.0,-0.7071,0.7071,0.0,0.08764131445842195,0.00282842712474619,-0.1,0.7853185550123931,1.034157741855147,1.5,0.15
401.0012,5.845,-0.084,0.025,1.872,-0.018,0.016,-0.091,-0.002,0.002,-0.091,-0.002,0.001,-0.135,-0.139,-0.141,-0.0,-0.006,-0.002,-0.0,-0.0,-0.0,859.831,-0.0,0.0,-0.0,0.0,0.0,0.0,0.0,0.0,0.9915,0.0424,-0.1229,-0.0705,0.9695,-0.2347,0.1092,0.2413,0.9643,0.669,0.7326,-0.1252,-0.7377,0.634,-0.2321,-0.0907,0.2476,0.9646,-0.0,-0.0001,-0.0,0.0,0.0,0.0,-0.0133,-0.0225,0.0867,2.2613,7.1387,-41.8391,0.0,0.0434,-0.3687,0.0,0.0,0.0,3766125.7245,2799989.021,4823827.1357,-3768.6635,-4097.2839,5318.4581,3766123.4633,2799981.8824,4823868.9748,-3768.6502,-4097.2614,5318.3714,0.0,0.0765,3.9732,0.0,0.0,1.0,0.0,1.0,0.0,0.0,-4.1,-36.453,0.0,0.0,-1.0,-0.7071,0.7071,0.0,0.08764131445842195,0.00282842712474619,-0.1,0.7598428811931535,1.0306312022409778,1.5,0.15
401.218,5.826,-0.085,0.026,1.852,-0.018,0.016,-0.091,-0.002,0.002,-0.091,-0.002,0.001,-0.135,-0.14,-0.141,-0.0,-0.006,-0.002,-0.0,-0.0,-0.0,859.831,-0.0,0.0,-0.0,0.0,0.0,0.0,0.0,0.0,0.9915,0.0424,-0.1228,-0.0705,0.9695,-0.2347,0.1092,0.2414,0.9643,0.669,0.7326,-0.1252,-0.7377,0.634,-0.2321,-0.0907,0.2476,0.9646,-0.0,-0.0001,-0.0,0.0,0.0,0.0,-0.0133,-0.0225,0.0867,2.2585,7.1338,-41.8205,0.0,0.0434,-0.3687,0.0,0.0,0.0,3765315.9911,2799108.7191,4824969.5509,-3769.7213,-4098.0703,5317.1029,3765313.7327,2799101.5853,4825011.3713,-3769.708,-4098.0478,5317.0162,0.0,0.0765,3.9732,0.0,0.0,1.0,0.0,1.0,0.0,0.0,-4.1,-36.453,0.0,0.0,-1.0,-0.7071,0.7071,0.0,0.08888756943465155,0.00282842712474619,-0.1,0.7726506556772827,1.0272809896075168,1.5,0.15
401.4216,5.807,-0.085,0.026,1.834,-0.019,0.016,-0.091,-0.002,0.002,-0.091,-0.002,0.001,-0.135,-0.142,-0.142,-0.0,-0.006,-0.002,-0.0,-0.0,-0.0,859.831,-0.0,0.0,-0.0,0.0,0.0,0.0,0.0,0.0,0.9915,0.0424,-0.1228,-0.0705,0.9695,-0.2347,0.1091,0.2414,0.9643,0.669,0.7326,-0.1252,-0.7377,0.634,-0.2321,-0.0907,0.2476,0.9646,-0.0,-0.0001,-0.0,0.0,0.0,0.0,-0.0133,-0.0225,0.0867,2.2558,7.1293,-41.8029,0.0,0.0434,-0.3687,0.0,0.0,0.0,3764550.6487,2798276.749,4826048.7753,-3770.7207,-4098.8132,5315.8219,3764548.3929,2798269.6197,4826090.5782,-3770.7074,-4098.7907,5315.7352,0.0,0.0765,3.9732,0.0,0.0,1.0,0.0,1.0,0.0,0.0,-4.1,-36.453,0.0,0.0,-1.0,-0.7071,0.7071,0.0,0.08888756943465155,0.00282842712474619,-0.1,0.7470572249213318,1.0239307769740562,1.5,0.15
401.625,5.789,-0.085,0.026,1.815,-0.019,0.017,-0.091,0.003,0.002,-0.091,0.002,0.002,-0.135,-0.143,-0.142,-0.0,-0.007,-0.002,-0.0,-0.0,-0.0,859.814,-0.0,1.0,-0.0,0.0,0.0,0.0,0.0,0.0,0.9915,0.0424,-0.1228,-0.0705,0.9695,-0.2347,0.1091,0.2414,0.9643,0.669,0.7326,-0.1252,-0.7377,0.634,-0.2321,-0.0907,0.2476,0.9646,-0.0,-0.0001,-0.0,0.0,0.0,0.0,-0.0132,-0.0184,0.0877,2.253,7.1248,-41.7849,0.0,0.0434,-0.3687,0.0,0.0,0.0,3763772.6126,2797431.0513,4827145.3391,-3771.7361,-4099.5639,5314.5208,3763770.3596,2797423.9265,4827187.124,-3771.7229,-4099.5455,5314.4331,0.0,0.0765,3.9732,0.0,0.0,1.0,0.0,1.0,0.0,0.0,-4.1,-36.453,0.0,0.0,-1.0,-0.7071,0.7071,0.0,0.08888756943465155,0.0036055512754639895,-0.1,0.7475232135821158,1.0207568913213036,1.5,0.15
401.8299,5.77,-0.084,0.027,1.797,-0.018,0.017,-0.091,0.007,0.002,-0.091,0.006,0.002,-0.135,-0.144,-0.143,0.0,-0.007,-0.002,-0.0,-0.0,0.0,859.798,-0.0,0.0,-0.0,0.0,0.0,0.0,0.0,0.0,0.9915,0.0424,-0.1228,-0.0705,0.9695,-0.2347,0.1091,0.2414,0.9643,0.669,0.7326,-0.1252,-0.7377,0.634,-0.2321,-0.0907,0.2476,0.9646,-0.0,-0.0001,0.0,0.0,0.0,0.0,-0.0131,-0.0144,0.0887,2.2504,7.1217,-41.7671,0.0,0.0434,-0.3687,0.0,0.0,0.0,3763009.9449,2796602.1294,4828219.6953,-3772.731,-4100.2995,5313.2455,3763007.6945,2796595.0076,4828261.4624,-3772.7179,-4100.285,5313.1568,0.0,0.0765,3.9732,0.0,0.0,1.0,0.0,1.0,0.0,0.0,-4.1,-36.453,0.0,0.0,-1.0,-0.7071,0.7071,0.0,0.08823264701911646,0.007280109889280519,-0.1,0.7570385756571594,1.0174066786878428,1.5,0.15
402.044,5.751,-0.083,0.027,1.777,-0.016,0.017,-0.091,0.007,0.002,-0.091,0.006,0.002,-0.135,-0.146,-0.143,0.0,-0.007,-0.002,-0.0,-0.0,0.0,859.798,-0.0,0.0,-0.0,0.0,0.0,0.0,0.0,0.0,0.9915,0.0424,-0.1228,-0.0705,0.9695,-0.2347,0.1091,0.2414,0.9643,0.669,0.7326,-0.1252,-0.7377,0.634,-0.2321,-0.0907,0.2476,0.9646,-0.0,-0.0001,0.0,0.0,0.0,0.0,-0.0131,-0.0145,0.0887,2.2476,7.1186,-41.7478,0.0,0.0434,-0.3687,0.0,0.0,0.0,3762191.6514,2795712.827,4829371.8101,-3773.798,-4101.0924,5311.8761,3762189.4038,2795705.7084,4829413.5579,-3773.7849,-4101.0779,5311.7874,0.0,0.0765,3.9732,0.0,0.0,1.0,0.0,1.0,0.0,0.0,-4.1,-36.453,0.0,0.0,-1.0,-0.7071,0.7071,0.0,0.08728115489611718,0.007280109889280519,-0.1,0.792291297084054,1.014056466054382,1.5,0.15
402.2603,5.731,-0.081,0.028,1.758,-0.015,0.018,-0.091,0.007,0.002,-0.091,0.006,0.002,-0.135,-0.147,-0.143,0.0,-0.007,-0.002,-0.0,-0.0,0.0,859.798,-0.0,0.0,-0.0,0.0,0.0,0.0,0.0,0.0,0.9915,0.0424,-0.1227,-0.0705,0.9695,-0.2347,0.109,0.2414,0.9643,0.669,0.7326,-0.1252,-0.7377,0.634,-0.2321,-0.0907,0.2476,0.9646,-0.0,-0.0001,0.0,0.0,0.0,0.0,-0.0131,-0.0145,0.0887,2.2448,7.1155,-41.7289,0.0,0.0434,-0.3687,0.0,0.0,0.0,3761384.823,2794836.062,4830507.1723,-3774.8495,-4101.8738,5310.526,3761382.5782,2794828.9465,4830548.9011,-3774.8364,-4101.8593,5310.4373,0.0,0.0765,3.9732,0.0,0.0,1.0,0.0,1.0,0.0,0.0,-4.1,-36.453,0.0,0.0,-1.0,-0.7071,0.7071,0.0,0.08570297544426331,0.007280109889280519,-0.1,0.7891390806308982,1.0105299264402128,1.5,0.15
402.4751,5.712,-0.08,0.028,1.738,-0.013,0.018,-0.091,0.007,0.002,-0.091,0.006,0.002,-0.135,-0.149,-0.144,0.0,-0.007,-0.002,-0.0,-0.0,0.0,859.798,-0.0,0.0,-0.0,0.0,0.0,0.0,0.0,0.0,0.9915,0.0424,-0.1227,-0.0705,0.9695,-0.2347,0.109,0.2414,0.9643,0.669,0.7326,-0.1252,-0.7377,0.634,-0.2321,-0.0907,0.2476,0.9646,-0.0,-0.0001,0.0,0.0,0.0,0.0,-0.0131,-0.0145,0.0887,2.2419,7.1124,-41.7098,0.0,0.0434,-0.3687,0.0,0.0,0.0,3760572.7747,2793953.7026,4831649.2689,-3775.9073,-4102.6597,5309.1672,3760570.5328,2793946.5902,4831690.9787,-3775.8942,-4102.6453,5309.0785,0.0,0.0765,3.9732,0.0,0.0,1.0,0.0,1.0,0.0,0.0,-4.1,-36.453,0.0,0.0,-1.0,-0.7071,0.7071,0.0,0.08475848040166836,0.007280109889280519,-0.1,0.8246552049526282,1.007179713806752,1.5,0.15
402.6927,5.692,-0.079,0.029,1.719,-0.012,0.018,-0.091,0.007,0.002,-0.091,0.006,0.002,-0.135,-0.15,-0.144,0.0,-0.007,-0.002,-0.0,-0.0,0.0,859.798,-0.0,0.0,-0.0,0.0,0.0,0.0,0.0,0.0,0.9915,0.0424,-0.1227,-0.0705,0.9695,-0.2347,0.109,0.2414,0.9643,0.669,0.7326,-0.1252,-0.7377,0.634,-0.2321,-0.0907,0.2476,0.9646,-0.0,-0.0001,0.0,0.0,0.0,0.0,-0.0131,-0.0145,0.0887,2.2391,7.1092,-41.6905,0.0,0.0434,-0.3687,0.0,0.0,0.0,3759752.883,2793062.9003,4832801.7774,-3776.9749,-4103.4528,5307.7953,3759750.6439,2793055.7911,4832843.468,-3776.9617,-4103.4383,5307.7066,0.0,0.0765,3.9732,0.0,0.0,1.0,0.0,1.0,0.0,0.0,-4.1,-36.453,0.0,0.0,-1.0,-0.7071,0.7071,0.0,0.08415461959987698,0.007280109889280519,-0.1,0.8346190619744828,1.0036531741925827,1.5,0.15
402.9117,5.672,-0.077,0.029,1.699,-0.011,0.019,-0.091,0.007,0.002,-0.091,0.006,0.002,-0.135,-0.151,-0.145,0.0,-0.007,-0.002,-0.0,-0.0,0.0,859.798,-0.0,0.0,-0.0,0.0,0.0,0.0,0.0,0.0,0.9915,0.0424,-0.1227,-0.0705,0.9695,-0.2348,0.109,0.2414,0.9643,0.669,0.7326,-0.1252,-0.7377,0.634,-0.2321,-0.0907,0.2476,0.9646,-0.0,-0.0001,0.0,0.0,0.0,0.0,-0.0132,-0.0145,0.0887,2.2362,7.106,-41.6711,0.0,0.0434,-0.3687,0.0,0.0,0.0,3758926.0797,2792164.6692,4833963.3693,-3778.0508,-4104.2521,5306.4119,3758923.8435,2792157.5632,4834005.0404,-3778.0377,-4104.2376,5306.3233,0.0,0.0765,3.9732,0.0,0.0,1.0,0.0,1.0,0.0,0.0,-4.1,-36.453,0.0,0.0,-1.0,-0.7071,0.7071,0.0,0.08228000972289685,0.007280109889280519,-0.1,0.8324577890350171,1.0001266345784132,1.5,0.15
403.1218,5.653,-0.076,0.03,1.68,-0.009,0.019,-0.091,0.007,0.002,-0.091,0.006,0.002,-0.135,-0.153,-0.145,0.0,-0.007,-0.002,-0.0,-0.0,0.0,859.798,-0.0,0.0,-0.0,0.0,0.0,0.0,0.0,0.0,0.9915,0.0424,-0.1226,-0.0704,0.9695,-0.2348,0.1089,0.2414,0.9643,0.669,0.7326,-0.1252,-0.7377,0.634,-0.2321,-0.0907,0.2476,0.9646,-0.0,-0.0001,0.0,0.0,0.0,0.0,-0.0132,-0.0145,0.0887,2.2334,7.1029,-41.6521,0.0,0.0434,-0.3687,0.0,0.0,0.0,3758116.0006,2791284.6854,4835100.8508,-3779.1045,-4105.0347,5305.0566,3758113.7672,2791277.5824,4835142.503,-3779.0913,-4105.0202,5304.9679,0.0,0.0765,3.9732,0.0,0.0,1.0,0.0,1.0,0.0,0.0,-4.1,-36.453,0.0,0.0,-1.0,-0.7071,0.7071,0.0,0.08170679286326199,0.007280109889280519,-0.1,0.8676249597930354,0.9967764219449524,1.5,0.15
403.3221,5.635,-0.074,0.03,1.662,-0.008,0.019,-0.091,0.007,0.002,-0.091,0.006,0.002,-0.135,-0.154,-0.145,0.0,-0.007,-0.002,-0.0,-0.0,0.0,859.798,-0.0,0.0,-0.0,0.0,0.0,0.0,0.0,0.0,0.9916,0.0424,-0.1226,-0.0704,0.9695,-0.2348,0.1089,0.2414,0.9643,0.669,0.7326,-0.1252,-0.7377,0.634,-0.2321,-0.0907,0.2476,0.9646,-0.0,-0.0001,0.0,0.0,0.0,0.0,-0.0132,-0.0145,0.0887,2.2308,7.1001,-41.6347,0.0,0.0434,-0.3687,0.0,0.0,0.0,3757371.2141,2790475.6969,4836146.115,-3780.0728,-4105.7539,5303.8105,3757368.9832,2790468.5968,4836187.7496,-3780.0596,-4105.7394,5303.7219,0.0,0.0765,3.9732,0.0,0.0,1.0,0.0,1.0,0.0,0.0,-4.1,-36.453,0.0,0.0,-1.0,-0.7071,0.7071,0.0,0.07984985911070851,0.007280109889280519,-0.1,0.8640710667196275,0.9936025362922001,1.5,0.15
403.5409,5.615,-0.073,0.03,1.642,-0.007,0.02,-0.091,0.007,0.002,-0.091,0.006,0.002,-0.135,-0.156,-0.146,0.0,-0.007,-0.002,-0.0,-0.0,0.0,859.798,-0.0,0.0,-0.0,0.0,0.0,0.0,0.0,0.0,0.9916,0.0424,-0.1226,-0.0704,0.9695,-0.2348,0.1089,0.2414,0.9643,0.669,0.7326,-0.1252,-0.7377,0.634,-0.2321,-0.0907,0.2476,0.9646,-0.0,-0.0001,0.0,0.0,0.0,0.0,-0.0132,-0.0145,0.0887,2.228,7.0969,-41.6152,0.0,0.0434,-0.3687,0.0,0.0,0.0,3756543.885,2789577.1273,4837306.6209,-3781.1479,-4106.5523,5302.4265,3756541.6571,2789570.0304,4837348.2362,-3781.1347,-4106.5378,5302.3378,0.0,0.0765,3.9732,0.0,0.0,1.0,0.0,1.0,0.0,0.0,-4.1,-36.453,0.0,0.0,-1.0,-0.7071,0.7071,0.0,0.07892401408950256,0.007280109889280519,-0.1,0.8769214518981018,0.9900759966780309,1.5,0.15
403.7418,5.597,-0.072,0.031,1.624,-0.005,0.02,-0.091,0.006,0.002,-0.091,0.006,0.002,-0.135,-0.157,-0.146,0.0,-0.007,-0.002,-0.0,-0.0,0.0,859.798,-0.0,0.0,-0.0,0.0,0.0,0.0,0.0,0.0,0.9916,0.0424,-0.1226,-0.0704,0.9695,-0.2348,0.1089,0.2414,0.9643,0.669,0.7326,-0.1252,-0.7377,0.634,-0.2321,-0.0907,0.2476,0.9646,-0.0,-0.0001,0.0,0.0,0.0,0.0,-0.0132,-0.0145,0.0886,2.2253,7.094,-41.5975,0.0,0.0434,-0.3687,0.0,0.0,0.0,3755788.3065,2788756.5575,4838365.9293,-3782.1293,-4107.281,5301.1625,3755786.0812,2788749.4636,4838407.5268,-3782.1161,-4107.2665,5301.0738,0.0,0.0765,3.9732,0.0,0.0,1.0,0.0,1.0,0.0,0.0,-4.1,-36.453,0.0,0.0,-1.0,-0.7071,0.7071,0.0,0.07839005038906405,0.006324555320336759,-0.1,0.9123142526565425,0.9869021110252786,1.5,0.15
403.9555,5.578,-0.07,0.031,1.604,-0.004,0.021,-0.091,0.006,0.002,-0.091,0.006,0.002,-0.135,-0.158,-0.147,0.0,-0.007,-0.002,-0.0,-0.0,0.0,859.798,-0.0,0.0,-0.0,0.0,0.0,0.0,0.0,0.0,0.9916,0.0424,-0.1225,-0.0704,0.9695,-0.2348,0.1089,0.2414,0.9643,0.669,0.7326,-0.1252,-0.7377,0.634,-0.2321,-0.0907,0.2476,0.9646,-0.0,-0.0001,0.0,0.0,0.0,0.0,-0.0132,-0.0146,0.0886,2.2225,7.0909,-41.5785,0.0,0.0434,-0.3687,0.0,0.0,0.0,3754975.9821,2787874.4357,4839504.2055,-3783.1839,-4108.064,5299.8036,3754973.7597,2787867.3448,4839545.784,-3783.1706,-4108.0495,5299.715,0.0,0.0765,3.9732,0.0,0.0,1.0,0.0,1.0,0.0,0.0,-4.1,-36.453,0.0,0.0,-1.0,-0.7071,0.7071,0.0,0.07655716818169282,0.006324555320336759,-0.1,0.9110654229390713,0.9835518983918177,1.5,0.15
404.1726,5.558,-0.069,0.032,1.585,-0.003,0.021,-0.091,0.006,0.002,-0.091,0.006,0.002,-0.135,-0.16,-0.147,0.0,-0.007,-0.002,-0.0,-0.0,0.0,859.798,-0.0,0.0,-0.0,0.0,0.0,0.0,0.0,0.0,0.9916,0.0424,-0.1225,-0.0704,0.9695,-0.2348,0.1088,0.2415,0.9643,0.669,0.7326,-0.1252,-0.7377,0.634,-0.2321,-0.0907,0.2476,0.9646,-0.0,-0.0001,0.0,0.0,0.0,0.0,-0.0132,-0.0146,0.0886,2.2196,7.0877,-41.5593,0.0,0.0434,-0.3687,0.0,0.0,0.0,3754158.2796,2786986.5519,4840649.403,-3784.2449,-4108.8518,5298.4358,3754156.0599,2786979.4642,4840690.9623,-3784.2317,-4108.8372,5298.3472,0.0,0.0765,3.9732,0.0,0.0,1.0,0.0,1.0,0.0,0.0,-4.1,-36.453,0.0,0.0,-1.0,-0.7071,0.7071,0.0,0.07605918747922567,0.006324555320336759,-0.1,0.921140511156563,0.9800253587776483,1.5,0.15
404.3859,5.539,-0.067,0.032,1.565,-0.001,0.021,-0.091,0.006,0.002,-0.091,0.006,0.002,-0.135,-0.161,-0.147,0.0,-0.007,-0.002,-0.0,-0.0,0.0,859.798,-0.0,0.0,-0.0,0.0,0.0,0.0,0.0,0.0,0.9916,0.0424,-0.1225,-0.0704,0.9695,-0.2348,0.1088,0.2415,0.9643,0.669,0.7326,-0.1252,-0.7377,0.634,-0.2321,-0.0907,0.2476,0.9646,-0.0,-0.0001,0.0,0.0,0.0,0.0,-0.0132,-0.0146,0.0886,2.2168,7.0846,-41.5403,0.0,0.0434,-0.3687,0.0,0.0,0.0,3753346.7949,2786105.4975,4841785.2827,-3785.2973,-4109.633,5297.0785,3753344.5781,2786098.4129,4841826.8231,-3785.2841,-4109.6184,5296.9898,0.0,0.0765,3.9732,0.0,0.0,1.0,0.0,1.0,0.0,0.0,-4.1,-36.453,0.0,0.0,-1.0,-0.7071,0.7071,0.0,0.07424957912338628,0.006324555320336759,-0.1,0.9435224897622858,0.9766751461441875,1.5,0.15
404.6013,5.519,-0.066,0.033,1.546,0.0,0.022,-0.091,0.006,0.002,-0.091,0.006,0.002,-0.135,-0.163,-0.148,0.0,-0.007,-0.002,-0.0,-0.0,0.0,859.798,-0.0,0.0,-0.0,0.0,0.0,0.0,0.0,0.0,0.9916,0.0424,-0.1225,-0.0704,0.9695,-0.2348,0.1088,0.2415,0.9643,0.669,0.7326,-0.1252,-0.7377,0.634,-0.2321,-0.0907,0.2476,0.9646,-0.0,-0.0001,0.0,0.0,0.0,0.0,-0.0133,-0.0146,0.0886,2.2139,7.0814,-41.5213,0.0,0.0434,-0.3687,0.0,0.0,0.0,3752531.589,2785220.4812,4842925.7612,-3786.3541,-4110.4174,5295.715,3752529.3751,2785213.3998,4842967.2824,-3786.3408,-4110.4028,5295.6263,0.0,0.0765,3.9732,0.0,0.0,1.0,0.0,1.0,0.0,0.0,-4.1,-36.453,0.0,0.0,-1.0,-0.7071,0.7071,0.0,0.07379024325749306,0.006324555320336759,-0.1,0.9562088831517879,0.9731486065300182,1.5,0.15
404.8167,5.5,-0.065,0.033,1.526,0.002,0.022,-0.091,0.006,0.002,-0.091,0.006,0.002,-0.135,-0.164,-0.148,0.0,-0.007,-0.002,-0.0,-0.0,0.0,859.798,-0.0,0.0,-0.0,0.0,0.0,0.0,0.0,0.0,0.9916,0.0424,-0.1224,-0.0704,0.9695,-0.2348,0.1088,0.2415,0.9643,0.669,0.7326,-0.1252,-0.7377,0.634,-0.2321,-0.0907,0.2476,0.9646,-0.0,-0.0001,0.0,0.0,0.0,0.0,-0.0133,-0.0146,0.0886,2.2112,7.0783,-41.5022,0.0,0.0434,-0.3687,0.0,0.0,0.0,3751716.1727,2784335.3146,4844065.9221,-3787.4106,-4111.2015,5294.3512,3751713.9616,2784328.2363,4844107.4243,-3787.3973,-4111.1869,5294.2625,0.0,0.0765,3.9732,0.0,0.0,1.0,0.0,1.0,0.0,0.0,-4.1,-36.453,0.0,0.0,-1.0,-0.7071,0.7071,0.0,0.07289718787443039,0.006324555320336759,-0.1,0.993244957641194,0.9697983938965573,1.5,0.15
405.0329,5.48,-0.063,0.034,1.507,0.003,0.022,-0.091,0.006,0.002,-0.091,0.006,0.002,-0.134,-0.166,-0.149,0.0,-0.007,-0.002,-0.0,-0.0,0.0,859.798,-0.0,0.0,-0.0,0.0,0.0,0.0,0.0,0.0,0.9916,0.0424,-0.1224,-0.0704,0.9695,-0.2348,0.1087,0.2415,0.9643,0.669,0.7326,-0.1252,-0.7377,0.634,-0.2321,-0.0907,0.2476,0.9646,-0.0,-0.0001,0.0,0.0,0.0,0.0,-0.0133,-0.0146,0.0886,2.2083,7.0751,-41.483,0.0,0.0434,-0.3687,0.0,0.0,0.0,3750898.6244,2783447.9117,4845208.4493,-3788.4693,-4111.9872,5292.9839,3750896.4161,2783440.8365,4845249.9324,-3788.456,-4111.9726,5292.8952,0.0,0.0765,3.9732,0.0,0.0,1.0,0.0,1.0,0.0,0.0,-4.1,-36.453,0.0,0.0,-1.0,-0.7071,0.7071,0.0,0.07158910531638177,0.006324555320336759,-0.1,0.9894941200058847,0.9662718542823882,1.5,0.15
405.2511,5.461,-0.062,0.034,1.487,0.004,0.023,-0.091,0.006,0.002,-0.091,0.006,0.002,-0.134,-0.167,-0.149,0.0,-0.007,-0.002,-0.0,-0.0,0.0,859.798,-0.0,0.0,-0.0,0.0,0.0,0.0,0.0,0.0,0.9916,0.0424,-0.1224,-0.0704,0.9695,-0.2348,0.1087,0.2415,0.9643,0.669,0.7326,-0.1252,-0.7377,0.634,-0.2321,-0.0907,0.2476,0.9646,-0.0,-0.0001,0.0,0.0,0.0,0.0,-0.0133,-0.0146,0.0886,2.2053,7.0719,-41.4637,0.0,0.0434,-0.3687,0.0,0.0,0.0,3750072.0624,2782550.8049,4846362.9499,-3789.5392,-4112.7811,5291.6016,3750069.8571,2782543.733,4846404.4136,-3789.5259,-4112.7665,5291.5129,0.0,0.0765,3.9732,0.0,0.0,1.0,0.0,1.0,0.0,0.0,-4.1,-36.453,0.0,0.0,-1.0,-0.7071,0.7071,0.0,0.07071067811865475,0.006324555320336759,-0.1,1.0034407011618174,0.9629216416489272,1.5,0.15
405.4643,5.441,-0.061,0.035,1.468,0.006,0.023,-0.091,0.006,0.002,-0.091,0.006,0.002,-0.134,-0.168,-0.149,0.0,-0.007,-0.002,-0.0,-0.0,0.0,859.798,-0.0,0.0,-0.0,0.0,0.0,0.0,0.0,0.0,0.9916,0.0424,-0.1224,-0.0704,0.9695,-0.2349,0.1087,0.2415,0.9643,0.669,0.7326,-0.1252,-0.7377,0.634,-0.2321,-0.0907,0.2476,0.9646,-0.0,-0.0001,0.0,0.0,0.0,0.0,-0.0133,-0.0146,0.0886,2.2025,7.0688,-41.4448,0.0,0.0434,-0.3687,0.0,0.0,0.0,3749263.8753,2781673.7189,4847491.1788,-3790.5847,-4113.5569,5290.25,3749261.6728,2781666.6501,4847532.6236,-3790.5714,-4113.5422,5290.1614,0.0,0.0765,3.9732,0.0,0.0,1.0,0.0,1.0,0.0,0.0,-4.1,-36.453,0.0,0.0,-1.0,-0.7071,0.7071,0.0,0.07032780389006897,0.006324555320336759,-0.1,1.0399683532623039,0.9593951020347579,1.5,0.15
405.6811,5.422,-0.059,0.035,1.448,0.007,0.024,-0.091,0.006,0.002,-0.091,0.006,0.002,-0.134,-0.17,-0.15,0.0,-0.007,-0.002,-0.0,-0.0,0.0,859.798,-0.0,0.0,-0.0,0.0,0.0,0.0,0.0,0.0,0.9916,0.0424,-0.1223,-0.0704,0.9695,-0.2349,0.1087,0.2415,0.9643,0.669,0.7326,-0.1252,-0.7377,0.634,-0.2321,-0.0907,0.2476,0.9646,-0.0,-0.0001,0.0,0.0,0.0,0.0,-0.0133,-0.0146,0.0886,2.1996,7.0656,-41.4256,0.0,0.0434,-0.3687,0.0,0.0,0.0,3748440.9315,2780780.696,4848639.3911,-3791.6489,-4114.3463,5288.8739,3748438.7318,2780773.6304,4848680.8167,-3791.6356,-4114.3317,5288.7853,0.0,0.0765,3.9732,0.0,0.0,1.0,0.0,1.0,0.0,0.0,-4.1,-36.453,0.0,0.0,-1.0,-0.7071,0.7071,0.0,0.06860029154456998,0.006324555320336759,-0.1,1.0400646559277096,0.9560448894012971,1.5,0.15
405.8994,5.402,-0.058,0.036,1.428,0.008,0.024,-0.091,0.006,0.002,-0.091,0.006,0.002,-0.134,-0.171,-0.15,0.0,-0.007,-0.002,-0.0,-0.0,0.0,859.798,-0.0,0.0,-0.0,0.0,0.0,0.0,0.0,0.0,0.9916,0.0424,-0.1223,-0.0704,0.9695,-0.2349,0.1086,0.2415,0.9643,0.669,0.7326,-0.1252,-0.7377,0.634,-0.2321,-0.0907,0.2476,0.9646,-0.0,-0.0001,0.0,0.0,0.0,0.0,-0.0133,-0.0147,0.0886,2.1967,7.0624,-41.4062,0.0,0.0434,-0.3687,0.0,0.0,0.0,3747612.9476,2779882.2846,4849794.0106,-3792.719,-4115.1402,5287.4894,3747610.7508,2779875.2222,4849835.4168,-3792.7056,-4115.1255,5287.4008,0.0,0.0765,3.9732,0.0,0.0,1.0,0.0,1.0,0.0,0.0,-4.1,-36.453,0.0,0.0,-1.0,-0.7071,0.7071,0.0,0.06826419266350404,0.006324555320336759,-0.1,1.05056787853442,0.9525183497871278,1.5,0.15
406.1188,5.382,-0.056,0.036,1.409,0.01,0.024,-0.091,0.006,0.002,-0.091,0.006,0.002,-0.134,-0.173,-0.151,0.0,-0.007,-0.002,-0.0,-0.0,0.0,859.798,-0.0,0.0,-0.0,0.0,0.0,0.0,0.0,0.0,0.9916,0.0424,-0.1223,-0.0704,0.9695,-0.2349,0.1086,0.2415,0.9643,0.669,0.7326,-0.1252,-0.7377,0.634,-0.2321,-0.0907,0.2476,0.9646,-0.0,-0.0001,0.0,0.0,0.0,0.0,-0.0134,-0.0147,0.0886,2.1938,7.0592,-41.3869,0.0,0.0434,-0.3687,0.0,0.0,0.0,3746785.2675,2778984.2824,4850947.5773,-3793.7882,-4115.9332,5286.1054,3746783.0737,2778977.2231,4850988.9642,-3793.7748,-4115.9185,5286.0168,0.0,0.0765,3.9732,0.0,0.0,1.0,0.0,1.0,0.0,0.0,-4.1,-36.453,0.0,0.0,-1.0,-0.7071,0.7071,0.0,0.06657326790837295,0.006324555320336759,-0.1,1.0746347584411928,0.9489918101729584,1.5,0.15
406.3331,5.363,-0.055,0.037,1.389,0.011,0.025,-0.091,0.006,0.002,-0.091,0.006,0.002,-0.134,-0.174,-0.151,0.0,-0.007,-0.002,-0.0,-0.0,0.0,859.798,-0.0,0.0,-0.0,0.0,0.0,0.0,0.0,0.0,0.9916,0.0424,-0.1223,-0.0704,0.9695,-0.2349,0.1086,0.2415,0.9643,0.669,0.7326,-0.1252,-0.7377,0.634,-0.2321,-0.0907,0.2476,0.9646,-0.0,-0.0001,0.0,0.0,0.0,0.0,-0.0134,-0.0147,0.0886,2.191,7.0561,-41.3678,0.0,0.0434,-0.3687,0.0,0.0,0.0,3745968.9008,2778098.6338,4852084.764,-3794.8422,-4116.715,5284.7404,3745966.7098,2778091.5778,4852126.1318,-3794.8288,-4116.7003,5284.6518,0.0,0.0765,3.9732,0.0,0.0,1.0,0.0,1.0,0.0,0.0,-4.1,-36.453,0.0,0.0,-1.0,-0.7071,0.7071,0.0,0.0662872536767062,0.006324555320336759,-0.1,1.0879830042904666,0.9456415975394977,1.5,0.15
406.5467,5.343,-0.054,0.037,1.37,0.012,0.025,-0.091,0.006,0.002,-0.091,0.006,0.002,-0.134,-0.176,-0.151,0.0,-0.007,-0.002,-0.0,-0.0,0.0,859.798,-0.0,0.0,-0.0,0.0,0.0,0.0,0.0,0.0,0.9916,0.0424,-0.1222,-0.0704,0.9695,-0.2349,0.1086,0.2415,0.9643,0.669,0.7326,-0.1252,-0.7377,0.634,-0.2321,-0.0907,0.2476,0.9646,-0.0,-0.0001,0.0,0.0,0.0,0.0,-0.0134,-0.0147,0.0886,2.1881,7.0529,-41.3489,0.0,0.0434,-0.3687,0.0,0.0,0.0,3745157.7613,2777218.7327,4853214.0647,-3795.889,-4117.4912,5283.3843,3745155.5732,2777211.6798,4853255.4136,-3795.8756,-4117.4765,5283.2957,0.0,0.0765,3.9732,0.0,0.0,1.0,0.0,1.0,0.0,0.0,-4.1,-36.453,0.0,0.0,-1.0,-0.7071,0.7071,0.0,0.06545991139621257,0.006324555320336759,-0.1,1.1006122817820854,0.9421150579253283,1.5,0.15
406.7628,5.324,-0.052,0.038,1.351,0.014,0.026,-0.091,0.006,0.002,-0.091,0.006,0.002,-0.134,-0.177,-0.152,0.0,-0.007,-0.002,-0.0,-0.0,0.0,859.798,-0.0,0.0,-0.0,0.0,0.0,0.0,0.0,0.0,0.9916,0.0424,-0.1222,-0.0704,0.9695,-0.2349,0.1085,0.2415,0.9643,0.669,0.7326,-0.1252,-0.7377,0.634,-0.2321,-0.0907,0.2476,0.9646,-0.0,-0.0001,0.0,0.0,0.0,0.0,-0.0134,-0.0147,0.0886,2.1853,7.0498,-41.33,0.0,0.0434,-0.3687,0.0,0.0,0.0,3744349.6216,2776342.1622,4854338.5914,-3796.9314,-4118.2642,5282.0332,3744347.4363,2776335.1124,4854379.9214,-3796.918,-4118.2495,5281.9446,0.0,0.0765,3.9732,0.0,0.0,1.0,0.0,1.0,0.0,0.0,-4.1,-36.453,0.0,0.0,-1.0,-0.7071,0.7071,0.0,0.06440496875241847,0.006324555320336759,-0.1,1.126286286496247,0.9387648452918675,1.5,0.15
406.9771,5.304,-0.051,0.038,1.331,0.015,0.026,-0.091,0.006,0.002,-0.091,0.006,0.002,-0.134,-0.178,-0.152,0.0,-0.007,-0.002,-0.0,-0.0,0.0,859.798,-0.0,0.0,-0.0,0.0,0.0,0.0,0.0,0.0,0.9916,0.0424,-0.1222,-0.0704,0.9695,-0.2349,0.1085,0.2415,0.9643,0.669,0.7326,-0.1252,-0.7377,0.634,-0.2321,-0.0907,0.2476,0.9646,-0.0,-0.0001,0.0,0.0,0.0,0.0,-0.0134,-0.0147,0.0886,2.1824,7.0466,-41.3107,0.0,0.0434,-0.3687,0.0,0.0,0.0,3743522.005,2775444.5443,4855489.6028,-3797.9984,-4119.0553,5280.6496,3743519.8226,2775437.4978,4855530.9135,-3797.985,-4119.0406,5280.561,0.0,0.0765,3.9732,0.0,0.0,1.0,0.0,1.0,0.0,0.0,-4.1,-36.453,0.0,0.0,-1.0,-0.7071,0.7071,0.0,0.06360031446463138,0.006324555320336759,-0.1,1.1389735003536041,0.9352383056776983,1.5,0.15
407.1909,5.285,-0.05,0.039,1.311,0.016,0.026,-0.091,0.006,0.002,-0.091,0.006,0.002,-0.134,-0.18,-0.153,0.0,-0.007,-0.002,-0.0,-0.0,0.0,859.798,-0.0,0.0,-0.0,0.0,0.0,0.0,0.0,0.0,0.9916,0.0424,-0.1222,-0.0704,0.9695,-0.2349,0.1085,0.2415,0.9643,0.669,0.7326,-0.1252,-0.7377,0.634,-0.2321,-0.0907,0.2476,0.9646,-0.0,-0.0001,0.0,0.0,0.0,0.0,-0.0134,-0.0147,0.0886,2.1795,7.0434,-41.2918,0.0,0.0434,-0.3687,0.0,0.0,0.0,3742711.2093,2774565.2473,4856616.6137,-3799.0431,-4119.8298,5279.2942,3742709.0297,2774558.2038,4856657.9055,-3799.0297,-4119.8151,5279.2056,0.0,0.0765,3.9732,0.0,0.0,1.0,0.0,1.0,0.0,0.0,-4.1,-36.453,0.0,0.0,-1.0,-0.7071,0.7071,0.0,0.06341135544995076,0.006324555320336759,-0.1,1.1498887339997983,0.9318880930442375,1.5,0.15
407.406,5.265,-0.048,0.039,1.292,0.018,0.027,-0.091,0.006,0.002,-0.091,0.006,0.002,-0.134,-0.181,-0.153,0.0,-0.007,-0.002,-0.0,-0.0,0.0,859.798,-0.0,0.0,-0.0,0.0,0.0,0.0,0.0,0.0,0.9916,0.0424,-0.1221,-0.0703,0.9695,-0.2349,0.1085,0.2416,0.9643,0.669,0.7326,-0.1252,-0.7377,0.634,-0.2321,-0.0907,0.2476,0.9646,-0.0,-0.0001,0.0,0.0,0.0,0.0,-0.0134,-0.0147,0.0886,2.1766,7.0403,-41.2727,0.0,0.0434,-0.3687,0.0,0.0,0.0,3741890.6947,2773675.4883,4857756.5248,-3800.0999,-4120.6132,5277.9226,3741888.518,2773668.4481,4857797.7975,-3800.0865,-4120.5985,5277.834,0.0,0.0765,3.9732,0.0,0.0,1.0,0.0,1.0,0.0,0.0,-4.1,-36.453,0.0,0.0,-1.0,-0.7071,0.7071,0.0,0.06184658438426491,0.006324555320336759,-0.1,1.178048769992348,0.928361553430068,1.5,0.15
407.6244,5.246,-0.047,0.04,1.272,0.019,0.027,-0.091,0.006,0.002,-0.091,0.006,0.002,-0.134,-0.183,-0.153,0.0,-0.007,-0.002,-0.0,-0.0,0.0,859.798,-0.0,0.0,-0.0,0.0,0.0,0.0,0.0,0.0,0.9916,0.0424,-0.1221,-0.0703,0.9695,-0.2349,0.1084,0.2416,0.9643,0.669,0.7326,-0.1252,-0.7377,0.634,-0.2321,-0.0907,0.2476,0.9646,-0.0,-0.0001,0.0,0.0,0.0,0.0,-0.0134,-0.0147,0.0886,2.1737,7.037,-41.2534,0.0,0.0434,-0.3687,0.0,0.0,0.0,3741064.274,2772779.4037,4858904.0205,-3801.1638,-4121.4018,5276.5411,3741062.1003,2772772.3666,4858945.274,-3801.1503,-4121.387,5276.4526,0.0,0.0765,3.9732,0.0,0.0,1.0,0.0,1.0,0.0,0.0,-4.1,-36.453,0.0,0.0,-1.0,-0.7071,0.7071,0.0,0.06171709649683789,0.006324555320336759,-0.1,1.1891090629683938,0.9250113407966073,1.5,0.15
407.8259,5.227,-0.046,0.04,1.254,0.02,0.028,-0.091,0.006,0.002,-0.091,0.006,0.002,-0.134,-0.184,-0.154,0.0,-0.007,-0.002,-0.0,-0.0,0.0,859.798,-0.0,0.0,-0.0,0.0,0.0,0.0,0.0,0.0,0.9916,0.0424,-0.1221,-0.0703,0.9695,-0.235,0.1084,0.2416,0.9643,0.669,0.7326,-0.1252,-0.7377,0.634,-0.2321,-0.0907,0.2476,0.9646,-0.0,-0.0001,0.0,0.0,0.0,0.0,-0.0135,-0.0148,0.0886,2.1711,7.0341,-41.2356,0.0,0.0434,-0.3687,0.0,0.0,0.0,3740300.5152,2771951.3339,4859963.9582,-3802.1465,-4122.1301,5275.2645,3740298.3441,2771944.2998,4860005.1938,-3802.133,-4122.1153,5275.1759,0.0,0.0765,3.9732,0.0,0.0,1.0,0.0,1.0,0.0,0.0,-4.1,-36.453,0.0,0.0,-1.0,-0.7071,0.7071,0.0,0.06095900261651268,0.006324555320336759,-0.1,1.2057753967522487,0.9216611281631465,1.5,0.15
408.0285,5.209,-0.045,0.041,1.235,0.021,0.028,-0.091,0.002,0.002,-0.091,0.002,0.002,-0.134,-0.185,-0.154,0.0,-0.007,-0.002,-0.0,-0.0,0.0,859.782,-0.0,-1.0,-0.0,0.0,0.0,0.0,0.0,0.0,0.9916,0.0424,-0.1221,-0.0703,0.9695,-0.235,0.1084,0.2416,0.9643,0.669,0.7326,-0.1252,-0.7377,0.634,-0.2321,-0.0907,0.2476,0.9646,-0.0,-0.0001,0.0,0.0,0.0,0.0,-0.0136,-0.0189,0.0875,2.1682,7.0308,-41.2175,0.0,0.0434,-0.3687,0.0,0.0,0.0,3739518.1235,2771103.132,4861049.2033,-3803.1529,-4122.8799,5273.9558,3739515.9553,2771096.1012,4861090.4207,-3803.1392,-4122.861,5273.8682,0.0,0.0765,3.9732,0.0,0.0,1.0,0.0,1.0,0.0,0.0,-4.1,-36.453,0.0,0.0,-1.0,-0.7071,0.7071,0.0,0.0608769250208977,0.00282842712474619,-0.1,1.2168584563465081,0.918487242510394,1.5,0.15
408.2388,5.19,-0.045,0.041,1.217,0.021,0.028,-0.091,-0.001,0.002,-0.091,-0.001,0.002,-0.134,-0.187,-0.154,0.0,-0.007,-0.001,-0.0,-0.0,0.0,859.772,-0.0,0.0,-0.0,0.0,0.0,0.0,0.0,0.0,0.9916,0.0424,-0.122,-0.0703,0.9695,-0.235,0.1084,0.2416,0.9643,0.669,0.7326,-0.1252,-0.7377,0.634,-0.2321,-0.0907,0.2476,0.9646,-0.0,-0.0001,0.0,0.0,0.0,0.0,-0.0138,-0.0215,0.0869,2.1654,7.0264,-41.1994,0.0,0.0434,-0.3687,0.0,0.0,0.0,3738729.1344,2770247.8492,4862143.0375,-3804.1672,-4123.634,5272.6364,3738726.969,2770240.8227,4862184.2369,-3804.1534,-4123.6125,5272.5495,0.0,0.0765,3.9732,0.0,0.0,1.0,0.0,1.0,0.0,0.0,-4.1,-36.453,0.0,0.0,-1.0,-0.7071,0.7071,0.0,0.0608769250208977,0.0022360679774997894,-0.1,1.2182293710606003,0.9151370298769332,1.5,0.15
408.4539,5.17,-0.045,0.042,1.197,0.021,0.029,-0.091,-0.001,0.002,-0.091,-0.001,0.002,-0.134,-0.188,-0.155,0.0,-0.007,-0.001,-0.0,-0.0,0.0,859.772,-0.0,0.0,-0.0,0.0,0.0,0.0,0.0,0.0,0.9916,0.0424,-0.122,-0.0703,0.9695,-0.235,0.1083,0.2416,0.9643,0.669,0.7326,-0.1252,-0.7377,0.634,-0.2321,-0.0907,0.2476,0.9646,-0.0,-0.0001,0.0,0.0,0.0,0.0,-0.0138,-0.0215,0.0869,2.1624,7.0218,-41.1807,0.0,0.0434,-0.3687,0.0,0.0,0.0,3737907.3212,2769357.0605,4863281.777,-3805.2231,-4124.4163,5271.2629,3737905.1588,2769350.0387,4863322.9577,-3805.2093,-4124.3948,5271.176,0.0,0.0765,3.9732,0.0,0.0,1.0,0.0,1.0,0.0,0.0,-4.1,-36.453,0.0,0.0,-1.0,-0.7071,0.7071,0.0,0.06155485358604957,0.0022360679774997894,-0.1,1.2211391974942796,0.9116104902627639,1.5,0.15
408.6713,5.151,-0.045,0.042,1.178,0.021,0.029,-0.091,-0.001,0.002,-0.091,-0.001,0.002,-0.134,-0.19,-0.155,0.0,-0.007,-0.001,-0.0,-0.0,0.0,859.772,-0.0,0.0,-0.0,0.0,0.0,0.0,0.0,0.0,0.9916,0.0424,-0.122,-0.0703,0.9695,-0.235,0.1083,0.2416,0.9643,0.669,0.7326,-0.1252,-0.7377,0.634,-0.2321,-0.0907,0.2476,0.9646,-0.0,-0.0001,0.0,0.0,0.0,0.0,-0.0138,-0.0215,0.0869,2.1595,7.0172,-41.162,0.0,0.0434,-0.3687,0.0,0.0,0.0,3737089.0128,2768470.1481,4864415.0509,-3806.274,-4125.1949,5269.8954,3737086.8532,2768463.131,4864456.2128,-3806.2602,-4125.1734,5269.8085,0.0,0.0765,3.9732,0.0,0.0,1.0,0.0,1.0,0.0,0.0,-4.1,-36.453,0.0,0.0,-1.0,-0.7071,0.7071,0.0,0.06155485358604957,0.0022360679774997894,-0.1,1.2223838332722479,0.9082602776293031,1.5,0.15
408.8762,5.132,-0.045,0.043,1.159,0.021,0.03,-0.091,-0.001,0.002,-0.091,-0.001,0.002,-0.134,-0.191,-0.155,0.0,-0.007,-0.001,-0.0,-0.0,0.0,859.772,-0.0,0.0,-0.0,0.0,0.0,0.0,0.0,0.0,0.9916,0.0424,-0.122,-0.0703,0.9695,-0.235,0.1083,0.2416,0.9643,0.669,0.7326,-0.1252,-0.7377,0.634,-0.2321,-0.0907,0.2476,0.9646,-0.0,-0.0001,0.0,0.0,0.0,0.0,-0.0138,-0.0215,0.0869,2.1567,7.0128,-41.1441,0.0,0.0434,-0.3687,0.0,0.0,0.0,3736307.3766,2767623.0555,4865496.9719,-3807.2773,-4125.9381,5268.5891,3736305.2199,2767616.0427,4865538.116,-3807.2635,-4125.9166,5268.5023,0.0,0.0765,3.9732,0.0,0.0,1.0,0.0,1.0,0.0,0.0,-4.1,-36.453,0.0,0.0,-1.0,-0.7071,0.7071,0.0,0.062241465278381744,0.0022360679774997894,-0.1,1.2254340798582861,0.9049100649958421,1.5,0.15
409.0913,5.113,-0.045,0.043,1.139,0.021,0.03,-0.091,-0.001,0.002,-0.091,-0.001,0.002,-0.133,-0.192,-0.156,0.0,-0.007,-0.001,-0.0,-0.0,0.0,859.772,-0.0,0.0,-0.0,0.0,0.0,0.0,0.0,0.0,0.9916,0.0424,-0.122,-0.0703,0.9695,-0.235,0.1083,0.2416,0.9643,0.669,0.7326,-0.1252,-0.7377,0.634,-0.2321,-0.0907,0.2476,0.9646,-0.0,-0.0001,0.0,0.0,0.0,0.0,-0.0138,-0.0215,0.0869,2.1537,7.0081,-41.1253,0.0,0.0434,-0.3687,0.0,0.0,0.0,3735482.6287,2766729.3168,4866637.9663,-3808.3354,-4126.7218,5267.2109,3735480.475,2766722.3086,4866679.0916,-3808.3216,-4126.7003,5267.124,0.0,0.0765,3.9732,0.0,0.0,1.0,0.0,1.0,0.0,0.0,-4.1,-36.453,0.0,0.0,-1.0,-0.7071,0.7071,0.0,0.062241465278381744,0.0022360679774997894,-0.1,1.2265614374944283,0.9015598523623815,1.5,0.15
409.3074,5.093,-0.045,0.044,1.12,0.02,0.03,-0.091,-0.001,0.002,-0.091,-0.001,0.002,-0.133,-0.194,-0.156,0.0,-0.007,-0.001,-0.0,-0.0,0.0,859.772,-0.0,0.0,-0.0,0.0,0.0,0.0,0.0,0.0,0.9916,0.0424,-0.1219,-0.0703,0.9694,-0.235,0.1082,0.2416,0.9643,0.669,0.7326,-0.1252,-0.7377,0.634,-0.2321,-0.0907,0.2476,0.9646,-0.0,-0.0001,0.0,0.0,0.0,0.0,-0.0138,-0.0215,0.0869,2.1507,7.0035,-41.1065,0.0,0.0434,-0.3687,0.0,0.0,0.0,3734659.0894,2765836.9664,4867776.6755,-3809.3915,-4127.504,5265.8348,3734656.9386,2765829.963,4867817.782,-3809.3776,-4127.4824,5265.7479,0.0,0.0765,3.9732,0.0,0.0,1.0,0.0,1.0,0.0,0.0,-4.1,-36.453,0.0,0.0,-1.0,-0.7071,0.7071,0.0,0.06293647591023825,0.0022360679774997894,-0.1,1.1993565853856185,0.8980333127482121,1.5,0.15
409.5237,5.074,-0.045,0.044,1.1,0.02,0.031,-0.091,-0.001,0.002,-0.091,-0.001,0.002,-0.133,-0.195,-0.156,0.0,-0.007,-0.001,-0.0,-0.0,0.0,859.772,-0.0,0.0,-0.0,0.0,0.0,0.0,0.0,0.0,0.9916,0.0424,-0.1219,-0.0703,0.9694,-0.235,0.1082,0.2416,0.9643,0.669,0.7326,-0.1252,-0.7377,0.634,-0.2321,-0.0907,0.2476,0.9646,-0.0,-0.0001,0.0,0.0,0.0,0.0,-0.0138,-0.0215,0.0869,2.1477,6.9988,-41.0877,0.0,0.0434,-0.3687,0.0,0.0,0.0,3733834.7528,2764943.8307,4868915.873,-3810.448,-4128.2864,5264.4574,3733832.6051,2764936.8319,4868956.9608,-3810.4342,-4128.2648,5264.3705,0.0,0.0765,3.9732,0.0,0.0,1.0,0.0,1.0,0.0,0.0,-4.1,-36.453,0.0,0.0,-1.0,-0.7071,0.7071,0.0,0.06293647591023825,0.0022360679774997894,-0.1,1.2046537987171506,0.8946831001147513,1.5,0.15
409.7425,5.054,-0.046,0.045,1.081,0.02,0.031,-0.091,-0.001,0.002,-0.091,-0.001,0.002,-0.133,-0.197,-0.156,0.0,-0.007,-0.001,-0.0,-0.0,0.0,859.772,-0.0,0.0,-0.0,0.0,0.0,0.0,0.0,0.0,0.9916,0.0424,-0.1219,-0.0703,0.9694,-0.235,0.1082,0.2416,0.9643,0.669,0.7326,-0.1252,-0.7377,0.634,-0.2321,-0.0907,0.2476,0.9646,-0.0,-0.0001,0.0,0.0,0.0,0.0,-0.0139,-0.0215,0.0869,2.1447,6.9941,-41.0688,0.0,0.0434,-0.3687,0.0,0.0,0.0,3733005.0541,2764044.9642,4870061.8611,-3811.5109,-4129.0734,5263.071,3733002.9094,2764037.9701,4870102.9299,-3811.497,-4129.0519,5262.9842,0.0,0.0765,3.9732,0.0,0.0,1.0,0.0,1.0,0.0,0.0,-4.1,-36.453,0.0,0.0,-1.0,-0.7071,0.7071,0.0,0.06435060217278467,0.0022360679774997894,-0.1,1.2180831268271395,0.891156560500582,1.5,0.15
409.9582,5.034,-0.046,0.045,1.061,0.02,0.032,-0.091,-0.001,0.002,-0.091,-0.001,0.002,-0.133,-0.198,-0.157,0.0,-0.007,-0.001,-0.0,-0.0,0.0,859.772,-0.0,0.0,-0.0,0.0,0.0,0.0,0.0,0.0,0.9916,0.0424,-0.1219,-0.0703,0.9694,-0.235,0.1082,0.2416,0.9643,0.669,0.7326,-0.1252,-0.7377,0.634,-0.2321,-0.0907,0.2476,0.9646,-0.0,-0.0001,0.0,0.0,0.0,0.0,-0.0139,-0.0215,0.0869,2.1417,6.9895,-41.05,0.0,0.0434,-0.3687,0.0,0.0,0.0,3732180.8195,2763152.096,4871199.6868,-3812.5662,-4129.8548,5261.6939,3732178.6778,2763145.1066,4871240.7368,-3812.5524,-4129.8332,5261.6071,0.0,0.0765,3.9732,0.0,0.0,1.0,0.0,1.0,0.0,0.0,-4.1,-36.453,0.0,0.0,-1.0,-0.7071,0.7071,0.0,0.06435060217278467,0.0022360679774997894,-0.1,1.2239567268996725,0.8876300208864126,1.5,0.15
410.1756,5.015,-0.046,0.046,1.041,0.02,0.032,-0.091,-0.001,0.002,-0.091,-0.001,0.002,-0.133,-0.2,-0.157,0.0,-0.007,-0.001,-0.0,-0.0,0.0,859.772,-0.0,0.0,-0.0,0.0,0.0,0.0,0.0,0.0,0.9916,0.0424,-0.1218,-0.0703,0.9694,-0.235,0.1082,0.2416,0.9643,0.669,0.7326,-0.1252,-0.7377,0.634,-0.2321,-0.0907,0.2476,0.9646,-0.0,-0.0001,0.0,0.0,0.0,0.0,-0.0139,-0.0216,0.0869,2.1387,6.9848,-41.0312,0.0,0.0434,-0.3687,0.0,0.0,0.0,3731353.3746,2762255.8288,4872341.3279,-3813.6252,-4130.6387,5260.3115,3731351.2359,2762248.844,4872382.3591,-3813.6113,-4130.6172,5260.2246,0.0,0.0765,3.9732,0.0,0.0,1.0,0.0,1.0,0.0,0.0,-4.1,-36.453,0.0,0.0,-1.0,-0.7071,0.7071,0.0,0.06505382386916236,0.0022360679774997894,-0.1,1.2226569680218786,0.8842798082529518,1.5,0.15
410.378,4.996,-0.046,0.046,1.023,0.019,0.033,-0.091,-0.001,0.003,-0.091,-0.001,0.002,-0.133,-0.201,-0.157,0.0,-0.007,-0.001,-0.0,-0.0,0.0,859.772,-0.0,0.0,-0.0,0.0,0.0,0.0,0.0,0.0,0.9916,0.0424,-0.1218,-0.0703,0.9694,-0.235,0.1081,0.2416,0.9643,0.669,0.7326,-0.1252,-0.7377,0.634,-0.2321,-0.0907,0.2476,0.9646,-0.0,-0.0001,0.0,0.0,0.0,0.0,-0.0139,-0.0216,0.0869,2.1359,6.9804,-41.0135,0.0,0.0434,-0.3687,0.0,0.0,0.0,3730578.2056,2761416.2568,4873410.2836,-3814.6167,-4131.3727,5259.0165,3730576.0697,2761409.2764,4873451.2971,-3814.6028,-4131.3512,5258.9296,0.0,0.0765,3.9732,0.0,0.0,1.0,0.0,1.0,0.0,0.0,-4.1,-36.453,0.0,0.0,-1.0,-0.7071,0.7071,0.0,0.06505382386916236,0.0031622776601683794,-0.1,1.2023646264068475,0.8809295956194911,1.5,0.15
410.5941,4.977,-0.046,0.047,1.003,0.019,0.033,-0.091,-0.001,0.003,-0.091,-0.001,0.002,-0.133,-0.202,-0.158,0.0,-0.007,-0.001,-0.0,-0.0,0.0,859.772,-0.0,0.0,-0.0,0.0,0.0,0.0,0.0,0.0,0.9917,0.0424,-0.1218,-0.0703,0.9694,-0.235,0.1081,0.2416,0.9643,0.669,0.7326,-0.1252,-0.7377,0.634,-0.2321,-0.0907,0.2476,0.9646,-0.0,-0.0001,0.0,0.0,0.0,0.0,-0.0139,-0.0216,0.0869,2.1329,6.9757,-40.9948,0.0,0.0434,-0.3687,0.0,0.0,0.0,3729754.0428,2760523.6961,4874546.208,-3815.6705,-4132.1527,5257.6396,3729751.9098,2760516.7203,4874587.2028,-3815.6565,-4132.1311,5257.5528,0.0,0.0765,3.9732,0.0,0.0,1.0,0.0,1.0,0.0,0.0,-4.1,-36.453,0.0,0.0,-1.0,-0.7071,0.7071,0.0,0.06576473218982952,0.0031622776601683794,-0.1,1.2008362097898093,0.8775793829860302,1.5,0.15
410.8109,4.957,-0.046,0.047,0.984,0.019,0.033,-0.091,-0.001,0.003,-0.091,-0.001,0.002,-0.133,-0.204,-0.158,0.0,-0.007,-0.001,-0.0,-0.0,0.0,859.772,-0.0,0.0,-0.0,0.0,0.0,0.0,0.0,0.0,0.9917,0.0424,-0.1218,-0.0703,0.9694,-0.235,0.1081,0.2416,0.9643,0.669,0.7326,-0.1252,-0.7377,0.634,-0.2321,-0.0907,0.2476,0.9646,-0.0,-0.0001,0.0,0.0,0.0,0.0,-0.0139,-0.0216,0.0868,2.1299,6.9711,-40.9759,0.0,0.0434,-0.3687,0.0,0.0,0.0,3728926.4209,2759627.4683,4875686.2863,-3816.7281,-4132.9354,5256.2571,3728924.291,2759620.4973,4875727.2623,-3816.7141,-4132.9138,5256.1702,0.0,0.0765,3.9732,0.0,0.0,1.0,0.0,1.0,0.0,0.0,-4.1,-36.453,0.0,0.0,-1.0,-0.7071,0.7071,0.0,0.06576473218982952,0.0031622776601683794,-0.1,1.2024108315671351,0.8740528433718608,1.5,0.15
411.0293,4.937,-0.047,0.048,0.964,0.019,0.034,-0.091,-0.001,0.003,-0.091,-0.001,0.002,-0.133,-0.205,-0.158,0.0,-0.007,-0.001,-0.0,-0.0,0.0,859.772,-0.0,0.0,-0.0,0.0,0.0,0.0,0.0,0.0,0.9917,0.0424,-0.1217,-0.0703,0.9694,-0.2351,0.1081,0.2416,0.9643,0.669,0.7326,-0.1252,-0.7377,0.634,-0.2321,-0.0907,0.2476,0.9646,-0.0,-0.0001,0.0,0.0,0.0,0.0,-0.0139,-0.0216,0.0868,2.1269,6.9663,-40.957,0.0,0.0434,-0.3687,0.0,0.0,0.0,3728095.1938,2758727.4154,4876830.7112,-3817.7898,-4133.7211,5254.8686,3728093.0669,2758720.4491,4876871.6682,-3817.7758,-4133.6995,5254.7817,0.0,0.0765,3.9732,0.0,0.0,1.0,0.0,1.0,0.0,0.0,-4.1,-36.453,0.0,0.0,-1.0,-0.7071,0.7071,0.0,0.06717886572427373,0.0031622776601683794,-0.1,1.2204621027614515,0.8705263037576916,1.5,0.15
411.2457,4.918,-0.047,0.049,0.944,0.019,0.034,-0.091,-0.001,0.003,-0.091,-0.001,0.002,-0.133,-0.207,-0.158,0.0,-0.007,-0.001,-0.0,-0.0,0.0,859.772,-0.0,0.0,-0.0,0.0,0.0,0.0,0.0,0.0,0.9917,0.0424,-0.1217,-0.0703,0.9694,-0.2351,0.108,0.2417,0.9643,0.669,0.7326,-0.1252,-0.7377,0.634,-0.2321,-0.0907,0.2476,0.9646,-0.0,-0.0001,0.0,0.0,0.0,0.0,-0.0139,-0.0216,0.0868,2.1238,6.9617,-40.9383,0.0,0.0434,-0.3687,0.0,0.0,0.0,3727269.9378,2757833.9063,4877966.3007,-3818.8433,-4134.5006,5253.4901,3727267.814,2757826.9447,4878007.2389,-3818.8294,-4134.479,5253.4032,0.0,0.0765,3.9732,0.0,0.0,1.0,0.0,1.0,0.0,0.0,-4.1,-36.453,0.0,0.0,-1.0,-0.7071,0.7071,0.0,0.06789698078707182,0.0031622776601683794,-0.1,1.2189723912007988,0.8671760911242308,1.5,0.15
411.4573,4.898,-0.047,0.048,0.925,0.018,0.034,-0.091,-0.001,-0.004,-0.091,-0.001,-0.004,-0.133,-0.208,-0.159,0.0,-0.006,-0.001,-0.0,-0.0,0.0,859.747,-0.0,0.0,-0.0,0.0,0.0,0.0,0.0,0.0,0.9917,0.0424,-0.1217,-0.0703,0.9694,-0.2351,0.108,0.2417,0.9643,0.669,0.7326,-0.1252,-0.7377,0.634,-0.2321,-0.0907,0.2476,0.9646,-0.0,-0.0001,0.0,0.0,0.0,0.0,-0.0076,-0.0221,0.0875,2.1215,6.957,-40.9196,0.0,0.0434,-0.3687,0.0,0.0,0.0,3726451.3429,2756947.6851,4879092.1211,-3819.8814,-4135.2739,5252.1235,3726449.2213,2756940.7281,4879133.0407,-3819.8739,-4135.2518,5252.036,0.0,0.0765,3.9732,0.0,0.0,1.0,0.0,1.0,0.0,0.0,-4.1,-36.453,0.0,0.0,-1.0,-0.7071,0.7071,0.0,0.06717886572427373,0.00412310562561766,-0.1,1.1964613549833747,0.8636495515100614,1.5,0.15
411.6745,4.879,-0.047,0.048,0.906,0.018,0.033,-0.091,-0.001,-0.004,-0.091,-0.001,-0.004,-0.133,-0.21,-0.159,0.0,-0.006,-0.001,-0.0,-0.0,0.0,859.747,-0.0,0.0,-0.0,0.0,0.0,0.0,0.0,0.0,0.9917,0.0424,-0.1217,-0.0703,0.9694,-0.2351,0.108,0.2417,0.9643,0.669,0.7326,-0.1252,-0.7377,0.634,-0.2321,-0.0907,0.2476,0.9646,-0.0,-0.0001,0.0,0.0,0.0,0.0,-0.0076,-0.0221,0.0875,2.1199,6.9523,-40.9008,0.0,0.0434,-0.3687,0.0,0.0,0.0,3725630.9449,2756059.5887,4880219.8212,-3820.9277,-4136.048,5250.7532,3725628.825,2756052.6364,4880260.722,-3820.9202,-4136.0259,5250.6657,0.0,0.0765,3.9732,0.0,0.0,1.0,0.0,1.0,0.0,0.0,-4.1,-36.453,0.0,0.0,-1.0,-0.7071,0.7071,0.0,0.06717886572427373,0.00412310562561766,-0.1,1.1925673436557556,0.8602993388766005,1.5,0.15
411.8921,4.859,-0.047,0.047,0.886,0.018,0.032,-0.091,-0.001,-0.004,-0.091,-0.001,-0.004,-0.133,-0.211,-0.159,0.0,-0.006,-0.001,-0.0,-0.0,0.0,859.747,-0.0,0.0,-0.0,0.0,0.0,0.0,0.0,0.0,0.9917,0.0424,-0.1216,-0.0702,0.9694,-0.2351,0.108,0.2417,0.9643,0.669,0.7326,-0.1252,-0.7377,0.634,-0.2321,-0.0907,0.2476,0.9646,-0.0,-0.0001,0.0,0.0,0.0,0.0,-0.0076,-0.0221,0.0875,2.1182,6.9475,-40.8817,0.0,0.0434,-0.3687,0.0,0.0,0.0,3724799.8677,2755160.0098,4881361.5846,-3821.9871,-4136.8316,5249.3652,3724797.7495,2755153.0624,4881402.4663,-3821.9795,-4136.8095,5249.2777,0.0,0.0765,3.9732,0.0,0.0,1.0,0.0,1.0,0.0,0.0,-4.1,-36.453,0.0,0.0,-1.0,-0.7071,0.7071,0.0,0.06646803743153547,0.00412310562561766,-0.1,1.191664697598675,0.8567727992624313,1.5,0.15
412.1057,4.84,-0.048,0.046,0.867,0.018,0.031,-0.091,-0.001,-0.004,-0.091,-0.001,-0.004,-0.133,-0.212,-0.16,0.0,-0.006,-0.001,-0.0,-0.0,0.0,859.747,-0.0,0.0,-0.0,0.0,0.0,0.0,0.0,0.0,0.9917,0.0424,-0.1216,-0.0702,0.9694,-0.2351,0.1079,0.2417,0.9643,0.669,0.7326,-0.1252,-0.7377,0.634,-0.2321,-0.0907,0.2476,0.9646,-0.0,-0.0001,0.0,0.0,0.0,0.0,-0.0076,-0.0221,0.0875,2.1166,6.9427,-40.863,0.0,0.0434,-0.3687,0.0,0.0,0.0,3723980.1865,2754272.8434,4882487.0867,-3823.0315,-4137.6041,5247.9963,3723978.0698,2754265.9007,4882527.9496,-3823.0239,-4137.582,5247.9088,0.0,0.0765,3.9732,0.0,0.0,1.0,0.0,1.0,0.0,0.0,-4.1,-36.453,0.0,0.0,-1.0,-0.7071,0.7071,0.0,0.06648308055437865,0.00412310562561766,-0.1,1.2050194323119743,0.8534225866289704,1.5,0.15
412.3254,4.82,-0.048,0.045,0.847,0.018,0.031,-0.091,-0.001,-0.004,-0.091,-0.001,-0.004,-0.133,-0.214,-0.16,0.0,-0.006,-0.001,-0.0,-0.0,0.0,859.747,-0.0,0.0,-0.0,0.0,0.0,0.0,0.0,0.0,0.9917,0.0424,-0.1216,-0.0702,0.9694,-0.2351,0.1079,0.2417,0.9643,0.669,0.7326,-0.1252,-0.7377,0.634,-0.2321,-0.0907,0.2476,0.9646,-0.0,-0.0001,0.0,0.0,0.0,0.0,-0.0076,-0.0221,0.0875,2.115,6.9379,-40.8439,0.0,0.0434,-0.3687,0.0,0.0,0.0,3723144.5965,2753368.5379,4883633.815,-3824.0956,-4138.391,5246.6008,3723142.4816,2753361.6,4883674.6588,-3824.088,-4138.3689,5246.5133,0.0,0.0765,3.9732,0.0,0.0,1.0,0.0,1.0,0.0,0.0,-4.1,-36.453,0.0,0.0,-1.0,-0.7071,0.7071,0.0,0.06579513659838392,0.00412310562561766,-0.1,1.2088269616204703,0.8498960470148013,1.5,0.15
412.5416,4.801,-0.048,0.044,0.827,0.017,0.03,-0.091,-0.001,-0.004,-0.091,-0.001,-0.004,-0.132,-0.215,-0.16,0.0,-0.006,-0.001,-0.0,-0.0,0.0,859.747,-0.0,0.0,-0.0,0.0,0.0,0.0,0.0,0.0,0.9917,0.0424,-0.1216,-0.0702,0.9694,-0.2351,0.1079,0.2417,0.9643,0.669,0.7326,-0.1252,-0.7377,0.634,-0.2321,-0.0907,0.2476,0.9646,-0.0,-0.0001,0.0,0.0,0.0,0.0,-0.0076,-0.0221,0.0875,2.1133,6.9331,-40.8249,0.0,0.0434,-0.3687,0.0,0.0,0.0,3722317.3132,2752473.3006,4884768.5293,-3825.1486,-4139.1697,5245.2193,3722315.1999,2752466.3675,4884809.3543,-3825.1409,-4139.1476,5245.1318,0.0,0.0765,3.9732,0.0,0.0,1.0,0.0,1.0,0.0,0.0,-4.1,-36.453,0.0,0.0,-1.0,-0.7071,0.7071,0.0,0.06511528238439883,0.00412310562561766,-0.1,1.180410846335765,0.8465458343813403,1.5,0.15
412.7603,4.781,-0.048,0.044,0.807,0.017,0.029,-0.091,-0.001,-0.004,-0.091,-0.001,-0.004,-0.132,-0.217,-0.161,0.0,-0.006,-0.001,-0.0,-0.0,0.0,859.747,-0.0,0.0,-0.0,0.0,0.0,0.0,0.0,0.0,0.9917,0.0424,-0.1215,-0.0702,0.9694,-0.2351,0.1079,0.2417,0.9643,0.669,0.7326,-0.1252,-0.7377,0.634,-0.2321,-0.0907,0.2476,0.9646,-0.0,-0.0001,0.0,0.0,0.0,0.0,-0.0077,-0.0221,0.0875,2.1116,6.9282,-40.8057,0.0,0.0434,-0.3687,0.0,0.0,0.0,3721477.4612,2751564.542,4885919.858,-3826.217,-4139.9597,5243.8169,3721475.3495,2751557.6138,4885960.6637,-3826.2094,-4139.9376,5243.7294,0.0,0.0765,3.9732,0.0,0.0,1.0,0.0,1.0,0.0,0.0,-4.1,-36.453,0.0,0.0,-1.0,-0.7071,0.7071,0.0,0.06511528238439883,0.00412310562561766,-0.1,1.1773838961509415,0.843019294767171,1.5,0.15
412.9785,4.761,-0.048,0.043,0.788,0.017,0.028,-0.091,-0.001,-0.004,-0.091,-0.001,-0.004,-0.132,-0.218,-0.161,0.0,-0.006,-0.001,-0.0,-0.0,0.0,859.747,-0.0,0.0,-0.0,0.0,0.0,0.0,0.0,0.0,0.9917,0.0424,-0.1215,-0.0702,0.9694,-0.2351,0.1078,0.2417,0.9643,0.669,0.7326,-0.1252,-0.7377,0.634,-0.2321,-0.0907,0.2476,0.9646,-0.0,-0.0001,0.0,0.0,0.0,0.0,-0.0077,-0.0221,0.0875,2.11,6.9234,-40.7867,0.0,0.0434,-0.3687,0.0,0.0,0.0,3720645.6416,2750664.5535,4887059.5541,-3827.2747,-4140.7417,5242.4279,3720643.5316,2750657.6301,4887100.3408,-3827.267,-4140.7196,5242.3404,0.0,0.0765,3.9732,0.0,0.0,1.0,0.0,1.0,0.0,0.0,-4.1,-36.453,0.0,0.0,-1.0,-0.7071,0.7071,0.0,0.06444377394287208,0.00412310562561766,-0.1,1.1769604976032422,0.8394927551530018,1.5,0.15
413.1973,4.741,-0.049,0.042,0.768,0.017,0.027,-0.091,-0.001,-0.004,-0.091,-0.001,-0.004,-0.132,-0.219,-0.161,0.0,-0.006,-0.001,-0.0,-0.0,0.0,859.747,-0.0,0.0,-0.0,0.0,0.0,0.0,0.0,0.0,0.9917,0.0424,-0.1215,-0.0702,0.9694,-0.2351,0.1078,0.2417,0.9643,0.669,0.7326,-0.1252,-0.7377,0.634,-0.2321,-0.0907,0.2476,0.9646,-0.0,-0.0001,0.0,0.0,0.0,0.0,-0.0077,-0.0222,0.0875,2.1083,6.9186,-40.7675,0.0,0.0434,-0.3687,0.0,0.0,0.0,3719805.6591,2749755.8139,4888209.8103,-3828.3423,-4141.5309,5241.0254,3719803.5508,2749748.8953,4888250.5778,-3828.3346,-4141.5087,5240.9379,0.0,0.0765,3.9732,0.0,0.0,1.0,0.0,1.0,0.0,0.0,-4.1,-36.453,0.0,0.0,-1.0,-0.7071,0.7071,0.0,0.06453681120105022,0.00412310562561766,-0.1,1.190792575635054,0.8359662155388324,1.5,0.15
413.4172,4.721,-0.049,0.041,0.748,0.017,0.026,-0.091,-0.001,-0.004,-0.091,-0.001,-0.004,-0.132,-0.221,-0.161,0.0,-0.006,-0.001,-0.0,-0.0,0.0,859.747,-0.0,0.0,-0.0,0.0,0.0,0.0,0.0,0.0,0.9917,0.0424,-0.1215,-0.0702,0.9694,-0.2351,0.1078,0.2417,0.9643,0.669,0.7326,-0.1252,-0.7377,0.634,-0.2321,-0.0907,0.2476,0.9646,-0.0,-0.0001,0.0,0.0,0.0,0.0,-0.0077,-0.0222,0.0875,2.1066,6.9137,-40.7483,0.0,0.0434,-0.3687,0.0,0.0,0.0,3718964.0659,2748845.4115,4889361.6407,-3829.4113,-4142.3211,5239.6202,3718961.9593,2748838.4978,4889402.389,-3829.4036,-4142.299,5239.5327,0.0,0.0765,3.9732,0.0,0.0,1.0,0.0,1.0,0.0,0.0,-4.1,-36.453,0.0,0.0,-1.0,-0.7071,0.7071,0.0,0.06389053137985315,0.00412310562561766,-0.1,1.1904541423340265,0.8324396759246632,1.5,0.15
413.6362,4.701,-0.049,0.04,0.728,0.016,0.025,-0.091,-0.001,-0.004,-0.091,-0.001,-0.004,-0.132,-0.222,-0.162,0.0,-0.006,-0.001,-0.0,-0.0,0.0,859.747,-0.0,0.0,-0.0,0.0,0.0,0.0,0.0,0.0,0.9917,0.0424,-0.1214,-0.0702,0.9694,-0.2351,0.1078,0.2417,0.9643,0.669,0.7326,-0.1252,-0.7377,0.634,-0.2321,-0.0907,0.2476,0.9646,-0.0,-0.0001,0.0,0.0,0.0,0.0,-0.0077,-0.0222,0.0875,2.105,6.9088,-40.7291,0.0,0.0434,-0.3687,0.0,0.0,0.0,3718125.0408,2747937.8678,4890509.3301,-3830.4766,-4143.1085,5238.2194,3718122.9359,2747930.959,4890550.0592,-3830.4688,-4143.0863,5238.1319,0.0,0.0765,3.9732,0.0,0.0,1.0,0.0,1.0,0.0,0.0,-4.1,-36.453,0.0,0.0,-1.0,-0.7071,0.7071,0.0,0.06325345840347388,0.00412310562561766,-0.1,1.162329562560236,0.8289131363104938,1.5,0.15
413.8378,4.683,-0.049,0.039,0.71,0.016,0.024,-0.091,-0.001,-0.004,-0.091,-0.001,-0.004,-0.132,-0.223,-0.162,0.0,-0.006,-0.001,-0.0,-0.0,0.0,859.747,-0.0,0.0,-0.0,0.0,0.0,0.0,0.0,0.0,0.9917,0.0424,-0.1214,-0.0702,0.9694,-0.2351,0.1077,0.2417,0.9643,0.669,0.7326,-0.1252,-0.7377,0.634,-0.2321,-0.0907,0.2476,0.9646,-0.0,-0.0001,0.0,0.0,0.0,0.0,-0.0077,-0.0222,0.0875,2.1034,6.9044,-40.7116,0.0,0.0434,-0.3687,0.0,0.0,0.0,3717357.9217,2747108.1719,4891558.1118,-3831.45,-4143.8279,5236.9387,3717355.8183,2747101.2675,4891598.8234,-3831.4423,-4143.8057,5236.8512,0.0,0.0765,3.9732,0.0,0.0,1.0,0.0,1.0,0.0,0.0,-4.1,-36.453,0.0,0.0,-1.0,-0.7071,0.7071,0.0,0.0626258732474047,0.00412310562561766,-0.1,1.1620153958079533,0.8257392506577415,1.5,0.15
414.0561,4.664,-0.049,0.039,0.69,0.016,0.023,-0.091,-0.001,-0.004,-0.091,-0.001,-0.004,-0.132,-0.225,-0.162,0.0,-0.006,-0.001,-0.0,-0.0,0.0,859.747,-0.0,0.0,-0.0,0.0,0.0,0.0,0.0,0.0,0.9917,0.0424,-0.1214,-0.0702,0.9694,-0.2351,0.1077,0.2417,0.9643,0.669,0.7326,-0.1252,-0.7377,0.634,-0.2321,-0.0907,0.2476,0.9646,-0.0,-0.0001,0.0,0.0,0.0,0.0,-0.0077,-0.0222,0.0875,2.1017,6.8995,-40.6924,0.0,0.0434,-0.3687,0.0,0.0,0.0,3716518.6365,2746200.4991,4892704.9576,-3832.5146,-4144.6145,5235.5376,3716516.5348,2746193.5996,4892745.65,-3832.5069,-4144.5923,5235.4501,0.0,0.0765,3.9732,0.0,0.0,1.0,0.0,1.0,0.0,0.0,-4.1,-36.453,0.0,0.0,-1.0,-0.7071,0.7071,0.0,0.0626258732474047,0.00412310562561766,-0.1,1.1605596474573807,0.8223890380242805,1.5,0.15
414.2744,4.644,-0.05,0.038,0.67,0.016,0.022,-0.091,-0.001,-0.004,-0.09,-0.001,-0.004,-0.132,-0.226,-0.163,0.0,-0.006,-0.001,-0.0,-0.0,0.0,859.747,-0.0,0.0,-0.0,0.0,0.0,0.0,0.0,0.0,0.9917,0.0424,-0.1214,-0.0702,0.9694,-0.2352,0.1077,0.2417,0.9644,0.669,0.7326,-0.1252,-0.7377,0.634,-0.2321,-0.0907,0.2476,0.9646,-0.0,-0.0001,0.0,0.0,0.0,0.0,-0.0077,-0.0222,0.0875,2.1,6.8947,-40.6733,0.0,0.0434,-0.3687,0.0,0.0,0.0,3715681.4413,2745295.1667,4893848.3256,-3833.576,-4145.3988,5234.14,3715679.3412,2745288.272,4893888.9989,-3833.5682,-4145.3766,5234.0525,0.0,0.0765,3.9732,0.0,0.0,1.0,0.0,1.0,0.0,0.0,-4.1,-36.453,0.0,0.0,-1.0,-0.7071,0.7071,0.0,0.06280127387243033,0.00412310562561766,-0.1,1.1751595584160164,0.8188624984101114,1.5,0.15
414.4931,4.624,-0.05,0.037,0.651,0.015,0.021,-0.09,-0.001,-0.004,-0.09,-0.001,-0.004,-0.132,-0.228,-0.163,0.0,-0.006,-0.001,-0.0,-0.0,0.0,859.747,-0.0,0.0,-0.0,0.0,0.0,0.0,0.0,0.0,0.9917,0.0424,-0.1213,-0.0702,0.9694,-0.2352,0.1077,0.2417,0.9644,0.669,0.7326,-0.1252,-0.7377,0.634,-0.2321,-0.0907,0.2476,0.9646,-0.0,-0.0001,0.0,0.0,0.0,0.0,-0.0078,-0.0222,0.0875,2.0984,6.8898,-40.6542,0.0,0.0434,-0.3687,0.0,0.0,0.0,3714842.318,2744387.8291,4894993.7033,-3834.6392,-4146.1843,5232.7392,3714840.2196,2744380.9393,4895034.3575,-3834.6315,-4146.1621,5232.6518,0.0,0.0765,3.9732,0.0,0.0,1.0,0.0,1.0,0.0,0.0,-4.1,-36.453,0.0,0.0,-1.0,-0.7071,0.7071,0.0,0.06220128616033595,0.00412310562561766,-0.1,1.1474197500851961,0.815335958795942,1.5,0.15
414.6945,4.606,-0.05,0.036,0.632,0.015,0.021,-0.09,-0.001,-0.004,-0.09,-0.001,-0.004,-0.132,-0.229,-0.163,0.0,-0.006,-0.001,-0.0,-0.0,0.0,859.747,-0.0,0.0,-0.0,0.0,0.0,0.0,0.0,0.0,0.9917,0.0424,-0.1213,-0.0702,0.9694,-0.2352,0.1077,0.2417,0.9644,0.669,0.7326,-0.1252,-0.7377,0.634,-0.2321,-0.0907,0.2476,0.9646,-0.0,-0.0001,0.0,0.0,0.0,0.0,-0.0078,-0.0222,0.0875,2.0968,6.8853,-40.6366,0.0,0.0434,-0.3687,0.0,0.0,0.0,3714071.9578,2743554.9139,4896044.6709,-3835.6149,-4146.9051,5231.4533,3714069.861,2743548.0286,4896085.3075,-3835.6071,-4146.8828,5231.3659,0.0,0.0765,3.9732,0.0,0.0,1.0,0.0,1.0,0.0,0.0,-4.1,-36.453,0.0,0.0,-1.0,-0.7071,0.7071,0.0,0.06161168720299746,0.00412310562561766,-0.1,1.1491009678696886,0.8121620731431897,1.5,0.15
414.897,4.587,-0.05,0.036,0.614,0.015,0.02,-0.09,-0.001,-0.004,-0.09,-0.001,-0.004,-0.132,-0.23,-0.163,0.0,-0.006,-0.001,-0.0,-0.0,0.0,859.747,-0.0,0.0,-0.0,0.0,0.0,0.0,0.0,0.0,0.9917,0.0424,-0.1213,-0.0702,0.9694,-0.2352,0.1076,0.2417,0.9644,0.669,0.7326,-0.1252,-0.7377,0.634,-0.2321,-0.0907,0.2476,0.9646,-0.0,-0.0001,0.0,0.0,0.0,0.0,-0.0078,-0.0222,0.0875,2.0952,6.8808,-40.6188,0.0,0.0434,-0.3687,0.0,0.0,0.0,3713290.4831,2742710.0511,4897110.2661,-3836.6042,-4147.6358,5230.1489,3713288.3878,2742703.1703,4897150.8849,-3836.5964,-4147.6136,5230.0615,0.0,0.0765,3.9732,0.0,0.0,1.0,0.0,1.0,0.0,0.0,-4.1,-36.453,0.0,0.0,-1.0,-0.7071,0.7071,0.0,0.06161168720299746,0.00412310562561766,-0.1,1.1487563340963725,0.8088118605097288,1.5,0.15
415.0972,4.569,-0.05,0.035,0.596,0.015,0.019,-0.09,-0.001,-0.004,-0.09,-0.001,-0.004,-0.132,-0.232,-0.164,0.0,-0.006,-0.001,-0.0,-0.0,0.0,859.747,-0.0,0.0,-0.0,0.0,0.0,0.0,0.0,0.0,0.9917,0.0424,-0.1213,-0.0702,0.9694,-0.2352,0.1076,0.2417,0.9644,0.669,0.7326,-0.1252,-0.7377,0.634,-0.2321,-0.0907,0.2476,0.9646,-0.0,-0.0001,0.0,0.0,0.0,0.0,-0.0078,-0.0222,0.0875,2.0937,6.8764,-40.6015,0.0,0.0434,-0.3687,0.0,0.0,0.0,3712531.249,2741889.2985,4898145.0164,-3837.5649,-4148.3454,5228.8817,3712529.1553,2741882.4221,4898185.6178,-3837.5571,-4148.3231,5228.7942,0.0,0.0765,3.9732,0.0,0.0,1.0,0.0,1.0,0.0,0.0,-4.1,-36.453,0.0,0.0,-1.0,-0.7071,0.7071,0.0,0.06103277807866852,0.00412310562561766,-0.1,1.1492023362590083,0.8056379748569764,1.5,0.15
415.2979,4.551,-0.051,0.034,0.578,0.015,0.018,-0.09,-0.001,-0.004,-0.09,-0.001,-0.004,-0.132,-0.233,-0.164,0.0,-0.006,-0.001,-0.0,-0.0,0.0,859.747,-0.0,0.0,-0.0,0.0,0.0,0.0,0.0,0.0,0.9917,0.0424,-0.1213,-0.0702,0.9694,-0.2352,0.1076,0.2417,0.9644,0.669,0.7326,-0.1252,-0.7377,0.634,-0.2321,-0.0907,0.2476,0.9646,-0.0,-0.0001,0.0,0.0,0.0,0.0,-0.0078,-0.0223,0.0875,2.0921,6.8719,-40.5838,0.0,0.0434,-0.3687,0.0,0.0,0.0,3711757.155,2741052.5491,4899199.4948,-3838.5439,-4149.0684,5227.5897,3711755.0629,2741045.6772,4899240.0786,-3838.5361,-4149.0462,5227.5022,0.0,0.0765,3.9732,0.0,0.0,1.0,0.0,1.0,0.0,0.0,-4.1,-36.453,0.0,0.0,-1.0,-0.7071,0.7071,0.0,0.061294371682887816,0.00412310562561766,-0.1,1.164212483958945,0.8024640892042242,1.5,0.15
415.5167,4.531,-0.051,0.033,0.558,0.014,0.017,-0.09,-0.001,-0.004,-0.09,-0.001,-0.004,-0.131,-0.234,-0.164,0.0,-0.006,-0.001,-0.0,-0.0,0.0,859.747,-0.0,0.0,-0.0,0.0,0.0,0.0,0.0,0.0,0.9917,0.0424,-0.1212,-0.0702,0.9694,-0.2352,0.1076,0.2418,0.9644,0.669,0.7326,-0.1252,-0.7377,0.634,-0.2321,-0.0907,0.2476,0.9646,-0.0,-0.0001,0.0,0.0,0.0,0.0,-0.0078,-0.0223,0.0874,2.0904,6.867,-40.5646,0.0,0.0434,-0.3687,0.0,0.0,0.0,3710912.56,2740139.669,4900349.4052,-3839.6116,-4149.8568,5226.1801,3710910.4695,2740132.802,4900389.9698,-3839.6038,-4149.8346,5226.0927,0.0,0.0765,3.9732,0.0,0.0,1.0,0.0,1.0,0.0,0.0,-4.1,-36.453,0.0,0.0,-1.0,-0.7071,0.7071,0.0,0.06074537019394976,0.00412310562561766,-0.1,1.1364351413319052,0.7989375495900547,1.5,0.15
415.7376,4.511,-0.051,0.033,0.538,0.014,0.016,-0.09,-0.001,-0.004,-0.09,-0.001,-0.004,-0.131,-0.236,-0.165,0.0,-0.006,-0.001,-0.0,-0.0,0.0,859.747,-0.0,0.0,-0.0,0.0,0.0,0.0,0.0,0.0,0.9917,0.0424,-0.1212,-0.0702,0.9694,-0.2352,0.1075,0.2418,0.9644,0.669,0.7326,-0.1252,-0.7377,0.634,-0.2321,-0.0907,0.2476,0.9646,-0.0,-0.0001,0.0,0.0,0.0,0.0,-0.0078,-0.0223,0.0874,2.0887,6.8621,-40.5455,0.0,0.0434,-0.3687,0.0,0.0,0.0,3710072.302,2739231.5568,4901492.7869,-3840.6733,-4150.6407,5224.7778,3710070.2133,2739224.6947,4901533.3324,-3840.6655,-4150.6185,5224.6904,0.0,0.0765,3.9732,0.0,0.0,1.0,0.0,1.0,0.0,0.0,-4.1,-36.453,0.0,0.0,-1.0,-0.7071,0.7071,0.0,0.06074537019394976,0.00412310562561766,-0.1,1.1374937547153863,0.7954110099758855,1.5,0.15
415.957,4.492,-0.051,0.032,0.518,0.014,0.015,-0.09,-0.001,-0.004,-0.09,-0.001,-0.004,-0.131,-0.237,-0.165,0.0,-0.006,-0.001,-0.0,-0.0,0.0,859.747,-0.0,0.0,-0.0,0.0,0.0,0.0,0.0,0.0,0.9917,0.0424,-0.1212,-0.0702,0.9694,-0.2352,0.1075,0.2418,0.9644,0.669,0.7326,-0.1252,-0.7377,0.634,-0.2321,-0.0907,0.2476,0.9646,-0.0,-0.0001,0.0,0.0,0.0,0.0,-0.0078,-0.0223,0.0874,2.087,6.8572,-40.5262,0.0,0.0434,-0.3687,0.0,0.0,0.0,3709225.1399,2738316.0633,4902644.9333,-3841.7432,-4151.4306,5223.3641,3709223.0529,2738309.2061,4902685.4595,-3841.7353,-4151.4083,5223.2766,0.0,0.0765,3.9732,0.0,0.0,1.0,0.0,1.0,0.0,0.0,-4.1,-36.453,0.0,0.0,-1.0,-0.7071,0.7071,0.0,0.06020797289396147,0.00412310562561766,-0.1,1.1385277867416195,0.7920607973424246,1.5,0.15
416.1577,4.473,-0.051,0.031,0.5,0.014,0.015,-0.09,-0.001,-0.004,-0.09,-0.001,-0.004,-0.131,-0.238,-0.165,0.0,-0.006,-0.001,-0.0,-0.0,0.0,859.747,-0.0,0.0,-0.0,0.0,0.0,0.0,0.0,0.0,0.9917,0.0424,-0.1212,-0.0702,0.9694,-0.2352,0.1075,0.2418,0.9644,0.669,0.7326,-0.1252,-0.7377,0.634,-0.2321,-0.0907,0.2476,0.9646,-0.0,-0.0001,0.0,0.0,0.0,0.0,-0.0079,-0.0223,0.0874,2.0854,6.8527,-40.5085,0.0,0.0434,-0.3687,0.0,0.0,0.0,3708449.353,2737477.7733,4903699.4548,-3842.7224,-4152.1535,5222.0695,3708447.2675,2737470.9206,4903739.9633,-3842.7146,-4152.1312,5221.982,0.0,0.0765,3.9732,0.0,0.0,1.0,0.0,1.0,0.0,0.0,-4.1,-36.453,0.0,0.0,-1.0,-0.7071,0.7071,0.0,0.05968249324550709,0.00412310562561766,-0.1,1.1393798718895645,0.7887105847089638,1.5,0.15
416.358,4.455,-0.052,0.03,0.482,0.013,0.014,-0.09,-0.001,-0.004,-0.09,-0.001,-0.004,-0.131,-0.24,-0.165,0.0,-0.006,-0.001,-0.0,-0.0,0.0,859.747,-0.0,0.0,-0.0,0.0,0.0,0.0,0.0,0.0,0.9917,0.0424,-0.1211,-0.0702,0.9694,-0.2352,0.1075,0.2418,0.9644,0.669,0.7326,-0.1252,-0.7377,0.634,-0.2321,-0.0907,0.2476,0.9646,-0.0,-0.0001,0.0,0.0,0.0,0.0,-0.0079,-0.0223,0.0874,2.0839,6.8483,-40.4911,0.0,0.0434,-0.3687,0.0,0.0,0.0,3707682.8942,2736649.629,4904740.775,-3843.6895,-4152.8673,5220.7905,3707680.8104,2736642.7808,4904781.2661,-3843.6816,-4152.845,5220.7031,0.0,0.0765,3.9732,0.0,0.0,1.0,0.0,1.0,0.0,0.0,-4.1,-36.453,0.0,0.0,-1.0,-0.7071,0.7071,0.0,0.06003332407921454,0.00412310562561766,-0.1,1.1260596554069546,0.7855366990562115,1.5,0.15
416.5582,4.437,-0.052,0.03,0.464,0.013,0.013,-0.09,-0.001,-0.004,-0.09,-0.001,-0.004,-0.131,-0.241,-0.166,0.0,-0.006,-0.001,-0.0,-0.0,0.0,859.747,-0.0,0.0,-0.0,0.0,0.0,0.0,0.0,0.0,0.9917,0.0424,-0.1211,-0.0701,0.9694,-0.2352,0.1074,0.2418,0.9644,0.669,0.7326,-0.1252,-0.7377,0.634,-0.2321,-0.0907,0.2476,0.9646,-0.0,-0.0001,0.0,0.0,0.0,0.0,-0.0079,-0.0223,0.0874,2.0823,6.8438,-40.4736,0.0,0.0434,-0.3687,0.0,0.0,0.0,3706916.1632,2735821.2569,4905781.9489,-3844.6564,-4153.581,5219.5111,3706914.0809,2735814.4131,4905822.4225,-3844.6485,-4153.5586,5219.4237,0.0,0.0765,3.9732,0.0,0.0,1.0,0.0,1.0,0.0,0.0,-4.1,-36.453,0.0,0.0,-1.0,-0.7071,0.7071,0.0,0.06003332407921454,0.00412310562561766,-0.1,1.127961647270018,0.7823628134034591,1.5,0.15
416.7587,4.419,-0.052,0.029,0.446,0.013,0.012,-0.09,-0.001,-0.004,-0.09,-0.001,-0.004,-0.131,-0.242,-0.166,0.0,-0.006,-0.001,-0.0,-0.0,0.0,859.747,-0.0,0.0,-0.0,0.0,0.0,0.0,0.0,0.0,0.9917,0.0424,-0.1211,-0.0701,0.9694,-0.2352,0.1074,0.2418,0.9644,0.669,0.7326,-0.1252,-0.7377,0.634,-0.2321,-0.0907,0.2476,0.9646,-0.0,-0.0001,0.0,0.0,0.0,0.0,-0.0079,-0.0223,0.0874,2.0807,6.8393,-40.4561,0.0,0.0434,-0.3687,0.0,0.0,0.0,3706145.7864,2734989.0118,4906827.5514,-3845.6275,-4154.2976,5218.2257,3706143.7057,2734982.1725,4906868.0075,-3845.6196,-4154.2753,5218.1383,0.0,0.0765,3.9732,0.0,0.0,1.0,0.0,1.0,0.0,0.0,-4.1,-36.453,0.0,0.0,-1.0,-0.7071,0.7071,0.0,0.05953990258641678,0.00412310562561766,-0.1,1.1295950269636266,0.7791889277507067,1.5,0.15
416.9776,4.399,-0.052,0.028,0.426,0.013,0.011,-0.09,-0.001,-0.004,-0.09,-0.001,-0.004,-0.131,-0.244,-0.166,0.0,-0.006,-0.001,-0.0,-0.0,0.0,859.747,-0.0,0.0,-0.0,0.0,0.0,0.0,0.0,0.0,0.9917,0.0424,-0.1211,-0.0701,0.9694,-0.2352,0.1074,0.2418,0.9644,0.669,0.7326,-0.1252,-0.7377,0.634,-0.2321,-0.0907,0.2476,0.9646,-0.0,-0.0001,0.0,0.0,0.0,0.0,-0.0079,-0.0223,0.0874,2.079,6.8344,-40.4369,0.0,0.0434,-0.3687,0.0,0.0,0.0,3705301.4727,2734076.9688,4907972.9078,-3846.6912,-4155.0826,5216.817,3705299.3937,2734070.1344,4908013.3447,-3846.6833,-4155.0602,5216.7296,0.0,0.0765,3.9732,0.0,0.0,1.0,0.0,1.0,0.0,0.0,-4.1,-36.453,0.0,0.0,-1.0,-0.7071,0.7071,0.0,0.0590592922409336,0.00412310562561766,-0.1,1.131503028739669,0.7756623881365374,1.5,0.15
417.1794,4.381,-0.053,0.027,0.407,0.012,0.011,-0.09,-0.001,-0.004,-0.09,-0.001,-0.004,-0.131,-0.245,-0.167,0.0,-0.006,-0.001,-0.0,-0.0,0.0,859.747,-0.0,0.0,-0.0,0.0,0.0,0.0,0.0,0.0,0.9917,0.0424,-0.1211,-0.0701,0.9694,-0.2352,0.1074,0.2418,0.9644,0.669,0.7326,-0.1252,-0.7377,0.634,-0.2321,-0.0907,0.2476,0.9646,-0.0,-0.0001,0.0,0.0,0.0,0.0,-0.0079,-0.0224,0.0874,2.0774,6.8299,-40.4193,0.0,0.0434,-0.3687,0.0,0.0,0.0,3704523.21,2733236.3466,4909028.1094,-3847.6713,-4155.8057,5215.5185,3704521.1326,2733229.5167,4909068.5287,-3847.6634,-4155.7834,5215.4311,0.0,0.0765,3.9732,0.0,0.0,1.0,0.0,1.0,0.0,0.0,-4.1,-36.453,0.0,0.0,-1.0,-0.7071,0.7071,0.0,0.0594810894318522,0.00412310562561766,-0.1,1.1164327925776343,0.7724885024837851,1.5,0.15
417.3969,4.361,-0.053,0.027,0.388,0.012,0.01,-0.09,-0.007,-0.004,-0.09,-0.008,-0.004,-0.131,-0.246,-0.167,0.0,-0.006,-0.001,-0.0,-0.0,0.0,859.723,-0.0,-1.0,-0.0,0.0,0.0,0.0,0.0,0.0,0.9917,0.0424,-0.121,-0.0701,0.9694,-0.2353,0.1074,0.2418,0.9644,0.669,0.7326,-0.1252,-0.7377,0.634,-0.2321,-0.0907,0.2476,0.9646,-0.0,-0.0001,0.0,0.0,0.0,0.0,-0.0082,-0.0285,0.0859,2.0757,6.8245,-40.4003,0.0,0.0434,-0.3687,0.0,0.0,0.0,3703682.1461,2732327.9662,4910167.8602,-3848.7302,-4156.5929,5214.1138,3703680.0704,2732321.1416,4910208.2605,-3848.722,-4156.5644,5214.0279,0.0,0.0765,3.9732,0.0,0.0,1.0,0.0,1.0,0.0,0.0,-4.1,-36.453,0.0,0.0,-1.0,-0.7071,0.7071,0.0,0.0594810894318522,0.00806225774829855,-0.1,1.1196404085705522,0.7689619628696157,1.5,0.15
417.6131,4.342,-0.055,0.026,0.368,0.009,0.009,-0.09,-0.01,-0.004,-0.09,-0.01,-0.004,-0.131,-0.248,-0.167,0.0,-0.006,-0.001,-0.0,-0.0,0.0,859.713,-0.0,0.0,-0.0,0.0,0.0,0.0,0.0,0.0,0.9917,0.0424,-0.121,-0.0701,0.9694,-0.2353,0.1073,0.2418,0.9644,0.669,0.7326,-0.1252,-0.7377,0.634,-0.2321,-0.0907,0.2476,0.9646,-0.0,-0.0001,0.0,0.0,0.0,0.0,-0.0083,-0.0312,0.0852,2.0739,6.8179,-40.3819,0.0,0.0434,-0.3687,0.0,0.0,0.0,3702853.6725,2731433.2603,4911289.9442,-3849.7726,-4157.3645,5212.731,3702851.5986,2731426.4424,4911330.3261,-3849.7643,-4157.3333,5212.6458,0.0,0.0765,3.9732,0.0,0.0,1.0,0.0,1.0,0.0,0.0,-4.1,-36.453,0.0,0.0,-1.0,-0.7071,0.7071,0.0,0.06083584469702052,0.010770329614269008,-0.1,1.062752167850752,0.7656117502361549,1.5,0.15
417.8132,4.324,-0.057,0.025,0.35,0.007,0.008,-0.09,-0.01,-0.004,-0.09,-0.01,-0.004,-0.131,-0.249,-0.167,0.0,-0.006,-0.001,-0.0,-0.0,0.0,859.713,-0.0,0.0,-0.0,0.0,0.0,0.0,0.0,0.0,0.9917,0.0424,-0.121,-0.0701,0.9694,-0.2353,0.1073,0.2418,0.9644,0.669,0.7326,-0.1252,-0.7377,0.634,-0.2321,-0.0907,0.2476,0.9646,-0.0,-0.0001,0.0,0.0,0.0,0.0,-0.0083,-0.0312,0.0852,2.0722,6.8117,-40.3649,0.0,0.0434,-0.3687,0.0,0.0,0.0,3702084.9722,2730603.1746,4912330.5332,-3850.7392,-4158.0775,5211.4487,3702082.8999,2730596.3629,4912370.8981,-3850.7309,-4158.0463,5211.3635,0.0,0.0765,3.9732,0.0,0.0,1.0,0.0,1.0,0.0,0.0,-4.1,-36.453,0.0,0.0,-1.0,-0.7071,0.7071,0.0,0.062241465278381744,0.010770329614269008,-0.1,1.0351973817326061,0.7624378645834026,1.5,0.15
418.0328,4.304,-0.06,0.024,0.33,0.005,0.007,-0.09,-0.01,-0.004,-0.09,-0.01,-0.004,-0.131,-0.25,-0.167,0.0,-0.006,-0.001,-0.0,-0.0,0.0,859.713,-0.0,0.0,-0.0,0.0,0.0,0.0,0.0,0.0,0.9918,0.0424,-0.121,-0.0701,0.9694,-0.2353,0.1073,0.2418,0.9644,0.669,0.7326,-0.1252,-0.7377,0.634,-0.2321,-0.0907,0.2476,0.9646,-0.0,-0.0001,0.0,0.0,0.0,0.0,-0.0083,-0.0312,0.0852,2.0704,6.8048,-40.3462,0.0,0.0434,-0.3687,0.0,0.0,0.0,3701237.6139,2729688.2263,4913477.0023,-3851.8043,-4158.863,5210.0352,3701235.5435,2729681.4215,4913517.3485,-3851.7959,-4158.8318,5209.95,0.0,0.0765,3.9732,0.0,0.0,1.0,0.0,1.0,0.0,0.0,-4.1,-36.453,0.0,0.0,-1.0,-0.7071,0.7071,0.0,0.06462197768561405,0.010770329614269008,-0.1,1.022000825473805,0.7589113249692333,1.5,0.15
418.2335,4.285,-0.062,0.024,0.312,0.003,0.006,-0.09,-0.01,-0.003,-0.09,-0.01,-0.004,-0.131,-0.252,-0.167,0.0,-0.006,-0.001,-0.0,-0.0,0.0,859.713,-0.0,0.0,-0.0,0.0,0.0,0.0,0.0,0.0,0.9918,0.0424,-0.1209,-0.0701,0.9694,-0.2353,0.1073,0.2418,0.9644,0.669,0.7326,-0.1252,-0.7377,0.634,-0.2321,-0.0907,0.2476,0.9646,-0.0,-0.0001,0.0,0.0,0.0,0.0,-0.0084,-0.0312,0.0852,2.0688,6.7985,-40.3291,0.0,0.0434,-0.3687,0.0,0.0,0.0,3700464.31,2728853.3088,4914522.7278,-3852.7757,-4159.5794,5208.7452,3700462.2412,2728846.5103,4914563.0568,-3852.7674,-4159.5482,5208.6601,0.0,0.0765,3.9732,0.0,0.0,1.0,0.0,1.0,0.0,0.0,-4.1,-36.453,0.0,0.0,-1.0,-0.7071,0.7071,0.0,0.06648308055437864,0.01044030650891055,-0.1,0.9971021801098301,0.7555611123357725,1.5,0.15
418.4369,4.267,-0.064,0.023,0.294,0.001,0.006,-0.09,-0.01,-0.003,-0.09,-0.01,-0.004,-0.13,-0.253,-0.168,0.0,-0.006,-0.001,-0.0,-0.0,0.0,859.713,-0.0,0.0,-0.0,0.0,0.0,0.0,0.0,0.0,0.9918,0.0424,-0.1209,-0.0701,0.9694,-0.2353,0.1072,0.2418,0.9644,0.669,0.7326,-0.1252,-0.7377,0.634,-0.2321,-0.0907,0.2476,0.9646,-0.0,-0.0001,0.0,0.0,0.0,0.0,-0.0084,-0.0312,0.0852,2.067,6.7922,-40.3118,0.0,0.0434,-0.3687,0.0,0.0,0.0,3699682.2643,2728009.0212,4915579.744,-3853.7577,-4160.3035,5207.4408,3699680.1972,2728002.2291,4915620.0557,-3853.7493,-4160.2723,5207.3556,0.0,0.0765,3.9732,0.0,0.0,1.0,0.0,1.0,0.0,0.0,-4.1,-36.453,0.0,0.0,-1.0,-0.7071,0.7071,0.0,0.06800735254367722,0.01044030650891055,-0.1,0.9648538385461164,0.7523872266830202,1.5,0.15
418.6492,4.248,-0.066,0.022,0.274,-0.001,0.005,-0.09,-0.01,0.0,-0.09,-0.01,-0.0,-0.13,-0.254,-0.168,0.0,-0.007,-0.001,-0.0,-0.0,0.0,859.698,1.0,0.0,-0.0,0.0,0.0,0.0,0.0,0.0,0.9918,0.0424,-0.1209,-0.0701,0.9694,-0.2353,0.1072,0.2418,0.9644,0.669,0.7326,-0.1252,-0.7377,0.634,-0.2321,-0.0907,0.2476,0.9646,-0.0,-0.0001,0.0,0.0,0.0,0.0,-0.0122,-0.031,0.0848,2.065,6.7855,-40.2935,0.0,0.0434,-0.3687,0.0,0.0,0.0,3698854.5263,2727115.4793,4916697.936,-3854.8004,-4161.0692,5206.0598,3698852.4612,2727108.6938,4916738.2295,-3854.7882,-4161.0383,5205.975,0.0,0.0765,3.9732,0.0,0.0,1.0,0.0,1.0,0.0,0.0,-4.1,-36.453,0.0,0.0,-1.0,-0.7071,0.7071,0.0,0.06957010852370435,0.01,-0.1,0.9370481393831757,0.7490370140495592,1.5,0.15
418.8651,4.228,-0.068,0.023,0.255,-0.003,0.005,-0.09,-0.01,0.003,-0.09,-0.01,0.002,-0.13,-0.256,-0.168,0.0,-0.007,-0.001,-0.0,-0.0,0.0,859.689,-0.0,0.0,-0.0,0.0,0.0,0.0,0.0,0.0,0.9918,0.0424,-0.1209,-0.0701,0.9694,-0.2353,0.1072,0.2418,0.9644,0.669,0.7326,-0.1252,-0.7377,0.634,-0.2321,-0.0907,0.2476,0.9646,-0.0,-0.0001,0.0,0.0,0.0,0.0,-0.0145,-0.0308,0.0845,2.0621,6.7789,-40.2754,0.0,0.0434,-0.3687,0.0,0.0,0.0,3698029.6858,2726225.1428,4917811.619,-3855.8374,-4161.8319,5204.6838,3698027.6237,2726218.3639,4917851.8944,-3855.8229,-4161.8011,5204.5993,0.0,0.0765,3.9732,0.0,0.0,1.0,0.0,1.0,0.0,0.0,-4.1,-36.453,0.0,0.0,-1.0,-0.7071,0.7071,0.0,0.07178439941937245,0.01044030650891055,-0.1,0.9096912507657643,0.7455104744353899,1.5,0.15
419.0674,4.21,-0.07,0.023,0.237,-0.006,0.006,-0.09,-0.01,0.003,-0.09,-0.01,0.002,-0.13,-0.257,-0.168,0.0,-0.007,-0.001,-0.0,-0.0,0.0,859.689,-0.0,0.0,-0.0,0.0,0.0,0.0,0.0,0.0,0.9918,0.0424,-0.1208,-0.0701,0.9694,-0.2353,0.1072,0.2418,0.9644,0.669,0.7326,-0.1252,-0.7377,0.634,-0.2321,-0.0907,0.2476,0.9646,-0.0,-0.0001,0.0,0.0,0.0,0.0,-0.0145,-0.0308,0.0845,2.0591,6.7726,-40.2583,0.0,0.0434,-0.3687,0.0,0.0,0.0,3697249.4173,2725382.9868,4918864.5748,-3856.8157,-4162.5531,5203.3825,3697247.3582,2725376.2141,4918904.833,-3856.8013,-4162.5223,5203.298,0.0,0.0765,3.9732,0.0,0.0,1.0,0.0,1.0,0.0,0.0,-4.1,-36.453,0.0,0.0,-1.0,-0.7071,0.7071,0.0,0.07368174807915459,0.01044030650891055,-0.1,0.844043054461761,0.7423365887826375,1.5,0.15
419.2877,4.19,-0.073,0.024,0.217,-0.008,0.006,-0.09,-0.01,0.003,-0.09,-0.01,0.002,-0.13,-0.259,-0.168,0.0,-0.007,-0.001,-0.0,-0.0,0.0,859.689,-0.0,0.0,-0.0,0.0,0.0,0.0,0.0,0.0,0.9918,0.0424,-0.1208,-0.0701,0.9694,-0.2353,0.1071,0.2418,0.9644,0.669,0.7326,-0.1252,-0.7377,0.634,-0.2321,-0.0907,0.2476,0.9646,-0.0,-0.0001,0.0,0.0,0.0,0.0,-0.0145,-0.0308,0.0845,2.0559,6.7659,-40.2398,0.0,0.0434,-0.3687,0.0,0.0,0.0,3696404.5752,2724471.2119,4920004.0732,-3857.8745,-4163.3336,5201.9735,3696402.5193,2724464.446,4920044.313,-3857.86,-4163.3027,5201.889,0.0,0.0765,3.9732,0.0,0.0,1.0,0.0,1.0,0.0,0.0,-4.1,-36.453,0.0,0.0,-1.0,-0.7071,0.7071,0.0,0.07684399781375251,0.01044030650891055,-0.1,0.8298507945746497,0.7388100491684683,1.5,0.15
419.4885,4.172,-0.075,0.025,0.199,-0.01,0.007,-0.09,-0.01,0.003,-0.09,-0.01,0.002,-0.13,-0.26,-0.168,0.0,-0.007,-0.001,-0.0,-0.0,0.0,859.689,-0.0,0.0,-0.0,0.0,0.0,0.0,0.0,0.0,0.9918,0.0424,-0.1208,-0.0701,0.9694,-0.2353,0.1071,0.2418,0.9644,0.669,0.7326,-0.1252,-0.7377,0.634,-0.2321,-0.0907,0.2476,0.9646,-0.0,-0.0001,0.0,0.0,0.0,0.0,-0.0145,-0.0309,0.0845,2.0531,6.7596,-40.2227,0.0,0.0434,-0.3687,0.0,0.0,0.0,3695624.4851,2723629.3892,4921055.6845,-3858.8517,-4164.0538,5200.6726,3695622.4321,2723622.6295,4921095.9072,-3858.8372,-4164.0229,5200.5881,0.0,0.0765,3.9732,0.0,0.0,1.0,0.0,1.0,0.0,0.0,-4.1,-36.453,0.0,0.0,-1.0,-0.7071,0.7071,0.0,0.07905694150420949,0.01044030650891055,-0.1,0.7954977258770801,0.7356361635157158,1.5,0.15
419.7081,4.152,-0.077,0.025,0.179,-0.012,0.007,-0.09,-0.01,0.003,-0.09,-0.01,0.002,-0.13,-0.261,-0.168,0.0,-0.007,-0.001,-0.0,-0.0,0.0,859.689,-0.0,0.0,-0.0,0.0,0.0,0.0,0.0,0.0,0.9918,0.0424,-0.1208,-0.0701,0.9694,-0.2353,0.1071,0.2418,0.9644,0.669,0.7326,-0.1252,-0.7377,0.634,-0.2321,-0.0907,0.2476,0.9646,-0.0,-0.0001,0.0,0.0,0.0,0.0,-0.0145,-0.0309,0.0845,2.0499,6.7529,-40.2041,0.0,0.0434,-0.3687,0.0,0.0,0.0,3694776.6039,2722714.4877,4922198.0834,-3859.9133,-4164.8361,5199.2587,3694774.554,2722707.7348,4922238.2875,-3859.8988,-4164.8052,5199.1742,0.0,0.0765,3.9732,0.0,0.0,1.0,0.0,1.0,0.0,0.0,-4.1,-36.453,0.0,0.0,-1.0,-0.7071,0.7071,0.0,0.08095677859203639,0.01044030650891055,-0.1,0.7637351167718747,0.7321096239015465,1.5,0.15
419.9083,4.134,-0.079,0.026,0.16,-0.014,0.008,-0.09,-0.01,0.003,-0.09,-0.01,0.002,-0.13,-0.263,-0.169,0.0,-0.007,-0.001,-0.0,-0.0,0.0,859.686,-0.0,1.0,-0.0,0.0,0.0,0.0,0.0,0.0,0.9918,0.0424,-0.1207,-0.0701,0.9694,-0.2353,0.1071,0.2418,0.9644,0.669,0.7326,-0.1252,-0.7377,0.634,-0.2321,-0.0907,0.2476,0.9646,-0.0,-0.0001,0.0,0.0,0.0,0.0,-0.0145,-0.0301,0.0847,2.0469,6.7466,-40.1871,0.0,0.0434,-0.3687,0.0,0.0,0.0,3693997.9014,2721874.3033,4923246.723,-3860.8878,-4165.5534,5197.9604,3693995.8544,2721867.5566,4923286.9101,-3860.8733,-4165.5233,5197.8757,0.0,0.0765,3.9732,0.0,0.0,1.0,0.0,1.0,0.0,0.0,-4.1,-36.453,0.0,0.0,-1.0,-0.7071,0.7071,0.0,0.083168503653727,0.01044030650891055,-0.1,0.7284369176410718,0.7289357382487943,1.5,0.15
420.1168,4.115,-0.08,0.026,0.142,-0.016,0.008,-0.091,-0.005,0.003,-0.091,-0.005,0.002,-0.13,-0.264,-0.169,0.001,-0.007,-0.001,-0.0,-0.0,0.0,859.667,-0.0,0.0,-0.0,0.0,0.0,0.0,0.0,0.0,0.9918,0.0424,-0.1207,-0.0701,0.9694,-0.2353,0.1071,0.2418,0.9644,0.669,0.7326,-0.1252,-0.7377,0.634,-0.2321,-0.0907,0.2476,0.9646,-0.0,-0.0001,0.0,0.0,0.0,0.0,-0.0144,-0.0254,0.0859,2.0439,6.7411,-40.1694,0.0,0.0434,-0.3686,0.0,0.0,0.0,3693200.415,2721013.9226,4924320.1127,-3861.8852,-4166.2837,5196.6318,3693198.3711,2721007.1815,4924360.2822,-3861.8708,-4166.2583,5196.5459,0.0,0.0765,3.9732,0.0,0.0,1.0,0.0,1.0,0.0,0.0,-4.1,-36.453,0.0,0.0,-1.0,-0.7071,0.7071,0.0,0.08411896337925237,0.0058309518948453,-0.1,0.6821765567866611,0.7255855256153334,1.5,0.15
420.3367,4.095,-0.081,0.027,0.122,-0.017,0.009,-0.091,-0.005,0.003,-0.091,-0.005,0.002,-0.13,-0.266,-0.169,0.001,-0.007,-0.001,-0.0,-0.0,0.0,859.667,-0.0,0.0,-0.0,0.0,0.0,0.0,0.0,0.0,0.9918,0.0424,-0.1207,-0.0701,0.9694,-0.2353,0.107,0.2418,0.9644,0.669,0.7326,-0.1252,-0.7377,0.634,-0.2321,-0.0907,0.2476,0.9646,-0.0,-0.0001,0.0,0.0,0.0,0.0,-0.0144,-0.0254,0.0859,2.0408,6.7355,-40.1505,0.0,0.0434,-0.3686,0.0,0.0,0.0,3692350.0146,2720096.5323,4925464.1154,-3862.9484,-4167.067,5195.2138,3692347.9737,2720089.7968,4925504.2659,-3862.934,-4167.0416,5195.128,0.0,0.0765,3.9732,0.0,0.0,1.0,0.0,1.0,0.0,0.0,-4.1,-36.453,0.0,0.0,-1.0,-0.7071,0.7071,0.0,0.08538149682454624,0.0058309518948453,-0.1,0.6620373357799462,0.722058986001164,1.5,0.15
420.5369,4.077,-0.082,0.027,0.104,-0.018,0.009,-0.091,-0.005,0.003,-0.091,-0.005,0.002,-0.13,-0.267,-0.169,0.001,-0.007,-0.001,-0.0,-0.0,0.0,859.667,-0.0,0.0,-0.0,0.0,0.0,0.0,0.0,0.0,0.9918,0.0424,-0.1207,-0.0701,0.9694,-0.2353,0.107,0.2418,0.9644,0.669,0.7326,-0.1252,-0.7377,0.634,-0.2321,-0.0907,0.2476,0.9646,-0.0,-0.0001,0.0,0.0,0.0,0.0,-0.0144,-0.0254,0.0859,2.0379,6.7304,-40.1334,0.0,0.0434,-0.3686,0.0,0.0,0.0,3691578.3361,2719264.1348,4926501.6744,-3863.9127,-4167.7773,5193.9272,3691576.2982,2719257.4043,4926541.8078,-3863.8983,-4167.7519,5193.8414,0.0,0.0765,3.9732,0.0,0.0,1.0,0.0,1.0,0.0,0.0,-4.1,-36.453,0.0,0.0,-1.0,-0.7071,0.7071,0.0,0.08633075929238664,0.0058309518948453,-0.1,0.6447929420017633,0.7188851003484117,1.5,0.15
420.7374,4.059,-0.083,0.028,0.085,-0.019,0.01,-0.091,-0.005,0.003,-0.091,-0.005,0.002,-0.129,-0.268,-0.169,0.001,-0.007,-0.001,-0.0,-0.0,0.0,859.667,-0.0,0.0,-0.0,0.0,0.0,0.0,0.0,0.0,0.9918,0.0424,-0.1206,-0.0701,0.9694,-0.2353,0.107,0.2418,0.9644,0.669,0.7326,-0.1252,-0.7377,0.634,-0.2321,-0.0907,0.2476,0.9646,-0.0,-0.0001,0.0,0.0,0.0,0.0,-0.0144,-0.0254,0.0858,2.035,6.7253,-40.1161,0.0,0.0434,-0.3686,0.0,0.0,0.0,3690802.0674,2718426.852,4927544.8844,-3864.8823,-4168.4915,5192.633,3690800.0324,2718420.1267,4927585.0006,-3864.8679,-4168.4661,5192.5471,0.0,0.0765,3.9732,0.0,0.0,1.0,0.0,1.0,0.0,0.0,-4.1,-36.453,0.0,0.0,-1.0,-0.7071,0.7071,0.0,0.08759566199304622,0.0058309518948453,-0.1,0.6243102281683183,0.7157112146956593,1.5,0.15
420.9575,4.039,-0.084,0.029,0.066,-0.02,0.01,-0.091,-0.005,0.003,-0.091,-0.005,0.002,-0.129,-0.27,-0.169,0.001,-0.007,-0.001,-0.0,-0.0,0.0,859.667,-0.0,0.0,-0.0,0.0,0.0,0.0,0.0,0.0,0.9918,0.0424,-0.1206,-0.0701,0.9694,-0.2353,0.107,0.2418,0.9644,0.669,0.7326,-0.1252,-0.7377,0.634,-0.2321,-0.0907,0.2476,0.9646,-0.0,-0.0001,0.0,0.0,0.0,0.0,-0.0144,-0.0254,0.0858,2.0319,6.7197,-40.0973,0.0,0.0434,-0.3686,0.0,0.0,0.0,3689952.8942,2717511.0108,4928685.4725,-3865.9424,-4169.2723,5191.2173,3689950.8622,2717504.291,4928725.5697,-3865.928,-4169.2469,5191.1314,0.0,0.0765,3.9732,0.0,0.0,1.0,0.0,1.0,0.0,0.0,-4.1,-36.453,0.0,0.0,-1.0,-0.7071,0.7071,0.0,0.08886506625215558,0.0058309518948453,-0.1,0.609280987471648,0.71218467508149,1.5,0.15
421.1759,4.019,-0.085,0.029,0.046,-0.021,0.011,-0.091,-0.005,0.003,-0.091,-0.005,0.002,-0.129,-0.271,-0.17,0.001,-0.007,-0.001,-0.0,-0.0,0.0,859.667,-0.0,0.0,-0.0,0.0,0.0,0.0,0.0,0.0,0.9918,0.0424,-0.1206,-0.0701,0.9694,-0.2353,0.1069,0.2418,0.9644,0.669,0.7326,-0.1252,-0.7377,0.634,-0.2321,-0.0907,0.2476,0.9646,-0.0,-0.0001,0.0,0.0,0.0,0.0,-0.0144,-0.0254,0.0858,2.0287,6.7142,-40.0784,0.0,0.0434,-0.3686,0.0,0.0,0.0,3689104.0593,2716595.6139,4929824.9821,-3867.0016,-4170.0523,5189.8022,3689102.0305,2716588.8998,4929865.0606,-3866.9872,-4170.0269,5189.7163,0.0,0.0765,3.9732,0.0,0.0,1.0,0.0,1.0,0.0,0.0,-4.1,-36.453,0.0,0.0,-1.0,-0.7071,0.7071,0.0,0.08981091247727084,0.0058309518948453,-0.1,0.5863012560223924,0.7086581354673207,1.5,0.15
421.3769,4.001,-0.086,0.03,0.028,-0.022,0.011,-0.091,-0.005,0.003,-0.091,-0.005,0.002,-0.129,-0.273,-0.17,0.001,-0.007,-0.001,-0.0,-0.0,0.0,859.667,-0.0,0.0,-0.0,0.0,0.0,0.0,0.0,0.0,0.9918,0.0424,-0.1206,-0.0701,0.9694,-0.2353,0.1069,0.2418,0.9644,0.669,0.7326,-0.1252,-0.7377,0.634,-0.2321,-0.0907,0.2476,0.9646,-0.0,-0.0001,0.0,0.0,0.0,0.0,-0.0145,-0.0254,0.0858,2.0258,6.7091,-40.0612,0.0,0.0434,-0.3686,0.0,0.0,0.0,3688330.2412,2715761.1858,4930863.2441,-3867.9668,-4170.763,5188.5122,3688328.2154,2715754.4768,4930903.3053,-3867.9523,-4170.7375,5188.4263,0.0,0.0765,3.9732,0.0,0.0,1.0,0.0,1.0,0.0,0.0,-4.1,-36.453,0.0,0.0,-1.0,-0.7071,0.7071,0.0,0.0910823802938856,0.0058309518948453,-0.1,0.5704082022572996,0.7054842498145685,1.5,0.15
421.5777,3.983,-0.087,0.03,0.01,-0.023,0.012,-0.091,-0.005,0.003,-0.091,-0.005,0.002,-0.129,-0.274,-0.17,0.001,-0.007,-0.001,-0.0,-0.0,0.0,859.667,-0.0,0.0,-0.0,0.0,0.0,0.0,0.0,0.0,0.9918,0.0424,-0.1206,-0.0701,0.9694,-0.2353,0.1069,0.2419,0.9644,0.669,0.7326,-0.1252,-0.7377,0.634,-0.2321,-0.0907,0.2476,0.9646,-0.0,-0.0001,0.0,0.0,0.0,0.0,-0.0145,-0.0255,0.0858,2.0229,6.704,-40.0441,0.0,0.0434,-0.3686,0.0,0.0,0.0,3687556.0106,2714926.379,4931901.5425,-3868.9319,-4171.4736,5187.2216,3687553.9876,2714919.6751,4931941.5866,-3868.9175,-4171.4482,5187.1357,0.0,0.0765,3.9732,0.0,0.0,1.0,0.0,1.0,0.0,0.0,-4.1,-36.453,0.0,0.0,-1.0,-0.7071,0.7071,0.0,0.0920271699010678,0.0058309518948453,-0.1,0.5478375509313911,0.702310364161816,1.5,0.15
421.7844,3.973,-0.077,-0.0,0.0,-0.0,-0.0,-0.0,0.0,-0.0,-0.0,0.0,-0.0,-0.0,-0.0,-0.0,-0.0,-0.0,0.0,0.0,-0.0,-0.0,859.667,-0.0,0.0,-0.0,0.0,0.0,0.0,0.0,0.0,0.9918,0.0424,-0.1205,-0.07,0.9694,-0.2353,0.1069,0.2419,0.9644,0.6713,0.7313,-0.1205,-0.735,0.6359,-0.2353,-0.0955,0.2466,0.9644,0.0,-0.0,-0.0,0.0,0.0,-0.0,0.0,0.0,0.0,1.8712,6.8324,-40.0169,2.8943,2.9707,40.3577,0.0,-0.0069,-0.0685,3686758.9439,2714067.0189,4932969.9263,-3869.9251,-4172.2048,5185.8929,3686757.0727,2714060.1865,4933009.9432,-3869.9251,-4172.2048,5185.8929,0.0,0.0765,3.9732,0.0,0.0,1.0,0.0,1.0,0.0,0.0,-4.1,-36.453,0.0,0.0,-1.0,-0.7071,0.7071,0.0,0.077,0.0,-0.1,1.1103002187014113,0.7005470943547313,,
421.9954,3.973,-0.077,-0.0,0.0,-0.0,-0.0,-0.0,0.0,-0.0,-0.0,0.0,-0.0,-0.0,0.0,-0.0,-0.0,0.0,-0.0,0.0,-0.0,-0.0,859.621,-0.0,1.0,-0.0,0.0,0.0,0.0,0.0,0.0,0.9918,0.0424,-0.1205,-0.07,0.9694,-0.2353,0.1069,0.2418,0.9644,0.6713,0.7313,-0.1205,-0.735,0.6359,-0.2353,-0.0955,0.2466,0.9644,0.0,-0.0,-0.0,0.0,0.0,-0.0,0.0,0.0,0.0,1.871,6.8322,-40.017,2.8943,2.9707,40.3577,0.0,-0.0069,-0.0685,3685933.0641,2713176.667,4934076.352,-3870.9537,-4172.962,5184.5163,3685931.1931,2713169.8348,4934116.369,-3870.9537,-4172.962,5184.5163,0.0,0.0765,3.9732,0.0,0.0,1.0,0.0,1.0,0.0,0.0,-4.1,-36.453,0.0,0.0,-1.0,-0.7071,0.7071,0.0,0.077,0.0,-0.1,1.1103002187014113,0.7005470943547313,,
422.1967,3.973,-0.076,-0.0,0.0,0.0,-0.0,-0.0,0.0,-0.0,-0.0,0.0,-0.0,0.0,0.0,-0.0,-0.0,0.0,0.0,0.0,-0.0,-0.0,859.603,-0.0,0.0,-0.0,0.0,0.0,0.0,0.0,0.0,0.9918,0.0424,-0.1205,-0.07,0.9694,-0.2353,0.1069,0.2418,0.9644,0.6713,0.7313,-0.1205,-0.735,0.6359,-0.2353,-0.0955,0.2466,0.9644,0.0,-0.0,-0.0,0.0,0.0,-0.0,0.0,0.0,0.0,1.8709,6.8321,-40.017,2.8943,2.9707,40.3577,0.0,-0.0069,-0.0685,3685158.5558,2712341.7648,4935113.4211,-3871.9179,-4173.6717,5183.2254,3685156.6849,2712334.9327,4935153.4381,-3871.9179,-4173.6717,5183.2254,0.0,0.0765,3.9732,0.0,0.0,1.0,0.0,1.0,0.0,0.0,-4.1,-36.453,0.0,0.0,-1.0,-0.7071,0.7071,0.0,0.076,0.0,-0.1,1.095884274968297,0.7005470943547313,,
422.3987,3.973,-0.077,-0.0,0.0,-0.0,-0.0,-0.0,0.0,-0.0,-0.0,0.0,-0.0,-0.0,0.0,0.0,-0.0,0.0,-0.0,0.0,-0.0,-0.0,859.603,-0.0,0.0,-0.0,0.0,0.0,0.0,0.0,0.0,0.9918,0.0424,-0.1205,-0.07,0.9694,-0.2353,0.1069,0.2418,0.9644,0.6713,0.7313,-0.1205,-0.735,0.6359,-0.2353,-0.0955,0.2466,0.9644,0.0,-0.0,-0.0,0.0,0.0,-0.0,0.0,0.0,0.0,1.8707,6.8319,-40.017,2.8943,2.9707,40.3577,0.0,-0.0069,-0.0685,3684377.6518,2711500.0353,4936158.5322,-3872.8896,-4174.3868,5181.9238,3684375.781,2711493.2034,4936198.5492,-3872.8896,-4174.3868,5181.9238,0.0,0.0765,3.9732,0.0,0.0,1.0,0.0,1.0,0.0,0.0,-4.1,-36.453,0.0,0.0,-1.0,-0.7071,0.7071,0.0,0.077,0.0,-0.1,1.1103002187014113,0.7005470943547313,,
422.6021,3.973,-0.077,0.0,0.0,-0.0,0.0,0.0,0.0,-0.0,0.0,0.0,-0.0,-0.0,-0.0,0.0,0.0,0.0,0.0,0.0,-0.0,-0.0,859.603,-0.0,0.0,-0.0,0.0,0.0,0.0,0.0,0.0,0.9918,0.0424,-0.1205,-0.07,0.9694,-0.2353,0.1069,0.2418,0.9644,0.6713,0.7313,-0.1205,-0.735,0.6359,-0.2353,-0.0954,0.2466,0.9644,0.0,-0.0,-0.0,0.0,0.0,-0.0,0.0,0.0,0.0,1.8705,6.8317,-40.0171,2.8943,2.9707,40.3577,0.0,-0.0069,-0.0685,3683587.3749,2710648.2708,4937215.6528,-3873.8724,-4175.1101,5180.6067,3683585.5043,2710641.4391,4937255.6699,-3873.8724,-4175.1101,5180.6067,0.0,0.0765,3.9732,0.0,0.0,1.0,0.0,1.0,0.0,0.0,-4.1,-36.453,0.0,0.0,-1.0,-0.7071,0.7071,0.0,0.077,0.0,-0.1,1.1103002187014113,0.7005470943547313,,
422.806,3.973,-0.077,0.0,0.0,-0.0,0.0,0.0,0.0,-0.0,0.0,0.0,-0.0,-0.0,-0.0,0.0,-0.0,0.0,0.0,0.0,-0.0,-0.0,859.603,-0.0,0.0,-0.0,0.0,0.0,0.0,0.0,0.0,0.9918,0.0424,-0.1205,-0.07,0.9694,-0.2353,0.1068,0.2418,0.9644,0.6713,0.7313,-0.1205,-0.735,0.6359,-0.2353,-0.0954,0.2466,0.9644,0.0,-0.0,-0.0,0.0,0.0,-0.0,0.0,0.0,0.0,1.8704,6.8316,-40.0171,2.8943,2.9707,40.3577,0.0,-0.0069,-0.0685,3682802.6176,2709802.5236,4938264.8597,-3874.848,-4175.828,5179.2989,3682800.7472,2709795.692,4938304.8768,-3874.848,-4175.828,5179.2989,0.0,0.0765,3.9732,0.0,0.0,1.0,0.0,1.0,0.0,0.0,-4.1,-36.453,0.0,0.0,-1.0,-0.7071,0.7071,0.0,0.077,0.0,-0.1,1.1103002187014113,0.7005470943547313,,
423.0111,3.973,-0.077,0.0,-0.0,-0.0,0.0,0.0,-0.0,0.0,0.0,-0.0,0.0,-0.0,-0.0,-0.0,-0.0,0.0,0.0,0.0,-0.0,-0.0,859.603,-0.0,0.0,-0.0,0.0,0.0,0.0,0.0,0.0,0.9918,0.0424,-0.1205,-0.07,0.9694,-0.2353,0.1068,0.2418,0.9644,0.6713,0.7313,-0.1205,-0.735,0.6359,-0.2353,-0.0954,0.2465,0.9644,0.0,-0.0,-0.0,0.0,0.0,-0.0,0.0,0.0,0.0,1.8702,6.8314,-40.0171,2.8943,2.9707,40.3577,0.0,-0.0069,-0.0685,3682006.4282,2708944.5244,4939328.8097,-3875.8373,-4176.5559,5177.972,3682004.558,2708937.693,4939368.8269,-3875.8373,-4176.5559,5177.972,0.0,0.0765,3.9732,0.0,0.0,1.0,0.0,1.0,0.0,0.0,-4.1,-36.453,0.0,0.0,-1.0,-0.7071,0.7071,0.0,0.077,0.0,-0.1,1.1103002187014113,0.7005470943547313,,
423.2155,3.973,-0.077,0.0,0.0,-0.0,0.0,0.0,0.0,-0.0,0.0,0.0,-0.0,-0.0,0.0,-0.0,0.0,0.0,0.0,0.0,-0.0,-0.0,859.603,-0.0,0.0,-0.0,0.0,0.0,0.0,0.0,0.0,0.9918,0.0424,-0.1205,-0.07,0.9694,-0.2353,0.1068,0.2418,0.9644,0.6713,0.7313,-0.1205,-0.735,0.6359,-0.2353,-0.0954,0.2465,0.9644,0.0,-0.0,-0.0,0.0,0.0,-0.0,0.0,0.0,0.0,1.8701,6.8313,-40.0172,2.8943,2.9707,40.3577,0.0,-0.0069,-0.0685,3681213.8699,2708090.5074,4940387.3676,-3876.8216,-4177.28,5176.6513,3681211.9999,2708083.6761,4940427.3848,-3876.8216,-4177.28,5176.6513,0.0,0.0765,3.9732,0.0,0.0,1.0,0.0,1.0,0.0,0.0,-4.1,-36.453,0.0,0.0,-1.0,-0.7071,0.7071,0.0,0.077,0.0,-0.1,1.1103002187014113,0.7005470943547313,,
423.4193,3.973,-0.077,0.0,-0.0,-0.0,0.0,0.0,0.0,0.0,0.0,0.0,0.0,-0.0,-0.0,0.0,0.0,0.0,0.0,0.0,-0.0,-0.0,859.603,-0.0,0.0,-0.0,0.0,0.0,0.0,0.0,0.0,0.9918,0.0424,-0.1205,-0.07,0.9694,-0.2353,0.1068,0.2418,0.9644,0.6713,0.7313,-0.1205,-0.735,0.6359,-0.2353,-0.0954,0.2465,0.9644,0.0,-0.0,-0.0,0.0,0.0,-0.0,0.0,0.0,0.0,1.8699,6.8311,-40.0172,2.8943,2.9707,40.3577,0.0,-0.0069,-0.0685,3680422.6429,2707237.9939,4941443.6111,-3877.8039,-4178.0026,5175.3328,3680420.773,2707231.1628,4941483.6283,-3877.8039,-4178.0026,5175.3328,0.0,0.0765,3.9732,0.0,0.0,1.0,0.0,1.0,0.0,0.0,-4.1,-36.453,0.0,0.0,-1.0,-0.7071,0.7071,0.0,0.077,0.0,-0.1,1.1103002187014113,0.7005470943547313,,
423.6211,3.973,-0.077,0.0,0.0,-0.0,0.0,0.0,0.0,-0.0,0.0,0.0,-0.0,-0.0,0.0,-0.0,-0.0,0.0,0.0,0.0,-0.0,-0.0,859.603,-0.0,0.0,-0.0,0.0,0.0,0.0,0.0,0.0,0.9918,0.0424,-0.1205,-0.07,0.9694,-0.2353,0.1068,0.2418,0.9644,0.6713,0.7313,-0.1205,-0.735,0.6359,-0.2353,-0.0954,0.2465,0.9644,0.0,-0.0,-0.0,0.0,0.0,-0.0,0.0,0.0,0.0,1.8698,6.8309,-40.0172,2.8943,2.9707,40.3577,0.0,-0.0069,-0.0685,3679640.1153,2706394.9203,4942487.7123,-3878.7748,-4178.7167,5174.0289,3679638.2456,2706388.0894,4942527.7295,-3878.7748,-4178.7167,5174.0289,0.0,0.0765,3.9732,0.0,0.0,1.0,0.0,1.0,0.0,0.0,-4.1,-36.453,0.0,0.0,-1.0,-0.7071,0.7071,0.0,0.077,0.0,-0.1,1.1103002187014113,0.7005470943547313,,
423.8254,3.973,-0.077,0.0,0.0,-0.0,0.0,0.0,0.0,-0.0,0.0,0.0,-0.0,-0.0,-0.0,0.0,-0.0,0.0,0.0,0.0,-0.0,-0.0,859.603,-0.0,0.0,-0.0,0.0,0.0,0.0,0.0,0.0,0.9918,0.0424,-0.1205,-0.07,0.9694,-0.2353,0.1068,0.2418,0.9644,0.6713,0.7313,-0.1205,-0.735,0.6359,-0.2353,-0.0954,0.2465,0.9644,0.0,-0.0,-0.0,0.0,0.0,-0.0,0.0,0.0,0.0,1.8696,6.8308,-40.0173,2.8943,2.9707,40.3577,0.0,-0.0069,-0.0685,3678851.3741,2705545.2207,4943539.5748,-3879.753,-4179.4362,5172.7146,3678849.5045,2705538.3899,4943579.5921,-3879.753,-4179.4362,5172.7146,0.0,0.0765,3.9732,0.0,0.0,1.0,0.0,1.0,0.0,0.0,-4.1,-36.453,0.0,0.0,-1.0,-0.7071,0.7071,0.0,0.077,0.0,-0.1,1.1103002187014113,0.7005470943547313,,
424.0291,3.973,-0.077,0.0,0.0,-0.0,0.0,0.0,0.0,-0.0,0.0,0.0,-0.0,-0.0,-0.0,0.0,0.0,0.0,0.0,0.0,-0.0,-0.0,859.603,-0.0,0.0,-0.0,0.0,0.0,0.0,0.0,0.0,0.9918,0.0424,-0.1205,-0.07,0.9694,-0.2353,0.1068,0.2418,0.9644,0.6713,0.7313,-0.1205,-0.735,0.6359,-0.2353,-0.0954,0.2465,0.9644,0.0,-0.0,-0.0,0.0,0.0,-0.0,0.0,0.0,0.0,1.8694,6.8306,-40.0173,2.8943,2.9707,40.3577,0.0,-0.0069,-0.0685,3678055.9298,2704688.3685,4944599.8367,-3880.7391,-4180.1613,5171.3893,3678054.0604,2704681.5379,4944639.854,-3880.7391,-4180.1613,5171.3893,0.0,0.0765,3.9732,0.0,0.0,1.0,0.0,1.0,0.0,0.0,-4.1,-36.453,0.0,0.0,-1.0,-0.7071,0.7071,0.0,0.077,0.0,-0.1,1.1103002187014113,0.7005470943547313,,
424.2305,3.973,-0.077,-0.0,0.0,-0.0,-0.0,-0.0,0.0,-0.0,-0.0,0.0,-0.0,0.0,0.0,0.0,0.0,-0.0,0.0,0.0,-0.0,-0.0,859.603,-0.0,0.0,-0.0,0.0,0.0,0.0,0.0,0.0,0.9918,0.0424,-0.1205,-0.07,0.9694,-0.2353,0.1068,0.2418,0.9644,0.6713,0.7313,-0.1205,-0.735,0.6359,-0.2353,-0.0954,0.2465,0.9644,0.0,-0.0,-0.0,0.0,0.0,-0.0,0.0,0.0,0.0,1.8693,6.8305,-40.0173,2.8943,2.9707,40.3577,0.0,-0.0069,-0.0685,3677278.7807,2703851.2904,4945635.1897,-3881.7021,-4180.8694,5170.0944,3677276.9114,2703844.4599,4945675.2071,-3881.7021,-4180.8694,5170.0944,0.0,0.0765,3.9732,0.0,0.0,1.0,0.0,1.0,0.0,0.0,-4.1,-36.453,0.0,0.0,-1.0,-0.7071,0.7071,0.0,0.077,0.0,-0.1,1.1103002187014113,0.7005470943547313,,
424.4339,3.973,-0.077,0.0,0.0,-0.0,0.0,0.0,0.0,-0.0,0.0,0.0,-0.0,-0.0,0.0,-0.0,-0.0,0.0,0.0,0.0,-0.0,-0.0,859.603,-0.0,0.0,-0.0,0.0,0.0,0.0,0.0,0.0,0.9918,0.0424,-0.1205,-0.07,0.9694,-0.2353,0.1068,0.2418,0.9644,0.6713,0.7313,-0.1205,-0.735,0.6359,-0.2353,-0.0954,0.2465,0.9644,0.0,-0.0,-0.0,0.0,0.0,-0.0,0.0,0.0,0.0,1.8691,6.8303,-40.0174,2.8943,2.9707,40.3577,0.0,-0.0069,-0.0685,3676486.2663,2702997.7301,4946690.4824,-3882.6836,-4181.5911,5168.7741,3676484.3972,2702990.8998,4946730.4998,-3882.6836,-4181.5911,5168.7741,0.0,0.0765,3.9732,0.0,0.0,1.0,0.0,1.0,0.0,0.0,-4.1,-36.453,0.0,0.0,-1.0,-0.7071,0.7071,0.0,0.077,0.0,-0.1,1.1103002187014113,0.7005470943547313,,
424.6366,3.973,-0.077,0.0,-0.0,-0.0,0.0,0.0,-0.0,0.0,0.0,-0.0,0.0,0.0,0.0,0.0,-0.0,0.0,-0.0,0.0,-0.0,-0.0,859.603,-0.0,0.0,-0.0,0.0,0.0,0.0,0.0,0.0,0.9918,0.0424,-0.1205,-0.07,0.9694,-0.2353,0.1068,0.2418,0.9644,0.6713,0.7313,-0.1205,-0.735,0.6359,-0.2353,-0.0954,0.2465,0.9644,0.0,-0.0,-0.0,0.0,0.0,-0.0,0.0,0.0,0.0,1.869,6.8301,-40.0174,2.8943,2.9707,40.3577,0.0,-0.0069,-0.0685,3675699.0135,2702149.9045,4947738.2381,-3883.6582,-4182.3075,5167.4625,3675697.1445,2702143.0744,4947778.2556,-3883.6582,-4182.3075,5167.4625,0.0,0.0765,3.9732,0.0,0.0,1.0,0.0,1.0,0.0,0.0,-4.1,-36.453,0.0,0.0,-1.0,-0.7071,0.7071,0.0,0.077,0.0,-0.1,1.1103002187014113,0.7005470943547313,,
424.84,3.973,-0.077,0.0,0.0,-0.0,0.0,0.0,0.0,-0.0,0.0,0.0,-0.0,-0.0,-0.0,-0.0,-0.0,0.0,0.0,0.0,-0.0,-0.0,859.603,-0.0,0.0,-0.0,0.0,0.0,0.0,0.0,0.0,0.9918,0.0424,-0.1205,-0.07,0.9694,-0.2353,0.1068,0.2418,0.9644,0.6713,0.7313,-0.1205,-0.735,0.6359,-0.2353,-0.0954,0.2465,0.9644,0.0,-0.0,-0.0,0.0,0.0,-0.0,0.0,0.0,0.0,1.8688,6.83,-40.0174,2.8943,2.9707,40.3577,0.0,-0.0069,-0.0685,3674913.0774,2701303.5643,4948783.7138,-3884.6306,-4183.0224,5166.1532,3674911.2086,2701296.7343,4948823.7312,-3884.6306,-4183.0224,5166.1532,0.0,0.0765,3.9732,0.0,0.0,1.0,0.0,1.0,0.0,0.0,-4.1,-36.453,0.0,0.0,-1.0,-0.7071,0.7071,0.0,0.077,0.0,-0.1,1.1103002187014113,0.7005470943547313,,
425.0443,3.973,-0.077,0.0,-0.0,-0.0,0.0,0.0,-0.0,0.0,0.0,-0.0,0.0,0.0,0.0,0.0,-0.0,-0.0,-0.0,0.0,-0.0,-0.0,859.603,-0.0,0.0,-0.0,0.0,0.0,0.0,0.0,0.0,0.9918,0.0424,-0.1205,-0.07,0.9694,-0.2353,0.1068,0.2418,0.9644,0.6713,0.7313,-0.1205,-0.735,0.636,-0.2353,-0.0954,0.2465,0.9644,0.0,-0.0,-0.0,0.0,0.0,-0.0,0.0,0.0,0.0,1.8687,6.8298,-40.0175,2.8943,2.9707,40.3577,0.0,-0.0069,-0.0685,3674115.8598,2700445.144,4949843.6584,-3885.6166,-4183.7471,5164.8252,3674113.9911,2700438.3142,4949883.6759,-3885.6166,-4183.7471,5164.8252,0.0,0.0765,3.9732,0.0,0.0,1.0,0.0,1.0,0.0,0.0,-4.1,-36.453,0.0,0.0,-1.0,-0.7071,0.7071,0.0,0.077,0.0,-0.1,1.1103002187014113,0.7005470943547313,,
425.2461,3.973,-0.077,0.0,0.0,-0.0,0.0,0.0,0.0,-0.0,0.0,0.0,-0.0,-0.0,-0.0,-0.0,-0.0,-0.0,0.0,0.0,-0.0,-0.0,859.603,-0.0,0.0,-0.0,0.0,0.0,0.0,0.0,0.0,0.9918,0.0424,-0.1205,-0.07,0.9694,-0.2353,0.1068,0.2418,0.9644,0.6713,0.7313,-0.1205,-0.735,0.636,-0.2353,-0.0954,0.2465,0.9644,0.0,-0.0,-0.0,0.0,0.0,-0.0,0.0,0.0,0.0,1.8685,6.8297,-40.0175,2.8943,2.9707,40.3577,0.0,-0.0069,-0.0685,3673332.6021,2699601.8233,4950884.5169,-3886.5849,-4184.4588,5163.5204,3673330.7336,2699594.9936,4950924.5344,-3886.5849,-4184.4588,5163.5204,0.0,0.0765,3.9732,0.0,0.0,1.0,0.0,1.0,0.0,0.0,-4.1,-36.453,0.0,0.0,-1.0,-0.7071,0.7071,0.0,0.077,0.0,-0.1,1.1103002187014113,0.7005470943547313,,
425.4465,3.973,-0.077,0.0,0.0,-0.0,0.0,0.0,0.0,-0.0,0.0,0.0,-0.0,0.0,0.0,0.0,-0.0,-0.0,-0.0,0.0,-0.0,-0.0,859.603,-0.0,0.0,-0.0,0.0,0.0,0.0,0.0,0.0,0.9918,0.0424,-0.1205,-0.07,0.9694,-0.2353,0.1068,0.2418,0.9644,0.6713,0.7313,-0.1205,-0.735,0.636,-0.2353,-0.0954,0.2465,0.9644,0.0,-0.0,-0.0,0.0,0.0,-0.0,0.0,0.0,0.0,1.8683,6.8295,-40.0175,2.8943,2.9707,40.3577,0.0,-0.0069,-0.0685,3672550.4212,2698759.7277,4951923.4216,-3887.5513,-4185.169,5162.2175,3672548.5529,2698752.8981,4951963.4391,-3887.5513,-4185.169,5162.2175,0.0,0.0765,3.9732,0.0,0.0,1.0,0.0,1.0,0.0,0.0,-4.1,-36.453,0.0,0.0,-1.0,-0.7071,0.7071,0.0,0.077,0.0,-0.1,1.1103002187014113,0.7005470943547313,,
425.6649,3.973,-0.077,0.0,-0.0,-0.0,0.0,0.0,0.0,0.0,0.0,0.0,0.0,0.0,0.0,0.0,0.0,0.0,-0.0,0.0,-0.0,-0.0,859.603,-0.0,0.0,-0.0,0.0,0.0,0.0,0.0,0.0,0.9918,0.0424,-0.1205,-0.07,0.9694,-0.2353,0.1068,0.2418,0.9644,0.6713,0.7313,-0.1205,-0.735,0.636,-0.2353,-0.0954,0.2465,0.9644,0.0,-0.0,-0.0,0.0,0.0,-0.0,0.0,0.0,0.0,1.8682,6.8293,-40.0176,2.8943,2.9707,40.3577,0.0,-0.0069,-0.0685,3671699.0815,2697843.2516,4953053.5937,-3888.6028,-4185.9416,5160.7995,3671697.2133,2697836.4223,4953093.6113,-3888.6028,-4185.9416,5160.7995,0.0,0.0765,3.9732,0.0,0.0,1.0,0.0,1.0,0.0,0.0,-4.1,-36.453,0.0,0.0,-1.0,-0.7071,0.7071,0.0,0.077,0.0,-0.1,1.1103002187014113,0.7005470943547313,,
425.8651,3.973,-0.077,0.0,0.0,-0.0,0.0,0.0,0.0,-0.0,0.0,0.0,-0.0,0.0,0.0,0.0,-0.0,0.0,-0.0,0.0,-0.0,-0.0,859.603,-0.0,0.0,-0.0,0.0,0.0,0.0,0.0,0.0,0.9918,0.0424,-0.1205,-0.07,0.9694,-0.2353,0.1068,0.2418,0.9644,0.6713,0.7313,-0.1205,-0.735,0.636,-0.2353,-0.0954,0.2465,0.9644,0.0,-0.0,-0.0,0.0,0.0,-0.0,0.0,0.0,0.0,1.868,6.8292,-40.0176,2.8943,2.9707,40.3577,0.0,-0.0069,-0.0685,3670920.8193,2697005.5132,4954086.2151,-3889.5635,-4186.6475,5159.5032,3670918.9513,2696998.684,4954126.2327,-3889.5635,-4186.6475,5159.5032,0.0,0.0765,3.9732,0.0,0.0,1.0,0.0,1.0,0.0,0.0,-4.1,-36.453,0.0,0.0,-1.0,-0.7071,0.7071,0.0,0.077,0.0,-0.1,1.1103002187014113,0.7005470943547313,,
