SimTime,COG Pos.x [m],COG Pos.y [m],COG Pos.z [m],Port Pos.x [m],Port Pos.y [m],Port Pos.z [m],COG Vel.x [m],COG Vel.y [m],COG Vel.z [m],Port Vel.x [m],Port Vel.y [m],Port Vel.z [m],Rot Angle.x [deg],Rot Angle.y [deg],Rot Angle.z [deg],Rot. Rate.x [deg/s],Rot. Rate.y [deg/s],Rot. Rate.z [deg/s],Rot. Rate.x [deg/s] (VLCS),Rot. Rate.y [deg/s] (VLCS),Rot. Rate.Z [deg/s] (VLCS),Tank mass [kg],THC.z,THC.y,THC.x,RHC.z,RHC.y,RHC.x,MFDLeft,MFDRight,MyROT.m11,MyROT.m12,MyROT.m13,MyROT.m21,MyROT.m22,MyROT.m23,MyROT.m31,MyROT.m32,MyROT.m33,TgtRot.m11,TgtRot.m12,TgtRot.m13,TgtRot.m21,TgtRot.m22,TgtRot.m23,TgtRot.m31,TgtRot.m32,TgtRot.m33,MyAngVel.x,MyAngVel.y,MyAngVel.z,TgtAngVel.x,TgtAngVel.y,TgtAngVel.z,RelPos.x,RelPos.y,RelPos.z,RelVel.x,RelVel.y,RelVel.z,MySs.x,MySs.y,MySs.z,TgtSs.x,TgtSs.y,TgtSs.z,MyLVPos.x,MyLVPos.y,MyLVPos.z,MyLVVel.x,MyLVVel.y,MyLVVel.z,TgtLVPos.x,TgtLVPos.y,TgtLVPos.z,TgtLVVel.x,TgtLVVel.y,TgtLVVel.z,MyDockPos.x,MyDockPos.y,MyDockPos.z,MyDockDir.x,MyDockDir.y,MyDockDir.z,MyDockRot.x,MyDockRot.y,MyDockRot.z,TgtDockPos.x,TgtDockPos.y,TgtDockPos.z,TgtDockDir.x,TgtDockDir.y,TgtDockDir.z,TgtDockRot.x,TgtDockRot.y,TgtDockRot.z,Lateral Offset,Lateral Velocity,Ideal Approach Vel,Angle to Port,Approach Cone,Max Rot Angle,Max Rot Velocity
0.162,74.701,2.946,2.174,70.755,2.484,2.104,-0.0,-0.0,0.008,-0.0,-0.0,0.008,-25.303,-1.474,-7.673,-0.0,0.0,-0.0,-0.0,0.0,-0.0,858.33,-0.0,0.0,-0.0,0.0,0.0,0.0,11.0,0.0,-0.3193,0.8865,-0.335,0.9463,0.2796,-0.1622,-0.0501,-0.3688,-0.9282,0.676,0.226,-0.7014,-0.7316,0.0917,-0.6755,-0.0884,0.9698,0.2273,-0.0,0.0,-0.0,0.0,0.0,0.0,0.005,-0.006,-0.001,37.5008,23.549,67.2698,0.0,0.0434,-0.3683,0.0,0.0,0.0,2329299.8579,2834590.0267,-5652192.6437,5058.549,4060.7585,4127.1187,2329262.3571,2834566.4777,-5652259.9136,5058.544,4060.7645,4127.1197,0.0,0.0765,3.9732,0.0,0.0,1.0,0.0,1.0,0.0,0.0,1.172,-23.972,0.0,1.0,0.0,0.0,0.0,-1.0,3.6613101480207875,0.008,-0.373505,4.7991895648623455,13.17180178590304,,
0.3692,74.701,2.946,2.175,70.755,2.484,2.106,-0.0,-0.0,0.008,-0.0,-0.0,0.008,-25.303,-1.474,-7.673,-0.0,0.0,-0.0,-0.0,0.0,-0.0,858.33,-0.0,0.0,-0.0,0.0,0.0,0.0,11.0,0.0,-0.3193,0.8865,-0.335,0.9463,0.2796,-0.1622,-0.0501,-0.3688,-0.9282,0.676,0.226,-0.7014,-0.7316,0.0917,-0.6755,-0.0884,0.9698,0.2273,-0.0,0.0,-0.0,0.0,0.0,0.0,0.005,-0.006,-0.001,37.5019,23.5477,67.2696,0.0,0.0434,-0.3683,0.0,0.0,0.0,2330343.659,2835427.9128,-5651340.8291,5057.9227,4059.9964,4128.638,2330306.1571,2835404.3651,-5651408.0987,5057.9177,4060.0024,4128.639,0.0,0.0765,3.9732,0.0,0.0,1.0,0.0,1.0,0.0,0.0,1.172,-23.972,0.0,1.0,0.0,0.0,0.0,-1.0,3.661904012941901,0.008,-0.373505,4.801266224223137,13.17180178590304,,
0.5737,74.701,2.946,2.177,70.755,2.484,2.108,-0.0,-0.0,0.008,-0.0,-0.0,0.008,-25.303,-1.474,-7.673,-0.0,0.0,-0.0,-0.0,0.0,-0.0,858.33,-0.0,0.0,-0.0,0.0,0.0,0.0,11.0,0.0,-0.3193,0.8865,-0.335,0.9463,0.2796,-0.1622,-0.0501,-0.3688,-0.9282,0.676,0.226,-0.7014,-0.7316,0.0917,-0.6755,-0.0884,0.9698,0.2273,-0.0,0.0,-0.0,0.0,0.0,0.0,0.005,-0.006,-0.001,37.5029,23.5465,67.2694,0.0,0.0434,-0.3683,0.0,0.0,0.0,2331376.9216,2836257.2865,-5650497.2032,5057.3023,4059.2417,4130.1419,2331339.4188,2836233.74,-5650564.4726,5057.2974,4059.2477,4130.1429,0.0,0.0765,3.9732,0.0,0.0,1.0,0.0,1.0,0.0,0.0,1.172,-23.972,0.0,1.0,0.0,0.0,0.0,-1.0,3.663092272930072,0.008,-0.373505,4.801466975638044,13.17180178590304,,
0.7808,74.701,2.946,2.179,70.755,2.484,2.109,-0.0,-0.0,0.008,-0.0,-0.0,0.008,-25.303,-1.474,-7.673,-0.0,0.0,-0.0,-0.0,0.0,-0.0,858.33,-0.0,0.0,-0.0,0.0,0.0,0.0,11.0,0.0,-0.3193,0.8865,-0.335,0.9463,0.2796,-0.1622,-0.0501,-0.3688,-0.9282,0.676,0.226,-0.7014,-0.7316,0.0917,-0.6755,-0.0884,0.9698,0.2273,-0.0,0.0,-0.0,0.0,0.0,0.0,0.0049,-0.0061,-0.001,37.5039,23.5452,67.2692,0.0,0.0434,-0.3683,0.0,0.0,0.0,2332428.5301,2837101.3324,-5649638.1745,5056.6706,4058.4732,4131.6725,2332391.0262,2837077.7872,-5649705.4437,5056.6657,4058.4793,4131.6735,0.0,0.0765,3.9732,0.0,0.0,1.0,0.0,1.0,0.0,0.0,1.172,-23.972,0.0,1.0,0.0,0.0,0.0,-1.0,3.6642812392064013,0.008,-0.373505,4.799679745574628,13.17180178590304,,
0.9876,74.701,2.946,2.18,70.755,2.484,2.111,-0.0,-0.0,0.008,-0.0,-0.0,0.008,-25.303,-1.474,-7.673,-0.0,0.0,-0.0,-0.0,0.0,-0.0,858.33,-0.0,0.0,-0.0,0.0,0.0,0.0,11.0,0.0,-0.3193,0.8865,-0.335,0.9463,0.2796,-0.1622,-0.0501,-0.3688,-0.9282,0.676,0.226,-0.7014,-0.7316,0.0917,-0.6755,-0.0884,0.9698,0.2273,-0.0,0.0,-0.0,0.0,0.0,0.0,0.0049,-0.0061,-0.001,37.5049,23.544,67.269,0.0,0.0434,-0.3683,0.0,0.0,0.0,2333468.6992,2837936.143,-5648788.0732,5056.0454,4057.7128,4133.1864,2333431.1943,2837912.599,-5648855.3422,5056.0405,4057.7189,4133.1874,0.0,0.0765,3.9732,0.0,0.0,1.0,0.0,1.0,0.0,0.0,1.172,-23.972,0.0,1.0,0.0,0.0,0.0,-1.0,3.6648759869878273,0.008,-0.373505,4.8017690124379175,13.17180178590304,,
1.1922,74.701,2.946,2.182,70.755,2.484,2.112,-0.0,-0.0,0.008,-0.0,-0.0,0.008,-25.303,-1.474,-7.673,-0.0,0.0,-0.0,-0.0,0.0,-0.0,858.33,-0.0,0.0,-0.0,0.0,0.0,0.0,11.0,0.0,-0.3193,0.8865,-0.335,0.9463,0.2796,-0.1622,-0.0501,-0.3688,-0.9282,0.676,0.226,-0.7014,-0.7316,0.0917,-0.6755,-0.0884,0.9698,0.2273,-0.0,0.0,-0.0,0.0,0.0,0.0,0.0049,-0.0061,-0.001,37.506,23.5427,67.2688,0.0,0.0434,-0.3683,0.0,0.0,0.0,2334505.2863,2838768.0259,-5647940.4847,5055.422,4056.9547,4134.6951,2334467.7803,2838744.4831,-5648007.7535,5055.4172,4056.9608,4134.696,0.0,0.0765,3.9732,0.0,0.0,1.0,0.0,1.0,0.0,0.0,1.172,-23.972,0.0,1.0,0.0,0.0,0.0,-1.0,3.6660660114078687,0.008,-0.373505,4.799975311211634,13.17180178590304,,
1.3987,74.701,2.946,2.184,70.755,2.484,2.114,-0.0,-0.0,0.008,-0.0,-0.0,0.008,-25.303,-1.474,-7.673,-0.0,0.0,-0.0,-0.0,0.0,-0.0,858.33,-0.0,0.0,-0.0,0.0,0.0,0.0,11.0,0.0,-0.3193,0.8865,-0.335,0.9463,0.2796,-0.1622,-0.0501,-0.3688,-0.9282,0.676,0.226,-0.7014,-0.7316,0.0917,-0.6755,-0.0884,0.9698,0.2273,-0.0,0.0,-0.0,0.0,0.0,0.0,0.0049,-0.0061,-0.001,37.507,23.5415,67.2686,0.0,0.0434,-0.3683,0.0,0.0,0.0,2335552.1667,2839608.1155,-5647084.0608,5054.7921,4056.1888,4136.2186,2335514.6598,2839584.5741,-5647151.3295,5054.7872,4056.1949,4136.2196,0.0,0.0765,3.9732,0.0,0.0,1.0,0.0,1.0,0.0,0.0,1.172,-23.972,0.0,1.0,0.0,0.0,0.0,-1.0,3.6672567403987415,0.008,-0.373505,4.800172962010406,13.17180178590304,,
1.6071,74.701,2.946,2.185,70.754,2.484,2.116,-0.0,-0.001,0.008,-0.0,-0.001,0.008,-25.303,-1.474,-7.673,-0.0,0.0,-0.0,-0.0,0.0,-0.0,858.33,-0.0,0.0,-0.0,0.0,0.0,0.0,11.0,0.0,-0.3193,0.8865,-0.335,0.9463,0.2796,-0.1622,-0.0501,-0.3688,-0.9282,0.676,0.226,-0.7014,-0.7316,0.0917,-0.6755,-0.0884,0.9698,0.2273,-0.0,0.0,-0.0,0.0,0.0,0.0,0.0049,-0.0061,-0.001,37.508,23.5402,67.2684,0.0,0.0434,-0.3683,0.0,0.0,0.0,2336601.4904,2840450.112,-5646225.2127,5054.1603,4055.4207,4137.7457,2336563.9825,2840426.5718,-5646292.4811,5054.1555,4055.4268,4137.7467,0.0,0.0765,3.9732,0.0,0.0,1.0,0.0,1.0,0.0,0.0,1.172,-23.972,0.0,1.0,0.0,0.0,0.0,-1.0,3.6678523688938194,0.00806225774829855,-0.373505,4.800624038634574,13.17180178590304,,
1.8132,74.701,2.945,2.187,70.754,2.484,2.117,-0.0,-0.001,0.008,-0.0,-0.001,0.008,-25.303,-1.474,-7.673,-0.0,0.0,-0.0,-0.0,0.0,-0.0,858.33,-0.0,0.0,-0.0,0.0,0.0,0.0,11.0,0.0,-0.3193,0.8865,-0.335,0.9463,0.2796,-0.1622,-0.0501,-0.3688,-0.9282,0.676,0.226,-0.7014,-0.7316,0.0917,-0.6755,-0.0884,0.9698,0.2273,-0.0,0.0,-0.0,0.0,0.0,0.0,0.0048,-0.0062,-0.001,37.509,23.5389,67.2682,0.0,0.0434,-0.3683,0.0,0.0,0.0,2337646.1917,2841288.3455,-5645369.7257,5053.531,4054.6557,4139.2661,2337608.6828,2841264.8066,-5645436.9939,5053.5261,4054.6618,4139.267,0.0,0.0765,3.9732,0.0,0.0,1.0,0.0,1.0,0.0,0.0,1.172,-23.972,0.0,1.0,0.0,0.0,0.0,-1.0,3.6682412679647993,0.00806225774829855,-0.373505,4.784619933911804,13.17180178590304,,
2.0225,74.701,2.945,2.188,70.754,2.483,2.119,-0.0,-0.001,0.008,-0.0,-0.001,0.008,-25.303,-1.474,-7.673,-0.0,0.0,-0.0,-0.0,0.0,-0.0,858.33,-0.0,0.0,-0.0,0.0,0.0,0.0,0.0,0.0,-0.3193,0.8865,-0.335,0.9463,0.2796,-0.1622,-0.0501,-0.3688,-0.9282,0.676,0.226,-0.7014,-0.7316,0.0917,-0.6755,-0.0884,0.9698,0.2273,-0.0,0.0,-0.0,0.0,0.0,0.0,0.0048,-0.0062,-0.001,37.51,23.5377,67.268,0.0,0.0434,-0.3683,0.0,0.0,0.0,2338696.3639,2842130.9143,-5644509.336,5052.898,4053.8863,4140.7943,2338658.8539,2842107.3766,-5644576.604,5052.8931,4053.8925,4140.7953,0.0,0.0765,3.9732,0.0,0.0,1.0,0.0,1.0,0.0,0.0,1.172,-23.972,0.0,1.0,0.0,0.0,0.0,-1.0,3.668837554321532,0.00806225774829855,-0.373505,4.801693302982805,13.17180178590304,,
2.2311,74.701,2.945,2.19,70.754,2.483,2.121,-0.0,-0.001,0.008,-0.0,-0.001,0.008,-25.303,-1.474,-7.673,-0.0,0.0,-0.0,-0.0,0.0,-0.0,858.33,-0.0,0.0,-0.0,0.0,0.0,0.0,0.0,0.0,-0.3193,0.8865,-0.335,0.9463,0.2796,-0.1622,-0.0501,-0.3688,-0.9282,0.676,0.226,-0.7014,-0.7316,0.0917,-0.6755,-0.0884,0.9698,0.2273,-0.0,0.0,-0.0,0.0,0.0,0.0,0.0048,-0.0062,-0.001,37.511,23.5364,67.2678,0.0,0.0434,-0.3683,0.0,0.0,0.0,2339745.5188,2842972.6126,-5643649.3551,5052.2652,4053.1174,4142.3211,2339708.0079,2842949.0762,-5643716.6229,5052.2604,4053.1236,4142.322,0.0,0.0765,3.9732,0.0,0.0,1.0,0.0,1.0,0.0,0.0,1.172,-23.972,0.0,1.0,0.0,0.0,0.0,-1.0,3.6700306538229346,0.00806225774829855,-0.373505,4.80189733516423,13.17180178590304,,
2.4326,74.701,2.945,2.192,70.754,2.483,2.122,-0.0,-0.001,0.008,-0.0,-0.001,0.008,-25.303,-1.474,-7.673,-0.0,0.0,-0.0,-0.0,0.0,-0.0,858.33,-0.0,0.0,-0.0,0.0,0.0,0.0,0.0,0.0,-0.3193,0.8865,-0.335,0.9463,0.2796,-0.1622,-0.0501,-0.3688,-0.9282,0.676,0.226,-0.7014,-0.7316,0.0917,-0.6755,-0.0884,0.9698,0.2273,-0.0,0.0,-0.0,0.0,0.0,0.0,0.0048,-0.0062,-0.0009,37.5119,23.5351,67.2676,0.0,0.0434,-0.3683,0.0,0.0,0.0,2340770.1398,2843794.5763,-5642809.0716,5051.6469,4052.3662,4143.8121,2340732.6279,2843771.0412,-5642876.3392,5051.6421,4052.3724,4143.813,0.0,0.0765,3.9732,0.0,0.0,1.0,0.0,1.0,0.0,0.0,1.172,-23.972,0.0,1.0,0.0,0.0,0.0,-1.0,3.67122445513755,0.00806225774829855,-0.373505,4.800081447842839,13.17180178590304,,
2.6364,74.7,2.945,2.193,70.754,2.483,2.124,-0.0,-0.001,0.008,-0.0,-0.001,0.008,-25.303,-1.474,-7.673,-0.0,0.0,-0.0,-0.0,0.0,-0.0,858.33,-0.0,0.0,-0.0,0.0,0.0,0.0,0.0,0.0,-0.3193,0.8865,-0.335,0.9463,0.2796,-0.1622,-0.0501,-0.3688,-0.9282,0.676,0.226,-0.7014,-0.7316,0.0917,-0.6755,-0.0884,0.9698,0.2273,-0.0,0.0,-0.0,0.0,0.0,0.0,0.0048,-0.0062,-0.0009,37.5129,23.5338,67.2674,0.0,0.0434,-0.3683,0.0,0.0,0.0,2341805.2439,2844624.8965,-5641959.7833,5051.0219,4051.6069,4145.3183,2341767.731,2844601.3626,-5642027.0508,5051.0171,4051.6132,4145.3192,0.0,0.0765,3.9732,0.0,0.0,1.0,0.0,1.0,0.0,0.0,1.172,-23.972,0.0,1.0,0.0,0.0,0.0,-1.0,3.6718216187609114,0.00806225774829855,-0.3735,4.80383181619614,13.171625458922334,,
2.837,74.7,2.945,2.195,70.754,2.483,2.125,-0.0,-0.001,0.008,-0.0,-0.001,0.008,-25.303,-1.474,-7.673,-0.0,0.0,-0.0,-0.0,0.0,-0.0,858.33,-0.0,0.0,-0.0,0.0,0.0,0.0,0.0,0.0,-0.3193,0.8865,-0.335,0.9463,0.2796,-0.1622,-0.0501,-0.3688,-0.9282,0.676,0.226,-0.7014,-0.7316,0.0917,-0.6755,-0.0884,0.9698,0.2273,-0.0,0.0,-0.0,0.0,0.0,0.0,0.0047,-0.0062,-0.0009,37.5139,23.5326,67.2672,0.0,0.0434,-0.3683,0.0,0.0,0.0,2342820.798,2845439.4834,-5641126.1311,5050.4083,4050.8617,4146.796,2342783.2841,2845415.9509,-5641193.3983,5050.4036,4050.868,4146.7969,0.0,0.0765,3.9732,0.0,0.0,1.0,0.0,1.0,0.0,0.0,1.172,-23.972,0.0,1.0,0.0,0.0,0.0,-1.0,3.673016471512209,0.00806225774829855,-0.3735,4.802010301163166,13.171625458922334,,
3.0456,74.7,2.945,2.196,70.754,2.483,2.127,-0.0,-0.001,0.008,-0.0,-0.001,0.008,-25.303,-1.474,-7.673,-0.0,0.0,-0.0,-0.0,0.0,-0.0,858.33,-0.0,0.0,-0.0,0.0,0.0,0.0,0.0,0.0,-0.3193,0.8865,-0.335,0.9463,0.2796,-0.1622,-0.0501,-0.3688,-0.9282,0.676,0.226,-0.7014,-0.7316,0.0917,-0.6755,-0.0884,0.9698,0.2273,-0.0,0.0,-0.0,0.0,0.0,0.0,0.0047,-0.0063,-0.0009,37.5148,23.5313,67.2671,0.0,0.0434,-0.3683,0.0,0.0,0.0,2343865.4393,2846277.3484,-5640268.1867,5049.7769,4050.0948,4148.316,2343827.9245,2846253.8171,-5640335.4537,5049.7722,4050.1011,4148.3169,0.0,0.0765,3.9732,0.0,0.0,1.0,0.0,1.0,0.0,0.0,1.172,-23.972,0.0,1.0,0.0,0.0,0.0,-1.0,3.673614160469224,0.00806225774829855,-0.3735,4.804139638384524,13.171625458922334,,
3.2547,74.7,2.945,2.198,70.754,2.483,2.129,-0.0,-0.001,0.008,-0.0,-0.001,0.008,-25.303,-1.474,-7.673,-0.0,0.0,-0.0,-0.0,0.0,-0.0,858.33,-0.0,0.0,-0.0,0.0,0.0,0.0,0.0,0.0,-0.3193,0.8865,-0.335,0.9463,0.2796,-0.1622,-0.0501,-0.3688,-0.9282,0.676,0.226,-0.7014,-0.7316,0.0917,-0.6755,-0.0884,0.9698,0.2273,-0.0,0.0,-0.0,0.0,0.0,0.0,0.0047,-0.0063,-0.0009,37.5158,23.53,67.2669,0.0,0.0434,-0.3683,0.0,0.0,0.0,2344920.8447,2847123.7923,-5639400.9718,5049.1385,4049.3197,4149.8516,2344883.3289,2847100.2623,-5639468.2386,5049.1339,4049.326,4149.8525,0.0,0.0765,3.9732,0.0,0.0,1.0,0.0,1.0,0.0,0.0,1.172,-23.972,0.0,1.0,0.0,0.0,0.0,-1.0,3.6748100631189087,0.00806225774829855,-0.3735,4.804345458818943,13.171625458922334,,
3.4625,74.7,2.944,2.2,70.754,2.483,2.13,-0.0,-0.001,0.008,-0.0,-0.001,0.008,-25.303,-1.474,-7.673,-0.0,0.0,-0.0,-0.0,0.0,-0.0,858.33,-0.0,0.0,-0.0,0.0,0.0,0.0,0.0,0.0,-0.3193,0.8865,-0.335,0.9463,0.2796,-0.1622,-0.0501,-0.3688,-0.9282,0.676,0.226,-0.7014,-0.7316,0.0917,-0.6755,-0.0884,0.9698,0.2273,-0.0,0.0,-0.0,0.0,0.0,0.0,0.0047,-0.0063,-0.0009,37.5168,23.5287,67.2667,0.0,0.0434,-0.3683,0.0,0.0,0.0,2345972.4354,2847967.1216,-5638536.4659,5048.5022,4048.5471,4151.3816,2345934.9186,2847943.5929,-5638603.7325,5048.4975,4048.5534,4151.3826,0.0,0.0765,3.9732,0.0,0.0,1.0,0.0,1.0,0.0,0.0,1.172,-23.972,0.0,1.0,0.0,0.0,0.0,-1.0,3.6752055724816266,0.00806225774829855,-0.3735,4.788314597187077,13.171625458922334,,
3.6695,74.7,2.944,2.201,70.754,2.482,2.132,-0.0,-0.001,0.008,-0.0,-0.001,0.008,-25.303,-1.474,-7.673,-0.0,0.0,-0.0,-0.0,0.0,-0.0,858.33,-0.0,0.0,-0.0,0.0,0.0,0.0,0.0,0.0,-0.3193,0.8865,-0.335,0.9463,0.2796,-0.1622,-0.0501,-0.3688,-0.9282,0.676,0.226,-0.7014,-0.7316,0.0917,-0.6755,-0.0884,0.9698,0.2273,-0.0,0.0,-0.0,0.0,0.0,0.0,0.0047,-0.0063,-0.0009,37.5178,23.5274,67.2665,0.0,0.0434,-0.3683,0.0,0.0,0.0,2347013.2114,2848801.7244,-5637680.4282,5047.8719,4047.7821,4152.8959,2346975.6936,2848778.197,-5637747.6947,5047.8673,4047.7884,4152.8968,0.0,0.0765,3.9732,0.0,0.0,1.0,0.0,1.0,0.0,0.0,1.172,-23.972,0.0,1.0,0.0,0.0,0.0,-1.0,3.6758042657355956,0.00806225774829855,-0.3735,4.805418973689924,13.171625458922334,,
3.8777,74.7,2.944,2.203,70.754,2.482,2.133,-0.0,-0.001,0.008,-0.0,-0.001,0.008,-25.303,-1.474,-7.673,-0.0,0.0,-0.0,-0.0,0.0,-0.0,858.33,-0.0,0.0,-0.0,0.0,0.0,0.0,0.0,0.0,-0.3193,0.8865,-0.335,0.9463,0.2796,-0.1622,-0.0501,-0.3688,-0.9282,0.676,0.226,-0.7014,-0.7316,0.0917,-0.6755,-0.0884,0.9698,0.2273,-0.0,0.0,-0.0,0.0,0.0,0.0,0.0046,-0.0063,-0.0009,37.5187,23.5261,67.2663,0.0,0.0434,-0.3683,0.0,0.0,0.0,2348064.9588,2849645.0709,-5636814.9407,5047.2347,4047.0087,4154.4261,2348027.4401,2849621.5448,-5636882.2069,5047.2301,4047.015,4154.427,0.0,0.0765,3.9732,0.0,0.0,1.0,0.0,1.0,0.0,0.0,1.172,-23.972,0.0,1.0,0.0,0.0,0.0,-1.0,3.677002175686057,0.00806225774829855,-0.3735,4.803580510947713,13.171625458922334,,
4.0826,74.7,2.944,2.205,70.753,2.482,2.135,-0.0,-0.001,0.008,-0.0,-0.001,0.008,-25.303,-1.474,-7.673,-0.0,0.0,-0.0,-0.0,0.0,-0.0,858.33,-0.0,0.0,-0.0,0.0,0.0,0.0,0.0,0.0,-0.3193,0.8865,-0.335,0.9463,0.2796,-0.1622,-0.0501,-0.3688,-0.9282,0.676,0.226,-0.7014,-0.7316,0.0917,-0.6755,-0.0884,0.9698,0.2273,-0.0,0.0,-0.0,0.0,0.0,0.0,0.0046,-0.0063,-0.0009,37.5197,23.5248,67.2661,0.0,0.0434,-0.3683,0.0,0.0,0.0,2349100.5538,2850475.4122,-5635962.3257,5046.6069,4046.2469,4155.9327,2349063.0341,2850451.8874,-5636029.5918,5046.6023,4046.2532,4155.9336,0.0,0.0765,3.9732,0.0,0.0,1.0,0.0,1.0,0.0,0.0,1.172,-23.972,0.0,1.0,0.0,0.0,0.0,-1.0,3.6782007829915973,0.00806225774829855,-0.3735,4.802132954026685,13.171625458922334,,
4.2901,74.7,2.944,2.206,70.753,2.482,2.137,-0.0,-0.001,0.008,-0.0,-0.001,0.008,-25.303,-1.474,-7.673,-0.0,0.0,-0.0,-0.0,0.0,-0.0,858.33,-0.0,0.0,-0.0,0.0,0.0,0.0,0.0,0.0,-0.3193,0.8865,-0.335,0.9463,0.2796,-0.1622,-0.0501,-0.3688,-0.9282,0.676,0.226,-0.7014,-0.7316,0.0917,-0.6755,-0.0884,0.9698,0.2273,-0.0,0.0,-0.0,0.0,0.0,0.0,0.0046,-0.0064,-0.0009,37.5206,23.5234,67.2659,0.0,0.0434,-0.3683,0.0,0.0,0.0,2350139.7761,2851308.6082,-5635106.309,5045.9766,4045.482,4157.4446,2350102.2555,2851285.0848,-5635173.5749,5045.972,4045.4884,4157.4455,0.0,0.0765,3.9732,0.0,0.0,1.0,0.0,1.0,0.0,0.0,1.172,-23.972,0.0,1.0,0.0,0.0,0.0,-1.0,3.678800347939529,0.00806225774829855,-0.3735,4.804288280181273,13.171625458922334,,
4.4928,74.7,2.944,2.208,70.753,2.482,2.138,-0.0,-0.001,0.008,-0.0,-0.001,0.008,-25.303,-1.474,-7.673,-0.0,0.0,-0.0,-0.0,0.0,-0.0,858.33,-0.0,0.0,-0.0,0.0,0.0,0.0,0.0,0.0,-0.3193,0.8865,-0.335,0.9463,0.2796,-0.1622,-0.0501,-0.3688,-0.9282,0.676,0.226,-0.7014,-0.7316,0.0917,-0.6755,-0.0884,0.9698,0.2273,-0.0,0.0,-0.0,0.0,0.0,0.0,0.0046,-0.0064,-0.0009,37.5216,23.5222,67.2657,0.0,0.0434,-0.3683,0.0,0.0,0.0,2351165.8347,2852131.198,-5634260.7238,5045.3539,4044.7266,4158.9373,2351128.3131,2852107.6758,-5634327.9895,5045.3493,4044.733,4158.9382,0.0,0.0765,3.9732,0.0,0.0,1.0,0.0,1.0,0.0,0.0,1.172,-23.972,0.0,1.0,0.0,0.0,0.0,-1.0,3.68,0.00806225774829855,-0.3735,4.80243814368145,13.171625458922334,,
4.6935,74.7,2.943,2.209,70.753,2.481,2.14,-0.0,-0.001,0.008,-0.0,-0.001,0.008,-25.303,-1.474,-7.673,-0.0,0.0,-0.0,-0.0,0.0,-0.0,858.33,-0.0,0.0,-0.0,0.0,0.0,0.0,0.0,0.0,-0.3193,0.8865,-0.335,0.9463,0.2796,-0.1622,-0.0501,-0.3688,-0.9282,0.676,0.226,-0.7014,-0.7316,0.0917,-0.6755,-0.0884,0.9698,0.2273,-0.0,0.0,-0.0,0.0,0.0,0.0,0.0046,-0.0064,-0.0009,37.5225,23.5209,67.2655,0.0,0.0434,-0.3683,0.0,0.0,0.0,2352183.8515,2852947.2895,-5633421.3608,5044.7357,4043.9767,4160.4182,2352146.329,2852923.7687,-5633488.6263,5044.7311,4043.9831,4160.4191,0.0,0.0765,3.9732,0.0,0.0,1.0,0.0,1.0,0.0,0.0,1.172,-23.972,0.0,1.0,0.0,0.0,0.0,-1.0,3.679800266318812,0.00806225774829855,-0.3735,4.805364763815016,13.171625458922334,,
4.902,74.7,2.943,2.211,70.753,2.481,2.141,-0.0,-0.001,0.008,-0.0,-0.001,0.008,-25.303,-1.474,-7.673,-0.0,0.0,-0.0,-0.0,0.0,-0.0,858.33,-0.0,0.0,-0.0,0.0,0.0,0.0,0.0,0.0,-0.3193,0.8865,-0.335,0.9463,0.2796,-0.1622,-0.0501,-0.3688,-0.9282,0.676,0.226,-0.7014,-0.7316,0.0917,-0.6755,-0.0884,0.9698,0.2273,-0.0,0.0,-0.0,0.0,0.0,0.0,0.0045,-0.0064,-0.0009,37.5234,23.5195,67.2654,0.0,0.0434,-0.3683,0.0,0.0,0.0,2353231.8744,2853787.3815,-5632556.8396,5044.0989,4043.2045,4161.9428,2353194.351,2853763.8619,-5632624.1049,5044.0944,4043.2109,4161.9437,0.0,0.0765,3.9732,0.0,0.0,1.0,0.0,1.0,0.0,0.0,1.172,-23.972,0.0,1.0,0.0,0.0,0.0,-1.0,3.6810012224936846,0.00806225774829855,-0.3735,4.8035084584331935,13.171625458922334,,
5.1082,74.699,2.943,2.213,70.753,2.481,2.143,-0.0,-0.001,0.008,-0.0,-0.001,0.008,-25.303,-1.474,-7.673,-0.0,0.0,-0.0,-0.0,0.0,-0.0,858.33,-0.0,0.0,-0.0,0.0,0.0,0.0,0.0,0.0,-0.3193,0.8865,-0.335,0.9463,0.2796,-0.1622,-0.0501,-0.3688,-0.9282,0.676,0.226,-0.7014,-0.7316,0.0917,-0.6755,-0.0884,0.9698,0.2273,-0.0,0.0,-0.0,0.0,0.0,0.0,0.0045,-0.0064,-0.0009,37.5244,23.5182,67.2652,0.0,0.0434,-0.3683,0.0,0.0,0.0,2354269.7229,2854619.2637,-5631700.2936,5043.468,4042.4394,4163.4525,2354232.1985,2854595.7454,-5631767.5588,5043.4635,4042.4458,4163.4534,0.0,0.0765,3.9732,0.0,0.0,1.0,0.0,1.0,0.0,0.0,1.172,-23.972,0.0,1.0,0.0,0.0,0.0,-1.0,3.6822028732811556,0.00806225774829855,-0.37349499999999997,4.805340239126499,13.171449131941625,,
5.3106,74.699,2.943,2.214,70.753,2.481,2.145,-0.0,-0.001,0.008,-0.0,-0.001,0.008,-25.303,-1.474,-7.673,-0.0,0.0,-0.0,-0.0,0.0,-0.0,858.33,-0.0,0.0,-0.0,0.0,0.0,0.0,0.0,0.0,-0.3193,0.8865,-0.335,0.9463,0.2796,-0.1622,-0.0501,-0.3688,-0.9282,0.676,0.226,-0.7014,-0.7316,0.0917,-0.6755,-0.0884,0.9698,0.2273,-0.0,0.0,-0.0,0.0,0.0,0.0,0.0045,-0.0065,-0.0009,37.5253,23.5169,67.265,0.0,0.0434,-0.3683,0.0,0.0,0.0,2355294.3656,2855440.5091,-5630854.2329,5042.8447,4041.6837,4164.943,2355256.8404,2855416.9922,-5630921.4979,5042.8402,4041.6902,4164.9439,0.0,0.0765,3.9732,0.0,0.0,1.0,0.0,1.0,0.0,0.0,1.172,-23.972,0.0,1.0,0.0,0.0,0.0,-1.0,3.6828039589421535,0.00806225774829855,-0.37349499999999997,4.807514284988704,13.171449131941625,,
5.517,74.699,2.943,2.216,70.753,2.481,2.146,-0.0,-0.001,0.008,-0.0,-0.001,0.008,-25.303,-1.474,-7.673,-0.0,0.0,-0.0,-0.0,0.0,-0.0,858.33,-0.0,0.0,-0.0,0.0,0.0,0.0,0.0,0.0,-0.3193,0.8865,-0.335,0.9463,0.2796,-0.1622,-0.0501,-0.3688,-0.9282,0.676,0.226,-0.7014,-0.7316,0.0917,-0.6755,-0.0884,0.9698,0.2273,-0.0,0.0,-0.0,0.0,0.0,0.0,0.0045,-0.0065,-0.0009,37.5262,23.5156,67.2648,0.0,0.0434,-0.3683,0.0,0.0,0.0,2356336.701,2856275.8812,-5629993.1479,5042.2104,4040.9147,4166.4592,2356299.1749,2856252.3657,-5630060.4128,5042.2059,4040.9212,4166.46,0.0,0.0765,3.9732,0.0,0.0,1.0,0.0,1.0,0.0,0.0,1.172,-23.972,0.0,1.0,0.0,0.0,0.0,-1.0,3.684006650374019,0.00806225774829855,-0.37349499999999997,4.805648060509603,13.171449131941625,,
5.7269,74.699,2.942,2.218,70.753,2.48,2.148,-0.0,-0.001,0.008,-0.0,-0.001,0.008,-25.303,-1.474,-7.673,-0.0,0.0,-0.0,-0.0,0.0,-0.0,858.33,-0.0,0.0,-0.0,0.0,0.0,0.0,0.0,0.0,-0.3193,0.8865,-0.335,0.9463,0.2796,-0.1622,-0.0501,-0.3688,-0.9282,0.676,0.226,-0.7014,-0.7316,0.0917,-0.6755,-0.0884,0.9698,0.2273,-0.0,0.0,-0.0,0.0,0.0,0.0,0.0045,-0.0065,-0.0009,37.5271,23.5142,67.2646,0.0,0.0434,-0.3683,0.0,0.0,0.0,2357388.7142,2857118.9553,-5629123.6384,5041.5697,4040.1382,4167.9894,2357351.1871,2857095.4411,-5629190.903,5041.5653,4040.1447,4167.9902,0.0,0.0765,3.9732,0.0,0.0,1.0,0.0,1.0,0.0,0.0,1.172,-23.972,0.0,1.0,0.0,0.0,0.0,-1.0,3.6844114862485164,0.00806225774829855,-0.37349499999999997,4.806617812492223,13.171449131941625,,
5.9341,74.699,2.942,2.219,70.753,2.48,2.15,-0.0,-0.001,0.008,-0.0,-0.001,0.008,-25.303,-1.474,-7.673,-0.0,0.0,-0.0,-0.0,0.0,-0.0,858.33,-0.0,0.0,-0.0,0.0,0.0,0.0,0.0,0.0,-0.3193,0.8865,-0.335,0.9463,0.2796,-0.1622,-0.0501,-0.3688,-0.9282,0.676,0.226,-0.7014,-0.7316,0.0917,-0.6755,-0.0884,0.9698,0.2273,-0.0,0.0,-0.0,0.0,0.0,0.0,0.0044,-0.0065,-0.0009,37.5281,23.5129,67.2644,0.0,0.0434,-0.3683,0.0,0.0,0.0,2358438.2158,2857959.9615,-5628255.778,5040.9303,4039.3632,4169.5159,2358400.6877,2857936.4487,-5628323.0425,5040.9258,4039.3698,4169.5167,0.0,0.0765,3.9732,0.0,0.0,1.0,0.0,1.0,0.0,0.0,1.172,-23.972,0.0,1.0,0.0,0.0,0.0,-1.0,3.685013568496051,0.00806225774829855,-0.37349499999999997,4.8088040875881575,13.171449131941625,,
6.1397,74.699,2.942,2.221,70.753,2.48,2.151,-0.0,-0.001,0.008,-0.0,-0.001,0.008,-25.303,-1.474,-7.673,-0.0,0.0,-0.0,-0.0,0.0,-0.0,858.33,-0.0,0.0,-0.0,0.0,0.0,0.0,0.0,0.0,-0.3193,0.8865,-0.335,0.9463,0.2796,-0.1622,-0.0501,-0.3688,-0.9282,0.676,0.226,-0.7014,-0.7316,0.0917,-0.6755,-0.0884,0.9698,0.2273,-0.0,0.0,-0.0,0.0,0.0,0.0,0.0044,-0.0065,-0.0009,37.529,23.5115,67.2643,0.0,0.0434,-0.3683,0.0,0.0,0.0,2359470.0908,2858786.79,-5627402.0738,5040.3012,4038.601,4171.0167,2359432.5618,2858763.2785,-5627469.3381,5040.2968,4038.6075,4171.0176,0.0,0.0765,3.9732,0.0,0.0,1.0,0.0,1.0,0.0,0.0,1.172,-23.972,0.0,1.0,0.0,0.0,0.0,-1.0,3.686218251813097,0.00806225774829855,-0.37349499999999997,4.806927400566147,13.171449131941625,,
6.3483,74.699,2.942,2.222,70.752,2.48,2.153,-0.0,-0.001,0.008,-0.0,-0.001,0.008,-25.303,-1.474,-7.673,-0.0,0.0,-0.0,-0.0,0.0,-0.0,858.33,-0.0,0.0,-0.0,0.0,0.0,0.0,0.0,0.0,-0.3193,0.8865,-0.335,0.9463,0.2796,-0.1622,-0.0501,-0.3688,-0.9282,0.676,0.226,-0.7014,-0.7316,0.0917,-0.6755,-0.0884,0.9698,0.2273,-0.0,0.0,-0.0,0.0,0.0,0.0,0.0044,-0.0065,-0.0009,37.5299,23.5102,67.2641,0.0,0.0434,-0.3683,0.0,0.0,0.0,2360525.9961,2859632.8186,-5626528.0625,5039.6571,4037.8206,4172.5524,2360488.4662,2859609.3085,-5626595.3266,5039.6527,4037.8272,4172.5533,0.0,0.0765,3.9732,0.0,0.0,1.0,0.0,1.0,0.0,0.0,1.172,-23.972,0.0,1.0,0.0,0.0,0.0,-1.0,3.6868208527130797,0.00806225774829855,-0.37349499999999997,4.807473421733554,13.171449131941625,,
6.5583,74.699,2.941,2.224,70.752,2.48,2.155,-0.0,-0.001,0.008,-0.0,-0.001,0.008,-25.303,-1.474,-7.673,-0.0,0.0,-0.0,-0.0,0.0,-0.0,858.33,-0.0,0.0,-0.0,0.0,0.0,0.0,0.0,0.0,-0.3193,0.8865,-0.335,0.9463,0.2796,-0.1622,-0.0501,-0.3688,-0.9282,0.676,0.226,-0.7014,-0.7316,0.0917,-0.6755,-0.0884,0.9698,0.2273,-0.0,0.0,-0.0,0.0,0.0,0.0,0.0044,-0.0066,-0.0009,37.5308,23.5088,67.2639,0.0,0.0434,-0.3683,0.0,0.0,0.0,2361583.2411,2860479.8653,-5625652.5062,5039.0118,4037.039,4174.0901,2361545.7102,2860456.3566,-5625719.7701,5039.0074,4037.0455,4174.091,0.0,0.0765,3.9732,0.0,0.0,1.0,0.0,1.0,0.0,0.0,1.172,-23.972,0.0,1.0,0.0,0.0,0.0,-1.0,3.687228905289174,0.00806225774829855,-0.37349499999999997,4.793503998542524,13.171449131941625,,
6.7648,74.699,2.941,2.226,70.752,2.479,2.156,-0.0,-0.001,0.008,-0.0,-0.001,0.008,-25.303,-1.474,-7.673,-0.0,0.0,-0.0,-0.0,0.0,-0.0,858.33,-0.0,0.0,-0.0,0.0,0.0,0.0,0.0,0.0,-0.3193,0.8865,-0.335,0.9463,0.2796,-0.1622,-0.0501,-0.3688,-0.9282,0.676,0.226,-0.7014,-0.7316,0.0917,-0.6755,-0.0884,0.9698,0.2273,-0.0,0.0,-0.0,0.0,0.0,0.0,0.0044,-0.0066,-0.0009,37.5317,23.5074,67.2637,0.0,0.0434,-0.3683,0.0,0.0,0.0,2362627.2386,2861316.2437,-5624787.496,5038.3742,4036.2667,4175.6084,2362589.7068,2861292.7363,-5624854.7597,5038.3698,4036.2733,4175.6093,0.0,0.0765,3.9732,0.0,0.0,1.0,0.0,1.0,0.0,0.0,1.172,-23.972,0.0,1.0,0.0,0.0,0.0,-1.0,3.6884355762301175,0.00806225774829855,-0.37349499999999997,4.806561063156323,13.171449131941625,,
6.9656,74.699,2.941,2.227,70.752,2.479,2.158,-0.0,-0.001,0.008,-0.0,-0.001,0.008,-25.303,-1.474,-7.673,-0.0,0.0,-0.0,-0.0,0.0,-0.0,858.33,-0.0,0.0,-0.0,0.0,0.0,0.0,0.0,0.0,-0.3193,0.8865,-0.335,0.9463,0.2796,-0.1622,-0.0501,-0.3688,-0.9282,0.676,0.226,-0.7014,-0.7316,0.0917,-0.6755,-0.0884,0.9698,0.2273,-0.0,0.0,-0.0,0.0,0.0,0.0,0.0043,-0.0066,-0.0009,37.5326,23.5061,67.2635,0.0,0.0434,-0.3683,0.0,0.0,0.0,2363636.6481,2862124.8611,-5623950.7396,5037.7574,4035.5198,4177.0764,2363599.1155,2862101.355,-5624018.0031,5037.7531,4035.5264,4177.0773,0.0,0.0765,3.9732,0.0,0.0,1.0,0.0,1.0,0.0,0.0,1.172,-23.972,0.0,1.0,0.0,0.0,0.0,-1.0,3.6890391702989547,0.00806225774829855,-0.37349499999999997,4.808768251323509,13.171449131941625,,
7.1674,74.699,2.941,2.229,70.752,2.479,2.159,-0.0,-0.001,0.008,-0.0,-0.001,0.008,-25.303,-1.474,-7.673,-0.0,0.0,-0.0,-0.0,0.0,-0.0,858.33,-0.0,0.0,-0.0,0.0,0.0,0.0,0.0,0.0,-0.3193,0.8865,-0.335,0.9463,0.2796,-0.1622,-0.0501,-0.3688,-0.9282,0.676,0.226,-0.7014,-0.7316,0.0917,-0.6755,-0.0884,0.9698,0.2273,-0.0,0.0,-0.0,0.0,0.0,0.0,0.0043,-0.0066,-0.0009,37.5334,23.5048,67.2634,0.0,0.0434,-0.3683,0.0,0.0,0.0,2364655.103,2862940.6734,-5623106.0826,5037.1348,4034.7659,4178.5575,2364617.5695,2862917.1687,-5623173.3459,5037.1304,4034.7725,4178.5584,0.0,0.0765,3.9732,0.0,0.0,1.0,0.0,1.0,0.0,0.0,1.172,-23.972,0.0,1.0,0.0,0.0,0.0,-1.0,3.6902468752103834,0.00806225774829855,-0.37349499999999997,4.806873750789206,13.171449131941625,,
7.3729,74.698,2.94,2.23,70.752,2.479,2.161,-0.0,-0.001,0.008,-0.0,-0.001,0.008,-25.303,-1.474,-7.673,-0.0,0.0,-0.0,-0.0,0.0,-0.0,858.33,-0.0,0.0,-0.0,0.0,0.0,0.0,0.0,0.0,-0.3193,0.8865,-0.335,0.9463,0.2796,-0.1622,-0.0501,-0.3688,-0.9282,0.676,0.226,-0.7014,-0.7316,0.0917,-0.6755,-0.0884,0.9698,0.2273,-0.0,0.0,-0.0,0.0,0.0,0.0,0.0043,-0.0066,-0.0008,37.5343,23.5034,67.2632,0.0,0.0434,-0.3683,0.0,0.0,0.0,2365684.8014,2863765.4392,-5622251.6926,5036.5049,4034.0033,4180.055,2365647.2671,2863741.9358,-5622318.9558,5036.5006,4034.01,4180.0558,0.0,0.0765,3.9732,0.0,0.0,1.0,0.0,1.0,0.0,0.0,1.172,-23.972,0.0,1.0,0.0,0.0,0.0,-1.0,3.690054200143949,0.00806225774829855,-0.37349,4.796529769175379,13.171272804960916,,
7.5804,74.698,2.94,2.232,70.752,2.478,2.163,-0.0,-0.001,0.008,-0.0,-0.001,0.008,-25.303,-1.474,-7.673,-0.0,0.0,-0.0,-0.0,0.0,-0.0,858.33,-0.0,0.0,-0.0,0.0,0.0,0.0,0.0,0.0,-0.3193,0.8865,-0.335,0.9463,0.2796,-0.1622,-0.0501,-0.3688,-0.9282,0.676,0.226,-0.7014,-0.7316,0.0917,-0.6755,-0.0884,0.9698,0.2273,-0.0,0.0,-0.0,0.0,0.0,0.0,0.0043,-0.0066,-0.0008,37.5352,23.502,67.263,0.0,0.0434,-0.3683,0.0,0.0,0.0,2366735.9688,2864607.3472,-5621379.0597,5035.8615,4033.2245,4181.5836,2366698.4335,2864583.8452,-5621446.3227,5035.8572,4033.2312,4181.5844,0.0,0.0765,3.9732,0.0,0.0,1.0,0.0,1.0,0.0,0.0,1.172,-23.972,0.0,1.0,0.0,0.0,0.0,-1.0,3.691263198418666,0.00806225774829855,-0.37349,4.811690544201659,13.171272804960916,,
7.7892,74.698,2.94,2.234,70.752,2.478,2.164,-0.0,-0.001,0.008,-0.0,-0.001,0.008,-25.303,-1.474,-7.673,-0.0,0.0,-0.0,-0.0,0.0,-0.0,858.33,-0.0,0.0,-0.0,0.0,0.0,0.0,0.0,0.0,-0.3193,0.8865,-0.335,0.9463,0.2796,-0.1622,-0.0501,-0.3688,-0.9282,0.676,0.226,-0.7014,-0.7316,0.0917,-0.6755,-0.0884,0.9698,0.2273,-0.0,0.0,-0.0,0.0,0.0,0.0,0.0043,-0.0067,-0.0008,37.5361,23.5006,67.2628,0.0,0.0434,-0.3683,0.0,0.0,0.0,2367784.3849,2865446.9966,-5620508.2836,5035.2194,4032.4475,4183.1081,2367746.8488,2865423.496,-5620575.5464,5035.2151,4032.4541,4183.109,0.0,0.0765,3.9732,0.0,0.0,1.0,0.0,1.0,0.0,0.0,1.172,-23.972,0.0,1.0,0.0,0.0,0.0,-1.0,3.6924728841252175,0.00806225774829855,-0.37349,4.809786437618044,13.171272804960916,,
7.995,74.698,2.94,2.235,70.752,2.478,2.166,-0.0,-0.001,0.008,-0.0,-0.001,0.008,-25.303,-1.474,-7.673,-0.0,0.0,-0.0,-0.0,0.0,-0.0,858.33,-0.0,0.0,-0.0,0.0,0.0,0.0,0.0,0.0,-0.3193,0.8865,-0.335,0.9463,0.2796,-0.1622,-0.0501,-0.3688,-0.9282,0.676,0.226,-0.7014,-0.7316,0.0917,-0.6755,-0.0884,0.9698,0.2273,-0.0,0.0,-0.0,0.0,0.0,0.0,0.0042,-0.0067,-0.0008,37.537,23.4993,67.2627,0.0,0.0434,-0.3683,0.0,0.0,0.0,2368818.7602,2866275.3475,-5619648.749,5034.5856,4031.6805,4184.6122,2368781.2232,2866251.8482,-5619716.0117,5034.5813,4031.6871,4184.6131,0.0,0.0765,3.9732,0.0,0.0,1.0,0.0,1.0,0.0,0.0,1.172,-23.972,0.0,1.0,0.0,0.0,0.0,-1.0,3.693077984554347,0.00806225774829855,-0.37349,4.812012297290916,13.171272804960916,,
8.2025,74.698,2.939,2.237,70.752,2.477,2.167,-0.0,-0.001,0.008,-0.0,-0.001,0.008,-25.303,-1.474,-7.673,-0.0,0.0,-0.0,-0.0,0.0,-0.0,858.33,-0.0,0.0,-0.0,0.0,0.0,0.0,0.0,0.0,-0.3193,0.8865,-0.335,0.9463,0.2796,-0.1622,-0.0501,-0.3688,-0.9282,0.676,0.226,-0.7014,-0.7316,0.0917,-0.6755,-0.0884,0.9698,0.2273,-0.0,0.0,-0.0,0.0,0.0,0.0,0.0042,-0.0067,-0.0008,37.5379,23.4979,67.2625,0.0,0.0434,-0.3683,0.0,0.0,0.0,2369867.2857,2867114.976,-5618777.0286,5033.9427,4030.9027,4186.1369,2369829.7478,2867091.4781,-5618844.2911,5033.9385,4030.9094,4186.1377,0.0,0.0765,3.9732,0.0,0.0,1.0,0.0,1.0,0.0,0.0,1.172,-23.972,0.0,1.0,0.0,0.0,0.0,-1.0,3.69349292675646,0.00806225774829855,-0.37349,4.810865382869788,13.171272804960916,,
8.4029,74.698,2.939,2.238,70.752,2.477,2.169,-0.0,-0.001,0.008,-0.0,-0.001,0.008,-25.303,-1.474,-7.673,-0.0,0.0,-0.0,-0.0,0.0,-0.0,858.33,-0.0,0.0,-0.0,0.0,0.0,0.0,0.0,0.0,-0.3193,0.8865,-0.335,0.9463,0.2796,-0.1622,-0.0501,-0.3688,-0.9282,0.676,0.226,-0.7014,-0.7316,0.0917,-0.6755,-0.0884,0.9698,0.2273,-0.0,0.0,-0.0,0.0,0.0,0.0,0.0042,-0.0067,-0.0008,37.5387,23.4965,67.2623,0.0,0.0434,-0.3683,0.0,0.0,0.0,2370869.5233,2867917.4873,-5617943.39,5033.3279,4030.1589,4187.5942,2370831.9846,2867893.9908,-5618010.6523,5033.3237,4030.1656,4187.595,0.0,0.0765,3.9732,0.0,0.0,1.0,0.0,1.0,0.0,0.0,1.172,-23.972,0.0,1.0,0.0,0.0,0.0,-1.0,3.6940986722067946,0.00806225774829855,-0.37349,4.8130984232833,13.171272804960916,,
8.6033,74.698,2.939,2.24,70.751,2.477,2.171,-0.0,-0.001,0.008,-0.0,-0.001,0.008,-25.303,-1.474,-7.673,-0.0,0.0,-0.0,-0.0,0.0,-0.0,858.33,-0.0,0.0,-0.0,0.0,0.0,0.0,0.0,0.0,-0.3193,0.8865,-0.335,0.9463,0.2796,-0.1622,-0.0501,-0.3688,-0.9282,0.676,0.226,-0.7014,-0.7316,0.0917,-0.6755,-0.0884,0.9698,0.2273,-0.0,0.0,-0.0,0.0,0.0,0.0,0.0042,-0.0067,-0.0008,37.5396,23.4952,67.2622,0.0,0.0434,-0.3683,0.0,0.0,0.0,2371891.6364,2868735.8614,-5617092.8175,5032.7005,4029.4,4189.0803,2371854.0968,2868712.3662,-5617160.0796,5032.6963,4029.4068,4189.0812,0.0,0.0765,3.9732,0.0,0.0,1.0,0.0,1.0,0.0,0.0,1.172,-23.972,0.0,1.0,0.0,0.0,0.0,-1.0,3.6953106770608612,0.00806225774829855,-0.37349,4.811667903006214,13.171272804960916,,
8.8073,74.698,2.938,2.242,70.751,2.477,2.172,-0.0,-0.001,0.008,-0.0,-0.001,0.008,-25.303,-1.474,-7.673,-0.0,0.0,-0.0,-0.0,0.0,-0.0,858.33,-0.0,0.0,-0.0,0.0,0.0,0.0,0.0,0.0,-0.3193,0.8865,-0.335,0.9463,0.2796,-0.1622,-0.0501,-0.3688,-0.9282,0.676,0.226,-0.7014,-0.7316,0.0917,-0.6755,-0.0884,0.9698,0.2273,-0.0,0.0,-0.0,0.0,0.0,0.0,0.0042,-0.0068,-0.0008,37.5404,23.4938,67.262,0.0,0.0434,-0.3683,0.0,0.0,0.0,2372904.781,2869547.0034,-5616249.3047,5032.0783,4028.6475,4190.5534,2372867.2405,2869523.5096,-5616316.5667,5032.0741,4028.6543,4190.5542,0.0,0.0765,3.9732,0.0,0.0,1.0,0.0,1.0,0.0,0.0,1.172,-23.972,0.0,1.0,0.0,0.0,0.0,-1.0,3.69572834499507,0.00806225774829855,-0.37349,4.795563769556572,13.171272804960916,,
9.0106,74.698,2.938,2.243,70.751,2.476,2.174,-0.0,-0.001,0.008,-0.0,-0.001,0.008,-25.303,-1.474,-7.673,-0.0,0.0,-0.0,-0.0,0.0,-0.0,858.33,-0.0,0.0,-0.0,0.0,0.0,0.0,0.0,0.0,-0.3193,0.8865,-0.335,0.9463,0.2796,-0.1622,-0.0501,-0.3688,-0.9282,0.676,0.226,-0.7014,-0.7316,0.0917,-0.6755,-0.0884,0.9698,0.2273,-0.0,0.0,-0.0,0.0,0.0,0.0,0.0041,-0.0068,-0.0008,37.5413,23.4924,67.2618,0.0,0.0434,-0.3683,0.0,0.0,0.0,2373924.7566,2870363.5629,-5615399.6993,5031.4516,4027.8897,4192.0364,2373887.2153,2870340.0704,-5615466.9611,5031.4474,4027.8964,4192.0372,0.0,0.0765,3.9732,0.0,0.0,1.0,0.0,1.0,0.0,0.0,1.172,-23.972,0.0,1.0,0.0,0.0,0.0,-1.0,3.6963350768024266,0.00806225774829855,-0.37349,4.812755950831629,13.171272804960916,,
9.2128,74.698,2.938,2.245,70.751,2.476,2.175,-0.0,-0.002,0.008,-0.0,-0.002,0.008,-25.303,-1.474,-7.673,-0.0,0.0,-0.0,-0.0,0.0,-0.0,858.33,-0.0,0.0,-0.0,0.0,0.0,0.0,0.0,0.0,-0.3193,0.8865,-0.335,0.9463,0.2796,-0.1622,-0.0501,-0.3688,-0.9282,0.676,0.226,-0.7014,-0.7316,0.0917,-0.6755,-0.0884,0.9698,0.2273,-0.0,0.0,-0.0,0.0,0.0,0.0,0.0041,-0.0068,-0.0008,37.5421,23.4911,67.2617,0.0,0.0434,-0.3683,0.0,0.0,0.0,2374951.2874,2871185.3175,-5614544.2241,5030.8204,4027.1266,4193.5289,2374913.7452,2871161.8265,-5614611.4858,5030.8163,4027.1334,4193.5297,0.0,0.0765,3.9732,0.0,0.0,1.0,0.0,1.0,0.0,0.0,1.172,-23.972,0.0,1.0,0.0,0.0,0.0,-1.0,3.6975490530890864,0.00824621125123532,-0.37349,4.810827914545432,13.171272804960916,,
9.4197,74.697,2.938,2.246,70.751,2.476,2.177,-0.0,-0.002,0.008,-0.0,-0.002,0.008,-25.303,-1.474,-7.673,-0.0,0.0,-0.0,-0.0,0.0,-0.0,858.33,-0.0,0.0,-0.0,0.0,0.0,0.0,0.0,0.0,-0.3193,0.8865,-0.335,0.9463,0.2796,-0.1622,-0.0501,-0.3688,-0.9282,0.676,0.226,-0.7014,-0.7316,0.0917,-0.6755,-0.0884,0.9698,0.2273,-0.0,0.0,-0.0,0.0,0.0,0.0,0.0041,-0.0068,-0.0008,37.543,23.4896,67.2615,0.0,0.0434,-0.3683,0.0,0.0,0.0,2375991.0563,2872017.6161,-5613677.2961,5030.1808,4026.3534,4195.0405,2375953.5134,2871994.1265,-5613744.5576,5030.1767,4026.3602,4195.0413,0.0,0.0765,3.9732,0.0,0.0,1.0,0.0,1.0,0.0,0.0,1.172,-23.972,0.0,1.0,0.0,0.0,0.0,-1.0,3.698156297400098,0.00824621125123532,-0.373485,4.814705382810108,13.171096477980209,,
9.6223,74.697,2.937,2.248,70.751,2.475,2.179,-0.0,-0.002,0.008,-0.0,-0.002,0.008,-25.303,-1.474,-7.673,-0.0,0.0,-0.0,-0.0,0.0,-0.0,858.33,-0.0,0.0,-0.0,0.0,0.0,0.0,0.0,0.0,-0.3193,0.8865,-0.335,0.9463,0.2796,-0.1622,-0.0501,-0.3688,-0.9282,0.676,0.226,-0.7014,-0.7316,0.0917,-0.6755,-0.0884,0.9698,0.2273,-0.0,0.0,-0.0,0.0,0.0,0.0,0.0041,-0.0068,-0.0008,37.5438,23.4883,67.2613,0.0,0.0434,-0.3683,0.0,0.0,0.0,2377008.895,2872832.308,-5612828.2432,5029.5543,4025.5962,4196.5203,2376971.3512,2872808.8197,-5612895.5046,5029.5502,4025.603,4196.5211,0.0,0.0765,3.9732,0.0,0.0,1.0,0.0,1.0,0.0,0.0,1.172,-23.972,0.0,1.0,0.0,0.0,0.0,-1.0,3.69857715885447,0.00824621125123532,-0.373485,4.815686214405143,13.171096477980209,,
9.8266,74.697,2.937,2.25,70.751,2.475,2.18,-0.0,-0.002,0.008,-0.0,-0.002,0.008,-25.303,-1.474,-7.673,-0.0,0.0,-0.0,-0.0,0.0,-0.0,858.33,-0.0,0.0,-0.0,0.0,0.0,0.0,0.0,0.0,-0.3193,0.8865,-0.335,0.9463,0.2796,-0.1622,-0.0501,-0.3688,-0.9282,0.676,0.226,-0.7014,-0.7316,0.0917,-0.6755,-0.0884,0.9698,0.2273,-0.0,0.0,-0.0,0.0,0.0,0.0,0.0041,-0.0068,-0.0008,37.5446,23.4869,67.2612,0.0,0.0434,-0.3683,0.0,0.0,0.0,2378032.8013,2873651.8039,-5611973.7214,5028.9237,4024.8341,4198.0088,2377995.2567,2873628.3171,-5612040.9826,5028.9197,4024.841,4198.0096,0.0,0.0765,3.9732,0.0,0.0,1.0,0.0,1.0,0.0,0.0,1.172,-23.972,0.0,1.0,0.0,0.0,0.0,-1.0,3.699793102323426,0.00824621125123532,-0.373485,4.81374859415167,13.171096477980209,,
10.0323,74.697,2.937,2.251,70.751,2.475,2.182,-0.0,-0.002,0.008,-0.0,-0.002,0.008,-25.303,-1.474,-7.673,-0.0,0.0,-0.0,-0.0,0.0,-0.0,858.33,-0.0,0.0,-0.0,0.0,0.0,0.0,0.0,0.0,-0.3193,0.8865,-0.335,0.9463,0.2796,-0.1622,-0.0501,-0.3688,-0.9282,0.676,0.226,-0.7014,-0.7316,0.0917,-0.6755,-0.0884,0.9698,0.2273,-0.0,0.0,-0.0,0.0,0.0,0.0,0.0041,-0.0069,-0.0008,37.5455,23.4855,67.261,0.0,0.0434,-0.3683,0.0,0.0,0.0,2379075.4245,2874486.2265,-5611103.1566,5028.2813,4024.0578,4199.5245,2379037.879,2874462.7411,-5611170.4176,5028.2772,4024.0647,4199.5253,0.0,0.0765,3.9732,0.0,0.0,1.0,0.0,1.0,0.0,0.0,1.172,-23.972,0.0,1.0,0.0,0.0,0.0,-1.0,3.700401329585752,0.00824621125123532,-0.373485,4.816013619608099,13.171096477980209,,
10.2378,74.697,2.936,2.253,70.751,2.474,2.183,-0.0,-0.002,0.008,-0.0,-0.002,0.008,-25.303,-1.474,-7.673,-0.0,0.0,-0.0,-0.0,0.0,-0.0,858.33,-0.0,0.0,-0.0,0.0,0.0,0.0,0.0,0.0,-0.3193,0.8865,-0.335,0.9463,0.2796,-0.1622,-0.0501,-0.3688,-0.9282,0.676,0.226,-0.7014,-0.7316,0.0917,-0.6755,-0.0884,0.9698,0.2273,-0.0,0.0,-0.0,0.0,0.0,0.0,0.004,-0.0069,-0.0008,37.5463,23.4841,67.2608,0.0,0.0434,-0.3683,0.0,0.0,0.0,2380102.7173,2875308.327,-5610244.9755,5027.6479,4023.2926,4201.0179,2380065.171,2875284.8429,-5610312.2364,5027.6439,4023.2995,4201.0187,0.0,0.0765,3.9732,0.0,0.0,1.0,0.0,1.0,0.0,0.0,1.172,-23.972,0.0,1.0,0.0,0.0,0.0,-1.0,3.7008249080441513,0.00824621125123532,-0.373485,4.814832948850675,13.171096477980209,,
10.4429,74.697,2.936,2.254,70.751,2.474,2.185,-0.0,-0.002,0.008,-0.0,-0.002,0.008,-25.303,-1.474,-7.673,-0.0,0.0,-0.0,-0.0,0.0,-0.0,858.33,-0.0,0.0,-0.0,0.0,0.0,0.0,0.0,0.0,-0.3193,0.8865,-0.335,0.9463,0.2796,-0.1622,-0.0501,-0.3688,-0.9282,0.676,0.226,-0.7014,-0.7316,0.0917,-0.6755,-0.0884,0.9698,0.2273,-0.0,0.0,-0.0,0.0,0.0,0.0,0.004,-0.0069,-0.0008,37.5471,23.4826,67.2607,0.0,0.0434,-0.3683,0.0,0.0,0.0,2381132.72,2876132.543,-5609384.1161,5027.0125,4022.5251,4202.5152,2381095.1729,2876109.0603,-5609451.3768,5027.0085,4022.532,4202.5159,0.0,0.0765,3.9732,0.0,0.0,1.0,0.0,1.0,0.0,0.0,1.172,-23.972,0.0,1.0,0.0,0.0,0.0,-1.0,3.7014337762548175,0.00824621125123532,-0.373485,4.817105137799695,13.171096477980209,,
10.6485,74.697,2.936,2.256,70.75,2.474,2.187,-0.0,-0.002,0.008,-0.0,-0.002,0.008,-25.303,-1.474,-7.673,-0.0,0.0,-0.0,-0.0,0.0,-0.0,858.33,-0.0,0.0,-0.0,0.0,0.0,0.0,0.0,0.0,-0.3193,0.8865,-0.335,0.9463,0.2796,-0.1622,-0.0501,-0.3688,-0.9282,0.676,0.226,-0.7014,-0.7316,0.0917,-0.6755,-0.0884,0.9698,0.2273,-0.0,0.0,-0.0,0.0,0.0,0.0,0.004,-0.0069,-0.0008,37.5479,23.4812,67.2605,0.0,0.0434,-0.3683,0.0,0.0,0.0,2382172.6189,2876964.6243,-5608514.5628,5026.3707,4021.7499,4204.0268,2382135.071,2876941.1431,-5608581.8233,5026.3667,4021.7568,4204.0276,0.0,0.0765,3.9732,0.0,0.0,1.0,0.0,1.0,0.0,0.0,1.172,-23.972,0.0,1.0,0.0,0.0,0.0,-1.0,3.7026520225373596,0.00824621125123532,-0.373485,4.815679705524476,13.171096477980209,,
10.8524,74.697,2.935,2.258,70.75,2.473,2.188,-0.0,-0.002,0.008,-0.0,-0.002,0.008,-25.303,-1.474,-7.673,-0.0,0.0,-0.0,-0.0,0.0,-0.0,858.33,-0.0,0.0,-0.0,0.0,0.0,0.0,0.0,0.0,-0.3193,0.8865,-0.335,0.9463,0.2796,-0.1622,-0.0501,-0.3688,-0.9282,0.676,0.226,-0.7014,-0.7316,0.0917,-0.6755,-0.0884,0.9698,0.2273,-0.0,0.0,-0.0,0.0,0.0,0.0,0.004,-0.0069,-0.0008,37.5488,23.4798,67.2604,0.0,0.0434,-0.3683,0.0,0.0,0.0,2383194.8845,2877782.5429,-5607659.3441,5025.7393,4020.9875,4205.5127,2383157.3357,2877759.0631,-5607726.6045,5025.7354,4020.9944,4205.5135,0.0,0.0765,3.9732,0.0,0.0,1.0,0.0,1.0,0.0,0.0,1.172,-23.972,0.0,1.0,0.0,0.0,0.0,-1.0,3.7030783140517025,0.00824621125123532,-0.373485,4.814487622648926,13.171096477980209,,
11.0595,74.697,2.935,2.259,70.75,2.473,2.19,-0.0,-0.002,0.008,-0.0,-0.002,0.008,-25.303,-1.474,-7.673,-0.0,0.0,-0.0,-0.0,0.0,-0.0,858.33,-0.0,0.0,-0.0,0.0,0.0,0.0,0.0,0.0,-0.3193,0.8865,-0.335,0.9463,0.2796,-0.1622,-0.0501,-0.3688,-0.9282,0.676,0.226,-0.7014,-0.7316,0.0917,-0.6755,-0.0884,0.9698,0.2273,-0.0,0.0,-0.0,0.0,0.0,0.0,0.004,-0.0069,-0.0008,37.5496,23.4784,67.2602,0.0,0.0434,-0.3683,0.0,0.0,0.0,2384236.4723,2878615.8679,-5606787.5369,5025.0957,4020.2103,4207.0267,2384198.9227,2878592.3896,-5606854.7971,5025.0918,4020.2173,4207.0275,0.0,0.0765,3.9732,0.0,0.0,1.0,0.0,1.0,0.0,0.0,1.172,-23.972,0.0,1.0,0.0,0.0,0.0,-1.0,3.7036881618192425,0.00824621125123532,-0.373485,4.816773142107508,13.171096477980209,,
11.2606,74.697,2.935,2.261,70.75,2.473,2.191,-0.0,-0.002,0.008,-0.0,-0.002,0.008,-25.303,-1.474,-7.673,-0.0,0.0,-0.0,-0.0,0.0,-0.0,858.33,-0.0,0.0,-0.0,0.0,0.0,0.0,0.0,0.0,-0.3193,0.8865,-0.335,0.9463,0.2796,-0.1622,-0.0501,-0.3688,-0.9282,0.676,0.226,-0.7014,-0.7316,0.0917,-0.6755,-0.0884,0.9698,0.2273,-0.0,0.0,-0.0,0.0,0.0,0.0,0.0039,-0.007,-0.0008,37.5504,23.477,67.26,0.0,0.0434,-0.3683,0.0,0.0,0.0,2385242.2019,2879420.4528,-5605945.3397,5024.4739,4019.4596,4208.4885,2385204.6515,2879396.9758,-5606012.5998,5024.47,4019.4666,4208.4893,0.0,0.0765,3.9732,0.0,0.0,1.0,0.0,1.0,0.0,0.0,1.172,-23.972,0.0,1.0,0.0,0.0,0.0,-1.0,3.7049083659383535,0.00824621125123532,-0.373485,4.8148116367148575,13.171096477980209,,
11.467,74.696,2.934,2.262,70.75,2.472,2.193,-0.0,-0.002,0.008,-0.0,-0.002,0.008,-25.303,-1.474,-7.673,-0.0,0.0,-0.0,-0.0,0.0,-0.0,858.33,-0.0,0.0,-0.0,0.0,0.0,0.0,0.0,0.0,-0.3193,0.8865,-0.335,0.9463,0.2796,-0.1622,-0.0501,-0.3688,-0.9282,0.676,0.226,-0.7014,-0.7316,0.0917,-0.6755,-0.0884,0.9698,0.2273,-0.0,0.0,-0.0,0.0,0.0,0.0,0.0039,-0.007,-0.0008,37.5512,23.4755,67.2599,0.0,0.0434,-0.3683,0.0,0.0,0.0,2386281.9855,2880252.2278,-5605074.2077,5023.8307,4018.6832,4209.9998,2386244.4344,2880228.7522,-5605141.4676,5023.8268,4018.6902,4210.0006,0.0,0.0765,3.9732,0.0,0.0,1.0,0.0,1.0,0.0,0.0,1.172,-23.972,0.0,1.0,0.0,0.0,0.0,-1.0,3.704726710568541,0.00824621125123532,-0.37348,4.819489916455572,13.1709201509995,,
11.6749,74.696,2.934,2.264,70.75,2.472,2.195,-0.001,-0.002,0.008,-0.001,-0.002,0.008,-25.303,-1.474,-7.673,-0.0,0.0,-0.0,-0.0,0.0,-0.0,858.33,-0.0,0.0,-0.0,0.0,0.0,0.0,0.0,0.0,-0.3193,0.8865,-0.335,0.9463,0.2796,-0.1622,-0.0501,-0.3688,-0.9282,0.676,0.226,-0.7014,-0.7316,0.0917,-0.6755,-0.0884,0.9698,0.2273,-0.0,0.0,-0.0,0.0,0.0,0.0,0.0039,-0.007,-0.0008,37.552,23.4741,67.2597,0.0,0.0434,-0.3683,0.0,0.0,0.0,2387319.491,2881082.1264,-5604204.5608,5023.1885,4017.9082,4211.5078,2387281.939,2881058.6523,-5604271.8205,5023.1846,4017.9152,4211.5085,0.0,0.0765,3.9732,0.0,0.0,1.0,0.0,1.0,0.0,0.0,1.172,-23.972,0.0,1.0,0.0,0.0,0.0,-1.0,3.7059481917587567,0.00824621125123532,-0.37348,4.819711345271291,13.1709201509995,,
11.8822,74.696,2.933,2.266,70.75,2.472,2.196,-0.001,-0.002,0.008,-0.001,-0.002,0.008,-25.303,-1.474,-7.673,-0.0,0.0,-0.0,-0.0,0.0,-0.0,858.33,-0.0,0.0,-0.0,0.0,0.0,0.0,0.0,0.0,-0.3193,0.8865,-0.335,0.9463,0.2796,-0.1622,-0.0501,-0.3688,-0.9282,0.676,0.226,-0.7014,-0.7316,0.0917,-0.6755,-0.0884,0.9698,0.2273,-0.0,0.0,-0.0,0.0,0.0,0.0,0.0039,-0.007,-0.0008,37.5528,23.4726,67.2596,0.0,0.0434,-0.3683,0.0,0.0,0.0,2388364.8697,2881918.2678,-5603327.8887,5022.5411,4017.1269,4213.0271,2388327.3169,2881894.7952,-5603395.1483,5022.5372,4017.1339,4213.0279,0.0,0.0765,3.9732,0.0,0.0,1.0,0.0,1.0,0.0,0.0,1.172,-23.972,0.0,1.0,0.0,0.0,0.0,-1.0,3.7063789606568833,0.00824621125123532,-0.37348,4.803561746729452,13.1709201509995,,
12.0886,74.696,2.933,2.267,70.75,2.471,2.198,-0.001,-0.002,0.008,-0.001,-0.002,0.008,-25.303,-1.474,-7.673,-0.0,0.0,-0.0,-0.0,0.0,-0.0,858.33,-0.0,0.0,-0.0,0.0,0.0,0.0,0.0,0.0,-0.3193,0.8865,-0.335,0.9463,0.2796,-0.1622,-0.0501,-0.3688,-0.9282,0.676,0.226,-0.7014,-0.7316,0.0917,-0.6755,-0.0884,0.9698,0.2273,-0.0,0.0,-0.0,0.0,0.0,0.0,0.0039,-0.007,-0.0008,37.5536,23.4712,67.2594,0.0,0.0434,-0.3683,0.0,0.0,0.0,2389405.2497,2882750.3568,-5602454.9818,5021.8964,4016.3491,4214.5391,2389367.696,2882726.8856,-5602522.2412,5021.8926,4016.3561,4214.5399,0.0,0.0765,3.9732,0.0,0.0,1.0,0.0,1.0,0.0,0.0,1.172,-23.972,0.0,1.0,0.0,0.0,0.0,-1.0,3.7069904235106943,0.00824621125123532,-0.37348,4.820807210139328,13.1709201509995,,
12.2981,74.696,2.933,2.269,70.75,2.471,2.199,-0.001,-0.002,0.008,-0.001,-0.002,0.008,-25.303,-1.474,-7.673,-0.0,0.0,-0.0,-0.0,0.0,-0.0,858.33,-0.0,0.0,-0.0,0.0,0.0,0.0,0.0,0.0,-0.3193,0.8865,-0.335,0.9463,0.2796,-0.1622,-0.0501,-0.3688,-0.9282,0.676,0.226,-0.7014,-0.7316,0.0917,-0.6755,-0.0884,0.9698,0.2273,-0.0,0.0,-0.0,0.0,0.0,0.0,0.0038,-0.0071,-0.0008,37.5544,23.4697,67.2593,0.0,0.0434,-0.3683,0.0,0.0,0.0,2390445.547,2883582.3252,-5601581.7199,5021.2514,4015.5709,4216.051,2390407.9926,2883558.8554,-5601648.9792,5021.2476,4015.578,4216.0518,0.0,0.0765,3.9732,0.0,0.0,1.0,0.0,1.0,0.0,0.0,1.172,-23.972,0.0,1.0,0.0,0.0,0.0,-1.0,3.708213855753198,0.00824621125123532,-0.37348,4.8188300267217405,13.1709201509995,,
12.5073,74.696,2.932,2.271,70.75,2.47,2.201,-0.001,-0.002,0.008,-0.001,-0.002,0.008,-25.303,-1.474,-7.673,-0.0,0.0,-0.0,-0.0,0.0,-0.0,858.33,-0.0,0.0,-0.0,0.0,0.0,0.0,0.0,0.0,-0.3193,0.8865,-0.335,0.9463,0.2796,-0.1622,-0.0501,-0.3688,-0.9282,0.676,0.226,-0.7014,-0.7316,0.0917,-0.6755,-0.0884,0.9698,0.2273,-0.0,0.0,-0.0,0.0,0.0,0.0,0.0038,-0.0071,-0.0007,37.5552,23.4682,67.2591,0.0,0.0434,-0.3683,0.0,0.0,0.0,2391503.1824,2884428.1042,-5600693.4652,5020.5953,4014.7795,4217.5881,2391465.6272,2884404.6359,-5600760.7243,5020.5915,4014.7866,4217.5888,0.0,0.0765,3.9732,0.0,0.0,1.0,0.0,1.0,0.0,0.0,1.172,-23.972,0.0,1.0,0.0,0.0,0.0,-1.0,3.7086473275306187,0.00824621125123532,-0.37348,4.819811437030215,13.1709201509995,,
12.7139,74.696,2.932,2.272,70.749,2.47,2.203,-0.001,-0.002,0.008,-0.001,-0.002,0.008,-25.303,-1.474,-7.673,-0.0,0.0,-0.0,-0.0,0.0,-0.0,858.33,-0.0,0.0,-0.0,0.0,0.0,0.0,0.0,0.0,-0.3193,0.8865,-0.335,0.9463,0.2796,-0.1622,-0.0501,-0.3688,-0.9282,0.676,0.226,-0.7014,-0.7316,0.0917,-0.6755,-0.0884,0.9698,0.2273,-0.0,0.0,-0.0,0.0,0.0,0.0,0.0038,-0.0071,-0.0007,37.556,23.4668,67.2589,0.0,0.0434,-0.3683,0.0,0.0,0.0,2392535.2366,2885253.3715,-5599826.2739,5019.9547,4014.0069,4219.0879,2392497.6806,2885229.9047,-5599893.5328,5019.9509,4014.014,4219.0886,0.0,0.0765,3.9732,0.0,0.0,1.0,0.0,1.0,0.0,0.0,1.172,-23.972,0.0,1.0,0.0,0.0,0.0,-1.0,3.7092597644273986,0.00824621125123532,-0.37348,4.8204836747260265,13.1709201509995,,
12.9219,74.696,2.931,2.274,70.749,2.47,2.204,-0.001,-0.002,0.008,-0.001,-0.002,0.008,-25.303,-1.474,-7.673,-0.0,0.0,-0.0,-0.0,0.0,-0.0,858.33,-0.0,0.0,-0.0,0.0,0.0,0.0,0.0,0.0,-0.3193,0.8865,-0.335,0.9463,0.2796,-0.1622,-0.0501,-0.3688,-0.9282,0.676,0.226,-0.7014,-0.7316,0.0917,-0.6755,-0.0884,0.9698,0.2273,-0.0,0.0,-0.0,0.0,0.0,0.0,0.0038,-0.0071,-0.0007,37.5568,23.4653,67.2588,0.0,0.0434,-0.3683,0.0,0.0,0.0,2393586.0397,2886093.5765,-5598942.8954,5019.3021,4013.22,4220.6149,2393548.4829,2886070.1112,-5599010.1542,5019.2983,4013.2271,4220.6156,0.0,0.0765,3.9732,0.0,0.0,1.0,0.0,1.0,0.0,0.0,1.172,-23.972,0.0,1.0,0.0,0.0,0.0,-1.0,3.7096950009401044,0.00824621125123532,-0.37348,4.804322853418036,13.1709201509995,,
13.1284,74.696,2.931,2.276,70.749,2.469,2.206,-0.001,-0.002,0.008,-0.001,-0.002,0.008,-25.303,-1.474,-7.673,-0.0,0.0,-0.0,-0.0,0.0,-0.0,858.33,-0.0,0.0,-0.0,0.0,0.0,0.0,0.0,0.0,-0.3193,0.8865,-0.335,0.9463,0.2796,-0.1622,-0.0501,-0.3688,-0.9282,0.676,0.226,-0.7014,-0.7316,0.0917,-0.6755,-0.0884,0.9698,0.2273,-0.0,0.0,-0.0,0.0,0.0,0.0,0.0038,-0.0071,-0.0007,37.5576,23.4638,67.2586,0.0,0.0434,-0.3683,0.0,0.0,0.0,2394628.8534,2886927.3385,-5598065.8038,5018.6541,4012.4387,4222.1302,2394591.2958,2886903.8747,-5598133.0624,5018.6503,4012.4458,4222.131,0.0,0.0765,3.9732,0.0,0.0,1.0,0.0,1.0,0.0,0.0,1.172,-23.972,0.0,1.0,0.0,0.0,0.0,-1.0,3.710921314175228,0.00824621125123532,-0.37348,4.819477846278822,13.1709201509995,,
13.3385,74.696,2.931,2.277,70.749,2.469,2.208,-0.001,-0.002,0.008,-0.001,-0.002,0.008,-25.303,-1.474,-7.673,-0.0,0.0,-0.0,-0.0,0.0,-0.0,858.33,-0.0,0.0,-0.0,0.0,0.0,0.0,0.0,0.0,-0.3193,0.8865,-0.335,0.9463,0.2796,-0.1622,-0.0501,-0.3688,-0.9282,0.676,0.226,-0.7014,-0.7316,0.0917,-0.6755,-0.0884,0.9698,0.2273,-0.0,0.0,-0.0,0.0,0.0,0.0,0.0037,-0.0071,-0.0007,37.5583,23.4623,67.2585,0.0,0.0434,-0.3683,0.0,0.0,0.0,2395675.548,2887764.1483,-5597185.0183,5018.0033,4011.6541,4223.6512,2395637.9897,2887740.686,-5597252.2767,5017.9995,4011.6613,4223.6519,0.0,0.0765,3.9732,0.0,0.0,1.0,0.0,1.0,0.0,0.0,1.172,-23.972,0.0,1.0,0.0,0.0,0.0,-1.0,3.7115347229953275,0.00824621125123532,-0.37348,4.821807051928822,13.1709201509995,,
13.5389,74.695,2.93,2.279,70.749,2.468,2.209,-0.001,-0.002,0.008,-0.001,-0.002,0.008,-25.303,-1.474,-7.673,-0.0,0.0,-0.0,-0.0,0.0,-0.0,858.33,-0.0,0.0,-0.0,0.0,0.0,0.0,0.0,0.0,-0.3193,0.8865,-0.335,0.9463,0.2796,-0.1622,-0.0501,-0.3688,-0.9282,0.676,0.226,-0.7014,-0.7316,0.0917,-0.6755,-0.0884,0.9698,0.2273,-0.0,0.0,-0.0,0.0,0.0,0.0,0.0037,-0.0072,-0.0007,37.5591,23.4609,67.2583,0.0,0.0434,-0.3683,0.0,0.0,0.0,2396680.1412,2888567.247,-5596339.2549,5017.3783,4010.9009,4225.111,2396642.5821,2888543.7861,-5596406.5133,5017.3746,4010.908,4225.1117,0.0,0.0765,3.9732,0.0,0.0,1.0,0.0,1.0,0.0,0.0,1.172,-23.972,0.0,1.0,0.0,0.0,0.0,-1.0,3.711972656149288,0.00824621125123532,-0.37347499999999995,4.822193207763963,13.17074382401879,,
13.7417,74.695,2.93,2.28,70.749,2.468,2.211,-0.001,-0.002,0.008,-0.001,-0.002,0.008,-25.303,-1.474,-7.673,-0.0,0.0,-0.0,-0.0,0.0,-0.0,858.33,-0.0,0.0,-0.0,0.0,0.0,0.0,0.0,0.0,-0.3193,0.8865,-0.335,0.9463,0.2796,-0.1622,-0.0501,-0.3688,-0.9282,0.676,0.226,-0.7014,-0.7316,0.0917,-0.6755,-0.0884,0.9698,0.2273,-0.0,0.0,-0.0,0.0,0.0,0.0,0.0037,-0.0072,-0.0007,37.5598,23.4594,67.2582,0.0,0.0434,-0.3683,0.0,0.0,0.0,2397705.0553,2889386.5386,-5595475.9733,5016.7403,4010.132,4226.6002,2397667.4955,2889363.0792,-5595543.2315,5016.7366,4010.1392,4226.6009,0.0,0.0765,3.9732,0.0,0.0,1.0,0.0,1.0,0.0,0.0,1.172,-23.972,0.0,1.0,0.0,0.0,0.0,-1.0,3.7125866993243406,0.00824621125123532,-0.37347499999999995,4.824528471219736,13.17074382401879,,
13.9439,74.695,2.929,2.282,70.749,2.467,2.212,-0.001,-0.002,0.008,-0.001,-0.002,0.008,-25.303,-1.474,-7.673,-0.0,0.0,-0.0,-0.0,0.0,-0.0,858.33,-0.0,0.0,-0.0,0.0,0.0,0.0,0.0,0.0,-0.3193,0.8865,-0.335,0.9463,0.2796,-0.1622,-0.0501,-0.3688,-0.9282,0.676,0.226,-0.7014,-0.7316,0.0917,-0.6755,-0.0884,0.9698,0.2273,-0.0,0.0,-0.0,0.0,0.0,0.0,0.0037,-0.0072,-0.0007,37.5606,23.458,67.258,0.0,0.0434,-0.3683,0.0,0.0,0.0,2398715.81,2890194.4596,-5594624.2124,5016.1108,4009.3735,4228.0688,2398678.2495,2890171.0017,-5594691.4705,5016.1071,4009.3807,4228.0695,0.0,0.0765,3.9732,0.0,0.0,1.0,0.0,1.0,0.0,0.0,1.172,-23.972,0.0,1.0,0.0,0.0,0.0,-1.0,3.7130263936578745,0.00824621125123532,-0.37347499999999995,4.8232872551925725,13.17074382401879,,
14.1468,74.695,2.929,2.283,70.749,2.467,2.214,-0.001,-0.002,0.008,-0.001,-0.002,0.008,-25.303,-1.474,-7.673,-0.0,0.0,-0.0,-0.0,0.0,-0.0,858.33,-0.0,0.0,-0.0,0.0,0.0,0.0,0.0,0.0,-0.3193,0.8865,-0.335,0.9463,0.2796,-0.1622,-0.0501,-0.3688,-0.9282,0.676,0.226,-0.7014,-0.7316,0.0917,-0.6755,-0.0884,0.9698,0.2273,-0.0,0.0,-0.0,0.0,0.0,0.0,0.0037,-0.0072,-0.0007,37.5613,23.4565,67.2579,0.0,0.0434,-0.3683,0.0,0.0,0.0,2399728.2008,2891003.6365,-5593770.6713,5015.48,4008.6134,4229.5398,2399690.6395,2890980.18,-5593837.9292,5015.4763,4008.6206,4229.5405,0.0,0.0765,3.9732,0.0,0.0,1.0,0.0,1.0,0.0,0.0,1.172,-23.972,0.0,1.0,0.0,0.0,0.0,-1.0,3.71364107043209,0.00824621125123532,-0.37347499999999995,4.82562964911384,13.17074382401879,,
14.3551,74.695,2.928,2.285,70.749,2.467,2.216,-0.001,-0.002,0.008,-0.001,-0.002,0.008,-25.303,-1.474,-7.673,-0.0,0.0,-0.0,-0.0,0.0,-0.0,858.33,-0.0,0.0,-0.0,0.0,0.0,0.0,0.0,0.0,-0.3193,0.8865,-0.335,0.9463,0.2796,-0.1622,-0.0501,-0.3688,-0.9282,0.676,0.226,-0.7014,-0.7316,0.0917,-0.6755,-0.0884,0.9698,0.2273,-0.0,0.0,-0.0,0.0,0.0,0.0,0.0036,-0.0072,-0.0007,37.5621,23.455,67.2578,0.0,0.0434,-0.3683,0.0,0.0,0.0,2400776.9782,2891841.8422,-5592886.0236,5014.8261,4007.8257,4231.0636,2400739.4161,2891818.3872,-5592953.2813,5014.8224,4007.8329,4231.0643,0.0,0.0765,3.9732,0.0,0.0,1.0,0.0,1.0,0.0,0.0,1.172,-23.972,0.0,1.0,0.0,0.0,0.0,-1.0,3.714082524662046,0.00824621125123532,-0.37347499999999995,4.811689850610222,13.17074382401879,,
14.5632,74.695,2.928,2.287,70.748,2.466,2.217,-0.001,-0.002,0.008,-0.001,-0.002,0.008,-25.303,-1.474,-7.673,-0.0,0.0,-0.0,-0.0,0.0,-0.0,858.33,-0.0,0.0,-0.0,0.0,0.0,0.0,0.0,0.0,-0.3193,0.8865,-0.335,0.9463,0.2796,-0.1622,-0.0501,-0.3688,-0.9282,0.676,0.226,-0.7014,-0.7316,0.0917,-0.6755,-0.0884,0.9698,0.2273,-0.0,0.0,-0.0,0.0,0.0,0.0,0.0036,-0.0072,-0.0007,37.5629,23.4535,67.2576,0.0,0.0434,-0.3683,0.0,0.0,0.0,2401816.7362,2892672.7843,-5592008.5573,5014.1774,4007.0444,4232.5742,2401779.1733,2892649.3308,-5592075.8149,5014.1738,4007.0517,4232.5749,0.0,0.0765,3.9732,0.0,0.0,1.0,0.0,1.0,0.0,0.0,1.172,-23.972,0.0,1.0,0.0,0.0,0.0,-1.0,3.7153133111488725,0.00824621125123532,-0.37347499999999995,4.822960793551622,13.17074382401879,,
14.7693,74.695,2.928,2.288,70.748,2.466,2.219,-0.001,-0.002,0.008,-0.001,-0.002,0.008,-25.303,-1.474,-7.673,-0.0,0.0,-0.0,-0.0,0.0,-0.0,858.33,-0.0,0.0,-0.0,0.0,0.0,0.0,0.0,0.0,-0.3193,0.8865,-0.335,0.9463,0.2796,-0.1622,-0.0501,-0.3688,-0.9282,0.676,0.226,-0.7014,-0.7316,0.0917,-0.6755,-0.0884,0.9698,0.2273,-0.0,0.0,-0.0,0.0,0.0,0.0,0.0036,-0.0073,-0.0007,37.5636,23.452,67.2574,0.0,0.0434,-0.3683,0.0,0.0,0.0,2402861.8772,2893507.9736,-5591126.1165,5013.5251,4006.2588,4234.0926,2402824.3135,2893484.5216,-5591193.374,5013.5215,4006.2661,4234.0933,0.0,0.0765,3.9732,0.0,0.0,1.0,0.0,1.0,0.0,0.0,1.172,-23.972,0.0,1.0,0.0,0.0,0.0,-1.0,3.7159289551873833,0.00824621125123532,-0.37347499999999995,4.825316474670792,13.17074382401879,,
14.9785,74.695,2.927,2.29,70.748,2.465,2.22,-0.001,-0.002,0.008,-0.001,-0.002,0.008,-25.303,-1.474,-7.673,-0.0,0.0,-0.0,-0.0,0.0,-0.0,858.33,-0.0,0.0,-0.0,0.0,0.0,0.0,0.0,0.0,-0.3193,0.8865,-0.335,0.9463,0.2796,-0.1622,-0.0501,-0.3688,-0.9282,0.676,0.226,-0.7014,-0.7316,0.0917,-0.6755,-0.0884,0.9698,0.2273,-0.0,0.0,-0.0,0.0,0.0,0.0,0.0036,-0.0073,-0.0007,37.5643,23.4505,67.2573,0.0,0.0434,-0.3683,0.0,0.0,0.0,2403904.1059,2894340.7809,-5590245.7046,5012.8741,4005.475,4235.6068,2403866.5415,2894317.3305,-5590312.9619,5012.8706,4005.4823,4235.6075,0.0,0.0765,3.9732,0.0,0.0,1.0,0.0,1.0,0.0,0.0,1.172,-23.972,0.0,1.0,0.0,0.0,0.0,-1.0,3.7163730975239826,0.00824621125123532,-0.37347499999999995,4.824057737319232,13.17074382401879,,
15.1859,74.695,2.927,2.292,70.748,2.465,2.222,-0.001,-0.002,0.008,-0.001,-0.002,0.008,-25.303,-1.474,-7.673,-0.0,0.0,-0.0,-0.0,0.0,-0.0,858.33,-0.0,0.0,-0.0,0.0,0.0,0.0,0.0,0.0,-0.3193,0.8865,-0.335,0.9463,0.2796,-0.1622,-0.0501,-0.3688,-0.9282,0.676,0.226,-0.7014,-0.7316,0.0917,-0.6755,-0.0884,0.9698,0.2273,-0.0,0.0,-0.0,0.0,0.0,0.0,0.0036,-0.0073,-0.0007,37.5651,23.449,67.2572,0.0,0.0434,-0.3683,0.0,0.0,0.0,2404941.0357,2895169.2997,-5589369.3431,5012.2262,4004.6949,4237.1132,2404903.4706,2895145.8507,-5589436.6003,5012.2226,4004.7022,4237.1139,0.0,0.0765,3.9732,0.0,0.0,1.0,0.0,1.0,0.0,0.0,1.172,-23.972,0.0,1.0,0.0,0.0,0.0,-1.0,3.717605815575395,0.00824621125123532,-0.37347499999999995,4.824281076247017,13.17074382401879,,
15.3935,74.694,2.926,2.293,70.748,2.464,2.224,-0.001,-0.002,0.008,-0.001,-0.002,0.008,-25.303,-1.474,-7.673,-0.0,0.0,-0.0,-0.0,0.0,-0.0,858.33,-0.0,0.0,-0.0,0.0,0.0,0.0,0.0,0.0,-0.3193,0.8865,-0.335,0.9463,0.2796,-0.1622,-0.0501,-0.3688,-0.9282,0.676,0.226,-0.7014,-0.7316,0.0917,-0.6755,-0.0884,0.9698,0.2273,-0.0,0.0,-0.0,0.0,0.0,0.0,0.0035,-0.0073,-0.0007,37.5658,23.4475,67.257,0.0,0.0434,-0.3683,0.0,0.0,0.0,2405981.0251,2896000.2083,-5588489.9705,5011.5759,4003.9122,4238.624,2405943.4593,2895976.7608,-5588557.2275,5011.5724,4003.9195,4238.6247,0.0,0.0765,3.9732,0.0,0.0,1.0,0.0,1.0,0.0,0.0,1.172,-23.972,0.0,1.0,0.0,0.0,0.0,-1.0,3.717435271796942,0.00824621125123532,-0.37347,4.829031273251945,13.170567497038084,,
15.599,74.694,2.926,2.295,70.748,2.464,2.225,-0.001,-0.002,0.008,-0.001,-0.002,0.008,-25.303,-1.474,-7.673,-0.0,0.0,-0.0,-0.0,0.0,-0.0,858.33,-0.0,0.0,-0.0,0.0,0.0,0.0,0.0,0.0,-0.3193,0.8865,-0.335,0.9463,0.2796,-0.1622,-0.0501,-0.3688,-0.9282,0.676,0.226,-0.7014,-0.7316,0.0917,-0.6755,-0.0884,0.9698,0.2273,-0.0,0.0,-0.0,0.0,0.0,0.0,0.0035,-0.0073,-0.0007,37.5666,23.4459,67.2569,0.0,0.0434,-0.3683,0.0,0.0,0.0,2407010.3593,2896822.5503,-5587619.1845,5010.932,4003.1371,4240.1193,2406972.7927,2896799.1043,-5587686.4414,5010.9284,4003.1445,4240.12,0.0,0.0765,3.9732,0.0,0.0,1.0,0.0,1.0,0.0,0.0,1.172,-23.972,0.0,1.0,0.0,0.0,0.0,-1.0,3.7186692512241524,0.00824621125123532,-0.37347,4.827000546682536,13.170567497038084,,
15.8054,74.694,2.925,2.296,70.748,2.463,2.227,-0.001,-0.002,0.008,-0.001,-0.002,0.008,-25.303,-1.474,-7.673,-0.0,0.0,-0.0,-0.0,0.0,-0.0,858.33,-0.0,0.0,-0.0,0.0,0.0,0.0,0.0,0.0,-0.3193,0.8865,-0.335,0.9463,0.2796,-0.1622,-0.0501,-0.3688,-0.9282,0.676,0.226,-0.7014,-0.7316,0.0917,-0.6755,-0.0884,0.9698,0.2273,-0.0,0.0,-0.0,0.0,0.0,0.0,0.0035,-0.0074,-0.0007,37.5673,23.4444,67.2567,0.0,0.0434,-0.3683,0.0,0.0,0.0,2408053.1297,2897655.5718,-5586736.6056,5010.2792,4002.3516,4241.6341,2408015.5624,2897632.1274,-5586803.8623,5010.2757,4002.359,4241.6348,0.0,0.0765,3.9732,0.0,0.0,1.0,0.0,1.0,0.0,0.0,1.172,-23.972,0.0,1.0,0.0,0.0,0.0,-1.0,3.7184998319214695,0.00824621125123532,-0.37347,4.83013672209111,13.170567497038084,,
16.0096,74.694,2.925,2.298,70.748,2.463,2.228,-0.001,-0.002,0.008,-0.001,-0.002,0.008,-25.303,-1.474,-7.673,-0.0,0.0,-0.0,-0.0,0.0,-0.0,858.33,-0.0,0.0,-0.0,0.0,0.0,0.0,0.0,0.0,-0.3193,0.8865,-0.335,0.9463,0.2796,-0.1622,-0.0501,-0.3688,-0.9282,0.676,0.226,-0.7014,-0.7316,0.0917,-0.6755,-0.0884,0.9698,0.2273,-0.0,0.0,-0.0,0.0,0.0,0.0,0.0035,-0.0074,-0.0007,37.568,23.4429,67.2566,0.0,0.0434,-0.3683,0.0,0.0,0.0,2409069.9483,2898467.8085,-5585875.5781,5009.6424,4001.5854,4243.1111,2409032.3803,2898444.3656,-5585942.8347,5009.6389,4001.5928,4243.1118,0.0,0.0765,3.9732,0.0,0.0,1.0,0.0,1.0,0.0,0.0,1.172,-23.972,0.0,1.0,0.0,0.0,0.0,-1.0,3.7197350712113892,0.00824621125123532,-0.37347,4.82809990848456,13.170567497038084,,
16.2125,74.694,2.924,2.3,70.748,2.462,2.23,-0.001,-0.002,0.008,-0.001,-0.002,0.008,-25.303,-1.474,-7.673,-0.0,0.0,-0.0,-0.0,0.0,-0.0,858.33,-0.0,0.0,-0.0,0.0,0.0,0.0,0.0,0.0,-0.3193,0.8865,-0.335,0.9463,0.2796,-0.1622,-0.0501,-0.3688,-0.9282,0.676,0.226,-0.7014,-0.7316,0.0917,-0.6755,-0.0884,0.9698,0.2273,-0.0,0.0,-0.0,0.0,0.0,0.0,0.0035,-0.0074,-0.0007,37.5687,23.4414,67.2564,0.0,0.0434,-0.3683,0.0,0.0,0.0,2410090.3592,2899282.8627,-5585011.0947,5009.003,4000.8161,4244.5933,2410052.7905,2899259.4213,-5585078.3512,5008.9995,4000.8235,4244.594,0.0,0.0765,3.9732,0.0,0.0,1.0,0.0,1.0,0.0,0.0,1.172,-23.972,0.0,1.0,0.0,0.0,0.0,-1.0,3.7201849416393267,0.00824621125123532,-0.37347,4.829087568532119,13.170567497038084,,
16.4142,74.694,2.924,2.301,70.747,2.462,2.232,-0.001,-0.002,0.008,-0.001,-0.002,0.008,-25.303,-1.474,-7.673,-0.0,0.0,-0.0,-0.0,0.0,-0.0,858.33,-0.0,0.0,-0.0,0.0,0.0,0.0,0.0,0.0,-0.3193,0.8865,-0.335,0.9463,0.2796,-0.1622,-0.0501,-0.3688,-0.9282,0.676,0.226,-0.7014,-0.7316,0.0917,-0.6755,-0.0884,0.9698,0.2273,-0.0,0.0,-0.0,0.0,0.0,0.0,0.0034,-0.0074,-0.0007,37.5694,23.4399,67.2563,0.0,0.0434,-0.3683,0.0,0.0,0.0,2411099.3375,2900088.7329,-5584155.8939,5008.3704,4000.0551,4246.0589,2411061.7681,2900065.293,-5584223.1502,5008.3669,4000.0625,4246.0596,0.0,0.0765,3.9732,0.0,0.0,1.0,0.0,1.0,0.0,0.0,1.172,-23.972,0.0,1.0,0.0,0.0,0.0,-1.0,3.7208032734881322,0.00824621125123532,-0.37347,4.829831892992725,13.170567497038084,,
16.6165,74.694,2.923,2.303,70.747,2.461,2.233,-0.001,-0.002,0.008,-0.001,-0.002,0.008,-25.303,-1.474,-7.673,-0.0,0.0,-0.0,-0.0,0.0,-0.0,858.33,-0.0,0.0,-0.0,0.0,0.0,0.0,0.0,0.0,-0.3193,0.8865,-0.335,0.9463,0.2796,-0.1622,-0.0501,-0.3688,-0.9282,0.676,0.226,-0.7014,-0.7316,0.0917,-0.6755,-0.0884,0.9698,0.2273,-0.0,0.0,-0.0,0.0,0.0,0.0,0.0034,-0.0074,-0.0007,37.5701,23.4384,67.2562,0.0,0.0434,-0.3683,0.0,0.0,0.0,2412113.1428,2900898.4067,-5583296.1949,5007.7344,3999.2902,4247.5314,2412075.5727,2900874.9682,-5583363.4511,5007.7309,3999.2976,4247.5321,0.0,0.0765,3.9732,0.0,0.0,1.0,0.0,1.0,0.0,0.0,1.172,-23.972,0.0,1.0,0.0,0.0,0.0,-1.0,3.721254895865103,0.00824621125123532,-0.37347,4.828546389138625,13.170567497038084,,
16.8227,74.694,2.923,2.304,70.747,2.461,2.235,-0.001,-0.002,0.008,-0.001,-0.002,0.008,-25.303,-1.474,-7.673,-0.0,0.0,-0.0,-0.0,0.0,-0.0,858.33,-0.0,0.0,-0.0,0.0,0.0,0.0,0.0,0.0,-0.3193,0.8865,-0.335,0.9463,0.2796,-0.1622,-0.0501,-0.3688,-0.9282,0.676,0.226,-0.7014,-0.7316,0.0917,-0.6755,-0.0884,0.9698,0.2273,-0.0,0.0,-0.0,0.0,0.0,0.0,0.0034,-0.0074,-0.0007,37.5708,23.4369,67.256,0.0,0.0434,-0.3683,0.0,0.0,0.0,2413143.5555,2901721.2906,-5582421.9952,5007.0876,3998.5125,4249.0281,2413105.9847,2901697.8537,-5582489.2512,5007.0842,3998.5199,4249.0287,0.0,0.0765,3.9732,0.0,0.0,1.0,0.0,1.0,0.0,0.0,1.172,-23.972,0.0,1.0,0.0,0.0,0.0,-1.0,3.7218738560031825,0.00824621125123532,-0.37347,4.830940223144195,13.170567497038084,,
17.0288,74.693,2.922,2.306,70.747,2.46,2.236,-0.001,-0.003,0.008,-0.001,-0.003,0.008,-25.303,-1.474,-7.673,-0.0,0.0,-0.0,-0.0,0.0,-0.0,858.33,-0.0,0.0,-0.0,0.0,0.0,0.0,0.0,0.0,-0.3193,0.8865,-0.335,0.9463,0.2796,-0.1622,-0.0501,-0.3688,-0.9282,0.676,0.226,-0.7014,-0.7316,0.0917,-0.6755,-0.0884,0.9698,0.2273,-0.0,0.0,-0.0,0.0,0.0,0.0,0.0034,-0.0075,-0.0007,37.5715,23.4354,67.2559,0.0,0.0434,-0.3683,0.0,0.0,0.0,2414175.7051,2902545.5076,-5581545.9006,5006.4394,3997.733,4250.5272,2414138.1336,2902522.0722,-5581613.1565,5006.436,3997.7405,4250.5278,0.0,0.0765,3.9732,0.0,0.0,1.0,0.0,1.0,0.0,0.0,1.172,-23.972,0.0,1.0,0.0,0.0,0.0,-1.0,3.7223272290329343,0.008544003745317531,-0.373465,4.831268629128644,13.170391170057375,,
17.2344,74.693,2.922,2.308,70.747,2.46,2.238,-0.001,-0.003,0.008,-0.001,-0.003,0.008,-25.303,-1.474,-7.673,-0.0,0.0,-0.0,-0.0,0.0,-0.0,858.33,-0.0,0.0,-0.0,0.0,0.0,0.0,0.0,0.0,-0.3193,0.8865,-0.335,0.9463,0.2796,-0.1622,-0.0501,-0.3688,-0.9282,0.676,0.226,-0.7014,-0.7316,0.0917,-0.6755,-0.0884,0.9698,0.2273,-0.0,0.0,-0.0,0.0,0.0,0.0,0.0034,-0.0075,-0.0007,37.5722,23.4338,67.2558,0.0,0.0434,-0.3683,0.0,0.0,0.0,2415207.2969,2903369.2254,-5580669.8559,5005.7912,3996.9537,4252.0254,2415169.7247,2903345.7915,-5580737.1116,5005.7878,3996.9612,4252.0261,0.0,0.0765,3.9732,0.0,0.0,1.0,0.0,1.0,0.0,0.0,1.172,-23.972,0.0,1.0,0.0,0.0,0.0,-1.0,3.7235665698359686,0.008544003745317531,-0.373465,4.831495486201844,13.170391170057375,,
17.4376,74.693,2.921,2.309,70.747,2.459,2.24,-0.001,-0.003,0.008,-0.001,-0.003,0.008,-25.303,-1.474,-7.673,-0.0,0.0,-0.0,-0.0,0.0,-0.0,858.33,-0.0,0.0,-0.0,0.0,0.0,0.0,0.0,0.0,-0.3193,0.8865,-0.335,0.9463,0.2796,-0.1622,-0.0501,-0.3688,-0.9282,0.676,0.226,-0.7014,-0.7316,0.0917,-0.6755,-0.0884,0.9698,0.2273,-0.0,0.0,-0.0,0.0,0.0,0.0,0.0033,-0.0075,-0.0007,37.5729,23.4323,67.2556,0.0,0.0434,-0.3683,0.0,0.0,0.0,2416231.3028,2904186.8326,-5579799.8357,5005.1473,3996.1799,4253.5126,2416193.7299,2904163.4003,-5579867.0913,5005.144,3996.1874,4253.5133,0.0,0.0765,3.9732,0.0,0.0,1.0,0.0,1.0,0.0,0.0,1.172,-23.972,0.0,1.0,0.0,0.0,0.0,-1.0,3.7234019390874256,0.008544003745317531,-0.373465,4.834662453726728,13.170391170057375,,
17.6386,74.693,2.921,2.311,70.747,2.459,2.241,-0.001,-0.003,0.008,-0.001,-0.003,0.008,-25.303,-1.474,-7.673,-0.0,0.0,-0.0,-0.0,0.0,-0.0,858.33,-0.0,0.0,-0.0,0.0,0.0,0.0,0.0,0.0,-0.3193,0.8865,-0.335,0.9463,0.2796,-0.1622,-0.0501,-0.3688,-0.9282,0.676,0.226,-0.7014,-0.7316,0.0917,-0.6755,-0.0884,0.9698,0.2273,-0.0,0.0,-0.0,0.0,0.0,0.0,0.0033,-0.0075,-0.0007,37.5735,23.4308,67.2555,0.0,0.0434,-0.3683,0.0,0.0,0.0,2417225.8303,2904980.852,-5578954.4637,5004.5217,3995.4279,4254.957,2417188.2567,2904957.4212,-5579021.7191,5004.5184,3995.4355,4254.9576,0.0,0.0765,3.9732,0.0,0.0,1.0,0.0,1.0,0.0,0.0,1.172,-23.972,0.0,1.0,0.0,0.0,0.0,-1.0,3.7246425331835535,0.008544003745317531,-0.373465,4.8325991202891805,13.170391170057375,,
17.8452,74.693,2.92,2.312,70.747,2.458,2.243,-0.001,-0.003,0.008,-0.001,-0.003,0.008,-25.303,-1.474,-7.673,-0.0,0.0,-0.0,-0.0,0.0,-0.0,858.33,-0.0,0.0,-0.0,0.0,0.0,0.0,0.0,0.0,-0.3193,0.8865,-0.335,0.9463,0.2796,-0.1622,-0.0501,-0.3688,-0.9282,0.676,0.226,-0.7014,-0.7316,0.0917,-0.6755,-0.0884,0.9698,0.2273,-0.0,0.0,-0.0,0.0,0.0,0.0,0.0033,-0.0075,-0.0007,37.5742,23.4292,67.2553,0.0,0.0434,-0.3683,0.0,0.0,0.0,2418263.6064,2905809.3473,-5578071.9097,5003.8685,3994.643,4256.4641,2418226.0322,2905785.918,-5578139.165,5003.8652,3994.6505,4256.4647,0.0,0.0765,3.9732,0.0,0.0,1.0,0.0,1.0,0.0,0.0,1.172,-23.972,0.0,1.0,0.0,0.0,0.0,-1.0,3.7244790239710035,0.008544003745317531,-0.373465,4.835773132239809,13.170391170057375,,
18.0514,74.693,2.92,2.314,70.747,2.458,2.244,-0.001,-0.003,0.008,-0.001,-0.003,0.008,-25.303,-1.474,-7.673,-0.0,0.0,-0.0,-0.0,0.0,-0.0,858.33,-0.0,0.0,-0.0,0.0,0.0,0.0,0.0,0.0,-0.3193,0.8865,-0.335,0.9463,0.2796,-0.1622,-0.0501,-0.3688,-0.9282,0.676,0.226,-0.7014,-0.7316,0.0917,-0.6755,-0.0884,0.9698,0.2273,-0.0,0.0,-0.0,0.0,0.0,0.0,0.0033,-0.0075,-0.0007,37.5749,23.4277,67.2552,0.0,0.0434,-0.3683,0.0,0.0,0.0,2419296.5896,2906633.9618,-5577193.0071,5003.218,3993.8614,4257.9642,2419259.0146,2906610.5341,-5577260.2623,5003.2147,3993.8689,4257.9649,0.0,0.0765,3.9732,0.0,0.0,1.0,0.0,1.0,0.0,0.0,1.172,-23.972,0.0,1.0,0.0,0.0,0.0,-1.0,3.72572086984519,0.008544003745317531,-0.373465,4.8337037284443145,13.170391170057375,,
18.2579,74.693,2.919,2.316,70.746,2.457,2.246,-0.001,-0.003,0.008,-0.001,-0.003,0.008,-25.303,-1.474,-7.673,-0.0,0.0,-0.0,-0.0,0.0,-0.0,858.33,-0.0,0.0,-0.0,0.0,0.0,0.0,0.0,0.0,-0.3193,0.8865,-0.335,0.9463,0.2796,-0.1622,-0.0501,-0.3688,-0.9282,0.676,0.226,-0.7014,-0.7316,0.0917,-0.6755,-0.0884,0.9698,0.2273,-0.0,0.0,-0.0,0.0,0.0,0.0,0.0033,-0.0076,-0.0007,37.5756,23.4261,67.2551,0.0,0.0434,-0.3683,0.0,0.0,0.0,2420323.722,2907453.8517,-5576318.6644,5002.5708,3993.0838,4259.4558,2420286.1464,2907430.4256,-5576385.9195,5002.5675,3993.0914,4259.4564,0.0,0.0765,3.9732,0.0,0.0,1.0,0.0,1.0,0.0,0.0,1.172,-23.972,0.0,1.0,0.0,0.0,0.0,-1.0,3.7261799473455386,0.008544003745317531,-0.373465,4.833053740279366,13.170391170057375,,
18.4621,74.693,2.918,2.317,70.746,2.457,2.248,-0.001,-0.003,0.008,-0.001,-0.003,0.008,-25.303,-1.474,-7.673,-0.0,0.0,-0.0,-0.0,0.0,-0.0,858.33,-0.0,0.0,-0.0,0.0,0.0,0.0,0.0,0.0,-0.3193,0.8865,-0.335,0.9463,0.2796,-0.1622,-0.0501,-0.3688,-0.9282,0.676,0.226,-0.7014,-0.7316,0.0917,-0.6755,-0.0884,0.9698,0.2273,-0.0,0.0,-0.0,0.0,0.0,0.0,0.0033,-0.0076,-0.0006,37.5762,23.4246,67.255,0.0,0.0434,-0.3683,0.0,0.0,0.0,2421348.1249,2908271.5099,-5575446.2248,5001.9249,3992.3081,4260.9434,2421310.5486,2908248.0854,-5575513.4797,5001.9217,3992.3156,4260.944,0.0,0.0765,3.9732,0.0,0.0,1.0,0.0,1.0,0.0,0.0,1.172,-23.972,0.0,1.0,0.0,0.0,0.0,-1.0,3.726018384281001,0.008544003745317531,-0.373465,4.821326508061007,13.170391170057375,,
18.663,74.693,2.918,2.319,70.746,2.456,2.249,-0.001,-0.003,0.008,-0.001,-0.003,0.008,-25.303,-1.474,-7.673,-0.0,0.0,-0.0,-0.0,0.0,-0.0,858.33,-0.0,0.0,-0.0,0.0,0.0,0.0,0.0,0.0,-0.3193,0.8865,-0.335,0.9463,0.2796,-0.1622,-0.0501,-0.3688,-0.9282,0.676,0.226,-0.7014,-0.7316,0.0917,-0.6755,-0.0884,0.9698,0.2273,-0.0,0.0,-0.0,0.0,0.0,0.0,0.0032,-0.0076,-0.0006,37.5769,23.4231,67.2548,0.0,0.0434,-0.3683,0.0,0.0,0.0,2422356.5029,2909076.3254,-5574587.0253,5001.2888,3991.5441,4262.4076,2422318.926,2909052.9023,-5574654.2801,5001.2856,3991.5517,4262.4083,0.0,0.0765,3.9732,0.0,0.0,1.0,0.0,1.0,0.0,0.0,1.172,-23.972,0.0,1.0,0.0,0.0,0.0,-1.0,3.7272624002074233,0.008544003745317531,-0.373465,4.834160206176399,13.170391170057375,,
18.8829,74.692,2.917,2.32,70.746,2.455,2.251,-0.001,-0.003,0.008,-0.001,-0.003,0.008,-25.303,-1.474,-7.673,-0.0,0.0,-0.0,-0.0,0.0,-0.0,858.33,-0.0,0.0,-0.0,0.0,0.0,0.0,0.0,0.0,-0.3193,0.8865,-0.335,0.9463,0.2796,-0.1622,-0.0501,-0.3688,-0.9282,0.676,0.226,-0.7014,-0.7316,0.0917,-0.6755,-0.0884,0.9698,0.2273,-0.0,0.0,-0.0,0.0,0.0,0.0,0.0032,-0.0076,-0.0006,37.5776,23.4215,67.2547,0.0,0.0434,-0.3683,0.0,0.0,0.0,2423393.8625,2909904.2178,-5573702.7099,5000.6341,3990.7579,4263.9139,2423356.285,2909880.7963,-5573769.9646,5000.6309,3990.7655,4263.9146,0.0,0.0765,3.9732,0.0,0.0,1.0,0.0,1.0,0.0,0.0,1.172,-23.972,0.0,1.0,0.0,0.0,0.0,-1.0,3.7271019572853112,0.008544003745317531,-0.37345999999999996,4.838972016121852,13.170214843076664,,
19.0923,74.692,2.917,2.322,70.746,2.455,2.253,-0.001,-0.003,0.008,-0.001,-0.003,0.008,-25.303,-1.474,-7.673,-0.0,0.0,-0.0,-0.0,0.0,-0.0,858.33,-0.0,0.0,-0.0,0.0,0.0,0.0,0.0,0.0,-0.3193,0.8865,-0.335,0.9463,0.2796,-0.1622,-0.0501,-0.3688,-0.9282,0.676,0.226,-0.7014,-0.7316,0.0917,-0.6755,-0.0884,0.9698,0.2273,-0.0,0.0,-0.0,0.0,0.0,0.0,0.0032,-0.0076,-0.0006,37.5783,23.4198,67.2545,0.0,0.0434,-0.3683,0.0,0.0,0.0,2424494.6537,2910782.6733,-5572763.8544,4999.9389,3989.9232,4265.5123,2424457.0753,2910759.2535,-5572831.1089,4999.9357,3989.9308,4265.5129,0.0,0.0765,3.9732,0.0,0.0,1.0,0.0,1.0,0.0,0.0,1.172,-23.972,0.0,1.0,0.0,0.0,0.0,-1.0,3.7283472209546145,0.008544003745317531,-0.37345999999999996,4.839206792730147,13.170214843076664,,
19.3012,74.692,2.916,2.324,70.746,2.454,2.254,-0.001,-0.003,0.008,-0.001,-0.003,0.008,-25.303,-1.474,-7.673,-0.0,0.0,-0.0,-0.0,0.0,-0.0,858.33,-0.0,0.0,-0.0,0.0,0.0,0.0,0.0,0.0,-0.3193,0.8865,-0.335,0.9463,0.2796,-0.1622,-0.0501,-0.3688,-0.9282,0.676,0.226,-0.7014,-0.7316,0.0917,-0.6755,-0.0884,0.9698,0.2273,-0.0,0.0,-0.0,0.0,0.0,0.0,0.0032,-0.0077,-0.0006,37.5789,23.4182,67.2544,0.0,0.0434,-0.3683,0.0,0.0,0.0,2425546.1327,2911621.7198,-5571866.6028,4999.2745,3989.1256,4267.039,2425508.5537,2911598.3016,-5571933.8572,4999.2713,3989.1332,4267.0397,0.0,0.0765,3.9732,0.0,0.0,1.0,0.0,1.0,0.0,0.0,1.172,-23.972,0.0,1.0,0.0,0.0,0.0,-1.0,3.728811070569277,0.008544003745317531,-0.37345999999999996,4.837879235407973,13.170214843076664,,
19.5076,74.692,2.916,2.325,70.746,2.454,2.256,-0.001,-0.003,0.008,-0.001,-0.003,0.008,-25.303,-1.474,-7.673,-0.0,0.0,-0.0,-0.0,0.0,-0.0,858.33,-0.0,0.0,-0.0,0.0,0.0,0.0,0.0,0.0,-0.3193,0.8865,-0.335,0.9463,0.2796,-0.1622,-0.0501,-0.3688,-0.9282,0.676,0.226,-0.7014,-0.7316,0.0917,-0.6755,-0.0884,0.9698,0.2273,-0.0,0.0,-0.0,0.0,0.0,0.0,0.0032,-0.0077,-0.0006,37.5796,23.4166,67.2543,0.0,0.0434,-0.3683,0.0,0.0,0.0,2426570.3816,2912438.9829,-5570992.1668,4998.6269,3988.3483,4268.5262,2426532.802,2912415.5662,-5571059.4211,4998.6238,3988.356,4268.5268,0.0,0.0765,3.9732,0.0,0.0,1.0,0.0,1.0,0.0,0.0,1.172,-23.972,0.0,1.0,0.0,0.0,0.0,-1.0,3.729434407520797,0.008544003745317531,-0.37345999999999996,4.840321715030935,13.170214843076664,,
19.7124,74.692,2.915,2.327,70.746,2.453,2.257,-0.001,-0.003,0.008,-0.001,-0.003,0.008,-25.303,-1.474,-7.673,-0.0,0.0,-0.0,-0.0,0.0,-0.0,858.33,-0.0,0.0,-0.0,0.0,0.0,0.0,0.0,0.0,-0.3193,0.8865,-0.335,0.9463,0.2796,-0.1622,-0.0501,-0.3688,-0.9282,0.676,0.226,-0.7014,-0.7316,0.0917,-0.6755,-0.0884,0.9698,0.2273,-0.0,0.0,-0.0,0.0,0.0,0.0,0.0031,-0.0077,-0.0006,37.5803,23.415,67.2542,0.0,0.0434,-0.3683,0.0,0.0,0.0,2427594.1332,2913255.796,-5570117.7364,4997.9793,3987.5711,4270.0126,2427556.5529,2913232.3809,-5570184.9906,4997.9762,3987.5787,4270.0132,0.0,0.0765,3.9732,0.0,0.0,1.0,0.0,1.0,0.0,0.0,1.172,-23.972,0.0,1.0,0.0,0.0,0.0,-1.0,3.7298999986594814,0.008544003745317531,-0.37345999999999996,4.838988049366715,13.170214843076664,,
19.919,74.692,2.914,2.328,70.745,2.453,2.259,-0.001,-0.003,0.008,-0.001,-0.003,0.008,-25.303,-1.474,-7.673,-0.0,0.0,-0.0,-0.0,0.0,-0.0,858.33,-0.0,0.0,-0.0,0.0,0.0,0.0,0.0,0.0,-0.3193,0.8865,-0.335,0.9463,0.2796,-0.1622,-0.0501,-0.3688,-0.9282,0.676,0.226,-0.7014,-0.7316,0.0917,-0.6755,-0.0884,0.9698,0.2273,-0.0,0.0,-0.0,0.0,0.0,0.0,0.0031,-0.0077,-0.0006,37.5808,23.4135,67.254,0.0,0.0434,-0.3683,0.0,0.0,0.0,2428583.9578,2914045.4891,-5569271.8883,4997.3528,3986.8193,4271.4496,2428546.377,2914022.0756,-5569339.1423,4997.3497,3986.827,4271.4503,0.0,0.0765,3.9732,0.0,0.0,1.0,0.0,1.0,0.0,0.0,1.172,-23.972,0.0,1.0,0.0,0.0,0.0,-1.0,3.729742618465784,0.008544003745317531,-0.37345999999999996,4.825650219928814,13.170214843076664,,
20.1276,74.692,2.914,2.33,70.745,2.452,2.261,-0.001,-0.003,0.008,-0.001,-0.003,0.008,-25.303,-1.474,-7.673,-0.0,0.0,-0.0,-0.0,0.0,-0.0,858.33,-0.0,0.0,-0.0,0.0,0.0,0.0,0.0,0.0,-0.3193,0.8865,-0.335,0.9463,0.2796,-0.1622,-0.0501,-0.3688,-0.9282,0.676,0.226,-0.7014,-0.7316,0.0917,-0.6755,-0.0884,0.9698,0.2273,-0.0,0.0,-0.0,0.0,0.0,0.0,0.0031,-0.0077,-0.0006,37.5815,23.4119,67.2539,0.0,0.0434,-0.3683,0.0,0.0,0.0,2429623.5128,2914874.8041,-5568383.1218,4996.6945,3986.0294,4272.9589,2429585.9313,2914851.3922,-5568450.3757,4996.6914,3986.0371,4272.9595,0.0,0.0765,3.9732,0.0,0.0,1.0,0.0,1.0,0.0,0.0,1.172,-23.972,0.0,1.0,0.0,0.0,0.0,-1.0,3.730991289188438,0.008544003745317531,-0.37345999999999996,4.840797208177794,13.170214843076664,,
20.3355,74.692,2.913,2.332,70.745,2.451,2.262,-0.001,-0.003,0.008,-0.001,-0.003,0.008,-25.303,-1.474,-7.673,-0.0,0.0,-0.0,-0.0,0.0,-0.0,858.33,-0.0,0.0,-0.0,0.0,0.0,0.0,0.0,0.0,-0.3193,0.8865,-0.335,0.9463,0.2796,-0.1622,-0.0501,-0.3688,-0.9282,0.676,0.226,-0.7014,-0.7316,0.0917,-0.6755,-0.0884,0.9698,0.2273,-0.0,0.0,-0.0,0.0,0.0,0.0,0.0031,-0.0077,-0.0006,37.5822,23.4102,67.2538,0.0,0.0434,-0.3683,0.0,0.0,0.0,2430720.5349,2915749.9043,-5567444.756,4995.9994,3985.1955,4274.5515,2430682.9526,2915726.4941,-5567512.0098,4995.9963,3985.2033,4274.5521,0.0,0.0765,3.9732,0.0,0.0,1.0,0.0,1.0,0.0,0.0,1.172,-23.972,0.0,1.0,0.0,0.0,0.0,-1.0,3.7314599019686647,0.008544003745317531,-0.37345999999999996,4.839452558984011,13.170214843076664,,
20.539,74.691,2.913,2.333,70.745,2.451,2.264,-0.001,-0.003,0.008,-0.001,-0.003,0.008,-25.303,-1.474,-7.673,-0.0,0.0,-0.0,-0.0,0.0,-0.0,858.33,-0.0,0.0,-0.0,0.0,0.0,0.0,0.0,0.0,-0.3193,0.8865,-0.335,0.9463,0.2796,-0.1622,-0.0501,-0.3688,-0.9282,0.676,0.226,-0.7014,-0.7316,0.0917,-0.6755,-0.0884,0.9698,0.2273,-0.0,0.0,-0.0,0.0,0.0,0.0,0.0031,-0.0078,-0.0006,37.5828,23.4087,67.2536,0.0,0.0434,-0.3683,0.0,0.0,0.0,2431727.2812,2916552.9373,-5566583.1859,4995.3611,3984.4299,4276.0131,2431689.6983,2916529.5287,-5566650.4396,4995.358,3984.4377,4276.0137,0.0,0.0765,3.9732,0.0,0.0,1.0,0.0,1.0,0.0,0.0,1.172,-23.972,0.0,1.0,0.0,0.0,0.0,-1.0,3.7320849400837597,0.008544003745317531,-0.37345500000000004,4.8435319424733105,13.170038516095959,,
20.7414,74.691,2.912,2.335,70.745,2.45,2.265,-0.001,-0.003,0.008,-0.001,-0.003,0.008,-25.303,-1.474,-7.673,-0.0,0.0,-0.0,-0.0,0.0,-0.0,858.33,-0.0,0.0,-0.0,0.0,0.0,0.0,0.0,0.0,-0.3193,0.8865,-0.335,0.9463,0.2796,-0.1622,-0.0501,-0.3688,-0.9282,0.676,0.226,-0.7014,-0.7316,0.0917,-0.6755,-0.0884,0.9698,0.2273,-0.0,0.0,-0.0,0.0,0.0,0.0,0.003,-0.0078,-0.0006,37.5834,23.4071,67.2535,0.0,0.0434,-0.3683,0.0,0.0,0.0,2432740.472,2917361.0581,-5565715.695,4994.7184,3983.6591,4277.4839,2432702.8886,2917337.651,-5565782.9485,4994.7153,3983.6669,4277.4845,0.0,0.0765,3.9732,0.0,0.0,1.0,0.0,1.0,0.0,0.0,1.172,-23.972,0.0,1.0,0.0,0.0,0.0,-1.0,3.732555290950155,0.008544003745317531,-0.37345500000000004,4.842182048264144,13.170038516095959,,
20.9422,74.691,2.911,2.336,70.745,2.449,2.267,-0.001,-0.003,0.008,-0.001,-0.003,0.008,-25.303,-1.474,-7.673,-0.0,0.0,-0.0,-0.0,0.0,-0.0,858.33,-0.0,0.0,-0.0,0.0,0.0,0.0,0.0,0.0,-0.3193,0.8865,-0.335,0.9463,0.2796,-0.1622,-0.0501,-0.3688,-0.9282,0.676,0.226,-0.7014,-0.7316,0.0917,-0.6755,-0.0884,0.9698,0.2273,-0.0,0.0,-0.0,0.0,0.0,0.0,0.003,-0.0078,-0.0006,37.584,23.4055,67.2534,0.0,0.0434,-0.3683,0.0,0.0,0.0,2433742.8395,2918160.4952,-5564857.0648,4994.0822,3982.8962,4278.939,2433705.2555,2918137.0897,-5564924.3182,4994.0792,3982.904,4278.9396,0.0,0.0765,3.9732,0.0,0.0,1.0,0.0,1.0,0.0,0.0,1.172,-23.972,0.0,1.0,0.0,0.0,0.0,-1.0,3.7324009698852025,0.008544003745317531,-0.37345500000000004,4.845412099756483,13.170038516095959,,
21.1498,74.691,2.911,2.338,70.745,2.449,2.269,-0.001,-0.003,0.008,-0.001,-0.003,0.008,-25.303,-1.474,-7.673,-0.0,0.0,-0.0,-0.0,0.0,-0.0,858.33,-0.0,0.0,-0.0,0.0,0.0,0.0,0.0,0.0,-0.3193,0.8865,-0.335,0.9463,0.2796,-0.1622,-0.0501,-0.3688,-0.9282,0.676,0.226,-0.7014,-0.7316,0.0917,-0.6755,-0.0884,0.9698,0.2273,-0.0,0.0,-0.0,0.0,0.0,0.0,0.003,-0.0078,-0.0006,37.5847,23.4039,67.2533,0.0,0.0434,-0.3683,0.0,0.0,0.0,2434782.5959,2918989.6972,-5563965.9846,4993.4219,3982.1046,4280.4484,2434745.0112,2918966.2933,-5564033.2379,4993.4189,3982.1124,4280.449,0.0,0.0765,3.9732,0.0,0.0,1.0,0.0,1.0,0.0,0.0,1.172,-23.972,0.0,1.0,0.0,0.0,0.0,-1.0,3.7336530369063485,0.008544003745317531,-0.37345500000000004,4.845650485964021,13.170038516095959,,
21.3542,74.691,2.91,2.34,70.745,2.448,2.27,-0.001,-0.003,0.008,-0.001,-0.003,0.008,-25.303,-1.474,-7.673,-0.0,0.0,-0.0,-0.0,0.0,-0.0,858.33,-0.0,0.0,-0.0,0.0,0.0,0.0,0.0,0.0,-0.3193,0.8865,-0.335,0.9463,0.2796,-0.1622,-0.0501,-0.3688,-0.9282,0.676,0.226,-0.7014,-0.7316,0.0917,-0.6755,-0.0884,0.9698,0.2273,-0.0,0.0,-0.0,0.0,0.0,0.0,0.003,-0.0078,-0.0006,37.5853,23.4023,67.2531,0.0,0.0434,-0.3683,0.0,0.0,0.0,2435812.6323,2919811.093,-5563082.8092,4992.7674,3981.32,4281.9435,2435775.047,2919787.6907,-5563150.0623,4992.7644,3981.3278,4281.9441,0.0,0.0765,3.9732,0.0,0.0,1.0,0.0,1.0,0.0,0.0,1.172,-23.972,0.0,1.0,0.0,0.0,0.0,-1.0,3.734126403859409,0.008544003745317531,-0.37345500000000004,4.84429054223181,13.170038516095959,,
21.5617,74.691,2.909,2.341,70.744,2.448,2.272,-0.001,-0.003,0.008,-0.001,-0.003,0.008,-25.303,-1.474,-7.673,-0.0,0.0,-0.0,-0.0,0.0,-0.0,858.33,-0.0,0.0,-0.0,0.0,0.0,0.0,0.0,0.0,-0.3193,0.8865,-0.335,0.9463,0.2796,-0.1622,-0.0501,-0.3688,-0.9282,0.676,0.226,-0.7014,-0.7316,0.0917,-0.6755,-0.0884,0.9698,0.2273,-0.0,0.0,-0.0,0.0,0.0,0.0,0.003,-0.0078,-0.0006,37.5859,23.4007,67.253,0.0,0.0434,-0.3683,0.0,0.0,0.0,2436834.9989,2920626.3195,-5562205.7878,4992.1174,3980.5409,4283.4276,2436797.4131,2920602.9188,-5562273.0408,4992.1145,3980.5488,4283.4282,0.0,0.0765,3.9732,0.0,0.0,1.0,0.0,1.0,0.0,0.0,1.172,-23.972,0.0,1.0,0.0,0.0,0.0,-1.0,3.733974022405619,0.008544003745317531,-0.37345500000000004,4.830988548310214,13.170038516095959,,
21.7688,74.691,2.909,2.343,70.744,2.447,2.273,-0.001,-0.003,0.008,-0.001,-0.003,0.008,-25.303,-1.474,-7.673,-0.0,0.0,-0.0,-0.0,0.0,-0.0,858.33,-0.0,0.0,-0.0,0.0,0.0,0.0,0.0,0.0,-0.3193,0.8865,-0.335,0.9463,0.2796,-0.1622,-0.0501,-0.3688,-0.9282,0.676,0.226,-0.7014,-0.7316,0.0917,-0.6755,-0.0884,0.9698,0.2273,-0.0,0.0,-0.0,0.0,0.0,0.0,0.0029,-0.0079,-0.0006,37.5865,23.399,67.2529,0.0,0.0434,-0.3683,0.0,0.0,0.0,2437873.9118,2921454.6844,-5561314.1479,4991.4566,3979.7489,4284.9355,2437836.3253,2921431.2853,-5561381.4008,4991.4537,3979.7568,4284.9361,0.0,0.0765,3.9732,0.0,0.0,1.0,0.0,1.0,0.0,0.0,1.172,-23.972,0.0,1.0,0.0,0.0,0.0,-1.0,3.7352282393449534,0.008544003745317531,-0.37345500000000004,4.843765746419915,13.170038516095959,,
21.9755,74.691,2.908,2.345,70.744,2.446,2.275,-0.001,-0.003,0.008,-0.001,-0.003,0.008,-25.303,-1.474,-7.673,-0.0,0.0,-0.0,-0.0,0.0,-0.0,858.33,-0.0,0.0,-0.0,0.0,0.0,0.0,0.0,0.0,-0.3193,0.8865,-0.335,0.9463,0.2796,-0.1622,-0.0501,-0.3688,-0.9282,0.676,0.226,-0.7014,-0.7316,0.0917,-0.6755,-0.0884,0.9698,0.2273,-0.0,0.0,-0.0,0.0,0.0,0.0,0.0029,-0.0079,-0.0006,37.5871,23.3974,67.2528,0.0,0.0434,-0.3683,0.0,0.0,0.0,2438898.6517,2922271.6951,-5560434.2454,4990.8044,3978.9674,4286.4229,2438861.0646,2922248.2977,-5560501.4982,4990.8015,3978.9753,4286.4235,0.0,0.0765,3.9732,0.0,0.0,1.0,0.0,1.0,0.0,0.0,1.172,-23.972,0.0,1.0,0.0,0.0,0.0,-1.0,3.735704618944062,0.008544003745317531,-0.37345500000000004,4.844763065270685,13.170038516095959,,
22.1773,74.69,2.908,2.346,70.744,2.446,2.277,-0.001,-0.003,0.008,-0.001,-0.003,0.008,-25.303,-1.474,-7.673,-0.0,0.0,-0.0,-0.0,0.0,-0.0,858.33,-0.0,0.0,-0.0,0.0,0.0,0.0,0.0,0.0,-0.3193,0.8865,-0.335,0.9463,0.2796,-0.1622,-0.0501,-0.3688,-0.9282,0.676,0.226,-0.7014,-0.7316,0.0917,-0.6755,-0.0884,0.9698,0.2273,-0.0,0.0,-0.0,0.0,0.0,0.0,0.0029,-0.0079,-0.0006,37.5877,23.3958,67.2526,0.0,0.0434,-0.3683,0.0,0.0,0.0,2439906.7285,2923075.3681,-5559568.2419,4990.1624,3978.1983,4287.8861,2439869.1408,2923051.9723,-5559635.4945,4990.1595,3978.2062,4287.8867,0.0,0.0765,3.9732,0.0,0.0,1.0,0.0,1.0,0.0,0.0,1.172,-23.972,0.0,1.0,0.0,0.0,0.0,-1.0,3.7363324263239748,0.008544003745317531,-0.37345,4.848871893260548,13.169862189115248,,
22.3822,74.69,2.907,2.348,70.744,2.445,2.278,-0.001,-0.003,0.008,-0.001,-0.003,0.008,-25.303,-1.474,-7.673,-0.0,0.0,-0.0,-0.0,0.0,-0.0,858.33,-0.0,0.0,-0.0,0.0,0.0,0.0,0.0,0.0,-0.3193,0.8865,-0.335,0.9463,0.2796,-0.1622,-0.0501,-0.3688,-0.9282,0.676,0.226,-0.7014,-0.7316,0.0917,-0.6755,-0.0884,0.9698,0.2273,-0.0,0.0,-0.0,0.0,0.0,0.0,0.0029,-0.0079,-0.0006,37.5883,23.3942,67.2525,0.0,0.0434,-0.3683,0.0,0.0,0.0,2440932.3864,2923893.0039,-5558686.717,4989.5089,3977.4154,4289.3747,2440894.7982,2923869.6097,-5558753.9695,4989.5061,3977.4234,4289.3753,0.0,0.0765,3.9732,0.0,0.0,1.0,0.0,1.0,0.0,0.0,1.172,-23.972,0.0,1.0,0.0,0.0,0.0,-1.0,3.736810538413742,0.008544003745317531,-0.37345,4.84749575876686,13.169862189115248,,
22.5868,74.69,2.906,2.349,70.744,2.444,2.28,-0.001,-0.003,0.008,-0.001,-0.003,0.008,-25.303,-1.474,-7.673,-0.0,0.0,-0.0,-0.0,0.0,-0.0,858.33,-0.0,0.0,-0.0,0.0,0.0,0.0,0.0,0.0,-0.3193,0.8865,-0.335,0.9463,0.2796,-0.1622,-0.0501,-0.3688,-0.9282,0.676,0.226,-0.7014,-0.7316,0.0917,-0.6755,-0.0884,0.9698,0.2273,-0.0,0.0,-0.0,0.0,0.0,0.0,0.0029,-0.0079,-0.0006,37.5889,23.3926,67.2524,0.0,0.0434,-0.3683,0.0,0.0,0.0,2441956.9899,2924709.7455,-5557805.6769,4988.8558,3976.6331,4290.8618,2441919.401,2924686.3529,-5557872.9293,4988.8529,3976.641,4290.8623,0.0,0.0765,3.9732,0.0,0.0,1.0,0.0,1.0,0.0,0.0,1.172,-23.972,0.0,1.0,0.0,0.0,0.0,-1.0,3.7366612102249785,0.008544003745317531,-0.37345,4.8507559998173875,13.169862189115248,,
22.7895,74.69,2.906,2.351,70.744,2.444,2.281,-0.001,-0.003,0.008,-0.001,-0.003,0.008,-25.303,-1.474,-7.673,-0.0,0.0,-0.0,-0.0,0.0,-0.0,858.33,-0.0,0.0,-0.0,0.0,0.0,0.0,0.0,0.0,-0.3193,0.8865,-0.335,0.9463,0.2796,-0.1622,-0.0501,-0.3688,-0.9282,0.676,0.226,-0.7014,-0.7316,0.0917,-0.6755,-0.0884,0.9698,0.2273,-0.0,0.0,-0.0,0.0,0.0,0.0,0.0028,-0.008,-0.0006,37.5894,23.391,67.2523,0.0,0.0434,-0.3683,0.0,0.0,0.0,2442960.5764,2925509.6815,-5556942.3027,4988.2156,3975.8664,4292.3183,2442922.9869,2925486.2905,-5557009.5549,4988.2128,3975.8744,4292.3189,0.0,0.0765,3.9732,0.0,0.0,1.0,0.0,1.0,0.0,0.0,1.172,-23.972,0.0,1.0,0.0,0.0,0.0,-1.0,3.737918805966764,0.008544003745317531,-0.37345,4.84861231879279,13.169862189115248,,
22.9908,74.69,2.905,2.352,70.743,2.443,2.283,-0.001,-0.003,0.008,-0.001,-0.003,0.008,-25.303,-1.474,-7.673,-0.0,0.0,-0.0,-0.0,0.0,-0.0,858.33,-0.0,0.0,-0.0,0.0,0.0,0.0,0.0,0.0,-0.3193,0.8865,-0.335,0.9463,0.2796,-0.1622,-0.0501,-0.3688,-0.9282,0.676,0.226,-0.7014,-0.7316,0.0917,-0.6755,-0.0884,0.9698,0.2273,-0.0,0.0,-0.0,0.0,0.0,0.0,0.0028,-0.008,-0.0006,37.59,23.3894,67.2522,0.0,0.0434,-0.3683,0.0,0.0,0.0,2443970.7854,2926314.8443,-5556072.8215,4987.5709,3975.0944,4293.7844,2443933.1954,2926291.4549,-5556140.0737,4987.5681,3975.1024,4293.7849,0.0,0.0765,3.9732,0.0,0.0,1.0,0.0,1.0,0.0,0.0,1.172,-23.972,0.0,1.0,0.0,0.0,0.0,-1.0,3.7377705922113518,0.008544003745317531,-0.37345,4.850242636101995,13.169862189115248,,
23.2004,74.69,2.904,2.354,70.743,2.442,2.285,-0.001,-0.003,0.008,-0.001,-0.003,0.008,-25.303,-1.474,-7.673,-0.0,0.0,-0.0,-0.0,0.0,-0.0,858.33,-0.0,0.0,-0.0,0.0,0.0,0.0,0.0,0.0,-0.3193,0.8865,-0.335,0.9463,0.2796,-0.1622,-0.0501,-0.3688,-0.9282,0.676,0.226,-0.7014,-0.7316,0.0917,-0.6755,-0.0884,0.9698,0.2273,-0.0,0.0,-0.0,0.0,0.0,0.0,0.0028,-0.008,-0.0006,37.5906,23.3877,67.252,0.0,0.0434,-0.3683,0.0,0.0,0.0,2445013.9592,2927146.2258,-5555174.5391,4986.9048,3974.2969,4295.2982,2444976.3686,2927122.8381,-5555241.7912,4986.902,3974.3049,4295.2988,0.0,0.0765,3.9732,0.0,0.0,1.0,0.0,1.0,0.0,0.0,1.172,-23.972,0.0,1.0,0.0,0.0,0.0,-1.0,3.738252532935676,0.008544003745317531,-0.37345,4.851246166088776,13.169862189115248,,
23.4042,74.69,2.904,2.356,70.743,2.442,2.286,-0.001,-0.003,0.008,-0.001,-0.003,0.008,-25.303,-1.474,-7.673,-0.0,0.0,-0.0,-0.0,0.0,-0.0,858.33,-0.0,0.0,-0.0,0.0,0.0,0.0,0.0,0.0,-0.3193,0.8865,-0.335,0.9463,0.2796,-0.1622,-0.0501,-0.3688,-0.9282,0.676,0.226,-0.7014,-0.7316,0.0917,-0.6755,-0.0884,0.9698,0.2273,-0.0,0.0,-0.0,0.0,0.0,0.0,0.0028,-0.008,-0.0006,37.5912,23.3861,67.2519,0.0,0.0434,-0.3683,0.0,0.0,0.0,2446037.0531,2927961.5501,-5554293.1234,4986.2511,3973.5144,4296.783,2445999.4619,2927938.164,-5554360.3753,4986.2484,3973.5224,4296.7835,0.0,0.0765,3.9732,0.0,0.0,1.0,0.0,1.0,0.0,0.0,1.172,-23.972,0.0,1.0,0.0,0.0,0.0,-1.0,3.7395122676627226,0.008544003745317531,-0.37345,4.849091636489721,13.169862189115248,,
23.6107,74.689,2.903,2.357,70.743,2.441,2.288,-0.001,-0.003,0.008,-0.001,-0.003,0.008,-25.303,-1.474,-7.673,-0.0,0.0,-0.0,-0.0,0.0,-0.0,858.33,-0.0,0.0,-0.0,0.0,0.0,0.0,0.0,0.0,-0.3193,0.8865,-0.335,0.9463,0.2796,-0.1622,-0.0501,-0.3688,-0.9282,0.676,0.226,-0.7014,-0.7316,0.0917,-0.6755,-0.0884,0.9698,0.2273,-0.0,0.0,-0.0,0.0,0.0,0.0,0.0028,-0.008,-0.0006,37.5918,23.3844,67.2518,0.0,0.0434,-0.3683,0.0,0.0,0.0,2447054.3751,2928772.2214,-5553416.2632,4985.6008,3972.736,4298.2592,2447016.7833,2928748.837,-5553483.515,4985.5981,3972.744,4298.2598,0.0,0.0765,3.9732,0.0,0.0,1.0,0.0,1.0,0.0,0.0,1.172,-23.972,0.0,1.0,0.0,0.0,0.0,-1.0,3.739365989041458,0.008544003745317531,-0.37344499999999997,4.8539867491140996,13.16968586213454,,
23.8174,74.689,2.902,2.359,70.743,2.44,2.289,-0.001,-0.003,0.008,-0.001,-0.003,0.008,-25.303,-1.474,-7.673,-0.0,0.0,-0.0,-0.0,0.0,-0.0,858.33,-0.0,0.0,-0.0,0.0,0.0,0.0,0.0,0.0,-0.3193,0.8865,-0.335,0.9463,0.2796,-0.1622,-0.0501,-0.3688,-0.9282,0.676,0.226,-0.7014,-0.7316,0.0917,-0.6755,-0.0884,0.9698,0.2273,-0.0,0.0,-0.0,0.0,0.0,0.0,0.0027,-0.008,-0.0006,37.5923,23.3828,67.2517,0.0,0.0434,-0.3683,0.0,0.0,0.0,2448090.1965,2929597.5798,-5552523.0305,4984.9383,3971.9431,4299.7623,2448052.6042,2929574.1971,-5552590.2822,4984.9356,3971.9512,4299.7629,0.0,0.0765,3.9732,0.0,0.0,1.0,0.0,1.0,0.0,0.0,1.172,-23.972,0.0,1.0,0.0,0.0,0.0,-1.0,3.7398509328581535,0.008544003745317531,-0.37344499999999997,4.8525887081923,13.16968586213454,,
24.0226,74.689,2.902,2.36,70.743,2.44,2.291,-0.001,-0.003,0.008,-0.001,-0.003,0.008,-25.303,-1.474,-7.673,-0.0,0.0,-0.0,-0.0,0.0,-0.0,858.33,-0.0,0.0,-0.0,0.0,0.0,0.0,0.0,0.0,-0.3193,0.8865,-0.335,0.9463,0.2796,-0.1622,-0.0501,-0.3688,-0.9282,0.676,0.226,-0.7014,-0.7316,0.0917,-0.6755,-0.0884,0.9698,0.2273,-0.0,0.0,-0.0,0.0,0.0,0.0,0.0027,-0.0081,-0.0006,37.5929,23.3811,67.2516,0.0,0.0434,-0.3683,0.0,0.0,0.0,2449110.2767,2930410.3414,-5551642.9518,4984.2855,3971.162,4301.2425,2449072.6838,2930386.9603,-5551710.2033,4984.2828,3971.17,4301.2431,0.0,0.0765,3.9732,0.0,0.0,1.0,0.0,1.0,0.0,0.0,1.172,-23.972,0.0,1.0,0.0,0.0,0.0,-1.0,3.740481787149885,0.008544003745317531,-0.37344499999999997,4.855112871071673,13.16968586213454,,
24.2273,74.689,2.901,2.362,70.743,2.439,2.293,-0.001,-0.003,0.008,-0.001,-0.003,0.008,-25.303,-1.474,-7.673,-0.0,0.0,-0.0,-0.0,0.0,-0.0,858.33,-0.0,0.0,-0.0,0.0,0.0,0.0,0.0,0.0,-0.3193,0.8865,-0.335,0.9463,0.2796,-0.1622,-0.0501,-0.3688,-0.9282,0.676,0.226,-0.7014,-0.7316,0.0917,-0.6755,-0.0884,0.9698,0.2273,-0.0,0.0,-0.0,0.0,0.0,0.0,0.0027,-0.0081,-0.0006,37.5934,23.3794,67.2515,0.0,0.0434,-0.3683,0.0,0.0,0.0,2450137.7083,2931228.9066,-5550756.1059,4983.6276,3970.3749,4302.7334,2450100.1148,2931205.5271,-5550823.3573,4983.6249,3970.383,4302.734,0.0,0.0765,3.9732,0.0,0.0,1.0,0.0,1.0,0.0,0.0,1.172,-23.972,0.0,1.0,0.0,0.0,0.0,-1.0,3.740968457498673,0.008544003745317531,-0.37344499999999997,4.856117899986541,13.16968586213454,,
24.4306,74.689,2.9,2.364,70.743,2.438,2.294,-0.001,-0.003,0.008,-0.001,-0.003,0.008,-25.303,-1.474,-7.673,-0.0,0.0,-0.0,-0.0,0.0,-0.0,858.33,-0.0,0.0,-0.0,0.0,0.0,0.0,0.0,0.0,-0.3193,0.8865,-0.335,0.9463,0.2796,-0.1622,-0.0501,-0.3688,-0.9282,0.676,0.226,-0.7014,-0.7316,0.0917,-0.6755,-0.0884,0.9698,0.2273,-0.0,0.0,-0.0,0.0,0.0,0.0,0.0027,-0.0081,-0.0006,37.594,23.3778,67.2513,0.0,0.0434,-0.3683,0.0,0.0,0.0,2451146.2313,2932032.354,-5549885.1706,4982.9815,3969.6019,4304.1968,2451108.6373,2932008.9762,-5549952.422,4982.9788,3969.61,4304.1973,0.0,0.0765,3.9732,0.0,0.0,1.0,0.0,1.0,0.0,0.0,1.172,-23.972,0.0,1.0,0.0,0.0,0.0,-1.0,3.7414564009219724,0.008544003745317531,-0.37344499999999997,4.8547098554879495,13.16968586213454,,
24.6361,74.689,2.899,2.365,70.742,2.438,2.296,-0.001,-0.003,0.008,-0.001,-0.003,0.008,-25.303,-1.474,-7.673,-0.0,0.0,-0.0,-0.0,0.0,-0.0,858.33,-0.0,0.0,-0.0,0.0,0.0,0.0,0.0,0.0,-0.3193,0.8865,-0.335,0.9463,0.2796,-0.1622,-0.0501,-0.3688,-0.9282,0.676,0.226,-0.7014,-0.7316,0.0917,-0.6755,-0.0884,0.9698,0.2273,-0.0,0.0,-0.0,0.0,0.0,0.0,0.0027,-0.0081,-0.0006,37.5945,23.3761,67.2512,0.0,0.0434,-0.3683,0.0,0.0,0.0,2452171.8175,2932849.3418,-5548999.0781,4982.3241,3968.8156,4305.6848,2452134.223,2932825.9657,-5549066.3293,4982.3214,3968.8237,4305.6854,0.0,0.0765,3.9732,0.0,0.0,1.0,0.0,1.0,0.0,0.0,1.172,-23.972,0.0,1.0,0.0,0.0,0.0,-1.0,3.741313405744031,0.008544003745317531,-0.37344499999999997,4.841473615350671,13.16968586213454,,
24.8421,74.689,2.899,2.367,70.742,2.437,2.297,-0.001,-0.004,0.008,-0.001,-0.004,0.008,-25.303,-1.474,-7.673,-0.0,0.0,-0.0,-0.0,0.0,-0.0,858.33,-0.0,0.0,-0.0,0.0,0.0,0.0,0.0,0.0,-0.3193,0.8865,-0.335,0.9463,0.2796,-0.1622,-0.0501,-0.3688,-0.9282,0.676,0.226,-0.7014,-0.7316,0.0917,-0.6755,-0.0884,0.9698,0.2273,-0.0,0.0,-0.0,0.0,0.0,0.0,0.0026,-0.0081,-0.0006,37.5951,23.3745,67.2511,0.0,0.0434,-0.3683,0.0,0.0,0.0,2453194.5125,2933663.9722,-5548115.064,4981.6682,3968.0312,4307.1687,2453156.9174,2933640.5978,-5548182.3151,4981.6655,3968.0393,4307.1692,0.0,0.0765,3.9732,0.0,0.0,1.0,0.0,1.0,0.0,0.0,1.172,-23.972,0.0,1.0,0.0,0.0,0.0,-1.0,3.7425779884993715,0.008944271909999158,-0.37344499999999997,4.85419476864893,13.16968586213454,,
25.0529,74.688,2.898,2.369,70.742,2.436,2.299,-0.001,-0.004,0.008,-0.001,-0.004,0.008,-25.303,-1.474,-7.673,-0.0,0.0,-0.0,-0.0,0.0,-0.0,858.33,-0.0,0.0,-0.0,0.0,0.0,0.0,0.0,0.0,-0.3193,0.8865,-0.335,0.9463,0.2796,-0.1622,-0.0501,-0.3688,-0.9282,0.676,0.226,-0.7014,-0.7316,0.0917,-0.6755,-0.0884,0.9698,0.2273,-0.0,0.0,-0.0,0.0,0.0,0.0,0.0026,-0.0081,-0.0006,37.5956,23.3728,67.251,0.0,0.0434,-0.3683,0.0,0.0,0.0,2454240.4633,2934497.0718,-5547210.5106,4980.997,3967.2286,4308.6862,2454202.8677,2934473.699,-5547277.7616,4980.9943,3967.2367,4308.6868,0.0,0.0765,3.9732,0.0,0.0,1.0,0.0,1.0,0.0,0.0,1.172,-23.972,0.0,1.0,0.0,0.0,0.0,-1.0,3.743068928032184,0.008944271909999158,-0.37344,4.856812350513028,13.169509535153832,,
25.2615,74.688,2.897,2.37,70.742,2.435,2.301,-0.001,-0.004,0.008,-0.001,-0.004,0.008,-25.303,-1.474,-7.673,-0.0,0.0,-0.0,-0.0,0.0,-0.0,858.33,-0.0,0.0,-0.0,0.0,0.0,0.0,0.0,0.0,-0.3193,0.8865,-0.335,0.9463,0.2796,-0.1622,-0.0501,-0.3688,-0.9282,0.676,0.226,-0.7014,-0.7316,0.0917,-0.6755,-0.0884,0.9698,0.2273,-0.0,0.0,-0.0,0.0,0.0,0.0,0.0026,-0.0082,-0.0005,37.5962,23.3711,67.2509,0.0,0.0434,-0.3683,0.0,0.0,0.0,2455285.6563,2935329.5113,-5546306.1739,4980.3259,3966.4262,4310.2026,2455248.0602,2935306.1402,-5546373.4248,4980.3233,3966.4344,4310.2032,0.0,0.0765,3.9732,0.0,0.0,1.0,0.0,1.0,0.0,0.0,1.172,-23.972,0.0,1.0,0.0,0.0,0.0,-1.0,3.7429278646535518,0.008944271909999158,-0.37344,4.860120875242128,13.169509535153832,,
25.464,74.688,2.896,2.372,70.742,2.435,2.302,-0.001,-0.004,0.008,-0.001,-0.004,0.008,-25.303,-1.474,-7.673,-0.0,0.0,-0.0,-0.0,0.0,-0.0,858.33,-0.0,0.0,-0.0,0.0,0.0,0.0,0.0,0.0,-0.3193,0.8865,-0.335,0.9463,0.2796,-0.1622,-0.0501,-0.3688,-0.9282,0.676,0.226,-0.7014,-0.7316,0.0917,-0.6755,-0.0884,0.9698,0.2273,-0.0,0.0,-0.0,0.0,0.0,0.0,0.0026,-0.0082,-0.0005,37.5967,23.3694,67.2508,0.0,0.0434,-0.3683,0.0,0.0,0.0,2456297.3891,2936135.2479,-5545430.3688,4979.6759,3965.6492,4311.6704,2456259.7924,2936111.8785,-5545497.6195,4979.6733,3965.6574,4311.671,0.0,0.0765,3.9732,0.0,0.0,1.0,0.0,1.0,0.0,0.0,1.172,-23.972,0.0,1.0,0.0,0.0,0.0,-1.0,3.7434208953843275,0.008944271909999158,-0.37344,4.843791027099889,13.169509535153832,,
25.6716,74.688,2.896,2.373,70.742,2.434,2.304,-0.001,-0.004,0.008,-0.001,-0.004,0.008,-25.303,-1.474,-7.673,-0.0,0.0,-0.0,-0.0,0.0,-0.0,858.33,-0.0,0.0,-0.0,0.0,0.0,0.0,0.0,0.0,-0.3193,0.8865,-0.335,0.9463,0.2796,-0.1622,-0.0501,-0.3688,-0.9282,0.676,0.226,-0.7014,-0.7316,0.0917,-0.6755,-0.0884,0.9698,0.2273,-0.0,0.0,-0.0,0.0,0.0,0.0,0.0026,-0.0082,-0.0005,37.5972,23.3677,67.2507,0.0,0.0434,-0.3683,0.0,0.0,0.0,2457324.1712,2936952.916,-5544541.1138,4979.0159,3964.8603,4313.1601,2457286.5739,2936929.5483,-5544608.3644,4979.0133,3964.8685,4313.1606,0.0,0.0765,3.9732,0.0,0.0,1.0,0.0,1.0,0.0,0.0,1.172,-23.972,0.0,1.0,0.0,0.0,0.0,-1.0,3.7440546203280745,0.008944271909999158,-0.37344,4.861251085650651,13.169509535153832,,
25.8773,74.688,2.895,2.375,70.742,2.433,2.305,-0.001,-0.004,0.008,-0.001,-0.004,0.008,-25.303,-1.474,-7.673,-0.0,0.0,-0.0,-0.0,0.0,-0.0,858.33,-0.0,0.0,-0.0,0.0,0.0,0.0,0.0,0.0,-0.3193,0.8865,-0.335,0.9463,0.2796,-0.1622,-0.0501,-0.3688,-0.9282,0.676,0.226,-0.7014,-0.7316,0.0917,-0.6755,-0.0884,0.9698,0.2273,-0.0,0.0,-0.0,0.0,0.0,0.0,0.0025,-0.0082,-0.0005,37.5978,23.366,67.2505,0.0,0.0434,-0.3683,0.0,0.0,0.0,2458348.6125,2937768.6661,-5543653.4614,4978.357,3964.0729,4314.6462,2458311.0147,2937745.3,-5543720.7119,4978.3545,3964.0811,4314.6468,0.0,0.0765,3.9732,0.0,0.0,1.0,0.0,1.0,0.0,0.0,1.172,-23.972,0.0,1.0,0.0,0.0,0.0,-1.0,3.744549372087381,0.008944271909999158,-0.37344,4.859821205490207,13.169509535153832,,
26.0846,74.688,2.894,2.377,70.741,2.432,2.307,-0.001,-0.004,0.008,-0.001,-0.004,0.008,-25.303,-1.474,-7.673,-0.0,0.0,-0.0,-0.0,0.0,-0.0,858.33,-0.0,0.0,-0.0,0.0,0.0,0.0,0.0,0.0,-0.3193,0.8865,-0.335,0.9463,0.2796,-0.1622,-0.0501,-0.3688,-0.9282,0.676,0.226,-0.7014,-0.7316,0.0917,-0.6755,-0.0884,0.9698,0.2273,-0.0,0.0,-0.0,0.0,0.0,0.0,0.0025,-0.0082,-0.0005,37.5983,23.3643,67.2504,0.0,0.0434,-0.3683,0.0,0.0,0.0,2459386.2997,2938594.9082,-5542753.9023,4977.6893,3963.275,4316.1516,2459348.7014,2938571.5439,-5542821.1528,4977.6868,3963.2832,4316.1521,0.0,0.0765,3.9732,0.0,0.0,1.0,0.0,1.0,0.0,0.0,1.172,-23.972,0.0,1.0,0.0,0.0,0.0,-1.0,3.7450453935833674,0.008944271909999158,-0.37344,4.859189093678343,13.169509535153832,,
26.2953,74.688,2.893,2.378,70.741,2.432,2.309,-0.001,-0.004,0.008,-0.001,-0.004,0.008,-25.303,-1.474,-7.673,-0.0,0.0,-0.0,-0.0,0.0,-0.0,858.33,-0.0,0.0,-0.0,0.0,0.0,0.0,0.0,0.0,-0.3193,0.8865,-0.335,0.9463,0.2796,-0.1622,-0.0501,-0.3688,-0.9282,0.676,0.226,-0.7014,-0.7316,0.0917,-0.6755,-0.0884,0.9698,0.2273,-0.0,0.0,-0.0,0.0,0.0,0.0,0.0025,-0.0082,-0.0005,37.5988,23.3626,67.2503,0.0,0.0434,-0.3683,0.0,0.0,0.0,2460426.198,2939422.8554,-5541851.9889,4977.0197,3962.4751,4317.6601,2460388.5992,2939399.4928,-5541919.2392,4977.0172,3962.4833,4317.6606,0.0,0.0765,3.9732,0.0,0.0,1.0,0.0,1.0,0.0,0.0,1.172,-23.972,0.0,1.0,0.0,0.0,0.0,-1.0,3.744907609007197,0.008944271909999158,-0.37344,4.847624016849793,13.169509535153832,,
26.5035,74.687,2.893,2.38,70.741,2.431,2.31,-0.001,-0.004,0.008,-0.001,-0.004,0.008,-25.303,-1.474,-7.673,-0.0,0.0,-0.0,-0.0,0.0,-0.0,858.33,-0.0,0.0,-0.0,0.0,0.0,0.0,0.0,0.0,-0.3193,0.8865,-0.335,0.9463,0.2796,-0.1622,-0.0501,-0.3688,-0.9282,0.676,0.226,-0.7014,-0.7316,0.0917,-0.6755,-0.0884,0.9698,0.2273,-0.0,0.0,-0.0,0.0,0.0,0.0,0.0025,-0.0083,-0.0005,37.5994,23.3609,67.2502,0.0,0.0434,-0.3683,0.0,0.0,0.0,2461469.2661,2940253.27,-5540946.8896,4976.3478,3961.6723,4319.1732,2461431.6667,2940229.9092,-5541014.1399,4976.3453,3961.6806,4319.1737,0.0,0.0765,3.9732,0.0,0.0,1.0,0.0,1.0,0.0,0.0,1.172,-23.972,0.0,1.0,0.0,0.0,0.0,-1.0,3.7461779188928013,0.008944271909999158,-0.37343499999999996,4.861929545592157,13.169333208173123,,
26.7117,74.687,2.892,2.381,70.741,2.43,2.312,-0.001,-0.004,0.008,-0.001,-0.004,0.008,-25.303,-1.474,-7.673,-0.0,0.0,-0.0,-0.0,0.0,-0.0,858.33,-0.0,0.0,-0.0,0.0,0.0,0.0,0.0,0.0,-0.3193,0.8865,-0.335,0.9463,0.2796,-0.1622,-0.0501,-0.3688,-0.9282,0.676,0.226,-0.7014,-0.7316,0.0917,-0.6755,-0.0884,0.9698,0.2273,-0.0,0.0,-0.0,0.0,0.0,0.0,0.0025,-0.0083,-0.0005,37.5999,23.3591,67.2501,0.0,0.0434,-0.3683,0.0,0.0,0.0,2462503.488,2941076.5872,-5540049.0291,4975.6811,3960.8761,4320.6734,2462465.8881,2941053.2281,-5540116.2792,4975.6787,3960.8844,4320.6739,0.0,0.0765,3.9732,0.0,0.0,1.0,0.0,1.0,0.0,0.0,1.172,-23.972,0.0,1.0,0.0,0.0,0.0,-1.0,3.7460412437665442,0.008944271909999158,-0.37343499999999996,4.865263159137879,13.169333208173123,,
26.9167,74.687,2.891,2.383,70.741,2.429,2.313,-0.001,-0.004,0.008,-0.001,-0.004,0.008,-25.303,-1.474,-7.673,-0.0,0.0,-0.0,-0.0,0.0,-0.0,858.33,-0.0,0.0,-0.0,0.0,0.0,0.0,0.0,0.0,-0.3193,0.8865,-0.335,0.9463,0.2796,-0.1622,-0.0501,-0.3688,-0.9282,0.676,0.226,-0.7014,-0.7316,0.0917,-0.6755,-0.0884,0.9698,0.2273,-0.0,0.0,-0.0,0.0,0.0,0.0,0.0025,-0.0083,-0.0005,37.6004,23.3574,67.25,0.0,0.0434,-0.3683,0.0,0.0,0.0,2463519.7974,2941885.5903,-5539166.3017,4975.0257,3960.0933,4322.1475,2463482.197,2941862.2328,-5539233.5517,4975.0233,3960.1016,4322.1481,0.0,0.0765,3.9732,0.0,0.0,1.0,0.0,1.0,0.0,0.0,1.172,-23.972,0.0,1.0,0.0,0.0,0.0,-1.0,3.746541071441764,0.008944271909999158,-0.37343499999999996,4.863817535949789,13.169333208173123,,
27.1215,74.687,2.89,2.385,70.741,2.428,2.315,-0.001,-0.004,0.008,-0.001,-0.004,0.008,-25.303,-1.474,-7.673,-0.0,0.0,-0.0,-0.0,0.0,-0.0,858.33,-0.0,0.0,-0.0,0.0,0.0,0.0,0.0,0.0,-0.3193,0.8865,-0.335,0.9463,0.2796,-0.1622,-0.0501,-0.3688,-0.9282,0.676,0.226,-0.7014,-0.7316,0.0917,-0.6755,-0.0884,0.9698,0.2273,-0.0,0.0,-0.0,0.0,0.0,0.0,0.0024,-0.0083,-0.0005,37.6009,23.3557,67.2499,0.0,0.0434,-0.3683,0.0,0.0,0.0,2464541.7988,2942699.071,-5538278.207,4974.3662,3959.3058,4323.6299,2464504.1979,2942675.7152,-5538345.4569,4974.3638,3959.3142,4323.6305,0.0,0.0765,3.9732,0.0,0.0,1.0,0.0,1.0,0.0,0.0,1.172,-23.972,0.0,1.0,0.0,0.0,0.0,-1.0,3.7470421668297247,0.008944271909999158,-0.37343499999999996,4.864822924279456,13.169333208173123,,
27.3258,74.687,2.89,2.386,70.74,2.428,2.317,-0.001,-0.004,0.008,-0.001,-0.004,0.008,-25.303,-1.474,-7.673,-0.0,0.0,-0.0,-0.0,0.0,-0.0,858.33,-0.0,0.0,-0.0,0.0,0.0,0.0,0.0,0.0,-0.3193,0.8865,-0.335,0.9463,0.2796,-0.1622,-0.0501,-0.3688,-0.9282,0.676,0.226,-0.7014,-0.7316,0.0917,-0.6755,-0.0884,0.9698,0.2273,-0.0,0.0,-0.0,0.0,0.0,0.0,0.0024,-0.0083,-0.0005,37.6014,23.354,67.2498,0.0,0.0434,-0.3683,0.0,0.0,0.0,2465557.3258,2943507.3443,-5537395.3225,4973.7106,3958.523,4325.1029,2465519.7244,2943483.9903,-5537462.5723,4973.7082,3958.5314,4325.1034,0.0,0.0765,3.9732,0.0,0.0,1.0,0.0,1.0,0.0,0.0,1.172,-23.972,0.0,1.0,0.0,0.0,0.0,-1.0,3.7476787482387017,0.008944271909999158,-0.37343499999999996,4.865772741072994,13.169333208173123,,
27.5329,74.687,2.889,2.388,70.74,2.427,2.318,-0.001,-0.004,0.008,-0.001,-0.004,0.008,-25.303,-1.474,-7.673,-0.0,0.0,-0.0,-0.0,0.0,-0.0,858.33,-0.0,0.0,-0.0,0.0,0.0,0.0,0.0,0.0,-0.3193,0.8865,-0.335,0.9463,0.2796,-0.1622,-0.0501,-0.3688,-0.9282,0.676,0.226,-0.7014,-0.7316,0.0917,-0.6755,-0.0884,0.9698,0.2273,-0.0,0.0,-0.0,0.0,0.0,0.0,0.0024,-0.0084,-0.0005,37.6019,23.3523,67.2497,0.0,0.0434,-0.3683,0.0,0.0,0.0,2466592.6067,2944331.2856,-5536494.8332,4973.0418,3957.7247,4326.6045,2466555.0049,2944307.9333,-5536562.0829,4973.0394,3957.733,4326.605,0.0,0.0765,3.9732,0.0,0.0,1.0,0.0,1.0,0.0,0.0,1.172,-23.972,0.0,1.0,0.0,0.0,0.0,-1.0,3.748181559103027,0.008944271909999158,-0.37343499999999996,4.864316241716037,13.169333208173123,,
27.7394,74.687,2.888,2.389,70.74,2.426,2.32,-0.001,-0.004,0.008,-0.001,-0.004,0.008,-25.303,-1.474,-7.673,-0.0,0.0,-0.0,-0.0,0.0,-0.0,858.33,-0.0,0.0,-0.0,0.0,0.0,0.0,0.0,0.0,-0.3193,0.8865,-0.335,0.9463,0.2796,-0.1622,-0.0501,-0.3688,-0.9282,0.676,0.226,-0.7014,-0.7316,0.0917,-0.6755,-0.0884,0.9698,0.2273,-0.0,0.0,-0.0,0.0,0.0,0.0,0.0024,-0.0084,-0.0005,37.6024,23.3506,67.2496,0.0,0.0434,-0.3683,0.0,0.0,0.0,2467611.2228,2945141.9098,-5535608.4161,4972.3834,3956.9388,4328.0818,2467573.6204,2945118.5592,-5535675.6656,4972.381,3956.9472,4328.0823,0.0,0.0765,3.9732,0.0,0.0,1.0,0.0,1.0,0.0,0.0,1.172,-23.972,0.0,1.0,0.0,0.0,0.0,-1.0,3.748048158708743,0.008944271909999158,-0.37343499999999996,4.867669019739423,13.169333208173123,,
27.9462,74.686,2.887,2.391,70.74,2.425,2.321,-0.001,-0.004,0.008,-0.001,-0.004,0.008,-25.303,-1.474,-7.673,-0.0,0.0,-0.0,-0.0,0.0,-0.0,858.33,-0.0,0.0,-0.0,0.0,0.0,0.0,0.0,0.0,-0.3193,0.8865,-0.335,0.9463,0.2796,-0.1622,-0.0501,-0.3688,-0.9282,0.676,0.226,-0.7014,-0.7316,0.0917,-0.6755,-0.0884,0.9698,0.2273,-0.0,0.0,-0.0,0.0,0.0,0.0,0.0024,-0.0084,-0.0005,37.6028,23.3489,67.2495,0.0,0.0434,-0.3683,0.0,0.0,0.0,2468637.2215,2945958.3551,-5534715.1488,4971.7199,3956.147,4329.5698,2468599.6187,2945935.0062,-5534782.3983,4971.7176,3956.1554,4329.5704,0.0,0.0765,3.9732,0.0,0.0,1.0,0.0,1.0,0.0,0.0,1.172,-23.972,0.0,1.0,0.0,0.0,0.0,-1.0,3.7485530541797054,0.008944271909999158,-0.37343000000000004,4.86782046817513,13.169156881192416,,
28.153,74.686,2.886,2.393,70.74,2.424,2.323,-0.001,-0.004,0.008,-0.001,-0.004,0.008,-25.303,-1.474,-7.673,-0.0,0.0,-0.0,-0.0,0.0,-0.0,858.33,-0.0,0.0,-0.0,0.0,0.0,0.0,0.0,0.0,-0.3193,0.8865,-0.335,0.9463,0.2796,-0.1622,-0.0501,-0.3688,-0.9282,0.676,0.226,-0.7014,-0.7316,0.0917,-0.6755,-0.0884,0.9698,0.2273,-0.0,0.0,-0.0,0.0,0.0,0.0,0.0023,-0.0084,-0.0005,37.6033,23.3471,67.2494,0.0,0.0434,-0.3683,0.0,0.0,0.0,2469669.4343,2946779.6903,-5533816.0412,4971.052,3955.35,4331.0668,2469631.831,2946756.3432,-5533883.2906,4971.0497,3955.3584,4331.0674,0.0,0.0765,3.9732,0.0,0.0,1.0,0.0,1.0,0.0,0.0,1.172,-23.972,0.0,1.0,0.0,0.0,0.0,-1.0,3.7490592153232254,0.008944271909999158,-0.37343000000000004,4.868827483083698,13.169156881192416,,
28.3598,74.686,2.886,2.394,70.74,2.424,2.325,-0.001,-0.004,0.008,-0.001,-0.004,0.008,-25.303,-1.474,-7.673,-0.0,0.0,-0.0,-0.0,0.0,-0.0,858.33,-0.0,0.0,-0.0,0.0,0.0,0.0,0.0,0.0,-0.3193,0.8865,-0.335,0.9463,0.2796,-0.1622,-0.0501,-0.3688,-0.9282,0.676,0.226,-0.7014,-0.7316,0.0917,-0.6755,-0.0884,0.9698,0.2273,-0.0,0.0,-0.0,0.0,0.0,0.0,0.0023,-0.0084,-0.0005,37.6038,23.3454,67.2493,0.0,0.0434,-0.3683,0.0,0.0,0.0,2470700.8126,2947600.306,-5532917.2316,4970.3843,3954.5533,4332.5626,2470663.2088,2947576.9606,-5532984.4808,4970.382,3954.5618,4332.5631,0.0,0.0765,3.9732,0.0,0.0,1.0,0.0,1.0,0.0,0.0,1.172,-23.972,0.0,1.0,0.0,0.0,0.0,-1.0,3.749697587806249,0.008944271909999158,-0.37343000000000004,4.871429508329796,13.169156881192416,,
28.5658,74.686,2.885,2.396,70.74,2.423,2.326,-0.001,-0.004,0.008,-0.001,-0.004,0.008,-25.303,-1.474,-7.673,-0.0,0.0,-0.0,-0.0,0.0,-0.0,858.33,-0.0,0.0,-0.0,0.0,0.0,0.0,0.0,0.0,-0.3193,0.8865,-0.335,0.9463,0.2796,-0.1622,-0.0501,-0.3688,-0.9282,0.676,0.226,-0.7014,-0.7316,0.0917,-0.6755,-0.0884,0.9698,0.2273,-0.0,0.0,-0.0,0.0,0.0,0.0,0.0023,-0.0084,-0.0005,37.6043,23.3436,67.2492,0.0,0.0434,-0.3683,0.0,0.0,0.0,2471723.7375,2948414.1421,-5532025.3589,4969.7217,3953.7629,4334.046,2471686.1332,2948390.7985,-5532092.6081,4969.7194,3953.7713,4334.0465,0.0,0.0765,3.9732,0.0,0.0,1.0,0.0,1.0,0.0,0.0,1.172,-23.972,0.0,1.0,0.0,0.0,0.0,-1.0,3.7502054610381017,0.008944271909999158,-0.37343000000000004,4.869958229556651,13.169156881192416,,
28.7726,74.686,2.884,2.397,70.739,2.422,2.328,-0.001,-0.004,0.008,-0.001,-0.004,0.008,-25.303,-1.474,-7.673,-0.0,0.0,-0.0,-0.0,0.0,-0.0,858.33,-0.0,0.0,-0.0,0.0,0.0,0.0,0.0,0.0,-0.3193,0.8865,-0.335,0.9463,0.2796,-0.1622,-0.0501,-0.3688,-0.9282,0.676,0.226,-0.7014,-0.7316,0.0917,-0.6755,-0.0884,0.9698,0.2273,-0.0,0.0,-0.0,0.0,0.0,0.0,0.0023,-0.0085,-0.0005,37.6047,23.3419,67.249,0.0,0.0434,-0.3683,0.0,0.0,0.0,2472751.1828,2949231.5195,-5531129.1212,4969.0558,3952.9686,4335.536,2472713.5781,2949208.1776,-5531196.3703,4969.0535,3952.977,4335.5365,0.0,0.0765,3.9732,0.0,0.0,1.0,0.0,1.0,0.0,0.0,1.172,-23.972,0.0,1.0,0.0,0.0,0.0,-1.0,3.750075332576667,0.008944271909999158,-0.37343000000000004,4.8716948279301056,13.169156881192416,,
28.9795,74.686,2.883,2.399,70.739,2.421,2.329,-0.001,-0.004,0.008,-0.001,-0.004,0.008,-25.303,-1.474,-7.673,-0.0,0.0,-0.0,-0.0,0.0,-0.0,858.33,-0.0,0.0,-0.0,0.0,0.0,0.0,0.0,0.0,-0.3193,0.8865,-0.335,0.9463,0.2796,-0.1622,-0.0501,-0.3688,-0.9282,0.676,0.226,-0.7014,-0.7316,0.0917,-0.6755,-0.0884,0.9698,0.2273,-0.0,0.0,-0.0,0.0,0.0,0.0,0.0023,-0.0085,-0.0005,37.6052,23.3401,67.2489,0.0,0.0434,-0.3683,0.0,0.0,0.0,2473780.5343,2950050.3585,-5530230.7909,4968.3882,3952.1725,4337.0287,2473742.9291,2950027.0184,-5530298.0398,4968.386,3952.181,4337.0292,0.0,0.0765,3.9732,0.0,0.0,1.0,0.0,1.0,0.0,0.0,1.172,-23.972,0.0,1.0,0.0,0.0,0.0,-1.0,3.750585287658448,0.008944271909999158,-0.37343000000000004,4.8702169473345664,13.169156881192416,,
29.1873,74.686,2.882,2.401,70.739,2.42,2.331,-0.001,-0.004,0.008,-0.001,-0.004,0.008,-25.303,-1.474,-7.673,-0.0,0.0,-0.0,-0.0,0.0,-0.0,858.33,-0.0,0.0,-0.0,0.0,0.0,0.0,0.0,0.0,-0.3193,0.8865,-0.335,0.9463,0.2796,-0.1622,-0.0501,-0.3688,-0.9282,0.676,0.226,-0.7014,-0.7316,0.0917,-0.6755,-0.0884,0.9698,0.2273,-0.0,0.0,-0.0,0.0,0.0,0.0,0.0022,-0.0085,-0.0005,37.6057,23.3384,67.2488,0.0,0.0434,-0.3683,0.0,0.0,0.0,2474808.9861,2950868.4272,-5529332.8149,4967.7209,3951.3768,4338.52,2474771.3804,2950845.0889,-5529400.0638,4967.7187,3951.3853,4338.5205,0.0,0.0765,3.9732,0.0,0.0,1.0,0.0,1.0,0.0,0.0,1.172,-23.972,0.0,1.0,0.0,0.0,0.0,-1.0,3.751096506356508,0.008944271909999158,-0.37343000000000004,4.871225734808868,13.169156881192416,,
29.3922,74.685,2.881,2.402,70.739,2.42,2.333,-0.001,-0.004,0.008,-0.001,-0.004,0.008,-25.303,-1.474,-7.673,-0.0,0.0,-0.0,-0.0,0.0,-0.0,858.33,-0.0,0.0,-0.0,0.0,0.0,0.0,0.0,0.0,-0.3193,0.8865,-0.335,0.9463,0.2796,-0.1622,-0.0501,-0.3688,-0.9282,0.676,0.226,-0.7014,-0.7316,0.0917,-0.6755,-0.0884,0.9698,0.2273,-0.0,0.0,-0.0,0.0,0.0,0.0,0.0022,-0.0085,-0.0005,37.6061,23.3366,67.2487,0.0,0.0434,-0.3683,0.0,0.0,0.0,2475830.554,2951680.9659,-5528440.4246,4967.0578,3950.5861,4340.0013,2475792.9479,2951657.6293,-5528507.6733,4967.0555,3950.5946,4340.0018,0.0,0.0765,3.9732,0.0,0.0,1.0,0.0,1.0,0.0,0.0,1.172,-23.972,0.0,1.0,0.0,0.0,0.0,-1.0,3.7509685415902916,0.008944271909999158,-0.373425,4.861331305808515,13.168980554211707,,
29.5986,74.685,2.881,2.404,70.739,2.419,2.334,-0.001,-0.004,0.008,-0.001,-0.004,0.008,-25.303,-1.474,-7.673,-0.0,0.0,-0.0,-0.0,0.0,-0.0,858.33,-0.0,0.0,-0.0,0.0,0.0,0.0,0.0,0.0,-0.3193,0.8865,-0.335,0.9463,0.2796,-0.1622,-0.0501,-0.3688,-0.9282,0.676,0.226,-0.7014,-0.7316,0.0917,-0.6755,-0.0884,0.9698,0.2273,-0.0,0.0,-0.0,0.0,0.0,0.0,0.0022,-0.0085,-0.0005,37.6066,23.3349,67.2486,0.0,0.0434,-0.3683,0.0,0.0,0.0,2476854.1111,2952495.0321,-5527545.8736,4966.3929,3949.7935,4341.4855,2476816.5045,2952471.6972,-5527613.1222,4966.3907,3949.802,4341.486,0.0,0.0765,3.9732,0.0,0.0,1.0,0.0,1.0,0.0,0.0,1.172,-23.972,0.0,1.0,0.0,0.0,0.0,-1.0,3.7522495919114975,0.008944271909999158,-0.373425,4.873971867988824,13.168980554211707,,
29.8054,74.685,2.88,2.405,70.739,2.418,2.336,-0.001,-0.004,0.008,-0.001,-0.004,0.008,-25.303,-1.474,-7.673,-0.0,0.0,-0.0,-0.0,0.0,-0.0,858.33,-0.0,0.0,-0.0,0.0,0.0,0.0,0.0,0.0,-0.3193,0.8865,-0.335,0.9463,0.2796,-0.1622,-0.0501,-0.3688,-0.9282,0.676,0.226,-0.7014,-0.7316,0.0917,-0.6755,-0.0884,0.9698,0.2273,-0.0,0.0,-0.0,0.0,0.0,0.0,0.0022,-0.0085,-0.0005,37.6071,23.3331,67.2485,0.0,0.0434,-0.3683,0.0,0.0,0.0,2477884.5327,2953314.5034,-5526644.8903,4965.7232,3948.9953,4342.9796,2477846.9256,2953291.1703,-5526712.1388,4965.721,3949.0038,4342.98,0.0,0.0765,3.9732,0.0,0.0,1.0,0.0,1.0,0.0,0.0,1.172,-23.972,0.0,1.0,0.0,0.0,0.0,-1.0,3.7521227325342115,0.008944271909999158,-0.373425,4.877359554913516,13.168980554211707,,
30.0132,74.685,2.879,2.407,70.738,2.417,2.338,-0.001,-0.004,0.008,-0.001,-0.004,0.008,-25.303,-1.474,-7.673,-0.0,0.0,-0.0,-0.0,0.0,-0.0,858.33,-0.0,0.0,-0.0,0.0,0.0,0.0,0.0,0.0,-0.3193,0.8865,-0.335,0.9463,0.2796,-0.1622,-0.0501,-0.3688,-0.9282,0.676,0.226,-0.7014,-0.7316,0.0917,-0.6755,-0.0884,0.9698,0.2273,-0.0,0.0,-0.0,0.0,0.0,0.0,0.0022,-0.0086,-0.0005,37.6075,23.3313,67.2484,0.0,0.0434,-0.3683,0.0,0.0,0.0,2478918.5518,2954136.7801,-5525740.3291,4965.0508,3948.1939,4344.4788,2478880.9442,2954113.4488,-5525807.5775,4965.0487,3948.2025,4344.4793,0.0,0.0765,3.9732,0.0,0.0,1.0,0.0,1.0,0.0,0.0,1.172,-23.972,0.0,1.0,0.0,0.0,0.0,-1.0,3.7526377389777448,0.008944271909999158,-0.373425,4.87674148095578,13.168980554211707,,
30.2233,74.685,2.878,2.409,70.738,2.416,2.339,-0.001,-0.004,0.008,-0.001,-0.004,0.008,-25.303,-1.474,-7.673,-0.0,0.0,-0.0,-0.0,0.0,-0.0,858.33,-0.0,0.0,-0.0,0.0,0.0,0.0,0.0,0.0,-0.3193,0.8865,-0.335,0.9463,0.2796,-0.1622,-0.0501,-0.3688,-0.9282,0.676,0.226,-0.7014,-0.7316,0.0917,-0.6755,-0.0884,0.9698,0.2273,-0.0,0.0,-0.0,0.0,0.0,0.0,0.0021,-0.0086,-0.0005,37.6079,23.3295,67.2483,0.0,0.0434,-0.3683,0.0,0.0,0.0,2479954.5988,2954960.6137,-5524833.5578,4964.3768,3947.3907,4345.9809,2479916.9908,2954937.2841,-5524900.8061,4964.3746,3947.3993,4345.9814,0.0,0.0765,3.9732,0.0,0.0,1.0,0.0,1.0,0.0,0.0,1.172,-23.972,0.0,1.0,0.0,0.0,0.0,-1.0,3.753154006965342,0.008944271909999158,-0.373425,4.875244045686079,13.168980554211707,,
30.4265,74.685,2.877,2.41,70.738,2.415,2.341,-0.001,-0.004,0.008,-0.001,-0.004,0.008,-25.303,-1.474,-7.673,-0.0,0.0,-0.0,-0.0,0.0,-0.0,858.33,-0.0,0.0,-0.0,0.0,0.0,0.0,0.0,0.0,-0.3193,0.8865,-0.335,0.9463,0.2796,-0.1622,-0.0501,-0.3688,-0.9282,0.676,0.226,-0.7014,-0.7316,0.0917,-0.6755,-0.0884,0.9698,0.2273,-0.0,0.0,-0.0,0.0,0.0,0.0,0.0021,-0.0086,-0.0005,37.6084,23.3278,67.2482,0.0,0.0434,-0.3683,0.0,0.0,0.0,2480963.0773,2955762.4719,-5523950.4965,4963.7203,3946.6085,4347.4431,2480925.4689,2955739.1441,-5524017.7447,4963.7181,3946.6171,4347.4436,0.0,0.0765,3.9732,0.0,0.0,1.0,0.0,1.0,0.0,0.0,1.172,-23.972,0.0,1.0,0.0,0.0,0.0,-1.0,3.753029309770975,0.008944271909999158,-0.373425,4.878643891123108,13.168980554211707,,
30.6297,74.684,2.876,2.412,70.738,2.414,2.342,-0.001,-0.004,0.008,-0.001,-0.004,0.008,-25.303,-1.474,-7.673,-0.0,0.0,-0.0,-0.0,0.0,-0.0,858.33,-0.0,0.0,-0.0,0.0,0.0,0.0,0.0,0.0,-0.3193,0.8865,-0.335,0.9463,0.2796,-0.1622,-0.0501,-0.3688,-0.9282,0.676,0.226,-0.7014,-0.7316,0.0917,-0.6755,-0.0884,0.9698,0.2273,-0.0,0.0,-0.0,0.0,0.0,0.0,0.0021,-0.0086,-0.0005,37.6088,23.326,67.2481,0.0,0.0434,-0.3683,0.0,0.0,0.0,2481967.4623,2956561.0228,-5523070.6079,4963.0661,3945.8292,4348.8992,2481929.8535,2956537.6968,-5523137.856,4963.064,3945.8378,4348.8997,0.0,0.0765,3.9732,0.0,0.0,1.0,0.0,1.0,0.0,0.0,1.172,-23.972,0.0,1.0,0.0,0.0,0.0,-1.0,3.753547655218993,0.008944271909999158,-0.37342,4.878752859753936,13.168804227230998,,
30.8378,74.684,2.875,2.413,70.738,2.413,2.344,-0.001,-0.004,0.008,-0.001,-0.004,0.008,-25.303,-1.474,-7.673,-0.0,0.0,-0.0,-0.0,0.0,-0.0,858.33,-0.0,0.0,-0.0,0.0,0.0,0.0,0.0,0.0,-0.3193,0.8865,-0.335,0.9463,0.2796,-0.1622,-0.0501,-0.3688,-0.9282,0.676,0.226,-0.7014,-0.7316,0.0917,-0.6755,-0.0884,0.9698,0.2273,-0.0,0.0,-0.0,0.0,0.0,0.0,0.0021,-0.0086,-0.0005,37.6093,23.3242,67.248,0.0,0.0434,-0.3683,0.0,0.0,0.0,2483011.603,2957391.1266,-5522155.4551,4962.3856,3945.0187,4350.413,2482973.9937,2957367.8024,-5522222.7031,4962.3835,3945.0273,4350.4135,0.0,0.0765,3.9732,0.0,0.0,1.0,0.0,1.0,0.0,0.0,1.172,-23.972,0.0,1.0,0.0,0.0,0.0,-1.0,3.753424303219661,0.008944271909999158,-0.37342,4.882158135934694,13.168804227230998,,
31.0466,74.684,2.874,2.415,70.738,2.413,2.346,-0.001,-0.004,0.008,-0.001,-0.004,0.008,-25.303,-1.474,-7.673,-0.0,0.0,-0.0,-0.0,0.0,-0.0,858.33,-0.0,0.0,-0.0,0.0,0.0,0.0,0.0,0.0,-0.3193,0.8865,-0.335,0.9463,0.2796,-0.1622,-0.0501,-0.3688,-0.9282,0.676,0.226,-0.7014,-0.7316,0.0917,-0.6755,-0.0884,0.9698,0.2273,-0.0,0.0,-0.0,0.0,0.0,0.0,0.0021,-0.0086,-0.0005,37.6097,23.3224,67.2479,0.0,0.0434,-0.3683,0.0,0.0,0.0,2484045.5768,2958213.0918,-5521248.7753,4961.7114,3944.2157,4351.912,2484007.9671,2958189.7693,-5521316.0233,4961.7094,3944.2244,4351.9124,0.0,0.0765,3.9732,0.0,0.0,1.0,0.0,1.0,0.0,0.0,1.172,-23.972,0.0,1.0,0.0,0.0,0.0,-1.0,3.7539447252190596,0.008944271909999158,-0.37342,4.868290356138718,13.168804227230998,,
31.2554,74.684,2.874,2.417,70.738,2.412,2.347,-0.001,-0.004,0.008,-0.001,-0.004,0.008,-25.303,-1.474,-7.673,-0.0,0.0,-0.0,-0.0,0.0,-0.0,858.33,-0.0,0.0,-0.0,0.0,0.0,0.0,0.0,0.0,-0.3193,0.8865,-0.335,0.9463,0.2796,-0.1622,-0.0501,-0.3688,-0.9282,0.676,0.226,-0.7014,-0.7316,0.0917,-0.6755,-0.0884,0.9698,0.2273,-0.0,0.0,-0.0,0.0,0.0,0.0,0.002,-0.0087,-0.0005,37.6101,23.3206,67.2478,0.0,0.0434,-0.3683,0.0,0.0,0.0,2485076.4804,2959032.5606,-5520344.3558,4961.0388,3943.4148,4353.4064,2485038.8703,2959009.2399,-5520411.6037,4961.0368,3943.4235,4353.4069,0.0,0.0765,3.9732,0.0,0.0,1.0,0.0,1.0,0.0,0.0,1.172,-23.972,0.0,1.0,0.0,0.0,0.0,-1.0,3.7552316839310995,0.008944271909999158,-0.37342,4.8809013401599035,13.168804227230998,,
31.4633,74.684,2.873,2.418,70.737,2.411,2.349,-0.001,-0.004,0.008,-0.001,-0.004,0.008,-25.303,-1.474,-7.673,-0.0,0.0,-0.0,-0.0,0.0,-0.0,858.33,-0.0,0.0,-0.0,0.0,0.0,0.0,0.0,0.0,-0.3193,0.8865,-0.335,0.9463,0.2796,-0.1622,-0.0501,-0.3688,-0.9282,0.676,0.226,-0.7014,-0.7316,0.0917,-0.6755,-0.0884,0.9698,0.2273,-0.0,0.0,-0.0,0.0,0.0,0.0,0.002,-0.0087,-0.0005,37.6105,23.3188,67.2477,0.0,0.0434,-0.3683,0.0,0.0,0.0,2486111.1478,2959854.9658,-5519436.1976,4960.3635,3942.6107,4354.9063,2486073.5372,2959831.647,-5519503.4453,4960.3614,3942.6193,4354.9068,0.0,0.0765,3.9732,0.0,0.0,1.0,0.0,1.0,0.0,0.0,1.172,-23.972,0.0,1.0,0.0,0.0,0.0,-1.0,3.755110251377448,0.008944271909999158,-0.37342,4.882686723045793,13.168804227230998,,
31.6657,74.684,2.872,2.42,70.737,2.41,2.35,-0.001,-0.004,0.008,-0.001,-0.004,0.008,-25.303,-1.474,-7.673,-0.0,0.0,-0.0,-0.0,0.0,-0.0,858.33,-0.0,0.0,-0.0,0.0,0.0,0.0,0.0,0.0,-0.3193,0.8865,-0.335,0.9463,0.2796,-0.1622,-0.0501,-0.3688,-0.9282,0.676,0.226,-0.7014,-0.7316,0.0917,-0.6755,-0.0884,0.9698,0.2273,-0.0,0.0,-0.0,0.0,0.0,0.0,0.002,-0.0087,-0.0005,37.6109,23.3171,67.2476,0.0,0.0434,-0.3683,0.0,0.0,0.0,2487117.1145,2960654.5051,-5518552.8106,4959.7064,3941.8285,4356.3646,2487079.5036,2960631.188,-5518620.0582,4959.7044,3941.8372,4356.3651,0.0,0.0765,3.9732,0.0,0.0,1.0,0.0,1.0,0.0,0.0,1.172,-23.972,0.0,1.0,0.0,0.0,0.0,-1.0,3.7556336349542936,0.008944271909999158,-0.37342,4.881168010066613,13.168804227230998,,
31.8717,74.683,2.871,2.422,70.737,2.409,2.352,-0.001,-0.004,0.008,-0.001,-0.004,0.008,-25.303,-1.474,-7.673,-0.0,0.0,-0.0,-0.0,0.0,-0.0,858.33,-0.0,0.0,-0.0,0.0,0.0,0.0,0.0,0.0,-0.3193,0.8865,-0.335,0.9463,0.2796,-0.1622,-0.0501,-0.3688,-0.9282,0.676,0.226,-0.7014,-0.7316,0.0917,-0.6755,-0.0884,0.9698,0.2273,-0.0,0.0,-0.0,0.0,0.0,0.0,0.002,-0.0087,-0.0005,37.6114,23.3153,67.2475,0.0,0.0434,-0.3683,0.0,0.0,0.0,2488139.9621,2961467.407,-5517654.1772,4959.038,3941.0329,4357.8473,2488102.3508,2961444.0918,-5517721.4247,4959.036,3941.0416,4357.8477,0.0,0.0765,3.9732,0.0,0.0,1.0,0.0,1.0,0.0,0.0,1.172,-23.972,0.0,1.0,0.0,0.0,0.0,-1.0,3.756158276750329,0.008944271909999158,-0.37341500000000005,4.883792318738772,13.168627900250291,,
32.0725,74.683,2.87,2.423,70.737,2.408,2.354,-0.001,-0.004,0.008,-0.001,-0.004,0.008,-25.303,-1.474,-7.673,-0.0,0.0,-0.0,-0.0,0.0,-0.0,858.33,-0.0,0.0,-0.0,0.0,0.0,0.0,0.0,0.0,-0.3193,0.8865,-0.335,0.9463,0.2796,-0.1622,-0.0501,-0.3688,-0.9282,0.676,0.226,-0.7014,-0.7316,0.0917,-0.6755,-0.0884,0.9698,0.2273,-0.0,0.0,-0.0,0.0,0.0,0.0,0.002,-0.0087,-0.0005,37.6118,23.3135,67.2475,0.0,0.0434,-0.3683,0.0,0.0,0.0,2489127.6068,2962252.2794,-5516786.069,4958.3923,3940.2643,4359.2789,2489089.995,2962228.9659,-5516853.3165,4958.3903,3940.2731,4359.2793,0.0,0.0765,3.9732,0.0,0.0,1.0,0.0,1.0,0.0,0.0,1.172,-23.972,0.0,1.0,0.0,0.0,0.0,-1.0,3.7560390040573326,0.008944271909999158,-0.37341500000000005,4.887220007603304,13.168627900250291,,
32.2798,74.683,2.869,2.425,70.737,2.407,2.355,-0.001,-0.004,0.008,-0.001,-0.004,0.008,-25.303,-1.474,-7.673,-0.0,0.0,-0.0,-0.0,0.0,-0.0,858.33,-0.0,0.0,-0.0,0.0,0.0,0.0,0.0,0.0,-0.3193,0.8865,-0.335,0.9463,0.2796,-0.1622,-0.0501,-0.3688,-0.9282,0.676,0.226,-0.7014,-0.7316,0.0917,-0.6755,-0.0884,0.9698,0.2273,-0.0,0.0,-0.0,0.0,0.0,0.0,0.0019,-0.0088,-0.0005,37.6122,23.3117,67.2474,0.0,0.0434,-0.3683,0.0,0.0,0.0,2490161.3786,2963073.7548,-5515876.9864,4957.716,3939.4596,4360.7773,2490123.7664,2963050.4431,-5515944.2337,4957.714,3939.4683,4360.7778,0.0,0.0765,3.9732,0.0,0.0,1.0,0.0,1.0,0.0,0.0,1.172,-23.972,0.0,1.0,0.0,0.0,0.0,-1.0,3.756565718844807,0.008944271909999158,-0.37341500000000005,4.88569262009943,13.168627900250291,,
32.4832,74.683,2.868,2.426,70.737,2.406,2.357,-0.001,-0.004,0.008,-0.001,-0.004,0.008,-25.303,-1.474,-7.673,-0.0,0.0,-0.0,-0.0,0.0,-0.0,858.33,-0.0,0.0,-0.0,0.0,0.0,0.0,0.0,0.0,-0.3193,0.8865,-0.335,0.9463,0.2796,-0.1622,-0.0501,-0.3688,-0.9282,0.676,0.226,-0.7014,-0.7316,0.0917,-0.6755,-0.0884,0.9698,0.2273,-0.0,0.0,-0.0,0.0,0.0,0.0,0.0019,-0.0088,-0.0005,37.6125,23.3099,67.2473,0.0,0.0434,-0.3683,0.0,0.0,0.0,2491163.0626,2963869.6785,-5514995.7065,4957.0603,3938.6795,4362.2292,2491125.45,2963846.3686,-5515062.9538,4957.0584,3938.6882,4362.2296,0.0,0.0765,3.9732,0.0,0.0,1.0,0.0,1.0,0.0,0.0,1.172,-23.972,0.0,1.0,0.0,0.0,0.0,-1.0,3.7564477901336524,0.008944271909999158,-0.37341500000000005,4.889126788460349,13.168627900250291,,
32.6903,74.683,2.867,2.428,70.736,2.405,2.358,-0.001,-0.004,0.008,-0.001,-0.004,0.008,-25.303,-1.474,-7.673,-0.0,0.0,-0.0,-0.0,0.0,-0.0,858.33,-0.0,0.0,-0.0,0.0,0.0,0.0,0.0,0.0,-0.3193,0.8865,-0.335,0.9463,0.2796,-0.1622,-0.0501,-0.3688,-0.9282,0.676,0.226,-0.7014,-0.7316,0.0917,-0.6755,-0.0884,0.9698,0.2273,-0.0,0.0,-0.0,0.0,0.0,0.0,0.0019,-0.0088,-0.0005,37.6129,23.3081,67.2472,0.0,0.0434,-0.3683,0.0,0.0,0.0,2492189.0441,2964684.8544,-5514092.6245,4956.3884,3937.8801,4363.7162,2492151.4312,2964661.5462,-5514159.8717,4956.3865,3937.8889,4363.7167,0.0,0.0765,3.9732,0.0,0.0,1.0,0.0,1.0,0.0,0.0,1.172,-23.972,0.0,1.0,0.0,0.0,0.0,-1.0,3.7569765769831465,0.008944271909999158,-0.37341500000000005,4.8859622743341315,13.168627900250291,,
32.8978,74.683,2.866,2.429,70.736,2.404,2.36,-0.001,-0.005,0.008,-0.001,-0.005,0.008,-25.303,-1.474,-7.673,-0.0,0.0,-0.0,-0.0,0.0,-0.0,858.33,-0.0,0.0,-0.0,0.0,0.0,0.0,0.0,0.0,-0.3193,0.8865,-0.335,0.9463,0.2796,-0.1622,-0.0501,-0.3688,-0.9282,0.676,0.226,-0.7014,-0.7316,0.0917,-0.6755,-0.0884,0.9698,0.2273,-0.0,0.0,-0.0,0.0,0.0,0.0,0.0019,-0.0088,-0.0005,37.6133,23.3063,67.2471,0.0,0.0434,-0.3683,0.0,0.0,0.0,2493220.6736,2965504.4621,-5513184.1388,4955.7125,3937.076,4365.2115,2493183.0603,2965481.1558,-5513251.3858,4955.7106,3937.0848,4365.2119,0.0,0.0765,3.9732,0.0,0.0,1.0,0.0,1.0,0.0,0.0,1.172,-23.972,0.0,1.0,0.0,0.0,0.0,-1.0,3.7568599920678443,0.009433981132056603,-0.37341500000000005,4.889404091971269,13.168627900250291,,
33.1031,74.682,2.865,2.431,70.736,2.403,2.361,-0.001,-0.005,0.008,-0.001,-0.005,0.008,-25.303,-1.474,-7.673,-0.0,0.0,-0.0,-0.0,0.0,-0.0,858.33,-0.0,0.0,-0.0,0.0,0.0,0.0,0.0,0.0,-0.3193,0.8865,-0.335,0.9463,0.2796,-0.1622,-0.0501,-0.3688,-0.9282,0.676,0.226,-0.7014,-0.7316,0.0917,-0.6755,-0.0884,0.9698,0.2273,-0.0,0.0,-0.0,0.0,0.0,0.0,0.0019,-0.0088,-0.0005,37.6137,23.3045,67.247,0.0,0.0434,-0.3683,0.0,0.0,0.0,2494237.5332,2966312.2813,-5512288.2321,4955.0458,3936.2831,4366.6852,2494199.9195,2966288.9769,-5512355.479,4955.0439,3936.2919,4366.6857,0.0,0.0765,3.9732,0.0,0.0,1.0,0.0,1.0,0.0,0.0,1.172,-23.972,0.0,1.0,0.0,0.0,0.0,-1.0,3.7573908500447493,0.009433981132056603,-0.37341,4.889475160925646,13.168451573269582,,
33.3076,74.682,2.864,2.433,70.736,2.403,2.363,-0.001,-0.005,0.008,-0.001,-0.005,0.008,-25.303,-1.474,-7.673,-0.0,0.0,-0.0,-0.0,0.0,-0.0,858.33,-0.0,0.0,-0.0,0.0,0.0,0.0,0.0,0.0,-0.3193,0.8865,-0.335,0.9463,0.2796,-0.1622,-0.0501,-0.3688,-0.9282,0.676,0.226,-0.7014,-0.7316,0.0917,-0.6755,-0.0884,0.9698,0.2273,-0.0,0.0,-0.0,0.0,0.0,0.0,0.0018,-0.0088,-0.0005,37.6141,23.3027,67.2469,0.0,0.0434,-0.3683,0.0,0.0,0.0,2495249.0051,2967115.7666,-5511396.6534,4954.3823,3935.4941,4368.1511,2495211.391,2967092.464,-5511463.9003,4954.3805,3935.5029,4368.1516,0.0,0.0765,3.9732,0.0,0.0,1.0,0.0,1.0,0.0,0.0,1.172,-23.972,0.0,1.0,0.0,0.0,0.0,-1.0,3.757922963553138,0.009433981132056603,-0.37341,4.875605384633434,13.168451573269582,,
33.5128,74.682,2.864,2.434,70.736,2.402,2.365,-0.001,-0.005,0.008,-0.001,-0.005,0.008,-25.303,-1.474,-7.673,-0.0,0.0,-0.0,-0.0,0.0,-0.0,858.33,-0.0,0.0,-0.0,0.0,0.0,0.0,0.0,0.0,-0.3193,0.8865,-0.335,0.9463,0.2796,-0.1622,-0.0501,-0.3688,-0.9282,0.676,0.226,-0.7014,-0.7316,0.0917,-0.6755,-0.0884,0.9698,0.2273,-0.0,0.0,-0.0,0.0,0.0,0.0,0.0018,-0.0089,-0.0004,37.6145,23.3008,67.2468,0.0,0.0434,-0.3683,0.0,0.0,0.0,2496274.6879,2967930.4861,-5510492.1209,4953.7091,3934.6937,4369.6376,2496237.0735,2967907.1853,-5510559.3677,4953.7073,3934.7025,4369.638,0.0,0.0765,3.9732,0.0,0.0,1.0,0.0,1.0,0.0,0.0,1.172,-23.972,0.0,1.0,0.0,0.0,0.0,-1.0,3.758570472932495,0.009433981132056603,-0.37341,4.893181780507814,13.168451573269582,,
33.7217,74.682,2.863,2.436,70.736,2.401,2.366,-0.001,-0.005,0.008,-0.001,-0.005,0.008,-25.303,-1.474,-7.673,-0.0,0.0,-0.0,-0.0,0.0,-0.0,858.33,-0.0,0.0,-0.0,0.0,0.0,0.0,0.0,0.0,-0.3193,0.8865,-0.335,0.9463,0.2796,-0.1622,-0.0501,-0.3688,-0.9282,0.676,0.226,-0.7014,-0.7316,0.0917,-0.6755,-0.0884,0.9698,0.2273,-0.0,0.0,-0.0,0.0,0.0,0.0,0.0018,-0.0089,-0.0004,37.6149,23.299,67.2467,0.0,0.0434,-0.3683,0.0,0.0,0.0,2497301.457,2968746.0135,-5509586.1978,4953.0349,3933.8921,4371.1256,2497263.8421,2968722.7145,-5509653.4445,4953.0331,3933.9009,4371.126,0.0,0.0765,3.9732,0.0,0.0,1.0,0.0,1.0,0.0,0.0,1.172,-23.972,0.0,1.0,0.0,0.0,0.0,-1.0,3.7591042816075215,0.009433981132056603,-0.37341,4.891633195291586,13.168451573269582,,
33.9298,74.682,2.862,2.437,70.735,2.4,2.368,-0.001,-0.005,0.008,-0.001,-0.005,0.008,-25.303,-1.474,-7.673,-0.0,0.0,-0.0,-0.0,0.0,-0.0,858.33,-0.0,0.0,-0.0,0.0,0.0,0.0,0.0,0.0,-0.3193,0.8865,-0.335,0.9463,0.2796,-0.1622,-0.0501,-0.3688,-0.9282,0.676,0.226,-0.7014,-0.7316,0.0917,-0.6755,-0.0884,0.9698,0.2273,-0.0,0.0,-0.0,0.0,0.0,0.0,0.0018,-0.0089,-0.0004,37.6152,23.2971,67.2466,0.0,0.0434,-0.3683,0.0,0.0,0.0,2498336.2774,2969567.88,-5508672.7339,4952.3549,3933.0838,4372.6252,2498298.6622,2969544.5829,-5508739.9805,4952.3532,3933.0927,4372.6256,0.0,0.0765,3.9732,0.0,0.0,1.0,0.0,1.0,0.0,0.0,1.172,-23.972,0.0,1.0,0.0,0.0,0.0,-1.0,3.758990955030352,0.009433981132056603,-0.37341,4.8934621051052245,13.168451573269582,,
34.1395,74.682,2.861,2.439,70.735,2.399,2.37,-0.001,-0.005,0.008,-0.001,-0.005,0.008,-25.303,-1.474,-7.673,-0.0,0.0,-0.0,-0.0,0.0,-0.0,858.33,-0.0,0.0,-0.0,0.0,0.0,0.0,0.0,0.0,-0.3193,0.8865,-0.335,0.9463,0.2796,-0.1622,-0.0501,-0.3688,-0.9282,0.676,0.226,-0.7014,-0.7316,0.0917,-0.6755,-0.0884,0.9698,0.2273,-0.0,0.0,-0.0,0.0,0.0,0.0,0.0018,-0.0089,-0.0004,37.6156,23.2953,67.2465,0.0,0.0434,-0.3683,0.0,0.0,0.0,2499372.1074,2970390.4919,-5507757.9409,4951.674,3932.2745,4374.1262,2499334.4918,2970367.1966,-5507825.1874,4951.6722,3932.2834,4374.1267,0.0,0.0765,3.9732,0.0,0.0,1.0,0.0,1.0,0.0,0.0,1.172,-23.972,0.0,1.0,0.0,0.0,0.0,-1.0,3.7595268319297843,0.009433981132056603,-0.37341,4.894482719621674,13.168451573269582,,
34.3466,74.681,2.86,2.441,70.735,2.398,2.371,-0.001,-0.005,0.008,-0.001,-0.005,0.008,-25.303,-1.474,-7.673,-0.0,0.0,-0.0,-0.0,0.0,-0.0,858.33,-0.0,0.0,-0.0,0.0,0.0,0.0,0.0,0.0,-0.3193,0.8865,-0.335,0.9463,0.2796,-0.1622,-0.0501,-0.3688,-0.9282,0.676,0.226,-0.7014,-0.7316,0.0917,-0.6755,-0.0884,0.9698,0.2273,-0.0,0.0,-0.0,0.0,0.0,0.0,0.0017,-0.0089,-0.0004,37.616,23.2934,67.2464,0.0,0.0434,-0.3683,0.0,0.0,0.0,2500397.972,2971205.1348,-5506851.5127,4950.9992,3931.4726,4375.6128,2500360.356,2971181.8414,-5506918.7592,4950.9974,3931.4815,4375.6132,0.0,0.0765,3.9732,0.0,0.0,1.0,0.0,1.0,0.0,0.0,1.172,-23.972,0.0,1.0,0.0,0.0,0.0,-1.0,3.760063962221919,0.009433981132056603,-0.373405,4.894533617703027,13.168275246288873,,
34.5573,74.681,2.859,2.442,70.735,2.397,2.373,-0.001,-0.005,0.008,-0.001,-0.005,0.008,-25.303,-1.474,-7.673,-0.0,0.0,-0.0,-0.0,0.0,-0.0,858.33,-0.0,0.0,-0.0,0.0,0.0,0.0,0.0,0.0,-0.3193,0.8865,-0.335,0.9463,0.2796,-0.1622,-0.0501,-0.3688,-0.9282,0.676,0.226,-0.7014,-0.7316,0.0917,-0.6755,-0.0884,0.9698,0.2273,-0.0,0.0,-0.0,0.0,0.0,0.0,0.0017,-0.0089,-0.0004,37.6163,23.2916,67.2463,0.0,0.0434,-0.3683,0.0,0.0,0.0,2501436.8331,2972030.0416,-5505933.1643,4950.3155,3930.6602,4377.1181,2501399.2168,2972006.75,-5506000.4106,4950.3138,3930.6692,4377.1186,0.0,0.0765,3.9732,0.0,0.0,1.0,0.0,1.0,0.0,0.0,1.172,-23.972,0.0,1.0,0.0,0.0,0.0,-1.0,3.759952792256839,0.009433981132056603,-0.373405,4.898003140444728,13.168275246288873,,
34.7627,74.681,2.858,2.444,70.735,2.396,2.374,-0.001,-0.005,0.008,-0.001,-0.005,0.008,-25.303,-1.474,-7.673,-0.0,0.0,-0.0,-0.0,0.0,-0.0,858.33,-0.0,0.0,-0.0,0.0,0.0,0.0,0.0,0.0,-0.3193,0.8865,-0.335,0.9463,0.2796,-0.1622,-0.0501,-0.3688,-0.9282,0.676,0.226,-0.7014,-0.7316,0.0917,-0.6755,-0.0884,0.9698,0.2273,-0.0,0.0,-0.0,0.0,0.0,0.0,0.0017,-0.009,-0.0004,37.6167,23.2897,67.2462,0.0,0.0434,-0.3683,0.0,0.0,0.0,2502452.7533,2972836.6777,-5505034.6654,4949.6465,3929.8654,4378.5902,2502415.1366,2972813.388,-5505101.9116,4949.6448,3929.8744,4378.5906,0.0,0.0765,3.9732,0.0,0.0,1.0,0.0,1.0,0.0,0.0,1.172,-23.972,0.0,1.0,0.0,0.0,0.0,-1.0,3.760491989088662,0.009433981132056603,-0.373405,4.896439382636589,13.168275246288873,,
34.9714,74.681,2.857,2.446,70.734,2.395,2.376,-0.001,-0.005,0.008,-0.001,-0.005,0.008,-25.303,-1.474,-7.673,-0.0,0.0,-0.0,-0.0,0.0,-0.0,858.33,-0.0,0.0,-0.0,0.0,0.0,0.0,0.0,0.0,-0.3193,0.8865,-0.335,0.9463,0.2796,-0.1622,-0.0501,-0.3688,-0.9282,0.676,0.226,-0.7014,-0.7316,0.0917,-0.6755,-0.0884,0.9698,0.2273,-0.0,0.0,-0.0,0.0,0.0,0.0,0.0017,-0.009,-0.0004,37.6171,23.2879,67.2462,0.0,0.0434,-0.3683,0.0,0.0,0.0,2503485.5584,2973656.6647,-5504120.8005,4948.966,3929.0571,4380.0867,2503447.9414,2973633.3769,-5504188.0467,4948.9644,3929.0661,4380.0871,0.0,0.0765,3.9732,0.0,0.0,1.0,0.0,1.0,0.0,0.0,1.172,-23.972,0.0,1.0,0.0,0.0,0.0,-1.0,3.7610324380414486,0.009433981132056603,-0.373405,4.8958270185799995,13.168275246288873,,
35.174,74.681,2.856,2.447,70.734,2.394,2.378,-0.001,-0.005,0.008,-0.001,-0.005,0.008,-25.303,-1.474,-7.674,-0.0,0.0,-0.0,-0.0,0.0,-0.0,858.33,-0.0,0.0,-0.0,0.0,0.0,0.0,0.0,0.0,-0.3193,0.8865,-0.335,0.9463,0.2796,-0.1622,-0.0501,-0.3688,-0.9282,0.676,0.226,-0.7014,-0.7316,0.0917,-0.6755,-0.0884,0.9698,0.2273,-0.0,0.0,-0.0,0.0,0.0,0.0,0.0017,-0.009,-0.0004,37.6174,23.286,67.2461,0.0,0.0434,-0.3683,0.0,0.0,0.0,2504496.3702,2974459.1363,-5503225.971,4948.2997,3928.2657,4381.5513,2504458.7528,2974435.8503,-5503293.217,4948.298,3928.2747,4381.5517,0.0,0.0765,3.9732,0.0,0.0,1.0,0.0,1.0,0.0,0.0,1.172,-23.972,0.0,1.0,0.0,0.0,0.0,-1.0,3.7609234238415437,0.009433981132056603,-0.373405,4.899308593161918,13.168275246288873,,
35.3818,74.68,2.855,2.449,70.734,2.393,2.379,-0.001,-0.005,0.008,-0.001,-0.005,0.008,-25.303,-1.474,-7.674,-0.0,0.0,-0.0,-0.0,0.0,-0.0,858.33,-0.0,0.0,-0.0,0.0,0.0,0.0,0.0,0.0,-0.3193,0.8865,-0.335,0.9463,0.2796,-0.1622,-0.0501,-0.3688,-0.9282,0.676,0.226,-0.7014,-0.7316,0.0917,-0.6755,-0.0884,0.9698,0.2273,-0.0,0.0,-0.0,0.0,0.0,0.0,0.0017,-0.009,-0.0004,37.6177,23.2842,67.246,0.0,0.0434,-0.3683,0.0,0.0,0.0,2505521.8108,2975273.1669,-5502317.7615,4947.6234,3927.4625,4383.037,2505484.1931,2975249.8827,-5502385.0074,4947.6217,3927.4715,4383.0374,0.0,0.0765,3.9732,0.0,0.0,1.0,0.0,1.0,0.0,0.0,1.172,-23.972,0.0,1.0,0.0,0.0,0.0,-1.0,3.7614659376365487,0.009433981132056603,-0.3734,4.89934374361579,13.168098919308166,,
35.5888,74.68,2.854,2.45,70.734,2.392,2.381,-0.001,-0.005,0.008,-0.001,-0.005,0.008,-25.303,-1.474,-7.674,-0.0,0.0,-0.0,-0.0,0.0,-0.0,858.33,-0.0,0.0,-0.0,0.0,0.0,0.0,0.0,0.0,-0.3193,0.8865,-0.335,0.9463,0.2796,-0.1622,-0.0501,-0.3688,-0.9282,0.676,0.226,-0.7014,-0.7316,0.0917,-0.6755,-0.0884,0.9698,0.2273,-0.0,0.0,-0.0,0.0,0.0,0.0,0.0016,-0.009,-0.0004,37.6181,23.2823,67.2459,0.0,0.0434,-0.3683,0.0,0.0,0.0,2506546.9109,2976086.8719,-5501409.4218,4946.9469,3926.6592,4384.5222,2506509.2928,2976063.5897,-5501476.6676,4946.9452,3926.6683,4384.5226,0.0,0.0765,3.9732,0.0,0.0,1.0,0.0,1.0,0.0,0.0,1.172,-23.972,0.0,1.0,0.0,0.0,0.0,-1.0,3.761358265307893,0.009433981132056603,-0.3734,4.902830683516894,13.168098919308166,,
35.7974,74.68,2.853,2.452,70.734,2.391,2.382,-0.001,-0.005,0.008,-0.001,-0.005,0.008,-25.303,-1.474,-7.674,-0.0,0.0,-0.0,-0.0,0.0,-0.0,858.33,-0.0,0.0,-0.0,0.0,0.0,0.0,0.0,0.0,-0.3193,0.8865,-0.335,0.9463,0.2796,-0.1622,-0.0501,-0.3688,-0.9282,0.676,0.226,-0.7014,-0.7316,0.0917,-0.6755,-0.0884,0.9698,0.2273,-0.0,0.0,-0.0,0.0,0.0,0.0,0.0016,-0.009,-0.0004,37.6184,23.2804,67.2458,0.0,0.0434,-0.3683,0.0,0.0,0.0,2507580.9296,2976907.6004,-5500492.7423,4946.2641,3925.8486,4386.0203,2507543.3112,2976884.32,-5500559.9881,4946.2625,3925.8577,4386.0207,0.0,0.0765,3.9732,0.0,0.0,1.0,0.0,1.0,0.0,0.0,1.172,-23.972,0.0,1.0,0.0,0.0,0.0,-1.0,3.761902842977208,0.009433981132056603,-0.3734,4.901251784458827,13.168098919308166,,
36.0036,74.68,2.852,2.454,70.734,2.39,2.384,-0.001,-0.005,0.008,-0.001,-0.005,0.008,-25.303,-1.474,-7.674,-0.0,0.0,-0.0,-0.0,0.0,-0.0,858.33,-0.0,0.0,-0.0,0.0,0.0,0.0,0.0,0.0,-0.3193,0.8865,-0.335,0.9463,0.2796,-0.1622,-0.0501,-0.3688,-0.9282,0.676,0.226,-0.7014,-0.7316,0.0917,-0.6755,-0.0884,0.9698,0.2273,-0.0,0.0,-0.0,0.0,0.0,0.0,0.0016,-0.0091,-0.0004,37.6187,23.2785,67.2457,0.0,0.0434,-0.3683,0.0,0.0,0.0,2508598.2988,2977715.0587,-5499590.3945,4945.592,3925.0508,4387.4942,2508560.68,2977691.7802,-5499657.6402,4945.5904,3925.0598,4387.4946,0.0,0.0765,3.9732,0.0,0.0,1.0,0.0,1.0,0.0,0.0,1.172,-23.972,0.0,1.0,0.0,0.0,0.0,-1.0,3.7624486707462204,0.009433981132056603,-0.3734,4.902270909693842,13.168098919308166,,
36.213,74.68,2.851,2.455,70.733,2.389,2.386,-0.001,-0.005,0.008,-0.001,-0.005,0.008,-25.303,-1.474,-7.674,-0.0,0.0,-0.0,-0.0,0.0,-0.0,858.33,-0.0,0.0,-0.0,0.0,0.0,0.0,0.0,0.0,-0.3193,0.8865,-0.335,0.9463,0.2796,-0.1622,-0.0501,-0.3688,-0.9282,0.676,0.226,-0.7014,-0.7316,0.0917,-0.6755,-0.0884,0.9698,0.2273,-0.0,0.0,-0.0,0.0,0.0,0.0,0.0016,-0.0091,-0.0004,37.6191,23.2766,67.2456,0.0,0.0434,-0.3683,0.0,0.0,0.0,2509634.912,2978537.7348,-5498670.5393,4944.9068,3924.2375,4388.996,2509597.293,2978514.4581,-5498737.7849,4944.9052,3924.2465,4388.9964,0.0,0.0765,3.9732,0.0,0.0,1.0,0.0,1.0,0.0,0.0,1.172,-23.972,0.0,1.0,0.0,0.0,0.0,-1.0,3.762343152876941,0.009433981132056603,-0.3734,4.904140639801346,13.168098919308166,,
36.4132,74.68,2.85,2.457,70.733,2.388,2.387,-0.001,-0.005,0.008,-0.001,-0.005,0.008,-25.303,-1.474,-7.674,-0.0,0.0,-0.0,-0.0,0.0,-0.0,858.33,-0.0,0.0,-0.0,0.0,0.0,0.0,0.0,0.0,-0.3193,0.8865,-0.335,0.9463,0.2796,-0.1622,-0.0501,-0.3688,-0.9282,0.676,0.226,-0.7014,-0.7316,0.0917,-0.6755,-0.0884,0.9698,0.2273,-0.0,0.0,-0.0,0.0,0.0,0.0,0.0016,-0.0091,-0.0004,37.6194,23.2748,67.2455,0.0,0.0434,-0.3683,0.0,0.0,0.0,2510627.8099,2979325.6646,-5497789.0602,4944.2501,3923.4581,4390.4344,2510590.1906,2979302.3898,-5497856.3058,4944.2485,3923.4672,4390.4348,0.0,0.0765,3.9732,0.0,0.0,1.0,0.0,1.0,0.0,0.0,1.172,-23.972,0.0,1.0,0.0,0.0,0.0,-1.0,3.7628910428020634,0.009433981132056603,-0.3734,4.902551372926307,13.168098919308166,,
36.6216,74.679,2.849,2.458,70.733,2.387,2.389,-0.001,-0.005,0.008,-0.001,-0.005,0.008,-25.303,-1.474,-7.674,-0.0,0.0,-0.0,-0.0,0.0,-0.0,858.33,-0.0,0.0,-0.0,0.0,0.0,0.0,0.0,0.0,-0.3193,0.8865,-0.335,0.9463,0.2796,-0.1622,-0.0501,-0.3688,-0.9282,0.676,0.226,-0.7014,-0.7316,0.0917,-0.6755,-0.0884,0.9698,0.2273,-0.0,0.0,-0.0,0.0,0.0,0.0,0.0015,-0.0091,-0.0004,37.6197,23.2729,67.2455,0.0,0.0434,-0.3683,0.0,0.0,0.0,2511660.3791,2980145.0208,-5496871.9331,4943.5668,3922.6474,4391.9302,2511622.7594,2980121.7479,-5496939.1786,4943.5653,3922.6565,4391.9306,0.0,0.0765,3.9732,0.0,0.0,1.0,0.0,1.0,0.0,0.0,1.172,-23.972,0.0,1.0,0.0,0.0,0.0,-1.0,3.762786866140574,0.009433981132056603,-0.37339500000000003,4.907664392115191,13.167922592327455,,
36.8316,74.679,2.848,2.46,70.733,2.386,2.39,-0.001,-0.005,0.008,-0.001,-0.005,0.008,-25.303,-1.474,-7.674,-0.0,0.0,-0.0,-0.0,0.0,-0.0,858.33,-0.0,0.0,-0.0,0.0,0.0,0.0,0.0,0.0,-0.3193,0.8865,-0.335,0.9463,0.2796,-0.1622,-0.0501,-0.3688,-0.9282,0.676,0.226,-0.7014,-0.7316,0.0917,-0.6755,-0.0884,0.9698,0.2273,-0.0,0.0,-0.0,0.0,0.0,0.0,0.0015,-0.0091,-0.0004,37.62,23.271,67.2454,0.0,0.0434,-0.3683,0.0,0.0,0.0,2512690.9543,2980962.739,-5495956.1383,4942.8845,3921.8378,4393.4231,2512653.3343,2980939.468,-5496023.3836,4942.883,3921.8469,4393.4235,0.0,0.0765,3.9732,0.0,0.0,1.0,0.0,1.0,0.0,0.0,1.172,-23.972,0.0,1.0,0.0,0.0,0.0,-1.0,3.7633368172407846,0.009433981132056603,-0.37339500000000003,4.9060703831081955,13.167922592327455,,
37.0392,74.679,2.847,2.462,70.733,2.385,2.392,-0.001,-0.005,0.008,-0.001,-0.005,0.008,-25.303,-1.474,-7.674,-0.0,0.0,-0.0,-0.0,0.0,-0.0,858.33,-0.0,0.0,-0.0,0.0,0.0,0.0,0.0,0.0,-0.3193,0.8865,-0.335,0.9463,0.2796,-0.1622,-0.0501,-0.3688,-0.9282,0.676,0.226,-0.7014,-0.7316,0.0917,-0.6755,-0.0884,0.9698,0.2273,-0.0,0.0,-0.0,0.0,0.0,0.0,0.0015,-0.0092,-0.0004,37.6204,23.2691,67.2453,0.0,0.0434,-0.3683,0.0,0.0,0.0,2513715.3095,2981775.4667,-5495045.4355,4942.2059,3921.0328,4394.9069,2513677.6892,2981752.1976,-5495112.6808,4942.2044,3921.042,4394.9073,0.0,0.0765,3.9732,0.0,0.0,1.0,0.0,1.0,0.0,0.0,1.172,-23.972,0.0,1.0,0.0,0.0,0.0,-1.0,3.7638880164000628,0.009433981132056603,-0.37339500000000003,4.907091063769789,13.167922592327455,,
37.2452,74.679,2.845,2.463,70.732,2.384,2.394,-0.001,-0.005,0.008,-0.001,-0.005,0.008,-25.303,-1.474,-7.674,-0.0,0.0,-0.0,-0.0,0.0,-0.0,858.33,-0.0,0.0,-0.0,0.0,0.0,0.0,0.0,0.0,-0.3193,0.8865,-0.335,0.9463,0.2796,-0.1622,-0.0501,-0.3688,-0.9282,0.676,0.226,-0.7014,-0.7316,0.0917,-0.6755,-0.0884,0.9698,0.2273,-0.0,0.0,-0.0,0.0,0.0,0.0,0.0015,-0.0092,-0.0004,37.6206,23.2672,67.2452,0.0,0.0434,-0.3683,0.0,0.0,0.0,2514731.3128,2982581.5132,-5494141.7312,4941.5325,3920.2341,4396.3786,2514693.6922,2982558.246,-5494208.9764,4941.531,3920.2432,4396.379,0.0,0.0765,3.9732,0.0,0.0,1.0,0.0,1.0,0.0,0.0,1.172,-23.972,0.0,1.0,0.0,0.0,0.0,-1.0,3.763029896240528,0.009433981132056603,-0.37339500000000003,4.894875793575367,13.167922592327455,,
37.4514,74.679,2.844,2.465,70.732,2.383,2.395,-0.001,-0.005,0.008,-0.001,-0.005,0.008,-25.303,-1.474,-7.674,-0.0,0.0,-0.0,-0.0,0.0,-0.0,858.33,-0.0,0.0,-0.0,0.0,0.0,0.0,0.0,0.0,-0.3193,0.8865,-0.335,0.9463,0.2796,-0.1622,-0.0501,-0.3688,-0.9282,0.676,0.226,-0.7014,-0.7316,0.0917,-0.6755,-0.0884,0.9698,0.2273,-0.0,0.0,-0.0,0.0,0.0,0.0,0.0015,-0.0092,-0.0004,37.6209,23.2653,67.2451,0.0,0.0434,-0.3683,0.0,0.0,0.0,2515758.1815,2983396.1245,-5493227.9306,4940.8515,3919.4264,4397.866,2515720.5606,2983372.8592,-5493295.1757,4940.85,3919.4356,4397.8664,0.0,0.0765,3.9732,0.0,0.0,1.0,0.0,1.0,0.0,0.0,1.172,-23.972,0.0,1.0,0.0,0.0,0.0,-1.0,3.763583531688914,0.009433981132056603,-0.37339500000000003,4.8932646499116865,13.167922592327455,,
37.6601,74.678,2.843,2.466,70.732,2.381,2.397,-0.001,-0.005,0.008,-0.001,-0.005,0.008,-25.303,-1.474,-7.674,-0.0,0.0,-0.0,-0.0,0.0,-0.0,858.33,-0.0,0.0,-0.0,0.0,0.0,0.0,0.0,0.0,-0.3193,0.8865,-0.335,0.9463,0.2796,-0.1622,-0.0501,-0.3688,-0.9282,0.676,0.226,-0.7014,-0.7316,0.0917,-0.6755,-0.0884,0.9698,0.2273,-0.0,0.0,-0.0,0.0,0.0,0.0,0.0014,-0.0092,-0.0004,37.6212,23.2634,67.245,0.0,0.0434,-0.3683,0.0,0.0,0.0,2516789.0639,2984213.8639,-5492310.1202,4940.1675,3918.6153,4399.3592,2516751.4427,2984190.6005,-5492377.3653,4940.166,3918.6245,4399.3596,0.0,0.0765,3.9732,0.0,0.0,1.0,0.0,1.0,0.0,0.0,1.172,-23.972,0.0,1.0,0.0,0.0,0.0,-1.0,3.763483094156263,0.009433981132056603,-0.37339,4.91326374919235,13.167746265346747,,
37.8674,74.678,2.842,2.468,70.732,2.38,2.398,-0.001,-0.005,0.008,-0.001,-0.005,0.008,-25.303,-1.474,-7.674,-0.0,0.0,-0.0,-0.0,0.0,-0.0,858.33,-0.0,0.0,-0.0,0.0,0.0,0.0,0.0,0.0,-0.3193,0.8865,-0.335,0.9463,0.2796,-0.1622,-0.0501,-0.3688,-0.9282,0.676,0.226,-0.7014,-0.7316,0.0917,-0.6755,-0.0884,0.9698,0.2273,-0.0,0.0,-0.0,0.0,0.0,0.0,0.0014,-0.0092,-0.0004,37.6216,23.2615,67.2449,0.0,0.0434,-0.3683,0.0,0.0,0.0,2517818.9041,2985030.7209,-5491392.798,4939.4837,3917.8047,4400.8508,2517781.2825,2985007.4595,-5491460.0429,4939.4823,3917.8139,4400.8512,0.0,0.0765,3.9732,0.0,0.0,1.0,0.0,1.0,0.0,0.0,1.172,-23.972,0.0,1.0,0.0,0.0,0.0,-1.0,3.7640387883229898,0.009433981132056603,-0.37339,4.911655025237637,13.167746265346747,,
38.0744,74.678,2.841,2.47,70.732,2.379,2.4,-0.001,-0.005,0.008,-0.001,-0.005,0.008,-25.303,-1.474,-7.674,-0.0,0.0,-0.0,-0.0,0.0,-0.0,858.33,-0.0,0.0,-0.0,0.0,0.0,0.0,0.0,0.0,-0.3193,0.8865,-0.335,0.9463,0.2796,-0.1622,-0.0501,-0.3688,-0.9282,0.676,0.226,-0.7014,-0.7316,0.0917,-0.6755,-0.0884,0.9698,0.2273,-0.0,0.0,-0.0,0.0,0.0,0.0,0.0014,-0.0092,-0.0004,37.6218,23.2596,67.2449,0.0,0.0434,-0.3683,0.0,0.0,0.0,2518829.532,2985832.2843,-5490492.1653,4938.8124,3917.0088,4402.3145,2518791.9101,2985809.0247,-5490559.4101,4938.811,3917.0181,4402.3149,0.0,0.0765,3.9732,0.0,0.0,1.0,0.0,1.0,0.0,0.0,1.172,-23.972,0.0,1.0,0.0,0.0,0.0,-1.0,3.764595728627445,0.009433981132056603,-0.37339,4.912677220389473,13.167746265346747,,
38.2822,74.678,2.84,2.471,70.731,2.378,2.402,-0.001,-0.005,0.008,-0.001,-0.005,0.008,-25.303,-1.474,-7.674,-0.0,0.0,-0.0,-0.0,0.0,-0.0,858.33,-0.0,0.0,-0.0,0.0,0.0,0.0,0.0,0.0,-0.3193,0.8865,-0.335,0.9463,0.2796,-0.1622,-0.0501,-0.3688,-0.9282,0.676,0.226,-0.7014,-0.7316,0.0917,-0.6755,-0.0884,0.9698,0.2273,-0.0,0.0,-0.0,0.0,0.0,0.0,0.0014,-0.0093,-0.0004,37.6221,23.2577,67.2448,0.0,0.0434,-0.3683,0.0,0.0,0.0,2519856.5052,2986646.7566,-5489576.5326,4938.1299,3916.1998,4403.8019,2519818.8831,2986623.499,-5489643.7773,4938.1285,3916.209,4403.8023,0.0,0.0765,3.9732,0.0,0.0,1.0,0.0,1.0,0.0,0.0,1.172,-23.972,0.0,1.0,0.0,0.0,0.0,-1.0,3.764497443218683,0.009433981132056603,-0.37339,4.914582586482364,13.167746265346747,,
38.4902,74.678,2.839,2.473,70.731,2.377,2.403,-0.001,-0.005,0.008,-0.001,-0.005,0.008,-25.303,-1.474,-7.674,-0.0,0.0,-0.0,-0.0,0.0,-0.0,858.33,-0.0,0.0,-0.0,0.0,0.0,0.0,0.0,0.0,-0.3193,0.8865,-0.335,0.9463,0.2796,-0.1622,-0.0501,-0.3688,-0.9282,0.676,0.226,-0.7014,-0.7316,0.0917,-0.6755,-0.0884,0.9698,0.2273,-0.0,0.0,-0.0,0.0,0.0,0.0,0.0014,-0.0093,-0.0004,37.6224,23.2557,67.2447,0.0,0.0434,-0.3683,0.0,0.0,0.0,2520882.8048,2987460.6386,-5488661.0675,4937.4474,3915.3909,4405.2883,2520845.1824,2987437.3829,-5488728.3122,4937.446,3915.4002,4405.2887,0.0,0.0765,3.9732,0.0,0.0,1.0,0.0,1.0,0.0,0.0,1.172,-23.972,0.0,1.0,0.0,0.0,0.0,-1.0,3.7650564404800093,0.009433981132056603,-0.37339,4.912963535980098,13.167746265346747,,
38.6968,74.677,2.838,2.474,70.731,2.376,2.405,-0.001,-0.005,0.008,-0.001,-0.005,0.008,-25.303,-1.474,-7.674,-0.0,0.0,-0.0,-0.0,0.0,-0.0,858.33,-0.0,0.0,-0.0,0.0,0.0,0.0,0.0,0.0,-0.3193,0.8865,-0.335,0.9463,0.2796,-0.1622,-0.0501,-0.3688,-0.9282,0.676,0.226,-0.7014,-0.7316,0.0917,-0.6755,-0.0884,0.9698,0.2273,-0.0,0.0,-0.0,0.0,0.0,0.0,0.0013,-0.0093,-0.0004,37.6227,23.2538,67.2446,0.0,0.0434,-0.3683,0.0,0.0,0.0,2521908.0408,2988273.6224,-5487746.1121,4936.7653,3914.5826,4406.773,2521870.4182,2988250.3686,-5487813.3567,4936.7639,3914.5919,4406.7734,0.0,0.0765,3.9732,0.0,0.0,1.0,0.0,1.0,0.0,0.0,1.172,-23.972,0.0,1.0,0.0,0.0,0.0,-1.0,3.764959495134045,0.009433981132056603,-0.373385,4.9181096008849225,13.16756993836604,,
38.8982,74.677,2.837,2.476,70.731,2.375,2.406,-0.001,-0.005,0.008,-0.001,-0.005,0.008,-25.303,-1.474,-7.674,-0.0,0.0,-0.0,-0.0,0.0,-0.0,858.33,-0.0,0.0,-0.0,0.0,0.0,0.0,0.0,0.0,-0.3193,0.8865,-0.335,0.9463,0.2796,-0.1622,-0.0501,-0.3688,-0.9282,0.676,0.226,-0.7014,-0.7316,0.0917,-0.6755,-0.0884,0.9698,0.2273,-0.0,0.0,-0.0,0.0,0.0,0.0,0.0013,-0.0093,-0.0004,37.623,23.2519,67.2445,0.0,0.0434,-0.3683,0.0,0.0,0.0,2522898.8114,2989059.2227,-5486861.5055,4936.1057,3913.8011,4408.2079,2522861.1885,2989035.9707,-5486928.75,4936.1044,3913.8104,4408.2083,0.0,0.0765,3.9732,0.0,0.0,1.0,0.0,1.0,0.0,0.0,1.172,-23.972,0.0,1.0,0.0,0.0,0.0,-1.0,3.7655205483438805,0.009433981132056603,-0.373385,4.91648583137374,13.16756993836604,,
39.1034,74.677,2.836,2.478,70.731,2.374,2.408,-0.001,-0.005,0.008,-0.001,-0.005,0.008,-25.303,-1.474,-7.674,-0.0,0.0,-0.0,-0.0,0.0,-0.0,858.33,-0.0,0.0,-0.0,0.0,0.0,0.0,0.0,0.0,-0.3193,0.8865,-0.335,0.9463,0.2796,-0.1622,-0.0501,-0.3688,-0.9282,0.676,0.226,-0.7014,-0.7316,0.0917,-0.6755,-0.0884,0.9698,0.2273,-0.0,0.0,-0.0,0.0,0.0,0.0,0.0013,-0.0093,-0.0004,37.6232,23.25,67.2444,0.0,0.0434,-0.3683,0.0,0.0,0.0,2523920.1527,2989869.0089,-5485949.1775,4935.4254,3912.9952,4409.6869,2523882.5295,2989845.7588,-5486016.4219,4935.4241,3913.0045,4409.6873,0.0,0.0765,3.9732,0.0,0.0,1.0,0.0,1.0,0.0,0.0,1.172,-23.972,0.0,1.0,0.0,0.0,0.0,-1.0,3.766082845610277,0.009433981132056603,-0.373385,4.9175095732694905,13.16756993836604,,
39.3123,74.677,2.835,2.479,70.731,2.373,2.41,-0.001,-0.005,0.008,-0.001,-0.005,0.008,-25.303,-1.474,-7.674,-0.0,0.0,-0.0,-0.0,0.0,-0.0,858.33,-0.0,0.0,-0.0,0.0,0.0,0.0,0.0,0.0,-0.3193,0.8865,-0.335,0.9463,0.2796,-0.1622,-0.0501,-0.3688,-0.9282,0.676,0.226,-0.7014,-0.7316,0.0917,-0.6755,-0.0884,0.9698,0.2273,-0.0,0.0,-0.0,0.0,0.0,0.0,0.0013,-0.0093,-0.0004,37.6235,23.2481,67.2444,0.0,0.0434,-0.3683,0.0,0.0,0.0,2524939.141,2990676.8748,-5485038.5186,4934.7464,3912.1908,4411.1625,2524901.5175,2990653.6267,-5485105.7629,4934.7451,3912.2002,4411.1629,0.0,0.0765,3.9732,0.0,0.0,1.0,0.0,1.0,0.0,0.0,1.172,-23.972,0.0,1.0,0.0,0.0,0.0,-1.0,3.7659880509635184,0.009433981132056603,-0.373385,4.9210588983577175,13.16756993836604,,
39.5169,74.677,2.834,2.481,70.73,2.372,2.411,-0.001,-0.005,0.008,-0.001,-0.005,0.008,-25.303,-1.474,-7.674,-0.0,0.0,-0.0,-0.0,0.0,-0.0,858.33,-0.0,0.0,-0.0,0.0,0.0,0.0,0.0,0.0,-0.3193,0.8865,-0.335,0.9463,0.2796,-0.1622,-0.0501,-0.3688,-0.9282,0.676,0.226,-0.7014,-0.7316,0.0917,-0.6755,-0.0884,0.9698,0.2273,-0.0,0.0,-0.0,0.0,0.0,0.0,0.0013,-0.0094,-0.0004,37.6237,23.2461,67.2443,0.0,0.0434,-0.3683,0.0,0.0,0.0,2525959.0031,2991485.378,-5484126.6511,4934.0663,3911.3854,4412.6393,2525921.3794,2991462.1319,-5484193.8954,4934.0651,3911.3948,4412.6397,0.0,0.0765,3.9732,0.0,0.0,1.0,0.0,1.0,0.0,0.0,1.172,-23.972,0.0,1.0,0.0,0.0,0.0,-1.0,3.7665524023966532,0.009433981132056603,-0.373385,4.917798835012551,13.16756993836604,,
39.7235,74.677,2.833,2.482,70.73,2.371,2.413,-0.001,-0.005,0.008,-0.001,-0.005,0.008,-25.303,-1.474,-7.674,-0.0,0.0,-0.0,-0.0,0.0,-0.0,858.33,-0.0,0.0,-0.0,0.0,0.0,0.0,0.0,0.0,-0.3193,0.8865,-0.335,0.9463,0.2796,-0.1622,-0.0501,-0.3688,-0.9282,0.676,0.226,-0.7014,-0.7316,0.0917,-0.6755,-0.0884,0.9698,0.2273,-0.0,0.0,-0.0,0.0,0.0,0.0,0.0012,-0.0094,-0.0004,37.624,23.2442,67.2442,0.0,0.0434,-0.3683,0.0,0.0,0.0,2526971.0336,2992287.6186,-5483221.3581,4933.3912,3910.5859,4414.1048,2526933.4096,2992264.3744,-5483288.6023,4933.3899,3910.5952,4414.1052,0.0,0.0765,3.9732,0.0,0.0,1.0,0.0,1.0,0.0,0.0,1.172,-23.972,0.0,1.0,0.0,0.0,0.0,-1.0,3.7664589470748253,0.009433981132056603,-0.373385,4.921355711695571,13.16756993836604,,
39.9269,74.676,2.831,2.484,70.73,2.37,2.414,-0.001,-0.005,0.008,-0.001,-0.005,0.008,-25.303,-1.474,-7.674,-0.0,0.0,-0.0,-0.0,0.0,-0.0,858.33,-0.0,0.0,-0.0,0.0,0.0,0.0,0.0,0.0,-0.3193,0.8865,-0.335,0.9463,0.2796,-0.1622,-0.0501,-0.3688,-0.9282,0.676,0.226,-0.7014,-0.7316,0.0917,-0.6755,-0.0884,0.9698,0.2273,-0.0,0.0,-0.0,0.0,0.0,0.0,0.0012,-0.0094,-0.0004,37.6242,23.2423,67.2441,0.0,0.0434,-0.3683,0.0,0.0,0.0,2527976.838,2993084.87,-5482321.2135,4932.7198,3909.7909,4415.5612,2527939.2138,2993061.6277,-5482388.4576,4932.7186,3909.8003,4415.5616,0.0,0.0765,3.9732,0.0,0.0,1.0,0.0,1.0,0.0,0.0,1.172,-23.972,0.0,1.0,0.0,0.0,0.0,-1.0,3.766273622561165,0.009433981132056603,-0.37338,4.907215595161582,13.16739361138533,,
40.1333,74.676,2.83,2.486,70.73,2.368,2.416,-0.001,-0.005,0.008,-0.001,-0.005,0.008,-25.303,-1.474,-7.674,-0.0,0.0,-0.0,-0.0,0.0,-0.0,858.33,-0.0,0.0,-0.0,0.0,0.0,0.0,0.0,0.0,-0.3193,0.8865,-0.335,0.9463,0.2796,-0.1622,-0.0501,-0.3688,-0.9282,0.676,0.226,-0.7014,-0.7316,0.0917,-0.6755,-0.0884,0.9698,0.2273,-0.0,0.0,-0.0,0.0,0.0,0.0,0.0012,-0.0094,-0.0004,37.6245,23.2404,67.244,0.0,0.0434,-0.3683,0.0,0.0,0.0,2529002.0014,2993897.4108,-5481403.3143,4932.0351,3908.9803,4417.0456,2528964.3769,2993874.1704,-5481470.5583,4932.0339,3908.9897,4417.046,0.0,0.0765,3.9732,0.0,0.0,1.0,0.0,1.0,0.0,0.0,1.172,-23.972,0.0,1.0,0.0,0.0,0.0,-1.0,3.766841647853013,0.009433981132056603,-0.37338,4.923107629367772,13.16739361138533,,
40.3421,74.676,2.829,2.487,70.73,2.367,2.418,-0.001,-0.005,0.008,-0.001,-0.005,0.008,-25.303,-1.474,-7.674,-0.0,0.0,-0.0,-0.0,0.0,-0.0,858.33,-0.0,0.0,-0.0,0.0,0.0,0.0,0.0,0.0,-0.3193,0.8865,-0.335,0.9463,0.2796,-0.1622,-0.0501,-0.3688,-0.9282,0.676,0.226,-0.7014,-0.7316,0.0917,-0.6755,-0.0884,0.9698,0.2273,-0.0,0.0,-0.0,0.0,0.0,0.0,0.0012,-0.0094,-0.0004,37.6248,23.2384,67.244,0.0,0.0434,-0.3683,0.0,0.0,0.0,2530024.5528,2994707.8263,-5480487.3171,4931.3518,3908.1715,4418.5261,2529986.928,2994684.5879,-5480554.5611,4931.3506,3908.1809,4418.5265,0.0,0.0765,3.9732,0.0,0.0,1.0,0.0,1.0,0.0,0.0,1.172,-23.972,0.0,1.0,0.0,0.0,0.0,-1.0,3.766750589035595,0.009433981132056603,-0.37338,4.926673772004313,13.16739361138533,,
40.5455,74.676,2.828,2.489,70.729,2.366,2.419,-0.001,-0.005,0.008,-0.001,-0.005,0.008,-25.303,-1.474,-7.674,-0.0,0.0,-0.0,-0.0,0.0,-0.0,858.33,-0.0,0.0,-0.0,0.0,0.0,0.0,0.0,0.0,-0.3193,0.8865,-0.335,0.9463,0.2796,-0.1622,-0.0501,-0.3688,-0.9282,0.676,0.226,-0.7014,-0.7316,0.0917,-0.6755,-0.0884,0.9698,0.2273,-0.0,0.0,-0.0,0.0,0.0,0.0,0.0012,-0.0094,-0.0004,37.625,23.2365,67.2439,0.0,0.0434,-0.3683,0.0,0.0,0.0,2531029.5484,2995504.2736,-5479586.6257,4930.6799,3907.3762,4419.9812,2530991.9234,2995481.0371,-5479653.8696,4930.6787,3907.3856,4419.9816,0.0,0.0765,3.9732,0.0,0.0,1.0,0.0,1.0,0.0,0.0,1.172,-23.972,0.0,1.0,0.0,0.0,0.0,-1.0,3.7673206659375307,0.009433981132056603,-0.37338,4.923399772855461,13.16739361138533,,
40.7527,74.676,2.827,2.49,70.729,2.365,2.421,-0.001,-0.006,0.008,-0.001,-0.006,0.008,-25.303,-1.474,-7.674,-0.0,0.0,-0.0,-0.0,0.0,-0.0,858.33,-0.0,0.0,-0.0,0.0,0.0,0.0,0.0,0.0,-0.3193,0.8865,-0.335,0.9463,0.2796,-0.1622,-0.0501,-0.3688,-0.9282,0.676,0.226,-0.7014,-0.7316,0.0917,-0.6755,-0.0884,0.9698,0.2273,-0.0,0.0,-0.0,0.0,0.0,0.0,0.0011,-0.0095,-0.0004,37.6252,23.2345,67.2438,0.0,0.0434,-0.3683,0.0,0.0,0.0,2532045.0931,2996309.027,-5478676.051,4930.0006,3906.5722,4421.4516,2532007.4679,2996285.7925,-5478743.2948,4929.9994,3906.5817,4421.4519,0.0,0.0765,3.9732,0.0,0.0,1.0,0.0,1.0,0.0,0.0,1.172,-23.972,0.0,1.0,0.0,0.0,0.0,-1.0,3.767230945933631,0.01,-0.37338,4.926973451258031,13.16739361138533,,
40.9588,74.675,2.826,2.492,70.729,2.364,2.422,-0.001,-0.006,0.008,-0.001,-0.006,0.008,-25.303,-1.474,-7.674,-0.0,0.0,-0.0,-0.0,0.0,-0.0,858.33,-0.0,0.0,-0.0,0.0,0.0,0.0,0.0,0.0,-0.3193,0.8865,-0.335,0.9463,0.2796,-0.1622,-0.0501,-0.3688,-0.9282,0.676,0.226,-0.7014,-0.7316,0.0917,-0.6755,-0.0884,0.9698,0.2273,-0.0,0.0,-0.0,0.0,0.0,0.0,0.0011,-0.0095,-0.0004,37.6255,23.2326,67.2437,0.0,0.0434,-0.3683,0.0,0.0,0.0,2533061.8916,2997114.7191,-5477763.9237,4929.32,3905.767,4422.9237,2533024.2661,2997091.4865,-5477831.1674,4929.3189,3905.7764,4422.9241,0.0,0.0765,3.9732,0.0,0.0,1.0,0.0,1.0,0.0,0.0,1.172,-23.972,0.0,1.0,0.0,0.0,0.0,-1.0,3.767803073410286,0.01,-0.373375,4.926925322937263,13.167217284404622,,
41.1599,74.675,2.825,2.493,70.729,2.363,2.424,-0.001,-0.006,0.008,-0.001,-0.006,0.008,-25.303,-1.474,-7.674,-0.0,0.0,-0.0,-0.0,0.0,-0.0,858.33,-0.0,0.0,-0.0,0.0,0.0,0.0,0.0,0.0,-0.3193,0.8865,-0.335,0.9463,0.2796,-0.1622,-0.0501,-0.3688,-0.9282,0.676,0.226,-0.7014,-0.7316,0.0917,-0.6755,-0.0884,0.9698,0.2273,-0.0,0.0,-0.0,0.0,0.0,0.0,0.0011,-0.0095,-0.0004,37.6257,23.2307,67.2437,0.0,0.0434,-0.3683,0.0,0.0,0.0,2534054.7612,2997901.3972,-5476872.8484,4928.6551,3904.9803,4424.3611,2534017.1355,2997878.1666,-5476940.092,4928.654,3904.9898,4424.3615,0.0,0.0765,3.9732,0.0,0.0,1.0,0.0,1.0,0.0,0.0,1.172,-23.972,0.0,1.0,0.0,0.0,0.0,-1.0,3.767714691958509,0.01,-0.373375,4.930504289475691,13.167217284404622,,
41.3642,74.675,2.824,2.495,70.729,2.362,2.425,-0.001,-0.006,0.008,-0.001,-0.006,0.008,-25.303,-1.474,-7.674,-0.0,0.0,-0.0,-0.0,0.0,-0.0,858.33,-0.0,0.0,-0.0,0.0,0.0,0.0,0.0,0.0,-0.3193,0.8865,-0.335,0.9463,0.2796,-0.1622,-0.0501,-0.3688,-0.9282,0.676,0.226,-0.7014,-0.7316,0.0917,-0.6755,-0.0884,0.9698,0.2273,-0.0,0.0,-0.0,0.0,0.0,0.0,0.0011,-0.0095,-0.0004,37.6259,23.2287,67.2436,0.0,0.0434,-0.3683,0.0,0.0,0.0,2535052.4602,2998691.8488,-5475977.0275,4927.9866,3904.1895,4425.8055,2535014.8343,2998668.6201,-5476044.2711,4927.9856,3904.1991,4425.8059,0.0,0.0765,3.9732,0.0,0.0,1.0,0.0,1.0,0.0,0.0,1.172,-23.972,0.0,1.0,0.0,0.0,0.0,-1.0,3.768288868969575,0.01,-0.373375,4.9288453534249115,13.167217284404622,,
41.565,74.675,2.822,2.497,70.728,2.36,2.427,-0.001,-0.006,0.008,-0.001,-0.006,0.008,-25.303,-1.474,-7.674,-0.0,0.0,-0.0,-0.0,0.0,-0.0,858.33,-0.0,0.0,-0.0,0.0,0.0,0.0,0.0,0.0,-0.3193,0.8865,-0.335,0.9463,0.2796,-0.1622,-0.0501,-0.3688,-0.9282,0.676,0.226,-0.7014,-0.7316,0.0917,-0.6755,-0.0884,0.9698,0.2273,-0.0,0.0,-0.0,0.0,0.0,0.0,0.0011,-0.0095,-0.0004,37.6261,23.2268,67.2435,0.0,0.0434,-0.3683,0.0,0.0,0.0,2536052.5224,2999484.1201,-5475078.6664,4927.3162,3903.3966,4427.2532,2536014.8963,2999460.8933,-5475145.9099,4927.3152,3903.4061,4427.2536,0.0,0.0765,3.9732,0.0,0.0,1.0,0.0,1.0,0.0,0.0,1.172,-23.972,0.0,1.0,0.0,0.0,0.0,-1.0,3.7681153113990553,0.01,-0.373375,4.929006560572189,13.167217284404622,,
41.7692,74.675,2.821,2.498,70.728,2.359,2.429,-0.001,-0.006,0.008,-0.001,-0.006,0.008,-25.303,-1.474,-7.674,-0.0,0.0,-0.0,-0.0,0.0,-0.0,858.33,-0.0,0.0,-0.0,0.0,0.0,0.0,0.0,0.0,-0.3193,0.8865,-0.335,0.9463,0.2796,-0.1622,-0.0501,-0.3688,-0.9282,0.676,0.226,-0.7014,-0.7316,0.0917,-0.6755,-0.0884,0.9698,0.2273,-0.0,0.0,-0.0,0.0,0.0,0.0,0.001,-0.0095,-0.0004,37.6263,23.2249,67.2434,0.0,0.0434,-0.3683,0.0,0.0,0.0,2537052.3046,3000276.1161,-5474180.1429,4926.6456,3902.6035,4428.7005,2537014.6783,3000252.8912,-5474247.3864,4926.6446,3902.613,4428.7009,0.0,0.0765,3.9732,0.0,0.0,1.0,0.0,1.0,0.0,0.0,1.172,-23.972,0.0,1.0,0.0,0.0,0.0,-1.0,3.7680293257882163,0.01,-0.373375,4.932596998828306,13.167217284404622,,
41.9737,74.674,2.82,2.5,70.728,2.358,2.43,-0.001,-0.006,0.008,-0.001,-0.006,0.008,-25.303,-1.474,-7.674,-0.0,0.0,-0.0,-0.0,0.0,-0.0,858.33,-0.0,0.0,-0.0,0.0,0.0,0.0,0.0,0.0,-0.3193,0.8865,-0.335,0.9463,0.2796,-0.1622,-0.0501,-0.3688,-0.9282,0.676,0.226,-0.7014,-0.7316,0.0917,-0.6755,-0.0884,0.9698,0.2273,-0.0,0.0,-0.0,0.0,0.0,0.0,0.001,-0.0096,-0.0004,37.6266,23.2229,67.2434,0.0,0.0434,-0.3683,0.0,0.0,0.0,2538061.2047,3001075.2815,-5473273.0016,4925.9686,3901.8029,4430.161,2538023.5782,3001052.0585,-5473340.2449,4925.9676,3901.8124,4430.1614,0.0,0.0765,3.9732,0.0,0.0,1.0,0.0,1.0,0.0,0.0,1.172,-23.972,0.0,1.0,0.0,0.0,0.0,-1.0,3.7686071697644477,0.01,-0.37337000000000004,4.932533707083466,13.167040957423914,,
42.1775,74.674,2.819,2.501,70.728,2.357,2.432,-0.001,-0.006,0.008,-0.001,-0.006,0.008,-25.303,-1.474,-7.674,-0.0,0.0,-0.0,-0.0,0.0,-0.0,858.33,-0.0,0.0,-0.0,0.0,0.0,0.0,0.0,0.0,-0.3193,0.8865,-0.335,0.9463,0.2796,-0.1622,-0.0501,-0.3688,-0.9282,0.676,0.226,-0.7014,-0.7316,0.0917,-0.6755,-0.0884,0.9698,0.2273,-0.0,0.0,-0.0,0.0,0.0,0.0,0.001,-0.0096,-0.0004,37.6268,23.221,67.2433,0.0,0.0434,-0.3683,0.0,0.0,0.0,2539064.7814,3001870.1762,-5472370.2266,4925.2947,3901.0061,4431.6137,2539027.1547,3001846.9553,-5472437.4699,4925.2937,3901.0157,4431.6141,0.0,0.0765,3.9732,0.0,0.0,1.0,0.0,1.0,0.0,0.0,1.172,-23.972,0.0,1.0,0.0,0.0,0.0,-1.0,3.7685225221563954,0.01,-0.37337000000000004,4.936129418980571,13.167040957423914,,
42.3832,74.674,2.818,2.503,70.728,2.356,2.433,-0.001,-0.006,0.008,-0.001,-0.006,0.008,-25.303,-1.474,-7.674,-0.0,0.0,-0.0,-0.0,0.0,-0.0,858.33,-0.0,0.0,-0.0,0.0,0.0,0.0,0.0,0.0,-0.3193,0.8865,-0.335,0.9463,0.2796,-0.1622,-0.0501,-0.3688,-0.9282,0.676,0.226,-0.7014,-0.7316,0.0917,-0.6755,-0.0884,0.9698,0.2273,-0.0,0.0,-0.0,0.0,0.0,0.0,0.001,-0.0096,-0.0004,37.627,23.219,67.2432,0.0,0.0434,-0.3683,0.0,0.0,0.0,2540084.2472,3002677.6015,-5471452.7278,4924.6099,3900.1965,4433.0894,2540046.6202,3002654.3825,-5471519.971,4924.6089,3900.2061,4433.0898,0.0,0.0765,3.9732,0.0,0.0,1.0,0.0,1.0,0.0,0.0,1.172,-23.972,0.0,1.0,0.0,0.0,0.0,-1.0,3.769102413042129,0.01,-0.37337000000000004,4.93445591635413,13.167040957423914,,
42.5839,74.674,2.817,2.504,70.727,2.355,2.435,-0.001,-0.006,0.008,-0.001,-0.006,0.008,-25.303,-1.474,-7.674,-0.0,0.0,-0.0,-0.0,0.0,-0.0,858.33,-0.0,0.0,-0.0,0.0,0.0,0.0,0.0,0.0,-0.3193,0.8865,-0.335,0.9463,0.2796,-0.1622,-0.0501,-0.3688,-0.9282,0.676,0.226,-0.7014,-0.7316,0.0917,-0.6755,-0.0884,0.9698,0.2273,-0.0,0.0,-0.0,0.0,0.0,0.0,0.001,-0.0096,-0.0004,37.6272,23.2171,67.2431,0.0,0.0434,-0.3683,0.0,0.0,0.0,2541068.5382,3003457.1153,-5470566.4759,4923.9483,3899.4144,4434.5142,2541030.911,3003433.8982,-5470633.719,4923.9473,3899.4241,4434.5145,0.0,0.0765,3.9732,0.0,0.0,1.0,0.0,1.0,0.0,0.0,1.172,-23.972,0.0,1.0,0.0,0.0,0.0,-1.0,3.769019103161989,0.01,-0.37337000000000004,4.936434138444742,13.167040957423914,,
42.7903,74.673,2.816,2.506,70.727,2.354,2.436,-0.001,-0.006,0.008,-0.001,-0.006,0.008,-25.303,-1.474,-7.674,-0.0,0.0,-0.0,-0.0,0.0,-0.0,858.33,-0.0,0.0,-0.0,0.0,0.0,0.0,0.0,0.0,-0.3193,0.8865,-0.335,0.9463,0.2796,-0.1622,-0.0501,-0.3688,-0.9282,0.676,0.226,-0.7014,-0.7316,0.0917,-0.6755,-0.0884,0.9698,0.2273,-0.0,0.0,-0.0,0.0,0.0,0.0,0.001,-0.0096,-0.0004,37.6274,23.2151,67.2431,0.0,0.0434,-0.3683,0.0,0.0,0.0,2542071.4905,3004251.3546,-5469663.0079,4923.2738,3898.6173,4435.9659,2542033.8631,3004228.1395,-5469730.2509,4923.2728,3898.6269,4435.9662,0.0,0.0765,3.9732,0.0,0.0,1.0,0.0,1.0,0.0,0.0,1.172,-23.972,0.0,1.0,0.0,0.0,0.0,-1.0,3.7696010398979887,0.01,-0.373365,4.936359284906771,13.166864630443206,,
42.9924,74.673,2.814,2.508,70.727,2.352,2.438,-0.001,-0.006,0.008,-0.001,-0.006,0.008,-25.303,-1.474,-7.674,-0.0,0.0,-0.0,-0.0,0.0,-0.0,858.33,-0.0,0.0,-0.0,0.0,0.0,0.0,0.0,0.0,-0.3193,0.8865,-0.335,0.9463,0.2796,-0.1622,-0.0501,-0.3688,-0.9282,0.676,0.226,-0.7014,-0.7316,0.0917,-0.6755,-0.0884,0.9698,0.2273,-0.0,0.0,-0.0,0.0,0.0,0.0,0.0009,-0.0097,-0.0004,37.6276,23.2131,67.243,0.0,0.0434,-0.3683,0.0,0.0,0.0,2543083.4514,3005052.674,-5468750.9969,4922.5928,3897.8126,4437.4306,2543045.8239,3005029.4609,-5468818.2399,4922.5919,3897.8222,4437.4309,0.0,0.0765,3.9732,0.0,0.0,1.0,0.0,1.0,0.0,0.0,1.172,-23.972,0.0,1.0,0.0,0.0,0.0,-1.0,3.7694376238372747,0.01,-0.373365,4.938147914230659,13.166864630443206,,
43.1968,74.673,2.813,2.509,70.727,2.351,2.44,-0.001,-0.006,0.008,-0.001,-0.006,0.008,-25.303,-1.474,-7.674,-0.0,0.0,-0.0,-0.0,0.0,-0.0,858.33,-0.0,0.0,-0.0,0.0,0.0,0.0,0.0,0.0,-0.3193,0.8865,-0.335,0.9463,0.2796,-0.1622,-0.0501,-0.3688,-0.9282,0.676,0.226,-0.7014,-0.7316,0.0917,-0.6755,-0.0884,0.9698,0.2273,-0.0,0.0,-0.0,0.0,0.0,0.0,0.0009,-0.0097,-0.0004,37.6277,23.2112,67.2429,0.0,0.0434,-0.3683,0.0,0.0,0.0,2544083.961,3005844.8718,-5467848.8872,4921.9193,3897.0167,4438.8786,2544046.3333,3005821.6607,-5467916.1301,4921.9183,3897.0264,4438.879,0.0,0.0765,3.9732,0.0,0.0,1.0,0.0,1.0,0.0,0.0,1.172,-23.972,0.0,1.0,0.0,0.0,0.0,-1.0,3.7693567090420084,0.01,-0.373365,4.941760329767886,13.166864630443206,,
43.4002,74.673,2.812,2.511,70.726,2.35,2.441,-0.001,-0.006,0.008,-0.001,-0.006,0.008,-25.303,-1.474,-7.674,-0.0,0.0,-0.0,-0.0,0.0,-0.0,858.33,-0.0,0.0,-0.0,0.0,0.0,0.0,0.0,0.0,-0.3193,0.8865,-0.335,0.9463,0.2796,-0.1622,-0.0501,-0.3688,-0.9282,0.676,0.226,-0.7014,-0.7316,0.0917,-0.6755,-0.0884,0.9698,0.2273,-0.0,0.0,-0.0,0.0,0.0,0.0,0.0009,-0.0097,-0.0004,37.6279,23.2092,67.2428,0.0,0.0434,-0.3683,0.0,0.0,0.0,2545094.0232,3006644.5792,-5466937.7406,4921.2389,3896.2129,4440.3405,2545056.3953,3006621.37,-5467004.9834,4921.238,3896.2226,4440.3409,0.0,0.0765,3.9732,0.0,0.0,1.0,0.0,1.0,0.0,0.0,1.172,-23.972,0.0,1.0,0.0,0.0,0.0,-1.0,3.769942307250868,0.01,-0.373365,4.9384479892485045,13.166864630443206,,
43.6063,74.673,2.811,2.512,70.726,2.349,2.443,-0.001,-0.006,0.008,-0.001,-0.006,0.008,-25.303,-1.474,-7.674,-0.0,0.0,-0.0,-0.0,0.0,-0.0,858.33,-0.0,0.0,-0.0,0.0,0.0,0.0,0.0,0.0,-0.3193,0.8865,-0.335,0.9463,0.2796,-0.1622,-0.0501,-0.3688,-0.9282,0.676,0.226,-0.7014,-0.7316,0.0917,-0.6755,-0.0884,0.9698,0.2273,-0.0,0.0,-0.0,0.0,0.0,0.0,0.0009,-0.0097,-0.0004,37.6281,23.2072,67.2428,0.0,0.0434,-0.3683,0.0,0.0,0.0,2546100.1901,3007441.1485,-5466029.6831,4920.5608,3895.4119,4441.7967,2546062.562,3007417.9413,-5466096.9259,4920.5599,3895.4216,4441.7971,0.0,0.0765,3.9732,0.0,0.0,1.0,0.0,1.0,0.0,0.0,1.172,-23.972,0.0,1.0,0.0,0.0,0.0,-1.0,3.7698627295963973,0.01,-0.373365,4.9420678976589345,13.166864630443206,,
43.8068,74.672,2.81,2.514,70.726,2.348,2.444,-0.001,-0.006,0.008,-0.001,-0.006,0.008,-25.303,-1.474,-7.674,-0.0,0.0,-0.0,-0.0,0.0,-0.0,858.33,-0.0,0.0,-0.0,0.0,0.0,0.0,0.0,0.0,-0.3193,0.8865,-0.335,0.9463,0.2796,-0.1622,-0.0501,-0.3688,-0.9282,0.676,0.226,-0.7014,-0.7316,0.0917,-0.6755,-0.0884,0.9698,0.2273,-0.0,0.0,-0.0,0.0,0.0,0.0,0.0009,-0.0097,-0.0004,37.6283,23.2052,67.2427,0.0,0.0434,-0.3683,0.0,0.0,0.0,2547091.5369,3008225.9321,-5465134.5872,4919.8923,3894.6223,4443.2314,2547053.9086,3008202.7269,-5465201.8299,4919.8914,3894.632,4443.2318,0.0,0.0765,3.9732,0.0,0.0,1.0,0.0,1.0,0.0,0.0,1.172,-23.972,0.0,1.0,0.0,0.0,0.0,-1.0,3.770450370976921,0.01,-0.37335999999999997,4.941977939409353,13.166688303462497,,
44.0124,74.672,2.808,2.515,70.726,2.346,2.446,-0.001,-0.006,0.008,-0.001,-0.006,0.008,-25.303,-1.474,-7.674,-0.0,0.0,-0.0,-0.0,0.0,-0.0,858.33,-0.0,0.0,-0.0,0.0,0.0,0.0,0.0,0.0,-0.3193,0.8865,-0.335,0.9463,0.2796,-0.1622,-0.0501,-0.3688,-0.9282,0.676,0.226,-0.7014,-0.7316,0.0917,-0.6755,-0.0884,0.9698,0.2273,-0.0,0.0,-0.0,0.0,0.0,0.0,0.0008,-0.0097,-0.0004,37.6285,23.2032,67.2426,0.0,0.0434,-0.3683,0.0,0.0,0.0,2548095.8531,3009020.9294,-5464227.3614,4919.2147,3893.8221,4444.6848,2548058.2246,3008997.7262,-5464294.604,4919.2139,3893.8318,4444.6852,0.0,0.0765,3.9732,0.0,0.0,1.0,0.0,1.0,0.0,0.0,1.172,-23.972,0.0,1.0,0.0,0.0,0.0,-1.0,3.769627169893596,0.01,-0.37335999999999997,4.94636177643814,13.166688303462497,,
44.2138,74.672,2.807,2.517,70.726,2.345,2.447,-0.001,-0.006,0.008,-0.001,-0.006,0.008,-25.303,-1.474,-7.674,-0.0,0.0,-0.0,-0.0,0.0,-0.0,858.33,-0.0,0.0,-0.0,0.0,0.0,0.0,0.0,0.0,-0.3193,0.8865,-0.335,0.9463,0.2796,-0.1622,-0.0501,-0.3688,-0.9282,0.676,0.226,-0.7014,-0.7316,0.0917,-0.6755,-0.0884,0.9698,0.2273,-0.0,0.0,-0.0,0.0,0.0,0.0,0.0008,-0.0098,-0.0004,37.6286,23.2013,67.2425,0.0,0.0434,-0.3683,0.0,0.0,0.0,2549094.0999,3009811.0683,-5463325.2035,4918.5409,3893.0264,4446.1294,2549056.4713,3009787.8671,-5463392.446,4918.5401,3893.0362,4446.1298,0.0,0.0765,3.9732,0.0,0.0,1.0,0.0,1.0,0.0,0.0,1.172,-23.972,0.0,1.0,0.0,0.0,0.0,-1.0,3.770217235120544,0.01,-0.37335999999999997,4.944663035863849,13.166688303462497,,
44.4181,74.672,2.806,2.519,70.725,2.344,2.449,-0.001,-0.006,0.008,-0.001,-0.006,0.008,-25.303,-1.474,-7.674,-0.0,0.0,-0.0,-0.0,0.0,-0.0,858.33,-0.0,0.0,-0.0,0.0,0.0,0.0,0.0,0.0,-0.3193,0.8865,-0.335,0.9463,0.2796,-0.1622,-0.0501,-0.3688,-0.9282,0.676,0.226,-0.7014,-0.7316,0.0917,-0.6755,-0.0884,0.9698,0.2273,-0.0,0.0,-0.0,0.0,0.0,0.0,0.0008,-0.0098,-0.0004,37.6288,23.1993,67.2425,0.0,0.0434,-0.3683,0.0,0.0,0.0,2550099.5715,3010606.8724,-5462416.0928,4917.8618,3892.2247,4447.5845,2550061.9427,3010583.6732,-5462483.3353,4917.861,3892.2344,4447.5848,0.0,0.0765,3.9732,0.0,0.0,1.0,0.0,1.0,0.0,0.0,1.172,-23.972,0.0,1.0,0.0,0.0,0.0,-1.0,3.7708085339884336,0.01,-0.37335999999999997,4.944070858061152,13.166688303462497,,
44.6241,74.672,2.805,2.52,70.725,2.343,2.451,-0.001,-0.006,0.008,-0.001,-0.006,0.008,-25.303,-1.474,-7.674,-0.0,0.0,-0.0,-0.0,0.0,-0.0,858.33,-0.0,0.0,-0.0,0.0,0.0,0.0,0.0,0.0,-0.3193,0.8865,-0.335,0.9463,0.2796,-0.1622,-0.0501,-0.3688,-0.9282,0.676,0.226,-0.7014,-0.7316,0.0917,-0.6755,-0.0884,0.9698,0.2273,-0.0,0.0,-0.0,0.0,0.0,0.0,0.0008,-0.0098,-0.0004,37.629,23.1973,67.2424,0.0,0.0434,-0.3683,0.0,0.0,0.0,2551110.4452,3011406.8978,-5461501.6701,4917.1787,3891.4183,4449.0473,2551072.8162,3011383.7006,-5461568.9125,4917.1779,3891.4281,4449.0476,0.0,0.0765,3.9732,0.0,0.0,1.0,0.0,1.0,0.0,0.0,1.172,-23.972,0.0,1.0,0.0,0.0,0.0,-1.0,3.770732687422963,0.01,-0.37335999999999997,4.947707412712471,13.166688303462497,,
44.8279,74.671,2.804,2.522,70.725,2.342,2.452,-0.001,-0.006,0.008,-0.001,-0.006,0.008,-25.303,-1.474,-7.674,-0.0,0.0,-0.0,-0.0,0.0,-0.0,858.33,-0.0,0.0,-0.0,0.0,0.0,0.0,0.0,0.0,-0.3193,0.8865,-0.335,0.9463,0.2796,-0.1622,-0.0501,-0.3688,-0.9282,0.676,0.226,-0.7014,-0.7316,0.0917,-0.6755,-0.0884,0.9698,0.2273,-0.0,0.0,-0.0,0.0,0.0,0.0,0.0008,-0.0098,-0.0003,37.6291,23.1953,67.2423,0.0,0.0434,-0.3683,0.0,0.0,0.0,2552104.8597,3012193.8437,-5460601.7194,4916.5064,3890.6247,4450.4862,2552067.2306,3012170.6484,-5460668.9617,4916.5056,3890.6345,4450.4866,0.0,0.0765,3.9732,0.0,0.0,1.0,0.0,1.0,0.0,0.0,1.172,-23.972,0.0,1.0,0.0,0.0,0.0,-1.0,3.771326026744439,0.01,-0.37335500000000005,4.947602383776247,13.16651197648179,,
45.0342,74.671,2.802,2.523,70.725,2.34,2.454,-0.001,-0.006,0.008,-0.001,-0.006,0.008,-25.303,-1.474,-7.674,-0.0,0.0,-0.0,-0.0,0.0,-0.0,858.33,-0.0,0.0,-0.0,0.0,0.0,0.0,0.0,0.0,-0.3193,0.8865,-0.335,0.9463,0.2796,-0.1622,-0.0501,-0.3688,-0.9282,0.676,0.226,-0.7014,-0.7316,0.0917,-0.6755,-0.0884,0.9698,0.2273,-0.0,0.0,-0.0,0.0,0.0,0.0,0.0007,-0.0098,-0.0003,37.6293,23.1932,67.2423,0.0,0.0434,-0.3683,0.0,0.0,0.0,2553132.3705,3013006.925,-5459671.3824,4915.8113,3889.8044,4451.973,2553094.7412,3012983.7318,-5459738.6247,4915.8106,3889.8142,4451.9734,0.0,0.0765,3.9732,0.0,0.0,1.0,0.0,1.0,0.0,0.0,1.172,-23.972,0.0,1.0,0.0,0.0,0.0,-1.0,3.7705083211683807,0.01,-0.37335500000000005,4.952002718141851,13.16651197648179,,
45.2396,74.671,2.801,2.525,70.725,2.339,2.455,-0.001,-0.006,0.008,-0.001,-0.006,0.008,-25.303,-1.474,-7.674,-0.0,0.0,-0.0,-0.0,0.0,-0.0,858.33,-0.0,0.0,-0.0,0.0,0.0,0.0,0.0,0.0,-0.3193,0.8865,-0.335,0.9463,0.2796,-0.1622,-0.0501,-0.3688,-0.9282,0.676,0.226,-0.7014,-0.7316,0.0917,-0.6755,-0.0884,0.9698,0.2273,-0.0,0.0,-0.0,0.0,0.0,0.0,0.0007,-0.0098,-0.0003,37.6294,23.1912,67.2422,0.0,0.0434,-0.3683,0.0,0.0,0.0,2554136.257,3013801.2579,-5458762.007,4915.1318,3889.0026,4453.4256,2554098.6276,3013778.0666,-5458829.2492,4915.1311,3889.0124,4453.4259,0.0,0.0765,3.9732,0.0,0.0,1.0,0.0,1.0,0.0,0.0,1.172,-23.972,0.0,1.0,0.0,0.0,0.0,-1.0,3.7711040823610267,0.01,-0.37335500000000005,4.950289506896405,13.16651197648179,,
45.444,74.671,2.8,2.527,70.724,2.338,2.457,-0.001,-0.006,0.008,-0.001,-0.006,0.008,-25.303,-1.474,-7.674,-0.0,0.0,-0.0,-0.0,0.0,-0.0,858.33,-0.0,0.0,-0.0,0.0,0.0,0.0,0.0,0.0,-0.3193,0.8865,-0.335,0.9463,0.2796,-0.1622,-0.0501,-0.3688,-0.9282,0.676,0.226,-0.7014,-0.7316,0.0917,-0.6755,-0.0884,0.9698,0.2273,-0.0,0.0,-0.0,0.0,0.0,0.0,0.0007,-0.0099,-0.0003,37.6295,23.1892,67.2421,0.0,0.0434,-0.3683,0.0,0.0,0.0,2555140.4379,3014595.7695,-5457851.9431,4914.4518,3888.2002,4454.8785,2555102.8083,3014572.5803,-5457919.1852,4914.4511,3888.2101,4454.8789,0.0,0.0765,3.9732,0.0,0.0,1.0,0.0,1.0,0.0,0.0,1.172,-23.972,0.0,1.0,0.0,0.0,0.0,-1.0,3.7717010751118654,0.01,-0.37335500000000005,4.949699505262438,13.16651197648179,,
45.6495,74.67,2.799,2.528,70.724,2.337,2.459,-0.001,-0.006,0.008,-0.001,-0.006,0.008,-25.303,-1.474,-7.674,-0.0,0.0,-0.0,-0.0,0.0,-0.0,858.33,-0.0,0.0,-0.0,0.0,0.0,0.0,0.0,0.0,-0.3193,0.8865,-0.335,0.9463,0.2796,-0.1622,-0.0501,-0.3688,-0.9282,0.676,0.226,-0.7014,-0.7316,0.0917,-0.6755,-0.0884,0.9698,0.2273,-0.0,0.0,-0.0,0.0,0.0,0.0,0.0007,-0.0099,-0.0003,37.6297,23.1872,67.242,0.0,0.0434,-0.3683,0.0,0.0,0.0,2556151.3709,3015395.5689,-5456935.3327,4913.7669,3887.3921,4456.3412,2556113.7412,3015372.3817,-5457002.5747,4913.7662,3887.402,4456.3415,0.0,0.0765,3.9732,0.0,0.0,1.0,0.0,1.0,0.0,0.0,1.172,-23.972,0.0,1.0,0.0,0.0,0.0,-1.0,3.771628958421016,0.01,-0.37335,4.954955145867687,13.16633564950108,,
45.8531,74.67,2.797,2.53,70.724,2.335,2.46,-0.001,-0.006,0.008,-0.001,-0.006,0.008,-25.303,-1.474,-7.674,-0.0,0.0,-0.0,-0.0,0.0,-0.0,858.33,-0.0,0.0,-0.0,0.0,0.0,0.0,0.0,0.0,-0.3193,0.8865,-0.335,0.9463,0.2796,-0.1622,-0.0501,-0.3688,-0.9282,0.676,0.226,-0.7014,-0.7316,0.0917,-0.6755,-0.0884,0.9698,0.2273,-0.0,0.0,-0.0,0.0,0.0,0.0,0.0007,-0.0099,-0.0003,37.6299,23.1852,67.242,0.0,0.0434,-0.3683,0.0,0.0,0.0,2557152.0606,3016187.2104,-5456027.5875,4913.0885,3886.5919,4457.789,2557114.4308,3016164.0252,-5456094.8295,4913.0878,3886.6018,4457.7894,0.0,0.0765,3.9732,0.0,0.0,1.0,0.0,1.0,0.0,0.0,1.172,-23.972,0.0,1.0,0.0,0.0,0.0,-1.0,3.7714863117874367,0.01,-0.37335,4.953991442264936,13.16633564950108,,
46.0555,74.67,2.796,2.531,70.724,2.334,2.462,-0.001,-0.006,0.008,-0.001,-0.006,0.008,-25.303,-1.474,-7.674,-0.0,0.0,-0.0,-0.0,0.0,-0.0,858.33,-0.0,0.0,-0.0,0.0,0.0,0.0,0.0,0.0,-0.3193,0.8865,-0.335,0.9463,0.2796,-0.1622,-0.0501,-0.3688,-0.9282,0.676,0.226,-0.7014,-0.7316,0.0917,-0.6755,-0.0884,0.9698,0.2273,-0.0,0.0,-0.0,0.0,0.0,0.0,0.0006,-0.0099,-0.0003,37.63,23.1832,67.2419,0.0,0.0434,-0.3683,0.0,0.0,0.0,2558138.8723,3016967.8203,-5455132.0203,4912.4191,3885.8025,4459.2167,2558101.2423,3016944.6372,-5455199.2622,4912.4185,3885.8124,4459.2171,0.0,0.0765,3.9732,0.0,0.0,1.0,0.0,1.0,0.0,0.0,1.172,-23.972,0.0,1.0,0.0,0.0,0.0,-1.0,3.771415781904721,0.01,-0.37335,4.957649388684282,13.16633564950108,,
46.2578,74.67,2.795,2.533,70.723,2.333,2.463,-0.001,-0.006,0.008,-0.001,-0.006,0.008,-25.303,-1.474,-7.674,-0.0,0.0,-0.0,-0.0,0.0,-0.0,858.33,-0.0,0.0,-0.0,0.0,0.0,0.0,0.0,0.0,-0.3193,0.8865,-0.335,0.9463,0.2796,-0.1622,-0.0501,-0.3688,-0.9282,0.676,0.226,-0.7014,-0.7316,0.0917,-0.6755,-0.0884,0.9698,0.2273,-0.0,0.0,-0.0,0.0,0.0,0.0,0.0006,-0.0099,-0.0003,37.6301,23.1812,67.2418,0.0,0.0434,-0.3683,0.0,0.0,0.0,2559136.6597,3017757.0596,-5454226.0759,4911.742,3885.004,4460.6603,2559099.0296,3017733.8784,-5454293.3177,4911.7414,3885.0139,4460.6606,0.0,0.0765,3.9732,0.0,0.0,1.0,0.0,1.0,0.0,0.0,1.172,-23.972,0.0,1.0,0.0,0.0,0.0,-1.0,3.772017232198177,0.01,-0.37335,4.954299340736843,13.16633564950108,,
46.4617,74.67,2.794,2.534,70.723,2.332,2.465,-0.001,-0.006,0.008,-0.001,-0.006,0.008,-25.303,-1.474,-7.674,-0.0,0.0,-0.0,-0.0,0.0,-0.0,858.33,-0.0,0.0,-0.0,0.0,0.0,0.0,0.0,0.0,-0.3193,0.8865,-0.335,0.9463,0.2796,-0.1622,-0.0501,-0.3688,-0.9282,0.676,0.226,-0.7014,-0.7316,0.0917,-0.6755,-0.0884,0.9698,0.2273,-0.0,0.0,-0.0,0.0,0.0,0.0,0.0006,-0.0099,-0.0003,37.6302,23.1791,67.2418,0.0,0.0434,-0.3683,0.0,0.0,0.0,2560146.154,3018555.5045,-5453309.0761,4911.0566,3884.1958,4462.1207,2560108.5237,3018532.3254,-5453376.3179,4911.056,3884.2057,4462.121,0.0,0.0765,3.9732,0.0,0.0,1.0,0.0,1.0,0.0,0.0,1.172,-23.972,0.0,1.0,0.0,0.0,0.0,-1.0,3.7719480378181247,0.01,-0.37335,4.9579647361695365,13.16633564950108,,
46.6711,74.669,2.792,2.536,70.723,2.33,2.466,-0.001,-0.006,0.008,-0.001,-0.006,0.008,-25.303,-1.474,-7.674,-0.0,0.0,-0.0,-0.0,0.0,-0.0,858.33,-0.0,0.0,-0.0,0.0,0.0,0.0,0.0,0.0,-0.3193,0.8865,-0.335,0.9463,0.2796,-0.1622,-0.0501,-0.3688,-0.9282,0.676,0.226,-0.7014,-0.7316,0.0917,-0.6755,-0.0884,0.9698,0.2273,-0.0,0.0,-0.0,0.0,0.0,0.0,0.0006,-0.01,-0.0003,37.6304,23.1771,67.2417,0.0,0.0434,-0.3683,0.0,0.0,0.0,2561166.8785,3019362.776,-5452381.441,4910.3632,3883.3782,4463.5973,2561129.2481,3019339.599,-5452448.6827,4910.3626,3883.3882,4463.5977,0.0,0.0765,3.9732,0.0,0.0,1.0,0.0,1.0,0.0,0.0,1.172,-23.972,0.0,1.0,0.0,0.0,0.0,-1.0,3.771811235997899,0.01,-0.373345,4.958592342029704,13.16615932252037,,
46.8757,74.669,2.791,2.538,70.723,2.329,2.468,-0.001,-0.006,0.008,-0.001,-0.006,0.008,-25.303,-1.474,-7.674,-0.0,0.0,-0.0,-0.0,0.0,-0.0,858.33,-0.0,0.0,-0.0,0.0,0.0,0.0,0.0,0.0,-0.3193,0.8865,-0.335,0.9463,0.2796,-0.1622,-0.0501,-0.3688,-0.9282,0.676,0.226,-0.7014,-0.7316,0.0917,-0.6755,-0.0884,0.9698,0.2273,-0.0,0.0,-0.0,0.0,0.0,0.0,0.0006,-0.01,-0.0003,37.6305,23.175,67.2416,0.0,0.0434,-0.3683,0.0,0.0,0.0,2562171.2081,3020157.0267,-5451468.2768,4909.6805,3882.5735,4465.0502,2562133.5776,3020133.8517,-5451535.5184,4909.6799,3882.5834,4465.0506,0.0,0.0765,3.9732,0.0,0.0,1.0,0.0,1.0,0.0,0.0,1.172,-23.972,0.0,1.0,0.0,0.0,0.0,-1.0,3.7724163343936468,0.01,-0.373345,4.959627275650412,13.16615932252037,,
47.0857,74.669,2.79,2.539,70.723,2.328,2.47,-0.001,-0.006,0.008,-0.001,-0.006,0.008,-25.303,-1.474,-7.674,-0.0,0.0,-0.0,-0.0,0.0,-0.0,858.33,-0.0,0.0,-0.0,0.0,0.0,0.0,0.0,0.0,-0.3193,0.8865,-0.335,0.9463,0.2796,-0.1622,-0.0501,-0.3688,-0.9282,0.676,0.226,-0.7014,-0.7316,0.0917,-0.6755,-0.0884,0.9698,0.2273,-0.0,0.0,-0.0,0.0,0.0,0.0,0.0005,-0.01,-0.0003,37.6306,23.173,67.2416,0.0,0.0434,-0.3683,0.0,0.0,0.0,2563183.6696,3020957.6535,-5450547.2892,4908.9919,3881.7619,4466.5148,2563146.039,3020934.4806,-5450614.5307,4908.9914,3881.7719,4466.5152,0.0,0.0765,3.9732,0.0,0.0,1.0,0.0,1.0,0.0,0.0,1.172,-23.972,0.0,1.0,0.0,0.0,0.0,-1.0,3.7723495331159334,0.01,-0.373345,4.963301769207314,13.16615932252037,,
47.2941,74.669,2.788,2.541,70.722,2.326,2.471,-0.001,-0.006,0.008,-0.001,-0.006,0.008,-25.303,-1.474,-7.674,-0.0,0.0,-0.0,-0.0,0.0,-0.0,858.33,-0.0,0.0,-0.0,0.0,0.0,0.0,0.0,0.0,-0.3193,0.8865,-0.335,0.9463,0.2796,-0.1622,-0.0501,-0.3688,-0.9282,0.676,0.226,-0.7014,-0.7316,0.0917,-0.6755,-0.0884,0.9698,0.2273,-0.0,0.0,-0.0,0.0,0.0,0.0,0.0005,-0.01,-0.0003,37.6307,23.1709,67.2415,0.0,0.0434,-0.3683,0.0,0.0,0.0,2564207.5044,3021767.2177,-5449615.519,4908.2953,3880.9409,4467.9959,2564169.8737,3021744.0468,-5449682.7605,4908.2948,3880.9509,4467.9962,0.0,0.0765,3.9732,0.0,0.0,1.0,0.0,1.0,0.0,0.0,1.172,-23.972,0.0,1.0,0.0,0.0,0.0,-1.0,3.772217517588295,0.01,-0.373345,4.96069666731044,13.16615932252037,,
47.4996,74.668,2.787,2.542,70.722,2.325,2.473,-0.001,-0.006,0.008,-0.001,-0.006,0.008,-25.303,-1.474,-7.674,-0.0,0.0,-0.0,-0.0,0.0,-0.0,858.33,-0.0,0.0,-0.0,0.0,0.0,0.0,0.0,0.0,-0.3193,0.8865,-0.335,0.9463,0.2796,-0.1622,-0.0501,-0.3688,-0.9282,0.676,0.226,-0.7014,-0.7316,0.0917,-0.6755,-0.0884,0.9698,0.2273,-0.0,0.0,-0.0,0.0,0.0,0.0,0.0005,-0.01,-0.0003,37.6308,23.1688,67.2414,0.0,0.0434,-0.3683,0.0,0.0,0.0,2565211.5279,3022561.0625,-5448701.3474,4907.6117,3880.1354,4469.4482,2565173.8971,3022537.8936,-5448768.5888,4907.6112,3880.1454,4469.4485,0.0,0.0765,3.9732,0.0,0.0,1.0,0.0,1.0,0.0,0.0,1.172,-23.972,0.0,1.0,0.0,0.0,0.0,-1.0,3.7721523033939124,0.01,-0.37334,4.96597963515442,13.165982995539665,,
47.7076,74.668,2.786,2.544,70.722,2.324,2.474,-0.001,-0.006,0.008,-0.001,-0.006,0.008,-25.303,-1.474,-7.674,-0.0,0.0,-0.0,-0.0,0.0,-0.0,858.33,-0.0,0.0,-0.0,0.0,0.0,0.0,0.0,0.0,-0.3193,0.8865,-0.335,0.9463,0.2796,-0.1622,-0.0501,-0.3688,-0.9282,0.676,0.226,-0.7014,-0.7316,0.0917,-0.6755,-0.0884,0.9698,0.2273,-0.0,0.0,-0.0,0.0,0.0,0.0,0.0005,-0.01,-0.0003,37.6309,23.1667,67.2413,0.0,0.0434,-0.3683,0.0,0.0,0.0,2566235.853,3023370.9025,-5447768.2566,4906.914,3879.3133,4470.9298,2566198.2221,3023347.7358,-5447835.498,4906.9135,3879.3233,4470.9301,0.0,0.0765,3.9732,0.0,0.0,1.0,0.0,1.0,0.0,0.0,1.172,-23.972,0.0,1.0,0.0,0.0,0.0,-1.0,3.772761853072627,0.01,-0.37334,4.964232436213299,13.165982995539665,,
47.9156,74.668,2.784,2.546,70.722,2.322,2.476,-0.001,-0.006,0.008,-0.001,-0.006,0.008,-25.303,-1.474,-7.674,-0.0,0.0,-0.0,-0.0,0.0,-0.0,858.33,-0.0,0.0,-0.0,0.0,0.0,0.0,0.0,0.0,-0.3193,0.8865,-0.335,0.9463,0.2796,-0.1622,-0.0501,-0.3688,-0.9282,0.676,0.226,-0.7014,-0.7316,0.0917,-0.6755,-0.0884,0.9698,0.2273,-0.0,0.0,-0.0,0.0,0.0,0.0,0.0005,-0.0101,-0.0003,37.631,23.1646,67.2413,0.0,0.0434,-0.3683,0.0,0.0,0.0,2567264.9129,3024184.4297,-5446830.4044,4906.2126,3878.4871,4472.4183,2567227.2819,3024161.2651,-5446897.6457,4906.2122,3878.4971,4472.4186,0.0,0.0765,3.9732,0.0,0.0,1.0,0.0,1.0,0.0,0.0,1.172,-23.972,0.0,1.0,0.0,0.0,0.0,-1.0,3.772634623177813,0.01,-0.37334,4.966027421290289,13.165982995539665,,
48.1186,74.668,2.783,2.547,70.721,2.321,2.478,-0.001,-0.006,0.008,-0.001,-0.006,0.008,-25.303,-1.474,-7.674,-0.0,0.0,-0.0,-0.0,0.0,-0.0,858.33,-0.0,0.0,-0.0,0.0,0.0,0.0,0.0,0.0,-0.3193,0.8865,-0.335,0.9463,0.2796,-0.1622,-0.0501,-0.3688,-0.9282,0.676,0.226,-0.7014,-0.7316,0.0917,-0.6755,-0.0884,0.9698,0.2273,-0.0,0.0,-0.0,0.0,0.0,0.0,0.0005,-0.0101,-0.0003,37.6311,23.1626,67.2412,0.0,0.0434,-0.3683,0.0,0.0,0.0,2568250.0618,3024963.1889,-5445932.1566,4905.5408,3877.6958,4473.8432,2568212.4307,3024940.0263,-5445999.3978,4905.5404,3877.7058,4473.8435,0.0,0.0765,3.9732,0.0,0.0,1.0,0.0,1.0,0.0,0.0,1.172,-23.972,0.0,1.0,0.0,0.0,0.0,-1.0,3.7725718018349235,0.01,-0.37334,4.96809787561866,13.165982995539665,,
48.319,74.668,2.782,2.549,70.721,2.32,2.479,-0.001,-0.006,0.008,-0.001,-0.006,0.008,-25.303,-1.474,-7.674,-0.0,0.0,-0.0,-0.0,0.0,-0.0,858.33,-0.0,0.0,-0.0,0.0,0.0,0.0,0.0,0.0,-0.3193,0.8865,-0.335,0.9463,0.2796,-0.1622,-0.0501,-0.3688,-0.9282,0.676,0.226,-0.7014,-0.7316,0.0917,-0.6755,-0.0884,0.9698,0.2273,-0.0,0.0,-0.0,0.0,0.0,0.0,0.0004,-0.0101,-0.0003,37.6312,23.1606,67.2411,0.0,0.0434,-0.3683,0.0,0.0,0.0,2569234.826,3025741.5921,-5445033.8478,4904.869,3876.9045,4475.2675,2569197.1948,3025718.4316,-5445101.0889,4904.8685,3876.9146,4475.2678,0.0,0.0765,3.9732,0.0,0.0,1.0,0.0,1.0,0.0,0.0,1.172,-23.972,0.0,1.0,0.0,0.0,0.0,-1.0,3.7731849941395663,0.01,-0.37334,4.966340932277698,13.165982995539665,,
48.5272,74.667,2.78,2.55,70.721,2.318,2.481,-0.001,-0.006,0.008,-0.001,-0.006,0.008,-25.303,-1.474,-7.674,-0.0,0.0,-0.0,-0.0,0.0,-0.0,858.33,-0.0,0.0,-0.0,0.0,0.0,0.0,0.0,0.0,-0.3193,0.8865,-0.335,0.9463,0.2796,-0.1622,-0.0501,-0.3688,-0.9282,0.676,0.226,-0.7014,-0.7316,0.0917,-0.6755,-0.0884,0.9698,0.2273,-0.0,0.0,-0.0,0.0,0.0,0.0,0.0004,-0.0101,-0.0003,37.6313,23.1585,67.2411,0.0,0.0434,-0.3683,0.0,0.0,0.0,2570254.8485,3026547.81,-5444102.9457,4904.1727,3876.0845,4476.7427,2570217.2172,3026524.6515,-5444170.1868,4904.1723,3876.0946,4476.743,0.0,0.0765,3.9732,0.0,0.0,1.0,0.0,1.0,0.0,0.0,1.172,-23.972,0.0,1.0,0.0,0.0,0.0,-1.0,3.7723865125408342,0.01,-0.37333500000000003,4.972397902276101,13.165806668558954,,
48.7328,74.667,2.779,2.552,70.721,2.317,2.482,-0.001,-0.006,0.008,-0.001,-0.006,0.008,-25.303,-1.474,-7.674,-0.0,0.0,-0.0,-0.0,0.0,-0.0,858.33,-0.0,0.0,-0.0,0.0,0.0,0.0,0.0,0.0,-0.3193,0.8865,-0.335,0.9463,0.2796,-0.1622,-0.0501,-0.3688,-0.9282,0.676,0.226,-0.7014,-0.7316,0.0917,-0.6755,-0.0884,0.9698,0.2273,-0.0,0.0,-0.0,0.0,0.0,0.0,0.0004,-0.0101,-0.0003,37.6313,23.1564,67.241,0.0,0.0434,-0.3683,0.0,0.0,0.0,2571266.2415,3027347.1515,-5443179.4871,4903.4819,3875.2712,4478.2054,2571228.6101,3027323.9951,-5443246.7281,4903.4815,3875.2813,4478.2058,0.0,0.0765,3.9732,0.0,0.0,1.0,0.0,1.0,0.0,0.0,1.172,-23.972,0.0,1.0,0.0,0.0,0.0,-1.0,3.773002120328055,0.01,-0.37333500000000003,4.970636731867317,13.165806668558954,,
48.9404,74.667,2.778,2.553,70.72,2.316,2.484,-0.001,-0.007,0.008,-0.001,-0.007,0.008,-25.303,-1.474,-7.674,-0.0,0.0,-0.0,-0.0,0.0,-0.0,858.33,-0.0,0.0,-0.0,0.0,0.0,0.0,0.0,0.0,-0.3193,0.8865,-0.335,0.9463,0.2796,-0.1622,-0.0501,-0.3688,-0.9282,0.676,0.226,-0.7014,-0.7316,0.0917,-0.6755,-0.0884,0.9698,0.2273,-0.0,0.0,-0.0,0.0,0.0,0.0,0.0004,-0.0101,-0.0003,37.6314,23.1543,67.241,0.0,0.0434,-0.3683,0.0,0.0,0.0,2572285.2149,3028152.4286,-5442248.6685,4902.7856,3874.4514,4479.6791,2572247.5835,3028129.2743,-5442315.9095,4902.7852,3874.4615,4479.6794,0.0,0.0765,3.9732,0.0,0.0,1.0,0.0,1.0,0.0,0.0,1.172,-23.972,0.0,1.0,0.0,0.0,0.0,-1.0,3.7729422206018475,0.01063014581273465,-0.37333500000000003,4.972719863595541,13.165806668558954,,
49.1414,74.667,2.776,2.555,70.72,2.314,2.485,-0.001,-0.007,0.008,-0.001,-0.007,0.008,-25.303,-1.474,-7.674,-0.0,0.0,-0.0,-0.0,0.0,-0.0,858.33,-0.0,0.0,-0.0,0.0,0.0,0.0,0.0,0.0,-0.3193,0.8865,-0.335,0.9463,0.2796,-0.1622,-0.0501,-0.3688,-0.9282,0.676,0.226,-0.7014,-0.7316,0.0917,-0.6755,-0.0884,0.9698,0.2273,-0.0,0.0,-0.0,0.0,0.0,0.0,0.0004,-0.0102,-0.0003,37.6315,23.1522,67.2409,0.0,0.0434,-0.3683,0.0,0.0,0.0,2573286.4073,3028943.5992,-5441333.6652,4902.101,3873.6456,4481.127,2573248.7758,3028920.447,-5441400.9061,4902.1007,3873.6557,4481.1273,0.0,0.0765,3.9732,0.0,0.0,1.0,0.0,1.0,0.0,0.0,1.172,-23.972,0.0,1.0,0.0,0.0,0.0,-1.0,3.7728240086174174,0.01063014581273465,-0.37333500000000003,4.971710769658311,13.165806668558954,,
49.347,74.666,2.775,2.557,70.72,2.313,2.487,-0.001,-0.007,0.008,-0.001,-0.007,0.008,-25.303,-1.474,-7.674,-0.0,0.0,-0.0,-0.0,0.0,-0.0,858.33,-0.0,0.0,-0.0,0.0,0.0,0.0,0.0,0.0,-0.3193,0.8865,-0.335,0.9463,0.2796,-0.1622,-0.0501,-0.3688,-0.9282,0.676,0.226,-0.7014,-0.7316,0.0917,-0.6755,-0.0884,0.9698,0.2273,-0.0,0.0,-0.0,0.0,0.0,0.0,0.0003,-0.0102,-0.0003,37.6316,23.1501,67.2408,0.0,0.0434,-0.3683,0.0,0.0,0.0,2574297.6832,3029742.6828,-5440409.0188,4901.4092,3872.8313,4482.5894,2574260.0516,3029719.5326,-5440476.2596,4901.4089,3872.8415,4482.5898,0.0,0.0765,3.9732,0.0,0.0,1.0,0.0,1.0,0.0,0.0,1.172,-23.972,0.0,1.0,0.0,0.0,0.0,-1.0,3.7734432551715944,0.01063014581273465,-0.37333,4.974350670212208,13.165630341578245,,
49.554,74.666,2.774,2.558,70.72,2.312,2.489,-0.001,-0.007,0.008,-0.001,-0.007,0.008,-25.303,-1.474,-7.674,-0.0,0.0,-0.0,-0.0,0.0,-0.0,858.33,-0.0,0.0,-0.0,0.0,0.0,0.0,0.0,0.0,-0.3193,0.8865,-0.335,0.9463,0.2796,-0.1622,-0.0501,-0.3688,-0.9282,0.676,0.226,-0.7014,-0.7316,0.0917,-0.6755,-0.0884,0.9698,0.2273,-0.0,0.0,-0.0,0.0,0.0,0.0,0.0003,-0.0102,-0.0003,37.6317,23.148,67.2407,0.0,0.0434,-0.3683,0.0,0.0,0.0,2575306.8969,3030540.082,-5439485.8253,4900.7185,3872.0184,4484.0488,2575269.2652,3030516.934,-5439553.066,4900.7182,3872.0286,4484.0492,0.0,0.0765,3.9732,0.0,0.0,1.0,0.0,1.0,0.0,0.0,1.172,-23.972,0.0,1.0,0.0,0.0,0.0,-1.0,3.773385747574716,0.01063014581273465,-0.37333,4.978063596415652,13.165630341578245,,
49.7573,74.666,2.772,2.56,70.719,2.31,2.49,-0.001,-0.007,0.008,-0.001,-0.007,0.008,-25.303,-1.474,-7.674,-0.0,0.0,-0.0,-0.0,0.0,-0.0,858.33,-0.0,0.0,-0.0,0.0,0.0,0.0,0.0,0.0,-0.3193,0.8865,-0.335,0.9463,0.2796,-0.1622,-0.0501,-0.3688,-0.9282,0.676,0.226,-0.7014,-0.7316,0.0917,-0.6755,-0.0884,0.9698,0.2273,-0.0,0.0,-0.0,0.0,0.0,0.0,0.0003,-0.0102,-0.0003,37.6317,23.1459,67.2407,0.0,0.0434,-0.3683,0.0,0.0,0.0,2576306.3141,3031329.6868,-5438571.1683,4900.0341,3871.213,4485.494,2576268.6824,3031306.5409,-5438638.409,4900.0338,3871.2233,4485.4944,0.0,0.0765,3.9732,0.0,0.0,1.0,0.0,1.0,0.0,0.0,1.172,-23.972,0.0,1.0,0.0,0.0,0.0,-1.0,3.773272319883631,0.01063014581273465,-0.37333,4.975426392570078,13.165630341578245,,
49.962,74.666,2.771,2.561,70.719,2.309,2.492,-0.001,-0.007,0.008,-0.001,-0.007,0.008,-25.303,-1.474,-7.674,-0.0,0.0,-0.0,-0.0,0.0,-0.0,858.33,-0.0,0.0,-0.0,0.0,0.0,0.0,0.0,0.0,-0.3193,0.8865,-0.335,0.9463,0.2796,-0.1622,-0.0501,-0.3688,-0.9282,0.676,0.226,-0.7014,-0.7316,0.0917,-0.6755,-0.0884,0.9698,0.2273,-0.0,0.0,-0.0,0.0,0.0,0.0,0.0003,-0.0102,-0.0003,37.6318,23.1438,67.2406,0.0,0.0434,-0.3683,0.0,0.0,0.0,2577308.5769,3032121.4852,-5437653.4844,4899.3473,3870.4051,4486.9433,2577270.9451,3032098.3414,-5437720.7251,4899.347,3870.4153,4486.9436,0.0,0.0765,3.9732,0.0,0.0,1.0,0.0,1.0,0.0,0.0,1.172,-23.972,0.0,1.0,0.0,0.0,0.0,-1.0,3.7732163998371466,0.01063014581273465,-0.37333,4.979146272873707,13.165630341578245,,
50.1661,74.665,2.77,2.563,70.719,2.308,2.493,-0.001,-0.007,0.008,-0.001,-0.007,0.008,-25.303,-1.474,-7.674,-0.0,0.0,-0.0,-0.0,0.0,-0.0,858.33,-0.0,0.0,-0.0,0.0,0.0,0.0,0.0,0.0,-0.3193,0.8865,-0.335,0.9463,0.2796,-0.1622,-0.0501,-0.3688,-0.9282,0.676,0.226,-0.7014,-0.7316,0.0917,-0.6755,-0.0884,0.9698,0.2273,-0.0,0.0,-0.0,0.0,0.0,0.0,0.0003,-0.0102,-0.0003,37.6318,23.1418,67.2406,0.0,0.0434,-0.3683,0.0,0.0,0.0,2578308.8385,3032911.649,-5436737.2062,4898.6616,3869.5984,4488.3897,2578271.2066,3032888.5073,-5436804.4467,4898.6613,3869.6086,4488.39,0.0,0.0765,3.9732,0.0,0.0,1.0,0.0,1.0,0.0,0.0,1.172,-23.972,0.0,1.0,0.0,0.0,0.0,-1.0,3.773840086702138,0.01063014581273465,-0.373325,4.978965776174683,13.165454014597538,,
50.371,74.665,2.768,2.564,70.719,2.306,2.495,-0.001,-0.007,0.008,-0.001,-0.007,0.008,-25.303,-1.474,-7.674,-0.0,0.0,-0.0,-0.0,0.0,-0.0,858.33,-0.0,0.0,-0.0,0.0,0.0,0.0,0.0,0.0,-0.3193,0.8865,-0.335,0.9463,0.2796,-0.1622,-0.0501,-0.3688,-0.9282,0.676,0.226,-0.7014,-0.7316,0.0917,-0.6755,-0.0884,0.9698,0.2273,-0.0,0.0,-0.0,0.0,0.0,0.0,0.0002,-0.0103,-0.0003,37.6319,23.1397,67.2405,0.0,0.0434,-0.3683,0.0,0.0,0.0,2579309.323,3033701.9344,-5435820.3021,4897.9754,3868.7912,4489.8363,2579271.6911,3033678.7947,-5435887.5426,4897.9751,3868.8015,4489.8366,0.0,0.0765,3.9732,0.0,0.0,1.0,0.0,1.0,0.0,0.0,1.172,-23.972,0.0,1.0,0.0,0.0,0.0,-1.0,3.7730518151756147,0.01063014581273465,-0.373325,4.983448687504008,13.165454014597538,,
50.5765,74.665,2.767,2.566,70.718,2.305,2.497,-0.001,-0.007,0.008,-0.001,-0.007,0.008,-25.303,-1.474,-7.674,-0.0,0.0,-0.0,-0.0,0.0,-0.0,858.33,-0.0,0.0,-0.0,0.0,0.0,0.0,0.0,0.0,-0.3193,0.8865,-0.335,0.9463,0.2796,-0.1622,-0.0501,-0.3688,-0.9282,0.676,0.226,-0.7014,-0.7316,0.0917,-0.6755,-0.0884,0.9698,0.2273,-0.0,0.0,-0.0,0.0,0.0,0.0,0.0002,-0.0103,-0.0003,37.6319,23.1375,67.2404,0.0,0.0434,-0.3683,0.0,0.0,0.0,2580321.4392,3034501.3527,-5434892.306,4897.2808,3867.9743,4491.2997,2580283.8073,3034478.2152,-5434959.5464,4897.2806,3867.9846,4491.3,0.0,0.0765,3.9732,0.0,0.0,1.0,0.0,1.0,0.0,0.0,1.172,-23.972,0.0,1.0,0.0,0.0,0.0,-1.0,3.7736779141839856,0.01063014581273465,-0.373325,4.98287430146826,13.165454014597538,,
50.7783,74.665,2.766,2.568,70.718,2.304,2.498,-0.001,-0.007,0.008,-0.001,-0.007,0.008,-25.303,-1.474,-7.674,-0.0,0.0,-0.0,-0.0,0.0,-0.0,858.33,-0.0,0.0,-0.0,0.0,0.0,0.0,0.0,0.0,-0.3193,0.8865,-0.335,0.9463,0.2796,-0.1622,-0.0501,-0.3688,-0.9282,0.676,0.226,-0.7014,-0.7316,0.0917,-0.6755,-0.0884,0.9698,0.2273,-0.0,0.0,-0.0,0.0,0.0,0.0,0.0002,-0.0103,-0.0003,37.632,23.1355,67.2404,0.0,0.0434,-0.3683,0.0,0.0,0.0,2581305.0106,3035278.1718,-5433990.066,4896.6054,3867.1801,4492.7218,2581267.3786,3035255.0364,-5434057.3064,4896.6052,3867.1904,4492.7221,0.0,0.0765,3.9732,0.0,0.0,1.0,0.0,1.0,0.0,0.0,1.172,-23.972,0.0,1.0,0.0,0.0,0.0,-1.0,3.7743052340795122,0.01063014581273465,-0.373325,4.981084009877045,13.165454014597538,,
50.9837,74.664,2.764,2.569,70.718,2.302,2.5,-0.001,-0.007,0.008,-0.001,-0.007,0.008,-25.303,-1.474,-7.674,-0.0,0.0,-0.0,-0.0,0.0,-0.0,858.33,-0.0,0.0,-0.0,0.0,0.0,0.0,0.0,0.0,-0.3193,0.8865,-0.335,0.9463,0.2796,-0.1622,-0.0501,-0.3688,-0.9282,0.676,0.226,-0.7014,-0.7316,0.0917,-0.6755,-0.0884,0.9698,0.2273,-0.0,0.0,-0.0,0.0,0.0,0.0,0.0002,-0.0103,-0.0003,37.632,23.1334,67.2403,0.0,0.0434,-0.3683,0.0,0.0,0.0,2582312.1254,3036073.5312,-5433065.8046,4895.9135,3866.3666,4494.1779,2582274.4934,3036050.3978,-5433133.0449,4895.9134,3866.3769,4494.1782,0.0,0.0765,3.9732,0.0,0.0,1.0,0.0,1.0,0.0,0.0,1.172,-23.972,0.0,1.0,0.0,0.0,0.0,-1.0,3.7735205047806484,0.01063014581273465,-0.37332,4.987177585818779,13.165277687616829,,
51.1891,74.664,2.763,2.571,70.718,2.301,2.501,-0.001,-0.007,0.008,-0.001,-0.007,0.008,-25.303,-1.474,-7.674,-0.0,0.0,-0.0,-0.0,0.0,-0.0,858.33,-0.0,0.0,-0.0,0.0,0.0,0.0,0.0,0.0,-0.3193,0.8865,-0.335,0.9463,0.2796,-0.1622,-0.0501,-0.3688,-0.9282,0.676,0.226,-0.7014,-0.7316,0.0917,-0.6755,-0.0884,0.9698,0.2273,-0.0,0.0,-0.0,0.0,0.0,0.0,0.0002,-0.0103,-0.0003,37.632,23.1312,67.2402,0.0,0.0434,-0.3683,0.0,0.0,0.0,2583320.7902,3036870.0591,-5432139.6916,4895.2202,3865.5515,4495.6362,2583283.1581,3036846.9278,-5432206.9319,4895.2201,3865.5619,4495.6365,0.0,0.0765,3.9732,0.0,0.0,1.0,0.0,1.0,0.0,0.0,1.172,-23.972,0.0,1.0,0.0,0.0,0.0,-1.0,3.774150235483479,0.01063014581273465,-0.37332,4.9853830985471035,13.165277687616829,,
51.3899,74.664,2.761,2.572,70.718,2.299,2.503,-0.001,-0.007,0.008,-0.001,-0.007,0.008,-25.303,-1.474,-7.674,-0.0,0.0,-0.0,-0.0,0.0,-0.0,858.33,-0.0,0.0,-0.0,0.0,0.0,0.0,0.0,0.0,-0.3193,0.8865,-0.335,0.9463,0.2796,-0.1622,-0.0501,-0.3688,-0.9282,0.676,0.226,-0.7014,-0.7316,0.0917,-0.6755,-0.0884,0.9698,0.2273,-0.0,0.0,-0.0,0.0,0.0,0.0,0.0001,-0.0103,-0.0003,37.6321,23.1292,67.2402,0.0,0.0434,-0.3683,0.0,0.0,0.0,2584299.5366,3037642.9086,-5431240.6331,4894.5471,3864.7603,4497.0512,2584261.9045,3037619.7794,-5431307.8733,4894.547,3864.7707,4497.0515,0.0,0.0765,3.9732,0.0,0.0,1.0,0.0,1.0,0.0,0.0,1.172,-23.972,0.0,1.0,0.0,0.0,0.0,-1.0,3.773367859088218,0.01063014581273465,-0.37332,4.9898818081869045,13.165277687616829,,
51.595,74.664,2.76,2.574,70.717,2.298,2.504,-0.001,-0.007,0.008,-0.001,-0.007,0.008,-25.303,-1.474,-7.674,-0.0,0.0,-0.0,-0.0,0.0,-0.0,858.33,-0.0,0.0,-0.0,0.0,0.0,0.0,0.0,0.0,-0.3193,0.8865,-0.335,0.9463,0.2796,-0.1622,-0.0501,-0.3688,-0.9282,0.676,0.226,-0.7014,-0.7316,0.0917,-0.6755,-0.0884,0.9698,0.2273,-0.0,0.0,-0.0,0.0,0.0,0.0,0.0001,-0.0104,-0.0003,37.6321,23.127,67.2401,0.0,0.0434,-0.3683,0.0,0.0,0.0,2585297.3614,3038430.7694,-5430323.6319,4893.8605,3863.9533,4498.4937,2585259.7292,3038407.6424,-5430390.872,4893.8604,3863.9637,4498.494,0.0,0.0765,3.9732,0.0,0.0,1.0,0.0,1.0,0.0,0.0,1.172,-23.972,0.0,1.0,0.0,0.0,0.0,-1.0,3.774,0.01063014581273465,-0.37332,4.986463436644735,13.165277687616829,,
51.7964,74.663,2.759,2.575,70.717,2.297,2.506,-0.001,-0.007,0.008,-0.001,-0.007,0.008,-25.303,-1.474,-7.674,-0.0,0.0,-0.0,-0.0,0.0,-0.0,858.33,-0.0,0.0,-0.0,0.0,0.0,0.0,0.0,0.0,-0.3193,0.8865,-0.335,0.9463,0.2796,-0.1622,-0.0501,-0.3688,-0.9282,0.676,0.226,-0.7014,-0.7316,0.0917,-0.6755,-0.0884,0.9698,0.2273,-0.0,0.0,-0.0,0.0,0.0,0.0,0.0001,-0.0104,-0.0003,37.6321,23.1249,67.24,0.0,0.0434,-0.3683,0.0,0.0,0.0,2586293.8731,3039217.5397,-5429407.4145,4893.1745,3863.1471,4499.9343,2586256.2409,3039194.4148,-5429474.6546,4893.1744,3863.1575,4499.9346,0.0,0.0765,3.9732,0.0,0.0,1.0,0.0,1.0,0.0,0.0,1.172,-23.972,0.0,1.0,0.0,0.0,0.0,-1.0,3.773950980073801,0.01063014581273465,-0.373315,4.991810430766849,13.16510136063612,,
52.0006,74.663,2.757,2.577,70.717,2.295,2.508,-0.001,-0.007,0.008,-0.001,-0.007,0.008,-25.303,-1.474,-7.674,-0.0,0.0,-0.0,-0.0,0.0,-0.0,858.33,-0.0,0.0,-0.0,0.0,0.0,0.0,0.0,0.0,-0.3193,0.8865,-0.335,0.9463,0.2796,-0.1622,-0.0501,-0.3688,-0.9282,0.676,0.226,-0.7014,-0.7316,0.0917,-0.6755,-0.0884,0.9698,0.2273,-0.0,0.0,-0.0,0.0,0.0,0.0,0.0001,-0.0104,-0.0003,37.6322,23.1228,67.24,0.0,0.0434,-0.3683,0.0,0.0,0.0,2587297.0156,3040009.4905,-5428484.6761,4892.4835,3862.3352,4501.3845,2587259.3835,3039986.3677,-5428551.9161,4892.4835,3862.3456,4501.3848,0.0,0.0765,3.9732,0.0,0.0,1.0,0.0,1.0,0.0,0.0,1.172,-23.972,0.0,1.0,0.0,0.0,0.0,-1.0,3.773854528197927,0.01063014581273465,-0.373315,4.993614140888072,13.16510136063612,,
52.205,74.663,2.756,2.579,70.717,2.294,2.509,-0.001,-0.007,0.008,-0.001,-0.007,0.008,-25.303,-1.474,-7.674,-0.0,0.0,-0.0,-0.0,0.0,-0.0,858.33,-0.0,0.0,-0.0,0.0,0.0,0.0,0.0,0.0,-0.3193,0.8865,-0.335,0.9463,0.2796,-0.1622,-0.0501,-0.3688,-0.9282,0.676,0.226,-0.7014,-0.7316,0.0917,-0.6755,-0.0884,0.9698,0.2273,-0.0,0.0,-0.0,0.0,0.0,0.0,0.0001,-0.0104,-0.0003,37.6322,23.1207,67.2399,0.0,0.0434,-0.3683,0.0,0.0,0.0,2588286.2652,3040790.42,-5427574.2962,4891.8018,3861.5342,4502.8145,2588248.633,3040767.2993,-5427641.5361,4891.8017,3861.5446,4502.8148,0.0,0.0765,3.9732,0.0,0.0,1.0,0.0,1.0,0.0,0.0,1.172,-23.972,0.0,1.0,0.0,0.0,0.0,-1.0,3.774490296715571,0.01063014581273465,-0.373315,4.991805807027012,13.16510136063612,,
52.4142,74.663,2.754,2.58,70.716,2.292,2.511,-0.001,-0.007,0.008,-0.001,-0.007,0.008,-25.303,-1.474,-7.674,-0.0,0.0,-0.0,-0.0,0.0,-0.0,858.33,-0.0,0.0,-0.0,0.0,0.0,0.0,0.0,0.0,-0.3193,0.8865,-0.335,0.9463,0.2796,-0.1622,-0.0501,-0.3688,-0.9282,0.676,0.226,-0.7014,-0.7316,0.0917,-0.6755,-0.0884,0.9698,0.2273,-0.0,0.0,-0.0,0.0,0.0,0.0,0.0,-0.0104,-0.0003,37.6322,23.1185,67.2399,0.0,0.0434,-0.3683,0.0,0.0,0.0,2589311.5052,3041599.7044,-5426630.3588,4891.0948,3860.7037,4504.2965,2589273.873,3041576.5859,-5426697.5987,4891.0948,3860.7141,4504.2968,0.0,0.0765,3.9732,0.0,0.0,1.0,0.0,1.0,0.0,0.0,1.172,-23.972,0.0,1.0,0.0,0.0,0.0,-1.0,3.773713820628162,0.01063014581273465,-0.373315,4.994703005207163,13.16510136063612,,
52.615,74.662,2.753,2.582,70.716,2.291,2.512,-0.001,-0.007,0.008,-0.001,-0.007,0.008,-25.303,-1.474,-7.674,-0.0,0.0,-0.0,-0.0,0.0,-0.0,858.33,-0.0,0.0,-0.0,0.0,0.0,0.0,0.0,0.0,-0.3193,0.8865,-0.335,0.9463,0.2796,-0.1622,-0.0501,-0.3688,-0.9282,0.676,0.226,-0.7014,-0.7316,0.0917,-0.6755,-0.0884,0.9698,0.2273,-0.0,0.0,-0.0,0.0,0.0,0.0,0.0,-0.0104,-0.0003,37.6322,23.1164,67.2398,0.0,0.0434,-0.3683,0.0,0.0,0.0,2590297.9053,3042378.2764,-5425721.7585,4890.4143,3859.9044,4505.7223,2590260.2731,3042355.1599,-5425788.9982,4890.4143,3859.9148,4505.7226,0.0,0.0765,3.9732,0.0,0.0,1.0,0.0,1.0,0.0,0.0,1.172,-23.972,0.0,1.0,0.0,0.0,0.0,-1.0,3.774351997363256,0.01063014581273465,-0.37331000000000003,4.994488341844104,13.164925033655413,,
52.8164,74.662,2.752,2.583,70.716,2.29,2.514,-0.001,-0.007,0.008,-0.001,-0.007,0.008,-25.303,-1.474,-7.674,-0.0,0.0,-0.0,-0.0,0.0,-0.0,858.33,-0.0,0.0,-0.0,0.0,0.0,0.0,0.0,0.0,-0.3193,0.8865,-0.335,0.9463,0.2796,-0.1622,-0.0501,-0.3688,-0.9282,0.676,0.226,-0.7014,-0.7316,0.0917,-0.6755,-0.0884,0.9698,0.2273,-0.0,0.0,-0.0,0.0,0.0,0.0,0.0,-0.0105,-0.0003,37.6322,23.1143,67.2397,0.0,0.0434,-0.3683,0.0,0.0,0.0,2591279.6892,3043153.1526,-5424816.9968,4889.7366,3859.1085,4507.1414,2591242.057,3043130.0382,-5424884.2365,4889.7366,3859.1189,4507.1417,0.0,0.0765,3.9732,0.0,0.0,1.0,0.0,1.0,0.0,0.0,1.172,-23.972,0.0,1.0,0.0,0.0,0.0,-1.0,3.774306956250379,0.01063014581273465,-0.37331000000000003,4.998251047084418,13.164925033655413,,
53.0178,74.662,2.75,2.585,70.715,2.288,2.515,-0.001,-0.007,0.008,-0.001,-0.007,0.008,-25.303,-1.474,-7.674,-0.0,0.0,-0.0,-0.0,0.0,-0.0,858.33,-0.0,0.0,-0.0,0.0,0.0,0.0,0.0,0.0,-0.3193,0.8865,-0.335,0.9463,0.2796,-0.1622,-0.0501,-0.3688,-0.9282,0.676,0.226,-0.7014,-0.7316,0.0917,-0.6755,-0.0884,0.9698,0.2273,-0.0,0.0,-0.0,0.0,0.0,0.0,-0.0,-0.0105,-0.0003,37.6322,23.1122,67.2397,0.0,0.0434,-0.3683,0.0,0.0,0.0,2592262.8641,3043929.0739,-5423910.5434,4889.0577,3858.3111,4508.5625,2592225.2319,3043905.9617,-5423977.7831,4889.0577,3858.3216,4508.5628,0.0,0.0765,3.9732,0.0,0.0,1.0,0.0,1.0,0.0,0.0,1.172,-23.972,0.0,1.0,0.0,0.0,0.0,-1.0,3.7742184621455075,0.01063014581273465,-0.37331000000000003,4.995572279411438,13.164925033655413,,
53.2214,74.662,2.749,2.586,70.715,2.287,2.517,-0.001,-0.007,0.008,-0.001,-0.007,0.008,-25.303,-1.474,-7.674,-0.0,0.0,-0.0,-0.0,0.0,-0.0,858.33,-0.0,0.0,-0.0,0.0,0.0,0.0,0.0,0.0,-0.3193,0.8865,-0.335,0.9463,0.2796,-0.1622,-0.0501,-0.3688,-0.9282,0.676,0.226,-0.7014,-0.7316,0.0917,-0.6755,-0.0884,0.9698,0.2273,-0.0,0.0,-0.0,0.0,0.0,0.0,-0.0,-0.0105,-0.0003,37.6322,23.1101,67.2396,0.0,0.0434,-0.3683,0.0,0.0,0.0,2593260.8033,3044716.5929,-5422990.0591,4888.3681,3857.5015,4510.0049,2593223.1711,3044693.4829,-5423057.2987,4888.3681,3857.512,4510.0052,0.0,0.0765,3.9732,0.0,0.0,1.0,0.0,1.0,0.0,0.0,1.172,-23.972,0.0,1.0,0.0,0.0,0.0,-1.0,3.77417500919075,0.01063014581273465,-0.37331000000000003,4.999341881122416,13.164925033655413,,
53.4263,74.661,2.747,2.588,70.715,2.285,2.518,-0.001,-0.007,0.008,-0.001,-0.007,0.008,-25.303,-1.474,-7.674,-0.0,0.0,-0.0,-0.0,0.0,-0.0,858.33,-0.0,0.0,-0.0,0.0,0.0,0.0,0.0,0.0,-0.3193,0.8865,-0.335,0.9463,0.2796,-0.1622,-0.0501,-0.3688,-0.9282,0.676,0.226,-0.7014,-0.7316,0.0917,-0.6755,-0.0884,0.9698,0.2273,-0.0,0.0,-0.0,0.0,0.0,0.0,-0.0,-0.0105,-0.0003,37.6322,23.1079,67.2395,0.0,0.0434,-0.3683,0.0,0.0,0.0,2594259.9774,3045505.0327,-5422068.0076,4887.6773,3856.6905,4511.449,2594222.3452,3045481.9248,-5422135.2472,4887.6774,3856.701,4511.4493,0.0,0.0765,3.9732,0.0,0.0,1.0,0.0,1.0,0.0,0.0,1.172,-23.972,0.0,1.0,0.0,0.0,0.0,-1.0,3.774089691568021,0.01063014581273465,-0.373305,4.999874227400985,13.164748706674704,,
53.6265,74.661,2.746,2.59,70.715,2.284,2.52,-0.001,-0.007,0.008,-0.001,-0.007,0.008,-25.303,-1.474,-7.674,-0.0,0.0,-0.0,-0.0,0.0,-0.0,858.33,-0.0,0.0,-0.0,0.0,0.0,0.0,0.0,0.0,-0.3193,0.8865,-0.335,0.9463,0.2796,-0.1622,-0.0501,-0.3688,-0.9282,0.676,0.226,-0.7014,-0.7316,0.0917,-0.6755,-0.0884,0.9698,0.2273,-0.0,0.0,-0.0,0.0,0.0,0.0,-0.0001,-0.0105,-0.0003,37.6322,23.1058,67.2395,0.0,0.0434,-0.3683,0.0,0.0,0.0,2595237.1955,3046276.0944,-5421165.8073,4887.0014,3855.897,4512.8614,2595199.5634,3046252.9886,-5421233.0467,4887.0015,3855.9076,4512.8617,0.0,0.0765,3.9732,0.0,0.0,1.0,0.0,1.0,0.0,0.0,1.172,-23.972,0.0,1.0,0.0,0.0,0.0,-1.0,3.774733897905917,0.01063014581273465,-0.373305,5.000918447029939,13.164748706674704,,
53.8324,74.661,2.744,2.591,70.714,2.282,2.522,-0.001,-0.007,0.008,-0.001,-0.007,0.008,-25.303,-1.474,-7.674,-0.0,0.0,-0.0,-0.0,0.0,-0.0,858.33,-0.0,0.0,-0.0,0.0,0.0,0.0,0.0,0.0,-0.3193,0.8865,-0.335,0.9463,0.2796,-0.1622,-0.0501,-0.3688,-0.9282,0.676,0.226,-0.7014,-0.7316,0.0917,-0.6755,-0.0884,0.9698,0.2273,-0.0,0.0,-0.0,0.0,0.0,0.0,-0.0001,-0.0105,-0.0003,37.6321,23.1036,67.2394,0.0,0.0434,-0.3683,0.0,0.0,0.0,2596248.0052,3047073.6068,-5420232.1628,4886.3018,3855.076,4514.3222,2596210.373,3047050.5032,-5420299.4022,4886.3019,3855.0865,4514.3225,0.0,0.0765,3.9732,0.0,0.0,1.0,0.0,1.0,0.0,0.0,1.172,-23.972,0.0,1.0,0.0,0.0,0.0,-1.0,3.7739656861185162,0.01063014581273465,-0.373305,5.003838088516863,13.164748706674704,,
54.0385,74.661,2.743,2.593,70.714,2.281,2.523,-0.001,-0.007,0.008,-0.001,-0.007,0.008,-25.303,-1.474,-7.674,-0.0,0.0,-0.0,-0.0,0.0,-0.0,858.33,-0.0,0.0,-0.0,0.0,0.0,0.0,0.0,0.0,-0.3193,0.8865,-0.335,0.9463,0.2796,-0.1622,-0.0501,-0.3688,-0.9282,0.676,0.226,-0.7014,-0.7316,0.0917,-0.6755,-0.0884,0.9698,0.2273,-0.0,0.0,-0.0,0.0,0.0,0.0,-0.0001,-0.0106,-0.0003,37.6321,23.1015,67.2394,0.0,0.0434,-0.3683,0.0,0.0,0.0,2597247.9572,3047862.4973,-5419308.1217,4885.6094,3854.2634,4515.7674,2597210.3251,3047839.3959,-5419375.3611,4885.6096,3854.274,4515.7677,0.0,0.0765,3.9732,0.0,0.0,1.0,0.0,1.0,0.0,0.0,1.172,-23.972,0.0,1.0,0.0,0.0,0.0,-1.0,3.774612297971806,0.01063014581273465,-0.373305,5.002004986428339,13.164748706674704,,
54.2437,74.66,2.741,2.594,70.714,2.279,2.525,-0.001,-0.007,0.008,-0.001,-0.007,0.008,-25.303,-1.474,-7.674,-0.0,0.0,-0.0,-0.0,0.0,-0.0,858.33,-0.0,0.0,-0.0,0.0,0.0,0.0,0.0,0.0,-0.3193,0.8865,-0.335,0.9463,0.2796,-0.1622,-0.0501,-0.3688,-0.9282,0.676,0.226,-0.7014,-0.7316,0.0917,-0.6755,-0.0884,0.9698,0.2273,-0.0,0.0,-0.0,0.0,0.0,0.0,-0.0001,-0.0106,-0.0003,37.6321,23.0993,67.2393,0.0,0.0434,-0.3683,0.0,0.0,0.0,2598255.4625,3048657.2923,-5418376.6658,4884.9114,3853.4443,4517.2234,2598217.8304,3048634.193,-5418443.9051,4884.9116,3853.4549,4517.2237,0.0,0.0765,3.9732,0.0,0.0,1.0,0.0,1.0,0.0,0.0,1.172,-23.972,0.0,1.0,0.0,0.0,0.0,-1.0,3.7738464462667265,0.01063014581273465,-0.37329999999999997,5.008145524642889,13.164572379693995,,
54.4537,74.66,2.74,2.596,70.714,2.278,2.526,-0.001,-0.007,0.008,-0.001,-0.007,0.008,-25.303,-1.474,-7.674,-0.0,0.0,-0.0,-0.0,0.0,-0.0,858.33,-0.0,0.0,-0.0,0.0,0.0,0.0,0.0,0.0,-0.3193,0.8865,-0.335,0.9463,0.2796,-0.1622,-0.0501,-0.3688,-0.9282,0.676,0.226,-0.7014,-0.7316,0.0917,-0.6755,-0.0884,0.9698,0.2273,-0.0,0.0,-0.0,0.0,0.0,0.0,-0.0001,-0.0106,-0.0003,37.6321,23.0971,67.2392,0.0,0.0434,-0.3683,0.0,0.0,0.0,2599276.7441,3049462.8978,-5417432.0347,4884.2035,3852.6138,4518.6992,2599239.112,3049439.8008,-5417499.2739,4884.2037,3852.6244,4518.6995,0.0,0.0765,3.9732,0.0,0.0,1.0,0.0,1.0,0.0,0.0,1.172,-23.972,0.0,1.0,0.0,0.0,0.0,-1.0,3.774495462972502,0.01063014581273465,-0.37329999999999997,5.006308268229633,13.164572379693995,,
54.6603,74.66,2.738,2.597,70.713,2.276,2.528,-0.001,-0.007,0.008,-0.001,-0.007,0.008,-25.303,-1.474,-7.674,-0.0,0.0,-0.0,-0.0,0.0,-0.0,858.33,-0.0,0.0,-0.0,0.0,0.0,0.0,0.0,0.0,-0.3193,0.8865,-0.335,0.9463,0.2796,-0.1622,-0.0501,-0.3688,-0.9282,0.676,0.226,-0.7014,-0.7316,0.0917,-0.6755,-0.0884,0.9698,0.2273,-0.0,0.0,-0.0,0.0,0.0,0.0,-0.0002,-0.0106,-0.0003,37.632,23.0949,67.2392,0.0,0.0434,-0.3683,0.0,0.0,0.0,2600287.4605,3050260.1139,-5416496.7342,4883.5026,3851.7914,4520.1598,2600249.8285,3050237.019,-5416563.9734,4883.5027,3851.8021,4520.1601,0.0,0.0765,3.9732,0.0,0.0,1.0,0.0,1.0,0.0,0.0,1.172,-23.972,0.0,1.0,0.0,0.0,0.0,-1.0,3.773731972464393,0.01063014581273465,-0.37329999999999997,5.009239859312091,13.164572379693995,,
54.8639,74.659,2.737,2.599,70.713,2.275,2.529,-0.001,-0.007,0.008,-0.001,-0.007,0.008,-25.303,-1.474,-7.674,-0.0,0.0,-0.0,-0.0,0.0,-0.0,858.33,-0.0,0.0,-0.0,0.0,0.0,0.0,0.0,0.0,-0.3193,0.8865,-0.335,0.9463,0.2796,-0.1622,-0.0501,-0.3688,-0.9282,0.676,0.226,-0.7014,-0.7316,0.0917,-0.6755,-0.0884,0.9698,0.2273,-0.0,0.0,-0.0,0.0,0.0,0.0,-0.0002,-0.0106,-0.0003,37.632,23.0927,67.2391,0.0,0.0434,-0.3683,0.0,0.0,0.0,2601288.5311,3051049.6665,-5415569.9305,4882.8079,3850.9766,4521.6064,2601250.8991,3051026.5738,-5415637.1696,4882.8081,3850.9873,4521.6067,0.0,0.0765,3.9732,0.0,0.0,1.0,0.0,1.0,0.0,0.0,1.172,-23.972,0.0,1.0,0.0,0.0,0.0,-1.0,3.7743833933504956,0.01063014581273465,-0.37329500000000004,5.00899510278047,13.164396052713288,,
55.0664,74.659,2.736,2.601,70.713,2.274,2.531,-0.001,-0.007,0.008,-0.001,-0.007,0.008,-25.303,-1.474,-7.674,-0.0,0.0,-0.0,-0.0,0.0,-0.0,858.33,-0.0,0.0,-0.0,0.0,0.0,0.0,0.0,0.0,-0.3193,0.8865,-0.335,0.9463,0.2796,-0.1622,-0.0501,-0.3688,-0.9282,0.676,0.226,-0.7014,-0.7316,0.0917,-0.6755,-0.0884,0.9698,0.2273,-0.0,0.0,-0.0,0.0,0.0,0.0,-0.0002,-0.0106,-0.0003,37.632,23.0905,67.2391,0.0,0.0434,-0.3683,0.0,0.0,0.0,2602278.8951,3051830.7206,-5414652.6184,4882.1203,3850.1702,4523.0374,2602241.2631,3051807.6301,-5414719.8575,4882.1205,3850.1809,4523.0377,0.0,0.0765,3.9732,0.0,0.0,1.0,0.0,1.0,0.0,0.0,1.172,-23.972,0.0,1.0,0.0,0.0,0.0,-1.0,3.7750360263181597,0.01063014581273465,-0.37329500000000004,5.010041249640576,13.164396052713288,,
55.2674,74.659,2.734,2.602,70.713,2.272,2.533,-0.001,-0.007,0.008,-0.001,-0.007,0.008,-25.303,-1.474,-7.674,-0.0,0.0,-0.0,-0.0,0.0,-0.0,858.33,-0.0,0.0,-0.0,0.0,0.0,0.0,0.0,0.0,-0.3193,0.8865,-0.335,0.9463,0.2796,-0.1622,-0.0501,-0.3688,-0.9282,0.676,0.226,-0.7014,-0.7316,0.0917,-0.6755,-0.0884,0.9698,0.2273,-0.0,0.0,-0.0,0.0,0.0,0.0,-0.0002,-0.0107,-0.0003,37.632,23.0884,67.239,0.0,0.0434,-0.3683,0.0,0.0,0.0,2603251.5843,3052597.7835,-5413751.2684,4881.4447,3849.3779,4524.4429,2603213.9524,3052574.6951,-5413818.5074,4881.4449,3849.3886,4524.4432,0.0,0.0765,3.9732,0.0,0.0,1.0,0.0,1.0,0.0,0.0,1.172,-23.972,0.0,1.0,0.0,0.0,0.0,-1.0,3.7742760895302823,0.01063014581273465,-0.37329500000000004,5.014598618412908,13.164396052713288,,
55.4739,74.659,2.733,2.604,70.712,2.271,2.534,-0.001,-0.007,0.008,-0.001,-0.007,0.008,-25.303,-1.474,-7.674,-0.0,0.0,-0.0,-0.0,0.0,-0.0,858.33,-0.0,0.0,-0.0,0.0,0.0,0.0,0.0,0.0,-0.3193,0.8865,-0.335,0.9463,0.2796,-0.1622,-0.0501,-0.3688,-0.9282,0.676,0.226,-0.7014,-0.7316,0.0917,-0.6755,-0.0884,0.9698,0.2273,-0.0,0.0,-0.0,0.0,0.0,0.0,-0.0002,-0.0107,-0.0003,37.6319,23.0862,67.2389,0.0,0.0434,-0.3683,0.0,0.0,0.0,2604273.6049,3053403.6937,-5412803.7673,4880.7344,3848.545,4525.9196,2604235.9731,3053380.6075,-5412871.0062,4880.7346,3848.5557,4525.9199,0.0,0.0765,3.9732,0.0,0.0,1.0,0.0,1.0,0.0,0.0,1.172,-23.972,0.0,1.0,0.0,0.0,0.0,-1.0,3.774931125199505,0.01063014581273465,-0.37329500000000004,5.011131364234752,13.164396052713288,,
55.6788,74.658,2.731,2.605,70.712,2.269,2.536,-0.001,-0.007,0.008,-0.001,-0.007,0.008,-25.303,-1.474,-7.674,-0.0,0.0,-0.0,-0.0,0.0,-0.0,858.33,-0.0,0.0,-0.0,0.0,0.0,0.0,0.0,0.0,-0.3193,0.8865,-0.335,0.9463,0.2796,-0.1622,-0.0501,-0.3688,-0.9282,0.676,0.226,-0.7014,-0.7316,0.0917,-0.6755,-0.0884,0.9698,0.2273,-0.0,0.0,-0.0,0.0,0.0,0.0,-0.0003,-0.0107,-0.0003,37.6318,23.084,67.2389,0.0,0.0434,-0.3683,0.0,0.0,0.0,2605266.3436,3054186.4585,-5411882.9874,4880.0441,3847.7357,4527.354,2605228.7117,3054163.3745,-5411950.2262,4880.0443,3847.7464,4527.3543,0.0,0.0765,3.9732,0.0,0.0,1.0,0.0,1.0,0.0,0.0,1.172,-23.972,0.0,1.0,0.0,0.0,0.0,-1.0,3.7741735519183535,0.01063014581273465,-0.37329,5.017292502873307,13.164219725732579,,
55.8827,74.658,2.73,2.607,70.712,2.268,2.537,-0.001,-0.007,0.008,-0.001,-0.007,0.008,-25.303,-1.474,-7.674,-0.0,0.0,-0.0,-0.0,0.0,-0.0,858.33,-0.0,0.0,-0.0,0.0,0.0,0.0,0.0,0.0,-0.3193,0.8865,-0.335,0.9463,0.2796,-0.1622,-0.0501,-0.3688,-0.9282,0.676,0.226,-0.7014,-0.7316,0.0917,-0.6755,-0.0884,0.9698,0.2273,-0.0,0.0,-0.0,0.0,0.0,0.0,-0.0003,-0.0107,-0.0003,37.6318,23.0818,67.2388,0.0,0.0434,-0.3683,0.0,0.0,0.0,2606256.3845,3054967.043,-5410964.2866,4879.3553,3846.9283,4528.7845,2606218.7527,3054943.9611,-5411031.5255,4879.3555,3846.939,4528.7848,0.0,0.0765,3.9732,0.0,0.0,1.0,0.0,1.0,0.0,0.0,1.172,-23.972,0.0,1.0,0.0,0.0,0.0,-1.0,3.7748309895941037,0.01063014581273465,-0.37329,5.015436481538536,13.164219725732579,,
56.0886,74.658,2.728,2.608,70.712,2.266,2.539,-0.001,-0.007,0.008,-0.001,-0.007,0.008,-25.303,-1.474,-7.674,-0.0,0.0,-0.0,-0.0,0.0,-0.0,858.33,-0.0,0.0,-0.0,0.0,0.0,0.0,0.0,0.0,-0.3193,0.8865,-0.335,0.9463,0.2796,-0.1622,-0.0501,-0.3688,-0.9282,0.676,0.226,-0.7014,-0.7316,0.0917,-0.6755,-0.0884,0.9698,0.2273,-0.0,0.0,-0.0,0.0,0.0,0.0,-0.0003,-0.0107,-0.0003,37.6317,23.0796,67.2388,0.0,0.0434,-0.3683,0.0,0.0,0.0,2607261.2818,3055759.2857,-5410031.3718,4878.6558,3846.1084,4530.2363,2607223.6501,3055736.2061,-5410098.6106,4878.6561,3846.1191,4530.2366,0.0,0.0765,3.9732,0.0,0.0,1.0,0.0,1.0,0.0,0.0,1.172,-23.972,0.0,1.0,0.0,0.0,0.0,-1.0,3.7740757809031873,0.01063014581273465,-0.37329,5.020005239212765,13.164219725732579,,
56.2931,74.658,2.727,2.61,70.711,2.265,2.54,-0.001,-0.007,0.008,-0.001,-0.007,0.008,-25.303,-1.474,-7.674,-0.0,0.0,-0.0,-0.0,0.0,-0.0,858.33,-0.0,0.0,-0.0,0.0,0.0,0.0,0.0,0.0,-0.3193,0.8865,-0.335,0.9463,0.2796,-0.1622,-0.0501,-0.3688,-0.9282,0.676,0.226,-0.7014,-0.7316,0.0917,-0.6755,-0.0884,0.9698,0.2273,-0.0,0.0,-0.0,0.0,0.0,0.0,-0.0003,-0.0108,-0.0003,37.6317,23.0775,67.2387,0.0,0.0434,-0.3683,0.0,0.0,0.0,2608250.6133,3056539.2027,-5409112.4846,4877.9667,3845.3009,4531.6657,2608212.9816,3056516.1253,-5409179.7233,4877.967,3845.3116,4531.6659,0.0,0.0765,3.9732,0.0,0.0,1.0,0.0,1.0,0.0,0.0,1.172,-23.972,0.0,1.0,0.0,0.0,0.0,-1.0,3.774735619881212,0.01063014581273465,-0.37329,5.016528503665828,13.164219725732579,,
56.4935,74.657,2.725,2.612,70.711,2.263,2.542,-0.001,-0.007,0.008,-0.001,-0.007,0.008,-25.303,-1.474,-7.674,-0.0,0.0,-0.0,-0.0,0.0,-0.0,858.33,-0.0,0.0,-0.0,0.0,0.0,0.0,0.0,0.0,-0.3193,0.8865,-0.335,0.9463,0.2796,-0.1622,-0.0501,-0.3688,-0.9282,0.676,0.226,-0.7014,-0.7316,0.0917,-0.6755,-0.0884,0.9698,0.2273,-0.0,0.0,-0.0,0.0,0.0,0.0,-0.0003,-0.0108,-0.0003,37.6316,23.0753,67.2386,0.0,0.0434,-0.3683,0.0,0.0,0.0,2609237.0899,3057316.8153,-5408195.8331,4877.2793,3844.4954,4533.0908,2609199.4583,3057293.74,-5408263.0718,4877.2797,3844.5062,4533.0911,0.0,0.0765,3.9732,0.0,0.0,1.0,0.0,1.0,0.0,0.0,1.172,-23.972,0.0,1.0,0.0,0.0,0.0,-1.0,3.7746746879698123,0.01063014581273465,-0.373285,5.019931686423294,13.164043398751868,,
56.7007,74.657,2.723,2.613,70.711,2.261,2.544,-0.001,-0.007,0.008,-0.001,-0.007,0.008,-25.303,-1.474,-7.674,-0.0,0.0,-0.0,-0.0,0.0,-0.0,858.33,-0.0,0.0,-0.0,0.0,0.0,0.0,0.0,0.0,-0.3193,0.8865,-0.335,0.9463,0.2796,-0.1622,-0.0501,-0.3688,-0.9282,0.676,0.226,-0.7014,-0.7316,0.0917,-0.6755,-0.0884,0.9698,0.2273,-0.0,0.0,-0.0,0.0,0.0,0.0,-0.0004,-0.0108,-0.0003,37.6315,23.073,67.2386,0.0,0.0434,-0.3683,0.0,0.0,0.0,2610253.6896,3058118.1176,-5407250.7523,4876.5706,3843.665,4534.5595,2610216.0581,3058095.0446,-5407317.9908,4876.5709,3843.6758,4534.5598,0.0,0.0765,3.9732,0.0,0.0,1.0,0.0,1.0,0.0,0.0,1.172,-23.972,0.0,1.0,0.0,0.0,0.0,-1.0,3.773923422646517,0.01063014581273465,-0.373285,5.024509934099665,13.164043398751868,,
56.9069,74.657,2.722,2.615,70.71,2.26,2.545,-0.001,-0.007,0.008,-0.001,-0.007,0.008,-25.303,-1.474,-7.674,-0.0,0.0,-0.0,-0.0,0.0,-0.0,858.33,-0.0,0.0,-0.0,0.0,0.0,0.0,0.0,0.0,-0.3193,0.8865,-0.335,0.9463,0.2796,-0.1622,-0.0501,-0.3688,-0.9282,0.676,0.226,-0.7014,-0.7316,0.0917,-0.6755,-0.0884,0.9698,0.2273,-0.0,0.0,-0.0,0.0,0.0,0.0,-0.0004,-0.0108,-0.0003,37.6314,23.0708,67.2385,0.0,0.0434,-0.3683,0.0,0.0,0.0,2611248.0826,3058901.8615,-5406325.8865,4875.8769,3842.8524,4535.996,2611210.4511,3058878.7906,-5406393.125,4875.8773,3842.8632,4535.9963,0.0,0.0765,3.9732,0.0,0.0,1.0,0.0,1.0,0.0,0.0,1.172,-23.972,0.0,1.0,0.0,0.0,0.0,-1.0,3.7745872622049688,0.01063014581273465,-0.373285,5.021025303269761,13.164043398751868,,
57.1119,74.656,2.72,2.616,70.71,2.258,2.547,-0.001,-0.008,0.008,-0.001,-0.008,0.008,-25.303,-1.474,-7.674,-0.0,0.0,-0.0,-0.0,0.0,-0.0,858.33,-0.0,0.0,-0.0,0.0,0.0,0.0,0.0,0.0,-0.3193,0.8865,-0.335,0.9463,0.2796,-0.1622,-0.0501,-0.3688,-0.9282,0.676,0.226,-0.7014,-0.7316,0.0917,-0.6755,-0.0884,0.9698,0.2273,-0.0,0.0,-0.0,0.0,0.0,0.0,-0.0004,-0.0108,-0.0003,37.6314,23.0686,67.2384,0.0,0.0434,-0.3683,0.0,0.0,0.0,2612253.1563,3059693.9685,-5405390.6541,4875.1755,3842.0307,4537.4479,2612215.5249,3059670.8999,-5405457.8925,4875.1758,3842.0415,4537.4482,0.0,0.0765,3.9732,0.0,0.0,1.0,0.0,1.0,0.0,0.0,1.172,-23.972,0.0,1.0,0.0,0.0,0.0,-1.0,3.773838364318218,0.01131370849898476,-0.37328000000000006,5.027206526893921,13.163867071771163,,
57.3156,74.656,2.719,2.618,70.71,2.257,2.548,-0.001,-0.008,0.008,-0.001,-0.008,0.008,-25.303,-1.474,-7.674,-0.0,0.0,-0.0,-0.0,0.0,-0.0,858.33,-0.0,0.0,-0.0,0.0,0.0,0.0,0.0,0.0,-0.3193,0.8865,-0.335,0.9463,0.2796,-0.1622,-0.0501,-0.3688,-0.9282,0.676,0.226,-0.7014,-0.7316,0.0917,-0.6755,-0.0884,0.9698,0.2273,-0.0,0.0,-0.0,0.0,0.0,0.0,-0.0004,-0.0108,-0.0003,37.6313,23.0664,67.2384,0.0,0.0434,-0.3683,0.0,0.0,0.0,2613250.3947,3060479.8455,-5404462.2854,4874.4791,3841.2151,4538.8885,2613212.7634,3060456.7791,-5404529.5238,4874.4795,3841.2259,4538.8887,0.0,0.0765,3.9732,0.0,0.0,1.0,0.0,1.0,0.0,0.0,1.172,-23.972,0.0,1.0,0.0,0.0,0.0,-1.0,3.7745046032559024,0.01131370849898476,-0.37328000000000006,5.0253322059253795,13.163867071771163,,
57.5195,74.656,2.717,2.619,70.71,2.255,2.55,-0.001,-0.008,0.008,-0.001,-0.008,0.008,-25.303,-1.474,-7.675,-0.0,0.0,-0.0,-0.0,0.0,-0.0,858.33,-0.0,0.0,-0.0,0.0,0.0,0.0,0.0,0.0,-0.3193,0.8865,-0.335,0.9463,0.2796,-0.1622,-0.0501,-0.3688,-0.9282,0.676,0.226,-0.7014,-0.7316,0.0917,-0.6755,-0.0884,0.9698,0.2273,-0.0,0.0,-0.0,0.0,0.0,0.0,-0.0004,-0.0109,-0.0003,37.6312,23.0642,67.2383,0.0,0.0434,-0.3683,0.0,0.0,0.0,2614240.8497,3061260.3226,-5403539.8088,4873.7871,3840.4047,4540.3192,2614203.2185,3061237.2584,-5403607.0471,4873.7875,3840.4156,4540.3195,0.0,0.0765,3.9732,0.0,0.0,1.0,0.0,1.0,0.0,0.0,1.172,-23.972,0.0,1.0,0.0,0.0,0.0,-1.0,3.7737580738568814,0.01131370849898476,-0.37328000000000006,5.029921793807733,13.163867071771163,,
57.7237,74.656,2.716,2.621,70.709,2.254,2.551,-0.001,-0.008,0.008,-0.001,-0.008,0.008,-25.303,-1.474,-7.675,-0.0,0.0,-0.0,-0.0,0.0,-0.0,858.33,-0.0,0.0,-0.0,0.0,0.0,0.0,0.0,0.0,-0.3193,0.8865,-0.335,0.9463,0.2796,-0.1622,-0.0501,-0.3688,-0.9282,0.676,0.226,-0.7014,-0.7316,0.0917,-0.6755,-0.0884,0.9698,0.2273,-0.0,0.0,-0.0,0.0,0.0,0.0,-0.0005,-0.0109,-0.0003,37.6311,23.062,67.2383,0.0,0.0434,-0.3683,0.0,0.0,0.0,2615235.0844,3062043.7244,-5402613.385,4873.0921,3839.591,4541.7553,2615197.4533,3062020.6624,-5402680.6233,4873.0926,3839.6018,4541.7556,0.0,0.0765,3.9732,0.0,0.0,1.0,0.0,1.0,0.0,0.0,1.172,-23.972,0.0,1.0,0.0,0.0,0.0,-1.0,3.7744267114357912,0.01131370849898476,-0.37328000000000006,5.026427722311665,13.163867071771163,,
57.9327,74.655,2.714,2.623,70.709,2.252,2.553,-0.001,-0.008,0.008,-0.001,-0.008,0.008,-25.303,-1.474,-7.675,-0.0,0.0,-0.0,-0.0,0.0,-0.0,858.33,-0.0,0.0,-0.0,0.0,0.0,0.0,0.0,0.0,-0.3193,0.8865,-0.335,0.9463,0.2796,-0.1622,-0.0501,-0.3688,-0.9282,0.676,0.226,-0.7014,-0.7316,0.0917,-0.6755,-0.0884,0.9698,0.2273,-0.0,0.0,-0.0,0.0,0.0,0.0,-0.0005,-0.0109,-0.0003,37.631,23.0597,67.2382,0.0,0.0434,-0.3683,0.0,0.0,0.0,2616251.989,3062844.9321,-5401665.4008,4872.3809,3838.7583,4543.2241,2616214.3579,3062821.8724,-5401732.639,4872.3814,3838.7692,4543.2244,0.0,0.0765,3.9732,0.0,0.0,1.0,0.0,1.0,0.0,0.0,1.172,-23.972,0.0,1.0,0.0,0.0,0.0,-1.0,3.7743774321071815,0.01131370849898476,-0.373275,5.029831833883765,13.163690744790452,,
58.1379,74.655,2.713,2.624,70.709,2.251,2.555,-0.001,-0.008,0.008,-0.001,-0.008,0.008,-25.303,-1.474,-7.675,-0.0,0.0,-0.0,-0.0,0.0,-0.0,858.33,-0.0,0.0,-0.0,0.0,0.0,0.0,0.0,0.0,-0.3193,0.8865,-0.335,0.9463,0.2796,-0.1622,-0.0501,-0.3688,-0.9282,0.676,0.226,-0.7014,-0.7316,0.0917,-0.6755,-0.0884,0.9698,0.2273,-0.0,0.0,-0.0,0.0,0.0,0.0,-0.0005,-0.0109,-0.0003,37.6309,23.0575,67.2382,0.0,0.0434,-0.3683,0.0,0.0,0.0,2617250.2848,3063631.423,-5400734.3307,4871.6823,3837.9405,4544.666,2617212.6538,3063608.3655,-5400801.5688,4871.6828,3837.9514,4544.6663,0.0,0.0765,3.9732,0.0,0.0,1.0,0.0,1.0,0.0,0.0,1.172,-23.972,0.0,1.0,0.0,0.0,0.0,-1.0,3.774353587039773,0.01131370849898476,-0.373275,5.0336739673483635,13.163690744790452,,
58.3428,74.655,2.711,2.626,70.708,2.249,2.556,-0.001,-0.008,0.008,-0.001,-0.008,0.008,-25.303,-1.474,-7.675,-0.0,0.0,-0.0,-0.0,0.0,-0.0,858.33,-0.0,0.0,-0.0,0.0,0.0,0.0,0.0,0.0,-0.3193,0.8865,-0.335,0.9463,0.2796,-0.1622,-0.0501,-0.3688,-0.9282,0.676,0.226,-0.7014,-0.7316,0.0917,-0.6755,-0.0884,0.9698,0.2273,-0.0,0.0,-0.0,0.0,0.0,0.0,-0.0005,-0.0109,-0.0003,37.6308,23.0552,67.2381,0.0,0.0434,-0.3683,0.0,0.0,0.0,2618251.3275,3064420.0232,-5399800.2665,4870.9814,3837.1202,4546.1119,2618213.6967,3064396.968,-5399867.5046,4870.982,3837.1311,4546.1122,0.0,0.0765,3.9732,0.0,0.0,1.0,0.0,1.0,0.0,0.0,1.172,-23.972,0.0,1.0,0.0,0.0,0.0,-1.0,3.774307486148949,0.01131370849898476,-0.373275,5.03092893835481,13.163690744790452,,
58.5521,74.655,2.709,2.627,70.708,2.247,2.558,-0.001,-0.008,0.008,-0.001,-0.008,0.008,-25.303,-1.474,-7.675,-0.0,0.0,-0.0,-0.0,0.0,-0.0,858.33,-0.0,0.0,-0.0,0.0,0.0,0.0,0.0,0.0,-0.3193,0.8865,-0.335,0.9463,0.2796,-0.1622,-0.0501,-0.3688,-0.9282,0.676,0.226,-0.7014,-0.7316,0.0917,-0.6755,-0.0884,0.9698,0.2273,-0.0,0.0,-0.0,0.0,0.0,0.0,-0.0005,-0.0109,-0.0003,37.6307,23.0529,67.238,0.0,0.0434,-0.3683,0.0,0.0,0.0,2619268.0245,3065220.899,-5398851.1543,4870.2692,3836.2867,4547.5803,2619230.3938,3065197.846,-5398918.3923,4870.2698,3836.2976,4547.5806,0.0,0.0765,3.9732,0.0,0.0,1.0,0.0,1.0,0.0,0.0,1.172,-23.972,0.0,1.0,0.0,0.0,0.0,-1.0,3.7735672777890152,0.01131370849898476,-0.373275,5.0355347158960555,13.163690744790452,,
58.7568,74.654,2.708,2.629,70.708,2.246,2.559,-0.001,-0.008,0.008,-0.001,-0.008,0.008,-25.303,-1.474,-7.675,-0.0,0.0,-0.0,-0.0,0.0,-0.0,858.33,-0.0,0.0,-0.0,0.0,0.0,0.0,0.0,0.0,-0.3193,0.8865,-0.335,0.9463,0.2796,-0.1622,-0.0501,-0.3688,-0.9282,0.676,0.226,-0.7014,-0.7316,0.0917,-0.6755,-0.0884,0.9698,0.2273,-0.0,0.0,-0.0,0.0,0.0,0.0,-0.0005,-0.011,-0.0003,37.6306,23.0507,67.238,0.0,0.0434,-0.3683,0.0,0.0,0.0,2620275.3138,3066014.308,-5397910.3849,4869.5633,3835.4605,4549.0351,2620237.6832,3065991.2573,-5397977.6229,4869.5638,3835.4715,4549.0354,0.0,0.0765,3.9732,0.0,0.0,1.0,0.0,1.0,0.0,0.0,1.172,-23.972,0.0,1.0,0.0,0.0,0.0,-1.0,3.774242308066614,0.01131370849898476,-0.37327,5.0352376117305155,13.163514417809743,,
58.9571,74.654,2.706,2.63,70.708,2.244,2.561,-0.001,-0.008,0.008,-0.001,-0.008,0.008,-25.303,-1.474,-7.675,-0.0,0.0,-0.0,-0.0,0.0,-0.0,858.33,-0.0,0.0,-0.0,0.0,0.0,0.0,0.0,0.0,-0.3193,0.8865,-0.335,0.9463,0.2796,-0.1622,-0.0501,-0.3688,-0.9282,0.676,0.226,-0.7014,-0.7316,0.0917,-0.6755,-0.0884,0.9698,0.2273,-0.0,0.0,-0.0,0.0,0.0,0.0,-0.0006,-0.011,-0.0003,37.6305,23.0485,67.2379,0.0,0.0434,-0.3683,0.0,0.0,0.0,2621239.9029,3066774.0309,-5397009.0875,4868.8868,3834.6691,4550.4281,2621202.2724,3066750.9824,-5397076.3254,4868.8874,3834.6801,4550.4284,0.0,0.0765,3.9732,0.0,0.0,1.0,0.0,1.0,0.0,0.0,1.172,-23.972,0.0,1.0,0.0,0.0,0.0,-1.0,3.773504471972969,0.01131370849898476,-0.37327,5.0398479409211,13.163514417809743,,
59.1583,74.654,2.705,2.632,70.707,2.243,2.562,-0.001,-0.008,0.008,-0.001,-0.008,0.008,-25.303,-1.474,-7.675,-0.0,0.0,-0.0,-0.0,0.0,-0.0,858.33,-0.0,0.0,-0.0,0.0,0.0,0.0,0.0,0.0,-0.3193,0.8865,-0.335,0.9463,0.2796,-0.1622,-0.0501,-0.3688,-0.9282,0.676,0.226,-0.7014,-0.7316,0.0917,-0.6755,-0.0884,0.9698,0.2273,-0.0,0.0,-0.0,0.0,0.0,0.0,-0.0006,-0.011,-0.0003,37.6304,23.0463,67.2379,0.0,0.0434,-0.3683,0.0,0.0,0.0,2622223.9745,3067549.0459,-5396089.17,4868.1964,3833.8614,4551.8493,2622186.3441,3067525.9996,-5396156.4079,4868.197,3833.8723,4551.8496,0.0,0.0765,3.9732,0.0,0.0,1.0,0.0,1.0,0.0,0.0,1.172,-23.972,0.0,1.0,0.0,0.0,0.0,-1.0,3.774181898107191,0.01131370849898476,-0.37327,5.036336607789655,13.163514417809743,,
59.3607,74.653,2.703,2.634,70.707,2.241,2.564,-0.001,-0.008,0.008,-0.001,-0.008,0.008,-25.304,-1.474,-7.675,-0.0,0.0,-0.0,-0.0,0.0,-0.0,858.33,-0.0,0.0,-0.0,0.0,0.0,0.0,0.0,0.0,-0.3193,0.8865,-0.335,0.9463,0.2796,-0.1622,-0.0501,-0.3688,-0.9282,0.676,0.226,-0.7014,-0.7316,0.0917,-0.6755,-0.0884,0.9698,0.2273,-0.0,0.0,-0.0,0.0,0.0,0.0,-0.0006,-0.011,-0.0003,37.6302,23.0441,67.2378,0.0,0.0434,-0.3683,0.0,0.0,0.0,2623200.977,3068318.4406,-5395175.4494,4867.5106,3833.0591,4553.2602,2623163.3467,3068295.3965,-5395242.6872,4867.5112,3833.0701,4553.2605,0.0,0.0765,3.9732,0.0,0.0,1.0,0.0,1.0,0.0,0.0,1.172,-23.972,0.0,1.0,0.0,0.0,0.0,-1.0,3.774144273871893,0.01131370849898476,-0.373265,5.039741638483155,13.163338090829036,,
59.5634,74.653,2.702,2.635,70.707,2.24,2.566,-0.001,-0.008,0.008,-0.001,-0.008,0.008,-25.304,-1.474,-7.675,-0.0,0.0,-0.0,-0.0,0.0,-0.0,858.33,-0.0,0.0,-0.0,0.0,0.0,0.0,0.0,0.0,-0.3193,0.8865,-0.335,0.9463,0.2796,-0.1622,-0.0501,-0.3688,-0.9282,0.676,0.226,-0.7014,-0.7316,0.0917,-0.6755,-0.0884,0.9698,0.2273,-0.0,0.0,-0.0,0.0,0.0,0.0,-0.0006,-0.011,-0.0003,37.6301,23.0418,67.2377,0.0,0.0434,-0.3683,0.0,0.0,0.0,2624190.606,3069097.725,-5394249.5001,4866.8156,3832.2462,4554.6893,2624152.9759,3069074.6832,-5394316.7378,4866.8162,3832.2572,4554.6896,0.0,0.0765,3.9732,0.0,0.0,1.0,0.0,1.0,0.0,0.0,1.172,-23.972,0.0,1.0,0.0,0.0,0.0,-1.0,3.7741262564996414,0.01131370849898476,-0.373265,5.043604647407985,13.163338090829036,,
59.7643,74.653,2.7,2.637,70.706,2.238,2.567,-0.001,-0.008,0.008,-0.001,-0.008,0.008,-25.304,-1.474,-7.675,-0.0,0.0,-0.0,-0.0,0.0,-0.0,858.33,-0.0,0.0,-0.0,0.0,0.0,0.0,0.0,0.0,-0.3193,0.8865,-0.335,0.9463,0.2796,-0.1622,-0.0501,-0.3688,-0.9282,0.676,0.226,-0.7014,-0.7316,0.0917,-0.6755,-0.0884,0.9698,0.2273,-0.0,0.0,-0.0,0.0,0.0,0.0,-0.0006,-0.011,-0.0003,37.63,23.0396,67.2377,0.0,0.0434,-0.3683,0.0,0.0,0.0,2625172.1337,3069870.5771,-5393330.711,4866.1258,3831.4396,4556.1067,2625134.5037,3069847.5374,-5393397.9487,4866.1265,3831.4506,4556.107,0.0,0.0765,3.9732,0.0,0.0,1.0,0.0,1.0,0.0,0.0,1.172,-23.972,0.0,1.0,0.0,0.0,0.0,-1.0,3.774091811283875,0.01131370849898476,-0.373265,5.04084221602778,13.163338090829036,,
59.9725,74.653,2.698,2.638,70.706,2.236,2.569,-0.001,-0.008,0.008,-0.001,-0.008,0.008,-25.304,-1.474,-7.675,-0.0,0.0,-0.0,-0.0,0.0,-0.0,858.33,-0.0,0.0,-0.0,0.0,0.0,0.0,0.0,0.0,-0.3193,0.8865,-0.335,0.9463,0.2796,-0.1622,-0.0501,-0.3688,-0.9282,0.676,0.226,-0.7014,-0.7316,0.0917,-0.6755,-0.0884,0.9698,0.2273,-0.0,0.0,-0.0,0.0,0.0,0.0,-0.0007,-0.0111,-0.0003,37.6299,23.0373,67.2376,0.0,0.0434,-0.3683,0.0,0.0,0.0,2626173.1204,3070658.6958,-5392393.2812,4865.4221,3830.6167,4557.5521,2626135.4905,3070635.6584,-5392460.5188,4865.4228,3830.6277,4557.5524,0.0,0.0765,3.9732,0.0,0.0,1.0,0.0,1.0,0.0,0.0,1.172,-23.972,0.0,1.0,0.0,0.0,0.0,-1.0,3.7733603061462335,0.01131370849898476,-0.373265,5.045468668226582,13.163338090829036,,
60.1742,74.652,2.697,2.64,70.706,2.235,2.57,-0.001,-0.008,0.008,-0.001,-0.008,0.008,-25.304,-1.474,-7.675,-0.0,0.0,-0.0,-0.0,0.0,-0.0,858.33,-0.0,0.0,-0.0,0.0,0.0,0.0,0.0,0.0,-0.3193,0.8865,-0.335,0.9463,0.2796,-0.1622,-0.0501,-0.3688,-0.9282,0.676,0.226,-0.7014,-0.7316,0.0917,-0.6755,-0.0884,0.9698,0.2273,-0.0,0.0,-0.0,0.0,0.0,0.0,-0.0007,-0.0111,-0.0003,37.6297,23.0351,67.2376,0.0,0.0434,-0.3683,0.0,0.0,0.0,2627162.3111,3071437.4732,-5391466.4699,4864.7263,3829.8031,4558.9805,2627124.6814,3071414.4381,-5391533.7075,4864.727,3829.8142,4558.9808,0.0,0.0765,3.9732,0.0,0.0,1.0,0.0,1.0,0.0,0.0,1.172,-23.972,0.0,1.0,0.0,0.0,0.0,-1.0,3.7740441173891965,0.01131370849898476,-0.37326,5.045152645609178,13.163161763848327,,
60.381,74.652,2.695,2.641,70.706,2.233,2.572,-0.001,-0.008,0.008,-0.001,-0.008,0.008,-25.304,-1.474,-7.675,-0.0,0.0,-0.0,-0.0,0.0,-0.0,858.33,-0.0,0.0,-0.0,0.0,0.0,0.0,0.0,0.0,-0.3193,0.8865,-0.335,0.9463,0.2796,-0.1622,-0.0501,-0.3688,-0.9282,0.676,0.226,-0.7014,-0.7316,0.0917,-0.6755,-0.0884,0.9698,0.2273,-0.0,0.0,-0.0,0.0,0.0,0.0,-0.0007,-0.0111,-0.0003,37.6296,23.0328,67.2375,0.0,0.0434,-0.3683,0.0,0.0,0.0,2628168.0549,3072229.227,-5390523.7169,4864.0184,3828.9757,4560.4327,2628130.4253,3072206.1942,-5390590.9544,4864.0191,3828.9867,4560.433,0.0,0.0765,3.9732,0.0,0.0,1.0,0.0,1.0,0.0,0.0,1.172,-23.972,0.0,1.0,0.0,0.0,0.0,-1.0,3.7733149881768417,0.01131370849898476,-0.37326,5.049783627658194,13.163161763848327,,
60.5844,74.652,2.694,2.643,70.705,2.232,2.573,-0.001,-0.008,0.008,-0.001,-0.008,0.008,-25.304,-1.474,-7.675,-0.0,0.0,-0.0,-0.0,0.0,-0.0,858.33,-0.0,0.0,-0.0,0.0,0.0,0.0,0.0,0.0,-0.3193,0.8865,-0.335,0.9463,0.2796,-0.1622,-0.0501,-0.3688,-0.9282,0.676,0.226,-0.7014,-0.7316,0.0917,-0.6755,-0.0884,0.9698,0.2273,-0.0,0.0,-0.0,0.0,0.0,0.0,-0.0007,-0.0111,-0.0003,37.6294,23.0305,67.2375,0.0,0.0434,-0.3683,0.0,0.0,0.0,2629171.1523,3073018.8417,-5389583.0101,4863.3121,3828.15,4561.8811,2629133.5229,3072995.8112,-5389650.2476,4863.3128,3828.1611,4561.8813,0.0,0.0765,3.9732,0.0,0.0,1.0,0.0,1.0,0.0,0.0,1.172,-23.972,0.0,1.0,0.0,0.0,0.0,-1.0,3.774001192368651,0.01131370849898476,-0.37326,5.046255106830611,13.163161763848327,,
60.7946,74.651,2.692,2.645,70.705,2.23,2.575,-0.001,-0.008,0.008,-0.001,-0.008,0.008,-25.304,-1.474,-7.675,-0.0,0.0,-0.0,-0.0,0.0,-0.0,858.33,-0.0,0.0,-0.0,0.0,0.0,0.0,0.0,0.0,-0.3193,0.8865,-0.335,0.9463,0.2796,-0.1622,-0.0501,-0.3688,-0.9282,0.676,0.226,-0.7014,-0.7316,0.0917,-0.6755,-0.0884,0.9698,0.2273,-0.0,0.0,-0.0,0.0,0.0,0.0,-0.0007,-0.0111,-0.0003,37.6293,23.0282,67.2374,0.0,0.0434,-0.3683,0.0,0.0,0.0,2630176.3242,3073810.034,-5388639.9184,4862.6039,3827.3223,4563.3324,2630138.695,3073787.0058,-5388707.1558,4862.6046,3827.3334,4563.3327,0.0,0.0765,3.9732,0.0,0.0,1.0,0.0,1.0,0.0,0.0,1.172,-23.972,0.0,1.0,0.0,0.0,0.0,-1.0,3.7739752251439067,0.01131370849898476,-0.373255,5.049661047037963,13.162985436867618,,
60.9986,74.651,2.69,2.646,70.705,2.228,2.577,-0.001,-0.008,0.008,-0.001,-0.008,0.008,-25.304,-1.474,-7.675,-0.0,0.0,-0.0,-0.0,0.0,-0.0,858.33,-0.0,0.0,-0.0,0.0,0.0,0.0,0.0,0.0,-0.3193,0.8865,-0.335,0.9463,0.2796,-0.1622,-0.0501,-0.3688,-0.9282,0.676,0.226,-0.7014,-0.7316,0.0917,-0.6755,-0.0884,0.9698,0.2273,-0.0,0.0,-0.0,0.0,0.0,0.0,-0.0008,-0.0111,-0.0003,37.6292,23.0259,67.2374,0.0,0.0434,-0.3683,0.0,0.0,0.0,2631173.8152,3074595.1249,-5387703.6025,4861.9008,3826.5006,4564.7725,2631136.186,3074572.099,-5387770.8399,4861.9015,3826.5118,4564.7728,0.0,0.0765,3.9732,0.0,0.0,1.0,0.0,1.0,0.0,0.0,1.172,-23.972,0.0,1.0,0.0,0.0,0.0,-1.0,3.7732500579738946,0.01131370849898476,-0.373255,5.054301398350254,13.162985436867618,,
61.2054,74.651,2.689,2.648,70.704,2.227,2.578,-0.001,-0.008,0.008,-0.001,-0.008,0.008,-25.304,-1.474,-7.675,-0.0,0.0,-0.0,-0.0,0.0,-0.0,858.33,-0.0,0.0,-0.0,0.0,0.0,0.0,0.0,0.0,-0.3193,0.8865,-0.335,0.9463,0.2796,-0.1622,-0.0501,-0.3688,-0.9282,0.676,0.226,-0.7014,-0.7316,0.0917,-0.6755,-0.0884,0.9698,0.2273,-0.0,0.0,-0.0,0.0,0.0,0.0,-0.0008,-0.0112,-0.0003,37.629,23.0236,67.2373,0.0,0.0434,-0.3683,0.0,0.0,0.0,2632174.3432,3075382.5507,-5386764.0039,4861.1951,3825.6761,4566.2171,2632136.7143,3075359.5271,-5386831.2412,4861.1959,3825.6873,4566.2173,0.0,0.0765,3.9732,0.0,0.0,1.0,0.0,1.0,0.0,0.0,1.172,-23.972,0.0,1.0,0.0,0.0,0.0,-1.0,3.7739402485995988,0.01131370849898476,-0.373255,5.050765083179142,13.162985436867618,,
61.4121,74.65,2.687,2.649,70.704,2.225,2.58,-0.001,-0.008,0.008,-0.001,-0.008,0.008,-25.304,-1.474,-7.675,-0.0,0.0,-0.0,-0.0,0.0,-0.0,858.33,-0.0,0.0,-0.0,0.0,0.0,0.0,0.0,0.0,-0.3193,0.8865,-0.335,0.9463,0.2796,-0.1622,-0.0501,-0.3688,-0.9282,0.676,0.226,-0.7014,-0.7316,0.0917,-0.6755,-0.0884,0.9698,0.2273,-0.0,0.0,-0.0,0.0,0.0,0.0,-0.0008,-0.0112,-0.0003,37.6288,23.0213,67.2372,0.0,0.0434,-0.3683,0.0,0.0,0.0,2633180.6275,3076174.4514,-5385818.5594,4860.485,3824.8465,4567.6699,2633142.9987,3076151.43,-5385885.7966,4860.4858,3824.8577,4567.6701,0.0,0.0765,3.9732,0.0,0.0,1.0,0.0,1.0,0.0,0.0,1.172,-23.972,0.0,1.0,0.0,0.0,0.0,-1.0,3.773217459940521,0.01131370849898476,-0.37325,5.057006029813144,13.162809109886911,,
61.6206,74.65,2.685,2.651,70.704,2.223,2.581,-0.001,-0.008,0.008,-0.001,-0.008,0.008,-25.304,-1.474,-7.675,-0.0,0.0,-0.0,-0.0,0.0,-0.0,858.33,-0.0,0.0,-0.0,0.0,0.0,0.0,0.0,0.0,-0.3193,0.8865,-0.335,0.9463,0.2796,-0.1622,-0.0501,-0.3688,-0.9282,0.676,0.226,-0.7014,-0.7316,0.0917,-0.6755,-0.0884,0.9698,0.2273,-0.0,0.0,-0.0,0.0,0.0,0.0,-0.0008,-0.0112,-0.0003,37.6286,23.019,67.2372,0.0,0.0434,-0.3683,0.0,0.0,0.0,2634197.4576,3076974.5938,-5384862.7627,4859.7671,3824.0079,4569.1378,2634159.829,3076951.5748,-5384929.9999,4859.7679,3824.0191,4569.1381,0.0,0.0765,3.9732,0.0,0.0,1.0,0.0,1.0,0.0,0.0,1.172,-23.972,0.0,1.0,0.0,0.0,0.0,-1.0,3.773198378034211,0.01131370849898476,-0.37325,5.055834170570007,13.162809109886911,,
61.8271,74.65,2.684,2.652,70.703,2.222,2.583,-0.001,-0.008,0.008,-0.001,-0.008,0.008,-25.304,-1.474,-7.675,-0.0,0.0,-0.0,-0.0,0.0,-0.0,858.33,-0.0,0.0,-0.0,0.0,0.0,0.0,0.0,0.0,-0.3193,0.8865,-0.335,0.9463,0.2796,-0.1622,-0.0501,-0.3688,-0.9282,0.676,0.226,-0.7014,-0.7316,0.0917,-0.6755,-0.0884,0.9698,0.2273,-0.0,0.0,-0.0,0.0,0.0,0.0,-0.0008,-0.0112,-0.0003,37.6284,23.0167,67.2371,0.0,0.0434,-0.3683,0.0,0.0,0.0,2635201.197,3077764.3789,-5383918.8315,4859.0581,3823.1797,4570.5869,2635163.5685,3077741.3622,-5383986.0686,4859.0589,3823.1909,4570.5871,0.0,0.0765,3.9732,0.0,0.0,1.0,0.0,1.0,0.0,0.0,1.172,-23.972,0.0,1.0,0.0,0.0,0.0,-1.0,3.7731896321282345,0.01131370849898476,-0.37325,5.058117710082615,13.162809109886911,,
62.0272,74.649,2.682,2.654,70.703,2.22,2.584,-0.001,-0.008,0.008,-0.001,-0.008,0.008,-25.304,-1.474,-7.675,-0.0,0.0,-0.0,-0.0,0.0,-0.0,858.33,-0.0,0.0,-0.0,0.0,0.0,0.0,0.0,0.0,-0.3193,0.8865,-0.335,0.9463,0.2796,-0.1622,-0.0501,-0.3688,-0.9282,0.676,0.226,-0.7014,-0.7316,0.0917,-0.6755,-0.0884,0.9698,0.2273,-0.0,0.0,-0.0,0.0,0.0,0.0,-0.0009,-0.0112,-0.0003,37.6283,23.0145,67.2371,0.0,0.0434,-0.3683,0.0,0.0,0.0,2636169.6798,3078526.3702,-5383007.6388,4858.3736,3822.3803,4571.985,2636132.0515,3078503.3558,-5383074.8759,4858.3744,3822.3915,4571.9852,0.0,0.0765,3.9732,0.0,0.0,1.0,0.0,1.0,0.0,0.0,1.172,-23.972,0.0,1.0,0.0,0.0,0.0,-1.0,3.773173730429067,0.01131370849898476,-0.373245,5.058534555332001,13.162632782906202,,
62.2275,74.649,2.68,2.655,70.703,2.218,2.586,-0.001,-0.008,0.008,-0.001,-0.008,0.008,-25.304,-1.474,-7.675,-0.0,0.0,-0.0,-0.0,0.0,-0.0,858.33,-0.0,0.0,-0.0,0.0,0.0,0.0,0.0,0.0,-0.3193,0.8865,-0.335,0.9463,0.2796,-0.1622,-0.0501,-0.3688,-0.9282,0.676,0.226,-0.7014,-0.7316,0.0917,-0.6755,-0.0884,0.9698,0.2273,-0.0,0.0,-0.0,0.0,0.0,0.0,-0.0009,-0.0112,-0.0003,37.6281,23.0122,67.237,0.0,0.0434,-0.3683,0.0,0.0,0.0,2637141.3457,3079290.813,-5382093.0462,4857.6865,3821.578,4573.3876,2637103.7176,3079267.8008,-5382160.2831,4857.6874,3821.5892,4573.3879,0.0,0.0765,3.9732,0.0,0.0,1.0,0.0,1.0,0.0,0.0,1.172,-23.972,0.0,1.0,0.0,0.0,0.0,-1.0,3.772456096497347,0.01131370849898476,-0.373245,5.063191295766797,13.162632782906202,,
62.4347,74.649,2.679,2.657,70.703,2.217,2.588,-0.002,-0.008,0.008,-0.002,-0.008,0.008,-25.304,-1.474,-7.675,-0.0,0.0,-0.0,-0.0,0.0,-0.0,858.33,-0.0,0.0,-0.0,0.0,0.0,0.0,0.0,0.0,-0.3193,0.8865,-0.335,0.9463,0.2796,-0.1622,-0.0501,-0.3688,-0.9282,0.676,0.226,-0.7014,-0.7316,0.0917,-0.6755,-0.0884,0.9698,0.2273,-0.0,0.0,-0.0,0.0,0.0,0.0,-0.0009,-0.0113,-0.0003,37.6279,23.0099,67.2369,0.0,0.0434,-0.3683,0.0,0.0,0.0,2638154.7515,3080088.0387,-5381138.7257,4856.9695,3820.7408,4574.8505,2638117.1236,3080065.0289,-5381205.9627,4856.9704,3820.7521,4574.8507,0.0,0.0765,3.9732,0.0,0.0,1.0,0.0,1.0,0.0,0.0,1.172,-23.972,0.0,1.0,0.0,0.0,0.0,-1.0,3.7731538532108653,0.01131370849898476,-0.373245,5.064250883046462,13.162632782906202,,
62.642,74.649,2.677,2.659,70.702,2.215,2.589,-0.002,-0.008,0.008,-0.002,-0.008,0.008,-25.304,-1.474,-7.675,-0.0,0.0,-0.0,-0.0,0.0,-0.0,858.33,-0.0,0.0,-0.0,0.0,0.0,0.0,0.0,0.0,-0.3193,0.8865,-0.335,0.9463,0.2796,-0.1622,-0.0501,-0.3688,-0.9282,0.676,0.226,-0.7014,-0.7316,0.0917,-0.6755,-0.0884,0.9698,0.2273,-0.0,0.0,-0.0,0.0,0.0,0.0,-0.0009,-0.0113,-0.0003,37.6277,23.0075,67.2369,0.0,0.0434,-0.3683,0.0,0.0,0.0,2639162.1642,3080880.4932,-5380189.6068,4856.2564,3819.9083,4576.3046,2639124.5365,3080857.4857,-5380256.8437,4856.2573,3819.9196,4576.3049,0.0,0.0765,3.9732,0.0,0.0,1.0,0.0,1.0,0.0,0.0,1.172,-23.972,0.0,1.0,0.0,0.0,0.0,-1.0,3.7731432519850077,0.01131370849898476,-0.373245,5.06145426468429,13.162632782906202,,
62.8493,74.648,2.675,2.66,70.702,2.213,2.591,-0.002,-0.008,0.008,-0.002,-0.008,0.008,-25.304,-1.474,-7.675,-0.0,0.0,-0.0,-0.0,0.0,-0.0,858.33,-0.0,0.0,-0.0,0.0,0.0,0.0,0.0,0.0,-0.3193,0.8865,-0.335,0.9463,0.2796,-0.1622,-0.0501,-0.3688,-0.9282,0.676,0.226,-0.7014,-0.7316,0.0917,-0.6755,-0.0884,0.9698,0.2273,-0.0,0.0,-0.0,0.0,0.0,0.0,-0.0009,-0.0113,-0.0003,37.6275,23.0052,67.2368,0.0,0.0434,-0.3683,0.0,0.0,0.0,2640166.2599,3081670.2823,-5379243.175,4855.5453,3819.0782,4577.754,2640128.6324,3081647.2771,-5379310.4119,4855.5462,3819.0895,4577.7542,0.0,0.0765,3.9732,0.0,0.0,1.0,0.0,1.0,0.0,0.0,1.172,-23.972,0.0,1.0,0.0,0.0,0.0,-1.0,3.7724295884747803,0.01131370849898476,-0.37323999999999996,5.067714505813591,13.162456455925494,,
63.0527,74.648,2.674,2.662,70.702,2.212,2.592,-0.002,-0.008,0.008,-0.002,-0.008,0.008,-25.304,-1.474,-7.675,-0.0,0.0,-0.0,-0.0,0.0,-0.0,858.33,-0.0,0.0,-0.0,0.0,0.0,0.0,0.0,0.0,-0.3193,0.8865,-0.335,0.9463,0.2796,-0.1622,-0.0501,-0.3688,-0.9282,0.676,0.226,-0.7014,-0.7316,0.0917,-0.6755,-0.0884,0.9698,0.2273,-0.0,0.0,-0.0,0.0,0.0,0.0,-0.0009,-0.0113,-0.0003,37.6274,23.0029,67.2368,0.0,0.0434,-0.3683,0.0,0.0,0.0,2641152.0305,3082445.603,-5378313.5888,4854.8467,3818.2629,4579.1768,2641114.4031,3082422.6001,-5378380.8256,4854.8477,3818.2742,4579.1771,0.0,0.0765,3.9732,0.0,0.0,1.0,0.0,1.0,0.0,0.0,1.172,-23.972,0.0,1.0,0.0,0.0,0.0,-1.0,3.7731313255703145,0.01131370849898476,-0.37323999999999996,5.065768128035815,13.162456455925494,,
63.2621,74.648,2.672,2.663,70.701,2.21,2.594,-0.002,-0.008,0.008,-0.002,-0.008,0.008,-25.304,-1.474,-7.675,-0.0,0.0,-0.0,-0.0,0.0,-0.0,858.33,-0.0,0.0,-0.0,0.0,0.0,0.0,0.0,0.0,-0.3193,0.8865,-0.335,0.9463,0.2796,-0.1622,-0.0501,-0.3688,-0.9282,0.676,0.226,-0.7014,-0.7316,0.0917,-0.6755,-0.0884,0.9698,0.2273,-0.0,0.0,-0.0,0.0,0.0,0.0,-0.001,-0.0113,-0.0003,37.6271,23.0005,67.2367,0.0,0.0434,-0.3683,0.0,0.0,0.0,2642173.6495,3083249.0622,-5377349.751,4854.1224,3817.4176,4580.6514,2642136.0224,3083226.0617,-5377416.9877,4854.1234,3817.4289,4580.6516,0.0,0.0765,3.9732,0.0,0.0,1.0,0.0,1.0,0.0,0.0,1.172,-23.972,0.0,1.0,0.0,0.0,0.0,-1.0,3.772420045541058,0.01131370849898476,-0.37323999999999996,5.068829539050863,13.162456455925494,,
63.4635,74.647,2.67,2.665,70.701,2.208,2.595,-0.002,-0.008,0.008,-0.002,-0.008,0.008,-25.304,-1.474,-7.675,-0.0,0.0,-0.0,-0.0,0.0,-0.0,858.33,-0.0,0.0,-0.0,0.0,0.0,0.0,0.0,0.0,-0.3193,0.8865,-0.335,0.9463,0.2796,-0.1622,-0.0501,-0.3688,-0.9282,0.676,0.226,-0.7014,-0.7316,0.0917,-0.6755,-0.0884,0.9698,0.2273,-0.0,0.0,-0.0,0.0,0.0,0.0,-0.001,-0.0113,-0.0003,37.627,22.9982,67.2367,0.0,0.0434,-0.3683,0.0,0.0,0.0,2643149.2094,3084016.243,-5376428.9465,4853.4304,3816.6101,4582.0594,2643111.5824,3083993.2448,-5376496.1831,4853.4314,3816.6215,4582.0597,0.0,0.0765,3.9732,0.0,0.0,1.0,0.0,1.0,0.0,0.0,1.172,-23.972,0.0,1.0,0.0,0.0,0.0,-1.0,3.7724163343936468,0.01131370849898476,-0.37323500000000004,5.069227883487263,13.162280128944786,,
63.6656,74.647,2.669,2.667,70.701,2.206,2.597,-0.002,-0.008,0.008,-0.002,-0.008,0.008,-25.304,-1.474,-7.675,-0.0,0.0,-0.0,-0.0,0.0,-0.0,858.33,-0.0,0.0,-0.0,0.0,0.0,0.0,0.0,0.0,-0.3193,0.8865,-0.335,0.9463,0.2796,-0.1622,-0.0501,-0.3688,-0.9282,0.676,0.226,-0.7014,-0.7316,0.0917,-0.6755,-0.0884,0.9698,0.2273,-0.0,0.0,-0.0,0.0,0.0,0.0,-0.001,-0.0114,-0.0003,37.6268,22.9959,67.2366,0.0,0.0434,-0.3683,0.0,0.0,0.0,2644129.0995,3084786.7767,-5375503.6328,4852.7349,3815.7987,4583.4736,2644091.4727,3084763.7807,-5375570.8694,4852.7359,3815.8101,4583.4739,0.0,0.0765,3.9732,0.0,0.0,1.0,0.0,1.0,0.0,0.0,1.172,-23.972,0.0,1.0,0.0,0.0,0.0,-1.0,3.773122049443935,0.01131370849898476,-0.37323500000000004,5.085088118401209,13.162280128944786,,
63.8718,74.647,2.667,2.668,70.7,2.205,2.599,-0.002,-0.008,0.008,-0.002,-0.008,0.008,-25.304,-1.474,-7.675,-0.0,0.0,-0.0,-0.0,0.0,-0.0,858.33,-0.0,0.0,-0.0,0.0,0.0,0.0,0.0,0.0,-0.3193,0.8865,-0.335,0.9463,0.2796,-0.1622,-0.0501,-0.3688,-0.9282,0.676,0.226,-0.7014,-0.7316,0.0917,-0.6755,-0.0884,0.9698,0.2273,-0.0,0.0,-0.0,0.0,0.0,0.0,-0.001,-0.0114,-0.0003,37.6266,22.9936,67.2365,0.0,0.0434,-0.3683,0.0,0.0,0.0,2645129.2582,3085573.193,-5374558.7507,4852.0247,3814.9702,4584.9171,2645091.6317,3085550.1994,-5374625.9873,4852.0257,3814.9816,4584.9173,0.0,0.0765,3.9732,0.0,0.0,1.0,0.0,1.0,0.0,0.0,1.172,-23.972,0.0,1.0,0.0,0.0,0.0,-1.0,3.772414743900782,0.01131370849898476,-0.37323500000000004,5.073356256612518,13.162280128944786,,
64.0827,74.646,2.665,2.67,70.7,2.203,2.6,-0.002,-0.008,0.008,-0.002,-0.008,0.008,-25.304,-1.474,-7.675,-0.0,0.0,-0.0,-0.0,0.0,-0.0,858.33,-0.0,0.0,-0.0,0.0,0.0,0.0,0.0,0.0,-0.3193,0.8865,-0.335,0.9463,0.2796,-0.1622,-0.0501,-0.3688,-0.9282,0.676,0.226,-0.7014,-0.7316,0.0917,-0.6755,-0.0884,0.9698,0.2273,-0.0,0.0,-0.0,0.0,0.0,0.0,-0.001,-0.0114,-0.0003,37.6263,22.9912,67.2365,0.0,0.0434,-0.3683,0.0,0.0,0.0,2646146.3403,3086372.859,-5373597.4334,4851.3021,3814.1273,4586.3849,2646108.714,3086349.8678,-5373664.6699,4851.3032,3814.1387,4586.3852,0.0,0.0765,3.9732,0.0,0.0,1.0,0.0,1.0,0.0,0.0,1.172,-23.972,0.0,1.0,0.0,0.0,0.0,-1.0,3.7724163343936468,0.01131370849898476,-0.37323,5.07374601752788,13.162103801964077,,
64.2883,74.646,2.663,2.671,70.7,2.201,2.602,-0.002,-0.008,0.008,-0.002,-0.008,0.008,-25.304,-1.474,-7.675,-0.0,0.0,-0.0,-0.0,0.0,-0.0,858.33,-0.0,0.0,-0.0,0.0,0.0,0.0,0.0,0.0,-0.3193,0.8865,-0.335,0.9463,0.2796,-0.1622,-0.0501,-0.3688,-0.9282,0.676,0.226,-0.7014,-0.7316,0.0917,-0.6755,-0.0884,0.9698,0.2273,-0.0,0.0,-0.0,0.0,0.0,0.0,-0.0011,-0.0114,-0.0003,37.6261,22.9889,67.2364,0.0,0.0434,-0.3683,0.0,0.0,0.0,2647152.8777,3087164.1776,-5372645.6391,4850.5866,3813.2928,4587.8375,2647115.2515,3087141.1887,-5372712.8755,4850.5877,3813.3042,4587.8377,0.0,0.0765,3.9732,0.0,0.0,1.0,0.0,1.0,0.0,0.0,1.172,-23.972,0.0,1.0,0.0,0.0,0.0,-1.0,3.771711812957082,0.01131370849898476,-0.37323,5.078432031455503,13.162103801964077,,
64.4978,74.646,2.662,2.673,70.699,2.2,2.603,-0.002,-0.008,0.008,-0.002,-0.008,0.008,-25.304,-1.474,-7.675,-0.0,0.0,-0.0,-0.0,0.0,-0.0,858.33,-0.0,0.0,-0.0,0.0,0.0,0.0,0.0,0.0,-0.3193,0.8865,-0.335,0.9463,0.2796,-0.1622,-0.0501,-0.3688,-0.9282,0.676,0.226,-0.7014,-0.7316,0.0917,-0.6755,-0.0884,0.9698,0.2273,-0.0,0.0,-0.0,0.0,0.0,0.0,-0.0011,-0.0114,-0.0003,37.6259,22.9865,67.2364,0.0,0.0434,-0.3683,0.0,0.0,0.0,2648165.6042,3087960.305,-5371687.5457,4849.8663,3812.4529,4589.2989,2648127.9783,3087937.3186,-5371754.782,4849.8674,3812.4643,4589.2992,0.0,0.0765,3.9732,0.0,0.0,1.0,0.0,1.0,0.0,0.0,1.172,-23.972,0.0,1.0,0.0,0.0,0.0,-1.0,3.7724226963584027,0.01131370849898476,-0.37323,5.074857762601923,13.162103801964077,,
64.7063,74.645,2.66,2.674,70.699,2.198,2.605,-0.002,-0.008,0.008,-0.002,-0.008,0.008,-25.304,-1.474,-7.675,-0.0,0.0,-0.0,-0.0,0.0,-0.0,858.33,-0.0,0.0,-0.0,0.0,0.0,0.0,0.0,0.0,-0.3193,0.8865,-0.335,0.9463,0.2796,-0.1622,-0.0501,-0.3688,-0.9282,0.676,0.226,-0.7014,-0.7316,0.0917,-0.6755,-0.0884,0.9698,0.2273,-0.0,0.0,-0.0,0.0,0.0,0.0,-0.0011,-0.0114,-0.0003,37.6257,22.9841,67.2363,0.0,0.0434,-0.3683,0.0,0.0,0.0,2649173.4241,3088752.5187,-5370733.6489,4849.1492,3811.6167,4590.7533,2649135.7984,3088729.5346,-5370800.8852,4849.1503,3811.6281,4590.7535,0.0,0.0765,3.9732,0.0,0.0,1.0,0.0,1.0,0.0,0.0,1.172,-23.972,0.0,1.0,0.0,0.0,0.0,-1.0,3.7717205622898415,0.01131370849898476,-0.373225,5.081142601377504,13.161927474983367,,
64.9091,74.645,2.658,2.676,70.699,2.196,2.606,-0.002,-0.008,0.008,-0.002,-0.008,0.008,-25.304,-1.474,-7.675,-0.0,0.0,-0.0,-0.0,0.0,-0.0,858.33,-0.0,0.0,-0.0,0.0,0.0,0.0,0.0,0.0,-0.3193,0.8865,-0.335,0.9463,0.2796,-0.1622,-0.0501,-0.3688,-0.9282,0.676,0.226,-0.7014,-0.7316,0.0917,-0.6755,-0.0884,0.9698,0.2273,-0.0,0.0,-0.0,0.0,0.0,0.0,-0.0011,-0.0115,-0.0003,37.6254,22.9818,67.2363,0.0,0.0434,-0.3683,0.0,0.0,0.0,2650164.4358,3089531.4646,-5369795.2294,4848.4436,3810.7941,4592.1833,2650126.8104,3089508.4829,-5369862.4656,4848.4447,3810.8055,4592.1836,0.0,0.0765,3.9732,0.0,0.0,1.0,0.0,1.0,0.0,0.0,1.172,-23.972,0.0,1.0,0.0,0.0,0.0,-1.0,3.771729046471923,0.01131370849898476,-0.373225,5.079930322714003,13.161927474983367,,
65.1112,74.645,2.656,2.678,70.698,2.194,2.608,-0.002,-0.008,0.008,-0.002,-0.008,0.008,-25.304,-1.475,-7.675,-0.0,0.0,-0.0,-0.0,0.0,-0.0,858.33,-0.0,0.0,-0.0,0.0,0.0,0.0,0.0,0.0,-0.3193,0.8865,-0.335,0.9463,0.2796,-0.1622,-0.0501,-0.3688,-0.9282,0.676,0.226,-0.7014,-0.7316,0.0917,-0.6755,-0.0884,0.9698,0.2273,-0.0,0.0,-0.0,0.0,0.0,0.0,-0.0011,-0.0115,-0.0003,37.6252,22.9794,67.2362,0.0,0.0434,-0.3683,0.0,0.0,0.0,2651144.6583,3090301.8757,-5368866.6073,4847.7453,3809.9801,4593.5977,2651107.0331,3090278.8963,-5368933.8435,4847.7465,3809.9916,4593.598,0.0,0.0765,3.9732,0.0,0.0,1.0,0.0,1.0,0.0,0.0,1.172,-23.972,0.0,1.0,0.0,0.0,0.0,-1.0,3.771739651672687,0.01131370849898476,-0.373225,5.080135907487825,13.161927474983367,,
65.3204,74.644,2.655,2.679,70.698,2.193,2.61,-0.002,-0.009,0.008,-0.002,-0.009,0.008,-25.304,-1.475,-7.675,-0.0,0.0,-0.0,-0.0,0.0,-0.0,858.33,-0.0,0.0,-0.0,0.0,0.0,0.0,0.0,0.0,-0.3193,0.8865,-0.335,0.9463,0.2796,-0.1622,-0.0501,-0.3688,-0.9282,0.676,0.226,-0.7014,-0.7316,0.0917,-0.6755,-0.0884,0.9698,0.2273,-0.0,0.0,-0.0,0.0,0.0,0.0,-0.0012,-0.0115,-0.0003,37.625,22.9771,67.2361,0.0,0.0434,-0.3683,0.0,0.0,0.0,2652154.3527,3091095.3951,-5367909.622,4847.0257,3809.1413,4595.0546,2652116.7277,3091072.418,-5367976.8581,4847.0269,3809.1528,4595.0549,0.0,0.0765,3.9732,0.0,0.0,1.0,0.0,1.0,0.0,0.0,1.172,-23.972,0.0,1.0,0.0,0.0,0.0,-1.0,3.771745749649623,0.012041594578792296,-0.37322000000000005,5.085673154221605,13.161751148002661,,
65.5265,74.644,2.653,2.681,70.698,2.191,2.611,-0.002,-0.009,0.008,-0.002,-0.009,0.008,-25.304,-1.475,-7.675,-0.0,0.0,-0.0,-0.0,0.0,-0.0,858.33,-0.0,0.0,-0.0,0.0,0.0,0.0,0.0,0.0,-0.3193,0.8865,-0.335,0.9463,0.2796,-0.1622,-0.0501,-0.3688,-0.9282,0.676,0.226,-0.7014,-0.7316,0.0917,-0.6755,-0.0884,0.9698,0.2273,-0.0,0.0,-0.0,0.0,0.0,0.0,-0.0012,-0.0115,-0.0003,37.6247,22.9747,67.2361,0.0,0.0434,-0.3683,0.0,0.0,0.0,2653155.3742,3091882.042,-5366960.418,4846.3119,3808.3094,4596.499,2653117.7495,3091859.0673,-5367027.6541,4846.3131,3808.3209,4596.4993,0.0,0.0765,3.9732,0.0,0.0,1.0,0.0,1.0,0.0,0.0,1.172,-23.972,0.0,1.0,0.0,0.0,0.0,-1.0,3.7717595363437475,0.012041594578792296,-0.37322000000000005,5.084452674340827,13.161751148002661,,
65.7357,74.644,2.651,2.682,70.697,2.189,2.613,-0.002,-0.009,0.008,-0.002,-0.009,0.008,-25.304,-1.475,-7.675,-0.0,0.0,-0.0,-0.0,0.0,-0.0,858.33,-0.0,0.0,-0.0,0.0,0.0,0.0,0.0,0.0,-0.3193,0.8865,-0.335,0.9463,0.2796,-0.1622,-0.0501,-0.3688,-0.9282,0.676,0.226,-0.7014,-0.7316,0.0917,-0.6755,-0.0884,0.9698,0.2273,-0.0,0.0,-0.0,0.0,0.0,0.0,-0.0012,-0.0115,-0.0003,37.6245,22.9723,67.236,0.0,0.0434,-0.3683,0.0,0.0,0.0,2654170.2961,3092679.5553,-5365997.586,4845.5878,3807.4656,4597.9634,2654132.6717,3092656.583,-5366064.822,4845.589,3807.4771,4597.9636,0.0,0.0765,3.9732,0.0,0.0,1.0,0.0,1.0,0.0,0.0,1.172,-23.972,0.0,1.0,0.0,0.0,0.0,-1.0,3.771064173413123,0.012041594578792296,-0.37322000000000005,5.087550005768443,13.161751148002661,,
65.9443,74.643,2.649,2.684,70.697,2.187,2.614,-0.002,-0.009,0.008,-0.002,-0.009,0.008,-25.304,-1.475,-7.675,-0.0,0.0,-0.0,-0.0,0.0,-0.0,858.33,-0.0,0.0,-0.0,0.0,0.0,0.0,0.0,0.0,-0.3193,0.8865,-0.335,0.9463,0.2796,-0.1622,-0.0501,-0.3688,-0.9282,0.676,0.226,-0.7014,-0.7316,0.0917,-0.6755,-0.0884,0.9698,0.2273,-0.0,0.0,-0.0,0.0,0.0,0.0,-0.0012,-0.0115,-0.0003,37.6242,22.9699,67.236,0.0,0.0434,-0.3683,0.0,0.0,0.0,2655181.1594,3093473.8222,-5365038.156,4844.8662,3806.6248,4599.4218,2655143.5352,3093450.8523,-5365105.3919,4844.8674,3806.6364,4599.4221,0.0,0.0765,3.9732,0.0,0.0,1.0,0.0,1.0,0.0,0.0,1.172,-23.972,0.0,1.0,0.0,0.0,0.0,-1.0,3.771081675063536,0.012041594578792296,-0.373215,5.087916654880222,13.16157482102195,,
66.1548,74.643,2.647,2.686,70.697,2.185,2.616,-0.002,-0.009,0.008,-0.002,-0.009,0.008,-25.304,-1.475,-7.675,-0.0,0.0,-0.0,-0.0,0.0,-0.0,854.83,-0.0,0.0,-0.0,0.0,0.0,0.0,0.0,0.0,-0.3193,0.8865,-0.335,0.9463,0.2796,-0.1622,-0.0501,-0.3688,-0.9282,0.676,0.226,-0.7014,-0.7316,0.0917,-0.6755,-0.0884,0.9698,0.2273,-0.0,0.0,-0.0,0.0,0.0,0.0,-0.0012,-0.0116,-0.0003,37.624,22.9674,67.2359,0.0,0.0434,-0.3675,0.0,0.0,0.0,2656194.7325,3094270.1609,-5364075.7048,4844.1423,3805.7815,4600.8842,2656157.1085,3094247.1935,-5364142.9407,4844.1435,3805.793,4600.8844,0.0,0.0765,3.9732,0.0,0.0,1.0,0.0,1.0,0.0,0.0,1.172,-23.972,0.0,1.0,0.0,0.0,0.0,-1.0,3.771101298029529,0.012041594578792296,-0.373215,5.089733359741449,13.16157482102195,,
66.3569,74.643,2.646,2.687,70.696,2.184,2.618,-0.002,-0.009,0.008,-0.002,-0.009,0.008,-25.304,-1.475,-7.675,-0.0,0.0,-0.0,-0.0,0.0,-0.0,854.83,-0.0,0.0,-0.0,0.0,0.0,0.0,0.0,0.0,-0.3193,0.8865,-0.335,0.9463,0.2796,-0.1622,-0.0501,-0.3688,-0.9282,0.676,0.226,-0.7014,-0.7316,0.0917,-0.6755,-0.0884,0.9698,0.2273,-0.0,0.0,-0.0,0.0,0.0,0.0,-0.0013,-0.0116,-0.0003,37.6237,22.9651,67.2358,0.0,0.0434,-0.3675,0.0,0.0,0.0,2657178.0436,3095042.6686,-5363141.5598,4843.4396,3804.963,4602.3028,2657140.4199,3095019.7035,-5363208.7956,4843.4408,3804.9745,4602.3031,0.0,0.0765,3.9732,0.0,0.0,1.0,0.0,1.0,0.0,0.0,1.172,-23.972,0.0,1.0,0.0,0.0,0.0,-1.0,3.7711119049956605,0.012041594578792296,-0.373215,5.092083956652704,13.16157482102195,,
66.5572,74.642,2.644,2.689,70.696,2.182,2.619,-0.002,-0.009,0.008,-0.002,-0.009,0.008,-25.304,-1.475,-7.675,-0.0,0.0,-0.0,-0.0,0.0,-0.0,854.83,-0.0,0.0,-0.0,0.0,0.0,0.0,0.0,0.0,-0.3193,0.8865,-0.335,0.9463,0.2796,-0.1622,-0.0501,-0.3688,-0.9282,0.676,0.226,-0.7014,-0.7316,0.0917,-0.6755,-0.0884,0.9698,0.2273,-0.0,0.0,-0.0,0.0,0.0,0.0,-0.0013,-0.0116,-0.0003,37.6235,22.9628,67.2358,0.0,0.0434,-0.3675,0.0,0.0,0.0,2658145.5214,3095802.6843,-5362222.0444,4842.7479,3804.1573,4603.6986,2658107.8979,3095779.7215,-5362289.2802,4842.7492,3804.1689,4603.6988,0.0,0.0765,3.9732,0.0,0.0,1.0,0.0,1.0,0.0,0.0,1.172,-23.972,0.0,1.0,0.0,0.0,0.0,-1.0,3.771134709871818,0.012041594578792296,-0.37321,5.092442080519861,13.161398494041242,,
66.7674,74.642,2.642,2.69,70.696,2.18,2.621,-0.002,-0.009,0.008,-0.002,-0.009,0.008,-25.304,-1.475,-7.675,-0.0,0.0,-0.0,-0.0,0.0,-0.0,851.33,-0.0,0.0,-0.0,0.0,0.0,0.0,0.0,0.0,-0.3193,0.8865,-0.335,0.9463,0.2796,-0.1622,-0.0501,-0.3688,-0.9282,0.676,0.226,-0.7014,-0.7316,0.0917,-0.6755,-0.0884,0.9698,0.2273,-0.0,0.0,-0.0,0.0,0.0,0.0,-0.0013,-0.0116,-0.0003,37.6232,22.9603,67.2357,0.0,0.0434,-0.3666,0.0,0.0,0.0,2659163.9203,3096602.6459,-5361253.685,4842.0194,3803.3089,4605.1677,2659126.2972,3096579.6855,-5361320.9208,4842.0207,3803.3205,4605.168,0.0,0.0765,3.9732,0.0,0.0,1.0,0.0,1.0,0.0,0.0,1.172,-23.972,0.0,1.0,0.0,0.0,0.0,-1.0,3.7704461274496417,0.012041594578792296,-0.37321,5.09716228991104,13.161398494041242,,
66.9765,74.642,2.64,2.692,70.695,2.178,2.622,-0.002,-0.009,0.008,-0.002,-0.009,0.008,-25.304,-1.475,-7.675,-0.0,0.0,-0.0,-0.0,0.0,-0.0,851.33,-0.0,0.0,-0.0,0.0,0.0,0.0,0.0,0.0,-0.3193,0.8865,-0.335,0.9463,0.2796,-0.1622,-0.0501,-0.3688,-0.9282,0.676,0.226,-0.7014,-0.7316,0.0917,-0.6755,-0.0884,0.9698,0.2273,-0.0,0.0,-0.0,0.0,0.0,0.0,-0.0013,-0.0116,-0.0003,37.6229,22.9579,67.2357,0.0,0.0434,-0.3666,0.0,0.0,0.0,2660178.878,3097399.846,-5360288.1481,4841.2929,3802.4631,4606.6319,2660141.2551,3097376.8881,-5360355.3838,4841.2943,3802.4747,4606.6322,0.0,0.0765,3.9732,0.0,0.0,1.0,0.0,1.0,0.0,0.0,1.172,-23.972,0.0,1.0,0.0,0.0,0.0,-1.0,3.770472649416781,0.012041594578792296,-0.37321,5.094315896189616,13.161398494041242,,
67.1872,74.641,2.638,2.693,70.695,2.176,2.624,-0.002,-0.009,0.008,-0.002,-0.009,0.008,-25.304,-1.475,-7.675,-0.0,0.0,-0.0,-0.0,0.0,-0.0,851.33,-0.0,0.0,-0.0,0.0,0.0,0.0,0.0,0.0,-0.3193,0.8865,-0.335,0.9463,0.2796,-0.1622,-0.0501,-0.3688,-0.9282,0.676,0.226,-0.7014,-0.7316,0.0917,-0.6755,-0.0884,0.9698,0.2273,-0.0,0.0,-0.0,0.0,0.0,0.0,-0.0013,-0.0116,-0.0003,37.6227,22.9555,67.2356,0.0,0.0434,-0.3666,0.0,0.0,0.0,2661192.6943,3098196.0917,-5359323.2477,4840.567,3801.6178,4608.0944,2661155.0716,3098173.1363,-5359390.4834,4840.5683,3801.6294,4608.0947,0.0,0.0765,3.9732,0.0,0.0,1.0,0.0,1.0,0.0,0.0,1.172,-23.972,0.0,1.0,0.0,0.0,0.0,-1.0,3.76978686400173,0.012041594578792296,-0.373205,5.100633151725561,13.161222167060535,,
67.3953,74.641,2.637,2.695,70.695,2.175,2.625,-0.002,-0.009,0.008,-0.002,-0.009,0.008,-25.304,-1.475,-7.675,-0.0,0.0,-0.0,-0.0,0.0,-0.0,851.33,-0.0,0.0,-0.0,0.0,0.0,0.0,0.0,0.0,-0.3193,0.8865,-0.335,0.9463,0.2796,-0.1622,-0.0501,-0.3688,-0.9282,0.676,0.226,-0.7014,-0.7316,0.0917,-0.6755,-0.0884,0.9698,0.2273,-0.0,0.0,-0.0,0.0,0.0,0.0,-0.0014,-0.0117,-0.0003,37.6223,22.953,67.2356,0.0,0.0434,-0.3666,0.0,0.0,0.0,2662205.3146,3098991.3414,-5358359.0312,4839.8414,3800.7732,4609.5551,2662167.6923,3098968.3883,-5358426.2667,4839.8428,3800.7848,4609.5554,0.0,0.0765,3.9732,0.0,0.0,1.0,0.0,1.0,0.0,0.0,1.172,-23.972,0.0,1.0,0.0,0.0,0.0,-1.0,3.7705164102547015,0.012041594578792296,-0.373205,5.09863475933353,13.161222167060535,,
67.5973,74.641,2.635,2.697,70.694,2.173,2.627,-0.002,-0.009,0.008,-0.002,-0.009,0.008,-25.304,-1.475,-7.675,-0.0,0.0,-0.0,-0.0,0.0,-0.0,851.33,-0.0,0.0,-0.0,0.0,0.0,0.0,0.0,0.0,-0.3193,0.8865,-0.335,0.9463,0.2796,-0.1622,-0.0501,-0.3688,-0.9282,0.676,0.226,-0.7014,-0.7316,0.0917,-0.6755,-0.0884,0.9698,0.2273,-0.0,0.0,-0.0,0.0,0.0,0.0,-0.0014,-0.0117,-0.0003,37.6221,22.9507,67.2355,0.0,0.0434,-0.3666,0.0,0.0,0.0,2663183.0461,3099759.1364,-5357427.6115,4839.1405,3799.9573,4610.9654,2663145.4241,3099736.1857,-5357494.847,4839.1419,3799.969,4610.9657,0.0,0.0765,3.9732,0.0,0.0,1.0,0.0,1.0,0.0,0.0,1.172,-23.972,0.0,1.0,0.0,0.0,0.0,-1.0,3.77054823599964,0.012041594578792296,-0.373205,5.098844732601291,13.161222167060535,,
67.7977,74.64,2.633,2.698,70.694,2.171,2.629,-0.002,-0.009,0.008,-0.002,-0.009,0.008,-25.304,-1.475,-7.675,-0.0,0.0,-0.0,-0.0,0.0,-0.0,851.33,-0.0,0.0,-0.0,0.0,0.0,0.0,0.0,0.0,-0.3193,0.8865,-0.335,0.9463,0.2796,-0.1622,-0.0501,-0.3688,-0.9282,0.676,0.226,-0.7014,-0.7316,0.0917,-0.6755,-0.0884,0.9698,0.2273,-0.0,0.0,-0.0,0.0,0.0,0.0,-0.0014,-0.0117,-0.0003,37.6218,22.9483,67.2354,0.0,0.0434,-0.3666,0.0,0.0,0.0,2664155.6388,3100522.8428,-5356500.67,4838.443,3799.1455,4612.3683,2664118.017,3100499.8945,-5356567.9054,4838.4444,3799.1572,4612.3686,0.0,0.0765,3.9732,0.0,0.0,1.0,0.0,1.0,0.0,0.0,1.172,-23.972,0.0,1.0,0.0,0.0,0.0,-1.0,3.769866443257639,0.012041594578792296,-0.3732,5.105170817182328,13.161045840079826,,
67.9987,74.64,2.631,2.7,70.694,2.169,2.63,-0.002,-0.009,0.008,-0.002,-0.009,0.008,-25.304,-1.475,-7.675,-0.0,0.0,-0.0,-0.0,0.0,-0.0,851.33,-0.0,0.0,-0.0,0.0,0.0,0.0,0.0,0.0,-0.3193,0.8865,-0.335,0.9463,0.2796,-0.1622,-0.0501,-0.3688,-0.9282,0.676,0.226,-0.7014,-0.7316,0.0917,-0.6755,-0.0884,0.9698,0.2273,-0.0,0.0,-0.0,0.0,0.0,0.0,-0.0014,-0.0117,-0.0003,37.6215,22.946,67.2354,0.0,0.0434,-0.3666,0.0,0.0,0.0,2665125.0598,3101284.0063,-5355576.3353,4837.7473,3798.3359,4613.7666,2665087.4383,3101261.0604,-5355643.5706,4837.7487,3798.3476,4613.7669,0.0,0.0765,3.9732,0.0,0.0,1.0,0.0,1.0,0.0,0.0,1.172,-23.972,0.0,1.0,0.0,0.0,0.0,-1.0,3.7699019881158713,0.012041594578792296,-0.3732,5.10392053353782,13.161045840079826,,
68.2031,74.64,2.63,2.701,70.693,2.167,2.632,-0.002,-0.009,0.008,-0.002,-0.009,0.008,-25.304,-1.475,-7.675,-0.0,0.0,-0.0,-0.0,0.0,-0.0,851.33,-0.0,0.0,-0.0,0.0,0.0,0.0,0.0,0.0,-0.3193,0.8865,-0.335,0.9463,0.2796,-0.1622,-0.0501,-0.3688,-0.9282,0.676,0.226,-0.7014,-0.7316,0.0917,-0.6755,-0.0884,0.9698,0.2273,-0.0,0.0,-0.0,0.0,0.0,0.0,-0.0014,-0.0117,-0.0003,37.6212,22.9436,67.2353,0.0,0.0434,-0.3666,0.0,0.0,0.0,2666110.0536,3102057.3428,-5354636.7311,4837.0401,3797.5131,4615.1873,2666072.4323,3102034.3992,-5354703.9664,4837.0416,3797.5248,4615.1876,0.0,0.0765,3.9732,0.0,0.0,1.0,0.0,1.0,0.0,0.0,1.172,-23.972,0.0,1.0,0.0,0.0,0.0,-1.0,3.7699205561921327,0.012041594578792296,-0.3732,5.121076113783776,13.161045840079826,,
68.4093,74.639,2.628,2.703,70.693,2.166,2.633,-0.002,-0.009,0.008,-0.002,-0.009,0.008,-25.304,-1.475,-7.675,-0.0,0.0,-0.0,-0.0,0.0,-0.0,851.33,-0.0,0.0,-0.0,0.0,0.0,0.0,0.0,0.0,-0.3193,0.8865,-0.335,0.9463,0.2796,-0.1622,-0.0501,-0.3688,-0.9282,0.676,0.226,-0.7014,-0.7316,0.0917,-0.6755,-0.0884,0.9698,0.2273,-0.0,0.0,-0.0,0.0,0.0,0.0,-0.0014,-0.0117,-0.0003,37.6209,22.9412,67.2353,0.0,0.0434,-0.3666,0.0,0.0,0.0,2667106.1556,3102839.345,-5353686.0968,4836.3246,3796.6806,4616.624,2667068.5346,3102816.4038,-5353753.3321,4836.3261,3796.6923,4616.6242,0.0,0.0765,3.9732,0.0,0.0,1.0,0.0,1.0,0.0,0.0,1.172,-23.972,0.0,1.0,0.0,0.0,0.0,-1.0,3.769959283599758,0.012041594578792296,-0.373195,5.1066325226671605,13.160869513099117,,
68.6196,74.639,2.626,2.704,70.693,2.164,2.635,-0.002,-0.009,0.008,-0.002,-0.009,0.008,-25.304,-1.475,-7.675,-0.0,0.0,-0.0,-0.0,0.0,-0.0,851.33,-0.0,0.0,-0.0,0.0,0.0,0.0,0.0,0.0,-0.3193,0.8865,-0.335,0.9463,0.2796,-0.1622,-0.0501,-0.3688,-0.9282,0.676,0.226,-0.7014,-0.7316,0.0917,-0.6755,-0.0884,0.9698,0.2273,-0.0,0.0,-0.0,0.0,0.0,0.0,-0.0015,-0.0118,-0.0003,37.6206,22.9387,67.2352,0.0,0.0434,-0.3666,0.0,0.0,0.0,2668123.5608,3103638.0141,-5352714.6806,4835.5934,3795.83,4618.0913,2668085.9402,3103615.0754,-5352781.9159,4835.5949,3795.8417,4618.0916,0.0,0.0765,3.9732,0.0,0.0,1.0,0.0,1.0,0.0,0.0,1.172,-23.972,0.0,1.0,0.0,0.0,0.0,-1.0,3.769282690380227,0.012041594578792296,-0.373195,5.1113775198678315,13.160869513099117,,
68.8282,74.639,2.624,2.706,70.692,2.162,2.636,-0.002,-0.009,0.008,-0.002,-0.009,0.008,-25.304,-1.475,-7.675,-0.0,0.0,-0.0,-0.0,0.0,-0.0,851.33,-0.0,0.0,-0.0,0.0,0.0,0.0,0.0,0.0,-0.3193,0.8865,-0.335,0.9463,0.2796,-0.1622,-0.0501,-0.3688,-0.9282,0.676,0.226,-0.7014,-0.7316,0.0917,-0.6755,-0.0884,0.9698,0.2273,-0.0,0.0,-0.0,0.0,0.0,0.0,-0.0015,-0.0118,-0.0003,37.6203,22.9363,67.2352,0.0,0.0434,-0.3666,0.0,0.0,0.0,2669136.6838,3104433.264,-5351746.8986,4834.8649,3794.9826,4619.5524,2669099.0635,3104410.3278,-5351814.1338,4834.8664,3794.9943,4619.5527,0.0,0.0765,3.9732,0.0,0.0,1.0,0.0,1.0,0.0,0.0,1.172,-23.972,0.0,1.0,0.0,0.0,0.0,-1.0,3.769325138536075,0.012041594578792296,-0.373195,5.108510336089588,13.160869513099117,,
69.0322,74.638,2.622,2.708,70.692,2.16,2.638,-0.002,-0.009,0.008,-0.002,-0.009,0.008,-25.304,-1.475,-7.675,-0.0,0.0,-0.0,-0.0,0.0,-0.0,851.33,-0.0,0.0,-0.0,0.0,0.0,0.0,0.0,0.0,-0.3193,0.8865,-0.335,0.9463,0.2796,-0.1622,-0.0501,-0.3688,-0.9282,0.676,0.226,-0.7014,-0.7316,0.0917,-0.6755,-0.0884,0.9698,0.2273,-0.0,0.0,-0.0,0.0,0.0,0.0,-0.0015,-0.0118,-0.0003,37.62,22.9338,67.2351,0.0,0.0434,-0.3666,0.0,0.0,0.0,2670126.412,3105210.0938,-5350801.0317,4834.1528,3794.1544,4620.9798,2670088.792,3105187.1599,-5350868.2668,4834.1543,3794.1662,4620.9801,0.0,0.0765,3.9732,0.0,0.0,1.0,0.0,1.0,0.0,0.0,1.172,-23.972,0.0,1.0,0.0,0.0,0.0,-1.0,3.769369708585243,0.012041594578792296,-0.37319,5.111921222944865,13.16069318611841,,
69.2322,74.638,2.62,2.709,70.692,2.158,2.639,-0.002,-0.009,0.008,-0.002,-0.009,0.008,-25.304,-1.475,-7.675,-0.0,0.0,-0.0,-0.0,0.0,-0.0,851.33,-0.0,0.0,-0.0,0.0,0.0,0.0,0.0,0.0,-0.3193,0.8865,-0.335,0.9463,0.2796,-0.1622,-0.0501,-0.3688,-0.9282,0.676,0.226,-0.7014,-0.7316,0.0917,-0.6755,-0.0884,0.9698,0.2273,-0.0,0.0,-0.0,0.0,0.0,0.0,-0.0015,-0.0118,-0.0003,37.6197,22.9315,67.235,0.0,0.0434,-0.3666,0.0,0.0,0.0,2671095.8615,3105970.9544,-5349874.1217,4833.455,3793.3429,4622.3779,2671058.2418,3105948.0229,-5349941.3567,4833.4565,3793.3547,4622.3782,0.0,0.0765,3.9732,0.0,0.0,1.0,0.0,1.0,0.0,0.0,1.172,-23.972,0.0,1.0,0.0,0.0,0.0,-1.0,3.768697520364297,0.012041594578792296,-0.37319,5.113587314853279,13.16069318611841,,
69.4344,74.638,2.619,2.711,70.691,2.156,2.641,-0.002,-0.009,0.008,-0.002,-0.009,0.008,-25.304,-1.475,-7.675,-0.0,0.0,-0.0,-0.0,0.0,-0.0,851.33,-0.0,0.0,-0.0,0.0,0.0,0.0,0.0,0.0,-0.3193,0.8865,-0.335,0.9463,0.2796,-0.1622,-0.0501,-0.3688,-0.9282,0.676,0.226,-0.7014,-0.7316,0.0917,-0.6755,-0.0884,0.9698,0.2273,-0.0,0.0,-0.0,0.0,0.0,0.0,-0.0015,-0.0118,-0.0003,37.6194,22.9291,67.235,0.0,0.0434,-0.3666,0.0,0.0,0.0,2672064.4558,3106731.0905,-5348947.6179,4832.7574,3792.5318,4623.7747,2672026.8364,3106708.1614,-5349014.8529,4832.7589,3792.5436,4623.7749,0.0,0.0765,3.9732,0.0,0.0,1.0,0.0,1.0,0.0,0.0,1.172,-23.972,0.0,1.0,0.0,0.0,0.0,-1.0,3.7694405420433412,0.012041594578792296,-0.37319,5.127828533341392,13.16069318611841,,
69.643,74.637,2.617,2.712,70.691,2.155,2.643,-0.002,-0.009,0.008,-0.002,-0.009,0.008,-25.304,-1.475,-7.675,-0.0,0.0,-0.0,-0.0,0.0,-0.0,851.33,-0.0,0.0,-0.0,0.0,0.0,0.0,0.0,0.0,-0.3193,0.8865,-0.335,0.9463,0.2796,-0.1622,-0.0501,-0.3688,-0.9282,0.676,0.226,-0.7014,-0.7316,0.0917,-0.6755,-0.0884,0.9698,0.2273,-0.0,0.0,-0.0,0.0,0.0,0.0,-0.0016,-0.0118,-0.0003,37.6191,22.9266,67.2349,0.0,0.0434,-0.3666,0.0,0.0,0.0,2673072.1022,3107521.8178,-5347983.3207,4832.0313,3791.6877,4625.2277,2673034.4831,3107498.8912,-5348050.5556,4832.0329,3791.6995,4625.228,0.0,0.0765,3.9732,0.0,0.0,1.0,0.0,1.0,0.0,0.0,1.172,-23.972,0.0,1.0,0.0,0.0,0.0,-1.0,3.7687707545033833,0.012041594578792296,-0.373185,5.119394284675945,13.1605168591377,,
69.8432,74.637,2.615,2.714,70.691,2.153,2.644,-0.002,-0.009,0.008,-0.002,-0.009,0.008,-25.304,-1.475,-7.675,-0.0,0.0,-0.0,-0.0,0.0,-0.0,851.33,-0.0,0.0,-0.0,0.0,0.0,0.0,0.0,0.0,-0.3193,0.8865,-0.335,0.9463,0.2796,-0.1622,-0.0501,-0.3688,-0.9282,0.676,0.226,-0.7014,-0.7316,0.0917,-0.6755,-0.0884,0.9698,0.2273,-0.0,0.0,-0.0,0.0,0.0,0.0,-0.0016,-0.0119,-0.0003,37.6187,22.9243,67.2349,0.0,0.0434,-0.3666,0.0,0.0,0.0,2674045.5017,3108285.6162,-5347051.3721,4831.3295,3790.8719,4626.6314,2674007.883,3108262.692,-5347118.607,4831.3311,3790.8837,4626.6317,0.0,0.0765,3.9732,0.0,0.0,1.0,0.0,1.0,0.0,0.0,1.172,-23.972,0.0,1.0,0.0,0.0,0.0,-1.0,3.7688222298219376,0.012041594578792296,-0.373185,5.1181220967073076,13.1605168591377,,
70.0436,74.637,2.613,2.715,70.69,2.151,2.646,-0.002,-0.009,0.008,-0.002,-0.009,0.008,-25.304,-1.475,-7.675,-0.0,0.0,-0.0,-0.0,0.0,-0.0,851.33,-0.0,0.0,-0.0,0.0,0.0,0.0,0.0,0.0,-0.3193,0.8865,-0.335,0.9463,0.2796,-0.1622,-0.0501,-0.3688,-0.9282,0.676,0.226,-0.7014,-0.7316,0.0917,-0.6755,-0.0884,0.9698,0.2273,-0.0,0.0,-0.0,0.0,0.0,0.0,-0.0016,-0.0119,-0.0003,37.6184,22.9219,67.2348,0.0,0.0434,-0.3666,0.0,0.0,0.0,2675010.0869,3109042.446,-5346127.4477,4830.6338,3790.0632,4628.0223,2674972.4685,3109019.5241,-5346194.6825,4830.6354,3790.075,4628.0226,0.0,0.0765,3.9732,0.0,0.0,1.0,0.0,1.0,0.0,0.0,1.172,-23.972,0.0,1.0,0.0,0.0,0.0,-1.0,3.768155251578682,0.012041594578792296,-0.373185,5.1212804592863534,13.1605168591377,,
70.2453,74.636,2.611,2.717,70.69,2.149,2.647,-0.002,-0.009,0.008,-0.002,-0.009,0.008,-25.304,-1.475,-7.675,-0.0,0.0,-0.0,-0.0,0.0,-0.0,851.33,-0.0,0.0,-0.0,0.0,0.0,0.0,0.0,0.0,-0.3193,0.8865,-0.335,0.9463,0.2796,-0.1622,-0.0501,-0.3688,-0.9282,0.676,0.226,-0.7014,-0.7316,0.0917,-0.6755,-0.0884,0.9698,0.2273,-0.0,0.0,-0.0,0.0,0.0,0.0,-0.0016,-0.0119,-0.0003,37.6181,22.9195,67.2348,0.0,0.0434,-0.3666,0.0,0.0,0.0,2675985.4381,3109807.6696,-5345192.7933,4829.9299,3789.2451,4629.4287,2675947.82,3109784.7501,-5345260.0281,4829.9315,3789.257,4629.4289,0.0,0.0765,3.9732,0.0,0.0,1.0,0.0,1.0,0.0,0.0,1.172,-23.972,0.0,1.0,0.0,0.0,0.0,-1.0,3.7682104505985334,0.012041594578792296,-0.37317999999999996,5.121593254553398,13.160340532156992,,
70.4538,74.636,2.609,2.718,70.69,2.147,2.649,-0.002,-0.009,0.008,-0.002,-0.009,0.008,-25.304,-1.475,-7.675,-0.0,0.0,-0.0,-0.0,0.0,-0.0,851.33,-0.0,0.0,-0.0,0.0,0.0,0.0,0.0,0.0,-0.3193,0.8865,-0.335,0.9463,0.2796,-0.1622,-0.0501,-0.3688,-0.9282,0.676,0.226,-0.7014,-0.7316,0.0917,-0.6755,-0.0884,0.9698,0.2273,-0.0,0.0,-0.0,0.0,0.0,0.0,-0.0016,-0.0119,-0.0003,37.6178,22.917,67.2347,0.0,0.0434,-0.3666,0.0,0.0,0.0,2676990.9395,3110596.4913,-5344228.8092,4829.2038,3788.4014,4630.8785,2676953.3217,3110573.5743,-5344296.0439,4829.2055,3788.4134,4630.8788,0.0,0.0765,3.9732,0.0,0.0,1.0,0.0,1.0,0.0,0.0,1.172,-23.972,0.0,1.0,0.0,0.0,0.0,-1.0,3.7675462837236653,0.012041594578792296,-0.37317999999999996,5.126362428870603,13.160340532156992,,
70.6603,74.636,2.607,2.72,70.689,2.145,2.65,-0.002,-0.009,0.008,-0.002,-0.009,0.008,-25.304,-1.475,-7.675,-0.0,0.0,-0.0,-0.0,0.0,-0.0,851.33,-0.0,0.0,-0.0,0.0,0.0,0.0,0.0,0.0,-0.3193,0.8865,-0.335,0.9463,0.2796,-0.1622,-0.0501,-0.3688,-0.9282,0.676,0.226,-0.7014,-0.7316,0.0917,-0.6755,-0.0884,0.9698,0.2273,-0.0,0.0,-0.0,0.0,0.0,0.0,-0.0017,-0.0119,-0.0003,37.6174,22.9145,67.2346,0.0,0.0434,-0.3666,0.0,0.0,0.0,2677992.1184,3111381.8655,-5343268.5235,4828.4806,3787.5611,4632.322,2677954.5009,3111358.951,-5343335.7581,4828.4822,3787.573,4632.3223,0.0,0.0765,3.9732,0.0,0.0,1.0,0.0,1.0,0.0,0.0,1.172,-23.972,0.0,1.0,0.0,0.0,0.0,-1.0,3.76760520755559,0.012041594578792296,-0.37317999999999996,5.123474984381517,13.160340532156992,,
70.8604,74.635,2.606,2.721,70.689,2.144,2.652,-0.002,-0.009,0.008,-0.002,-0.009,0.008,-25.304,-1.475,-7.675,-0.0,0.0,-0.0,-0.0,0.0,-0.0,851.33,-0.0,0.0,-0.0,0.0,0.0,0.0,0.0,0.0,-0.3193,0.8865,-0.335,0.9463,0.2796,-0.1622,-0.0501,-0.3688,-0.9282,0.676,0.226,-0.7014,-0.7316,0.0917,-0.6755,-0.0884,0.9698,0.2273,-0.0,0.0,-0.0,0.0,0.0,0.0,-0.0017,-0.0119,-0.0003,37.6171,22.9122,67.2346,0.0,0.0434,-0.3666,0.0,0.0,0.0,2678955.1951,3112137.2973,-5342344.3645,4827.7844,3786.7523,4633.7106,2678917.578,3112114.3851,-5342411.5991,4827.7861,3786.7643,4633.7108,0.0,0.0765,3.9732,0.0,0.0,1.0,0.0,1.0,0.0,0.0,1.172,-23.972,0.0,1.0,0.0,0.0,0.0,-1.0,3.7676354653814377,0.012041594578792296,-0.37317500000000003,5.129083849342995,13.160164205176285,,
71.0619,74.635,2.604,2.723,70.688,2.142,2.653,-0.002,-0.009,0.008,-0.002,-0.009,0.008,-25.304,-1.475,-7.675,-0.0,0.0,-0.0,-0.0,0.0,-0.0,851.33,-0.0,0.0,-0.0,0.0,0.0,0.0,0.0,0.0,-0.3193,0.8865,-0.335,0.9463,0.2796,-0.1622,-0.0501,-0.3688,-0.9282,0.676,0.226,-0.7014,-0.7316,0.0917,-0.6755,-0.0884,0.9698,0.2273,-0.0,0.0,-0.0,0.0,0.0,0.0,-0.0017,-0.012,-0.0003,37.6167,22.9098,67.2345,0.0,0.0434,-0.3666,0.0,0.0,0.0,2679927.9624,3112900.2766,-5341410.4927,4827.081,3785.9352,4635.1131,2679890.3456,3112877.3668,-5341477.7272,4827.0827,3785.9471,4635.1133,0.0,0.0765,3.9732,0.0,0.0,1.0,0.0,1.0,0.0,0.0,1.172,-23.972,0.0,1.0,0.0,0.0,0.0,-1.0,3.767697572788984,0.012041594578792296,-0.37317500000000003,5.1261917969298905,13.160164205176285,,
71.2646,74.634,2.602,2.725,70.688,2.14,2.655,-0.002,-0.009,0.008,-0.002,-0.009,0.008,-25.304,-1.475,-7.675,-0.0,0.0,-0.0,-0.0,0.0,-0.0,851.33,-0.0,0.0,-0.0,0.0,0.0,0.0,0.0,0.0,-0.3193,0.8865,-0.335,0.9463,0.2796,-0.1622,-0.0501,-0.3688,-0.9282,0.676,0.226,-0.7014,-0.7316,0.0917,-0.6755,-0.0884,0.9698,0.2273,-0.0,0.0,-0.0,0.0,0.0,0.0,-0.0017,-0.012,-0.0003,37.6164,22.9073,67.2345,0.0,0.0434,-0.3666,0.0,0.0,0.0,2680900.1708,3113662.7645,-5340476.7363,4826.3775,3785.1181,4636.5147,2680862.5544,3113639.8572,-5340543.9708,4826.3792,3785.1301,4636.515,0.0,0.0765,3.9732,0.0,0.0,1.0,0.0,1.0,0.0,0.0,1.172,-23.972,0.0,1.0,0.0,0.0,0.0,-1.0,3.767761802449831,0.012041594578792296,-0.37317,5.129603961820557,13.159987878195576,,
71.4724,74.634,2.6,2.726,70.688,2.138,2.657,-0.002,-0.009,0.008,-0.002,-0.009,0.008,-25.304,-1.475,-7.675,-0.0,0.0,-0.0,-0.0,0.0,-0.0,851.33,-0.0,0.0,-0.0,0.0,0.0,0.0,0.0,0.0,-0.3193,0.8865,-0.335,0.9463,0.2796,-0.1622,-0.0501,-0.3688,-0.9282,0.676,0.226,-0.7014,-0.7316,0.0917,-0.6755,-0.0884,0.9698,0.2273,-0.0,0.0,-0.0,0.0,0.0,0.0,-0.0017,-0.012,-0.0003,37.6161,22.9048,67.2344,0.0,0.0434,-0.3666,0.0,0.0,0.0,2681907.7531,3114452.9391,-5339508.5643,4825.6481,3784.271,4637.9673,2681870.137,3114430.0343,-5339575.7987,4825.6499,3784.283,4637.9676,0.0,0.0765,3.9732,0.0,0.0,1.0,0.0,1.0,0.0,0.0,1.172,-23.972,0.0,1.0,0.0,0.0,0.0,-1.0,3.7671044583340136,0.012041594578792296,-0.37317,5.134387249934024,13.159987878195576,,
71.6773,74.634,2.598,2.728,70.687,2.136,2.658,-0.002,-0.009,0.008,-0.002,-0.009,0.008,-25.304,-1.475,-7.675,-0.0,0.0,-0.0,-0.0,0.0,-0.0,851.33,-0.0,0.0,-0.0,0.0,0.0,0.0,0.0,0.0,-0.3193,0.8865,-0.335,0.9463,0.2796,-0.1622,-0.0501,-0.3688,-0.9282,0.676,0.226,-0.7014,-0.7316,0.0917,-0.6755,-0.0884,0.9698,0.2273,-0.0,0.0,-0.0,0.0,0.0,0.0,-0.0018,-0.012,-0.0003,37.6157,22.9024,67.2344,0.0,0.0434,-0.3666,0.0,0.0,0.0,2682900.6136,3115231.512,-5338554.1002,4824.929,3783.436,4639.3986,2682862.9979,3115208.6096,-5338621.3345,4824.9307,3783.448,4639.3989,0.0,0.0765,3.9732,0.0,0.0,1.0,0.0,1.0,0.0,0.0,1.172,-23.972,0.0,1.0,0.0,0.0,0.0,-1.0,3.7671724144243783,0.012041594578792296,-0.37317,5.131487976073457,13.159987878195576,,
71.8777,74.633,2.596,2.729,70.687,2.134,2.66,-0.002,-0.009,0.008,-0.002,-0.009,0.008,-25.304,-1.475,-7.675,-0.0,0.0,-0.0,-0.0,0.0,-0.0,851.33,-0.0,0.0,-0.0,0.0,0.0,0.0,0.0,0.0,-0.3193,0.8865,-0.335,0.9463,0.2796,-0.1622,-0.0501,-0.3688,-0.9282,0.676,0.226,-0.7014,-0.7316,0.0917,-0.6755,-0.0884,0.9698,0.2273,-0.0,0.0,-0.0,0.0,0.0,0.0,-0.0018,-0.012,-0.0003,37.6153,22.9,67.2343,0.0,0.0434,-0.3666,0.0,0.0,0.0,2683867.131,3115989.3742,-5337624.5378,4824.2286,3782.6228,4640.792,2683829.5156,3115966.4743,-5337691.7721,4824.2304,3782.6348,4640.7922,0.0,0.0765,3.9732,0.0,0.0,1.0,0.0,1.0,0.0,0.0,1.172,-23.972,0.0,1.0,0.0,0.0,0.0,-1.0,3.7665178879171677,0.012041594578792296,-0.37316499999999997,5.137865815354413,13.159811551214865,,
72.0861,74.633,2.594,2.731,70.687,2.132,2.661,-0.002,-0.009,0.008,-0.002,-0.009,0.008,-25.304,-1.475,-7.675,-0.0,0.0,-0.0,-0.0,0.0,-0.0,851.33,-0.0,0.0,-0.0,0.0,0.0,0.0,0.0,0.0,-0.3193,0.8865,-0.335,0.9463,0.2796,-0.1622,-0.0501,-0.3688,-0.9282,0.676,0.226,-0.7014,-0.7316,0.0917,-0.6755,-0.0884,0.9698,0.2273,-0.0,0.0,-0.0,0.0,0.0,0.0,-0.0018,-0.012,-0.0003,37.615,22.8975,67.2342,0.0,0.0434,-0.3666,0.0,0.0,0.0,2684865.9875,3116772.5382,-5336663.4392,4823.5044,3781.782,4642.2319,2684828.3725,3116749.6407,-5336730.6734,4823.5062,3781.794,4642.2321,0.0,0.0765,3.9732,0.0,0.0,1.0,0.0,1.0,0.0,0.0,1.172,-23.972,0.0,1.0,0.0,0.0,0.0,-1.0,3.766589571482404,0.012041594578792296,-0.37316499999999997,5.1365678274864255,13.159811551214865,,
72.2863,74.633,2.592,2.732,70.686,2.13,2.663,-0.002,-0.009,0.008,-0.002,-0.009,0.008,-25.304,-1.475,-7.675,-0.0,0.0,-0.0,-0.0,0.0,-0.0,851.33,-0.0,0.0,-0.0,0.0,0.0,0.0,0.0,0.0,-0.3193,0.8865,-0.335,0.9463,0.2796,-0.1622,-0.0501,-0.3688,-0.9282,0.676,0.226,-0.7014,-0.7316,0.0917,-0.6755,-0.0884,0.9698,0.2273,-0.0,0.0,-0.0,0.0,0.0,0.0,-0.0018,-0.0121,-0.0003,37.6146,22.8951,67.2342,0.0,0.0434,-0.3666,0.0,0.0,0.0,2685831.9982,3117529.8955,-5335733.5234,4822.8036,3780.9686,4643.6244,2685794.3836,3117507.0004,-5335800.7576,4822.8054,3780.9806,4643.6246,0.0,0.0765,3.9732,0.0,0.0,1.0,0.0,1.0,0.0,0.0,1.172,-23.972,0.0,1.0,0.0,0.0,0.0,-1.0,3.7659378645962818,0.012041594578792296,-0.37316499999999997,5.139756681433798,13.159811551214865,,
72.4933,74.632,2.59,2.734,70.686,2.128,2.664,-0.002,-0.009,0.008,-0.002,-0.009,0.008,-25.304,-1.475,-7.675,-0.0,0.0,-0.0,-0.0,0.0,-0.0,851.33,-0.0,0.0,-0.0,0.0,0.0,0.0,0.0,0.0,-0.3193,0.8865,-0.335,0.9463,0.2796,-0.1622,-0.0501,-0.3688,-0.9282,0.676,0.226,-0.7014,-0.7316,0.0917,-0.6755,-0.0884,0.9698,0.2273,-0.0,0.0,-0.0,0.0,0.0,0.0,-0.0018,-0.0121,-0.0003,37.6142,22.8926,67.2341,0.0,0.0434,-0.3666,0.0,0.0,0.0,2686836.5264,3118317.3941,-5334766.0929,4822.0746,3780.1223,4645.0723,2686798.9122,3118294.5015,-5334833.327,4822.0764,3780.1344,4645.0726,0.0,0.0765,3.9732,0.0,0.0,1.0,0.0,1.0,0.0,0.0,1.172,-23.972,0.0,1.0,0.0,0.0,0.0,-1.0,3.7660132766627363,0.012041594578792296,-0.37316000000000005,5.1400425982538955,13.159635224234158,,
72.6935,74.632,2.589,2.735,70.686,2.126,2.666,-0.002,-0.009,0.008,-0.002,-0.009,0.008,-25.304,-1.475,-7.675,-0.0,0.0,-0.0,-0.0,0.0,-0.0,851.33,-0.0,0.0,-0.0,0.0,0.0,0.0,0.0,0.0,-0.3193,0.8865,-0.335,0.9463,0.2796,-0.1622,-0.0501,-0.3688,-0.9282,0.676,0.226,-0.7014,-0.7316,0.0917,-0.6755,-0.0884,0.9698,0.2273,-0.0,0.0,-0.0,0.0,0.0,0.0,-0.0018,-0.0121,-0.0003,37.6138,22.8901,67.2341,0.0,0.0434,-0.3666,0.0,0.0,0.0,2687802.7225,3119074.7889,-5333835.1521,4821.3729,3779.3081,4646.465,2687765.1086,3119051.8988,-5333902.3862,4821.3748,3779.3202,4646.4653,0.0,0.0765,3.9732,0.0,0.0,1.0,0.0,1.0,0.0,0.0,1.172,-23.972,0.0,1.0,0.0,0.0,0.0,-1.0,3.76605177871999,0.012041594578792296,-0.37316000000000005,5.1588565754488585,13.159635224234158,,
72.9025,74.632,2.587,2.737,70.685,2.125,2.667,-0.002,-0.009,0.008,-0.002,-0.009,0.008,-25.304,-1.475,-7.675,-0.0,0.0,-0.0,-0.0,0.0,-0.0,851.33,-0.0,0.0,-0.0,0.0,0.0,0.0,0.0,0.0,-0.3193,0.8865,-0.335,0.9463,0.2796,-0.1622,-0.0501,-0.3688,-0.9282,0.676,0.226,-0.7014,-0.7316,0.0917,-0.6755,-0.0884,0.9698,0.2273,-0.0,0.0,-0.0,0.0,0.0,0.0,-0.0019,-0.0121,-0.0003,37.6135,22.8876,67.234,0.0,0.0434,-0.3666,0.0,0.0,0.0,2688802.1264,3119858.159,-5332871.7819,4820.6468,3778.4656,4647.9056,2688764.5129,3119835.2713,-5332939.0159,4820.6487,3778.4777,4647.9058,0.0,0.0765,3.9732,0.0,0.0,1.0,0.0,1.0,0.0,0.0,1.172,-23.972,0.0,1.0,0.0,0.0,0.0,-1.0,3.76613037480117,0.012041594578792296,-0.37316000000000005,5.1411734291598,13.159635224234158,,
73.1111,74.631,2.585,2.739,70.685,2.123,2.669,-0.002,-0.009,0.008,-0.002,-0.009,0.008,-25.304,-1.475,-7.675,-0.0,0.0,-0.0,-0.0,0.0,-0.0,851.33,-0.0,0.0,-0.0,0.0,0.0,0.0,0.0,0.0,-0.3193,0.8865,-0.335,0.9463,0.2796,-0.1622,-0.0501,-0.3688,-0.9282,0.676,0.226,-0.7014,-0.7316,0.0917,-0.6755,-0.0884,0.9698,0.2273,-0.0,0.0,-0.0,0.0,0.0,0.0,-0.0019,-0.0121,-0.0003,37.6131,22.8851,67.2339,0.0,0.0434,-0.3666,0.0,0.0,0.0,2689813.9834,3120651.2328,-5331895.9532,4819.9113,3777.6122,4649.364,2689776.3703,3120628.3477,-5331963.1872,4819.9132,3777.6243,4649.3643,0.0,0.0765,3.9732,0.0,0.0,1.0,0.0,1.0,0.0,0.0,1.172,-23.972,0.0,1.0,0.0,0.0,0.0,-1.0,3.7662110933934647,0.012041594578792296,-0.373155,5.144586613157544,13.15945889725345,,
73.3135,74.631,2.583,2.74,70.684,2.121,2.671,-0.002,-0.009,0.008,-0.002,-0.009,0.008,-25.304,-1.475,-7.675,-0.0,0.0,-0.0,-0.0,0.0,-0.0,851.33,-0.0,0.0,-0.0,0.0,0.0,0.0,0.0,0.0,-0.3193,0.8865,-0.335,0.9463,0.2796,-0.1622,-0.0501,-0.3688,-0.9282,0.676,0.226,-0.7014,-0.7316,0.0917,-0.6755,-0.0884,0.9698,0.2273,-0.0,0.0,-0.0,0.0,0.0,0.0,-0.0019,-0.0121,-0.0003,37.6127,22.8826,67.2339,0.0,0.0434,-0.3666,0.0,0.0,0.0,2690790.5205,3121416.5683,-5330953.7563,4819.2011,3776.7882,4650.7715,2690752.9078,3121393.6857,-5331020.9901,4819.203,3776.8003,4650.7717,0.0,0.0765,3.9732,0.0,0.0,1.0,0.0,1.0,0.0,0.0,1.172,-23.972,0.0,1.0,0.0,0.0,0.0,-1.0,3.765566225682401,0.012041594578792296,-0.373155,5.14779017261703,13.15945889725345,,
73.514,74.63,2.581,2.742,70.684,2.119,2.672,-0.002,-0.009,0.008,-0.002,-0.009,0.008,-25.304,-1.475,-7.676,-0.0,0.0,-0.0,-0.0,0.0,-0.0,851.33,-0.0,0.0,-0.0,0.0,0.0,0.0,0.0,0.0,-0.3193,0.8865,-0.335,0.9463,0.2796,-0.1622,-0.0501,-0.3688,-0.9282,0.676,0.226,-0.7014,-0.7316,0.0917,-0.6755,-0.0884,0.9698,0.2273,-0.0,0.0,-0.0,0.0,0.0,0.0,-0.0019,-0.0122,-0.0003,37.6123,22.8802,67.2338,0.0,0.0434,-0.3666,0.0,0.0,0.0,2691751.6765,3122169.7961,-5330025.9869,4818.5017,3775.9769,4652.1567,2691714.0642,3122146.9159,-5330093.2207,4818.5036,3775.9891,4652.157,0.0,0.0765,3.9732,0.0,0.0,1.0,0.0,1.0,0.0,0.0,1.172,-23.972,0.0,1.0,0.0,0.0,0.0,-1.0,3.765650674186335,0.012041594578792296,-0.37315,5.148063113185937,13.15928257027274,,
73.7236,74.63,2.579,2.743,70.684,2.117,2.674,-0.002,-0.01,0.008,-0.002,-0.01,0.008,-25.304,-1.475,-7.676,-0.0,0.0,-0.0,-0.0,0.0,-0.0,851.33,-0.0,0.0,-0.0,0.0,0.0,0.0,0.0,0.0,-0.3193,0.8865,-0.335,0.9463,0.2796,-0.1622,-0.0501,-0.3688,-0.9282,0.676,0.226,-0.7014,-0.7316,0.0917,-0.6755,-0.0884,0.9698,0.2273,-0.0,0.0,-0.0,0.0,0.0,0.0,-0.0019,-0.0122,-0.0003,37.6119,22.8777,67.2338,0.0,0.0434,-0.3666,0.0,0.0,0.0,2692763.2476,3122962.4762,-5329049.108,4817.7652,3775.1228,4653.6146,2692725.6357,3122939.5986,-5329116.3417,4817.7672,3775.1349,4653.6149,0.0,0.0765,3.9732,0.0,0.0,1.0,0.0,1.0,0.0,0.0,1.172,-23.972,0.0,1.0,0.0,0.0,0.0,-1.0,3.7650086321282186,0.012806248474865698,-0.37315,5.152875331460446,13.15928257027274,,
73.9252,74.63,2.577,2.745,70.683,2.115,2.675,-0.002,-0.01,0.008,-0.002,-0.01,0.008,-25.304,-1.475,-7.676,-0.0,0.0,-0.0,-0.0,0.0,-0.0,851.33,-0.0,0.0,-0.0,0.0,0.0,0.0,0.0,0.0,-0.3193,0.8865,-0.335,0.9463,0.2796,-0.1622,-0.0501,-0.3688,-0.9282,0.676,0.226,-0.7014,-0.7316,0.0917,-0.6755,-0.0884,0.9698,0.2273,-0.0,0.0,-0.0,0.0,0.0,0.0,-0.002,-0.0122,-0.0003,37.6115,22.8752,67.2337,0.0,0.0434,-0.3666,0.0,0.0,0.0,2693732.3905,3123721.8546,-5328112.7746,4817.0593,3774.3041,4655.0113,2693694.7791,3123698.9794,-5328180.0083,4817.0612,3774.3163,4655.0116,0.0,0.0765,3.9732,0.0,0.0,1.0,0.0,1.0,0.0,0.0,1.172,-23.972,0.0,1.0,0.0,0.0,0.0,-1.0,3.7650968115043204,0.012806248474865698,-0.37315,5.149951833487771,13.15928257027274,,
74.1283,74.629,2.575,2.746,70.683,2.113,2.677,-0.002,-0.01,0.008,-0.002,-0.01,0.008,-25.304,-1.475,-7.676,-0.0,0.0,-0.0,-0.0,0.0,-0.0,851.33,-0.0,0.0,-0.0,0.0,0.0,0.0,0.0,0.0,-0.3193,0.8865,-0.335,0.9463,0.2796,-0.1622,-0.0501,-0.3688,-0.9282,0.676,0.226,-0.7014,-0.7316,0.0917,-0.6755,-0.0884,0.9698,0.2273,-0.0,0.0,-0.0,0.0,0.0,0.0,-0.002,-0.0122,-0.0003,37.6111,22.8727,67.2336,0.0,0.0434,-0.3666,0.0,0.0,0.0,2694715.4196,3124492.0589,-5327162.598,4816.3429,3773.4734,4656.428,2694677.8085,3124469.1861,-5327229.8317,4816.3448,3773.4856,4656.4283,0.0,0.0765,3.9732,0.0,0.0,1.0,0.0,1.0,0.0,0.0,1.172,-23.972,0.0,1.0,0.0,0.0,0.0,-1.0,3.764457597051666,0.012806248474865698,-0.373145,5.156357447784381,13.159106243292033,,
74.3287,74.629,2.573,2.748,70.683,2.111,2.678,-0.002,-0.01,0.008,-0.002,-0.01,0.008,-25.304,-1.475,-7.676,-0.0,0.0,-0.0,-0.0,0.0,-0.0,851.33,-0.0,0.0,-0.0,0.0,0.0,0.0,0.0,0.0,-0.3193,0.8865,-0.335,0.9463,0.2796,-0.1622,-0.0501,-0.3688,-0.9282,0.676,0.226,-0.7014,-0.7316,0.0917,-0.6755,-0.0884,0.9698,0.2273,-0.0,0.0,-0.0,0.0,0.0,0.0,-0.002,-0.0122,-0.0003,37.6107,22.8703,67.2336,0.0,0.0434,-0.3666,0.0,0.0,0.0,2695680.9706,3125248.5154,-5326228.8968,4815.6388,3772.6571,4657.8194,2695643.3599,3125225.6451,-5326296.1304,4815.6408,3772.6693,4657.8197,0.0,0.0765,3.9732,0.0,0.0,1.0,0.0,1.0,0.0,0.0,1.172,-23.972,0.0,1.0,0.0,0.0,0.0,-1.0,3.7645495082413247,0.012806248474865698,-0.373145,5.155033846605841,13.159106243292033,,
74.5497,74.629,2.572,2.749,70.682,2.109,2.679,-0.002,-0.01,0.008,-0.002,-0.01,0.008,-25.304,-1.475,-7.676,-0.0,0.0,-0.0,-0.0,0.0,-0.0,851.33,-0.0,0.0,-0.0,0.0,0.0,0.0,0.0,0.0,-0.3193,0.8865,-0.335,0.9463,0.2796,-0.1622,-0.0501,-0.3688,-0.9282,0.676,0.226,-0.7014,-0.7316,0.0917,-0.6755,-0.0884,0.9698,0.2273,-0.0,0.0,-0.0,0.0,0.0,0.0,-0.002,-0.0122,-0.0003,37.6104,22.8684,67.2335,0.0,0.0434,-0.3666,0.0,0.0,0.0,2696433.5225,3125838.0618,-5325500.8817,4815.0898,3772.0207,4658.9039,2696395.9121,3125815.1935,-5325568.1152,4815.0919,3772.0329,4658.9042,0.0,0.0765,3.9732,0.0,0.0,1.0,0.0,1.0,0.0,0.0,1.172,-23.972,0.0,1.0,0.0,0.0,0.0,-1.0,3.7645962598929517,0.012806248474865698,-0.373145,5.169114023394894,13.159106243292033,,
74.7548,74.628,2.569,2.751,70.682,2.107,2.681,-0.002,-0.01,0.008,-0.002,-0.01,0.008,-25.304,-1.475,-7.676,-0.0,0.0,-0.0,-0.0,0.0,-0.0,851.33,-0.0,0.0,-0.0,0.0,0.0,0.0,0.0,0.0,-0.3193,0.8865,-0.335,0.9463,0.2796,-0.1622,-0.0501,-0.3688,-0.9282,0.676,0.226,-0.7014,-0.7316,0.0917,-0.6755,-0.0884,0.9698,0.2273,-0.0,0.0,-0.0,0.0,0.0,0.0,-0.002,-0.0122,-0.0003,37.6099,22.8655,67.2335,0.0,0.0434,-0.3666,0.0,0.0,0.0,2697557.7274,3126718.7002,-5324412.8578,4814.2693,3771.0696,4660.5239,2697520.1175,3126695.8347,-5324480.0913,4814.2714,3771.0818,4660.5242,0.0,0.0765,3.9732,0.0,0.0,1.0,0.0,1.0,0.0,0.0,1.172,-23.972,0.0,1.0,0.0,0.0,0.0,-1.0,3.764008767258652,0.012806248474865698,-0.37314,5.158512195572669,13.158929916311324,,
74.9843,74.628,2.567,2.753,70.681,2.105,2.683,-0.002,-0.01,0.008,-0.002,-0.01,0.008,-25.304,-1.475,-7.676,-0.0,0.0,-0.0,-0.0,0.0,-0.0,851.33,-0.0,0.0,-0.0,0.0,0.0,0.0,0.0,0.0,-0.3193,0.8865,-0.335,0.9463,0.2796,-0.1622,-0.0501,-0.3688,-0.9282,0.676,0.226,-0.7014,-0.7316,0.0917,-0.6755,-0.0884,0.9698,0.2273,-0.0,0.0,-0.0,0.0,0.0,0.0,-0.0021,-0.0123,-0.0003,37.6095,22.8627,67.2334,0.0,0.0434,-0.3666,0.0,0.0,0.0,2698647.0566,3127571.9501,-5323358.0505,4813.4738,3770.1476,4662.0935,2698609.4472,3127549.0874,-5323425.2839,4813.4759,3770.1598,4662.0938,0.0,0.0765,3.9732,0.0,0.0,1.0,0.0,1.0,0.0,0.0,1.172,-23.972,0.0,1.0,0.0,0.0,0.0,-1.0,3.7641065340927855,0.012806248474865698,-0.37314,5.158734701873247,13.158929916311324,,
75.2381,74.627,2.565,2.754,70.681,2.103,2.684,-0.002,-0.01,0.008,-0.002,-0.01,0.008,-25.304,-1.475,-7.676,-0.0,0.0,-0.0,-0.0,0.0,-0.0,851.33,-0.0,0.0,-0.0,0.0,0.0,0.0,0.0,0.0,-0.3193,0.8865,-0.335,0.9463,0.2796,-0.1622,-0.0501,-0.3688,-0.9282,0.676,0.226,-0.7014,-0.7316,0.0917,-0.6755,-0.0884,0.9698,0.2273,-0.0,0.0,-0.0,0.0,0.0,0.0,-0.0021,-0.0123,-0.0003,37.6091,22.8606,67.2334,0.0,0.0434,-0.3666,0.0,0.0,0.0,2699472.0559,3128218.1109,-5322558.8423,4812.8711,3769.449,4663.2823,2699434.4468,3128195.2503,-5322626.0757,4812.8731,3769.4613,4663.2826,0.0,0.0765,3.9732,0.0,0.0,1.0,0.0,1.0,0.0,0.0,1.172,-23.972,0.0,1.0,0.0,0.0,0.0,-1.0,3.7634745913849343,0.012806248474865698,-0.373135,5.161991177641647,13.158753589330615,,
75.4405,74.627,2.562,2.756,70.68,2.1,2.687,-0.002,-0.01,0.008,-0.002,-0.01,0.008,-25.304,-1.475,-7.676,-0.0,0.0,-0.0,-0.0,0.0,-0.0,851.33,-0.0,0.0,-0.0,0.0,0.0,0.0,0.0,0.0,-0.3193,0.8865,-0.335,0.9463,0.2796,-0.1622,-0.0501,-0.3688,-0.9282,0.676,0.226,-0.7014,-0.7316,0.0917,-0.6755,-0.0884,0.9698,0.2273,-0.0,0.0,-0.0,0.0,0.0,0.0,-0.0021,-0.0123,-0.0003,37.6084,22.8567,67.2333,0.0,0.0434,-0.3666,0.0,0.0,0.0,2700992.3978,3129408.7797,-5321085.2362,4811.7596,3768.1611,4665.4729,2700954.7894,3129385.9229,-5321152.4694,4811.7617,3768.1734,4665.4732,0.0,0.0765,3.9732,0.0,0.0,1.0,0.0,1.0,0.0,0.0,1.172,-23.972,0.0,1.0,0.0,0.0,0.0,-1.0,3.762895161973025,0.012806248474865698,-0.373135,5.166135811911005,13.158753589330615,,
75.6516,74.626,2.56,2.758,70.68,2.098,2.688,-0.002,-0.01,0.008,-0.002,-0.01,0.008,-25.304,-1.475,-7.676,-0.0,0.0,-0.0,-0.0,0.0,-0.0,851.33,-0.0,0.0,-0.0,0.0,0.0,0.0,0.0,0.0,-0.3193,0.8865,-0.335,0.9463,0.2796,-0.1622,-0.0501,-0.3688,-0.9282,0.676,0.226,-0.7014,-0.7316,0.0917,-0.6755,-0.0884,0.9698,0.2273,-0.0,0.0,-0.0,0.0,0.0,0.0,-0.0021,-0.0123,-0.0003,37.608,22.8541,67.2332,0.0,0.0434,-0.3666,0.0,0.0,0.0,2702014.9223,3130209.5043,-5320093.5635,4811.0115,3767.2945,4666.9462,2701977.3143,3130186.6502,-5320160.7967,4811.0137,3767.3068,4666.9465,0.0,0.0765,3.9732,0.0,0.0,1.0,0.0,1.0,0.0,0.0,1.172,-23.972,0.0,1.0,0.0,0.0,0.0,-1.0,3.7629993356364015,0.012806248474865698,-0.37313,5.166384234905859,13.158577262349908,,
75.8632,74.626,2.558,2.759,70.68,2.096,2.69,-0.002,-0.01,0.008,-0.002,-0.01,0.008,-25.304,-1.475,-7.676,-0.0,0.0,-0.0,-0.0,0.0,-0.0,851.33,-0.0,0.0,-0.0,0.0,0.0,0.0,0.0,0.0,-0.3193,0.8865,-0.335,0.9463,0.2796,-0.1622,-0.0501,-0.3688,-0.9282,0.676,0.226,-0.7014,-0.7316,0.0917,-0.6755,-0.0884,0.9698,0.2273,-0.0,0.0,-0.0,0.0,0.0,0.0,-0.0021,-0.0123,-0.0003,37.6076,22.8516,67.2331,0.0,0.0434,-0.3666,0.0,0.0,0.0,2702997.9007,3130979.2048,-5319139.8024,4810.292,3766.461,4668.3624,2702960.2931,3130956.3532,-5319207.0355,4810.2942,3766.4733,4668.3627,0.0,0.0765,3.9732,0.0,0.0,1.0,0.0,1.0,0.0,0.0,1.172,-23.972,0.0,1.0,0.0,0.0,0.0,-1.0,3.7623722569676703,0.012806248474865698,-0.37313,5.171222929374452,13.158577262349908,,
76.0992,74.626,2.556,2.761,70.679,2.094,2.691,-0.002,-0.01,0.008,-0.002,-0.01,0.008,-25.304,-1.475,-7.676,-0.0,0.0,-0.0,-0.0,0.0,-0.0,851.33,-0.0,0.0,-0.0,0.0,0.0,0.0,0.0,0.0,-0.3193,0.8865,-0.335,0.9463,0.2796,-0.1622,-0.0501,-0.3688,-0.9282,0.676,0.226,-0.7014,-0.7316,0.0917,-0.6755,-0.0884,0.9698,0.2273,-0.0,0.0,-0.0,0.0,0.0,0.0,-0.0022,-0.0124,-0.0003,37.6071,22.8493,67.2331,0.0,0.0434,-0.3666,0.0,0.0,0.0,2703880.551,3131670.2983,-5318283.0206,4809.6457,3765.7123,4669.6341,2703842.9439,3131647.4489,-5318350.2536,4809.6478,3765.7247,4669.6344,0.0,0.0765,3.9732,0.0,0.0,1.0,0.0,1.0,0.0,0.0,1.172,-23.972,0.0,1.0,0.0,0.0,0.0,-1.0,3.76248016606068,0.012806248474865698,-0.37313,5.168277294376428,13.158577262349908,,
76.3215,74.625,2.554,2.763,70.679,2.092,2.693,-0.002,-0.01,0.008,-0.002,-0.01,0.008,-25.304,-1.475,-7.676,-0.0,0.0,-0.0,-0.0,0.0,-0.0,851.33,-0.0,0.0,-0.0,0.0,0.0,0.0,0.0,0.0,-0.3193,0.8865,-0.335,0.9463,0.2796,-0.1622,-0.0501,-0.3688,-0.9282,0.676,0.226,-0.7014,-0.7316,0.0917,-0.6755,-0.0884,0.9698,0.2273,-0.0,0.0,-0.0,0.0,0.0,0.0,-0.0022,-0.0124,-0.0003,37.6066,22.846,67.233,0.0,0.0434,-0.3666,0.0,0.0,0.0,2705172.689,3132681.9304,-5317028.1213,4808.6989,3764.6158,4671.4956,2705135.0824,3132659.0844,-5317095.3543,4808.7011,3764.6282,4671.4959,0.0,0.0765,3.9732,0.0,0.0,1.0,0.0,1.0,0.0,0.0,1.172,-23.972,0.0,1.0,0.0,0.0,0.0,-1.0,3.7625901982543883,0.012806248474865698,-0.373125,5.171692184632808,13.1584009353692,,
76.5248,74.625,2.552,2.765,70.678,2.09,2.695,-0.002,-0.01,0.008,-0.002,-0.01,0.008,-25.304,-1.475,-7.676,-0.0,0.0,-0.0,-0.0,0.0,-0.0,851.33,-0.0,0.0,-0.0,0.0,0.0,0.0,0.0,0.0,-0.3193,0.8865,-0.335,0.9463,0.2796,-0.1622,-0.0501,-0.3688,-0.9282,0.676,0.226,-0.7014,-0.7316,0.0917,-0.6755,-0.0884,0.9698,0.2273,-0.0,0.0,-0.0,0.0,0.0,0.0,-0.0022,-0.0124,-0.0003,37.6061,22.8433,67.2329,0.0,0.0434,-0.3666,0.0,0.0,0.0,2706232.6688,3133511.7318,-5315998.1304,4807.9217,3763.7159,4673.0227,2706195.0627,3133488.8885,-5316065.3634,4807.924,3763.7283,4673.023,0.0,0.0765,3.9732,0.0,0.0,1.0,0.0,1.0,0.0,0.0,1.172,-23.972,0.0,1.0,0.0,0.0,0.0,-1.0,3.7627023533625406,0.012806248474865698,-0.373125,5.17191733040404,13.1584009353692,,
76.7312,74.624,2.55,2.766,70.678,2.088,2.697,-0.002,-0.01,0.008,-0.002,-0.01,0.008,-25.304,-1.475,-7.676,-0.0,0.0,-0.0,-0.0,0.0,-0.0,851.33,-0.0,0.0,-0.0,0.0,0.0,0.0,0.0,0.0,-0.3193,0.8865,-0.335,0.9463,0.2796,-0.1622,-0.0501,-0.3688,-0.9282,0.676,0.226,-0.7014,-0.7316,0.0917,-0.6755,-0.0884,0.9698,0.2273,-0.0,0.0,-0.0,0.0,0.0,0.0,-0.0022,-0.0124,-0.0003,37.6056,22.8407,67.2329,0.0,0.0434,-0.3666,0.0,0.0,0.0,2707226.5772,3134289.7506,-5315031.8869,4807.1926,3762.8718,4674.4545,2707188.9716,3134266.9099,-5315099.1198,4807.1949,3762.8842,4674.4548,0.0,0.0765,3.9732,0.0,0.0,1.0,0.0,1.0,0.0,0.0,1.172,-23.972,0.0,1.0,0.0,0.0,0.0,-1.0,3.7620813388335983,0.012806248474865698,-0.37311999999999995,5.178355244396292,13.158224608388489,,
76.9335,74.624,2.548,2.768,70.678,2.086,2.698,-0.002,-0.01,0.008,-0.002,-0.01,0.008,-25.304,-1.475,-7.676,-0.0,0.0,-0.0,-0.0,0.0,-0.0,851.33,-0.0,0.0,-0.0,0.0,0.0,0.0,0.0,0.0,-0.3193,0.8865,-0.335,0.9463,0.2796,-0.1622,-0.0501,-0.3688,-0.9282,0.676,0.226,-0.7014,-0.7316,0.0917,-0.6755,-0.0884,0.9698,0.2273,-0.0,0.0,-0.0,0.0,0.0,0.0,-0.0022,-0.0124,-0.0003,37.6052,22.8382,67.2328,0.0,0.0434,-0.3666,0.0,0.0,0.0,2708198.9855,3135050.8847,-5314086.1166,4806.479,3762.0455,4675.8553,2708161.3803,3135028.0465,-5314153.3494,4806.4812,3762.058,4675.8556,0.0,0.0765,3.9732,0.0,0.0,1.0,0.0,1.0,0.0,0.0,1.172,-23.972,0.0,1.0,0.0,0.0,0.0,-1.0,3.7621972303429283,0.012806248474865698,-0.37311999999999995,5.177001852216988,13.158224608388489,,
77.1379,74.624,2.546,2.769,70.677,2.084,2.7,-0.002,-0.01,0.008,-0.002,-0.01,0.008,-25.304,-1.475,-7.676,-0.0,0.0,-0.0,-0.0,0.0,-0.0,851.33,-0.0,0.0,-0.0,0.0,0.0,0.0,0.0,0.0,-0.3193,0.8865,-0.335,0.9463,0.2796,-0.1622,-0.0501,-0.3688,-0.9282,0.676,0.226,-0.7014,-0.7316,0.0917,-0.6755,-0.0884,0.9698,0.2273,-0.0,0.0,-0.0,0.0,0.0,0.0,-0.0023,-0.0124,-0.0003,37.6047,22.8357,67.2328,0.0,0.0434,-0.3666,0.0,0.0,0.0,2709182.6486,3135820.7736,-5313128.966,4805.7566,3761.2094,4677.2723,2709145.0439,3135797.938,-5313196.1987,4805.7589,3761.2219,4677.2726,0.0,0.0765,3.9732,0.0,0.0,1.0,0.0,1.0,0.0,0.0,1.172,-23.972,0.0,1.0,0.0,0.0,0.0,-1.0,3.7615790567260445,0.012806248474865698,-0.37311999999999995,5.1802561959629125,13.158224608388489,,
77.3502,74.623,2.544,2.771,70.677,2.081,2.701,-0.002,-0.01,0.008,-0.002,-0.01,0.008,-25.304,-1.475,-7.676,-0.0,0.0,-0.0,-0.0,0.0,-0.0,851.33,-0.0,0.0,-0.0,0.0,0.0,0.0,0.0,0.0,-0.3193,0.8865,-0.335,0.9463,0.2796,-0.1622,-0.0501,-0.3688,-0.9282,0.676,0.226,-0.7014,-0.7316,0.0917,-0.6755,-0.0884,0.9698,0.2273,-0.0,0.0,-0.0,0.0,0.0,0.0,-0.0023,-0.0125,-0.0003,37.6042,22.8331,67.2327,0.0,0.0434,-0.3666,0.0,0.0,0.0,2710192.6513,3136611.22,-5312145.7354,4805.0146,3760.3506,4678.7271,2710155.0471,3136588.387,-5312212.9681,4805.0169,3760.363,4678.7275,0.0,0.0765,3.9732,0.0,0.0,1.0,0.0,1.0,0.0,0.0,1.172,-23.972,0.0,1.0,0.0,0.0,0.0,-1.0,3.761698685434547,0.012806248474865698,-0.37311500000000003,5.195252147610986,13.158048281407783,,
77.557,74.623,2.541,2.772,70.676,2.079,2.703,-0.002,-0.01,0.008,-0.002,-0.01,0.008,-25.304,-1.475,-7.676,-0.0,0.0,-0.0,-0.0,0.0,-0.0,851.33,-0.0,0.0,-0.0,0.0,0.0,0.0,0.0,0.0,-0.3193,0.8865,-0.335,0.9463,0.2796,-0.1622,-0.0501,-0.3688,-0.9282,0.676,0.226,-0.7014,-0.7316,0.0917,-0.6755,-0.0884,0.9698,0.2273,-0.0,0.0,-0.0,0.0,0.0,0.0,-0.0023,-0.0125,-0.0003,37.6038,22.8304,67.2326,0.0,0.0434,-0.3666,0.0,0.0,0.0,2711205.2955,3137403.6746,-5311159.4757,4804.2702,3759.4891,4680.1858,2711167.6917,3137380.8442,-5311226.7084,4804.2725,3759.5016,4680.1861,0.0,0.0765,3.9732,0.0,0.0,1.0,0.0,1.0,0.0,0.0,1.172,-23.972,0.0,1.0,0.0,0.0,0.0,-1.0,3.760407557699032,0.012806248474865698,-0.37311500000000003,5.184498557328379,13.158048281407783,,
77.7598,74.622,2.539,2.774,70.676,2.077,2.704,-0.002,-0.01,0.008,-0.002,-0.01,0.008,-25.304,-1.475,-7.676,-0.0,0.0,-0.0,-0.0,0.0,-0.0,851.33,-0.0,0.0,-0.0,0.0,0.0,0.0,0.0,0.0,-0.3193,0.8865,-0.335,0.9463,0.2796,-0.1622,-0.0501,-0.3688,-0.9282,0.676,0.226,-0.7014,-0.7316,0.0917,-0.6755,-0.0884,0.9698,0.2273,-0.0,0.0,-0.0,0.0,0.0,0.0,-0.0023,-0.0125,-0.0003,37.6033,22.8279,67.2326,0.0,0.0434,-0.3666,0.0,0.0,0.0,2712186.3846,3138171.3797,-5310203.5085,4803.5486,3758.6542,4681.5989,2712148.7813,3138148.5518,-5310270.741,4803.551,3758.6667,4681.5992,0.0,0.0765,3.9732,0.0,0.0,1.0,0.0,1.0,0.0,0.0,1.172,-23.972,0.0,1.0,0.0,0.0,0.0,-1.0,3.760531478395042,0.012806248474865698,-0.37311,5.184722632769335,13.157871954427073,,
77.9634,74.622,2.537,2.775,70.676,2.075,2.706,-0.002,-0.01,0.008,-0.002,-0.01,0.008,-25.304,-1.475,-7.676,-0.0,0.0,-0.0,-0.0,0.0,-0.0,851.33,-0.0,0.0,-0.0,0.0,0.0,0.0,0.0,0.0,-0.3193,0.8865,-0.335,0.9463,0.2796,-0.1622,-0.0501,-0.3688,-0.9282,0.676,0.226,-0.7014,-0.7316,0.0917,-0.6755,-0.0884,0.9698,0.2273,-0.0,0.0,-0.0,0.0,0.0,0.0,-0.0023,-0.0125,-0.0003,37.6028,22.8254,67.2325,0.0,0.0434,-0.3666,0.0,0.0,0.0,2713148.8571,3138924.4638,-5309265.2595,4802.8404,3757.8347,4682.9852,2713111.2543,3138901.6385,-5309332.492,4802.8427,3757.8472,4682.9855,0.0,0.0765,3.9732,0.0,0.0,1.0,0.0,1.0,0.0,0.0,1.172,-23.972,0.0,1.0,0.0,0.0,0.0,-1.0,3.75991941403004,0.012806248474865698,-0.37311,5.189587605664376,13.157871954427073,,
78.1643,74.622,2.535,2.777,70.675,2.073,2.707,-0.002,-0.01,0.008,-0.002,-0.01,0.008,-25.304,-1.475,-7.676,-0.0,0.0,-0.0,-0.0,0.0,-0.0,851.33,-0.0,0.0,-0.0,0.0,0.0,0.0,0.0,0.0,-0.3193,0.8865,-0.335,0.9463,0.2796,-0.1622,-0.0501,-0.3688,-0.9282,0.676,0.226,-0.7014,-0.7316,0.0917,-0.6755,-0.0884,0.9698,0.2273,-0.0,0.0,-0.0,0.0,0.0,0.0,-0.0024,-0.0125,-0.0003,37.6024,22.8228,67.2324,0.0,0.0434,-0.3666,0.0,0.0,0.0,2714128.0698,3139690.5912,-5308310.2677,4802.1195,3757.0007,4684.3956,2714090.4674,3139667.7684,-5308377.5001,4802.1218,3757.0133,4684.3959,0.0,0.0765,3.9732,0.0,0.0,1.0,0.0,1.0,0.0,0.0,1.172,-23.972,0.0,1.0,0.0,0.0,0.0,-1.0,3.760047074173407,0.012806248474865698,-0.37311,5.1866199986134545,13.157871954427073,,
78.3746,74.621,2.533,2.779,70.675,2.071,2.709,-0.002,-0.01,0.008,-0.002,-0.01,0.008,-25.304,-1.475,-7.676,-0.0,0.0,-0.0,-0.0,0.0,-0.0,851.33,-0.0,0.0,-0.0,0.0,0.0,0.0,0.0,0.0,-0.3193,0.8865,-0.335,0.9463,0.2796,-0.1622,-0.0501,-0.3688,-0.9282,0.676,0.226,-0.7014,-0.7316,0.0917,-0.6755,-0.0884,0.9698,0.2273,-0.0,0.0,-0.0,0.0,0.0,0.0,-0.0024,-0.0125,-0.0003,37.6018,22.8202,67.2324,0.0,0.0434,-0.3666,0.0,0.0,0.0,2715120.221,3140466.7858,-5307342.215,4801.3887,3756.1554,4685.8245,2715082.6192,3140443.9656,-5307409.4474,4801.391,3756.1679,4685.8248,0.0,0.0765,3.9732,0.0,0.0,1.0,0.0,1.0,0.0,0.0,1.172,-23.972,0.0,1.0,0.0,0.0,0.0,-1.0,3.7601768575427403,0.012806248474865698,-0.37310499999999996,5.190035998491149,13.157695627446364,,
78.5844,74.621,2.531,2.78,70.674,2.069,2.711,-0.002,-0.01,0.008,-0.002,-0.01,0.008,-25.304,-1.475,-7.676,-0.0,0.0,-0.0,-0.0,0.0,-0.0,851.33,-0.0,0.0,-0.0,0.0,0.0,0.0,0.0,0.0,-0.3193,0.8865,-0.335,0.9463,0.2796,-0.1622,-0.0501,-0.3688,-0.9282,0.676,0.226,-0.7014,-0.7316,0.0917,-0.6755,-0.0884,0.9698,0.2273,-0.0,0.0,-0.0,0.0,0.0,0.0,-0.0024,-0.0126,-0.0003,37.6013,22.8176,67.2323,0.0,0.0434,-0.3666,0.0,0.0,0.0,2716137.3057,3141262.428,-5306349.3755,4800.6391,3755.2884,4687.2893,2716099.7044,3141239.6104,-5306416.6078,4800.6415,3755.301,4687.2896,0.0,0.0765,3.9732,0.0,0.0,1.0,0.0,1.0,0.0,0.0,1.172,-23.972,0.0,1.0,0.0,0.0,0.0,-1.0,3.759569257242111,0.012806248474865698,-0.37310499999999996,5.193309013591073,13.157695627446364,,
78.7879,74.62,2.529,2.782,70.674,2.067,2.712,-0.002,-0.01,0.008,-0.002,-0.01,0.008,-25.304,-1.475,-7.676,-0.0,0.0,-0.0,-0.0,0.0,-0.0,851.33,-0.0,0.0,-0.0,0.0,0.0,0.0,0.0,0.0,-0.3193,0.8865,-0.335,0.9463,0.2796,-0.1622,-0.0501,-0.3688,-0.9282,0.676,0.226,-0.7014,-0.7316,0.0917,-0.6755,-0.0884,0.9698,0.2273,-0.0,0.0,-0.0,0.0,0.0,0.0,-0.0024,-0.0126,-0.0003,37.6009,22.815,67.2323,0.0,0.0434,-0.3666,0.0,0.0,0.0,2717109.0302,3142022.5302,-5305400.3815,4799.9226,3754.4598,4688.6888,2717071.4293,3141999.7152,-5305467.6137,4799.925,3754.4724,4688.6891,0.0,0.0765,3.9732,0.0,0.0,1.0,0.0,1.0,0.0,0.0,1.172,-23.972,0.0,1.0,0.0,0.0,0.0,-1.0,3.759702780805951,0.012806248474865698,-0.37310000000000004,5.193520757667803,13.157519300465657,,
78.9985,74.62,2.527,2.783,70.674,2.065,2.714,-0.002,-0.01,0.008,-0.002,-0.01,0.008,-25.304,-1.475,-7.676,-0.0,0.0,-0.0,-0.0,0.0,-0.0,851.33,-0.0,0.0,-0.0,0.0,0.0,0.0,0.0,0.0,-0.3193,0.8865,-0.335,0.9463,0.2796,-0.1622,-0.0501,-0.3688,-0.9282,0.676,0.226,-0.7014,-0.7316,0.0917,-0.6755,-0.0884,0.9698,0.2273,-0.0,0.0,-0.0,0.0,0.0,0.0,-0.0024,-0.0126,-0.0003,37.6004,22.8124,67.2322,0.0,0.0434,-0.3666,0.0,0.0,0.0,2718116.5726,3142810.5927,-5304415.9575,4799.1793,3753.6003,4690.1397,2718078.9723,3142787.7803,-5304483.1897,4799.1817,3753.6129,4690.14,0.0,0.0765,3.9732,0.0,0.0,1.0,0.0,1.0,0.0,0.0,1.172,-23.972,0.0,1.0,0.0,0.0,0.0,-1.0,3.759098030113075,0.012806248474865698,-0.37310000000000004,5.19839903214712,13.157519300465657,,
79.2076,74.62,2.525,2.785,70.673,2.063,2.715,-0.002,-0.01,0.008,-0.002,-0.01,0.008,-25.304,-1.475,-7.676,-0.0,0.0,-0.0,-0.0,0.0,-0.0,851.33,-0.0,0.0,-0.0,0.0,0.0,0.0,0.0,0.0,-0.3193,0.8865,-0.335,0.9463,0.2796,-0.1622,-0.0501,-0.3688,-0.9282,0.676,0.226,-0.7014,-0.7316,0.0917,-0.6755,-0.0884,0.9698,0.2273,-0.0,0.0,-0.0,0.0,0.0,0.0,-0.0025,-0.0126,-0.0003,37.5999,22.8097,67.2321,0.0,0.0434,-0.3666,0.0,0.0,0.0,2719124.4799,3143598.8816,-5303430.7233,4798.4353,3752.7401,4691.5912,2719086.8801,3143576.0718,-5303497.9554,4798.4377,3752.7527,4691.5915,0.0,0.0765,3.9732,0.0,0.0,1.0,0.0,1.0,0.0,0.0,1.172,-23.972,0.0,1.0,0.0,0.0,0.0,-1.0,3.759235294577875,0.012806248474865698,-0.37310000000000004,5.195420293357836,13.157519300465657,,
79.4165,74.619,2.523,2.787,70.673,2.061,2.717,-0.002,-0.01,0.008,-0.002,-0.01,0.008,-25.304,-1.475,-7.676,-0.0,0.0,-0.0,-0.0,0.0,-0.0,851.33,-0.0,0.0,-0.0,0.0,0.0,0.0,0.0,0.0,-0.3193,0.8865,-0.335,0.9463,0.2796,-0.1622,-0.0501,-0.3688,-0.9282,0.676,0.226,-0.7014,-0.7316,0.0917,-0.6755,-0.0884,0.9698,0.2273,-0.0,0.0,-0.0,0.0,0.0,0.0,-0.0025,-0.0126,-0.0003,37.5993,22.8071,67.2321,0.0,0.0434,-0.3666,0.0,0.0,0.0,2720121.8782,3144378.8935,-5302455.3121,4797.6987,3751.8886,4693.0275,2720084.2789,3144356.0864,-5302522.5441,4797.7012,3751.9012,4693.0278,0.0,0.0765,3.9732,0.0,0.0,1.0,0.0,1.0,0.0,0.0,1.172,-23.972,0.0,1.0,0.0,0.0,0.0,-1.0,3.7593746820448746,0.012806248474865698,-0.373095,5.198836850314848,13.157342973484948,,
79.6218,74.619,2.521,2.788,70.672,2.059,2.719,-0.002,-0.01,0.008,-0.002,-0.01,0.008,-25.304,-1.475,-7.676,-0.0,0.0,-0.0,-0.0,0.0,-0.0,851.33,-0.0,0.0,-0.0,0.0,0.0,0.0,0.0,0.0,-0.3193,0.8865,-0.335,0.9463,0.2796,-0.1622,-0.0501,-0.3688,-0.9282,0.676,0.226,-0.7014,-0.7316,0.0917,-0.6755,-0.0884,0.9698,0.2273,-0.0,0.0,-0.0,0.0,0.0,0.0,-0.0025,-0.0126,-0.0003,37.5988,22.8045,67.232,0.0,0.0434,-0.3666,0.0,0.0,0.0,2721111.9829,3145153.1451,-5301486.5895,4796.9671,3751.0429,4694.4532,2721074.3841,3145130.3406,-5301553.8215,4796.9696,3751.0556,4694.4535,0.0,0.0765,3.9732,0.0,0.0,1.0,0.0,1.0,0.0,0.0,1.172,-23.972,0.0,1.0,0.0,0.0,0.0,-1.0,3.7587744013175355,0.012806248474865698,-0.373095,5.2021238008538315,13.157342973484948,,
79.8312,74.618,2.518,2.79,70.672,2.056,2.72,-0.002,-0.01,0.008,-0.002,-0.01,0.008,-25.304,-1.475,-7.676,-0.0,0.0,-0.0,-0.0,0.0,-0.0,851.33,-0.0,0.0,-0.0,0.0,0.0,0.0,0.0,0.0,-0.3193,0.8865,-0.335,0.9463,0.2796,-0.1622,-0.0501,-0.3688,-0.9282,0.676,0.226,-0.7014,-0.7316,0.0917,-0.6755,-0.0884,0.9698,0.2273,-0.0,0.0,-0.0,0.0,0.0,0.0,-0.0025,-0.0127,-0.0003,37.5983,22.8018,67.2319,0.0,0.0434,-0.3666,0.0,0.0,0.0,2722122.4502,3145943.2616,-5300497.4886,4796.2201,3750.1796,4695.9082,2722084.8519,3145920.4598,-5300564.7205,4796.2226,3750.1922,4695.9086,0.0,0.0765,3.9732,0.0,0.0,1.0,0.0,1.0,0.0,0.0,1.172,-23.972,0.0,1.0,0.0,0.0,0.0,-1.0,3.7582474639118697,0.012806248474865698,-0.37309,5.203078145634283,13.157166646504239,,
80.0378,74.618,2.516,2.791,70.671,2.054,2.722,-0.002,-0.01,0.008,-0.002,-0.01,0.008,-25.304,-1.475,-7.676,-0.0,0.0,-0.0,-0.0,0.0,-0.0,851.33,-0.0,0.0,-0.0,0.0,0.0,0.0,0.0,0.0,-0.3193,0.8865,-0.335,0.9463,0.2796,-0.1622,-0.0501,-0.3688,-0.9282,0.676,0.226,-0.7014,-0.7316,0.0917,-0.6755,-0.0884,0.9698,0.2273,-0.0,0.0,-0.0,0.0,0.0,0.0,-0.0025,-0.0127,-0.0003,37.5978,22.7992,67.2319,0.0,0.0434,-0.3666,0.0,0.0,0.0,2723114.5893,3146718.9897,-5299525.879,4795.4862,3749.3315,4697.3368,2723076.9915,3146696.1904,-5299593.1109,4795.4887,3749.3442,4697.3371,0.0,0.0765,3.9732,0.0,0.0,1.0,0.0,1.0,0.0,0.0,1.172,-23.972,0.0,1.0,0.0,0.0,0.0,-1.0,3.7576504627226837,0.012806248474865698,-0.37309,5.206369737175927,13.157166646504239,,
80.2442,74.617,2.514,2.793,70.671,2.052,2.723,-0.002,-0.01,0.008,-0.002,-0.01,0.008,-25.304,-1.475,-7.676,-0.0,0.0,-0.0,-0.0,0.0,-0.0,851.33,-0.0,0.0,-0.0,0.0,0.0,0.0,0.0,0.0,-0.3193,0.8865,-0.335,0.9463,0.2796,-0.1622,-0.0501,-0.3688,-0.9282,0.676,0.226,-0.7014,-0.7316,0.0917,-0.6755,-0.0884,0.9698,0.2273,-0.0,0.0,-0.0,0.0,0.0,0.0,-0.0025,-0.0127,-0.0003,37.5973,22.7966,67.2318,0.0,0.0434,-0.3666,0.0,0.0,0.0,2724106.5779,3147494.5434,-5298553.973,4794.7521,3748.4832,4698.7652,2724068.9807,3147471.7468,-5298621.2048,4794.7546,3748.4959,4698.7655,0.0,0.0765,3.9732,0.0,0.0,1.0,0.0,1.0,0.0,0.0,1.172,-23.972,0.0,1.0,0.0,0.0,0.0,-1.0,3.7577978923832505,0.012806248474865698,-0.373085,5.206565129848487,13.156990319523532,,
80.4545,74.617,2.512,2.794,70.671,2.05,2.725,-0.002,-0.01,0.008,-0.002,-0.01,0.008,-25.304,-1.475,-7.676,-0.0,0.0,-0.0,-0.0,0.0,-0.0,851.33,-0.0,0.0,-0.0,0.0,0.0,0.0,0.0,0.0,-0.3193,0.8865,-0.335,0.9463,0.2796,-0.1622,-0.0501,-0.3688,-0.9282,0.676,0.226,-0.7014,-0.7316,0.0917,-0.6755,-0.0884,0.9698,0.2273,-0.0,0.0,-0.0,0.0,0.0,0.0,-0.0026,-0.0127,-0.0003,37.5967,22.794,67.2317,0.0,0.0434,-0.3666,0.0,0.0,0.0,2725102.9487,3148273.4661,-5297577.3249,4794.0143,3747.6308,4700.1998,2725065.352,3148250.6721,-5297644.5566,4794.0169,3747.6435,4700.2001,0.0,0.0765,3.9732,0.0,0.0,1.0,0.0,1.0,0.0,0.0,1.172,-23.972,0.0,1.0,0.0,0.0,0.0,-1.0,3.7572037474696525,0.012806248474865698,-0.373085,5.211461054432377,13.156990319523532,,
80.6623,74.617,2.51,2.796,70.67,2.048,2.726,-0.002,-0.01,0.008,-0.002,-0.01,0.008,-25.304,-1.475,-7.676,-0.0,0.0,-0.0,-0.0,0.0,-0.0,851.33,-0.0,0.0,-0.0,0.0,0.0,0.0,0.0,0.0,-0.3193,0.8865,-0.335,0.9463,0.2796,-0.1622,-0.0501,-0.3688,-0.9282,0.676,0.226,-0.7014,-0.7316,0.0917,-0.6755,-0.0884,0.9698,0.2273,-0.0,0.0,-0.0,0.0,0.0,0.0,-0.0026,-0.0127,-0.0003,37.5962,22.7913,67.2317,0.0,0.0434,-0.3666,0.0,0.0,0.0,2726107.1514,3149058.4534,-5296592.5473,4793.2703,3746.7714,4701.6456,2726069.5552,3149035.6621,-5296659.779,4793.2729,3746.7841,4701.6459,0.0,0.0765,3.9732,0.0,0.0,1.0,0.0,1.0,0.0,0.0,1.172,-23.972,0.0,1.0,0.0,0.0,0.0,-1.0,3.757354920685561,0.012806248474865698,-0.373085,5.208467578940972,13.156990319523532,,
80.8693,74.616,2.508,2.798,70.67,2.046,2.728,-0.002,-0.01,0.008,-0.002,-0.01,0.008,-25.304,-1.475,-7.676,-0.0,0.0,-0.0,-0.0,0.0,-0.0,851.33,-0.0,0.0,-0.0,0.0,0.0,0.0,0.0,0.0,-0.3193,0.8865,-0.335,0.9463,0.2796,-0.1622,-0.0501,-0.3688,-0.9282,0.676,0.226,-0.7014,-0.7316,0.0917,-0.6755,-0.0884,0.9698,0.2273,-0.0,0.0,-0.0,0.0,0.0,0.0,-0.0026,-0.0127,-0.0003,37.5956,22.7887,67.2316,0.0,0.0434,-0.3666,0.0,0.0,0.0,2727099.7901,3149834.3439,-5295618.6617,4792.5346,3745.9215,4703.0747,2727062.1944,3149811.5552,-5295685.8933,4792.5372,3745.9343,4703.075,0.0,0.0765,3.9732,0.0,0.0,1.0,0.0,1.0,0.0,0.0,1.172,-23.972,0.0,1.0,0.0,0.0,0.0,-1.0,3.7575082168905496,0.012806248474865698,-0.37308,5.211884880072404,13.156813992542823,,
81.0774,74.616,2.506,2.799,70.669,2.044,2.73,-0.002,-0.01,0.008,-0.002,-0.01,0.008,-25.304,-1.475,-7.676,-0.0,0.0,-0.0,-0.0,0.0,-0.0,851.33,-0.0,0.0,-0.0,0.0,0.0,0.0,0.0,0.0,-0.3193,0.8865,-0.335,0.9463,0.2796,-0.1622,-0.0501,-0.3688,-0.9282,0.676,0.226,-0.7014,-0.7316,0.0917,-0.6755,-0.0884,0.9698,0.2273,-0.0,0.0,-0.0,0.0,0.0,0.0,-0.0026,-0.0128,-0.0003,37.5951,22.786,67.2315,0.0,0.0434,-0.3666,0.0,0.0,0.0,2728096.1324,3150613.072,-5294640.695,4791.7957,3745.0682,4704.5091,2728058.5373,3150590.2859,-5294707.9266,4791.7983,3745.0809,4704.5095,0.0,0.0765,3.9732,0.0,0.0,1.0,0.0,1.0,0.0,0.0,1.172,-23.972,0.0,1.0,0.0,0.0,0.0,-1.0,3.756918551153325,0.012806248474865698,-0.37308,5.215190339625232,13.156813992542823,,
81.2788,74.615,2.504,2.801,70.669,2.041,2.731,-0.002,-0.01,0.008,-0.002,-0.01,0.008,-25.304,-1.475,-7.676,-0.0,0.0,-0.0,-0.0,0.0,-0.0,851.33,-0.0,0.0,-0.0,0.0,0.0,0.0,0.0,0.0,-0.3193,0.8865,-0.335,0.9463,0.2796,-0.1622,-0.0501,-0.3688,-0.9282,0.676,0.226,-0.7014,-0.7316,0.0917,-0.6755,-0.0884,0.9698,0.2273,-0.0,0.0,-0.0,0.0,0.0,0.0,-0.0026,-0.0128,-0.0003,37.5946,22.7834,67.2315,0.0,0.0434,-0.3666,0.0,0.0,0.0,2729063.2332,3151368.8903,-5293691.0011,4791.0781,3744.2395,4705.9014,2729025.6386,3151346.1068,-5293758.2326,4791.0808,3744.2523,4705.9017,0.0,0.0765,3.9732,0.0,0.0,1.0,0.0,1.0,0.0,0.0,1.172,-23.972,0.0,1.0,0.0,0.0,0.0,-1.0,3.757075591467385,0.012806248474865698,-0.373075,5.230131400579691,13.156637665562114,,
81.486,74.615,2.501,2.802,70.668,2.039,2.733,-0.002,-0.01,0.008,-0.002,-0.01,0.008,-25.304,-1.475,-7.676,-0.0,0.0,-0.0,-0.0,0.0,-0.0,851.33,-0.0,0.0,-0.0,0.0,0.0,0.0,0.0,0.0,-0.3193,0.8865,-0.335,0.9463,0.2796,-0.1622,-0.0501,-0.3688,-0.9282,0.676,0.226,-0.7014,-0.7316,0.0917,-0.6755,-0.0884,0.9698,0.2273,-0.0,0.0,-0.0,0.0,0.0,0.0,-0.0027,-0.0128,-0.0003,37.594,22.7808,67.2314,0.0,0.0434,-0.3666,0.0,0.0,0.0,2730055.9029,3152144.6355,-5292715.7573,4790.3412,3743.3886,4707.3305,2730018.3089,3152121.8547,-5292782.9887,4790.3439,3743.4014,4707.3308,0.0,0.0765,3.9732,0.0,0.0,1.0,0.0,1.0,0.0,0.0,1.172,-23.972,0.0,1.0,0.0,0.0,0.0,-1.0,3.7558228126470503,0.012806248474865698,-0.373075,5.219438315470041,13.156637665562114,,
81.6943,74.614,2.499,2.804,70.668,2.037,2.734,-0.002,-0.01,0.008,-0.002,-0.01,0.008,-25.304,-1.475,-7.676,-0.0,0.0,-0.0,-0.0,0.0,-0.0,851.33,-0.0,0.0,-0.0,0.0,0.0,0.0,0.0,0.0,-0.3193,0.8865,-0.335,0.9463,0.2796,-0.1622,-0.0501,-0.3688,-0.9282,0.676,0.226,-0.7014,-0.7316,0.0917,-0.6755,-0.0884,0.9698,0.2273,-0.0,0.0,-0.0,0.0,0.0,0.0,-0.0027,-0.0128,-0.0003,37.5935,22.7781,67.2314,0.0,0.0434,-0.3666,0.0,0.0,0.0,2731055.9859,3152926.1161,-5291732.7804,4789.5984,3742.531,4708.7701,2731018.3925,3152903.338,-5291800.0118,4789.6011,3742.5438,4708.7705,0.0,0.0765,3.9732,0.0,0.0,1.0,0.0,1.0,0.0,0.0,1.172,-23.972,0.0,1.0,0.0,0.0,0.0,-1.0,3.7559841586460396,0.012806248474865698,-0.37307,5.219617436947034,13.156461338581407,,
81.9005,74.614,2.497,2.805,70.668,2.035,2.736,-0.002,-0.01,0.008,-0.002,-0.01,0.008,-25.304,-1.475,-7.676,-0.0,0.0,-0.0,-0.0,0.0,-0.0,851.33,-0.0,0.0,-0.0,0.0,0.0,0.0,0.0,0.0,-0.3193,0.8865,-0.335,0.9463,0.2796,-0.1622,-0.0501,-0.3688,-0.9282,0.676,0.226,-0.7014,-0.7316,0.0917,-0.6755,-0.0884,0.9698,0.2273,-0.0,0.0,-0.0,0.0,0.0,0.0,-0.0027,-0.0128,-0.0003,37.5929,22.7755,67.2313,0.0,0.0434,-0.3666,0.0,0.0,0.0,2732039.095,3153694.2769,-5290766.0441,4788.8678,3741.6876,4710.1853,2732001.5021,3153671.5014,-5290833.2754,4788.8705,3741.7004,4710.1857,0.0,0.0765,3.9732,0.0,0.0,1.0,0.0,1.0,0.0,0.0,1.172,-23.972,0.0,1.0,0.0,0.0,0.0,-1.0,3.7554006444053343,0.012806248474865698,-0.37307,5.224530918812805,13.156461338581407,,
82.1021,74.614,2.495,2.807,70.667,2.033,2.737,-0.002,-0.011,0.008,-0.002,-0.011,0.008,-25.304,-1.475,-7.676,-0.0,0.0,-0.0,-0.0,0.0,-0.0,851.33,-0.0,0.0,-0.0,0.0,0.0,0.0,0.0,0.0,-0.3193,0.8865,-0.335,0.9463,0.2796,-0.1622,-0.0501,-0.3688,-0.9282,0.676,0.226,-0.7014,-0.7316,0.0917,-0.6755,-0.0884,0.9698,0.2273,-0.0,0.0,-0.0,0.0,0.0,0.0,-0.0027,-0.0128,-0.0003,37.5924,22.7729,67.2312,0.0,0.0434,-0.3666,0.0,0.0,0.0,2733003.2727,3154447.591,-5289817.499,4788.1509,3740.8601,4711.5733,2732965.6803,3154424.8181,-5289884.7302,4788.1536,3740.873,4711.5736,0.0,0.0765,3.9732,0.0,0.0,1.0,0.0,1.0,0.0,0.0,1.172,-23.972,0.0,1.0,0.0,0.0,0.0,-1.0,3.75556573634386,0.013601470508735444,-0.37307,5.221522784127868,13.156461338581407,,
82.3022,74.613,2.493,2.808,70.667,2.031,2.739,-0.002,-0.011,0.008,-0.002,-0.011,0.008,-25.304,-1.475,-7.676,-0.0,0.0,-0.0,-0.0,0.0,-0.0,851.33,-0.0,0.0,-0.0,0.0,0.0,0.0,0.0,0.0,-0.3193,0.8865,-0.335,0.9463,0.2796,-0.1622,-0.0501,-0.3688,-0.9282,0.676,0.226,-0.7014,-0.7316,0.0917,-0.6755,-0.0884,0.9698,0.2273,-0.0,0.0,-0.0,0.0,0.0,0.0,-0.0027,-0.0129,-0.0003,37.5918,22.7703,67.2312,0.0,0.0434,-0.3666,0.0,0.0,0.0,2733959.8161,3155194.8872,-5288876.0475,4787.4394,3740.0389,4712.9501,2733922.2242,3155172.1168,-5288943.2787,4787.4421,3740.0517,4712.9505,0.0,0.0765,3.9732,0.0,0.0,1.0,0.0,1.0,0.0,0.0,1.172,-23.972,0.0,1.0,0.0,0.0,0.0,-1.0,3.7549850865216494,0.013601470508735444,-0.373065,5.228025565662581,13.156285011600698,,
82.5036,74.613,2.491,2.81,70.666,2.029,2.74,-0.002,-0.011,0.008,-0.002,-0.011,0.008,-25.304,-1.475,-7.676,-0.0,0.0,-0.0,-0.0,0.0,-0.0,851.33,-0.0,0.0,-0.0,0.0,0.0,0.0,0.0,0.0,-0.3193,0.8865,-0.335,0.9463,0.2796,-0.1622,-0.0501,-0.3688,-0.9282,0.676,0.226,-0.7014,-0.7316,0.0917,-0.6755,-0.0884,0.9698,0.2273,-0.0,0.0,-0.0,0.0,0.0,0.0,-0.0028,-0.0129,-0.0003,37.5913,22.7677,67.2311,0.0,0.0434,-0.3666,0.0,0.0,0.0,2734932.2612,3155954.552,-5287918.5213,4786.7156,3739.2037,4714.3499,2734894.6699,3155931.7842,-5287985.7524,4786.7184,3739.2165,4714.3502,0.0,0.0765,3.9732,0.0,0.0,1.0,0.0,1.0,0.0,0.0,1.172,-23.972,0.0,1.0,0.0,0.0,0.0,-1.0,3.755153924941027,0.013601470508735444,-0.373065,5.225013397895339,13.156285011600698,,
82.7116,74.612,2.488,2.812,70.666,2.026,2.742,-0.002,-0.011,0.008,-0.002,-0.011,0.008,-25.304,-1.475,-7.676,-0.0,0.0,-0.0,-0.0,0.0,-0.0,851.33,-0.0,0.0,-0.0,0.0,0.0,0.0,0.0,0.0,-0.3193,0.8865,-0.335,0.9463,0.2796,-0.1622,-0.0501,-0.3688,-0.9282,0.676,0.226,-0.7014,-0.7316,0.0917,-0.6755,-0.0884,0.9698,0.2273,-0.0,0.0,-0.0,0.0,0.0,0.0,-0.0028,-0.0129,-0.0003,37.5907,22.765,67.231,0.0,0.0434,-0.3666,0.0,0.0,0.0,2735928.537,3156732.7763,-5286937.0843,4785.9737,3738.3476,4715.7839,2735890.9463,3156710.0112,-5287004.3153,4785.9765,3738.3605,4715.7842,0.0,0.0765,3.9732,0.0,0.0,1.0,0.0,1.0,0.0,0.0,1.172,-23.972,0.0,1.0,0.0,0.0,0.0,-1.0,3.7546621685579114,0.013601470508735444,-0.37305999999999995,5.229186235381066,13.156108684619987,,
82.9176,74.612,2.486,2.813,70.665,2.024,2.744,-0.002,-0.011,0.008,-0.002,-0.011,0.008,-25.304,-1.475,-7.676,-0.0,0.0,-0.0,-0.0,0.0,-0.0,851.33,-0.0,0.0,-0.0,0.0,0.0,0.0,0.0,0.0,-0.3193,0.8865,-0.335,0.9463,0.2796,-0.1622,-0.0501,-0.3688,-0.9282,0.676,0.226,-0.7014,-0.7316,0.0917,-0.6755,-0.0884,0.9698,0.2273,-0.0,0.0,-0.0,0.0,0.0,0.0,-0.0028,-0.0129,-0.0003,37.5901,22.7624,67.2309,0.0,0.0434,-0.3666,0.0,0.0,0.0,2736907.9655,3157497.7848,-5285971.8022,4785.244,3737.5058,4717.1936,2736870.3754,3157475.0224,-5286039.0332,4785.2468,3737.5187,4717.1939,0.0,0.0765,3.9732,0.0,0.0,1.0,0.0,1.0,0.0,0.0,1.172,-23.972,0.0,1.0,0.0,0.0,0.0,-1.0,3.754086440134271,0.013601470508735444,-0.37305999999999995,5.232514697684821,13.156108684619987,,
83.1241,74.611,2.484,2.815,70.665,2.022,2.745,-0.002,-0.011,0.008,-0.002,-0.011,0.008,-25.304,-1.475,-7.676,-0.0,0.0,-0.0,-0.0,0.0,-0.0,851.33,-0.0,0.0,-0.0,0.0,0.0,0.0,0.0,0.0,-0.3193,0.8865,-0.335,0.9463,0.2796,-0.1622,-0.0501,-0.3688,-0.9282,0.676,0.226,-0.7014,-0.7316,0.0917,-0.6755,-0.0884,0.9698,0.2273,-0.0,0.0,-0.0,0.0,0.0,0.0,-0.0028,-0.0129,-0.0003,37.5895,22.7597,67.2309,0.0,0.0434,-0.3666,0.0,0.0,0.0,2737894.753,3158268.4847,-5284998.8291,4784.5085,3736.6572,4718.6138,2737857.1635,3158245.7249,-5285066.06,4784.5113,3736.6701,4718.6141,0.0,0.0765,3.9732,0.0,0.0,1.0,0.0,1.0,0.0,0.0,1.172,-23.972,0.0,1.0,0.0,0.0,0.0,-1.0,3.754261711708442,0.013601470508735444,-0.373055,5.232677627649288,13.155932357639282,,
83.3326,74.611,2.482,2.816,70.665,2.02,2.747,-0.002,-0.011,0.008,-0.002,-0.011,0.008,-25.304,-1.475,-7.676,-0.0,0.0,-0.0,-0.0,0.0,-0.0,851.33,-0.0,0.0,-0.0,0.0,0.0,0.0,0.0,0.0,-0.3193,0.8865,-0.335,0.9463,0.2796,-0.1622,-0.0501,-0.3688,-0.9282,0.676,0.226,-0.7014,-0.7316,0.0917,-0.6755,-0.0884,0.9698,0.2273,-0.0,0.0,-0.0,0.0,0.0,0.0,-0.0028,-0.0129,-0.0003,37.5889,22.757,67.2308,0.0,0.0434,-0.3666,0.0,0.0,0.0,2738891.8654,3159047.1912,-5284015.2245,4783.7648,3735.7995,4720.0489,2738854.2765,3159024.4342,-5284082.4553,4783.7677,3735.8124,4720.0492,0.0,0.0765,3.9732,0.0,0.0,1.0,0.0,1.0,0.0,0.0,1.172,-23.972,0.0,1.0,0.0,0.0,0.0,-1.0,3.7536888523158125,0.013601470508735444,-0.373055,5.237608574632112,13.155932357639282,,
83.5388,74.611,2.48,2.818,70.664,2.018,2.748,-0.002,-0.011,0.008,-0.002,-0.011,0.008,-25.304,-1.475,-7.676,-0.0,0.0,-0.0,-0.0,0.0,-0.0,851.33,-0.0,0.0,-0.0,0.0,0.0,0.0,0.0,0.0,-0.3193,0.8865,-0.335,0.9463,0.2796,-0.1622,-0.0501,-0.3688,-0.9282,0.676,0.226,-0.7014,-0.7316,0.0917,-0.6755,-0.0884,0.9698,0.2273,-0.0,0.0,-0.0,0.0,0.0,0.0,-0.0029,-0.013,-0.0003,37.5883,22.7544,67.2308,0.0,0.0434,-0.3666,0.0,0.0,0.0,2739880.5617,3159819.268,-5283039.4765,4783.0271,3734.9486,4721.4718,2739842.9734,3159796.5137,-5283106.7072,4783.03,3734.9615,4721.4721,0.0,0.0765,3.9732,0.0,0.0,1.0,0.0,1.0,0.0,0.0,1.172,-23.972,0.0,1.0,0.0,0.0,0.0,-1.0,3.7538678719422185,0.013601470508735444,-0.373055,5.234585857719372,13.155932357639282,,
83.7424,74.61,2.478,2.819,70.664,2.015,2.75,-0.002,-0.011,0.008,-0.002,-0.011,0.008,-25.304,-1.475,-7.676,-0.0,0.0,-0.0,-0.0,0.0,-0.0,851.33,-0.0,0.0,-0.0,0.0,0.0,0.0,0.0,0.0,-0.3193,0.8865,-0.335,0.9463,0.2796,-0.1622,-0.0501,-0.3688,-0.9282,0.676,0.226,-0.7014,-0.7316,0.0917,-0.6755,-0.0884,0.9698,0.2273,-0.0,0.0,-0.0,0.0,0.0,0.0,-0.0029,-0.013,-0.0003,37.5878,22.7517,67.2307,0.0,0.0434,-0.3666,0.0,0.0,0.0,2740856.7615,3160581.5305,-5282075.625,4782.2983,3734.1081,4722.8767,2740819.1737,3160558.7787,-5282142.8557,4782.3012,3734.1211,4722.877,0.0,0.0765,3.9732,0.0,0.0,1.0,0.0,1.0,0.0,0.0,1.172,-23.972,0.0,1.0,0.0,0.0,0.0,-1.0,3.7532978831955237,0.013601470508735444,-0.37305,5.255848473841357,13.155756030658571,,
83.9478,74.61,2.475,2.821,70.663,2.013,2.751,-0.002,-0.011,0.008,-0.002,-0.011,0.008,-25.304,-1.475,-7.676,-0.0,0.0,-0.0,-0.0,0.0,-0.0,851.33,-0.0,0.0,-0.0,0.0,0.0,0.0,0.0,0.0,-0.3193,0.8865,-0.335,0.9463,0.2796,-0.1622,-0.0501,-0.3688,-0.9282,0.676,0.226,-0.7014,-0.7316,0.0917,-0.6755,-0.0884,0.9698,0.2273,-0.0,0.0,-0.0,0.0,0.0,0.0,-0.0029,-0.013,-0.0003,37.5872,22.7491,67.2306,0.0,0.0434,-0.3666,0.0,0.0,0.0,2741837.705,3161347.4416,-5281106.651,4781.5656,3733.2633,4724.2883,2741800.1178,3161324.6925,-5281173.8816,4781.5685,3733.2763,4724.2887,0.0,0.0765,3.9732,0.0,0.0,1.0,0.0,1.0,0.0,0.0,1.172,-23.972,0.0,1.0,0.0,0.0,0.0,-1.0,3.7528210722068804,0.013601470508735444,-0.37305,5.238833123162837,13.155756030658571,,
84.1549,74.609,2.473,2.822,70.663,2.011,2.753,-0.002,-0.011,0.008,-0.002,-0.011,0.008,-25.304,-1.475,-7.676,-0.0,0.0,-0.0,-0.0,0.0,-0.0,851.33,-0.0,0.0,-0.0,0.0,0.0,0.0,0.0,0.0,-0.3193,0.8865,-0.335,0.9463,0.2796,-0.1622,-0.0501,-0.3688,-0.9282,0.676,0.226,-0.7014,-0.7316,0.0917,-0.6755,-0.0884,0.9698,0.2273,-0.0,0.0,-0.0,0.0,0.0,0.0,-0.0029,-0.013,-0.0003,37.5866,22.7464,67.2305,0.0,0.0434,-0.3666,0.0,0.0,0.0,2742830.788,3162122.7735,-5280125.2427,4780.8234,3732.4076,4725.7174,2742793.2014,3162100.0272,-5280192.4732,4780.8264,3732.4206,4725.7177,0.0,0.0765,3.9732,0.0,0.0,1.0,0.0,1.0,0.0,0.0,1.172,-23.972,0.0,1.0,0.0,0.0,0.0,-1.0,3.7522543890306794,0.013601470508735444,-0.37304499999999996,5.245356813329868,13.155579703677862,,
84.3633,74.609,2.471,2.824,70.662,2.009,2.754,-0.002,-0.011,0.008,-0.002,-0.011,0.008,-25.304,-1.475,-7.676,-0.0,0.0,-0.0,-0.0,0.0,-0.0,851.33,-0.0,0.0,-0.0,0.0,0.0,0.0,0.0,0.0,-0.3193,0.8865,-0.335,0.9463,0.2796,-0.1622,-0.0501,-0.3688,-0.9282,0.676,0.226,-0.7014,-0.7316,0.0917,-0.6755,-0.0884,0.9698,0.2273,-0.0,0.0,-0.0,0.0,0.0,0.0,-0.0029,-0.013,-0.0003,37.586,22.7437,67.2305,0.0,0.0434,-0.3666,0.0,0.0,0.0,2743824.7684,3162898.7491,-5279142.495,4780.0802,3731.5508,4727.1478,2743787.1825,3162876.0054,-5279209.7254,4780.0832,3731.5639,4727.1481,0.0,0.0765,3.9732,0.0,0.0,1.0,0.0,1.0,0.0,0.0,1.172,-23.972,0.0,1.0,0.0,0.0,0.0,-1.0,3.7524414718953314,0.013601470508735444,-0.37304499999999996,5.242326495253329,13.155579703677862,,
84.5715,74.608,2.469,2.826,70.662,2.006,2.756,-0.002,-0.011,0.008,-0.002,-0.011,0.008,-25.304,-1.475,-7.676,-0.0,0.0,-0.0,-0.0,0.0,-0.0,851.33,-0.0,0.0,-0.0,0.0,0.0,0.0,0.0,0.0,-0.3193,0.8865,-0.335,0.9463,0.2796,-0.1622,-0.0501,-0.3688,-0.9282,0.676,0.226,-0.7014,-0.7316,0.0917,-0.6755,-0.0884,0.9698,0.2273,-0.0,0.0,-0.0,0.0,0.0,0.0,-0.0029,-0.013,-0.0003,37.5854,22.7409,67.2304,0.0,0.0434,-0.3666,0.0,0.0,0.0,2744819.9447,3163675.6003,-5278158.1151,4779.3357,3730.6927,4728.5798,2744782.3594,3163652.8594,-5278225.3455,4779.3387,3730.7057,4728.5801,0.0,0.0765,3.9732,0.0,0.0,1.0,0.0,1.0,0.0,0.0,1.172,-23.972,0.0,1.0,0.0,0.0,0.0,-1.0,3.752630677271612,0.013601470508735444,-0.37304000000000004,5.260495474367478,13.155403376697155,,
84.7777,74.608,2.466,2.827,70.661,2.004,2.758,-0.002,-0.011,0.008,-0.002,-0.011,0.008,-25.304,-1.475,-7.676,-0.0,0.0,-0.0,-0.0,0.0,-0.0,851.33,-0.0,0.0,-0.0,0.0,0.0,0.0,0.0,0.0,-0.3193,0.8865,-0.335,0.9463,0.2796,-0.1622,-0.0501,-0.3688,-0.9282,0.676,0.226,-0.7014,-0.7316,0.0917,-0.6755,-0.0884,0.9698,0.2273,-0.0,0.0,-0.0,0.0,0.0,0.0,-0.003,-0.013,-0.0003,37.5847,22.7383,67.2303,0.0,0.0434,-0.3666,0.0,0.0,0.0,2745800.0224,3164440.6093,-5277188.2269,4778.6022,3729.8472,4729.99,2745762.4377,3164417.8711,-5277255.4572,4778.6051,3729.8603,4729.9904,0.0,0.0765,3.9732,0.0,0.0,1.0,0.0,1.0,0.0,0.0,1.172,-23.972,0.0,1.0,0.0,0.0,0.0,-1.0,3.7514110678516692,0.013601470508735444,-0.37304000000000004,5.249851374023648,13.155403376697155,,
84.9843,74.607,2.464,2.829,70.661,2.002,2.759,-0.002,-0.011,0.008,-0.002,-0.011,0.008,-25.304,-1.475,-7.676,-0.0,0.0,-0.0,-0.0,0.0,-0.0,851.33,-0.0,0.0,-0.0,0.0,0.0,0.0,0.0,0.0,-0.3193,0.8865,-0.335,0.9463,0.2796,-0.1622,-0.0501,-0.3688,-0.9282,0.676,0.226,-0.7014,-0.7316,0.0917,-0.6755,-0.0884,0.9698,0.2273,-0.0,0.0,-0.0,0.0,0.0,0.0,-0.003,-0.0131,-0.0003,37.5841,22.7356,67.2303,0.0,0.0434,-0.3666,0.0,0.0,0.0,2746786.3562,3165210.4448,-5276211.7071,4777.8635,3728.996,4731.4092,2746748.7721,3165187.7092,-5276278.9374,4777.8665,3729.0091,4731.4096,0.0,0.0765,3.9732,0.0,0.0,1.0,0.0,1.0,0.0,0.0,1.172,-23.972,0.0,1.0,0.0,0.0,0.0,-1.0,3.7516045900387747,0.013601470508735444,-0.373035,5.249994205451238,13.155227049716446,,
85.191,74.607,2.462,2.83,70.661,2.0,2.761,-0.002,-0.011,0.008,-0.002,-0.011,0.008,-25.304,-1.475,-7.676,-0.0,0.0,-0.0,-0.0,0.0,-0.0,851.33,-0.0,0.0,-0.0,0.0,0.0,0.0,0.0,0.0,-0.3193,0.8865,-0.335,0.9463,0.2796,-0.1622,-0.0501,-0.3688,-0.9282,0.676,0.226,-0.7014,-0.7316,0.0917,-0.6755,-0.0884,0.9698,0.2273,-0.0,0.0,-0.0,0.0,0.0,0.0,-0.003,-0.0131,-0.0003,37.5835,22.7329,67.2302,0.0,0.0434,-0.3666,0.0,0.0,0.0,2747777.3505,3165983.8606,-5275230.1264,4777.121,3728.1404,4732.8351,2747739.767,3165961.1277,-5275297.3566,4777.124,3728.1535,4732.8354,0.0,0.0765,3.9732,0.0,0.0,1.0,0.0,1.0,0.0,0.0,1.172,-23.972,0.0,1.0,0.0,0.0,0.0,-1.0,3.751045720862384,0.013601470508735444,-0.373035,5.25494683668522,13.155227049716446,,
85.3992,74.606,2.46,2.832,70.66,1.998,2.762,-0.002,-0.011,0.008,-0.002,-0.011,0.008,-25.304,-1.475,-7.676,-0.0,0.0,-0.0,-0.0,0.0,-0.0,851.33,-0.0,0.0,-0.0,0.0,0.0,0.0,0.0,0.0,-0.3193,0.8865,-0.335,0.9463,0.2796,-0.1622,-0.0501,-0.3688,-0.9282,0.676,0.226,-0.7014,-0.7316,0.0917,-0.6755,-0.0884,0.9698,0.2273,-0.0,0.0,-0.0,0.0,0.0,0.0,-0.003,-0.0131,-0.0003,37.5829,22.7301,67.2301,0.0,0.0434,-0.3666,0.0,0.0,0.0,2748772.6349,3166760.5671,-5274243.8432,4776.3749,3727.2808,4734.2671,2748735.052,3166737.837,-5274311.0734,4776.3779,3727.2939,4734.2675,0.0,0.0765,3.9732,0.0,0.0,1.0,0.0,1.0,0.0,0.0,1.172,-23.972,0.0,1.0,0.0,0.0,0.0,-1.0,3.751242993995457,0.013601470508735444,-0.37303,5.253488954499916,13.155050722735737,,
85.6048,74.606,2.457,2.833,70.66,1.995,2.764,-0.002,-0.011,0.008,-0.002,-0.011,0.008,-25.304,-1.475,-7.676,-0.0,0.0,-0.0,-0.0,0.0,-0.0,851.33,-0.0,0.0,-0.0,0.0,0.0,0.0,0.0,0.0,-0.3193,0.8865,-0.335,0.9463,0.2796,-0.1622,-0.0501,-0.3688,-0.9282,0.676,0.226,-0.7014,-0.7316,0.0917,-0.6755,-0.0884,0.9698,0.2273,-0.0,0.0,-0.0,0.0,0.0,0.0,-0.003,-0.0131,-0.0003,37.5822,22.7274,67.23,0.0,0.0434,-0.3666,0.0,0.0,0.0,2749755.1073,3167527.2187,-5273269.8124,4775.638,3726.4319,4735.6806,2749717.5251,3167504.4913,-5273337.0425,4775.6411,3726.445,4735.681,0.0,0.0765,3.9732,0.0,0.0,1.0,0.0,1.0,0.0,0.0,1.172,-23.972,0.0,1.0,0.0,0.0,0.0,-1.0,3.750031733199067,0.013601470508735444,-0.37303,5.259200227125371,13.155050722735737,,
85.8122,74.606,2.455,2.835,70.659,1.993,2.765,-0.002,-0.011,0.008,-0.002,-0.011,0.008,-25.304,-1.475,-7.676,-0.0,0.0,-0.0,-0.0,0.0,-0.0,851.33,-0.0,0.0,-0.0,0.0,0.0,0.0,0.0,0.0,-0.3193,0.8865,-0.335,0.9463,0.2796,-0.1622,-0.0501,-0.3688,-0.9282,0.676,0.226,-0.7014,-0.7316,0.0917,-0.6755,-0.0884,0.9698,0.2273,-0.0,0.0,-0.0,0.0,0.0,0.0,-0.0031,-0.0131,-0.0003,37.5816,22.7247,67.23,0.0,0.0434,-0.3666,0.0,0.0,0.0,2750747.8604,3168301.835,-5272285.1433,4774.893,3725.5738,4737.1089,2750710.2787,3168279.1103,-5272352.3733,4774.8961,3725.5869,4737.1093,0.0,0.0765,3.9732,0.0,0.0,1.0,0.0,1.0,0.0,0.0,1.172,-23.972,0.0,1.0,0.0,0.0,0.0,-1.0,3.7502333260745258,0.013601470508735444,-0.37303,5.256155864155045,13.155050722735737,,
86.0174,74.605,2.453,2.837,70.659,1.991,2.767,-0.002,-0.011,0.008,-0.002,-0.011,0.008,-25.304,-1.475,-7.676,-0.0,0.0,-0.0,-0.0,0.0,-0.0,851.33,-0.0,0.0,-0.0,0.0,0.0,0.0,0.0,0.0,-0.3193,0.8865,-0.335,0.9463,0.2796,-0.1622,-0.0501,-0.3688,-0.9282,0.676,0.226,-0.7014,-0.7316,0.0917,-0.6755,-0.0884,0.9698,0.2273,-0.0,0.0,-0.0,0.0,0.0,0.0,-0.0031,-0.0131,-0.0003,37.581,22.722,67.2299,0.0,0.0434,-0.3666,0.0,0.0,0.0,2751723.3335,3169062.9126,-5271317.1718,4774.1606,3724.7303,4738.5123,2751685.7525,3169040.1906,-5271384.4017,4774.1637,3724.7434,4738.5126,0.0,0.0765,3.9732,0.0,0.0,1.0,0.0,1.0,0.0,0.0,1.172,-23.972,0.0,1.0,0.0,0.0,0.0,-1.0,3.750437041199332,0.013601470508735444,-0.373025,5.2595757191796935,13.15487439575503,,
86.2235,74.605,2.451,2.838,70.658,1.988,2.769,-0.002,-0.011,0.008,-0.002,-0.011,0.008,-25.304,-1.475,-7.676,-0.0,0.0,-0.0,-0.0,0.0,-0.0,851.33,-0.0,0.0,-0.0,0.0,0.0,0.0,0.0,0.0,-0.3193,0.8865,-0.335,0.9463,0.2796,-0.1622,-0.0501,-0.3688,-0.9282,0.676,0.226,-0.7014,-0.7316,0.0917,-0.6755,-0.0884,0.9698,0.2273,-0.0,0.0,-0.0,0.0,0.0,0.0,-0.0031,-0.0132,-0.0003,37.5804,22.7193,67.2298,0.0,0.0434,-0.3666,0.0,0.0,0.0,2752704.4668,3169828.3502,-5270343.145,4773.4236,3723.8816,4739.9238,2752666.8864,3169805.6309,-5270410.3749,4773.4267,3723.8947,4739.9241,0.0,0.0765,3.9732,0.0,0.0,1.0,0.0,1.0,0.0,0.0,1.172,-23.972,0.0,1.0,0.0,0.0,0.0,-1.0,3.7498859982671475,0.013601470508735444,-0.373025,5.277678326455166,13.15487439575503,,
86.4302,74.604,2.448,2.84,70.658,1.986,2.77,-0.002,-0.011,0.008,-0.002,-0.011,0.008,-25.304,-1.475,-7.676,-0.0,0.0,-0.0,-0.0,0.0,-0.0,851.33,-0.0,0.0,-0.0,0.0,0.0,0.0,0.0,0.0,-0.3193,0.8865,-0.335,0.9463,0.2796,-0.1622,-0.0501,-0.3688,-0.9282,0.676,0.226,-0.7014,-0.7316,0.0917,-0.6755,-0.0884,0.9698,0.2273,-0.0,0.0,-0.0,0.0,0.0,0.0,-0.0031,-0.0132,-0.0004,37.5797,22.7166,67.2298,0.0,0.0434,-0.3666,0.0,0.0,0.0,2753699.762,3170604.7784,-5269354.6115,4772.6756,3723.0202,4741.3556,2753662.1823,3170582.0618,-5269421.8413,4772.6787,3723.0334,4741.3559,0.0,0.0765,3.9732,0.0,0.0,1.0,0.0,1.0,0.0,0.0,1.172,-23.972,0.0,1.0,0.0,0.0,0.0,-1.0,3.749440491593379,0.013601470508735444,-0.37302,5.263826256503409,13.154698068774321,,
86.6303,74.604,2.446,2.841,70.657,1.984,2.772,-0.002,-0.011,0.008,-0.002,-0.011,0.008,-25.304,-1.475,-7.677,-0.0,0.0,-0.0,-0.0,0.0,-0.0,851.33,-0.0,0.0,-0.0,0.0,0.0,0.0,0.0,0.0,-0.3193,0.8865,-0.335,0.9463,0.2796,-0.1622,-0.0501,-0.3688,-0.9282,0.676,0.226,-0.7014,-0.7316,0.0917,-0.6755,-0.0884,0.9698,0.2273,-0.0,0.0,-0.0,0.0,0.0,0.0,-0.0031,-0.0132,-0.0004,37.5791,22.714,67.2297,0.0,0.0434,-0.3666,0.0,0.0,0.0,2754645.0881,3171342.1725,-5268415.2848,4771.9647,3722.2018,4742.7154,2754607.509,3171319.4586,-5268482.5145,4771.9679,3722.215,4742.7158,0.0,0.0765,3.9732,0.0,0.0,1.0,0.0,1.0,0.0,0.0,1.172,-23.972,0.0,1.0,0.0,0.0,0.0,-1.0,3.7488927698721928,0.013601470508735444,-0.37302,5.267200265481172,13.154698068774321,,
86.8333,74.603,2.444,2.843,70.657,1.982,2.773,-0.002,-0.011,0.008,-0.002,-0.011,0.008,-25.304,-1.475,-7.677,-0.0,0.0,-0.0,-0.0,0.0,-0.0,851.33,-0.0,0.0,-0.0,0.0,0.0,0.0,0.0,0.0,-0.3193,0.8865,-0.335,0.9463,0.2796,-0.1622,-0.0501,-0.3688,-0.9282,0.676,0.226,-0.7014,-0.7316,0.0917,-0.6755,-0.0884,0.9698,0.2273,-0.0,0.0,-0.0,0.0,0.0,0.0,-0.0032,-0.0132,-0.0004,37.5785,22.7113,67.2296,0.0,0.0434,-0.3666,0.0,0.0,0.0,2755614.999,3172098.6894,-5267451.1044,4771.2351,3721.3618,4744.1106,2755577.4206,3172075.9782,-5267518.334,4771.2382,3721.375,4744.111,0.0,0.0765,3.9732,0.0,0.0,1.0,0.0,1.0,0.0,0.0,1.172,-23.972,0.0,1.0,0.0,0.0,0.0,-1.0,3.7491045597582366,0.013601470508735444,-0.373015,5.267323128183942,13.154521741793612,,
87.0369,74.603,2.442,2.844,70.656,1.98,2.775,-0.002,-0.011,0.008,-0.002,-0.011,0.008,-25.304,-1.475,-7.677,-0.0,0.0,-0.0,-0.0,0.0,-0.0,851.33,-0.0,0.0,-0.0,0.0,0.0,0.0,0.0,0.0,-0.3193,0.8865,-0.335,0.9463,0.2796,-0.1622,-0.0501,-0.3688,-0.9282,0.676,0.226,-0.7014,-0.7316,0.0917,-0.6755,-0.0884,0.9698,0.2273,-0.0,0.0,-0.0,0.0,0.0,0.0,-0.0032,-0.0132,-0.0004,37.5778,22.7086,67.2295,0.0,0.0434,-0.3666,0.0,0.0,0.0,2756588.4584,3172857.9186,-5266482.9634,4770.5023,3720.5183,4745.5109,2756550.8806,3172835.21,-5266550.193,4770.5055,3720.5316,4745.5113,0.0,0.0765,3.9732,0.0,0.0,1.0,0.0,1.0,0.0,0.0,1.172,-23.972,0.0,1.0,0.0,0.0,0.0,-1.0,3.7485597234137806,0.013601470508735444,-0.373015,5.270702138274231,13.154521741793612,,
87.2412,74.602,2.439,2.846,70.656,1.977,2.776,-0.002,-0.011,0.008,-0.002,-0.011,0.008,-25.304,-1.475,-7.677,-0.0,0.0,-0.0,-0.0,0.0,-0.0,851.33,-0.0,0.0,-0.0,0.0,0.0,0.0,0.0,0.0,-0.3193,0.8865,-0.335,0.9463,0.2796,-0.1622,-0.0501,-0.3688,-0.9282,0.676,0.226,-0.7014,-0.7316,0.0917,-0.6755,-0.0884,0.9698,0.2273,-0.0,0.0,-0.0,0.0,0.0,0.0,-0.0032,-0.0132,-0.0004,37.5771,22.7059,67.2295,0.0,0.0434,-0.3666,0.0,0.0,0.0,2757555.8928,3173612.3938,-5265520.3842,4769.7738,3719.6798,4746.9025,2757518.3156,3173589.6879,-5265587.6136,4769.7769,3719.693,4746.9028,0.0,0.0765,3.9732,0.0,0.0,1.0,0.0,1.0,0.0,0.0,1.172,-23.972,0.0,1.0,0.0,0.0,0.0,-1.0,3.748124464315453,0.013601470508735444,-0.37301,5.271574756166121,13.154345414812905,,
87.4472,74.602,2.437,2.847,70.655,1.975,2.778,-0.002,-0.011,0.008,-0.002,-0.011,0.008,-25.304,-1.475,-7.677,-0.0,0.0,-0.0,-0.0,0.0,-0.0,851.33,-0.0,0.0,-0.0,0.0,0.0,0.0,0.0,0.0,-0.3193,0.8865,-0.335,0.9463,0.2796,-0.1622,-0.0501,-0.3688,-0.9282,0.676,0.226,-0.7014,-0.7316,0.0917,-0.6755,-0.0884,0.9698,0.2273,-0.0,0.0,-0.0,0.0,0.0,0.0,-0.0032,-0.0133,-0.0004,37.5765,22.7031,67.2294,0.0,0.0434,-0.3666,0.0,0.0,0.0,2758552.2806,3174389.3915,-5264528.5483,4769.023,3718.8158,4748.3356,2758514.7042,3174366.6884,-5264595.7777,4769.0262,3718.8291,4748.336,0.0,0.0765,3.9732,0.0,0.0,1.0,0.0,1.0,0.0,0.0,1.172,-23.972,0.0,1.0,0.0,0.0,0.0,-1.0,3.7475829543853996,0.013601470508735444,-0.37301,5.2749582721412045,13.154345414812905,,
87.6564,74.601,2.435,2.849,70.655,1.973,2.779,-0.002,-0.011,0.008,-0.002,-0.011,0.008,-25.304,-1.475,-7.677,-0.0,0.0,-0.0,-0.0,0.0,-0.0,851.33,-0.0,0.0,-0.0,0.0,0.0,0.0,0.0,0.0,-0.3193,0.8865,-0.335,0.9463,0.2796,-0.1622,-0.0501,-0.3688,-0.9282,0.676,0.226,-0.7014,-0.7316,0.0917,-0.6755,-0.0884,0.9698,0.2273,-0.0,0.0,-0.0,0.0,0.0,0.0,-0.0032,-0.0133,-0.0004,37.5758,22.7004,67.2293,0.0,0.0434,-0.3666,0.0,0.0,0.0,2759545.6836,3175164.004,-5263539.2279,4768.2741,3717.9541,4749.7645,2759508.1078,3175141.3036,-5263606.4572,4768.2773,3717.9674,4749.7648,0.0,0.0765,3.9732,0.0,0.0,1.0,0.0,1.0,0.0,0.0,1.172,-23.972,0.0,1.0,0.0,0.0,0.0,-1.0,3.747802822988424,0.013601470508735444,-0.373005,5.275072789867503,13.154169087832196,,
87.8586,74.601,2.432,2.85,70.655,1.97,2.781,-0.002,-0.011,0.008,-0.002,-0.011,0.008,-25.304,-1.475,-7.677,-0.0,0.0,-0.0,-0.0,0.0,-0.0,851.33,-0.0,0.0,-0.0,0.0,0.0,0.0,0.0,0.0,-0.3193,0.8865,-0.335,0.9463,0.2796,-0.1622,-0.0501,-0.3688,-0.9282,0.676,0.226,-0.7014,-0.7316,0.0917,-0.6755,-0.0884,0.9698,0.2273,-0.0,0.0,-0.0,0.0,0.0,0.0,-0.0033,-0.0133,-0.0004,37.5752,22.6977,67.2293,0.0,0.0434,-0.3666,0.0,0.0,0.0,2760509.1604,3175915.2255,-5262579.2816,4767.5474,3717.118,4751.1502,2760471.5852,3175892.5278,-5262646.5108,4767.5507,3717.1313,4751.1506,0.0,0.0765,3.9732,0.0,0.0,1.0,0.0,1.0,0.0,0.0,1.172,-23.972,0.0,1.0,0.0,0.0,0.0,-1.0,3.7466150055750322,0.013601470508735444,-0.373005,5.280809611407629,13.154169087832196,,
88.06,74.6,2.43,2.852,70.654,1.968,2.782,-0.002,-0.011,0.008,-0.002,-0.011,0.008,-25.304,-1.475,-7.677,-0.0,0.0,-0.0,-0.0,0.0,-0.0,851.33,-0.0,0.0,-0.0,0.0,0.0,0.0,0.0,0.0,-0.3193,0.8865,-0.335,0.9463,0.2796,-0.1622,-0.0501,-0.3688,-0.9282,0.676,0.226,-0.7014,-0.7316,0.0917,-0.6755,-0.0884,0.9698,0.2273,-0.0,0.0,-0.0,0.0,0.0,0.0,-0.0033,-0.0133,-0.0004,37.5745,22.695,67.2292,0.0,0.0434,-0.3666,0.0,0.0,0.0,2761469.9445,3176664.2938,-5261621.5893,4766.8224,3716.2839,4752.532,2761432.37,3176641.5988,-5261688.8185,4766.8256,3716.2972,4752.5324,0.0,0.0765,3.9732,0.0,0.0,1.0,0.0,1.0,0.0,0.0,1.172,-23.972,0.0,1.0,0.0,0.0,0.0,-1.0,3.746839201246832,0.013601470508735444,-0.373,5.279325504466317,13.153992760851485,,
88.2635,74.6,2.428,2.854,70.654,1.966,2.784,-0.002,-0.011,0.008,-0.002,-0.011,0.008,-25.304,-1.475,-7.677,-0.0,0.0,-0.0,-0.0,0.0,-0.0,851.33,-0.0,0.0,-0.0,0.0,0.0,0.0,0.0,0.0,-0.3193,0.8865,-0.335,0.9463,0.2796,-0.1622,-0.0501,-0.3688,-0.9282,0.676,0.226,-0.7014,-0.7316,0.0917,-0.6755,-0.0884,0.9698,0.2273,-0.0,0.0,-0.0,0.0,0.0,0.0,-0.0033,-0.0133,-0.0004,37.5739,22.6923,67.2291,0.0,0.0434,-0.3666,0.0,0.0,0.0,2762442.8964,3177422.7933,-5260651.3376,4766.0878,3715.4389,4753.9313,2762405.3225,3177400.101,-5260718.5667,4766.0911,3715.4522,4753.9317,0.0,0.0765,3.9732,0.0,0.0,1.0,0.0,1.0,0.0,0.0,1.172,-23.972,0.0,1.0,0.0,0.0,0.0,-1.0,3.7470655185091175,0.013601470508735444,-0.373,5.2811647144090115,13.153992760851485,,
88.4676,74.599,2.426,2.855,70.653,1.964,2.786,-0.002,-0.011,0.008,-0.002,-0.011,0.008,-25.304,-1.475,-7.677,-0.0,0.0,-0.0,-0.0,0.0,-0.0,851.33,-0.0,0.0,-0.0,0.0,0.0,0.0,0.0,0.0,-0.3193,0.8865,-0.335,0.9463,0.2796,-0.1622,-0.0501,-0.3688,-0.9282,0.676,0.226,-0.7014,-0.7316,0.0917,-0.6755,-0.0884,0.9698,0.2273,-0.0,0.0,-0.0,0.0,0.0,0.0,-0.0033,-0.0133,-0.0004,37.5732,22.6896,67.229,0.0,0.0434,-0.3666,0.0,0.0,0.0,2763410.1696,3178176.8102,-5259686.3199,4765.3571,3714.5985,4755.3224,2763372.5964,3178154.1207,-5259753.5489,4765.3604,3714.6119,4755.3228,0.0,0.0765,3.9732,0.0,0.0,1.0,0.0,1.0,0.0,0.0,1.172,-23.972,0.0,1.0,0.0,0.0,0.0,-1.0,3.7465318629367084,0.013601470508735444,-0.372995,5.286141883161762,13.15381643387078,,
88.6696,74.599,2.423,2.857,70.653,1.961,2.787,-0.002,-0.011,0.008,-0.002,-0.011,0.008,-25.304,-1.475,-7.677,-0.0,0.0,-0.0,-0.0,0.0,-0.0,851.33,-0.0,0.0,-0.0,0.0,0.0,0.0,0.0,0.0,-0.3193,0.8865,-0.335,0.9463,0.2796,-0.1622,-0.0501,-0.3688,-0.9282,0.676,0.226,-0.7014,-0.7316,0.0917,-0.6755,-0.0884,0.9698,0.2273,-0.0,0.0,-0.0,0.0,0.0,0.0,-0.0033,-0.0134,-0.0004,37.5725,22.6869,67.229,0.0,0.0434,-0.3666,0.0,0.0,0.0,2764373.2873,3178927.5337,-5258725.0176,4764.6292,3713.7614,4756.7075,2764335.7148,3178904.8468,-5258792.2466,4764.6325,3713.7748,4756.7078,0.0,0.0765,3.9732,0.0,0.0,1.0,0.0,1.0,0.0,0.0,1.172,-23.972,0.0,1.0,0.0,0.0,0.0,-1.0,3.746115054292914,0.013601470508735444,-0.372995,5.285418304293328,13.15381643387078,,
88.8753,74.599,2.421,2.858,70.652,1.959,2.789,-0.002,-0.011,0.008,-0.002,-0.011,0.008,-25.304,-1.475,-7.677,-0.0,0.0,-0.0,-0.0,0.0,-0.0,851.33,-0.0,0.0,-0.0,0.0,0.0,0.0,0.0,0.0,-0.3193,0.8865,-0.335,0.9463,0.2796,-0.1622,-0.0501,-0.3688,-0.9282,0.676,0.226,-0.7014,-0.7316,0.0917,-0.6755,-0.0884,0.9698,0.2273,-0.0,0.0,-0.0,0.0,0.0,0.0,-0.0033,-0.0134,-0.0004,37.5718,22.6842,67.2289,0.0,0.0434,-0.3666,0.0,0.0,0.0,2765346.3392,3179685.9452,-5257753.3661,4763.8934,3712.9153,4758.1068,2765308.7674,3179663.261,-5257820.595,4763.8968,3712.9287,4758.1071,0.0,0.0765,3.9732,0.0,0.0,1.0,0.0,1.0,0.0,0.0,1.172,-23.972,0.0,1.0,0.0,0.0,0.0,-1.0,3.745584734056887,0.013601470508735444,-0.372995,5.288819339843576,13.15381643387078,,
89.0817,74.598,2.419,2.86,70.652,1.957,2.79,-0.002,-0.011,0.008,-0.002,-0.011,0.008,-25.304,-1.475,-7.677,-0.0,0.0,-0.0,-0.0,0.0,-0.0,851.33,-0.0,0.0,-0.0,0.0,0.0,0.0,0.0,0.0,-0.3193,0.8865,-0.335,0.9463,0.2796,-0.1622,-0.0501,-0.3688,-0.9282,0.676,0.226,-0.7014,-0.7316,0.0917,-0.6755,-0.0884,0.9698,0.2273,-0.0,0.0,-0.0,0.0,0.0,0.0,-0.0034,-0.0134,-0.0004,37.5711,22.6814,67.2288,0.0,0.0434,-0.3666,0.0,0.0,0.0,2766333.6765,3180455.4336,-5256767.0063,4763.1465,3712.0565,4759.5266,2766296.1053,3180432.7522,-5256834.2351,4763.1498,3712.0699,4759.5269,0.0,0.0765,3.9732,0.0,0.0,1.0,0.0,1.0,0.0,0.0,1.172,-23.972,0.0,1.0,0.0,0.0,0.0,-1.0,3.7458191360502178,0.013601470508735444,-0.37299,5.288918439712948,13.15364010689007,,
89.2893,74.598,2.416,2.861,70.651,1.954,2.792,-0.002,-0.011,0.008,-0.002,-0.011,0.008,-25.304,-1.475,-7.677,-0.0,0.0,-0.0,-0.0,0.0,-0.0,851.33,-0.0,0.0,-0.0,0.0,0.0,0.0,0.0,0.0,-0.3193,0.8865,-0.335,0.9463,0.2796,-0.1622,-0.0501,-0.3688,-0.9282,0.676,0.226,-0.7014,-0.7316,0.0917,-0.6755,-0.0884,0.9698,0.2273,-0.0,0.0,-0.0,0.0,0.0,0.0,-0.0034,-0.0134,-0.0004,37.5704,22.6786,67.2287,0.0,0.0434,-0.3666,0.0,0.0,0.0,2767322.0206,3181225.6496,-5255779.1896,4762.3984,3711.1965,4760.9478,2767284.4502,3181202.971,-5255846.4183,4762.4017,3711.2099,4760.9482,0.0,0.0765,3.9732,0.0,0.0,1.0,0.0,1.0,0.0,0.0,1.172,-23.972,0.0,1.0,0.0,0.0,0.0,-1.0,3.74464644526022,0.013601470508735444,-0.37299,5.2930779255738445,13.15364010689007,,
89.4954,74.597,2.414,2.863,70.651,1.952,2.793,-0.002,-0.011,0.008,-0.002,-0.011,0.008,-25.304,-1.475,-7.677,-0.0,0.0,-0.0,-0.0,0.0,-0.0,851.33,-0.0,0.0,-0.0,0.0,0.0,0.0,0.0,0.0,-0.3193,0.8865,-0.335,0.9463,0.2796,-0.1622,-0.0501,-0.3688,-0.9281,0.676,0.226,-0.7014,-0.7316,0.0917,-0.6755,-0.0884,0.9698,0.2273,-0.0,0.0,-0.0,0.0,0.0,0.0,-0.0034,-0.0134,-0.0004,37.5697,22.6758,67.2287,0.0,0.0434,-0.3666,0.0,0.0,0.0,2768308.9839,3181994.7324,-5254792.3019,4761.6509,3710.3373,4762.367,2768271.4142,3181972.0565,-5254859.5306,4761.6543,3710.3507,4762.3673,0.0,0.0765,3.9732,0.0,0.0,1.0,0.0,1.0,0.0,0.0,1.172,-23.972,0.0,1.0,0.0,0.0,0.0,-1.0,3.7448851784801094,0.013601470508735444,-0.37298499999999996,5.293173108855783,13.15346377990936,,
89.7028,74.597,2.412,2.864,70.65,1.95,2.795,-0.002,-0.011,0.008,-0.002,-0.011,0.008,-25.304,-1.475,-7.677,-0.0,0.0,-0.0,-0.0,0.0,-0.0,851.33,-0.0,0.0,-0.0,0.0,0.0,0.0,0.0,0.0,-0.3193,0.8865,-0.335,0.9463,0.2796,-0.1622,-0.0501,-0.3688,-0.9281,0.676,0.226,-0.7014,-0.7316,0.0917,-0.6755,-0.0884,0.9698,0.2273,-0.0,0.0,-0.0,0.0,0.0,0.0,-0.0034,-0.0134,-0.0004,37.569,22.673,67.2286,0.0,0.0434,-0.3666,0.0,0.0,0.0,2769297.285,3182764.7996,-5253803.6292,4760.9021,3709.4766,4763.788,2769259.7159,3182742.1266,-5253870.8578,4760.9055,3709.49,4763.7884,0.0,0.0765,3.9732,0.0,0.0,1.0,0.0,1.0,0.0,0.0,1.172,-23.972,0.0,1.0,0.0,0.0,0.0,-1.0,3.7443610936980956,0.013601470508735444,-0.37298499999999996,5.296583572512083,13.15346377990936,,
89.9103,74.596,2.409,2.866,70.65,1.947,2.796,-0.002,-0.011,0.008,-0.002,-0.011,0.008,-25.304,-1.475,-7.677,-0.0,0.0,-0.0,-0.0,0.0,-0.0,851.33,-0.0,0.0,-0.0,0.0,0.0,0.0,0.0,0.0,-0.3193,0.8865,-0.335,0.9463,0.2796,-0.1622,-0.0501,-0.3688,-0.9281,0.676,0.226,-0.7014,-0.7316,0.0917,-0.6755,-0.0884,0.9698,0.2273,-0.0,0.0,-0.0,0.0,0.0,0.0,-0.0034,-0.0135,-0.0004,37.5683,22.6702,67.2285,0.0,0.0434,-0.3666,0.0,0.0,0.0,2770285.4869,3183534.7323,-5252814.604,4760.1529,3708.6156,4765.2089,2770247.9186,3183512.0621,-5252881.8325,4760.1564,3708.6291,4765.2093,0.0,0.0765,3.9732,0.0,0.0,1.0,0.0,1.0,0.0,0.0,1.172,-23.972,0.0,1.0,0.0,0.0,0.0,-1.0,3.7439600692315085,0.013601470508735444,-0.37298000000000003,5.297428299203738,13.153287452928653,,
90.1164,74.596,2.407,2.868,70.649,1.945,2.798,-0.002,-0.011,0.008,-0.002,-0.011,0.008,-25.304,-1.475,-7.677,-0.0,0.0,-0.0,-0.0,0.0,-0.0,851.33,-0.0,0.0,-0.0,0.0,0.0,0.0,0.0,0.0,-0.3193,0.8865,-0.335,0.9463,0.2796,-0.1622,-0.0501,-0.3688,-0.9281,0.676,0.226,-0.7014,-0.7316,0.0917,-0.6755,-0.0884,0.9698,0.2273,-0.0,0.0,-0.0,0.0,0.0,0.0,-0.0035,-0.0135,-0.0004,37.5676,22.6675,67.2284,0.0,0.0434,-0.3666,0.0,0.0,0.0,2771263.0586,3184296.3259,-5251835.7757,4759.4114,3707.7636,4766.6145,2771225.491,3184273.6584,-5251903.0041,4759.4149,3707.7771,4766.6148,0.0,0.0765,3.9732,0.0,0.0,1.0,0.0,1.0,0.0,0.0,1.172,-23.972,0.0,1.0,0.0,0.0,0.0,-1.0,3.744205256125791,0.013601470508735444,-0.37298000000000003,5.297674967729147,13.153287452928653,,
90.3178,74.595,2.405,2.869,70.649,1.942,2.8,-0.002,-0.011,0.008,-0.002,-0.011,0.008,-25.304,-1.475,-7.677,-0.0,0.0,-0.0,-0.0,0.0,-0.0,851.33,-0.0,0.0,-0.0,0.0,0.0,0.0,0.0,0.0,-0.3193,0.8865,-0.335,0.9463,0.2796,-0.1622,-0.0501,-0.3688,-0.9281,0.676,0.226,-0.7014,-0.7316,0.0917,-0.6755,-0.0884,0.9698,0.2273,-0.0,0.0,-0.0,0.0,0.0,0.0,-0.0035,-0.0135,-0.0004,37.5669,22.6648,67.2283,0.0,0.0434,-0.3666,0.0,0.0,0.0,2772222.3969,3185043.66,-5250874.7726,4758.6834,3706.9271,4767.9938,2772184.83,3185020.9952,-5250942.001,4758.6869,3706.9406,4767.9941,0.0,0.0765,3.9732,0.0,0.0,1.0,0.0,1.0,0.0,0.0,1.172,-23.972,0.0,1.0,0.0,0.0,0.0,-1.0,3.7436861513754063,0.013601470508735444,-0.372975,5.318994581107263,13.153111125947945,,
90.5198,74.595,2.402,2.871,70.648,1.94,2.801,-0.002,-0.011,0.008,-0.002,-0.011,0.008,-25.304,-1.475,-7.677,-0.0,0.0,-0.0,-0.0,0.0,-0.0,851.33,-0.0,0.0,-0.0,0.0,0.0,0.0,0.0,0.0,-0.3193,0.8865,-0.335,0.9463,0.2796,-0.1622,-0.0501,-0.3688,-0.9281,0.676,0.226,-0.7014,-0.7316,0.0917,-0.6755,-0.0884,0.9698,0.2273,-0.0,0.0,-0.0,0.0,0.0,0.0,-0.0035,-0.0135,-0.0004,37.5662,22.662,67.2283,0.0,0.0434,-0.3666,0.0,0.0,0.0,2773181.2075,3185790.5282,-5249913.8769,4757.9555,3706.0908,4769.3722,2773143.6413,3185767.8662,-5249981.1051,4757.959,3706.1043,4769.3726,0.0,0.0765,3.9732,0.0,0.0,1.0,0.0,1.0,0.0,0.0,1.172,-23.972,0.0,1.0,0.0,0.0,0.0,-1.0,3.7432933360878895,0.013601470508735444,-0.372975,5.3019312609972555,13.153111125947945,,
90.7221,74.594,2.4,2.872,70.648,1.938,2.803,-0.002,-0.012,0.008,-0.002,-0.012,0.008,-25.304,-1.475,-7.677,-0.0,0.0,-0.0,-0.0,0.0,-0.0,851.33,-0.0,0.0,-0.0,0.0,0.0,0.0,0.0,0.0,-0.3193,0.8865,-0.335,0.9463,0.2796,-0.1622,-0.0501,-0.3688,-0.9281,0.676,0.226,-0.7014,-0.7316,0.0917,-0.6755,-0.0884,0.9698,0.2273,-0.0,0.0,-0.0,0.0,0.0,0.0,-0.0035,-0.0135,-0.0004,37.5655,22.6593,67.2282,0.0,0.0434,-0.3666,0.0,0.0,0.0,2774143.6841,3186540.198,-5248948.8769,4757.2243,3705.2509,4770.756,2774106.1186,3186517.5387,-5249016.1051,4757.2279,3705.2644,4770.7564,0.0,0.0765,3.9732,0.0,0.0,1.0,0.0,1.0,0.0,0.0,1.172,-23.972,0.0,1.0,0.0,0.0,0.0,-1.0,3.7427775782164776,0.014422205101855958,-0.37296999999999997,5.308527785937182,13.152934798967236,,
90.9241,74.594,2.398,2.874,70.647,1.936,2.804,-0.002,-0.012,0.008,-0.002,-0.012,0.008,-25.304,-1.475,-7.677,-0.0,0.0,-0.0,-0.0,0.0,-0.0,851.33,-0.0,0.0,-0.0,0.0,0.0,0.0,0.0,0.0,-0.3193,0.8865,-0.335,0.9463,0.2796,-0.1622,-0.0501,-0.3688,-0.9281,0.676,0.226,-0.7014,-0.7316,0.0917,-0.6755,-0.0884,0.9698,0.2273,-0.0,0.0,-0.0,0.0,0.0,0.0,-0.0035,-0.0135,-0.0004,37.5648,22.6566,67.2281,0.0,0.0434,-0.3666,0.0,0.0,0.0,2775106.9353,3187290.4162,-5247982.6722,4756.4923,3704.4101,4772.1408,2775069.3706,3187267.7596,-5248049.9003,4756.4958,3704.4236,4772.1411,0.0,0.0765,3.9732,0.0,0.0,1.0,0.0,1.0,0.0,0.0,1.172,-23.972,0.0,1.0,0.0,0.0,0.0,-1.0,3.7430308574736597,0.014422205101855958,-0.37296999999999997,5.305434282582491,13.152934798967236,,
91.1335,74.593,2.395,2.875,70.647,1.933,2.806,-0.002,-0.012,0.008,-0.002,-0.012,0.008,-25.304,-1.475,-7.677,-0.0,0.0,-0.0,-0.0,0.0,-0.0,851.33,-0.0,0.0,-0.0,0.0,0.0,0.0,0.0,0.0,-0.3193,0.8865,-0.335,0.9463,0.2796,-0.1622,-0.0501,-0.3688,-0.9281,0.676,0.226,-0.7014,-0.7316,0.0917,-0.6755,-0.0884,0.9698,0.2273,-0.0,0.0,-0.0,0.0,0.0,0.0,-0.0036,-0.0136,-0.0004,37.564,22.6537,67.228,0.0,0.0434,-0.3666,0.0,0.0,0.0,2776102.0328,3188065.3798,-5246984.0743,4755.7356,3703.5411,4773.5713,2776064.4688,3188042.726,-5247051.3023,4755.7391,3703.5546,4773.5717,0.0,0.0765,3.9732,0.0,0.0,1.0,0.0,1.0,0.0,0.0,1.172,-23.972,0.0,1.0,0.0,0.0,0.0,-1.0,3.741877870802306,0.014422205101855958,-0.372965,5.312788634305285,13.152758471986528,,
91.342,74.593,2.393,2.877,70.646,1.931,2.807,-0.002,-0.012,0.008,-0.002,-0.012,0.008,-25.304,-1.475,-7.677,-0.0,0.0,-0.0,-0.0,0.0,-0.0,851.33,-0.0,0.0,-0.0,0.0,0.0,0.0,0.0,0.0,-0.3193,0.8865,-0.335,0.9463,0.2796,-0.1622,-0.0501,-0.3688,-0.9281,0.676,0.226,-0.7014,-0.7316,0.0917,-0.6755,-0.0884,0.9698,0.2273,-0.0,0.0,-0.0,0.0,0.0,0.0,-0.0036,-0.0136,-0.0004,37.5633,22.6509,67.228,0.0,0.0434,-0.3666,0.0,0.0,0.0,2777097.7105,3188840.7369,-5245984.4337,4754.9781,3702.6712,4775.0026,2777060.1472,3188818.086,-5246051.6616,4754.9817,3702.6848,4775.003,0.0,0.0765,3.9732,0.0,0.0,1.0,0.0,1.0,0.0,0.0,1.172,-23.972,0.0,1.0,0.0,0.0,0.0,-1.0,3.7421354865905108,0.014422205101855958,-0.372965,5.309691645586235,13.152758471986528,,
91.5492,74.592,2.39,2.878,70.646,1.928,2.809,-0.002,-0.012,0.008,-0.002,-0.012,0.008,-25.304,-1.475,-7.677,-0.0,0.0,-0.0,-0.0,0.0,-0.0,851.33,-0.0,0.0,-0.0,0.0,0.0,0.0,0.0,0.0,-0.3193,0.8865,-0.335,0.9463,0.2796,-0.1622,-0.0501,-0.3688,-0.9281,0.676,0.226,-0.7014,-0.7316,0.0917,-0.6755,-0.0884,0.9698,0.2273,-0.0,0.0,-0.0,0.0,0.0,0.0,-0.0036,-0.0136,-0.0004,37.5625,22.6481,67.2279,0.0,0.0434,-0.3666,0.0,0.0,0.0,2778079.0363,3189604.8604,-5244998.7527,4754.2311,3701.8135,4776.4133,2778041.4738,3189582.2124,-5245065.9806,4754.2347,3701.8271,4776.4137,0.0,0.0765,3.9732,0.0,0.0,1.0,0.0,1.0,0.0,0.0,1.172,-23.972,0.0,1.0,0.0,0.0,0.0,-1.0,3.7409870355295274,0.014422205101855958,-0.37296,5.3170499932978394,13.15258214500582,,
91.7571,74.592,2.388,2.88,70.645,1.926,2.81,-0.002,-0.012,0.008,-0.002,-0.012,0.008,-25.304,-1.475,-7.677,-0.0,0.0,-0.0,-0.0,0.0,-0.0,851.33,-0.0,0.0,-0.0,0.0,0.0,0.0,0.0,0.0,-0.3193,0.8865,-0.335,0.9463,0.2796,-0.1622,-0.0501,-0.3688,-0.9281,0.676,0.226,-0.7014,-0.7316,0.0917,-0.6755,-0.0884,0.9698,0.2273,-0.0,0.0,-0.0,0.0,0.0,0.0,-0.0036,-0.0136,-0.0004,37.5618,22.6452,67.2278,0.0,0.0434,-0.3666,0.0,0.0,0.0,2779072.2962,3190378.2185,-5244000.6313,4753.4747,3700.9451,4777.841,2779034.7344,3190355.5733,-5244067.859,4753.4783,3700.9587,4777.8414,0.0,0.0765,3.9732,0.0,0.0,1.0,0.0,1.0,0.0,0.0,1.172,-23.972,0.0,1.0,0.0,0.0,0.0,-1.0,3.7412489893082497,0.014422205101855958,-0.37296,5.313949525046306,13.15258214500582,,
91.9631,74.591,2.386,2.881,70.645,1.923,2.812,-0.002,-0.012,0.008,-0.002,-0.012,0.008,-25.304,-1.475,-7.677,-0.0,0.0,-0.0,-0.0,0.0,-0.0,851.33,-0.0,0.0,-0.0,0.0,0.0,0.0,0.0,0.0,-0.3193,0.8865,-0.335,0.9463,0.2796,-0.1622,-0.0501,-0.3688,-0.9281,0.676,0.226,-0.7014,-0.7316,0.0917,-0.6755,-0.0884,0.9698,0.2273,-0.0,0.0,-0.0,0.0,0.0,0.0,-0.0036,-0.0136,-0.0004,37.561,22.6425,67.2277,0.0,0.0434,-0.3666,0.0,0.0,0.0,2780039.1465,3191130.958,-5243028.6083,4752.738,3700.0994,4779.2308,2780001.5854,3191108.3155,-5243095.836,4752.7416,3700.113,4779.2312,0.0,0.0765,3.9732,0.0,0.0,1.0,0.0,1.0,0.0,0.0,1.172,-23.972,0.0,1.0,0.0,0.0,0.0,-1.0,3.740742840666811,0.014422205101855958,-0.372955,5.335282060167814,13.15240581802511,,
92.1724,74.591,2.383,2.883,70.644,1.921,2.813,-0.002,-0.012,0.008,-0.002,-0.012,0.008,-25.304,-1.475,-7.677,-0.0,0.0,-0.0,-0.0,0.0,-0.0,851.33,-0.0,0.0,-0.0,0.0,0.0,0.0,0.0,0.0,-0.3193,0.8865,-0.335,0.9463,0.2796,-0.1622,-0.0501,-0.3688,-0.9281,0.676,0.226,-0.7014,-0.7316,0.0917,-0.6755,-0.0884,0.9698,0.2273,-0.0,0.0,-0.0,0.0,0.0,0.0,-0.0036,-0.0136,-0.0004,37.5603,22.6396,67.2276,0.0,0.0434,-0.3666,0.0,0.0,0.0,2781041.0013,3191910.8914,-5242020.9393,4751.9742,3699.2227,4780.6708,2781003.4411,3191888.2517,-5242088.167,4751.9779,3699.2364,4780.6712,0.0,0.0765,3.9732,0.0,0.0,1.0,0.0,1.0,0.0,0.0,1.172,-23.972,0.0,1.0,0.0,0.0,0.0,-1.0,3.7403713719362144,0.014422205101855958,-0.372955,5.318207919987017,13.15240581802511,,
92.3804,74.59,2.381,2.885,70.644,1.919,2.815,-0.002,-0.012,0.008,-0.002,-0.012,0.008,-25.304,-1.475,-7.677,-0.0,0.0,-0.0,-0.0,0.0,-0.0,851.33,-0.0,0.0,-0.0,0.0,0.0,0.0,0.0,0.0,-0.3193,0.8865,-0.335,0.9463,0.2796,-0.1622,-0.0501,-0.3688,-0.9281,0.676,0.226,-0.7014,-0.7316,0.0917,-0.6755,-0.0884,0.9698,0.2273,-0.0,0.0,-0.0,0.0,0.0,0.0,-0.0037,-0.0136,-0.0004,37.5595,22.6368,67.2275,0.0,0.0434,-0.3666,0.0,0.0,0.0,2782032.9132,3192683.0261,-5241022.8097,4751.2176,3698.3544,4782.0965,2781995.3537,3192660.3893,-5241090.0372,4751.2213,3698.3681,4782.0969,0.0,0.0765,3.9732,0.0,0.0,1.0,0.0,1.0,0.0,0.0,1.172,-23.972,0.0,1.0,0.0,0.0,0.0,-1.0,3.740639784849645,0.014422205101855958,-0.37295,5.321630755891546,13.152229491044404,,
92.5891,74.59,2.378,2.886,70.643,1.916,2.817,-0.002,-0.012,0.008,-0.002,-0.012,0.008,-25.304,-1.475,-7.677,-0.0,0.0,-0.0,-0.0,0.0,-0.0,851.33,-0.0,0.0,-0.0,0.0,0.0,0.0,0.0,0.0,-0.3193,0.8865,-0.335,0.9463,0.2796,-0.1622,-0.0501,-0.3688,-0.9281,0.676,0.226,-0.7014,-0.7316,0.0917,-0.6755,-0.0884,0.9698,0.2273,-0.0,0.0,-0.0,0.0,0.0,0.0,-0.0037,-0.0137,-0.0004,37.5587,22.6339,67.2275,0.0,0.0434,-0.3666,0.0,0.0,0.0,2783022.6631,3193453.4195,-5240026.4009,4750.4623,3697.4877,4783.5191,2782985.1043,3193430.7856,-5240093.6284,4750.466,3697.5013,4783.5195,0.0,0.0765,3.9732,0.0,0.0,1.0,0.0,1.0,0.0,0.0,1.172,-23.972,0.0,1.0,0.0,0.0,0.0,-1.0,3.7395026407264376,0.014422205101855958,-0.37295,5.3258286916073585,13.152229491044404,,
92.797,74.589,2.376,2.888,70.643,1.914,2.818,-0.002,-0.012,0.008,-0.002,-0.012,0.008,-25.304,-1.475,-7.677,-0.0,0.0,-0.0,-0.0,0.0,-0.0,851.33,-0.0,0.0,-0.0,0.0,0.0,0.0,0.0,0.0,-0.3193,0.8865,-0.335,0.9463,0.2796,-0.1622,-0.0501,-0.3688,-0.9281,0.676,0.226,-0.7014,-0.7316,0.0917,-0.6755,-0.0884,0.9698,0.2273,-0.0,0.0,-0.0,0.0,0.0,0.0,-0.0037,-0.0137,-0.0004,37.558,22.6311,67.2274,0.0,0.0434,-0.3666,0.0,0.0,0.0,2784007.5936,3194220.0041,-5239034.3918,4749.7103,3696.6248,4784.9346,2783970.0356,3194197.373,-5239101.6192,4749.714,3696.6385,4784.935,0.0,0.0765,3.9732,0.0,0.0,1.0,0.0,1.0,0.0,0.0,1.172,-23.972,0.0,1.0,0.0,0.0,0.0,-1.0,3.739775394325173,0.014422205101855958,-0.37294499999999997,5.325889840367947,13.152053164063695,,
92.9981,74.589,2.373,2.889,70.642,1.911,2.82,-0.002,-0.012,0.008,-0.002,-0.012,0.008,-25.304,-1.475,-7.677,-0.0,0.0,-0.0,-0.0,0.0,-0.0,851.33,-0.0,0.0,-0.0,0.0,0.0,0.0,0.0,0.0,-0.3193,0.8865,-0.335,0.9463,0.2796,-0.1622,-0.0501,-0.3688,-0.9281,0.676,0.226,-0.7014,-0.7316,0.0917,-0.6755,-0.0884,0.9698,0.2273,-0.0,0.0,-0.0,0.0,0.0,0.0,-0.0037,-0.0137,-0.0004,37.5572,22.6283,67.2273,0.0,0.0434,-0.3666,0.0,0.0,0.0,2784966.529,3194966.3011,-5238068.1317,4748.9777,3695.7843,4786.3128,2784928.9718,3194943.6728,-5238135.359,4748.9815,3695.798,4786.3132,0.0,0.0765,3.9732,0.0,0.0,1.0,0.0,1.0,0.0,0.0,1.172,-23.972,0.0,1.0,0.0,0.0,0.0,-1.0,3.7386428018734286,0.014422205101855958,-0.37294499999999997,5.3300921492141615,13.152053164063695,,
93.2047,74.588,2.371,2.891,70.642,1.909,2.821,-0.002,-0.012,0.008,-0.002,-0.012,0.008,-25.304,-1.475,-7.677,-0.0,0.0,-0.0,-0.0,0.0,-0.0,851.33,-0.0,0.0,-0.0,0.0,0.0,0.0,0.0,0.0,-0.3193,0.8865,-0.335,0.9463,0.2796,-0.1622,-0.0501,-0.3688,-0.9281,0.676,0.226,-0.7014,-0.7316,0.0917,-0.6755,-0.0884,0.9698,0.2273,-0.0,0.0,-0.0,0.0,0.0,0.0,-0.0037,-0.0137,-0.0004,37.5565,22.6255,67.2272,0.0,0.0434,-0.3666,0.0,0.0,0.0,2785945.4134,3195728.0668,-5237081.3316,4748.2296,3694.9261,4787.7196,2785907.857,3195705.4413,-5237148.5588,4748.2333,3694.9398,4787.72,0.0,0.0765,3.9732,0.0,0.0,1.0,0.0,1.0,0.0,0.0,1.172,-23.972,0.0,1.0,0.0,0.0,0.0,-1.0,3.73891989751051,0.014422205101855958,-0.37294,5.3301494378732315,13.151876837082984,,
93.4132,74.588,2.369,2.892,70.641,1.906,2.823,-0.003,-0.012,0.008,-0.003,-0.012,0.008,-25.304,-1.475,-7.677,-0.0,0.0,-0.0,-0.0,0.0,-0.0,851.33,-0.0,0.0,-0.0,0.0,0.0,0.0,0.0,0.0,-0.3193,0.8865,-0.335,0.9463,0.2796,-0.1622,-0.0501,-0.3688,-0.9281,0.676,0.226,-0.7014,-0.7316,0.0917,-0.6755,-0.0884,0.9698,0.2273,-0.0,0.0,-0.0,0.0,0.0,0.0,-0.0038,-0.0137,-0.0004,37.5557,22.6226,67.2271,0.0,0.0434,-0.3666,0.0,0.0,0.0,2786937.4334,3196499.9971,-5236080.8318,4747.471,3694.056,4789.1453,2786899.8777,3196477.3745,-5236148.059,4747.4747,3694.0697,4789.1457,0.0,0.0765,3.9732,0.0,0.0,1.0,0.0,1.0,0.0,0.0,1.172,-23.972,0.0,1.0,0.0,0.0,0.0,-1.0,3.7384254707028735,0.014422205101855958,-0.37294,5.348319221295069,13.151876837082984,,
93.6193,74.587,2.366,2.894,70.641,1.904,2.824,-0.003,-0.012,0.008,-0.003,-0.012,0.008,-25.304,-1.475,-7.677,-0.0,0.0,-0.0,-0.0,0.0,-0.0,851.33,-0.0,0.0,-0.0,0.0,0.0,0.0,0.0,0.0,-0.3193,0.8865,-0.335,0.9463,0.2796,-0.1622,-0.0501,-0.3688,-0.9281,0.676,0.226,-0.7014,-0.7316,0.0917,-0.6755,-0.0884,0.9698,0.2273,-0.0,0.0,-0.0,0.0,0.0,0.0,-0.0038,-0.0137,-0.0004,37.5549,22.6198,67.227,0.0,0.0434,-0.3666,0.0,0.0,0.0,2787910.0075,3197256.7383,-5235099.5037,4746.7269,3693.2025,4790.5429,2787872.4526,3197234.1185,-5235166.7308,4746.7306,3693.2163,4790.5433,0.0,0.0765,3.9732,0.0,0.0,1.0,0.0,1.0,0.0,0.0,1.172,-23.972,0.0,1.0,0.0,0.0,0.0,-1.0,3.7380733005119096,0.014422205101855958,-0.372935,5.334409547442214,13.151700510102279,,
93.8233,74.587,2.364,2.896,70.64,1.902,2.826,-0.003,-0.012,0.008,-0.003,-0.012,0.008,-25.305,-1.475,-7.677,-0.0,0.0,-0.0,-0.0,0.0,-0.0,851.33,-0.0,0.0,-0.0,0.0,0.0,0.0,0.0,0.0,-0.3193,0.8865,-0.335,0.9463,0.2796,-0.1622,-0.0501,-0.3688,-0.9281,0.676,0.226,-0.7014,-0.7316,0.0917,-0.6755,-0.0884,0.9698,0.2273,-0.0,0.0,-0.0,0.0,0.0,0.0,-0.0038,-0.0138,-0.0004,37.5541,22.617,67.227,0.0,0.0434,-0.3666,0.0,0.0,0.0,2788879.1896,3198010.7849,-5234121.1566,4745.985,3692.3518,4791.9356,2788841.6355,3197988.1679,-5234188.3835,4745.9888,3692.3655,4791.936,0.0,0.0765,3.9732,0.0,0.0,1.0,0.0,1.0,0.0,0.0,1.172,-23.972,0.0,1.0,0.0,0.0,0.0,-1.0,3.7383568583001807,0.014422205101855958,-0.372935,5.334661782392497,13.151700510102279,,
94.0303,74.586,2.361,2.897,70.64,1.899,2.828,-0.003,-0.012,0.008,-0.003,-0.012,0.008,-25.305,-1.475,-7.677,-0.0,0.0,-0.0,-0.0,0.0,-0.0,851.33,-0.0,0.0,-0.0,0.0,0.0,0.0,0.0,0.0,-0.3193,0.8865,-0.335,0.9463,0.2796,-0.1622,-0.0501,-0.3688,-0.9281,0.676,0.226,-0.7014,-0.7316,0.0917,-0.6755,-0.0884,0.9698,0.2273,-0.0,0.0,-0.0,0.0,0.0,0.0,-0.0038,-0.0138,-0.0004,37.5533,22.6141,67.2269,0.0,0.0434,-0.3666,0.0,0.0,0.0,2789863.3867,3198776.4562,-5233127.2061,4745.2312,3691.4875,4793.3499,2789825.8334,3198753.842,-5233194.433,4745.235,3691.5013,4793.3503,0.0,0.0765,3.9732,0.0,0.0,1.0,0.0,1.0,0.0,0.0,1.172,-23.972,0.0,1.0,0.0,0.0,0.0,-1.0,3.7372356093776053,0.014422205101855958,-0.37293,5.342046457360199,13.151524183121568,,
94.2382,74.585,2.359,2.899,70.639,1.897,2.829,-0.003,-0.012,0.008,-0.003,-0.012,0.008,-25.305,-1.475,-7.677,-0.0,0.0,-0.0,-0.0,0.0,-0.0,851.33,-0.0,0.0,-0.0,0.0,0.0,0.0,0.0,0.0,-0.3193,0.8865,-0.335,0.9463,0.2796,-0.1622,-0.0501,-0.3688,-0.9281,0.676,0.226,-0.7014,-0.7316,0.0917,-0.6755,-0.0884,0.9698,0.2273,-0.0,0.0,-0.0,0.0,0.0,0.0,-0.0038,-0.0138,-0.0004,37.5526,22.6113,67.2268,0.0,0.0434,-0.3666,0.0,0.0,0.0,2790848.9581,3199543.1388,-5232131.4152,4744.476,3690.6216,4794.7661,2790811.4055,3199520.5275,-5232198.642,4744.4799,3690.6354,4794.7665,0.0,0.0765,3.9732,0.0,0.0,1.0,0.0,1.0,0.0,0.0,1.172,-23.972,0.0,1.0,0.0,0.0,0.0,-1.0,3.737523511631733,0.014422205101855958,-0.37292499999999995,5.340501908982061,13.151347856140859,,
94.4453,74.585,2.356,2.9,70.639,1.894,2.831,-0.003,-0.012,0.008,-0.003,-0.012,0.008,-25.305,-1.475,-7.677,-0.0,0.0,-0.0,-0.0,0.0,-0.0,851.33,-0.0,0.0,-0.0,0.0,0.0,0.0,0.0,0.0,-0.3193,0.8865,-0.335,0.9463,0.2796,-0.1622,-0.0501,-0.3688,-0.9281,0.676,0.226,-0.7014,-0.7316,0.0917,-0.6755,-0.0884,0.9698,0.2273,-0.0,0.0,-0.0,0.0,0.0,0.0,-0.0039,-0.0138,-0.0004,37.5518,22.6084,67.2267,0.0,0.0434,-0.3666,0.0,0.0,0.0,2791833.9084,3200309.2803,-5231135.8008,4743.7209,3689.756,4796.1813,2791796.3566,3200286.6719,-5231203.0275,4743.7248,3689.7698,4796.1818,0.0,0.0765,3.9732,0.0,0.0,1.0,0.0,1.0,0.0,0.0,1.172,-23.972,0.0,1.0,0.0,0.0,0.0,-1.0,3.7364068300976006,0.014422205101855958,-0.37292499999999995,5.346311600251197,13.151347856140859,,
94.6461,74.584,2.354,2.902,70.638,1.892,2.832,-0.003,-0.012,0.008,-0.003,-0.012,0.008,-25.305,-1.475,-7.677,-0.0,0.0,-0.0,-0.0,0.0,-0.0,851.33,-0.0,0.0,-0.0,0.0,0.0,0.0,0.0,0.0,-0.3193,0.8865,-0.335,0.9463,0.2796,-0.1622,-0.0501,-0.3688,-0.9281,0.676,0.226,-0.7014,-0.7316,0.0917,-0.6755,-0.0884,0.9698,0.2273,-0.0,0.0,-0.0,0.0,0.0,0.0,-0.0039,-0.0138,-0.0004,37.551,22.6056,67.2266,0.0,0.0434,-0.3666,0.0,0.0,0.0,2792786.4297,3201050.1424,-5230172.5341,4742.9903,3688.9185,4797.55,2792748.8787,3201027.5368,-5230239.7607,4742.9942,3688.9324,4797.5504,0.0,0.0765,3.9732,0.0,0.0,1.0,0.0,1.0,0.0,0.0,1.172,-23.972,0.0,1.0,0.0,0.0,0.0,-1.0,3.736699078063418,0.014422205101855958,-0.37292000000000003,5.344763446490158,13.151171529160152,,
94.8555,74.584,2.351,2.903,70.638,1.889,2.834,-0.003,-0.012,0.008,-0.003,-0.012,0.008,-25.305,-1.475,-7.677,-0.0,0.0,-0.0,-0.0,0.0,-0.0,851.33,-0.0,0.0,-0.0,0.0,0.0,0.0,0.0,0.0,-0.3193,0.8865,-0.335,0.9463,0.2796,-0.1622,-0.0501,-0.3688,-0.9281,0.676,0.226,-0.7014,-0.7316,0.0917,-0.6755,-0.0884,0.9698,0.2273,-0.0,0.0,-0.0,0.0,0.0,0.0,-0.0039,-0.0138,-0.0004,37.5502,22.6027,67.2265,0.0,0.0434,-0.3666,0.0,0.0,0.0,2793780.1588,3201822.9977,-5229167.1449,4742.2277,3688.0445,4798.9778,2793742.6086,3201800.3949,-5229234.3714,4742.2316,3688.0583,4798.9782,0.0,0.0765,3.9732,0.0,0.0,1.0,0.0,1.0,0.0,0.0,1.172,-23.972,0.0,1.0,0.0,0.0,0.0,-1.0,3.735586968603462,0.014422205101855958,-0.37292000000000003,5.350577245810842,13.151171529160152,,
95.0616,74.583,2.349,2.905,70.637,1.887,2.835,-0.003,-0.012,0.008,-0.003,-0.012,0.008,-25.305,-1.475,-7.677,-0.0,0.0,-0.0,-0.0,0.0,-0.0,851.33,-0.0,0.0,-0.0,0.0,0.0,0.0,0.0,0.0,-0.3193,0.8865,-0.335,0.9463,0.2796,-0.1622,-0.0501,-0.3688,-0.9281,0.676,0.226,-0.7014,-0.7316,0.0917,-0.6755,-0.0884,0.9698,0.2273,-0.0,0.0,-0.0,0.0,0.0,0.0,-0.0039,-0.0139,-0.0004,37.5493,22.5999,67.2264,0.0,0.0434,-0.3666,0.0,0.0,0.0,2794758.1816,3202583.5803,-5228177.1957,4741.4767,3687.1839,4800.3829,2794720.6323,3202560.9804,-5228244.4221,4741.4806,3687.1978,4800.3834,0.0,0.0765,3.9732,0.0,0.0,1.0,0.0,1.0,0.0,0.0,1.172,-23.972,0.0,1.0,0.0,0.0,0.0,-1.0,3.735883563496057,0.014422205101855958,-0.372915,5.34902549253618,13.150995202179443,,
95.2689,74.583,2.346,2.906,70.636,1.884,2.837,-0.003,-0.012,0.008,-0.003,-0.012,0.008,-25.305,-1.475,-7.677,-0.0,0.0,-0.0,-0.0,0.0,-0.0,851.33,-0.0,0.0,-0.0,0.0,0.0,0.0,0.0,0.0,-0.3193,0.8865,-0.335,0.9463,0.2796,-0.1622,-0.0501,-0.3688,-0.9281,0.676,0.226,-0.7014,-0.7316,0.0917,-0.6755,-0.0884,0.9698,0.2273,-0.0,0.0,-0.0,0.0,0.0,0.0,-0.0039,-0.0139,-0.0004,37.5486,22.597,67.2264,0.0,0.0434,-0.3666,0.0,0.0,0.0,2795736.078,3203344.0075,-5227186.9279,4740.7255,3686.3231,4801.7879,2795698.5295,3203321.4105,-5227254.1542,4740.7294,3686.337,4801.7883,0.0,0.0765,3.9732,0.0,0.0,1.0,0.0,1.0,0.0,0.0,1.172,-23.972,0.0,1.0,0.0,0.0,0.0,-1.0,3.7347760307681104,0.014422205101855958,-0.372915,5.353253144017479,13.150995202179443,,
95.4769,74.582,2.344,2.908,70.636,1.882,2.838,-0.003,-0.012,0.008,-0.003,-0.012,0.008,-25.305,-1.475,-7.677,-0.0,0.0,-0.0,-0.0,0.0,-0.0,851.33,-0.0,0.0,-0.0,0.0,0.0,0.0,0.0,0.0,-0.3193,0.8865,-0.335,0.9463,0.2796,-0.1622,-0.0501,-0.3688,-0.9281,0.676,0.226,-0.7014,-0.7316,0.0917,-0.6755,-0.0884,0.9698,0.2273,-0.0,0.0,-0.0,0.0,0.0,0.0,-0.004,-0.0139,-0.0004,37.5477,22.5941,67.2263,0.0,0.0434,-0.3666,0.0,0.0,0.0,2796727.1316,3204114.6077,-5226182.8802,4739.9638,3685.4504,4803.2117,2796689.5838,3204092.0136,-5226250.1064,4739.9677,3685.4643,4803.2121,0.0,0.0765,3.9732,0.0,0.0,1.0,0.0,1.0,0.0,0.0,1.172,-23.972,0.0,1.0,0.0,0.0,0.0,-1.0,3.7350769737717586,0.014422205101855958,-0.37290999999999996,5.353288046167057,13.150818875198734,,
95.6858,74.582,2.341,2.91,70.635,1.879,2.84,-0.003,-0.012,0.008,-0.003,-0.012,0.008,-25.305,-1.475,-7.677,-0.0,0.0,-0.0,-0.0,0.0,-0.0,851.33,-0.0,0.0,-0.0,0.0,0.0,0.0,0.0,0.0,-0.3193,0.8865,-0.335,0.9463,0.2796,-0.1622,-0.0501,-0.3688,-0.9281,0.676,0.226,-0.7014,-0.7316,0.0917,-0.6755,-0.0884,0.9698,0.2273,-0.0,0.0,-0.0,0.0,0.0,0.0,-0.004,-0.0139,-0.0004,37.5469,22.5912,67.2262,0.0,0.0434,-0.3666,0.0,0.0,0.0,2797713.04,3204881.1489,-5225183.5909,4739.2056,3684.5818,4804.6281,2797675.4931,3204858.5577,-5225250.817,4739.2096,3684.5957,4804.6285,0.0,0.0765,3.9732,0.0,0.0,1.0,0.0,1.0,0.0,0.0,1.172,-23.972,0.0,1.0,0.0,0.0,0.0,-1.0,3.734753137758907,0.014422205101855958,-0.37290999999999996,5.354296394261657,13.150818875198734,,
95.8932,74.581,2.339,2.911,70.635,1.877,2.842,-0.003,-0.012,0.008,-0.003,-0.012,0.008,-25.305,-1.475,-7.677,-0.0,0.0,-0.0,-0.0,0.0,-0.0,851.33,-0.0,0.0,-0.0,0.0,0.0,0.0,0.0,0.0,-0.3193,0.8865,-0.335,0.9463,0.2796,-0.1622,-0.0501,-0.3688,-0.9281,0.676,0.226,-0.7014,-0.7316,0.0917,-0.6755,-0.0884,0.9698,0.2273,-0.0,0.0,-0.0,0.0,0.0,0.0,-0.004,-0.0139,-0.0004,37.5461,22.5883,67.2261,0.0,0.0434,-0.3666,0.0,0.0,0.0,2798696.6442,3205645.8411,-5224186.182,4738.4488,3683.715,4806.0411,2798659.0982,3205623.2528,-5224253.4081,4738.4528,3683.7289,4806.0415,0.0,0.0765,3.9732,0.0,0.0,1.0,0.0,1.0,0.0,0.0,1.172,-23.972,0.0,1.0,0.0,0.0,0.0,-1.0,3.7342793146737163,0.014422205101855958,-0.37290500000000004,5.360946721899192,13.150642548218027,,
96.1025,74.581,2.336,2.913,70.634,1.874,2.843,-0.003,-0.012,0.008,-0.003,-0.012,0.008,-25.305,-1.475,-7.677,-0.0,0.0,-0.0,-0.0,0.0,-0.0,851.33,-0.0,0.0,-0.0,0.0,0.0,0.0,0.0,0.0,-0.3193,0.8865,-0.335,0.9463,0.2796,-0.1622,-0.0501,-0.3688,-0.9281,0.676,0.226,-0.7014,-0.7316,0.0917,-0.6755,-0.0884,0.9698,0.2273,-0.0,0.0,-0.0,0.0,0.0,0.0,-0.004,-0.0139,-0.0004,37.5452,22.5854,67.226,0.0,0.0434,-0.3666,0.0,0.0,0.0,2799688.726,3206417.0649,-5223179.7214,4737.6851,3682.8403,4807.4663,2799651.1807,3206394.4795,-5223246.9474,4737.6891,3682.8542,4807.4667,0.0,0.0765,3.9732,0.0,0.0,1.0,0.0,1.0,0.0,0.0,1.172,-23.972,0.0,1.0,0.0,0.0,0.0,-1.0,3.7339610335406554,0.014422205101855958,-0.37290500000000004,5.358559992379016,13.150642548218027,,
96.3032,74.58,2.334,2.914,70.634,1.872,2.845,-0.003,-0.012,0.008,-0.003,-0.012,0.008,-25.305,-1.475,-7.677,-0.0,0.0,-0.0,-0.0,0.0,-0.0,851.33,-0.0,0.0,-0.0,0.0,0.0,0.0,0.0,0.0,-0.3193,0.8865,-0.335,0.9463,0.2796,-0.1622,-0.0501,-0.3688,-0.9281,0.676,0.226,-0.7014,-0.7316,0.0917,-0.6755,-0.0884,0.9698,0.2273,-0.0,0.0,-0.0,0.0,0.0,0.0,-0.004,-0.014,-0.0004,37.5444,22.5826,67.2259,0.0,0.0434,-0.3666,0.0,0.0,0.0,2800635.3557,3207152.901,-5222218.938,4736.9561,3682.0053,4808.8261,2800597.8112,3207130.3184,-5222286.1639,4736.9601,3682.0193,4808.8265,0.0,0.0765,3.9732,0.0,0.0,1.0,0.0,1.0,0.0,0.0,1.172,-23.972,0.0,1.0,0.0,0.0,0.0,-1.0,3.7334905919260066,0.014422205101855958,-0.3729,5.365214269868398,13.150466221237318,,
96.5089,74.58,2.331,2.916,70.633,1.869,2.846,-0.003,-0.012,0.008,-0.003,-0.012,0.008,-25.305,-1.475,-7.677,-0.0,0.0,-0.0,-0.0,0.0,-0.0,851.33,-0.0,0.0,-0.0,0.0,0.0,0.0,0.0,0.0,-0.3193,0.8865,-0.335,0.9463,0.2796,-0.1622,-0.0501,-0.3688,-0.9281,0.676,0.226,-0.7014,-0.7316,0.0917,-0.6755,-0.0884,0.9698,0.2273,-0.0,0.0,-0.0,0.0,0.0,0.0,-0.004,-0.014,-0.0004,37.5436,22.5797,67.2258,0.0,0.0434,-0.3666,0.0,0.0,0.0,2801616.3896,3207915.4232,-5221222.7967,4736.2001,3681.1397,4810.2353,2801578.846,3207892.8434,-5221290.0225,4736.2042,3681.1537,4810.2357,0.0,0.0765,3.9732,0.0,0.0,1.0,0.0,1.0,0.0,0.0,1.172,-23.972,0.0,1.0,0.0,0.0,0.0,-1.0,3.7331778687868593,0.014422205101855958,-0.3729,5.362824095406405,13.150466221237318,,
96.7101,74.579,2.329,2.917,70.633,1.867,2.848,-0.003,-0.012,0.008,-0.003,-0.012,0.008,-25.305,-1.475,-7.677,-0.0,0.0,-0.0,-0.0,0.0,-0.0,851.33,-0.0,0.0,-0.0,0.0,0.0,0.0,0.0,0.0,-0.3193,0.8865,-0.335,0.9463,0.2796,-0.1622,-0.0501,-0.3688,-0.9281,0.676,0.226,-0.7014,-0.7316,0.0917,-0.6755,-0.0884,0.9698,0.2273,-0.0,0.0,-0.0,0.0,0.0,0.0,-0.0041,-0.014,-0.0004,37.5428,22.5769,67.2257,0.0,0.0434,-0.3666,0.0,0.0,0.0,2802570.804,3208657.1998,-5220253.2508,4735.4643,3680.2972,4811.6062,2802533.2612,3208634.6229,-5220320.4765,4735.4684,3680.3112,4811.6066,0.0,0.0765,3.9732,0.0,0.0,1.0,0.0,1.0,0.0,0.0,1.172,-23.972,0.0,1.0,0.0,0.0,0.0,-1.0,3.7327108111933875,0.014422205101855958,-0.372895,5.369482316133337,13.150289894256609,,
96.9199,74.579,2.326,2.919,70.632,1.864,2.849,-0.003,-0.012,0.008,-0.003,-0.012,0.008,-25.305,-1.475,-7.677,-0.0,0.0,-0.0,-0.0,0.0,-0.0,851.33,-0.0,0.0,-0.0,0.0,0.0,0.0,0.0,0.0,-0.3193,0.8865,-0.335,0.9463,0.2796,-0.1622,-0.0501,-0.3688,-0.9281,0.676,0.226,-0.7014,-0.7316,0.0917,-0.6755,-0.0884,0.9698,0.2273,-0.0,0.0,-0.0,0.0,0.0,0.0,-0.0041,-0.014,-0.0004,37.5419,22.574,67.2257,0.0,0.0434,-0.3666,0.0,0.0,0.0,2803558.6306,3209424.8873,-5219249.3126,4734.7024,3679.4249,4813.0251,2803521.0887,3209402.3133,-5219316.5382,4734.7064,3679.4389,4813.0255,0.0,0.0765,3.9732,0.0,0.0,1.0,0.0,1.0,0.0,0.0,1.172,-23.972,0.0,1.0,0.0,0.0,0.0,-1.0,3.7324036491247834,0.014422205101855958,-0.372895,5.367088702400681,13.150289894256609,,
97.1297,74.578,2.324,2.92,70.632,1.862,2.851,-0.003,-0.012,0.008,-0.003,-0.012,0.008,-25.305,-1.475,-7.677,-0.0,0.0,-0.0,-0.0,0.0,-0.0,851.33,-0.0,0.0,-0.0,0.0,0.0,0.0,0.0,0.0,-0.3193,0.8865,-0.335,0.9463,0.2796,-0.1622,-0.0501,-0.3688,-0.9281,0.676,0.226,-0.7014,-0.7316,0.0917,-0.6755,-0.0884,0.9698,0.2273,-0.0,0.0,-0.0,0.0,0.0,0.0,-0.0041,-0.014,-0.0004,37.5411,22.5711,67.2256,0.0,0.0434,-0.3666,0.0,0.0,0.0,2804552.2043,3210196.9822,-5218239.0721,4733.9356,3678.5472,4814.4522,2804514.6632,3210174.4111,-5218306.2977,4733.9397,3678.5612,4814.4526,0.0,0.0765,3.9732,0.0,0.0,1.0,0.0,1.0,0.0,0.0,1.172,-23.972,0.0,1.0,0.0,0.0,0.0,-1.0,3.731939978081105,0.014422205101855958,-0.37289,5.373750859766743,13.150113567275902,,
97.3372,74.577,2.321,2.922,70.631,1.859,2.852,-0.003,-0.012,0.008,-0.003,-0.012,0.008,-25.305,-1.475,-7.677,-0.0,0.0,-0.0,-0.0,0.0,-0.0,851.33,-0.0,0.0,-0.0,0.0,0.0,0.0,0.0,0.0,-0.3193,0.8865,-0.335,0.9463,0.2796,-0.1622,-0.0501,-0.3688,-0.9281,0.676,0.226,-0.7014,-0.7316,0.0917,-0.6755,-0.0884,0.9698,0.2273,-0.0,0.0,-0.0,0.0,0.0,0.0,-0.0041,-0.014,-0.0004,37.5402,22.5681,67.2255,0.0,0.0434,-0.3666,0.0,0.0,0.0,2805537.4612,3210962.5558,-5217236.8299,4733.1748,3677.6764,4815.8673,2805499.921,3210939.9876,-5217304.0554,4733.1789,3677.6905,4815.8677,0.0,0.0765,3.9732,0.0,0.0,1.0,0.0,1.0,0.0,0.0,1.172,-23.972,0.0,1.0,0.0,0.0,0.0,-1.0,3.731638380122061,0.014422205101855958,-0.37288499999999997,5.372931452225381,13.149937240295191,,
97.5445,74.577,2.319,2.924,70.631,1.857,2.854,-0.003,-0.012,0.008,-0.003,-0.012,0.008,-25.305,-1.475,-7.677,-0.0,0.0,-0.0,-0.0,0.0,-0.0,851.33,-0.0,0.0,-0.0,0.0,0.0,0.0,0.0,0.0,-0.3193,0.8865,-0.335,0.9463,0.2796,-0.1622,-0.0501,-0.3688,-0.9281,0.676,0.226,-0.7014,-0.7316,0.0917,-0.6755,-0.0884,0.9698,0.2273,-0.0,0.0,-0.0,0.0,0.0,0.0,-0.0041,-0.0141,-0.0004,37.5394,22.5652,67.2254,0.0,0.0434,-0.3666,0.0,0.0,0.0,2806522.4128,3211727.8337,-5216234.4444,4732.4139,3676.8056,4817.2819,2806484.8735,3211705.2685,-5216301.6698,4732.4181,3676.8197,4817.2823,0.0,0.0765,3.9732,0.0,0.0,1.0,0.0,1.0,0.0,0.0,1.172,-23.972,0.0,1.0,0.0,0.0,0.0,-1.0,3.731961548569331,0.014422205101855958,-0.37288499999999997,5.374778934706277,13.149937240295191,,
97.7536,74.576,2.316,2.925,70.63,1.854,2.856,-0.003,-0.012,0.008,-0.003,-0.012,0.008,-25.305,-1.475,-7.677,-0.0,0.0,-0.0,-0.0,0.0,-0.0,851.33,-0.0,0.0,-0.0,0.0,0.0,0.0,0.0,0.0,-0.3193,0.8865,-0.335,0.9463,0.2796,-0.1622,-0.0501,-0.3688,-0.9281,0.676,0.226,-0.7014,-0.7316,0.0917,-0.6755,-0.0884,0.9698,0.2273,-0.0,0.0,-0.0,0.0,0.0,0.0,-0.0042,-0.0141,-0.0004,37.5385,22.5623,67.2253,0.0,0.0434,-0.3666,0.0,0.0,0.0,2807505.0453,3212491.2521,-5215233.9635,4731.6544,3675.9365,4818.6931,2807467.5069,3212468.6898,-5215301.1888,4731.6586,3675.9506,4818.6935,0.0,0.0765,3.9732,0.0,0.0,1.0,0.0,1.0,0.0,0.0,1.172,-23.972,0.0,1.0,0.0,0.0,0.0,-1.0,3.7308820672865015,0.014422205101855958,-0.37288,5.380611229250575,13.149760913314482,,
97.9596,74.576,2.314,2.927,70.629,1.851,2.857,-0.003,-0.012,0.008,-0.003,-0.012,0.008,-25.305,-1.475,-7.677,-0.0,0.0,-0.0,-0.0,0.0,-0.0,851.33,-0.0,0.0,-0.0,0.0,0.0,0.0,0.0,0.0,-0.3193,0.8865,-0.335,0.9463,0.2796,-0.1622,-0.0501,-0.3688,-0.9281,0.676,0.226,-0.7014,-0.7316,0.0917,-0.6755,-0.0884,0.9698,0.2273,-0.0,0.0,-0.0,0.0,0.0,0.0,-0.0042,-0.0141,-0.0004,37.5377,22.5594,67.2252,0.0,0.0434,-0.3666,0.0,0.0,0.0,2808482.8703,3213250.8777,-5214237.9278,4730.8982,3675.0713,4820.0974,2808445.3326,3213228.3183,-5214305.153,4730.9024,3675.0854,4820.0978,0.0,0.0765,3.9732,0.0,0.0,1.0,0.0,1.0,0.0,0.0,1.172,-23.972,0.0,1.0,0.0,0.0,0.0,-1.0,3.731209589395911,0.014422205101855958,-0.37288,5.392169876990588,13.149760913314482,,
98.1682,74.575,2.311,2.928,70.629,1.849,2.859,-0.003,-0.012,0.008,-0.003,-0.012,0.008,-25.305,-1.475,-7.678,-0.0,0.0,-0.0,-0.0,0.0,-0.0,851.33,-0.0,0.0,-0.0,0.0,0.0,0.0,0.0,0.0,-0.3193,0.8865,-0.335,0.9463,0.2796,-0.1622,-0.0501,-0.3688,-0.9281,0.676,0.226,-0.7014,-0.7316,0.0917,-0.6755,-0.0884,0.9698,0.2273,-0.0,0.0,-0.0,0.0,0.0,0.0,-0.0042,-0.0141,-0.0005,37.5368,22.5565,67.2251,0.0,0.0434,-0.3666,0.0,0.0,0.0,2809464.7575,3214013.6011,-5213237.3031,4730.1385,3674.2022,4821.5075,2809427.2208,3213991.0446,-5213304.5282,4730.1427,3674.2163,4821.5079,0.0,0.0765,3.9732,0.0,0.0,1.0,0.0,1.0,0.0,0.0,1.172,-23.972,0.0,1.0,0.0,0.0,0.0,-1.0,3.7301347160658955,0.014422205101855958,-0.372875,5.384881128041412,13.149584586333775,,
98.3762,74.575,2.308,2.93,70.628,1.846,2.86,-0.003,-0.012,0.008,-0.003,-0.012,0.008,-25.305,-1.475,-7.678,-0.0,0.0,-0.0,-0.0,0.0,-0.0,851.33,-0.0,0.0,-0.0,0.0,0.0,0.0,0.0,0.0,-0.3193,0.8865,-0.335,0.9463,0.2796,-0.1622,-0.0501,-0.3688,-0.9281,0.676,0.226,-0.7014,-0.7316,0.0917,-0.6755,-0.0884,0.9698,0.2273,-0.0,0.0,-0.0,0.0,0.0,0.0,-0.0042,-0.0141,-0.0005,37.5359,22.5535,67.225,0.0,0.0434,-0.3666,0.0,0.0,0.0,2810457.8467,3214784.9674,-5212224.8003,4729.3698,3673.3228,4822.9336,2810420.3109,3214762.4139,-5212292.0253,4729.374,3673.3369,4822.934,0.0,0.0765,3.9732,0.0,0.0,1.0,0.0,1.0,0.0,0.0,1.172,-23.972,0.0,1.0,0.0,0.0,0.0,-1.0,3.7298477180710745,0.014422205101855958,-0.372875,5.3824747921037375,13.149584586333775,,
98.5824,74.574,2.306,2.931,70.628,1.844,2.862,-0.003,-0.012,0.008,-0.003,-0.012,0.008,-25.305,-1.475,-7.678,-0.0,0.0,-0.0,-0.0,0.0,-0.0,851.33,-0.0,0.0,-0.0,0.0,0.0,0.0,0.0,0.0,-0.3193,0.8865,-0.335,0.9463,0.2796,-0.1622,-0.0501,-0.3688,-0.9281,0.676,0.226,-0.7014,-0.7316,0.0917,-0.6755,-0.0884,0.9698,0.2273,-0.0,0.0,-0.0,0.0,0.0,0.0,-0.0042,-0.0141,-0.0005,37.535,22.5506,67.2249,0.0,0.0434,-0.3666,0.0,0.0,0.0,2811426.043,3215536.9414,-5211237.23,4728.6199,3672.4651,4824.3239,2811388.5079,3215514.3908,-5211304.4549,4728.6241,3672.4792,4824.3244,0.0,0.0765,3.9732,0.0,0.0,1.0,0.0,1.0,0.0,0.0,1.172,-23.972,0.0,1.0,0.0,0.0,0.0,-1.0,3.7293963318478234,0.014422205101855958,-0.37287,5.389151520820569,13.149408259353066,,
98.7857,74.574,2.303,2.933,70.627,1.841,2.863,-0.003,-0.012,0.008,-0.003,-0.012,0.008,-25.305,-1.475,-7.678,-0.0,0.0,-0.0,-0.0,0.0,-0.0,851.33,-0.0,0.0,-0.0,0.0,0.0,0.0,0.0,0.0,-0.3193,0.8865,-0.335,0.9463,0.2796,-0.1622,-0.0501,-0.3688,-0.9281,0.676,0.226,-0.7014,-0.7316,0.0917,-0.6755,-0.0884,0.9698,0.2273,-0.0,0.0,-0.0,0.0,0.0,0.0,-0.0043,-0.0141,-0.0005,37.5341,22.5478,67.2248,0.0,0.0434,-0.3666,0.0,0.0,0.0,2812381.7323,3216279.1465,-5210261.9828,4727.8793,3671.6181,4825.6963,2812344.1982,3216256.5988,-5210329.2076,4727.8836,3671.6322,4825.6967,0.0,0.0765,3.9732,0.0,0.0,1.0,0.0,1.0,0.0,0.0,1.172,-23.972,0.0,1.0,0.0,0.0,0.0,-1.0,3.729114908393143,0.014422205101855958,-0.37287,5.386741771866943,13.149408259353066,,
98.9875,74.573,2.301,2.934,70.627,1.839,2.865,-0.003,-0.012,0.008,-0.003,-0.012,0.008,-25.305,-1.475,-7.678,-0.0,0.0,-0.0,-0.0,0.0,-0.0,851.33,-0.0,0.0,-0.0,0.0,0.0,0.0,0.0,0.0,-0.3193,0.8865,-0.335,0.9463,0.2796,-0.1622,-0.0501,-0.3688,-0.9281,0.676,0.226,-0.7014,-0.7316,0.0917,-0.6755,-0.0884,0.9698,0.2273,-0.0,0.0,-0.0,0.0,0.0,0.0,-0.0043,-0.0142,-0.0005,37.5333,22.5449,67.2247,0.0,0.0434,-0.3666,0.0,0.0,0.0,2813338.0523,3217021.7862,-5209285.6632,4727.1379,3670.7702,4827.0695,2813300.519,3216999.2413,-5209352.888,4727.1422,3670.7844,4827.0699,0.0,0.0765,3.9732,0.0,0.0,1.0,0.0,1.0,0.0,0.0,1.172,-23.972,0.0,1.0,0.0,0.0,0.0,-1.0,3.7286669199594646,0.014422205101855958,-0.37286499999999995,5.393422406673121,13.149231932372357,,
99.1956,74.572,2.298,2.936,70.626,1.836,2.866,-0.003,-0.012,0.008,-0.003,-0.012,0.008,-25.305,-1.475,-7.678,-0.0,0.0,-0.0,-0.0,0.0,-0.0,851.33,-0.0,0.0,-0.0,0.0,0.0,0.0,0.0,0.0,-0.3193,0.8865,-0.335,0.9463,0.2796,-0.1622,-0.0501,-0.3688,-0.9281,0.676,0.226,-0.7014,-0.7316,0.0917,-0.6755,-0.0884,0.9698,0.2273,-0.0,0.0,-0.0,0.0,0.0,0.0,-0.0043,-0.0142,-0.0005,37.5324,22.5419,67.2246,0.0,0.0434,-0.3666,0.0,0.0,0.0,2814333.7221,3217794.9251,-5208268.7108,4726.3656,3669.8872,4828.4991,2814296.1897,3217772.3832,-5208335.9355,4726.3699,3669.9013,4828.4996,0.0,0.0765,3.9732,0.0,0.0,1.0,0.0,1.0,0.0,0.0,1.172,-23.972,0.0,1.0,0.0,0.0,0.0,-1.0,3.7283910739084223,0.014422205101855958,-0.37286,5.392586105454018,13.14905560539165,,
99.3969,74.572,2.296,2.937,70.626,1.834,2.868,-0.003,-0.013,0.008,-0.003,-0.013,0.008,-25.305,-1.475,-7.678,-0.0,0.0,-0.0,-0.0,0.0,-0.0,851.33,-0.0,0.0,-0.0,0.0,0.0,0.0,0.0,0.0,-0.3193,0.8865,-0.335,0.9463,0.2796,-0.1622,-0.0501,-0.3688,-0.9281,0.676,0.226,-0.7014,-0.7316,0.0917,-0.6755,-0.0884,0.9698,0.2273,-0.0,0.0,-0.0,0.0,0.0,0.0,-0.0043,-0.0142,-0.0005,37.5316,22.5391,67.2245,0.0,0.0434,-0.3666,0.0,0.0,0.0,2815276.0831,3218526.6143,-5207305.7781,4725.6343,3669.051,4829.8522,2815238.5515,3218504.0753,-5207373.0027,4725.6386,3669.0652,4829.8526,0.0,0.0765,3.9732,0.0,0.0,1.0,0.0,1.0,0.0,0.0,1.172,-23.972,0.0,1.0,0.0,0.0,0.0,-1.0,3.727946485667411,0.015264337522473748,-0.37286,5.397693784686598,13.14905560539165,,
99.6043,74.571,2.293,2.939,70.625,1.831,2.869,-0.003,-0.013,0.008,-0.003,-0.013,0.008,-25.305,-1.475,-7.678,-0.0,0.0,-0.0,-0.0,0.0,-0.0,851.33,-0.0,0.0,-0.0,0.0,0.0,0.0,0.0,0.0,-0.3193,0.8865,-0.335,0.9463,0.2796,-0.1622,-0.0501,-0.3688,-0.9281,0.676,0.226,-0.7014,-0.7316,0.0917,-0.6755,-0.0884,0.9698,0.2273,-0.0,0.0,-0.0,0.0,0.0,0.0,-0.0043,-0.0142,-0.0005,37.5306,22.5361,67.2244,0.0,0.0434,-0.3666,0.0,0.0,0.0,2816260.3114,3219290.754,-5206299.6172,4724.8701,3668.1774,4831.2653,2816222.7808,3219268.2179,-5206366.8417,4724.8744,3668.1916,4831.2658,0.0,0.0765,3.9732,0.0,0.0,1.0,0.0,1.0,0.0,0.0,1.172,-23.972,0.0,1.0,0.0,0.0,0.0,-1.0,3.727676219845281,0.015264337522473748,-0.372855,5.396853915585521,13.148879278410941,,
99.8126,74.571,2.291,2.941,70.624,1.828,2.871,-0.003,-0.013,0.008,-0.003,-0.013,0.008,-25.305,-1.475,-7.678,-0.0,0.0,-0.0,-0.0,0.0,-0.0,851.33,-0.0,0.0,-0.0,0.0,0.0,0.0,0.0,0.0,-0.3193,0.8865,-0.335,0.9463,0.2796,-0.1622,-0.0501,-0.3688,-0.9281,0.676,0.226,-0.7014,-0.7316,0.0917,-0.6755,-0.0884,0.9698,0.2273,-0.0,0.0,-0.0,0.0,0.0,0.0,-0.0043,-0.0142,-0.0005,37.5297,22.5331,67.2243,0.0,0.0434,-0.3666,0.0,0.0,0.0,2817249.3554,3220058.5742,-5205288.0699,4724.1017,3667.2992,4832.6853,2817211.8257,3220036.041,-5205355.2943,4724.1061,3667.3134,4832.6858,0.0,0.0765,3.9732,0.0,0.0,1.0,0.0,1.0,0.0,0.0,1.172,-23.972,0.0,1.0,0.0,0.0,0.0,-1.0,3.728023873314118,0.015264337522473748,-0.372855,5.411825400968612,13.148879278410941,,
100.0193,74.57,2.288,2.942,70.624,1.826,2.873,-0.003,-0.013,0.008,-0.003,-0.013,0.008,-25.305,-1.475,-7.678,-0.0,0.0,-0.0,-0.0,0.0,-0.0,851.33,-0.0,0.0,-0.0,0.0,0.0,0.0,0.0,0.0,-0.3193,0.8865,-0.335,0.9463,0.2796,-0.1622,-0.0501,-0.3688,-0.9281,0.676,0.226,-0.7014,-0.7316,0.0917,-0.6755,-0.0884,0.9698,0.2273,-0.0,0.0,-0.0,0.0,0.0,0.0,-0.0044,-0.0142,-0.0005,37.5288,22.5302,67.2242,0.0,0.0434,-0.3666,0.0,0.0,0.0,2818214.4376,3220807.7349,-5204300.5866,4723.3516,3666.4419,4834.0709,2818176.9088,3220785.2046,-5204367.8108,4723.356,3666.4561,4834.0714,0.0,0.0765,3.9732,0.0,0.0,1.0,0.0,1.0,0.0,0.0,1.172,-23.972,0.0,1.0,0.0,0.0,0.0,-1.0,3.7269703513712042,0.015264337522473748,-0.37284999999999996,5.404559054216654,13.148702951430232,,
100.2254,74.57,2.285,2.944,70.623,1.823,2.874,-0.003,-0.013,0.008,-0.003,-0.013,0.008,-25.305,-1.475,-7.678,-0.0,0.0,-0.0,-0.0,0.0,-0.0,851.33,-0.0,0.0,-0.0,0.0,0.0,0.0,0.0,0.0,-0.3193,0.8865,-0.335,0.9463,0.2796,-0.1622,-0.0501,-0.3688,-0.9281,0.676,0.226,-0.7014,-0.7316,0.0917,-0.6755,-0.0884,0.9698,0.2273,-0.0,0.0,-0.0,0.0,0.0,0.0,-0.0044,-0.0143,-0.0005,37.528,22.5273,67.2242,0.0,0.0434,-0.3666,0.0,0.0,0.0,2819190.7516,3221565.5574,-5203301.1624,4722.5924,3665.5742,4835.4725,2819153.2237,3221543.0301,-5203368.3865,4722.5968,3665.5885,4835.473,0.0,0.0765,3.9732,0.0,0.0,1.0,0.0,1.0,0.0,0.0,1.172,-23.972,0.0,1.0,0.0,0.0,0.0,-1.0,3.7267091381002624,0.015264337522473748,-0.37284999999999996,5.402136678617244,13.148702951430232,,
100.4341,74.569,2.283,2.945,70.623,1.821,2.876,-0.003,-0.013,0.008,-0.003,-0.013,0.008,-25.305,-1.475,-7.678,-0.0,0.0,-0.0,-0.0,0.0,-0.0,851.33,-0.0,0.0,-0.0,0.0,0.0,0.0,0.0,0.0,-0.3193,0.8865,-0.335,0.9463,0.2796,-0.1622,-0.0501,-0.3688,-0.9281,0.676,0.226,-0.7014,-0.7316,0.0917,-0.6755,-0.0884,0.9698,0.2273,-0.0,0.0,-0.0,0.0,0.0,0.0,-0.0044,-0.0143,-0.0005,37.527,22.5243,67.2241,0.0,0.0434,-0.3666,0.0,0.0,0.0,2820175.3178,3222329.7266,-5202292.8368,4721.8264,3664.6989,4836.886,2820137.7908,3222307.2023,-5202360.0609,4721.8308,3664.7132,4836.8865,0.0,0.0765,3.9732,0.0,0.0,1.0,0.0,1.0,0.0,0.0,1.172,-23.972,0.0,1.0,0.0,0.0,0.0,-1.0,3.7262734735926184,0.015264337522473748,-0.37284500000000004,5.408831773557023,13.148526624449525,,
100.6414,74.568,2.28,2.947,70.622,1.818,2.877,-0.003,-0.013,0.008,-0.003,-0.013,0.008,-25.305,-1.475,-7.678,-0.0,0.0,-0.0,-0.0,0.0,-0.0,851.33,-0.0,0.0,-0.0,0.0,0.0,0.0,0.0,0.0,-0.3193,0.8865,-0.335,0.9463,0.2796,-0.1622,-0.0501,-0.3688,-0.9281,0.676,0.226,-0.7014,-0.7316,0.0917,-0.6755,-0.0884,0.9698,0.2273,-0.0,0.0,-0.0,0.0,0.0,0.0,-0.0044,-0.0143,-0.0005,37.5261,22.5213,67.224,0.0,0.0434,-0.3666,0.0,0.0,0.0,2821158.105,3223092.4574,-5201285.8719,4721.0613,3663.8248,4838.2969,2821120.5789,3223069.9361,-5201353.0959,4721.0658,3663.8391,4838.2973,0.0,0.0765,3.9732,0.0,0.0,1.0,0.0,1.0,0.0,0.0,1.172,-23.972,0.0,1.0,0.0,0.0,0.0,-1.0,3.726017847514958,0.015264337522473748,-0.37284,5.40798225003803,13.148350297468816,,
100.8495,74.568,2.278,2.948,70.622,1.815,2.879,-0.003,-0.013,0.008,-0.003,-0.013,0.008,-25.305,-1.475,-7.678,-0.0,0.0,-0.0,-0.0,0.0,-0.0,851.33,-0.0,0.0,-0.0,0.0,0.0,0.0,0.0,0.0,-0.3193,0.8865,-0.335,0.9463,0.2796,-0.1622,-0.0501,-0.3688,-0.9281,0.676,0.226,-0.7014,-0.7316,0.0917,-0.6755,-0.0884,0.9698,0.2273,-0.0,0.0,-0.0,0.0,0.0,0.0,-0.0044,-0.0143,-0.0005,37.5252,22.5184,67.2238,0.0,0.0434,-0.3666,0.0,0.0,0.0,2822134.484,3223850.1565,-5200285.0241,4720.3009,3662.9561,4839.6985,2822096.9588,3223827.6381,-5200352.2479,4720.3053,3662.9704,4839.6989,0.0,0.0765,3.9732,0.0,0.0,1.0,0.0,1.0,0.0,0.0,1.172,-23.972,0.0,1.0,0.0,0.0,0.0,-1.0,3.7255855915547023,0.015264337522473748,-0.37284,5.427808207387895,13.148350297468816,,
101.0584,74.567,2.275,2.95,70.621,1.813,2.88,-0.003,-0.013,0.008,-0.003,-0.013,0.008,-25.305,-1.475,-7.678,-0.0,0.0,-0.0,-0.0,0.0,-0.0,851.33,-0.0,0.0,-0.0,0.0,0.0,0.0,0.0,0.0,-0.3193,0.8865,-0.335,0.9463,0.2796,-0.1622,-0.0501,-0.3688,-0.9281,0.676,0.226,-0.7014,-0.7316,0.0917,-0.6755,-0.0884,0.9698,0.2273,-0.0,0.0,-0.0,0.0,0.0,0.0,-0.0045,-0.0143,-0.0005,37.5243,22.5154,67.2238,0.0,0.0434,-0.3666,0.0,0.0,0.0,2823124.166,3224618.1208,-5199270.0756,4719.5297,3662.0752,4841.1191,2823086.6418,3224595.6054,-5199337.2993,4719.5342,3662.0895,4841.1196,0.0,0.0765,3.9732,0.0,0.0,1.0,0.0,1.0,0.0,0.0,1.172,-23.972,0.0,1.0,0.0,0.0,0.0,-1.0,3.7253355553560543,0.015264337522473748,-0.37283499999999997,5.412251911190366,13.148173970488106,,
101.2674,74.567,2.272,2.952,70.62,1.81,2.882,-0.003,-0.013,0.008,-0.003,-0.013,0.008,-25.305,-1.475,-7.678,-0.0,0.0,-0.0,-0.0,0.0,-0.0,851.33,-0.0,0.0,-0.0,0.0,0.0,0.0,0.0,0.0,-0.3193,0.8865,-0.335,0.9463,0.2796,-0.1622,-0.0501,-0.3688,-0.9281,0.676,0.226,-0.7014,-0.7316,0.0917,-0.6755,-0.0884,0.9698,0.2273,-0.0,0.0,-0.0,0.0,0.0,0.0,-0.0045,-0.0143,-0.0005,37.5233,22.5124,67.2236,0.0,0.0434,-0.3666,0.0,0.0,0.0,2824106.8718,3225380.6126,-5198261.8263,4718.7636,3661.2001,4842.5297,2824069.3484,3225358.1002,-5198329.0499,4718.7681,3661.2145,4842.5302,0.0,0.0765,3.9732,0.0,0.0,1.0,0.0,1.0,0.0,0.0,1.172,-23.972,0.0,1.0,0.0,0.0,0.0,-1.0,3.7250889922255546,0.015264337522473748,-0.37283499999999997,5.413267805242728,13.148173970488106,,
101.4755,74.566,2.27,2.953,70.62,1.807,2.884,-0.003,-0.013,0.008,-0.003,-0.013,0.008,-25.305,-1.475,-7.678,-0.0,0.0,-0.0,-0.0,0.0,-0.0,851.33,-0.0,0.0,-0.0,0.0,0.0,0.0,0.0,0.0,-0.3193,0.8865,-0.335,0.9463,0.2796,-0.1622,-0.0501,-0.3688,-0.9281,0.676,0.226,-0.7014,-0.7316,0.0917,-0.6755,-0.0884,0.9698,0.2273,-0.0,0.0,-0.0,0.0,0.0,0.0,-0.0045,-0.0144,-0.0005,37.5224,22.5094,67.2235,0.0,0.0434,-0.3666,0.0,0.0,0.0,2825094.6912,3226147.0136,-5197247.867,4717.993,3660.3202,4843.9476,2825057.1689,3226124.5042,-5197315.0905,4717.9975,3660.3345,4843.9481,0.0,0.0765,3.9732,0.0,0.0,1.0,0.0,1.0,0.0,0.0,1.172,-23.972,0.0,1.0,0.0,0.0,0.0,-1.0,3.724662266568608,0.015264337522473748,-0.37283,5.434675126882109,13.1479976435074,,
101.6831,74.566,2.267,2.955,70.619,1.805,2.885,-0.003,-0.013,0.008,-0.003,-0.013,0.008,-25.305,-1.475,-7.678,-0.0,0.0,-0.0,-0.0,0.0,-0.0,851.33,-0.0,0.0,-0.0,0.0,0.0,0.0,0.0,0.0,-0.3193,0.8865,-0.335,0.9463,0.2796,-0.1622,-0.0501,-0.3688,-0.9281,0.676,0.226,-0.7014,-0.7316,0.0917,-0.6755,-0.0884,0.9698,0.2273,-0.0,0.0,-0.0,0.0,0.0,0.0,-0.0045,-0.0144,-0.0005,37.5214,22.5064,67.2234,0.0,0.0434,-0.3666,0.0,0.0,0.0,2826071.5472,3226904.8506,-5196244.7054,4717.2307,3659.4496,4845.3498,2826034.0258,3226882.3442,-5196311.9288,4717.2352,3659.464,4845.3502,0.0,0.0765,3.9732,0.0,0.0,1.0,0.0,1.0,0.0,0.0,1.172,-23.972,0.0,1.0,0.0,0.0,0.0,-1.0,3.724421297329291,0.015264337522473748,-0.37283,5.4175384871447205,13.1479976435074,,
101.8916,74.565,2.264,2.956,70.619,1.802,2.887,-0.003,-0.013,0.008,-0.003,-0.013,0.008,-25.305,-1.475,-7.678,-0.0,0.0,-0.0,-0.0,0.0,-0.0,851.33,-0.0,0.0,-0.0,0.0,0.0,0.0,0.0,0.0,-0.3193,0.8865,-0.335,0.9463,0.2796,-0.1622,-0.0501,-0.3688,-0.9281,0.676,0.226,-0.7014,-0.7316,0.0917,-0.6755,-0.0884,0.9698,0.2273,-0.0,0.0,-0.0,0.0,0.0,0.0,-0.0045,-0.0144,-0.0005,37.5205,22.5034,67.2233,0.0,0.0434,-0.3666,0.0,0.0,0.0,2827058.0837,3227670.1387,-5195231.1452,4716.4604,3658.5701,4846.7657,2827020.5632,3227647.6353,-5195298.3686,4716.4649,3658.5845,4846.7662,0.0,0.0765,3.9732,0.0,0.0,1.0,0.0,1.0,0.0,0.0,1.172,-23.972,0.0,1.0,0.0,0.0,0.0,-1.0,3.723389853346007,0.015264337522473748,-0.37282499999999996,5.425000353650886,13.14782131652669,,
102.099,74.564,2.262,2.958,70.618,1.799,2.888,-0.003,-0.013,0.008,-0.003,-0.013,0.008,-25.305,-1.475,-7.678,-0.0,0.0,-0.0,-0.0,0.0,-0.0,851.33,-0.0,0.0,-0.0,0.0,0.0,0.0,0.0,0.0,-0.3193,0.8865,-0.335,0.9463,0.2796,-0.1622,-0.0501,-0.3688,-0.9281,0.676,0.226,-0.7014,-0.7316,0.0917,-0.6755,-0.0884,0.9698,0.2273,-0.0,0.0,-0.0,0.0,0.0,0.0,-0.0046,-0.0144,-0.0005,37.5196,22.5004,67.2232,0.0,0.0434,-0.3666,0.0,0.0,0.0,2828030.6952,3228424.5672,-5194231.4384,4715.7005,3657.7027,4848.1617,2827993.1757,3228402.0667,-5194298.6616,4715.7051,3657.7171,4848.1622,0.0,0.0765,3.9732,0.0,0.0,1.0,0.0,1.0,0.0,0.0,1.172,-23.972,0.0,1.0,0.0,0.0,0.0,-1.0,3.7237626132716892,0.015264337522473748,-0.37282,5.438094759643985,13.14764498954598,,
102.3074,74.564,2.259,2.959,70.617,1.797,2.89,-0.003,-0.013,0.008,-0.003,-0.013,0.008,-25.305,-1.475,-7.678,-0.0,0.0,-0.0,-0.0,0.0,-0.0,851.33,-0.0,0.0,-0.0,0.0,0.0,0.0,0.0,0.0,-0.3193,0.8865,-0.335,0.9463,0.2796,-0.1622,-0.0501,-0.3688,-0.9281,0.676,0.226,-0.7014,-0.7316,0.0917,-0.6755,-0.0884,0.9698,0.2273,-0.0,0.0,-0.0,0.0,0.0,0.0,-0.0046,-0.0144,-0.0005,37.5186,22.4974,67.2231,0.0,0.0434,-0.3666,0.0,0.0,0.0,2829008.4746,3229182.9464,-5193225.9674,4714.9363,3656.8303,4849.565,2828970.956,3229160.4489,-5193293.1905,4714.9409,3656.8447,4849.5655,0.0,0.0765,3.9732,0.0,0.0,1.0,0.0,1.0,0.0,0.0,1.172,-23.972,0.0,1.0,0.0,0.0,0.0,-1.0,3.7227358219460056,0.015264337522473748,-0.37282,5.427689200606859,13.14764498954598,,
102.5075,74.563,2.256,2.961,70.617,1.794,2.891,-0.003,-0.013,0.008,-0.003,-0.013,0.008,-25.305,-1.475,-7.678,-0.0,0.0,-0.0,-0.0,0.0,-0.0,851.33,-0.0,0.0,-0.0,0.0,0.0,0.0,0.0,0.0,-0.3193,0.8865,-0.335,0.9463,0.2796,-0.1622,-0.0501,-0.3688,-0.9281,0.676,0.226,-0.7014,-0.7316,0.0917,-0.6755,-0.0884,0.9698,0.2273,-0.0,0.0,-0.0,0.0,0.0,0.0,-0.0046,-0.0144,-0.0005,37.5177,22.4945,67.223,0.0,0.0434,-0.3666,0.0,0.0,0.0,2829953.821,3229916.1147,-5192253.4172,4714.197,3655.9865,4850.9217,2829916.3033,3229893.6202,-5192320.6403,4714.2016,3656.0009,4850.9222,0.0,0.0765,3.9732,0.0,0.0,1.0,0.0,1.0,0.0,0.0,1.172,-23.972,0.0,1.0,0.0,0.0,0.0,-1.0,3.722506816649232,0.015264337522473748,-0.372815,5.428409601779423,13.147468662565274,,
102.7176,74.563,2.254,2.962,70.616,1.791,2.893,-0.003,-0.013,0.008,-0.003,-0.013,0.008,-25.305,-1.475,-7.678,-0.0,0.0,-0.0,-0.0,0.0,-0.0,851.33,-0.0,0.0,-0.0,0.0,0.0,0.0,0.0,0.0,-0.3193,0.8865,-0.335,0.9463,0.2796,-0.1622,-0.0501,-0.3688,-0.9281,0.676,0.226,-0.7014,-0.7316,0.0917,-0.6755,-0.0884,0.9698,0.2273,-0.0,0.0,-0.0,0.0,0.0,0.0,-0.0046,-0.0145,-0.0005,37.5167,22.4915,67.2229,0.0,0.0434,-0.3666,0.0,0.0,0.0,2830946.502,3230685.9356,-5191231.7117,4713.4203,3655.1001,4852.3463,2830908.9853,3230663.4441,-5191298.9346,4713.425,3655.1145,4852.3468,0.0,0.0765,3.9732,0.0,0.0,1.0,0.0,1.0,0.0,0.0,1.172,-23.972,0.0,1.0,0.0,0.0,0.0,-1.0,3.722090810283919,0.015264337522473748,-0.372815,5.446660236722771,13.147468662565274,,
102.9263,74.562,2.251,2.964,70.616,1.789,2.894,-0.003,-0.013,0.008,-0.003,-0.013,0.007,-25.305,-1.475,-7.678,-0.0,0.0,-0.0,-0.0,0.0,-0.0,851.33,-0.0,0.0,-0.0,0.0,0.0,0.0,0.0,0.0,-0.3193,0.8865,-0.335,0.9463,0.2796,-0.1622,-0.0501,-0.3688,-0.9281,0.676,0.226,-0.7014,-0.7316,0.0917,-0.6755,-0.0884,0.9698,0.2273,-0.0,0.0,-0.0,0.0,0.0,0.0,-0.0046,-0.0145,-0.0005,37.5157,22.4885,67.2228,0.0,0.0434,-0.3666,0.0,0.0,0.0,2831936.3779,3231453.5212,-5190212.4285,4712.6455,3654.2158,4853.7669,2831898.8621,3231431.0328,-5190279.6513,4712.6501,3654.2303,4853.7674,0.0,0.0765,3.9732,0.0,0.0,1.0,0.0,1.0,0.0,0.0,1.172,-23.972,0.0,1.0,0.0,0.0,0.0,-1.0,3.721867407632894,0.015264337522473748,-0.37281,5.432681558279741,13.147292335584565,,
103.1365,74.561,2.248,2.966,70.615,1.786,2.896,-0.003,-0.013,0.007,-0.003,-0.013,0.007,-25.305,-1.475,-7.678,-0.0,0.0,-0.0,-0.0,0.0,-0.0,851.33,-0.0,0.0,-0.0,0.0,0.0,0.0,0.0,0.0,-0.3193,0.8865,-0.335,0.9463,0.2796,-0.1622,-0.0501,-0.3688,-0.9281,0.676,0.226,-0.7014,-0.7316,0.0917,-0.6755,-0.0884,0.9698,0.2273,-0.0,0.0,-0.0,0.0,0.0,0.0,-0.0047,-0.0145,-0.0005,37.5148,22.4854,67.2227,0.0,0.0434,-0.3666,0.0,0.0,0.0,2832922.6045,3232218.218,-5189196.4389,4711.873,3653.3345,4855.1821,2832885.0897,3232195.7326,-5189263.6616,4711.8777,3653.349,4855.1827,0.0,0.0765,3.9732,0.0,0.0,1.0,0.0,1.0,0.0,0.0,1.172,-23.972,0.0,1.0,0.0,0.0,0.0,-1.0,3.7216474846497754,0.0147648230602334,-0.37280500000000005,5.435275090619707,13.147116008603858,,
103.3368,74.561,2.246,2.967,70.615,1.783,2.897,-0.003,-0.013,0.007,-0.003,-0.013,0.007,-25.305,-1.475,-7.678,-0.0,0.0,-0.0,-0.0,0.0,-0.0,851.33,-0.0,0.0,-0.0,0.0,0.0,0.0,0.0,0.0,-0.3193,0.8865,-0.335,0.9463,0.2796,-0.1622,-0.0501,-0.3688,-0.9281,0.676,0.226,-0.7014,-0.7316,0.0917,-0.6755,-0.0884,0.9698,0.2273,-0.0,0.0,-0.0,0.0,0.0,0.0,-0.0047,-0.0145,-0.0005,37.5139,22.4825,67.2226,0.0,0.0434,-0.3666,0.0,0.0,0.0,2833865.3406,3232949.1382,-5188224.8184,4711.1343,3652.4917,4856.535,2833827.8268,3232926.6556,-5188292.041,4711.139,3652.5062,4856.5355,0.0,0.0765,3.9732,0.0,0.0,1.0,0.0,1.0,0.0,0.0,1.172,-23.972,0.0,1.0,0.0,0.0,0.0,-1.0,3.7212370255064378,0.0147648230602334,-0.37280500000000005,5.451660945875004,13.147116008603858,,
103.5398,74.56,2.243,2.969,70.614,1.781,2.899,-0.003,-0.013,0.007,-0.003,-0.013,0.007,-25.305,-1.475,-7.678,-0.0,0.0,-0.0,-0.0,0.0,-0.0,851.33,-0.0,0.0,-0.0,0.0,0.0,0.0,0.0,0.0,-0.3193,0.8865,-0.335,0.9463,0.2796,-0.1622,-0.0501,-0.3688,-0.9281,0.676,0.226,-0.7014,-0.7316,0.0917,-0.6755,-0.0884,0.9698,0.2273,-0.0,0.0,-0.0,0.0,0.0,0.0,-0.0047,-0.0145,-0.0005,37.5129,22.4796,67.2225,0.0,0.0434,-0.3666,0.0,0.0,0.0,2834822.0681,3233690.8508,-5187238.3459,4710.3843,3651.636,4857.9078,2834784.5552,3233668.3712,-5187305.5684,4710.3889,3651.6505,4857.9083,0.0,0.0765,3.9732,0.0,0.0,1.0,0.0,1.0,0.0,0.0,1.172,-23.972,0.0,1.0,0.0,0.0,0.0,-1.0,3.721022708879912,0.0147648230602334,-0.3728,5.439547895534905,13.146939681623149,,
103.7463,74.56,2.24,2.97,70.613,1.778,2.901,-0.003,-0.013,0.007,-0.003,-0.013,0.007,-25.305,-1.475,-7.678,-0.0,0.0,-0.0,-0.0,0.0,-0.0,851.33,-0.0,0.0,-0.0,0.0,0.0,0.0,0.0,0.0,-0.3193,0.8865,-0.335,0.9463,0.2796,-0.1622,-0.0501,-0.3688,-0.9281,0.676,0.226,-0.7014,-0.7316,0.0917,-0.6755,-0.0884,0.9698,0.2273,-0.0,0.0,-0.0,0.0,0.0,0.0,-0.0047,-0.0145,-0.0005,37.5119,22.4766,67.2224,0.0,0.0434,-0.3666,0.0,0.0,0.0,2835797.021,3234446.6357,-5186232.6319,4709.6195,3650.7637,4859.3068,2835759.5091,3234424.1591,-5186299.8543,4709.6242,3650.7783,4859.3073,0.0,0.0765,3.9732,0.0,0.0,1.0,0.0,1.0,0.0,0.0,1.172,-23.972,0.0,1.0,0.0,0.0,0.0,-1.0,3.7200134408359338,0.0147648230602334,-0.3728,5.443866920018682,13.146939681623149,,
103.9553,74.559,2.238,2.972,70.613,1.775,2.902,-0.003,-0.013,0.007,-0.003,-0.013,0.007,-25.305,-1.475,-7.678,-0.0,0.0,-0.0,-0.0,0.0,-0.0,851.33,-0.0,0.0,-0.0,0.0,0.0,0.0,0.0,0.0,-0.3193,0.8865,-0.335,0.9463,0.2796,-0.1622,-0.0501,-0.3688,-0.9281,0.676,0.226,-0.7014,-0.7316,0.0917,-0.6755,-0.0884,0.9698,0.2273,-0.0,0.0,-0.0,0.0,0.0,0.0,-0.0047,-0.0146,-0.0005,37.511,22.4735,67.2223,0.0,0.0434,-0.3666,0.0,0.0,0.0,2836782.9626,3235210.88,-5185215.1229,4708.8458,3649.8813,4860.7214,2836745.4517,3235188.4064,-5185282.3452,4708.8505,3649.8958,4860.722,0.0,0.0765,3.9732,0.0,0.0,1.0,0.0,1.0,0.0,0.0,1.172,-23.972,0.0,1.0,0.0,0.0,0.0,-1.0,3.7204069669862734,0.0147648230602334,-0.372795,5.458526625129072,13.14676335464244,,
104.162,74.558,2.235,2.973,70.612,1.773,2.904,-0.003,-0.013,0.007,-0.003,-0.013,0.007,-25.305,-1.475,-7.678,-0.0,0.0,-0.0,-0.0,0.0,-0.0,851.33,-0.0,0.0,-0.0,0.0,0.0,0.0,0.0,0.0,-0.3193,0.8865,-0.335,0.9463,0.2796,-0.1622,-0.0501,-0.3688,-0.9281,0.676,0.226,-0.7014,-0.7316,0.0917,-0.6755,-0.0884,0.9698,0.2273,-0.0,0.0,-0.0,0.0,0.0,0.0,-0.0047,-0.0146,-0.0005,37.51,22.4705,67.2222,0.0,0.0434,-0.3666,0.0,0.0,0.0,2837753.334,3235962.997,-5184213.2322,4708.0838,3649.0124,4862.1137,2837715.8241,3235940.5265,-5184280.4544,4708.0886,3649.0269,4862.1143,0.0,0.0765,3.9732,0.0,0.0,1.0,0.0,1.0,0.0,0.0,1.172,-23.972,0.0,1.0,0.0,0.0,0.0,-1.0,3.7194023713494615,0.0147648230602334,-0.37279,5.449718365998707,13.146587027661733,,
104.3627,74.558,2.232,2.975,70.612,1.77,2.905,-0.003,-0.013,0.007,-0.003,-0.013,0.007,-25.305,-1.475,-7.678,-0.0,0.0,-0.0,-0.0,0.0,-0.0,851.33,-0.0,0.0,-0.0,0.0,0.0,0.0,0.0,0.0,-0.3193,0.8865,-0.335,0.9463,0.2796,-0.1622,-0.0501,-0.3688,-0.9281,0.676,0.226,-0.7014,-0.7316,0.0917,-0.6755,-0.0884,0.9698,0.2273,-0.0,0.0,-0.0,0.0,0.0,0.0,-0.0048,-0.0146,-0.0005,37.509,22.4676,67.2221,0.0,0.0434,-0.3666,0.0,0.0,0.0,2838693.638,3236691.755,-5183241.9549,4707.3452,3648.1701,4863.4629,2838656.129,3236669.2873,-5183309.1769,4707.3499,3648.1847,4863.4634,0.0,0.0765,3.9732,0.0,0.0,1.0,0.0,1.0,0.0,0.0,1.172,-23.972,0.0,1.0,0.0,0.0,0.0,-1.0,3.719200048397505,0.0147648230602334,-0.37279,5.44884763409727,13.146587027661733,,
104.5739,74.557,2.23,2.976,70.611,1.767,2.907,-0.003,-0.013,0.007,-0.003,-0.013,0.007,-25.305,-1.475,-7.678,-0.0,0.0,-0.0,-0.0,0.0,-0.0,851.33,-0.0,0.0,-0.0,0.0,0.0,0.0,0.0,0.0,-0.3193,0.8865,-0.335,0.9463,0.2796,-0.1622,-0.0501,-0.3688,-0.9281,0.676,0.226,-0.7014,-0.7316,0.0917,-0.6755,-0.0884,0.9698,0.2273,-0.0,0.0,-0.0,0.0,0.0,0.0,-0.0048,-0.0146,-0.0005,37.508,22.4646,67.222,0.0,0.0434,-0.3666,0.0,0.0,0.0,2839683.9175,3237459.187,-5182218.5989,4706.5668,3647.2827,4864.8836,2839646.4095,3237436.7224,-5182285.8209,4706.5716,3647.2973,4864.8842,0.0,0.0765,3.9732,0.0,0.0,1.0,0.0,1.0,0.0,0.0,1.172,-23.972,0.0,1.0,0.0,0.0,0.0,-1.0,3.718800344197037,0.0147648230602334,-0.37278500000000003,5.4686912755797215,13.146410700681024,,
104.7751,74.557,2.227,2.978,70.61,1.765,2.908,-0.003,-0.013,0.007,-0.003,-0.013,0.007,-25.305,-1.475,-7.678,-0.0,0.0,-0.0,-0.0,0.0,-0.0,851.33,-0.0,0.0,-0.0,0.0,0.0,0.0,0.0,0.0,-0.3193,0.8865,-0.335,0.9463,0.2796,-0.1622,-0.0501,-0.3688,-0.9281,0.676,0.226,-0.7014,-0.7316,0.0917,-0.6755,-0.0884,0.9698,0.2273,-0.0,0.0,-0.0,0.0,0.0,0.0,-0.0048,-0.0146,-0.0005,37.507,22.4616,67.2219,0.0,0.0434,-0.3666,0.0,0.0,0.0,2840639.9988,3238200.0596,-5181230.1402,4705.815,3646.4256,4866.2553,2840602.4917,3238177.5981,-5181297.362,4705.8198,3646.4402,4866.2558,0.0,0.0765,3.9732,0.0,0.0,1.0,0.0,1.0,0.0,0.0,1.172,-23.972,0.0,1.0,0.0,0.0,0.0,-1.0,3.718603635775128,0.0147648230602334,-0.37278500000000003,5.451536214250202,13.146410700681024,,
104.9826,74.556,2.224,2.979,70.61,1.762,2.91,-0.003,-0.013,0.007,-0.003,-0.013,0.007,-25.305,-1.475,-7.678,-0.0,0.0,-0.0,-0.0,0.0,-0.0,851.33,-0.0,0.0,-0.0,0.0,0.0,0.0,0.0,0.0,-0.3193,0.8865,-0.335,0.9463,0.2796,-0.1622,-0.0501,-0.3688,-0.9281,0.676,0.226,-0.7014,-0.7316,0.0917,-0.6755,-0.0884,0.9698,0.2273,-0.0,0.0,-0.0,0.0,0.0,0.0,-0.0048,-0.0146,-0.0005,37.506,22.4586,67.2218,0.0,0.0434,-0.3666,0.0,0.0,0.0,2841616.9823,3238957.0724,-5180219.6178,4705.0464,3645.5494,4867.6569,2841579.4763,3238934.6138,-5180286.8396,4705.0512,3645.5641,4867.6574,0.0,0.0765,3.9732,0.0,0.0,1.0,0.0,1.0,0.0,0.0,1.172,-23.972,0.0,1.0,0.0,0.0,0.0,-1.0,3.717609043457905,0.0147648230602334,-0.37278,5.459026592560384,13.146234373700315,,
105.1916,74.555,2.221,2.981,70.609,1.759,2.911,-0.003,-0.013,0.007,-0.003,-0.013,0.007,-25.305,-1.475,-7.678,-0.0,0.0,-0.0,-0.0,0.0,-0.0,851.33,-0.0,0.0,-0.0,0.0,0.0,0.0,0.0,0.0,-0.3193,0.8865,-0.335,0.9463,0.2796,-0.1622,-0.0501,-0.3688,-0.9281,0.676,0.226,-0.7014,-0.7316,0.0917,-0.6755,-0.0884,0.9698,0.2273,-0.0,0.0,-0.0,0.0,0.0,0.0,-0.0048,-0.0146,-0.0005,37.505,22.4555,67.2216,0.0,0.0434,-0.3666,0.0,0.0,0.0,2842601.2615,3239719.6785,-5179201.092,4704.2716,3644.6664,4869.0689,2842563.7565,3239697.223,-5179268.3137,4704.2764,3644.681,4869.0695,0.0,0.0765,3.9732,0.0,0.0,1.0,0.0,1.0,0.0,0.0,1.172,-23.972,0.0,1.0,0.0,0.0,0.0,-1.0,3.7174187280961504,0.0147648230602334,-0.372775,5.458138167667342,13.146058046719608,,
105.3926,74.555,2.219,2.982,70.609,1.757,2.913,-0.003,-0.013,0.007,-0.003,-0.013,0.007,-25.305,-1.475,-7.678,-0.0,0.0,-0.0,-0.0,0.0,-0.0,851.33,-0.0,0.0,-0.0,0.0,0.0,0.0,0.0,0.0,-0.3193,0.8865,-0.335,0.9463,0.2796,-0.1622,-0.0501,-0.3688,-0.9281,0.676,0.226,-0.7014,-0.7316,0.0917,-0.6755,-0.0884,0.9698,0.2273,-0.0,0.0,-0.0,0.0,0.0,0.0,-0.0049,-0.0147,-0.0005,37.5041,22.4526,67.2215,0.0,0.0434,-0.3666,0.0,0.0,0.0,2843544.7011,3240450.5876,-5178224.3897,4703.5286,3643.8196,4870.4223,2843507.1971,3240428.135,-5178291.6112,4703.5334,3643.8342,4870.4229,0.0,0.0765,3.9732,0.0,0.0,1.0,0.0,1.0,0.0,0.0,1.172,-23.972,0.0,1.0,0.0,0.0,0.0,-1.0,3.7170263652548927,0.0147648230602334,-0.372775,5.463305310118304,13.146058046719608,,
105.5995,74.554,2.216,2.984,70.608,1.754,2.914,-0.003,-0.013,0.007,-0.003,-0.013,0.007,-25.305,-1.475,-7.678,-0.0,0.0,-0.0,-0.0,0.0,-0.0,851.33,-0.0,0.0,-0.0,0.0,0.0,0.0,0.0,0.0,-0.3193,0.8865,-0.335,0.9463,0.2796,-0.1622,-0.0501,-0.3688,-0.9281,0.676,0.226,-0.7014,-0.7316,0.0917,-0.6755,-0.0884,0.9698,0.2273,-0.0,0.0,-0.0,0.0,0.0,0.0,-0.0049,-0.0147,-0.0005,37.5031,22.4495,67.2214,0.0,0.0434,-0.3666,0.0,0.0,0.0,2844516.0695,3241203.0767,-5177218.3306,4702.7632,3642.9474,4871.8158,2844478.5665,3241180.6272,-5177285.552,4702.7681,3642.9621,4871.8163,0.0,0.0765,3.9732,0.0,0.0,1.0,0.0,1.0,0.0,0.0,1.172,-23.972,0.0,1.0,0.0,0.0,0.0,-1.0,3.7168416700203952,0.0147648230602334,-0.37277,5.4624134021042146,13.145881719738899,,
105.8075,74.554,2.213,2.986,70.607,1.751,2.916,-0.003,-0.013,0.007,-0.003,-0.013,0.007,-25.305,-1.475,-7.678,-0.0,0.0,-0.0,-0.0,0.0,-0.0,851.33,-0.0,0.0,-0.0,0.0,0.0,0.0,0.0,0.0,-0.3193,0.8865,-0.335,0.9463,0.2796,-0.1622,-0.0501,-0.3688,-0.9281,0.676,0.226,-0.7014,-0.7316,0.0917,-0.6755,-0.0884,0.9698,0.2273,-0.0,0.0,-0.0,0.0,0.0,0.0,-0.0049,-0.0147,-0.0005,37.502,22.4465,67.2213,0.0,0.0434,-0.3666,0.0,0.0,0.0,2845497.9824,3241963.6762,-5176200.8888,4701.9891,3642.0654,4873.2243,2845460.4804,3241941.2297,-5176268.1101,4701.994,3642.0801,4873.2248,0.0,0.0765,3.9732,0.0,0.0,1.0,0.0,1.0,0.0,0.0,1.172,-23.972,0.0,1.0,0.0,0.0,0.0,-1.0,3.7166604633729996,0.0147648230602334,-0.37277,5.46343520486374,13.145881719738899,,
106.0149,74.553,2.211,2.987,70.607,1.748,2.918,-0.003,-0.013,0.007,-0.003,-0.013,0.007,-25.305,-1.475,-7.678,-0.0,0.0,-0.0,-0.0,0.0,-0.0,851.33,-0.0,0.0,-0.0,0.0,0.0,0.0,0.0,0.0,-0.3193,0.8865,-0.335,0.9463,0.2796,-0.1622,-0.0501,-0.3688,-0.9281,0.676,0.226,-0.7014,-0.7316,0.0917,-0.6755,-0.0884,0.9698,0.2273,-0.0,0.0,-0.0,0.0,0.0,0.0,-0.0049,-0.0147,-0.0005,37.501,22.4434,67.2212,0.0,0.0434,-0.3666,0.0,0.0,0.0,2846480.4744,3242724.6649,-5175182.3866,4701.2142,3641.1826,4874.6336,2846442.9734,3242702.2215,-5175249.6078,4701.2191,3641.1973,4874.6341,0.0,0.0765,3.9732,0.0,0.0,1.0,0.0,1.0,0.0,0.0,1.172,-23.972,0.0,1.0,0.0,0.0,0.0,-1.0,3.7162736713003253,0.0147648230602334,-0.372765,5.484875238659475,13.145705392758188,,
106.2155,74.552,2.208,2.989,70.606,1.746,2.919,-0.003,-0.013,0.007,-0.003,-0.013,0.007,-25.305,-1.475,-7.678,-0.0,0.0,-0.0,-0.0,0.0,-0.0,851.33,-0.0,0.0,-0.0,0.0,0.0,0.0,0.0,0.0,-0.3193,0.8865,-0.335,0.9463,0.2796,-0.1622,-0.0501,-0.3688,-0.9281,0.676,0.226,-0.7014,-0.7316,0.0917,-0.6755,-0.0884,0.9698,0.2273,-0.0,0.0,-0.0,0.0,0.0,0.0,-0.0049,-0.0147,-0.0005,37.5,22.4405,67.2211,0.0,0.0434,-0.3666,0.0,0.0,0.0,2847414.454,3243448.0236,-5174213.7455,4700.4771,3640.343,4875.9732,2847376.9539,3243425.5832,-5174280.9665,4700.4821,3640.3577,4875.9738,0.0,0.0765,3.9732,0.0,0.0,1.0,0.0,1.0,0.0,0.0,1.172,-23.972,0.0,1.0,0.0,0.0,0.0,-1.0,3.716098088048807,0.0147648230602334,-0.37276000000000004,5.46928540879514,13.145529065777483,,
106.4264,74.552,2.205,2.99,70.605,1.743,2.921,-0.003,-0.013,0.007,-0.003,-0.013,0.007,-25.305,-1.475,-7.678,-0.0,0.0,-0.0,-0.0,0.0,-0.0,851.33,-0.0,0.0,-0.0,0.0,0.0,0.0,0.0,0.0,-0.3193,0.8865,-0.335,0.9463,0.2796,-0.1622,-0.0501,-0.3688,-0.9281,0.676,0.226,-0.7014,-0.7316,0.0917,-0.6755,-0.0884,0.9698,0.2273,-0.0,0.0,-0.0,0.0,0.0,0.0,-0.005,-0.0147,-0.0005,37.499,22.4374,67.221,0.0,0.0434,-0.3666,0.0,0.0,0.0,2848397.1452,3244209.0513,-5173194.1347,4699.7013,3639.4592,4877.3827,2848359.6462,3244186.6139,-5173261.3557,4699.7062,3639.474,4877.3833,0.0,0.0765,3.9732,0.0,0.0,1.0,0.0,1.0,0.0,0.0,1.172,-23.972,0.0,1.0,0.0,0.0,0.0,-1.0,3.715121128577102,0.0147648230602334,-0.37276000000000004,5.473631549048114,13.145529065777483,,
106.6291,74.551,2.202,2.992,70.605,1.74,2.922,-0.003,-0.013,0.007,-0.003,-0.013,0.007,-25.305,-1.475,-7.678,-0.0,0.0,-0.0,-0.0,0.0,-0.0,851.33,-0.0,0.0,-0.0,0.0,0.0,0.0,0.0,0.0,-0.3193,0.8865,-0.335,0.9463,0.2796,-0.1622,-0.0501,-0.3688,-0.9281,0.676,0.226,-0.7014,-0.7316,0.0917,-0.6755,-0.0884,0.9698,0.2273,-0.0,0.0,-0.0,0.0,0.0,0.0,-0.005,-0.0148,-0.0006,37.498,22.4344,67.2209,0.0,0.0434,-0.3666,0.0,0.0,0.0,2849359.9878,3244954.6502,-5172194.6683,4698.9407,3638.593,4878.7637,2849322.4899,3244932.2159,-5172261.8892,4698.9456,3638.6078,4878.7643,0.0,0.0765,3.9732,0.0,0.0,1.0,0.0,1.0,0.0,0.0,1.172,-23.972,0.0,1.0,0.0,0.0,0.0,-1.0,3.7149519512370546,0.0147648230602334,-0.372755,5.474314461509098,13.145352738796772,,
106.8352,74.551,2.2,2.993,70.604,1.737,2.924,-0.003,-0.013,0.007,-0.003,-0.013,0.007,-25.305,-1.475,-7.678,-0.0,0.0,-0.0,-0.0,0.0,-0.0,851.33,-0.0,0.0,-0.0,0.0,0.0,0.0,0.0,0.0,-0.3193,0.8865,-0.335,0.9463,0.2796,-0.1622,-0.0501,-0.3688,-0.9281,0.676,0.226,-0.7014,-0.7316,0.0917,-0.6755,-0.0884,0.9698,0.2273,-0.0,0.0,-0.0,0.0,0.0,0.0,-0.005,-0.0148,-0.0006,37.4969,22.4313,67.2208,0.0,0.0434,-0.3666,0.0,0.0,0.0,2850328.4063,3245704.5101,-5171188.963,4698.1753,3637.7214,4880.1527,2850290.9094,3245682.0788,-5171256.1837,4698.1803,3637.7362,4880.1532,0.0,0.0765,3.9732,0.0,0.0,1.0,0.0,1.0,0.0,0.0,1.172,-23.972,0.0,1.0,0.0,0.0,0.0,-1.0,3.7145725191467185,0.0147648230602334,-0.372755,5.49259871232852,13.145352738796772,,
107.0427,74.55,2.197,2.995,70.604,1.735,2.925,-0.003,-0.013,0.007,-0.003,-0.013,0.007,-25.305,-1.475,-7.678,-0.0,0.0,-0.0,-0.0,0.0,-0.0,851.33,-0.0,0.0,-0.0,0.0,0.0,0.0,0.0,0.0,-0.3193,0.8865,-0.335,0.9463,0.2796,-0.1622,-0.0501,-0.3688,-0.9281,0.676,0.226,-0.7014,-0.7316,0.0917,-0.6755,-0.0884,0.9698,0.2273,-0.0,0.0,-0.0,0.0,0.0,0.0,-0.005,-0.0148,-0.0006,37.4959,22.4283,67.2206,0.0,0.0434,-0.3666,0.0,0.0,0.0,2851299.3678,3246456.2808,-5170180.1678,4697.4075,3636.8472,4881.5452,2851261.8719,3246433.8525,-5170247.3885,4697.4126,3636.862,4881.5458,0.0,0.0765,3.9732,0.0,0.0,1.0,0.0,1.0,0.0,0.0,1.172,-23.972,0.0,1.0,0.0,0.0,0.0,-1.0,3.7144089704823835,0.0147648230602334,-0.37274999999999997,5.478591464023781,13.145176411816063,,
107.2443,74.549,2.194,2.996,70.603,1.732,2.927,-0.003,-0.013,0.007,-0.003,-0.013,0.007,-25.305,-1.475,-7.678,-0.0,0.0,-0.0,-0.0,0.0,-0.0,851.33,-0.0,0.0,-0.0,0.0,0.0,0.0,0.0,0.0,-0.3193,0.8865,-0.335,0.9463,0.2796,-0.1622,-0.0501,-0.3688,-0.9281,0.676,0.226,-0.7014,-0.7316,0.0917,-0.6755,-0.0884,0.9698,0.2273,-0.0,0.0,-0.0,0.0,0.0,0.0,-0.005,-0.0148,-0.0006,37.4949,22.4253,67.2205,0.0,0.0434,-0.3666,0.0,0.0,0.0,2852247.5835,3247190.3845,-5169194.5679,4696.6574,3635.9931,4882.9051,2852210.0886,3247167.9593,-5169261.7885,4696.6624,3636.0079,4882.9056,0.0,0.0765,3.9732,0.0,0.0,1.0,0.0,1.0,0.0,0.0,1.172,-23.972,0.0,1.0,0.0,0.0,0.0,-1.0,3.713442069024371,0.0147648230602334,-0.37274500000000005,5.484518156983154,13.145000084835356,,
107.4518,74.549,2.191,2.998,70.602,1.729,2.928,-0.003,-0.013,0.007,-0.003,-0.013,0.007,-25.305,-1.475,-7.678,-0.0,0.0,-0.0,-0.0,0.0,-0.0,851.33,-0.0,0.0,-0.0,0.0,0.0,0.0,0.0,0.0,-0.3193,0.8865,-0.335,0.9463,0.2796,-0.1622,-0.0501,-0.3688,-0.9281,0.676,0.226,-0.7014,-0.7316,0.0917,-0.6755,-0.0884,0.9698,0.2273,-0.0,0.0,-0.0,0.0,0.0,0.0,-0.005,-0.0148,-0.0006,37.4938,22.4222,67.2204,0.0,0.0434,-0.3666,0.0,0.0,0.0,2853223.1778,3247945.6275,-5168180.0564,4695.8852,3635.1141,4884.3042,2853185.6839,3247923.2053,-5168247.2768,4695.8902,3635.1289,4884.3047,0.0,0.0765,3.9732,0.0,0.0,1.0,0.0,1.0,0.0,0.0,1.172,-23.972,0.0,1.0,0.0,0.0,0.0,-1.0,3.7132849338557365,0.0147648230602334,-0.37274500000000005,5.482037238745441,13.145000084835356,,
107.6523,74.548,2.189,2.999,70.602,1.726,2.93,-0.003,-0.013,0.007,-0.003,-0.013,0.007,-25.305,-1.475,-7.678,-0.0,0.0,-0.0,-0.0,0.0,-0.0,851.33,-0.0,0.0,-0.0,0.0,0.0,0.0,0.0,0.0,-0.3193,0.8865,-0.335,0.9463,0.2796,-0.1622,-0.0501,-0.3688,-0.9281,0.676,0.226,-0.7014,-0.7316,0.0917,-0.6755,-0.0884,0.9698,0.2273,-0.0,0.0,-0.0,0.0,0.0,0.0,-0.0051,-0.0148,-0.0006,37.4929,22.4192,67.2203,0.0,0.0434,-0.3666,0.0,0.0,0.0,2854163.1044,3248673.2032,-5167202.2055,4695.1409,3634.2668,4885.6521,2854125.6115,3248650.7839,-5167269.4258,4695.1459,3634.2816,4885.6527,0.0,0.0765,3.9732,0.0,0.0,1.0,0.0,1.0,0.0,0.0,1.172,-23.972,0.0,1.0,0.0,0.0,0.0,-1.0,3.712912872664803,0.0147648230602334,-0.37274,5.503488262925354,13.144823757854647,,
107.8566,74.547,2.186,3.001,70.601,1.724,2.931,-0.003,-0.013,0.007,-0.003,-0.013,0.007,-25.305,-1.475,-7.678,-0.0,0.0,-0.0,-0.0,0.0,-0.0,851.33,-0.0,0.0,-0.0,0.0,0.0,0.0,0.0,0.0,-0.3193,0.8865,-0.335,0.9463,0.2796,-0.1622,-0.0501,-0.3688,-0.9281,0.676,0.226,-0.7014,-0.7316,0.0917,-0.6755,-0.0884,0.9698,0.2273,-0.0,0.0,-0.0,0.0,0.0,0.0,-0.0051,-0.0149,-0.0006,37.4918,22.4162,67.2202,0.0,0.0434,-0.3666,0.0,0.0,0.0,2855118.566,3249412.7487,-5166207.7552,4694.3838,3633.4052,4887.0222,2855081.0742,3249390.3325,-5166274.9754,4694.3889,3633.42,4887.0228,0.0,0.0765,3.9732,0.0,0.0,1.0,0.0,1.0,0.0,0.0,1.172,-23.972,0.0,1.0,0.0,0.0,0.0,-1.0,3.7127613712707146,0.0147648230602334,-0.372735,5.487888747353386,13.144647430873938,,
108.0669,74.547,2.183,3.002,70.6,1.721,2.933,-0.003,-0.013,0.007,-0.003,-0.013,0.007,-25.305,-1.475,-7.678,-0.0,0.0,-0.0,-0.0,0.0,-0.0,851.33,-0.0,0.0,-0.0,0.0,0.0,0.0,0.0,0.0,-0.3193,0.8865,-0.335,0.9463,0.2796,-0.1622,-0.0501,-0.3688,-0.9281,0.676,0.226,-0.7014,-0.7316,0.0917,-0.6755,-0.0884,0.9698,0.2273,-0.0,0.0,-0.0,0.0,0.0,0.0,-0.0051,-0.0149,-0.0006,37.4907,22.4131,67.2201,0.0,0.0434,-0.3666,0.0,0.0,0.0,2856108.5166,3250178.9303,-5165176.9453,4693.5991,3632.5121,4888.4418,2856071.0258,3250156.5172,-5165244.1653,4693.6042,3632.527,4888.4424,0.0,0.0765,3.9732,0.0,0.0,1.0,0.0,1.0,0.0,0.0,1.172,-23.972,0.0,1.0,0.0,0.0,0.0,-1.0,3.711804547656032,0.0147648230602334,-0.372735,5.492250550665914,13.144647430873938,,
108.275,74.546,2.18,3.004,70.6,1.718,2.934,-0.003,-0.014,0.007,-0.003,-0.014,0.007,-25.305,-1.475,-7.678,-0.0,0.0,-0.0,-0.0,0.0,-0.0,851.33,-0.0,0.0,-0.0,0.0,0.0,0.0,0.0,0.0,-0.3193,0.8865,-0.335,0.9463,0.2796,-0.1622,-0.0501,-0.3688,-0.9281,0.676,0.226,-0.7014,-0.7316,0.0917,-0.6755,-0.0884,0.9698,0.2273,-0.0,0.0,-0.0,0.0,0.0,0.0,-0.0051,-0.0149,-0.0006,37.4897,22.41,67.2199,0.0,0.0434,-0.3666,0.0,0.0,0.0,2857089.2857,3250937.9464,-5164155.2298,4692.8212,3631.627,4889.8481,2857051.796,3250915.5364,-5164222.4497,4692.8264,3631.6419,4889.8487,0.0,0.0765,3.9732,0.0,0.0,1.0,0.0,1.0,0.0,0.0,1.172,-23.972,0.0,1.0,0.0,0.0,0.0,-1.0,3.7116594671386545,0.01565247584249853,-0.37273,5.492919605458225,13.144471103893231,,
108.4835,74.545,2.177,3.006,70.599,1.715,2.936,-0.003,-0.014,0.007,-0.003,-0.014,0.007,-25.305,-1.475,-7.679,-0.0,0.0,-0.0,-0.0,0.0,-0.0,851.33,-0.0,0.0,-0.0,0.0,0.0,0.0,0.0,0.0,-0.3193,0.8865,-0.335,0.9463,0.2796,-0.1622,-0.0501,-0.3688,-0.9281,0.676,0.226,-0.7014,-0.7316,0.0917,-0.6755,-0.0884,0.9698,0.2273,-0.0,0.0,-0.0,0.0,0.0,0.0,-0.0051,-0.0149,-0.0006,37.4886,22.4069,67.2198,0.0,0.0434,-0.3666,0.0,0.0,0.0,2858066.3069,3251694.0029,-5163136.9595,4692.046,3630.7449,4891.2491,2858028.8183,3251671.596,-5163204.1793,4692.0511,3630.7598,4891.2496,0.0,0.0765,3.9732,0.0,0.0,1.0,0.0,1.0,0.0,0.0,1.172,-23.972,0.0,1.0,0.0,0.0,0.0,-1.0,3.7115178835619265,0.01565247584249853,-0.37272500000000003,5.495517893099757,13.144294776912522,,
108.6836,74.545,2.175,3.007,70.599,1.712,2.937,-0.003,-0.014,0.007,-0.003,-0.014,0.007,-25.305,-1.475,-7.679,-0.0,0.0,-0.0,-0.0,0.0,-0.0,851.33,-0.0,0.0,-0.0,0.0,0.0,0.0,0.0,0.0,-0.3193,0.8865,-0.335,0.9463,0.2796,-0.1622,-0.0501,-0.3688,-0.9281,0.676,0.226,-0.7014,-0.7316,0.0917,-0.6755,-0.0884,0.9698,0.2273,-0.0,0.0,-0.0,0.0,0.0,0.0,-0.0052,-0.0149,-0.0006,37.4875,22.4039,67.2197,0.0,0.0434,-0.3666,0.0,0.0,0.0,2859002.5204,3252418.4257,-5162160.7886,4691.3027,3629.8993,4892.5914,2858965.0329,3252396.0218,-5162228.0083,4691.3079,3629.9142,4892.592,0.0,0.0765,3.9732,0.0,0.0,1.0,0.0,1.0,0.0,0.0,1.172,-23.972,0.0,1.0,0.0,0.0,0.0,-1.0,3.7111553457110897,0.01565247584249853,-0.37272500000000003,5.511894219124727,13.144294776912522,,
108.8917,74.544,2.172,3.009,70.598,1.71,2.939,-0.003,-0.014,0.007,-0.003,-0.014,0.007,-25.305,-1.475,-7.679,-0.0,0.0,-0.0,-0.0,0.0,-0.0,851.33,-0.0,0.0,-0.0,0.0,0.0,0.0,0.0,0.0,-0.3193,0.8865,-0.335,0.9463,0.2796,-0.1622,-0.0501,-0.3688,-0.9281,0.676,0.226,-0.7014,-0.7316,0.0917,-0.6755,-0.0884,0.9698,0.2273,-0.0,0.0,-0.0,0.0,0.0,0.0,-0.0052,-0.0149,-0.0006,37.4865,22.4008,67.2196,0.0,0.0434,-0.3666,0.0,0.0,0.0,2859975.1037,3253170.9336,-5161146.2472,4690.5302,3629.0205,4893.9859,2859937.6172,3253148.5328,-5161213.4668,4690.5354,3629.0355,4893.9865,0.0,0.0765,3.9732,0.0,0.0,1.0,0.0,1.0,0.0,0.0,1.172,-23.972,0.0,1.0,0.0,0.0,0.0,-1.0,3.711019401727779,0.01565247584249853,-0.37272,5.499797161741479,13.144118449931813,,
109.1006,74.544,2.169,3.01,70.597,1.707,2.941,-0.003,-0.014,0.007,-0.003,-0.014,0.007,-25.305,-1.475,-7.679,-0.0,0.0,-0.0,-0.0,0.0,-0.0,851.33,-0.0,0.0,-0.0,0.0,0.0,0.0,0.0,0.0,-0.3193,0.8865,-0.335,0.9463,0.2796,-0.1622,-0.0501,-0.3688,-0.9281,0.676,0.226,-0.7014,-0.7316,0.0917,-0.6755,-0.0884,0.9698,0.2273,-0.0,0.0,-0.0,0.0,0.0,0.0,-0.0052,-0.0149,-0.0006,37.4854,22.3977,67.2195,0.0,0.0434,-0.3666,0.0,0.0,0.0,2860958.0419,3253931.3943,-5160120.4396,4689.749,3628.132,4895.3952,2860920.5565,3253908.9966,-5160187.6591,4689.7542,3628.147,4895.3958,0.0,0.0765,3.9732,0.0,0.0,1.0,0.0,1.0,0.0,0.0,1.172,-23.972,0.0,1.0,0.0,0.0,0.0,-1.0,3.710075605698622,0.01565247584249853,-0.37272,5.5041696330894085,13.144118449931813,,
109.3103,74.543,2.166,3.012,70.597,1.704,2.942,-0.003,-0.014,0.007,-0.003,-0.014,0.007,-25.305,-1.475,-7.679,-0.0,0.0,-0.0,-0.0,0.0,-0.0,851.33,-0.0,0.0,-0.0,0.0,0.0,0.0,0.0,0.0,-0.3193,0.8865,-0.335,0.9463,0.2796,-0.1622,-0.0501,-0.3688,-0.9281,0.676,0.226,-0.7014,-0.7316,0.0917,-0.6755,-0.0884,0.9698,0.2273,-0.0,0.0,-0.0,0.0,0.0,0.0,-0.0052,-0.015,-0.0006,37.4843,22.3945,67.2194,0.0,0.0434,-0.3666,0.0,0.0,0.0,2861944.5654,3254694.5684,-5159090.4245,4688.9646,3627.24,4896.8096,2861907.0811,3254672.1739,-5159157.6438,4688.9699,3627.2549,4896.8102,0.0,0.0765,3.9732,0.0,0.0,1.0,0.0,1.0,0.0,0.0,1.172,-23.972,0.0,1.0,0.0,0.0,0.0,-1.0,3.70994609125254,0.01565247584249853,-0.372715,5.504829209157557,13.143942122951106,,
109.5152,74.542,2.163,3.013,70.596,1.701,2.944,-0.003,-0.014,0.007,-0.003,-0.014,0.007,-25.305,-1.475,-7.679,-0.0,0.0,-0.0,-0.0,0.0,-0.0,851.33,-0.0,0.0,-0.0,0.0,0.0,0.0,0.0,0.0,-0.3193,0.8865,-0.335,0.9463,0.2796,-0.1622,-0.0501,-0.3688,-0.9281,0.676,0.226,-0.7014,-0.7316,0.0917,-0.6755,-0.0884,0.9698,0.2273,-0.0,0.0,-0.0,0.0,0.0,0.0,-0.0052,-0.015,-0.0006,37.4833,22.3915,67.2192,0.0,0.0434,-0.3666,0.0,0.0,0.0,2862903.5105,3255436.3507,-5158088.7505,4688.2018,3626.3725,4898.1844,2862866.0273,3255413.9593,-5158155.9697,4688.207,3626.3874,4898.1849,0.0,0.0765,3.9732,0.0,0.0,1.0,0.0,1.0,0.0,0.0,1.172,-23.972,0.0,1.0,0.0,0.0,0.0,-1.0,3.7090076840039035,0.01565247584249853,-0.37271,5.510777191421921,13.143765795970397,,
109.7156,74.542,2.161,3.015,70.595,1.698,2.945,-0.003,-0.014,0.007,-0.003,-0.014,0.007,-25.305,-1.475,-7.679,-0.0,0.0,-0.0,-0.0,0.0,-0.0,851.33,-0.0,0.0,-0.0,0.0,0.0,0.0,0.0,0.0,-0.3193,0.8865,-0.335,0.9463,0.2796,-0.1622,-0.0501,-0.3688,-0.9281,0.676,0.226,-0.7014,-0.7316,0.0917,-0.6755,-0.0884,0.9698,0.2273,-0.0,0.0,-0.0,0.0,0.0,0.0,-0.0052,-0.015,-0.0006,37.4822,22.3885,67.2191,0.0,0.0434,-0.3666,0.0,0.0,0.0,2863842.2076,3256162.4156,-5157107.7956,4687.4547,3625.523,4899.5301,2863804.7254,3256140.0271,-5157175.0147,4687.4599,3625.538,4899.5307,0.0,0.0765,3.9732,0.0,0.0,1.0,0.0,1.0,0.0,0.0,1.172,-23.972,0.0,1.0,0.0,0.0,0.0,-1.0,3.709467077627189,0.01565247584249853,-0.37271,5.522216128097985,13.143765795970397,,
109.9165,74.541,2.158,3.016,70.595,1.696,2.947,-0.003,-0.014,0.007,-0.003,-0.014,0.007,-25.305,-1.475,-7.679,-0.0,0.0,-0.0,-0.0,0.0,-0.0,851.33,-0.0,0.0,-0.0,0.0,0.0,0.0,0.0,0.0,-0.3193,0.8865,-0.335,0.9463,0.2796,-0.1622,-0.0501,-0.3688,-0.9281,0.676,0.226,-0.7014,-0.7316,0.0917,-0.6755,-0.0884,0.9698,0.2273,-0.0,0.0,-0.0,0.0,0.0,0.0,-0.0053,-0.015,-0.0006,37.4811,22.3854,67.219,0.0,0.0434,-0.3666,0.0,0.0,0.0,2864784.0791,3256890.8809,-5156123.0966,4686.7047,3624.6703,4900.8803,2864746.598,3256868.4955,-5156190.3156,4686.7099,3624.6853,4900.8809,0.0,0.0765,3.9732,0.0,0.0,1.0,0.0,1.0,0.0,0.0,1.172,-23.972,0.0,1.0,0.0,0.0,0.0,-1.0,3.708533402842692,0.01565247584249853,-0.372705,5.515061305984443,13.143589468989687,,
110.125,74.54,2.155,3.018,70.594,1.693,2.948,-0.003,-0.014,0.007,-0.003,-0.014,0.007,-25.305,-1.475,-7.679,-0.0,0.0,-0.0,-0.0,0.0,-0.0,851.33,-0.0,0.0,-0.0,0.0,0.0,0.0,0.0,0.0,-0.3193,0.8865,-0.335,0.9463,0.2796,-0.1622,-0.0501,-0.3688,-0.9281,0.676,0.226,-0.7014,-0.7316,0.0917,-0.6755,-0.0884,0.9698,0.2273,-0.0,0.0,-0.0,0.0,0.0,0.0,-0.0053,-0.015,-0.0006,37.48,22.3823,67.2189,0.0,0.0434,-0.3666,0.0,0.0,0.0,2865767.5286,3257651.4452,-5155094.4711,4685.9212,3623.7796,4902.2901,2865730.0486,3257629.0629,-5155161.69,4685.9264,3623.7946,4902.2907,0.0,0.0765,3.9732,0.0,0.0,1.0,0.0,1.0,0.0,0.0,1.172,-23.972,0.0,1.0,0.0,0.0,0.0,-1.0,3.708415969116733,0.01565247584249853,-0.37270000000000003,5.514132133206816,13.143413142008981,,
110.3332,74.54,2.152,3.019,70.593,1.69,2.95,-0.003,-0.014,0.007,-0.003,-0.014,0.007,-25.305,-1.475,-7.679,-0.0,0.0,-0.0,-0.0,0.0,-0.0,851.33,-0.0,0.0,-0.0,0.0,0.0,0.0,0.0,0.0,-0.3193,0.8865,-0.335,0.9463,0.2796,-0.1622,-0.0501,-0.3688,-0.9281,0.676,0.226,-0.7014,-0.7316,0.0917,-0.6755,-0.0884,0.9698,0.2273,-0.0,0.0,-0.0,0.0,0.0,0.0,-0.0053,-0.015,-0.0006,37.4789,22.3792,67.2187,0.0,0.0434,-0.3666,0.0,0.0,0.0,2866736.6772,3258400.8908,-5154080.3483,4685.1487,3622.9015,4903.6794,2866699.1983,3258378.5116,-5154147.567,4685.154,3622.9165,4903.68,0.0,0.0765,3.9732,0.0,0.0,1.0,0.0,1.0,0.0,0.0,1.172,-23.972,0.0,1.0,0.0,0.0,0.0,-1.0,3.7074876938433663,0.01565247584249853,-0.37270000000000003,5.518516017564371,13.143413142008981,,
110.5391,74.539,2.149,3.021,70.593,1.687,2.951,-0.003,-0.014,0.007,-0.003,-0.014,0.007,-25.305,-1.475,-7.679,-0.0,0.0,-0.0,-0.0,0.0,-0.0,851.33,-0.0,0.0,-0.0,0.0,0.0,0.0,0.0,0.0,-0.3193,0.8865,-0.335,0.9463,0.2796,-0.1622,-0.0501,-0.3688,-0.9281,0.676,0.226,-0.7014,-0.7316,0.0917,-0.6755,-0.0884,0.9698,0.2273,-0.0,0.0,-0.0,0.0,0.0,0.0,-0.0053,-0.0151,-0.0006,37.4778,22.3761,67.2186,0.0,0.0434,-0.3666,0.0,0.0,0.0,2867703.0393,3259148.1242,-5153068.685,4684.378,3622.0255,4905.0646,2867665.5615,3259125.7481,-5153135.9036,4684.3833,3622.0406,4905.0652,0.0,0.0765,3.9732,0.0,0.0,1.0,0.0,1.0,0.0,0.0,1.172,-23.972,0.0,1.0,0.0,0.0,0.0,-1.0,3.707376700579535,0.01565247584249853,-0.372695,5.519165524261987,13.14323681502827,,
110.7489,74.538,2.147,3.023,70.592,1.684,2.953,-0.003,-0.014,0.007,-0.003,-0.014,0.007,-25.305,-1.475,-7.679,-0.0,0.0,-0.0,-0.0,0.0,-0.0,851.33,-0.0,0.0,-0.0,0.0,0.0,0.0,0.0,0.0,-0.3193,0.8865,-0.335,0.9463,0.2796,-0.1622,-0.0501,-0.3688,-0.9281,0.676,0.226,-0.7014,-0.7316,0.0917,-0.6755,-0.0884,0.9698,0.2273,-0.0,0.0,-0.0,0.0,0.0,0.0,-0.0053,-0.0151,-0.0006,37.4767,22.3729,67.2185,0.0,0.0434,-0.3666,0.0,0.0,0.0,2868684.7744,3259907.1854,-5152040.4666,4683.5947,3621.1353,4906.4718,2868647.2977,3259884.8125,-5152107.6851,4683.6,3621.1504,4906.4724,0.0,0.0765,3.9732,0.0,0.0,1.0,0.0,1.0,0.0,0.0,1.172,-23.972,0.0,1.0,0.0,0.0,0.0,-1.0,3.707848163018545,0.01565247584249853,-0.37268999999999997,5.535704759664489,13.143060488047562,,
110.9493,74.538,2.144,3.024,70.591,1.681,2.954,-0.003,-0.014,0.007,-0.003,-0.014,0.007,-25.305,-1.475,-7.679,-0.0,0.0,-0.0,-0.0,0.0,-0.0,851.33,-0.0,0.0,-0.0,0.0,0.0,0.0,0.0,0.0,-0.3193,0.8865,-0.335,0.9463,0.2796,-0.1622,-0.0501,-0.3688,-0.9281,0.676,0.226,-0.7014,-0.7316,0.0917,-0.6755,-0.0884,0.9698,0.2273,-0.0,0.0,-0.0,0.0,0.0,0.0,-0.0054,-0.0151,-0.0006,37.4756,22.3699,67.2184,0.0,0.0434,-0.3666,0.0,0.0,0.0,2869621.1723,3260631.1371,-5151059.2964,4682.8471,3620.2859,4907.814,2869583.6967,3260608.7672,-5151126.5148,4682.8525,3620.301,4907.8146,0.0,0.0765,3.9732,0.0,0.0,1.0,0.0,1.0,0.0,0.0,1.172,-23.972,0.0,1.0,0.0,0.0,0.0,-1.0,3.706927568755559,0.01565247584249853,-0.37268999999999997,5.536552122742756,13.143060488047562,,
111.1592,74.537,2.141,3.026,70.591,1.679,2.956,-0.003,-0.014,0.007,-0.003,-0.014,0.007,-25.305,-1.475,-7.679,-0.0,0.0,-0.0,-0.0,0.0,-0.0,851.33,-0.0,0.0,-0.0,0.0,0.0,0.0,0.0,0.0,-0.3193,0.8865,-0.335,0.9463,0.2796,-0.1622,-0.0501,-0.3688,-0.9281,0.676,0.226,-0.7014,-0.7316,0.0917,-0.6755,-0.0884,0.9698,0.2273,-0.0,0.0,-0.0,0.0,0.0,0.0,-0.0054,-0.0151,-0.0006,37.4745,22.3667,67.2182,0.0,0.0434,-0.3666,0.0,0.0,0.0,2870604.3746,3261391.2158,-5150028.6268,4682.0619,3619.3937,4909.2232,2870566.9001,3261368.8491,-5150095.845,4682.0672,3619.4088,4909.2238,0.0,0.0765,3.9732,0.0,0.0,1.0,0.0,1.0,0.0,0.0,1.172,-23.972,0.0,1.0,0.0,0.0,0.0,-1.0,3.706825730999503,0.01565247584249853,-0.37268500000000004,5.526047747246569,13.142884161066855,,
111.3671,74.536,2.138,3.027,70.59,1.676,2.958,-0.003,-0.014,0.007,-0.003,-0.014,0.007,-25.305,-1.475,-7.679,-0.0,0.0,-0.0,-0.0,0.0,-0.0,851.33,-0.0,0.0,-0.0,0.0,0.0,0.0,0.0,0.0,-0.3193,0.8865,-0.335,0.9463,0.2796,-0.1622,-0.0501,-0.3688,-0.9281,0.676,0.226,-0.7014,-0.7316,0.0917,-0.6755,-0.0884,0.9698,0.2273,-0.0,0.0,-0.0,0.0,0.0,0.0,-0.0054,-0.0151,-0.0006,37.4734,22.3636,67.2181,0.0,0.0434,-0.3666,0.0,0.0,0.0,2871580.0521,3262145.4182,-5149005.3819,4681.2822,3618.5079,4910.6216,2871542.5787,3262123.0546,-5149072.6,4681.2876,3618.523,4910.6222,0.0,0.0765,3.9732,0.0,0.0,1.0,0.0,1.0,0.0,0.0,1.172,-23.972,0.0,1.0,0.0,0.0,0.0,-1.0,3.705910549379194,0.01565247584249853,-0.37268,5.532013388941807,13.142707834086146,,
111.5685,74.536,2.135,3.029,70.589,1.673,2.959,-0.003,-0.014,0.007,-0.003,-0.014,0.007,-25.305,-1.475,-7.679,-0.0,0.0,-0.0,-0.0,0.0,-0.0,851.33,-0.0,0.0,-0.0,0.0,0.0,0.0,0.0,0.0,-0.3193,0.8865,-0.335,0.9463,0.2796,-0.1622,-0.0501,-0.3688,-0.9281,0.676,0.226,-0.7014,-0.7316,0.0917,-0.6755,-0.0884,0.9698,0.2273,-0.0,0.0,-0.0,0.0,0.0,0.0,-0.0054,-0.0151,-0.0006,37.4723,22.3605,67.218,0.0,0.0434,-0.3666,0.0,0.0,0.0,2872521.4628,3262873.0764,-5148017.6361,4680.5295,3617.6529,4911.9708,2872483.9905,3262850.7159,-5148084.8541,4680.5349,3617.6681,4911.9714,0.0,0.0765,3.9732,0.0,0.0,1.0,0.0,1.0,0.0,0.0,1.172,-23.972,0.0,1.0,0.0,0.0,0.0,-1.0,3.7058151599884197,0.01565247584249853,-0.37268,5.529500492874992,13.142707834086146,,
111.7696,74.535,2.132,3.03,70.589,1.67,2.961,-0.003,-0.014,0.007,-0.003,-0.014,0.007,-25.305,-1.475,-7.679,-0.0,0.0,-0.0,-0.0,0.0,-0.0,851.33,-0.0,0.0,-0.0,0.0,0.0,0.0,0.0,0.0,-0.3193,0.8865,-0.335,0.9463,0.2796,-0.1622,-0.0501,-0.3688,-0.9281,0.676,0.226,-0.7014,-0.7316,0.0917,-0.6755,-0.0884,0.9698,0.2273,-0.0,0.0,-0.0,0.0,0.0,0.0,-0.0054,-0.0151,-0.0006,37.4712,22.3575,67.2179,0.0,0.0434,-0.3666,0.0,0.0,0.0,2873458.9141,3263597.6197,-5147033.6163,4679.7797,3616.8012,4913.3143,2873421.4429,3263575.2622,-5147100.8342,4679.7851,3616.8164,4913.3149,0.0,0.0765,3.9732,0.0,0.0,1.0,0.0,1.0,0.0,0.0,1.172,-23.972,0.0,1.0,0.0,0.0,0.0,-1.0,3.7049053969028685,0.01565247584249853,-0.372675,5.5370513830885635,13.142531507105437,,
111.9778,74.534,2.129,3.032,70.588,1.667,2.962,-0.003,-0.014,0.007,-0.003,-0.014,0.007,-25.305,-1.475,-7.679,-0.0,0.0,-0.0,-0.0,0.0,-0.0,851.33,-0.0,0.0,-0.0,0.0,0.0,0.0,0.0,0.0,-0.3193,0.8865,-0.335,0.9463,0.2796,-0.1622,-0.0501,-0.3688,-0.9281,0.676,0.226,-0.7014,-0.7316,0.0917,-0.6755,-0.0884,0.9698,0.2273,-0.0,0.0,-0.0,0.0,0.0,0.0,-0.0055,-0.0152,-0.0006,37.4701,22.3544,67.2177,0.0,0.0434,-0.3666,0.0,0.0,0.0,2874434.3545,3264351.4661,-5146009.2681,4678.999,3615.9147,4914.7122,2874396.8844,3264329.1118,-5146076.4858,4679.0045,3615.9298,4914.7129,0.0,0.0765,3.9732,0.0,0.0,1.0,0.0,1.0,0.0,0.0,1.172,-23.972,0.0,1.0,0.0,0.0,0.0,-1.0,3.704816459691357,0.01565247584249853,-0.37267000000000006,5.536107459883756,13.14235518012473,,
112.1871,74.534,2.127,3.033,70.587,1.664,2.964,-0.003,-0.014,0.007,-0.003,-0.014,0.007,-25.305,-1.475,-7.679,-0.0,0.0,-0.0,-0.0,0.0,-0.0,851.33,-0.0,0.0,-0.0,0.0,0.0,0.0,0.0,0.0,-0.3193,0.8865,-0.335,0.9463,0.2796,-0.1622,-0.0501,-0.3688,-0.9281,0.676,0.226,-0.7014,-0.7316,0.0917,-0.6755,-0.0884,0.9698,0.2273,-0.0,0.0,-0.0,0.0,0.0,0.0,-0.0055,-0.0152,-0.0006,37.4689,22.3512,67.2176,0.0,0.0434,-0.3666,0.0,0.0,0.0,2875415.9015,3265109.9726,-5144978.0385,4678.2131,3615.0222,4916.1189,2875378.4326,3265087.6214,-5145045.2561,4678.2186,3615.0374,4916.1195,0.0,0.0765,3.9732,0.0,0.0,1.0,0.0,1.0,0.0,0.0,1.172,-23.972,0.0,1.0,0.0,0.0,0.0,-1.0,3.7044861991914613,0.01565247584249853,-0.37267000000000006,5.554433010799243,13.14235518012473,,
112.3952,74.533,2.124,3.035,70.587,1.661,2.965,-0.003,-0.014,0.007,-0.003,-0.014,0.007,-25.305,-1.475,-7.679,-0.0,0.0,-0.0,-0.0,0.0,-0.0,851.33,-0.0,0.0,-0.0,0.0,0.0,0.0,0.0,0.0,-0.3193,0.8865,-0.335,0.9463,0.2796,-0.1622,-0.0501,-0.3688,-0.9281,0.676,0.226,-0.7014,-0.7316,0.0917,-0.6755,-0.0884,0.9698,0.2273,-0.0,0.0,-0.0,0.0,0.0,0.0,-0.0055,-0.0152,-0.0006,37.4678,22.348,67.2175,0.0,0.0434,-0.3666,0.0,0.0,0.0,2876390.5093,3265863.0571,-5143953.6387,4677.4324,3614.1356,4917.5155,2876353.0415,3265840.7091,-5144020.8561,4677.4378,3614.1508,4917.5161,0.0,0.0765,3.9732,0.0,0.0,1.0,0.0,1.0,0.0,0.0,1.172,-23.972,0.0,1.0,0.0,0.0,0.0,-1.0,3.7044029208497284,0.01565247584249853,-0.372665,5.555078834217852,13.14217885314402,,
112.6033,74.532,2.121,3.036,70.586,1.658,2.967,-0.003,-0.014,0.007,-0.003,-0.014,0.007,-25.305,-1.475,-7.679,-0.0,0.0,-0.0,-0.0,0.0,-0.0,851.33,-0.0,0.0,-0.0,0.0,0.0,0.0,0.0,0.0,-0.3193,0.8865,-0.335,0.9463,0.2796,-0.1622,-0.0501,-0.3688,-0.9281,0.676,0.226,-0.7014,-0.7316,0.0917,-0.6755,-0.0884,0.9698,0.2273,-0.0,0.0,-0.0,0.0,0.0,0.0,-0.0055,-0.0152,-0.0006,37.4666,22.3448,67.2173,0.0,0.0434,-0.3666,0.0,0.0,0.0,2877364.5316,3266615.6306,-5142929.3899,4676.6517,3613.2493,4918.9113,2877327.065,3266593.2858,-5142996.6072,4676.6572,3613.2645,4918.9119,0.0,0.0765,3.9732,0.0,0.0,1.0,0.0,1.0,0.0,0.0,1.172,-23.972,0.0,1.0,0.0,0.0,0.0,-1.0,3.7035033414322713,0.01565247584249853,-0.37266,5.56104587403614,13.142002526163312,,
112.8118,74.532,2.118,3.038,70.585,1.656,2.968,-0.003,-0.014,0.007,-0.003,-0.014,0.007,-25.305,-1.475,-7.679,-0.0,0.0,-0.0,-0.0,0.0,-0.0,851.33,-0.0,0.0,-0.0,0.0,0.0,0.0,0.0,0.0,-0.3193,0.8865,-0.335,0.9463,0.2796,-0.1622,-0.0501,-0.3688,-0.9281,0.676,0.226,-0.7014,-0.7316,0.0917,-0.6755,-0.0884,0.9698,0.2273,-0.0,0.0,-0.0,0.0,0.0,0.0,-0.0055,-0.0152,-0.0006,37.4655,22.3417,67.2172,0.0,0.0434,-0.3666,0.0,0.0,0.0,2878337.9464,3267367.6756,-5141905.3196,4675.8711,3612.3632,4920.3061,2878300.4809,3267345.3339,-5141972.5368,4675.8766,3612.3784,4920.3067,0.0,0.0765,3.9732,0.0,0.0,1.0,0.0,1.0,0.0,0.0,1.172,-23.972,0.0,1.0,0.0,0.0,0.0,-1.0,3.7034265214798037,0.01565247584249853,-0.37266,5.543845564885477,13.142002526163312,,
113.0197,74.531,2.115,3.039,70.585,1.653,2.97,-0.003,-0.014,0.007,-0.003,-0.014,0.007,-25.305,-1.475,-7.679,-0.0,0.0,-0.0,-0.0,0.0,-0.0,851.33,-0.0,0.0,-0.0,0.0,0.0,0.0,0.0,0.0,-0.3193,0.8865,-0.335,0.9463,0.2796,-0.1622,-0.0501,-0.3688,-0.9281,0.676,0.226,-0.7014,-0.7316,0.0917,-0.6755,-0.0884,0.9698,0.2273,-0.0,0.0,-0.0,0.0,0.0,0.0,-0.0055,-0.0152,-0.0006,37.4644,22.3385,67.2171,0.0,0.0434,-0.3666,0.0,0.0,0.0,2879310.9421,3268119.3375,-5140881.2319,4675.0904,3611.477,4921.7003,2879273.4778,3268096.999,-5140948.449,4675.096,3611.4923,4921.7009,0.0,0.0765,3.9732,0.0,0.0,1.0,0.0,1.0,0.0,0.0,1.172,-23.972,0.0,1.0,0.0,0.0,0.0,-1.0,3.702532376630892,0.01565247584249853,-0.372655,5.551406632764728,13.141826199182605,,
113.2215,74.53,2.112,3.041,70.584,1.65,2.971,-0.003,-0.014,0.007,-0.003,-0.014,0.007,-25.305,-1.475,-7.679,-0.0,0.0,-0.0,-0.0,0.0,-0.0,851.33,-0.0,0.0,-0.0,0.0,0.0,0.0,0.0,0.0,-0.3193,0.8865,-0.335,0.9463,0.2796,-0.1622,-0.0501,-0.3688,-0.9281,0.676,0.226,-0.7014,-0.7316,0.0917,-0.6755,-0.0884,0.9698,0.2273,-0.0,0.0,-0.0,0.0,0.0,0.0,-0.0056,-0.0153,-0.0006,37.4633,22.3354,67.2169,0.0,0.0434,-0.3666,0.0,0.0,0.0,2880256.7181,3268849.9157,-5139885.3473,4674.3312,3610.6154,4923.0554,2880219.2548,3268827.5803,-5139952.5642,4674.3368,3610.6306,4923.0561,0.0,0.0765,3.9732,0.0,0.0,1.0,0.0,1.0,0.0,0.0,1.172,-23.972,0.0,1.0,0.0,0.0,0.0,-1.0,3.702462018711333,0.01565247584249853,-0.37265,5.550453412146368,13.141649872201894,,
113.4315,74.53,2.109,3.043,70.583,1.647,2.973,-0.003,-0.014,0.007,-0.003,-0.014,0.007,-25.305,-1.475,-7.679,-0.0,0.0,-0.0,-0.0,0.0,-0.0,851.33,-0.0,0.0,-0.0,0.0,0.0,0.0,0.0,0.0,-0.3193,0.8865,-0.335,0.9463,0.2796,-0.1622,-0.0501,-0.3688,-0.9281,0.676,0.226,-0.7014,-0.7316,0.0917,-0.6755,-0.0884,0.9698,0.2273,-0.0,0.0,-0.0,0.0,0.0,0.0,-0.0056,-0.0153,-0.0006,37.4621,22.3322,67.2168,0.0,0.0434,-0.3666,0.0,0.0,0.0,2881233.9886,3269604.7636,-5138855.8423,4673.5464,3609.7247,4924.4557,2881196.5265,3269582.4314,-5138923.0591,4673.5519,3609.7399,4924.4563,0.0,0.0765,3.9732,0.0,0.0,1.0,0.0,1.0,0.0,0.0,1.172,-23.972,0.0,1.0,0.0,0.0,0.0,-1.0,3.702395170696937,0.01565247584249853,-0.37265,5.551484795783115,13.141649872201894,,
113.6386,74.529,2.106,3.044,70.583,1.644,2.975,-0.003,-0.014,0.007,-0.003,-0.014,0.007,-25.305,-1.475,-7.679,-0.0,0.0,-0.0,-0.0,0.0,-0.0,851.33,-0.0,0.0,-0.0,0.0,0.0,0.0,0.0,0.0,-0.3193,0.8865,-0.335,0.9463,0.2796,-0.1622,-0.0501,-0.3688,-0.9281,0.676,0.226,-0.7014,-0.7316,0.0917,-0.6755,-0.0884,0.9698,0.2273,-0.0,0.0,-0.0,0.0,0.0,0.0,-0.0056,-0.0153,-0.0007,37.4609,22.329,67.2167,0.0,0.0434,-0.3666,0.0,0.0,0.0,2882204.7137,3270354.4967,-5137832.7733,4672.7664,3608.8396,4925.8465,2882167.2528,3270332.1677,-5137899.99,4672.772,3608.8549,4925.8471,0.0,0.0765,3.9732,0.0,0.0,1.0,0.0,1.0,0.0,0.0,1.172,-23.972,0.0,1.0,0.0,0.0,0.0,-1.0,3.701509421844013,0.01565247584249853,-0.372645,5.5590516717949,13.141473545221185,,
113.8466,74.528,2.103,3.046,70.582,1.641,2.976,-0.003,-0.014,0.007,-0.003,-0.014,0.007,-25.305,-1.475,-7.679,-0.0,0.0,-0.0,-0.0,0.0,-0.0,851.33,-0.0,0.0,-0.0,0.0,0.0,0.0,0.0,0.0,-0.3193,0.8865,-0.335,0.9463,0.2796,-0.1622,-0.0501,-0.3688,-0.9281,0.676,0.226,-0.7014,-0.7316,0.0917,-0.6755,-0.0884,0.9698,0.2273,-0.0,0.0,-0.0,0.0,0.0,0.0,-0.0056,-0.0153,-0.0007,37.4597,22.3259,67.2165,0.0,0.0434,-0.3666,0.0,0.0,0.0,2883174.6699,3271103.5776,-5136810.053,4671.9866,3607.9548,4927.2361,2883137.2101,3271081.2517,-5136877.2696,4671.9922,3607.9701,4927.2368,0.0,0.0765,3.9732,0.0,0.0,1.0,0.0,1.0,0.0,0.0,1.172,-23.972,0.0,1.0,0.0,0.0,0.0,-1.0,3.7014490405785674,0.01565247584249853,-0.37264,5.5580931167653285,13.141297218240478,,
114.0558,74.528,2.1,3.047,70.581,1.638,2.978,-0.003,-0.014,0.007,-0.003,-0.014,0.007,-25.305,-1.475,-7.679,-0.0,0.0,-0.0,-0.0,0.0,-0.0,851.33,-0.0,0.0,-0.0,0.0,0.0,0.0,0.0,0.0,-0.3193,0.8865,-0.335,0.9463,0.2796,-0.1622,-0.0501,-0.3688,-0.9281,0.676,0.226,-0.7014,-0.7316,0.0917,-0.6755,-0.0884,0.9698,0.2273,-0.0,0.0,-0.0,0.0,0.0,0.0,-0.0056,-0.0153,-0.0007,37.4586,22.3227,67.2164,0.0,0.0434,-0.3666,0.0,0.0,0.0,2884148.4029,3271855.5159,-5135782.8907,4671.2034,3607.0663,4928.6312,2884110.9443,3271833.1933,-5135850.1071,4671.209,3607.0816,4928.6318,0.0,0.0765,3.9732,0.0,0.0,1.0,0.0,1.0,0.0,0.0,1.172,-23.972,0.0,1.0,0.0,0.0,0.0,-1.0,3.700568740072261,0.01565247584249853,-0.37264,5.562512516430625,13.141297218240478,,
114.2617,74.527,2.097,3.049,70.581,1.635,2.979,-0.003,-0.014,0.007,-0.003,-0.014,0.007,-25.305,-1.475,-7.679,-0.0,0.0,-0.0,-0.0,0.0,-0.0,851.33,-0.0,0.0,-0.0,0.0,0.0,0.0,0.0,0.0,-0.3193,0.8865,-0.335,0.9463,0.2796,-0.1622,-0.0501,-0.3689,-0.9281,0.676,0.226,-0.7014,-0.7316,0.0917,-0.6755,-0.0884,0.9698,0.2273,-0.0,0.0,-0.0,0.0,0.0,0.0,-0.0057,-0.0153,-0.0007,37.4574,22.3195,67.2163,0.0,0.0434,-0.3666,0.0,0.0,0.0,2885120.7532,3272606.3275,-5134756.725,4670.4209,3606.1786,4930.0242,2885083.2958,3272584.008,-5134823.9412,4670.4265,3606.194,4930.0248,0.0,0.0765,3.9732,0.0,0.0,1.0,0.0,1.0,0.0,0.0,1.172,-23.972,0.0,1.0,0.0,0.0,0.0,-1.0,3.7005148290474392,0.01565247584249853,-0.372635,5.56313063187725,13.141120891259769,,
114.471,74.526,2.094,3.05,70.58,1.632,2.981,-0.003,-0.014,0.007,-0.003,-0.014,0.007,-25.305,-1.475,-7.679,-0.0,0.0,-0.0,-0.0,0.0,-0.0,851.33,-0.0,0.0,-0.0,0.0,0.0,0.0,0.0,0.0,-0.3193,0.8865,-0.335,0.9463,0.2796,-0.1622,-0.0501,-0.3689,-0.9281,0.676,0.226,-0.7014,-0.7316,0.0917,-0.6755,-0.0884,0.9698,0.2273,-0.0,0.0,-0.0,0.0,0.0,0.0,-0.0057,-0.0154,-0.0007,37.4562,22.3163,67.2161,0.0,0.0434,-0.3666,0.0,0.0,0.0,2886090.3086,3273354.9222,-5133733.0479,4669.6402,3605.2932,4931.4131,2886052.8524,3273332.6059,-5133800.264,4669.6459,3605.3086,4931.4138,0.0,0.0765,3.9732,0.0,0.0,1.0,0.0,1.0,0.0,0.0,1.172,-23.972,0.0,1.0,0.0,0.0,0.0,-1.0,3.699639982484782,0.01565247584249853,-0.37262999999999996,5.569123624948271,13.14094456427906,,
114.6791,74.526,2.091,3.052,70.579,1.629,2.982,-0.003,-0.014,0.007,-0.003,-0.014,0.007,-25.305,-1.475,-7.679,-0.0,0.0,-0.0,-0.0,0.0,-0.0,851.33,-0.0,0.0,-0.0,0.0,0.0,0.0,0.0,0.0,-0.3193,0.8865,-0.335,0.9463,0.2795,-0.1622,-0.0501,-0.3689,-0.9281,0.676,0.226,-0.7014,-0.7316,0.0917,-0.6755,-0.0884,0.9698,0.2273,-0.0,0.0,-0.0,0.0,0.0,0.0,-0.0057,-0.0154,-0.0007,37.455,22.3131,67.216,0.0,0.0434,-0.3666,0.0,0.0,0.0,2887067.4195,3274109.2912,-5132700.9284,4668.8531,3604.4005,4932.8129,2887029.9645,3274086.9781,-5132768.1444,4668.8588,3604.4159,4932.8135,0.0,0.0765,3.9732,0.0,0.0,1.0,0.0,1.0,0.0,0.0,1.172,-23.972,0.0,1.0,0.0,0.0,0.0,-1.0,3.6995925451325045,0.01565247584249853,-0.37262999999999996,5.566588415287224,13.14094456427906,,
114.8792,74.525,2.089,3.053,70.579,1.626,2.984,-0.003,-0.014,0.007,-0.003,-0.014,0.007,-25.305,-1.475,-7.679,-0.0,0.0,-0.0,-0.0,0.0,-0.0,851.33,-0.0,0.0,-0.0,0.0,0.0,0.0,0.0,0.0,-0.3193,0.8865,-0.335,0.9463,0.2795,-0.1622,-0.0501,-0.3689,-0.9281,0.676,0.226,-0.7014,-0.7316,0.0917,-0.6755,-0.0884,0.9698,0.2273,-0.0,0.0,-0.0,0.0,0.0,0.0,-0.0057,-0.0154,-0.0007,37.4539,22.31,67.2159,0.0,0.0434,-0.3666,0.0,0.0,0.0,2887998.6932,3274828.2165,-5131716.7922,4668.1025,3603.5494,4934.1469,2887961.2393,3274805.9065,-5131784.008,4668.1083,3603.5648,4934.1476,0.0,0.0765,3.9732,0.0,0.0,1.0,0.0,1.0,0.0,0.0,1.172,-23.972,0.0,1.0,0.0,0.0,0.0,-1.0,3.699287769287488,0.01565247584249853,-0.37262500000000004,5.588087471854304,13.140768237298353,,
115.0792,74.524,2.086,3.055,70.578,1.623,2.985,-0.003,-0.014,0.007,-0.003,-0.014,0.007,-25.305,-1.475,-7.679,-0.0,0.0,-0.0,-0.0,0.0,-0.0,851.33,-0.0,0.0,-0.0,0.0,0.0,0.0,0.0,0.0,-0.3193,0.8865,-0.335,0.9463,0.2795,-0.1622,-0.0501,-0.3689,-0.9281,0.676,0.226,-0.7014,-0.7316,0.0917,-0.6755,-0.0884,0.9698,0.2273,-0.0,0.0,-0.0,0.0,0.0,0.0,-0.0057,-0.0154,-0.0007,37.4527,22.3069,67.2157,0.0,0.0434,-0.3666,0.0,0.0,0.0,2888930.5092,3275547.5066,-5130731.656,4667.3512,3602.6974,4935.4817,2888893.0565,3275525.1996,-5130798.8718,4667.3569,3602.7128,4935.4824,0.0,0.0765,3.9732,0.0,0.0,1.0,0.0,1.0,0.0,0.0,1.172,-23.972,0.0,1.0,0.0,0.0,0.0,-1.0,3.699246004255462,0.01565247584249853,-0.37262,5.587128392546206,13.140591910317644,,
115.2886,74.524,2.083,3.056,70.577,1.62,2.987,-0.003,-0.014,0.007,-0.003,-0.014,0.007,-25.305,-1.475,-7.679,-0.0,0.0,-0.0,-0.0,0.0,-0.0,851.33,-0.0,0.0,-0.0,0.0,0.0,0.0,0.0,0.0,-0.3193,0.8865,-0.335,0.9463,0.2795,-0.1622,-0.0501,-0.3689,-0.9281,0.676,0.226,-0.7014,-0.7316,0.0917,-0.6755,-0.0884,0.9698,0.2273,-0.0,0.0,-0.0,0.0,0.0,0.0,-0.0058,-0.0154,-0.0007,37.4515,22.3037,67.2156,0.0,0.0434,-0.3666,0.0,0.0,0.0,2889906.7648,3276301.042,-5129699.0826,4666.5636,3601.8045,4936.8801,2889869.3133,3276278.7383,-5129766.2982,4666.5693,3601.8199,4936.8807,0.0,0.0765,3.9732,0.0,0.0,1.0,0.0,1.0,0.0,0.0,1.172,-23.972,0.0,1.0,0.0,0.0,0.0,-1.0,3.698381402722007,0.01565247584249853,-0.37262,5.591545669102863,13.140591910317644,,
115.4979,74.523,2.08,3.058,70.577,1.617,2.988,-0.003,-0.014,0.007,-0.003,-0.014,0.007,-25.305,-1.475,-7.679,-0.0,0.0,-0.0,-0.0,0.0,-0.0,851.33,-0.0,0.0,-0.0,0.0,0.0,0.0,0.0,0.0,-0.3193,0.8865,-0.335,0.9463,0.2795,-0.1622,-0.0501,-0.3689,-0.9281,0.676,0.226,-0.7014,-0.7316,0.0917,-0.6755,-0.0884,0.9698,0.2273,-0.0,0.0,-0.0,0.0,0.0,0.0,-0.0058,-0.0154,-0.0007,37.4503,22.3005,67.2154,0.0,0.0434,-0.3666,0.0,0.0,0.0,2890880.377,3277052.4774,-5128668.8421,4665.7777,3600.9136,4938.2746,2890842.9267,3277030.1769,-5128736.0575,4665.7835,3600.929,4938.2753,0.0,0.0765,3.9732,0.0,0.0,1.0,0.0,1.0,0.0,0.0,1.172,-23.972,0.0,1.0,0.0,0.0,0.0,-1.0,3.6983461168473672,0.01565247584249853,-0.372615,5.592166467202859,13.140415583336935,,
115.7061,74.522,2.077,3.059,70.576,1.614,2.99,-0.003,-0.014,0.007,-0.003,-0.014,0.007,-25.305,-1.475,-7.679,-0.0,0.0,-0.0,-0.0,0.0,-0.0,851.33,-0.0,0.0,-0.0,0.0,0.0,0.0,0.0,0.0,-0.3193,0.8865,-0.335,0.9463,0.2795,-0.1622,-0.0501,-0.3689,-0.9281,0.676,0.226,-0.7014,-0.7316,0.0917,-0.6755,-0.0884,0.9698,0.2273,-0.0,0.0,-0.0,0.0,0.0,0.0,-0.0058,-0.0154,-0.0007,37.4491,22.2973,67.2153,0.0,0.0434,-0.3666,0.0,0.0,0.0,2891852.2708,3277802.5275,-5127639.9561,4664.9929,3600.0239,4939.6667,2891814.8217,3277780.2302,-5127707.1713,4664.9987,3600.0394,4939.6673,0.0,0.0765,3.9732,0.0,0.0,1.0,0.0,1.0,0.0,0.0,1.172,-23.972,0.0,1.0,0.0,0.0,0.0,-1.0,3.6974869844260443,0.01565247584249853,-0.37261000000000005,5.598160715227658,13.140239256356228,,
115.9149,74.521,2.074,3.061,70.575,1.611,2.991,-0.003,-0.014,0.007,-0.003,-0.014,0.007,-25.305,-1.475,-7.679,-0.0,0.0,-0.0,-0.0,0.0,-0.0,851.33,-0.0,0.0,-0.0,0.0,0.0,0.0,0.0,0.0,-0.3193,0.8865,-0.335,0.9463,0.2795,-0.1622,-0.0501,-0.3689,-0.9281,0.676,0.226,-0.7014,-0.7316,0.0917,-0.6755,-0.0884,0.9698,0.2273,-0.0,0.0,-0.0,0.0,0.0,0.0,-0.0058,-0.0155,-0.0007,37.4479,22.2941,67.2152,0.0,0.0434,-0.3666,0.0,0.0,0.0,2892826.0551,3278553.9775,-5126608.6019,4664.2061,3599.1322,4941.0614,2892788.6072,3278531.6835,-5126675.817,4664.2119,3599.1476,4941.0621,0.0,0.0765,3.9732,0.0,0.0,1.0,0.0,1.0,0.0,0.0,1.172,-23.972,0.0,1.0,0.0,0.0,0.0,-1.0,3.6974581809670273,0.01565247584249853,-0.372605,5.597195800574027,13.14006292937552,,
116.1237,74.521,2.071,3.063,70.574,1.608,2.993,-0.003,-0.014,0.007,-0.003,-0.014,0.007,-25.305,-1.475,-7.679,-0.0,0.0,-0.0,-0.0,0.0,-0.0,851.33,-0.0,0.0,-0.0,0.0,0.0,0.0,0.0,0.0,-0.3193,0.8865,-0.335,0.9463,0.2795,-0.1622,-0.0501,-0.3689,-0.9281,0.676,0.226,-0.7014,-0.7316,0.0917,-0.6755,-0.0884,0.9698,0.2273,-0.0,0.0,-0.0,0.0,0.0,0.0,-0.0058,-0.0155,-0.0007,37.4467,22.2908,67.215,0.0,0.0434,-0.3666,0.0,0.0,0.0,2893796.641,3279302.9001,-5125580.1734,4663.4215,3598.243,4942.4515,2893759.1942,3279280.6092,-5125647.3884,4663.4273,3598.2585,4942.4521,0.0,0.0765,3.9732,0.0,0.0,1.0,0.0,1.0,0.0,0.0,1.172,-23.972,0.0,1.0,0.0,0.0,0.0,-1.0,3.6974328932382265,0.01565247584249853,-0.372605,5.598225995673087,13.14006292937552,,
116.3242,74.52,2.068,3.064,70.574,1.606,2.995,-0.003,-0.014,0.007,-0.003,-0.014,0.007,-25.305,-1.475,-7.679,-0.0,0.0,-0.0,-0.0,0.0,-0.0,851.33,-0.0,0.0,-0.0,0.0,0.0,0.0,0.0,0.0,-0.3193,0.8865,-0.335,0.9463,0.2795,-0.1622,-0.0501,-0.3689,-0.9281,0.676,0.226,-0.7014,-0.7316,0.0917,-0.6755,-0.0884,0.9698,0.2273,-0.0,0.0,-0.0,0.0,0.0,0.0,-0.0058,-0.0155,-0.0007,37.4455,22.2877,67.2149,0.0,0.0434,-0.3666,0.0,0.0,0.0,2894742.3636,3280032.5808,-5124577.6454,4662.6566,3597.3763,4943.8059,2894704.9181,3280010.2931,-5124644.8603,4662.6624,3597.3918,4943.8066,0.0,0.0765,3.9732,0.0,0.0,1.0,0.0,1.0,0.0,0.0,1.172,-23.972,0.0,1.0,0.0,0.0,0.0,-1.0,3.696582205226877,0.01565247584249853,-0.3726,5.591138394519941,13.139886602394808,,
116.5334,74.519,2.065,3.066,70.573,1.603,2.996,-0.003,-0.014,0.007,-0.003,-0.014,0.007,-25.305,-1.475,-7.679,-0.0,0.0,-0.0,-0.0,0.0,-0.0,851.33,-0.0,0.0,-0.0,0.0,0.0,0.0,0.0,0.0,-0.3193,0.8865,-0.335,0.9463,0.2795,-0.1622,-0.0502,-0.3689,-0.9281,0.676,0.226,-0.7014,-0.7316,0.0917,-0.6755,-0.0884,0.9698,0.2273,-0.0,0.0,-0.0,0.0,0.0,0.0,-0.0059,-0.0155,-0.0007,37.4443,22.2845,67.2147,0.0,0.0434,-0.3666,0.0,0.0,0.0,2895714.2155,3280782.3636,-5123546.9597,4661.8702,3596.4852,4945.1977,2895676.7711,3280760.0791,-5123614.1744,4661.876,3596.5007,4945.1984,0.0,0.0765,3.9732,0.0,0.0,1.0,0.0,1.0,0.0,0.0,1.172,-23.972,0.0,1.0,0.0,0.0,0.0,-1.0,3.696563404028125,0.01565247584249853,-0.372595,5.590159507286635,13.139710275414103,,
116.7335,74.519,2.062,3.067,70.572,1.6,2.998,-0.003,-0.014,0.007,-0.003,-0.014,0.007,-25.305,-1.475,-7.679,-0.0,0.0,-0.0,-0.0,0.0,-0.0,851.33,-0.0,0.0,-0.0,0.0,0.0,0.0,0.0,0.0,-0.3193,0.8865,-0.335,0.9463,0.2795,-0.1622,-0.0502,-0.3689,-0.9281,0.676,0.226,-0.7014,-0.7316,0.0917,-0.6755,-0.0884,0.9698,0.2273,-0.0,0.0,-0.0,0.0,0.0,0.0,-0.0059,-0.0155,-0.0007,37.4431,22.2814,67.2146,0.0,0.0434,-0.3666,0.0,0.0,0.0,2896644.5192,3281500.0362,-5122559.904,4661.117,3595.632,4946.53,2896607.076,3281477.7548,-5122627.1185,4661.1229,3595.6475,4946.5307,0.0,0.0765,3.9732,0.0,0.0,1.0,0.0,1.0,0.0,0.0,1.172,-23.972,0.0,1.0,0.0,0.0,0.0,-1.0,3.6957181981314537,0.01565247584249853,-0.372595,5.594603569945216,13.139710275414103,,
116.9337,74.518,2.059,3.069,70.572,1.597,2.999,-0.003,-0.014,0.007,-0.003,-0.014,0.007,-25.305,-1.475,-7.679,-0.0,0.0,-0.0,-0.0,0.0,-0.0,851.33,-0.0,0.0,-0.0,0.0,0.0,0.0,0.0,0.0,-0.3193,0.8865,-0.335,0.9463,0.2795,-0.1622,-0.0502,-0.3689,-0.9281,0.676,0.226,-0.7014,-0.7316,0.0917,-0.6755,-0.0884,0.9698,0.2273,-0.0,0.0,-0.0,0.0,0.0,0.0,-0.0059,-0.0155,-0.0007,37.442,22.2783,67.2144,0.0,0.0434,-0.3666,0.0,0.0,0.0,2897576.4351,3282218.898,-5121570.7113,4660.3622,3594.7769,4947.8645,2897538.9931,3282196.6198,-5121637.9258,4660.3681,3594.7924,4947.8652,0.0,0.0765,3.9732,0.0,0.0,1.0,0.0,1.0,0.0,0.0,1.172,-23.972,0.0,1.0,0.0,0.0,0.0,-1.0,3.695705886566192,0.01565247584249853,-0.37259,5.595199934411568,13.139533948433392,,
117.1421,74.517,2.056,3.07,70.571,1.594,3.001,-0.003,-0.015,0.007,-0.003,-0.015,0.007,-25.305,-1.475,-7.679,-0.0,0.0,-0.0,-0.0,0.0,-0.0,851.33,-0.0,0.0,-0.0,0.0,0.0,0.0,0.0,0.0,-0.3193,0.8865,-0.335,0.9463,0.2795,-0.1622,-0.0502,-0.3689,-0.9281,0.676,0.226,-0.7014,-0.7316,0.0917,-0.6755,-0.0884,0.9698,0.2273,-0.0,0.0,-0.0,0.0,0.0,0.0,-0.0059,-0.0156,-0.0007,37.4407,22.275,67.2143,0.0,0.0434,-0.3666,0.0,0.0,0.0,2898550.778,3282970.4289,-5120536.0272,4659.5726,3593.8825,4949.2597,2898513.3372,3282948.1539,-5120603.2415,4659.5785,3593.8981,4949.2604,0.0,0.0765,3.9732,0.0,0.0,1.0,0.0,1.0,0.0,0.0,1.172,-23.972,0.0,1.0,0.0,0.0,0.0,-1.0,3.694866168076998,0.01655294535724685,-0.372585,5.601216578424966,13.139357621452683,,
117.3511,74.517,2.053,3.072,70.57,1.591,3.002,-0.003,-0.015,0.007,-0.003,-0.015,0.007,-25.305,-1.475,-7.679,-0.0,0.0,-0.0,-0.0,0.0,-0.0,851.33,-0.0,0.0,-0.0,0.0,0.0,0.0,0.0,0.0,-0.3193,0.8865,-0.335,0.9463,0.2795,-0.1622,-0.0502,-0.3689,-0.9281,0.676,0.226,-0.7014,-0.7316,0.0917,-0.6755,-0.0884,0.9698,0.2273,-0.0,0.0,-0.0,0.0,0.0,0.0,-0.0059,-0.0156,-0.0007,37.4395,22.2718,67.2141,0.0,0.0434,-0.3666,0.0,0.0,0.0,2899524.3091,3283721.274,-5119501.7387,4658.7833,3592.9886,4950.6538,2899486.8697,3283699.0023,-5119568.9528,4658.7892,3593.0041,4950.6545,0.0,0.0765,3.9732,0.0,0.0,1.0,0.0,1.0,0.0,0.0,1.172,-23.972,0.0,1.0,0.0,0.0,0.0,-1.0,3.694860349187774,0.01655294535724685,-0.372585,5.598662086861702,13.139357621452683,,
117.5605,74.516,2.05,3.073,70.569,1.588,3.004,-0.003,-0.015,0.007,-0.003,-0.015,0.007,-25.305,-1.475,-7.679,-0.0,0.0,-0.0,-0.0,0.0,-0.0,851.33,-0.0,0.0,-0.0,0.0,0.0,0.0,0.0,0.0,-0.3193,0.8865,-0.335,0.9463,0.2795,-0.1622,-0.0502,-0.3689,-0.9281,0.676,0.226,-0.7014,-0.7316,0.0917,-0.6755,-0.0884,0.9698,0.2273,-0.0,0.0,-0.0,0.0,0.0,0.0,-0.006,-0.0156,-0.0007,37.4382,22.2685,67.214,0.0,0.0434,-0.3666,0.0,0.0,0.0,2900500.6331,3284474.2133,-5118464.0139,4657.9913,3592.0917,4952.0518,2900463.1948,3284451.9448,-5118531.228,4657.9972,3592.1073,4952.0525,0.0,0.0765,3.9732,0.0,0.0,1.0,0.0,1.0,0.0,0.0,1.172,-23.972,0.0,1.0,0.0,0.0,0.0,-1.0,3.6940261233510516,0.01655294535724685,-0.37258,5.604683045495634,13.139181294471976,,
117.7703,74.515,2.047,3.075,70.569,1.585,3.005,-0.003,-0.015,0.007,-0.003,-0.015,0.007,-25.305,-1.475,-7.679,-0.0,0.0,-0.0,-0.0,0.0,-0.0,851.33,-0.0,0.0,-0.0,0.0,0.0,0.0,0.0,0.0,-0.3193,0.8865,-0.335,0.9463,0.2795,-0.1622,-0.0502,-0.3689,-0.9281,0.676,0.226,-0.7014,-0.7316,0.0917,-0.6755,-0.0884,0.9698,0.2273,-0.0,0.0,-0.0,0.0,0.0,0.0,-0.006,-0.0156,-0.0007,37.437,22.2652,67.2139,0.0,0.0434,-0.3666,0.0,0.0,0.0,2901475.8211,3285226.2169,-5117427.0267,4657.1998,3591.1955,4953.4481,2901438.3841,3285203.9517,-5117494.2406,4657.2058,3591.2111,4953.4488,0.0,0.0765,3.9732,0.0,0.0,1.0,0.0,1.0,0.0,0.0,1.172,-23.972,0.0,1.0,0.0,0.0,0.0,-1.0,3.6940268001193495,0.01655294535724685,-0.372575,5.605273195184207,13.139004967491267,,
117.9717,74.514,2.044,3.076,70.568,1.582,3.007,-0.003,-0.015,0.007,-0.003,-0.015,0.007,-25.305,-1.475,-7.68,-0.0,0.0,-0.0,-0.0,0.0,-0.0,851.33,-0.0,0.0,-0.0,0.0,0.0,0.0,0.0,0.0,-0.3193,0.8865,-0.335,0.9463,0.2795,-0.1622,-0.0502,-0.3689,-0.9281,0.676,0.226,-0.7014,-0.7316,0.0917,-0.6755,-0.0884,0.9698,0.2273,-0.0,0.0,-0.0,0.0,0.0,0.0,-0.006,-0.0156,-0.0007,37.4358,22.2621,67.2137,0.0,0.0434,-0.3666,0.0,0.0,0.0,2902414.2899,3285949.8482,-5116428.6448,4656.4378,3590.3327,4954.7918,2902376.8542,3285927.5861,-5116495.8585,4656.4438,3590.3483,4954.7925,0.0,0.0765,3.9732,0.0,0.0,1.0,0.0,1.0,0.0,0.0,1.172,-23.972,0.0,1.0,0.0,0.0,0.0,-1.0,3.6931980721320645,0.01655294535724685,-0.37256999999999996,5.611296636373272,13.138828640510559,,
118.1725,74.514,2.041,3.078,70.567,1.579,3.008,-0.003,-0.015,0.007,-0.003,-0.015,0.007,-25.305,-1.475,-7.68,-0.0,0.0,-0.0,-0.0,0.0,-0.0,851.33,-0.0,0.0,-0.0,0.0,0.0,0.0,0.0,0.0,-0.3193,0.8865,-0.335,0.9463,0.2795,-0.1622,-0.0502,-0.3689,-0.9281,0.676,0.226,-0.7014,-0.7316,0.0917,-0.6755,-0.0884,0.9698,0.2273,-0.0,0.0,-0.0,0.0,0.0,0.0,-0.006,-0.0156,-0.0007,37.4346,22.2589,67.2136,0.0,0.0434,-0.3666,0.0,0.0,0.0,2903349.867,3286671.1946,-5115432.9062,4655.6777,3589.4722,4956.1313,2903312.4324,3286648.9356,-5115500.1198,4655.6837,3589.4879,4956.132,0.0,0.0765,3.9732,0.0,0.0,1.0,0.0,1.0,0.0,0.0,1.172,-23.972,0.0,1.0,0.0,0.0,0.0,-1.0,3.6932052474781303,0.01655294535724685,-0.37256999999999996,5.608736650808533,13.138828640510559,,
118.3818,74.513,2.038,3.079,70.567,1.576,3.01,-0.004,-0.015,0.007,-0.004,-0.015,0.007,-25.305,-1.475,-7.68,-0.0,0.0,-0.0,-0.0,0.0,-0.0,851.33,-0.0,0.0,-0.0,0.0,0.0,0.0,0.0,0.0,-0.3193,0.8865,-0.335,0.9463,0.2795,-0.1622,-0.0502,-0.3689,-0.9281,0.676,0.226,-0.7014,-0.7316,0.0917,-0.6755,-0.0884,0.9698,0.2273,-0.0,0.0,-0.0,0.0,0.0,0.0,-0.006,-0.0157,-0.0007,37.4333,22.2557,67.2134,0.0,0.0434,-0.3666,0.0,0.0,0.0,2904322.2103,3287420.8299,-5114397.58,4654.8874,3588.5776,4957.5234,2904284.777,3287398.5742,-5114464.7934,4654.8934,3588.5932,4957.5242,0.0,0.0765,3.9732,0.0,0.0,1.0,0.0,1.0,0.0,0.0,1.172,-23.972,0.0,1.0,0.0,0.0,0.0,-1.0,3.6923820224890056,0.01655294535724685,-0.37256500000000004,5.616341660547603,13.138652313529851,,
118.5842,74.512,2.035,3.081,70.566,1.573,3.011,-0.004,-0.015,0.007,-0.004,-0.015,0.007,-25.305,-1.475,-7.68,-0.0,0.0,-0.0,-0.0,0.0,-0.0,851.33,-0.0,0.0,-0.0,0.0,0.0,0.0,0.0,0.0,-0.3193,0.8865,-0.335,0.9463,0.2795,-0.1622,-0.0502,-0.3689,-0.9281,0.676,0.226,-0.7014,-0.7316,0.0917,-0.6755,-0.0884,0.9698,0.2273,-0.0,0.0,-0.0,0.0,0.0,0.0,-0.0061,-0.0157,-0.0007,37.4321,22.2525,67.2133,0.0,0.0434,-0.3666,0.0,0.0,0.0,2905265.8786,3288148.3012,-5113392.3386,4654.1199,3587.709,4958.8745,2905228.4465,3288126.0487,-5113459.5519,4654.126,3587.7247,4958.8752,0.0,0.0765,3.9732,0.0,0.0,1.0,0.0,1.0,0.0,0.0,1.172,-23.972,0.0,1.0,0.0,0.0,0.0,-1.0,3.6923956992716804,0.01655294535724685,-0.37256,5.615348348168225,13.138475986549143,,
118.7938,74.511,2.032,3.082,70.565,1.57,3.013,-0.004,-0.015,0.007,-0.004,-0.015,0.007,-25.305,-1.475,-7.68,-0.0,0.0,-0.0,-0.0,0.0,-0.0,851.33,-0.0,0.0,-0.0,0.0,0.0,0.0,0.0,0.0,-0.3193,0.8865,-0.335,0.9463,0.2795,-0.1622,-0.0502,-0.3689,-0.9281,0.676,0.226,-0.7014,-0.7316,0.0917,-0.6755,-0.0884,0.9698,0.2273,-0.0,0.0,-0.0,0.0,0.0,0.0,-0.0061,-0.0157,-0.0007,37.4308,22.2492,67.2131,0.0,0.0434,-0.3666,0.0,0.0,0.0,2906242.6307,3288901.2174,-5112351.3923,4653.3252,3586.8096,4960.2728,2906205.1999,3288878.9682,-5112418.6054,4653.3313,3586.8253,4960.2735,0.0,0.0765,3.9732,0.0,0.0,1.0,0.0,1.0,0.0,0.0,1.172,-23.972,0.0,1.0,0.0,0.0,0.0,-1.0,3.6915779823809762,0.01655294535724685,-0.37255499999999997,5.621378562385486,13.138299659568434,,
118.9943,74.511,2.029,3.084,70.564,1.567,3.014,-0.004,-0.015,0.007,-0.004,-0.015,0.007,-25.306,-1.475,-7.68,-0.0,0.0,-0.0,-0.0,0.0,-0.0,851.33,-0.0,0.0,-0.0,0.0,0.0,0.0,0.0,0.0,-0.3193,0.8865,-0.335,0.9463,0.2795,-0.1622,-0.0502,-0.3689,-0.9281,0.676,0.226,-0.7014,-0.7316,0.0917,-0.6755,-0.0884,0.9698,0.2273,-0.0,0.0,-0.0,0.0,0.0,0.0,-0.0061,-0.0157,-0.0007,37.4296,22.2461,67.213,0.0,0.0434,-0.3666,0.0,0.0,0.0,2907175.3575,3289620.141,-5111356.9252,4652.566,3585.9504,4961.6081,2907137.9278,3289597.8949,-5111424.1382,4652.5721,3585.9661,4961.6088,0.0,0.0765,3.9732,0.0,0.0,1.0,0.0,1.0,0.0,0.0,1.172,-23.972,0.0,1.0,0.0,0.0,0.0,-1.0,3.691598163397528,0.01655294535724685,-0.37255499999999997,5.61881310324675,13.138299659568434,,
119.2044,74.51,2.026,3.086,70.564,1.564,3.016,-0.004,-0.015,0.007,-0.004,-0.015,0.007,-25.306,-1.475,-7.68,-0.0,0.0,-0.0,-0.0,0.0,-0.0,851.33,-0.0,0.0,-0.0,0.0,0.0,0.0,0.0,0.0,-0.3193,0.8865,-0.335,0.9463,0.2795,-0.1622,-0.0502,-0.3689,-0.9281,0.676,0.226,-0.7014,-0.7316,0.0917,-0.6755,-0.0884,0.9698,0.2273,-0.0,0.0,-0.0,0.0,0.0,0.0,-0.0061,-0.0157,-0.0007,37.4283,22.2428,67.2128,0.0,0.0434,-0.3666,0.0,0.0,0.0,2908151.3237,3290372.3339,-5110315.8955,4651.7711,3585.051,4963.0052,2908113.8954,3290350.0911,-5110383.1083,4651.7772,3585.0668,4963.0059,0.0,0.0765,3.9732,0.0,0.0,1.0,0.0,1.0,0.0,0.0,1.172,-23.972,0.0,1.0,0.0,0.0,0.0,-1.0,3.691621865792866,0.01655294535724685,-0.37255000000000005,5.622998342480745,13.138123332587726,,
119.4063,74.509,2.023,3.087,70.563,1.561,3.017,-0.004,-0.015,0.007,-0.004,-0.015,0.007,-25.306,-1.475,-7.68,-0.0,0.0,-0.0,-0.0,0.0,-0.0,851.33,-0.0,0.0,-0.0,0.0,0.0,0.0,0.0,0.0,-0.3193,0.8865,-0.335,0.9463,0.2795,-0.1622,-0.0502,-0.3689,-0.9281,0.676,0.226,-0.7014,-0.7316,0.0917,-0.6755,-0.0884,0.9698,0.2273,-0.0,0.0,-0.0,0.0,0.0,0.0,-0.0061,-0.0157,-0.0007,37.4271,22.2396,67.2127,0.0,0.0434,-0.3666,0.0,0.0,0.0,2909084.2416,3291091.2924,-5109320.3445,4651.0109,3584.191,4964.3407,2909046.8145,3291069.0527,-5109387.5572,4651.0171,3584.2067,4964.3414,0.0,0.0765,3.9732,0.0,0.0,1.0,0.0,1.0,0.0,0.0,1.172,-23.972,0.0,1.0,0.0,0.0,0.0,-1.0,3.6908126476427925,0.01655294535724685,-0.372545,5.625425387293751,13.137947005607018,,
119.6135,74.509,2.02,3.089,70.562,1.558,3.019,-0.004,-0.015,0.007,-0.004,-0.015,0.007,-25.306,-1.475,-7.68,-0.0,0.0,-0.0,-0.0,0.0,-0.0,851.33,-0.0,0.0,-0.0,0.0,0.0,0.0,0.0,0.0,-0.3193,0.8865,-0.335,0.9463,0.2795,-0.1622,-0.0502,-0.3689,-0.9281,0.676,0.226,-0.7014,-0.7316,0.0917,-0.6755,-0.0884,0.9698,0.2273,-0.0,0.0,-0.0,0.0,0.0,0.0,-0.0061,-0.0157,-0.0007,37.4258,22.2363,67.2125,0.0,0.0434,-0.3666,0.0,0.0,0.0,2910062.3423,3291845.012,-5108276.115,4650.2136,3583.289,4965.7408,2910024.9165,3291822.7757,-5108343.3276,4650.2197,3583.3047,4965.7415,0.0,0.0765,3.9732,0.0,0.0,1.0,0.0,1.0,0.0,0.0,1.172,-23.972,0.0,1.0,0.0,0.0,0.0,-1.0,3.6908428576681507,0.01655294535724685,-0.372545,5.626464176504154,13.137947005607018,,
119.8136,74.508,2.017,3.09,70.562,1.555,3.02,-0.004,-0.015,0.007,-0.004,-0.015,0.007,-25.306,-1.475,-7.68,-0.0,0.0,-0.0,-0.0,0.0,-0.0,851.33,-0.0,0.0,-0.0,0.0,0.0,0.0,0.0,0.0,-0.3193,0.8865,-0.335,0.9463,0.2795,-0.1622,-0.0502,-0.3689,-0.9281,0.676,0.226,-0.7014,-0.7316,0.0917,-0.6755,-0.0884,0.9698,0.2273,-0.0,0.0,-0.0,0.0,0.0,0.0,-0.0062,-0.0158,-0.0007,37.4246,22.2332,67.2124,0.0,0.0434,-0.3666,0.0,0.0,0.0,2910987.6017,3292557.9568,-5107287.8633,4649.4589,3582.4353,4967.0652,2910950.1771,3292535.7236,-5107355.0756,4649.465,3582.4511,4967.0659,0.0,0.0765,3.9732,0.0,0.0,1.0,0.0,1.0,0.0,0.0,1.172,-23.972,0.0,1.0,0.0,0.0,0.0,-1.0,3.6900391596838102,0.01655294535724685,-0.37254,5.630468819645083,13.137770678626307,,
120.0147,74.507,2.014,3.092,70.561,1.552,3.022,-0.004,-0.015,0.007,-0.004,-0.015,0.007,-25.306,-1.475,-7.68,-0.0,0.0,-0.0,-0.0,0.0,-0.0,851.33,-0.0,0.0,-0.0,0.0,0.0,0.0,0.0,0.0,-0.3193,0.8865,-0.335,0.9463,0.2795,-0.1622,-0.0502,-0.3689,-0.9281,0.676,0.226,-0.7014,-0.7316,0.0917,-0.6755,-0.0884,0.9698,0.2273,-0.0,0.0,-0.0,0.0,0.0,0.0,-0.0062,-0.0158,-0.0008,37.4233,22.23,67.2122,0.0,0.0434,-0.3666,0.0,0.0,0.0,2911918.5464,3293275.228,-5106293.1091,4648.6992,3581.5761,4968.3977,2911881.1231,3293252.998,-5106360.3213,4648.7054,3581.5919,4968.3984,0.0,0.0765,3.9732,0.0,0.0,1.0,0.0,1.0,0.0,0.0,1.172,-23.972,0.0,1.0,0.0,0.0,0.0,-1.0,3.6900758799786217,0.01655294535724685,-0.372535,5.6330769183276,13.137594351645602,,
120.2233,74.506,2.011,3.093,70.56,1.548,3.024,-0.004,-0.015,0.007,-0.004,-0.015,0.007,-25.306,-1.475,-7.68,-0.0,0.0,-0.0,-0.0,0.0,-0.0,851.33,-0.0,0.0,-0.0,0.0,0.0,0.0,0.0,0.0,-0.3193,0.8865,-0.335,0.9463,0.2795,-0.1622,-0.0502,-0.3689,-0.9281,0.676,0.226,-0.7014,-0.7316,0.0917,-0.6755,-0.0884,0.9698,0.2273,-0.0,0.0,-0.0,0.0,0.0,0.0,-0.0062,-0.0158,-0.0008,37.4221,22.2267,67.2121,0.0,0.0434,-0.3666,0.0,0.0,0.0,2912890.0746,3294023.7087,-5105254.5353,4647.906,3580.6791,4969.7882,2912852.6525,3294001.482,-5105321.7473,4647.9122,3580.6949,4969.789,0.0,0.0765,3.9732,0.0,0.0,1.0,0.0,1.0,0.0,0.0,1.172,-23.972,0.0,1.0,0.0,0.0,0.0,-1.0,3.689277707085765,0.01655294535724685,-0.37253000000000003,5.653783615283933,13.13741802466489,,
120.4307,74.506,2.008,3.095,70.559,1.545,3.025,-0.004,-0.015,0.007,-0.004,-0.015,0.007,-25.306,-1.475,-7.68,-0.0,0.0,-0.0,-0.0,0.0,-0.0,851.33,-0.0,0.0,-0.0,0.0,0.0,0.0,0.0,0.0,-0.3193,0.8865,-0.335,0.9463,0.2795,-0.1622,-0.0502,-0.3689,-0.9281,0.676,0.226,-0.7014,-0.7316,0.0917,-0.6755,-0.0884,0.9698,0.2273,-0.0,0.0,-0.0,0.0,0.0,0.0,-0.0062,-0.0158,-0.0008,37.4207,22.2234,67.2119,0.0,0.0434,-0.3666,0.0,0.0,0.0,2913859.0369,3294770.1537,-5104218.2349,4647.1145,3579.7841,4971.1751,2913821.6161,3294747.9303,-5104285.4468,4647.1207,3579.7999,4971.1758,0.0,0.0765,3.9732,0.0,0.0,1.0,0.0,1.0,0.0,0.0,1.172,-23.972,0.0,1.0,0.0,0.0,0.0,-1.0,3.689320940227348,0.01655294535724685,-0.37253000000000003,5.651212631330908,13.13741802466489,,
120.6319,74.505,2.005,3.096,70.559,1.542,3.027,-0.004,-0.015,0.007,-0.004,-0.015,0.007,-25.306,-1.475,-7.68,-0.0,0.0,-0.0,-0.0,0.0,-0.0,851.33,-0.0,0.0,-0.0,0.0,0.0,0.0,0.0,0.0,-0.3193,0.8865,-0.335,0.9463,0.2795,-0.1622,-0.0502,-0.3689,-0.9281,0.676,0.226,-0.7014,-0.7316,0.0917,-0.6755,-0.0884,0.9698,0.2273,-0.0,0.0,-0.0,0.0,0.0,0.0,-0.0062,-0.0158,-0.0008,37.4195,22.2202,67.2117,0.0,0.0434,-0.3666,0.0,0.0,0.0,2914790.2351,3295487.4505,-5103221.8861,4646.3535,3578.9236,4972.5078,2914752.8156,3295465.2303,-5103289.0978,4646.3597,3578.9394,4972.5086,0.0,0.0765,3.9732,0.0,0.0,1.0,0.0,1.0,0.0,0.0,1.172,-23.972,0.0,1.0,0.0,0.0,0.0,-1.0,3.6885282973023266,0.01655294535724685,-0.372525,5.658830302555887,13.137241697684182,,
120.8344,74.504,2.002,3.098,70.558,1.539,3.028,-0.004,-0.015,0.007,-0.004,-0.015,0.007,-25.306,-1.475,-7.68,-0.0,0.0,-0.0,-0.0,0.0,-0.0,851.33,-0.0,0.0,-0.0,0.0,0.0,0.0,0.0,0.0,-0.3193,0.8865,-0.335,0.9463,0.2795,-0.1622,-0.0502,-0.3689,-0.9281,0.676,0.226,-0.7014,-0.7316,0.0917,-0.6755,-0.0884,0.9698,0.2273,-0.0,0.0,-0.0,0.0,0.0,0.0,-0.0063,-0.0158,-0.0008,37.4182,22.217,67.2116,0.0,0.0434,-0.3666,0.0,0.0,0.0,2915729.4814,3296210.8912,-5102216.4898,4645.5855,3578.0554,4973.8521,2915692.0632,3296188.6741,-5102283.7014,4645.5918,3578.0712,4973.8528,0.0,0.0765,3.9732,0.0,0.0,1.0,0.0,1.0,0.0,0.0,1.172,-23.972,0.0,1.0,0.0,0.0,0.0,-1.0,3.688578045805727,0.01655294535724685,-0.37252,5.657829043743429,13.137065370703475,,
121.0399,74.503,1.999,3.099,70.557,1.536,3.03,-0.004,-0.015,0.007,-0.004,-0.015,0.007,-25.306,-1.475,-7.68,-0.0,0.0,-0.0,-0.0,0.0,-0.0,851.33,-0.0,0.0,-0.0,0.0,0.0,0.0,0.0,0.0,-0.3193,0.8865,-0.335,0.9463,0.2795,-0.1622,-0.0502,-0.3689,-0.9281,0.676,0.226,-0.7014,-0.7316,0.0917,-0.6755,-0.0884,0.9698,0.2273,-0.0,0.0,-0.0,0.0,0.0,0.0,-0.0063,-0.0159,-0.0008,37.417,22.2138,67.2114,0.0,0.0434,-0.3666,0.0,0.0,0.0,2916685.8577,3296947.4684,-5101192.3064,4644.8031,3577.1709,4975.2208,2916648.4407,3296925.2547,-5101259.5179,4644.8094,3577.1868,4975.2215,0.0,0.0765,3.9732,0.0,0.0,1.0,0.0,1.0,0.0,0.0,1.172,-23.972,0.0,1.0,0.0,0.0,0.0,-1.0,3.687790937675291,0.01655294535724685,-0.372515,5.663869269191125,13.136889043722766,,
121.2404,74.503,1.996,3.101,70.556,1.533,3.031,-0.004,-0.015,0.007,-0.004,-0.015,0.007,-25.306,-1.475,-7.68,-0.0,0.0,-0.0,-0.0,0.0,-0.0,851.33,-0.0,0.0,-0.0,0.0,0.0,0.0,0.0,0.0,-0.3193,0.8865,-0.335,0.9463,0.2795,-0.1622,-0.0502,-0.3689,-0.9281,0.676,0.226,-0.7014,-0.7316,0.0917,-0.6755,-0.0884,0.9698,0.2273,-0.0,0.0,-0.0,0.0,0.0,0.0,-0.0063,-0.0159,-0.0008,37.4157,22.2106,67.2113,0.0,0.0434,-0.3666,0.0,0.0,0.0,2917620.993,3297667.6304,-5100190.4305,4644.0378,3576.3058,4976.559,2917583.5773,3297645.4198,-5100257.6417,4644.0441,3576.3217,4976.5598,0.0,0.0765,3.9732,0.0,0.0,1.0,0.0,1.0,0.0,0.0,1.172,-23.972,0.0,1.0,0.0,0.0,0.0,-1.0,3.687847203993137,0.01655294535724685,-0.372515,5.661292868595275,13.136889043722766,,
121.4473,74.502,1.993,3.102,70.556,1.53,3.033,-0.004,-0.015,0.007,-0.004,-0.015,0.007,-25.306,-1.475,-7.68,-0.0,0.0,-0.0,-0.0,0.0,-0.0,851.33,-0.0,0.0,-0.0,0.0,0.0,0.0,0.0,0.0,-0.3193,0.8865,-0.335,0.9463,0.2795,-0.1622,-0.0502,-0.3689,-0.9281,0.676,0.226,-0.7014,-0.7316,0.0917,-0.6755,-0.0884,0.9698,0.2273,-0.0,0.0,-0.0,0.0,0.0,0.0,-0.0063,-0.0159,-0.0008,37.4144,22.2073,67.2111,0.0,0.0434,-0.3666,0.0,0.0,0.0,2918585.9402,3298410.6926,-5099156.1606,4643.2476,3575.4128,4977.9399,2918548.5258,3298388.4853,-5099223.3717,4643.2539,3575.4287,4977.9407,0.0,0.0765,3.9732,0.0,0.0,1.0,0.0,1.0,0.0,0.0,1.172,-23.972,0.0,1.0,0.0,0.0,0.0,-1.0,3.687065635434227,0.01655294535724685,-0.37250999999999995,5.668916806017787,13.136712716742057,,
121.6494,74.501,1.99,3.104,70.555,1.527,3.034,-0.004,-0.015,0.007,-0.004,-0.015,0.007,-25.306,-1.475,-7.68,-0.0,0.0,-0.0,-0.0,0.0,-0.0,851.33,-0.0,0.0,-0.0,0.0,0.0,0.0,0.0,0.0,-0.3193,0.8865,-0.335,0.9463,0.2795,-0.1622,-0.0502,-0.3689,-0.9281,0.676,0.226,-0.7014,-0.7316,0.0917,-0.6755,-0.0884,0.9698,0.2273,-0.0,0.0,-0.0,0.0,0.0,0.0,-0.0063,-0.0159,-0.0008,37.4131,22.2041,67.211,0.0,0.0434,-0.3666,0.0,0.0,0.0,2919511.7764,3299123.5816,-5098163.3754,4642.4891,3574.5556,4979.2647,2919474.3633,3299101.3775,-5098230.5863,4642.4954,3574.5715,4979.2655,0.0,0.0765,3.9732,0.0,0.0,1.0,0.0,1.0,0.0,0.0,1.172,-23.972,0.0,1.0,0.0,0.0,0.0,-1.0,3.6871284219565776,0.01655294535724685,-0.37250500000000003,5.66790986241313,13.13653638976135,,
121.85,74.501,1.987,3.105,70.554,1.524,3.036,-0.004,-0.015,0.007,-0.004,-0.015,0.007,-25.306,-1.475,-7.68,-0.0,0.0,-0.0,-0.0,0.0,-0.0,851.33,-0.0,0.0,-0.0,0.0,0.0,0.0,0.0,0.0,-0.3193,0.8865,-0.335,0.9463,0.2795,-0.1622,-0.0502,-0.3689,-0.9281,0.676,0.226,-0.7014,-0.7316,0.0917,-0.6755,-0.0884,0.9698,0.2273,-0.0,0.0,-0.0,0.0,0.0,0.0,-0.0063,-0.0159,-0.0008,37.4118,22.2009,67.2108,0.0,0.0434,-0.3666,0.0,0.0,0.0,2920442.1612,3299839.918,-5097165.2834,4641.7265,3573.6939,4980.5961,2920404.7493,3299817.7171,-5097232.4942,4641.7329,3573.7098,4980.5969,0.0,0.0765,3.9732,0.0,0.0,1.0,0.0,1.0,0.0,0.0,1.172,-23.972,0.0,1.0,0.0,0.0,0.0,-1.0,3.6863523976961288,0.01655294535724685,-0.37250500000000003,5.67238546807211,13.13653638976135,,
122.0516,74.5,1.984,3.107,70.553,1.521,3.037,-0.004,-0.015,0.007,-0.004,-0.015,0.007,-25.306,-1.475,-7.68,-0.0,0.0,-0.0,-0.0,0.0,-0.0,851.33,-0.0,0.0,-0.0,0.0,0.0,0.0,0.0,0.0,-0.3193,0.8865,-0.335,0.9463,0.2795,-0.1622,-0.0502,-0.3689,-0.9281,0.676,0.226,-0.7014,-0.7316,0.0917,-0.6755,-0.0884,0.9698,0.2273,-0.0,0.0,-0.0,0.0,0.0,0.0,-0.0064,-0.0159,-0.0008,37.4106,22.1977,67.2106,0.0,0.0434,-0.3666,0.0,0.0,0.0,2921378.1669,3300560.5267,-5096160.7268,4640.9589,3572.8267,4981.9354,2921340.7563,3300538.329,-5096227.9375,4640.9653,3572.8426,4981.9362,0.0,0.0765,3.9732,0.0,0.0,1.0,0.0,1.0,0.0,0.0,1.172,-23.972,0.0,1.0,0.0,0.0,0.0,-1.0,3.686421706750328,0.01655294535724685,-0.3725,5.671374973818724,13.136360062780641,,
122.2528,74.499,1.981,3.108,70.553,1.518,3.039,-0.004,-0.015,0.007,-0.004,-0.015,0.007,-25.306,-1.475,-7.68,-0.0,0.0,-0.0,-0.0,0.0,-0.0,851.33,-0.0,0.0,-0.0,0.0,0.0,0.0,0.0,0.0,-0.3193,0.8865,-0.335,0.9463,0.2795,-0.1622,-0.0502,-0.3689,-0.9281,0.676,0.226,-0.7014,-0.7316,0.0917,-0.6755,-0.0884,0.9698,0.2273,-0.0,0.0,-0.0,0.0,0.0,0.0,-0.0064,-0.0159,-0.0008,37.4093,22.1945,67.2105,0.0,0.0434,-0.3666,0.0,0.0,0.0,2922313.6145,3301280.6505,-5095156.3306,4640.1914,3571.9596,4983.2739,2922276.2052,3301258.4559,-5095223.5411,4640.1978,3571.9756,4983.2747,0.0,0.0765,3.9732,0.0,0.0,1.0,0.0,1.0,0.0,0.0,1.172,-23.972,0.0,1.0,0.0,0.0,0.0,-1.0,3.685651231465072,0.01655294535724685,-0.37249499999999997,5.679005154562954,13.136183735799932,,
122.4579,74.498,1.977,3.11,70.552,1.515,3.04,-0.004,-0.015,0.007,-0.004,-0.015,0.007,-25.306,-1.475,-7.68,-0.0,0.0,-0.0,-0.0,0.0,-0.0,851.33,-0.0,0.0,-0.0,0.0,0.0,0.0,0.0,0.0,-0.3193,0.8865,-0.335,0.9463,0.2795,-0.1622,-0.0502,-0.3689,-0.9281,0.676,0.226,-0.7014,-0.7316,0.0917,-0.6755,-0.0884,0.9698,0.2273,-0.0,0.0,-0.0,0.0,0.0,0.0,-0.0064,-0.016,-0.0008,37.408,22.1912,67.2103,0.0,0.0434,-0.3666,0.0,0.0,0.0,2923269.8004,3302016.6807,-5094129.2209,4639.4066,3571.073,4984.642,2923232.3924,3301994.4895,-5094196.4312,4639.413,3571.0889,4984.6428,0.0,0.0765,3.9732,0.0,0.0,1.0,0.0,1.0,0.0,0.0,1.172,-23.972,0.0,1.0,0.0,0.0,0.0,-1.0,3.685190497111377,0.01655294535724685,-0.37249000000000004,5.664075358739332,13.136007408819225,,
122.6592,74.498,1.974,3.111,70.551,1.512,3.042,-0.004,-0.015,0.007,-0.004,-0.015,0.007,-25.306,-1.475,-7.68,-0.0,0.0,-0.0,-0.0,0.0,-0.0,851.33,-0.0,0.0,-0.0,0.0,0.0,0.0,0.0,0.0,-0.3193,0.8865,-0.335,0.9463,0.2795,-0.1622,-0.0502,-0.3689,-0.9281,0.676,0.226,-0.7014,-0.7316,0.0917,-0.6755,-0.0884,0.9698,0.2273,-0.0,0.0,-0.0,0.0,0.0,0.0,-0.0064,-0.016,-0.0008,37.4067,22.188,67.2102,0.0,0.0434,-0.3666,0.0,0.0,0.0,2924201.1896,3302733.5679,-5093128.3063,4638.6416,3570.209,4985.9746,2924163.7829,3302711.3799,-5093195.5164,4638.6481,3570.225,4985.9754,0.0,0.0765,3.9732,0.0,0.0,1.0,0.0,1.0,0.0,0.0,1.172,-23.972,0.0,1.0,0.0,0.0,0.0,-1.0,3.684426278269115,0.01655294535724685,-0.37249000000000004,5.6685706965091365,13.136007408819225,,
122.8594,74.497,1.971,3.113,70.55,1.509,3.043,-0.004,-0.015,0.007,-0.004,-0.015,0.007,-25.306,-1.475,-7.68,-0.0,0.0,-0.0,-0.0,0.0,-0.0,851.33,-0.0,0.0,-0.0,0.0,0.0,0.0,0.0,0.0,-0.3193,0.8865,-0.335,0.9463,0.2795,-0.1622,-0.0502,-0.3689,-0.9281,0.676,0.226,-0.7014,-0.7316,0.0917,-0.6755,-0.0884,0.9698,0.2273,-0.0,0.0,-0.0,0.0,0.0,0.0,-0.0064,-0.016,-0.0008,37.4054,22.1848,67.21,0.0,0.0434,-0.3666,0.0,0.0,0.0,2925128.2461,3303447.0653,-5092131.6187,4637.8799,3569.3487,4987.301,2925090.8407,3303424.8805,-5092198.8287,4637.8864,3569.3647,4987.3018,0.0,0.0765,3.9732,0.0,0.0,1.0,0.0,1.0,0.0,0.0,1.172,-23.972,0.0,1.0,0.0,0.0,0.0,-1.0,3.6845094653155663,0.01655294535724685,-0.372485,5.667546303149151,13.135831081838516,,
123.0609,74.496,1.968,3.114,70.55,1.506,3.045,-0.004,-0.015,0.007,-0.004,-0.015,0.007,-25.306,-1.475,-7.68,-0.0,0.0,-0.0,-0.0,0.0,-0.0,851.33,-0.0,0.0,-0.0,0.0,0.0,0.0,0.0,0.0,-0.3193,0.8865,-0.335,0.9463,0.2795,-0.1622,-0.0502,-0.3689,-0.9281,0.676,0.226,-0.7014,-0.7316,0.0917,-0.6755,-0.0884,0.9698,0.2273,-0.0,0.0,-0.0,0.0,0.0,0.0,-0.0065,-0.016,-0.0008,37.4041,22.1816,67.2098,0.0,0.0434,-0.3666,0.0,0.0,0.0,2926064.2131,3304167.365,-5091124.9163,4637.1105,3568.4798,4988.6401,2926026.809,3304145.1834,-5091192.1261,4637.117,3568.4958,4988.6409,0.0,0.0765,3.9732,0.0,0.0,1.0,0.0,1.0,0.0,0.0,1.172,-23.972,0.0,1.0,0.0,0.0,0.0,-1.0,3.6837508059042214,0.01655294535724685,-0.37248,5.67518785177364,13.135654754857805,,
123.2614,74.495,1.965,3.116,70.549,1.503,3.046,-0.004,-0.015,0.007,-0.004,-0.015,0.007,-25.306,-1.475,-7.68,-0.0,0.0,-0.0,-0.0,0.0,-0.0,851.33,-0.0,0.0,-0.0,0.0,0.0,0.0,0.0,0.0,-0.3193,0.8865,-0.335,0.9463,0.2795,-0.1622,-0.0502,-0.3689,-0.9281,0.676,0.226,-0.7014,-0.7316,0.0917,-0.6755,-0.0884,0.9698,0.2273,-0.0,0.0,-0.0,0.0,0.0,0.0,-0.0065,-0.016,-0.0008,37.4028,22.1784,67.2097,0.0,0.0434,-0.3666,0.0,0.0,0.0,2926995.7498,3304884.1996,-5090122.5455,4636.3444,3567.6147,4989.9728,2926958.347,3304862.0213,-5090189.7552,4636.3508,3567.6308,4989.9736,0.0,0.0765,3.9732,0.0,0.0,1.0,0.0,1.0,0.0,0.0,1.172,-23.972,0.0,1.0,0.0,0.0,0.0,-1.0,3.6838405231497195,0.01655294535724685,-0.372475,5.674161354616278,13.1354784278771,,
123.4705,74.495,1.962,3.117,70.548,1.5,3.048,-0.004,-0.015,0.007,-0.004,-0.015,0.007,-25.306,-1.475,-7.68,-0.0,0.0,-0.0,-0.0,0.0,-0.0,851.33,-0.0,0.0,-0.0,0.0,0.0,0.0,0.0,0.0,-0.3193,0.8865,-0.335,0.9463,0.2795,-0.1622,-0.0502,-0.3689,-0.9281,0.676,0.226,-0.7014,-0.7316,0.0917,-0.6755,-0.0884,0.9698,0.2273,-0.0,0.0,-0.0,0.0,0.0,0.0,-0.0065,-0.016,-0.0008,37.4015,22.1751,67.2095,0.0,0.0434,-0.3666,0.0,0.0,0.0,2927959.7014,3305625.92,-5089084.8377,4635.5512,3566.7192,4991.3518,2927922.3,3305603.7449,-5089152.0472,4635.5577,3566.7352,4991.3526,0.0,0.0765,3.9732,0.0,0.0,1.0,0.0,1.0,0.0,0.0,1.172,-23.972,0.0,1.0,0.0,0.0,0.0,-1.0,3.6830874276888945,0.01655294535724685,-0.372475,5.678663600860268,13.1354784278771,,
123.6713,74.494,1.959,3.119,70.547,1.497,3.049,-0.004,-0.015,0.007,-0.004,-0.015,0.007,-25.306,-1.475,-7.68,-0.0,0.0,-0.0,-0.0,0.0,-0.0,851.33,-0.0,0.0,-0.0,0.0,0.0,0.0,0.0,0.0,-0.3193,0.8865,-0.335,0.9463,0.2795,-0.1622,-0.0502,-0.3689,-0.9281,0.676,0.226,-0.7014,-0.7316,0.0917,-0.6755,-0.0884,0.9698,0.2273,-0.0,0.0,-0.0,0.0,0.0,0.0,-0.0065,-0.016,-0.0008,37.4001,22.1718,67.2093,0.0,0.0434,-0.3666,0.0,0.0,0.0,2928894.2616,3306344.9682,-5088078.3267,4634.7818,3565.8506,4992.6887,2928856.8615,3306322.7964,-5088145.536,4634.7883,3565.8666,4992.6895,0.0,0.0765,3.9732,0.0,0.0,1.0,0.0,1.0,0.0,0.0,1.172,-23.972,0.0,1.0,0.0,0.0,0.0,-1.0,3.6831836772010167,0.01655294535724685,-0.37247,5.677633577181967,13.13530210089639,,
123.8777,74.493,1.956,3.12,70.547,1.493,3.051,-0.004,-0.015,0.007,-0.004,-0.015,0.007,-25.306,-1.475,-7.68,-0.0,0.0,-0.0,-0.0,0.0,-0.0,851.33,-0.0,0.0,-0.0,0.0,0.0,0.0,0.0,0.0,-0.3193,0.8865,-0.335,0.9463,0.2795,-0.1622,-0.0502,-0.3689,-0.9281,0.676,0.226,-0.7014,-0.7316,0.0917,-0.6755,-0.0884,0.9698,0.2273,-0.0,0.0,-0.0,0.0,0.0,0.0,-0.0065,-0.0161,-0.0008,37.3988,22.1685,67.2092,0.0,0.0434,-0.3666,0.0,0.0,0.0,2929859.1529,3307087.2946,-5087038.6915,4633.987,3564.9535,4994.069,2929821.7541,3307065.1261,-5087105.9007,4633.9936,3564.9695,4994.0698,0.0,0.0765,3.9732,0.0,0.0,1.0,0.0,1.0,0.0,0.0,1.172,-23.972,0.0,1.0,0.0,0.0,0.0,-1.0,3.682436150159294,0.01655294535724685,-0.372465,5.699938424026051,13.13512577391568,,
124.0782,74.492,1.953,3.122,70.546,1.49,3.052,-0.004,-0.015,0.007,-0.004,-0.015,0.007,-25.306,-1.475,-7.68,-0.0,0.0,-0.0,-0.0,0.0,-0.0,851.33,-0.0,0.0,-0.0,0.0,0.0,0.0,0.0,0.0,-0.3193,0.8865,-0.335,0.9463,0.2795,-0.1622,-0.0502,-0.3689,-0.9281,0.676,0.226,-0.7014,-0.7316,0.0917,-0.6755,-0.0884,0.9698,0.2273,-0.0,0.0,-0.0,0.0,0.0,0.0,-0.0065,-0.0161,-0.0008,37.3975,22.1653,67.209,0.0,0.0434,-0.3666,0.0,0.0,0.0,2930787.2921,3307801.2897,-5086038.2179,4633.2222,3564.0902,4995.3966,2930749.8946,3307779.1244,-5086105.4269,4633.2287,3564.1063,4995.3975,0.0,0.0765,3.9732,0.0,0.0,1.0,0.0,1.0,0.0,0.0,1.172,-23.972,0.0,1.0,0.0,0.0,0.0,-1.0,3.682538933942179,0.01655294535724685,-0.37246,5.698915001271966,13.134949446934973,,
124.2803,74.492,1.95,3.123,70.545,1.487,3.054,-0.004,-0.015,0.007,-0.004,-0.015,0.007,-25.306,-1.475,-7.68,-0.0,0.0,-0.0,-0.0,0.0,-0.0,851.33,-0.0,0.0,-0.0,0.0,0.0,0.0,0.0,0.0,-0.3193,0.8865,-0.335,0.9463,0.2795,-0.1622,-0.0502,-0.3689,-0.9281,0.676,0.226,-0.7014,-0.7316,0.0917,-0.6755,-0.0884,0.9698,0.2273,-0.0,0.0,-0.0,0.0,0.0,0.0,-0.0066,-0.0161,-0.0008,37.3962,22.162,67.2088,0.0,0.0434,-0.3666,0.0,0.0,0.0,2931716.2492,3308515.8594,-5085036.4276,4632.4563,3563.2258,4996.7254,2931678.8531,3308493.6974,-5085103.6365,4632.4628,3563.2419,4996.7263,0.0,0.0765,3.9732,0.0,0.0,1.0,0.0,1.0,0.0,0.0,1.172,-23.972,0.0,1.0,0.0,0.0,0.0,-1.0,3.6817969797369328,0.01655294535724685,-0.37246,5.7034108469476905,13.134949446934973,,
124.4805,74.491,1.947,3.125,70.544,1.484,3.055,-0.004,-0.015,0.007,-0.004,-0.015,0.007,-25.306,-1.475,-7.68,-0.0,0.0,-0.0,-0.0,0.0,-0.0,851.33,-0.0,0.0,-0.0,0.0,0.0,0.0,0.0,0.0,-0.3193,0.8865,-0.335,0.9463,0.2795,-0.1622,-0.0502,-0.3689,-0.9281,0.676,0.226,-0.7014,-0.7316,0.0917,-0.6755,-0.0884,0.9698,0.2273,-0.0,0.0,-0.0,0.0,0.0,0.0,-0.0066,-0.0161,-0.0008,37.3948,22.1588,67.2087,0.0,0.0434,-0.3666,0.0,0.0,0.0,2932642.969,3309228.6527,-5084036.6217,4631.6918,3562.3632,4998.051,2932605.5741,3309206.4939,-5084103.8304,4631.6984,3562.3793,4998.0518,0.0,0.0765,3.9732,0.0,0.0,1.0,0.0,1.0,0.0,0.0,1.172,-23.972,0.0,1.0,0.0,0.0,0.0,-1.0,3.6819062997311596,0.01655294535724685,-0.372455,5.702383912576177,13.134773119954264,,
124.6897,74.49,1.943,3.126,70.544,1.481,3.057,-0.004,-0.015,0.007,-0.004,-0.015,0.007,-25.306,-1.475,-7.68,-0.0,0.0,-0.0,-0.0,0.0,-0.0,851.33,-0.0,0.0,-0.0,0.0,0.0,0.0,0.0,0.0,-0.3193,0.8865,-0.335,0.9463,0.2795,-0.1622,-0.0502,-0.3689,-0.9281,0.676,0.226,-0.7014,-0.7316,0.0917,-0.6755,-0.0884,0.9698,0.2273,-0.0,0.0,-0.0,0.0,0.0,0.0,-0.0066,-0.0161,-0.0008,37.3935,22.1555,67.2085,0.0,0.0434,-0.3666,0.0,0.0,0.0,2933606.1783,3309969.4544,-5082996.9903,4630.8969,3561.4662,4999.4287,2933568.7849,3309947.299,-5083064.1988,4630.9035,3561.4824,4999.4295,0.0,0.0765,3.9732,0.0,0.0,1.0,0.0,1.0,0.0,0.0,1.172,-23.972,0.0,1.0,0.0,0.0,0.0,-1.0,3.6806419277077196,0.01655294535724685,-0.37244999999999995,5.696127522992849,13.134596792973555,,
124.8984,74.489,1.94,3.128,70.543,1.478,3.058,-0.004,-0.015,0.007,-0.004,-0.015,0.007,-25.306,-1.475,-7.68,-0.0,0.0,-0.0,-0.0,0.0,-0.0,851.33,-0.0,0.0,-0.0,0.0,0.0,0.0,0.0,0.0,-0.3193,0.8865,-0.335,0.9463,0.2795,-0.1622,-0.0502,-0.3689,-0.9281,0.676,0.226,-0.7014,-0.7316,0.0917,-0.6755,-0.0884,0.9698,0.2273,-0.0,0.0,-0.0,0.0,0.0,0.0,-0.0066,-0.0161,-0.0008,37.3921,22.1521,67.2083,0.0,0.0434,-0.3666,0.0,0.0,0.0,2934582.0885,3310719.9636,-5081943.1762,4630.0911,3560.5571,5000.8245,2934544.6964,3310697.8116,-5082010.3845,4630.0977,3560.5732,5000.8253,0.0,0.0765,3.9732,0.0,0.0,1.0,0.0,1.0,0.0,0.0,1.172,-23.972,0.0,1.0,0.0,0.0,0.0,-1.0,3.6807586174591784,0.01655294535724685,-0.372445,5.6950902546833575,13.134420465992848,,
125.1069,74.488,1.937,3.129,70.542,1.475,3.06,-0.004,-0.015,0.007,-0.004,-0.015,0.007,-25.306,-1.475,-7.68,-0.0,0.0,-0.0,-0.0,0.0,-0.0,851.33,-0.0,0.0,-0.0,0.0,0.0,0.0,0.0,0.0,-0.3193,0.8865,-0.335,0.9463,0.2795,-0.1622,-0.0502,-0.3689,-0.9281,0.676,0.226,-0.7014,-0.7316,0.0917,-0.6755,-0.0884,0.9698,0.2273,-0.0,0.0,-0.0,0.0,0.0,0.0,-0.0066,-0.0162,-0.0008,37.3907,22.1487,67.2081,0.0,0.0434,-0.3666,0.0,0.0,0.0,2935546.8368,3311461.8288,-5080900.9465,4629.2941,3559.658,5002.2043,2935509.4461,3311439.6801,-5080968.1546,4629.3008,3559.6742,5002.2051,0.0,0.0765,3.9732,0.0,0.0,1.0,0.0,1.0,0.0,0.0,1.172,-23.972,0.0,1.0,0.0,0.0,0.0,-1.0,3.680028532498084,0.01655294535724685,-0.37244,5.701172168096502,13.13424413901214,,
125.3069,74.488,1.934,3.131,70.541,1.472,3.061,-0.004,-0.015,0.007,-0.004,-0.015,0.007,-25.306,-1.475,-7.68,-0.0,0.0,-0.0,-0.0,0.0,-0.0,851.33,-0.0,0.0,-0.0,0.0,0.0,0.0,0.0,0.0,-0.3193,0.8865,-0.335,0.9463,0.2795,-0.1622,-0.0502,-0.3689,-0.9281,0.676,0.226,-0.7014,-0.7316,0.0917,-0.6755,-0.0884,0.9698,0.2273,-0.0,0.0,-0.0,0.0,0.0,0.0,-0.0067,-0.0162,-0.0008,37.3894,22.1454,67.208,0.0,0.0434,-0.3666,0.0,0.0,0.0,2936474.2665,3312174.9407,-5079898.5927,4628.5276,3558.7934,5003.5307,2936436.8771,3312152.7952,-5079965.8007,4628.5343,3558.8095,5003.5315,0.0,0.0765,3.9732,0.0,0.0,1.0,0.0,1.0,0.0,0.0,1.172,-23.972,0.0,1.0,0.0,0.0,0.0,-1.0,3.6801517631749916,0.01655294535724685,-0.37244,5.698564984513009,13.13424413901214,,
125.5157,74.487,1.931,3.132,70.54,1.468,3.063,-0.004,-0.015,0.007,-0.004,-0.015,0.007,-25.306,-1.475,-7.68,-0.0,0.0,-0.0,-0.0,0.0,-0.0,851.33,-0.0,0.0,-0.0,0.0,0.0,0.0,0.0,0.0,-0.3193,0.8865,-0.335,0.9463,0.2795,-0.1622,-0.0502,-0.3689,-0.9281,0.676,0.226,-0.7014,-0.7316,0.0917,-0.6755,-0.0884,0.9698,0.2273,-0.0,0.0,-0.0,0.0,0.0,0.0,-0.0067,-0.0162,-0.0009,37.388,22.1421,67.2078,0.0,0.0434,-0.3666,0.0,0.0,0.0,2937437.6586,3312915.6459,-5078856.915,4627.731,3557.8948,5004.9085,2937400.2706,3312893.5039,-5078924.1228,4627.7376,3557.911,5004.9093,0.0,0.0765,3.9732,0.0,0.0,1.0,0.0,1.0,0.0,0.0,1.172,-23.972,0.0,1.0,0.0,0.0,0.0,-1.0,3.679427265213976,0.01655294535724685,-0.37243499999999996,5.719301458709241,13.13406781203143,,
125.7249,74.486,1.928,3.134,70.54,1.465,3.064,-0.004,-0.015,0.007,-0.004,-0.015,0.007,-25.306,-1.475,-7.68,-0.0,0.0,-0.0,-0.0,0.0,-0.0,851.33,-0.0,0.0,-0.0,0.0,0.0,0.0,0.0,0.0,-0.3193,0.8865,-0.335,0.9463,0.2795,-0.1622,-0.0502,-0.3689,-0.9281,0.676,0.226,-0.7014,-0.7316,0.0917,-0.6755,-0.0884,0.9698,0.2273,-0.0,0.0,-0.0,0.0,0.0,0.0,-0.0067,-0.0162,-0.0009,37.3866,22.1387,67.2076,0.0,0.0434,-0.3666,0.0,0.0,0.0,2938405.5261,3313659.7325,-5077809.926,4626.9302,3556.9918,5006.2926,2938368.1395,3313637.5938,-5077877.1337,4626.9369,3557.008,5006.2935,0.0,0.0765,3.9732,0.0,0.0,1.0,0.0,1.0,0.0,0.0,1.172,-23.972,0.0,1.0,0.0,0.0,0.0,-1.0,3.6795570385577663,0.01655294535724685,-0.37243000000000004,5.719844678352748,13.133891485050723,,
125.9252,74.485,1.924,3.135,70.539,1.462,3.066,-0.004,-0.015,0.007,-0.004,-0.015,0.007,-25.306,-1.475,-7.68,-0.0,0.0,-0.0,-0.0,0.0,-0.0,851.33,-0.0,0.0,-0.0,0.0,0.0,0.0,0.0,0.0,-0.3193,0.8865,-0.335,0.9463,0.2795,-0.1622,-0.0502,-0.3689,-0.9281,0.676,0.226,-0.7014,-0.7316,0.0917,-0.6755,-0.0884,0.9698,0.2273,-0.0,0.0,-0.0,0.0,0.0,0.0,-0.0067,-0.0162,-0.0009,37.3853,22.1355,67.2075,0.0,0.0434,-0.3666,0.0,0.0,0.0,2939330.5721,3314370.8422,-5076808.8195,4626.1645,3556.1283,5007.6155,2939293.1869,3314348.7067,-5076876.0269,4626.1712,3556.1445,5007.6163,0.0,0.0765,3.9732,0.0,0.0,1.0,0.0,1.0,0.0,0.0,1.172,-23.972,0.0,1.0,0.0,0.0,0.0,-1.0,3.6783149674817133,0.01655294535724685,-0.372425,5.712021072193178,13.133715158070014,,
126.135,74.484,1.921,3.137,70.538,1.459,3.067,-0.004,-0.015,0.007,-0.004,-0.015,0.007,-25.306,-1.475,-7.68,-0.0,0.0,-0.0,-0.0,0.0,-0.0,851.33,-0.0,0.0,-0.0,0.0,0.0,0.0,0.0,0.0,-0.3193,0.8865,-0.335,0.9463,0.2795,-0.1622,-0.0502,-0.3689,-0.9281,0.676,0.226,-0.7014,-0.7316,0.0917,-0.6755,-0.0884,0.9698,0.2273,-0.0,0.0,-0.0,0.0,0.0,0.0,-0.0067,-0.0162,-0.0009,37.3839,22.1321,67.2073,0.0,0.0434,-0.3666,0.0,0.0,0.0,2940298.3515,3315114.7434,-5075761.0051,4625.363,3555.2246,5008.9994,2940260.9677,3315092.6113,-5075828.2123,4625.3698,3555.2409,5009.0002,0.0,0.0765,3.9732,0.0,0.0,1.0,0.0,1.0,0.0,0.0,1.172,-23.972,0.0,1.0,0.0,0.0,0.0,-1.0,3.6784521201179174,0.01655294535724685,-0.37242,5.710975866459545,13.133538831089304,,
126.3375,74.484,1.918,3.138,70.537,1.456,3.069,-0.004,-0.016,0.007,-0.004,-0.016,0.007,-25.306,-1.475,-7.68,-0.0,0.0,-0.0,-0.0,0.0,-0.0,851.33,-0.0,0.0,-0.0,0.0,0.0,0.0,0.0,0.0,-0.3193,0.8865,-0.3351,0.9463,0.2795,-0.1622,-0.0502,-0.3689,-0.9281,0.676,0.226,-0.7014,-0.7316,0.0917,-0.6755,-0.0884,0.9698,0.2273,-0.0,0.0,-0.0,0.0,0.0,0.0,-0.0067,-0.0162,-0.0009,37.3825,22.1288,67.2071,0.0,0.0434,-0.3666,0.0,0.0,0.0,2941236.7,3315835.964,-5074744.6084,4624.5856,3554.3481,5010.3412,2941199.3175,3315813.8353,-5074811.8155,4624.5923,3554.3643,5010.342,0.0,0.0765,3.9732,0.0,0.0,1.0,0.0,1.0,0.0,0.0,1.172,-23.972,0.0,1.0,0.0,0.0,0.0,-1.0,3.6777395231310224,0.01746424919657298,-0.37242,5.715501184325778,13.133538831089304,,
126.5388,74.483,1.915,3.14,70.537,1.453,3.07,-0.004,-0.016,0.007,-0.004,-0.016,0.007,-25.306,-1.475,-7.68,-0.0,0.0,-0.0,-0.0,0.0,-0.0,851.33,-0.0,0.0,-0.0,0.0,0.0,0.0,0.0,0.0,-0.3193,0.8865,-0.3351,0.9463,0.2795,-0.1622,-0.0502,-0.3689,-0.9281,0.676,0.226,-0.7014,-0.7316,0.0917,-0.6755,-0.0884,0.9698,0.2273,-0.0,0.0,-0.0,0.0,0.0,0.0,-0.0068,-0.0163,-0.0009,37.3811,22.1255,67.2069,0.0,0.0434,-0.3666,0.0,0.0,0.0,2942164.7294,3316549.1984,-5073738.9491,4623.8163,3553.4809,5011.6682,2942127.3483,3316527.0729,-5073806.156,4623.823,3553.4971,5011.669,0.0,0.0765,3.9732,0.0,0.0,1.0,0.0,1.0,0.0,0.0,1.172,-23.972,0.0,1.0,0.0,0.0,0.0,-1.0,3.677883222724724,0.01746424919657298,-0.372415,5.716026343947964,13.133362504108597,,
126.74,74.482,1.912,3.141,70.536,1.449,3.072,-0.004,-0.016,0.007,-0.004,-0.016,0.007,-25.306,-1.475,-7.681,-0.0,0.0,-0.0,-0.0,0.0,-0.0,851.33,-0.0,0.0,-0.0,0.0,0.0,0.0,0.0,0.0,-0.3193,0.8865,-0.3351,0.9463,0.2795,-0.1622,-0.0502,-0.3689,-0.9281,0.676,0.226,-0.7014,-0.7316,0.0917,-0.6755,-0.0884,0.9698,0.2273,-0.0,0.0,-0.0,0.0,0.0,0.0,-0.0068,-0.0163,-0.0009,37.3798,22.1222,67.2067,0.0,0.0434,-0.3666,0.0,0.0,0.0,2943098.9596,3317267.1418,-5072726.136,4623.0414,3552.6075,5013.004,2943061.5799,3317245.0196,-5072793.3428,4623.0482,3552.6238,5013.0049,0.0,0.0765,3.9732,0.0,0.0,1.0,0.0,1.0,0.0,0.0,1.172,-23.972,0.0,1.0,0.0,0.0,0.0,-1.0,3.6771762263998173,0.01746424919657298,-0.37241,5.736773019577649,13.133186177127888,,
126.9492,74.481,1.909,3.143,70.535,1.446,3.073,-0.004,-0.016,0.007,-0.004,-0.016,0.007,-25.306,-1.475,-7.681,-0.0,0.0,-0.0,-0.0,0.0,-0.0,851.33,-0.0,0.0,-0.0,0.0,0.0,0.0,0.0,0.0,-0.3193,0.8865,-0.3351,0.9463,0.2795,-0.1622,-0.0502,-0.3689,-0.9281,0.676,0.226,-0.7014,-0.7316,0.0917,-0.6755,-0.0884,0.9698,0.2273,-0.0,0.0,-0.0,0.0,0.0,0.0,-0.0068,-0.0163,-0.0009,37.3783,22.1188,67.2066,0.0,0.0434,-0.3666,0.0,0.0,0.0,2944064.422,3318009.0281,-5071678.9992,4622.2403,3551.7046,5014.3844,2944027.0436,3317986.9093,-5071746.2057,4622.2471,3551.7209,5014.3853,0.0,0.0765,3.9732,0.0,0.0,1.0,0.0,1.0,0.0,0.0,1.172,-23.972,0.0,1.0,0.0,0.0,0.0,-1.0,3.677326474492032,0.01746424919657298,-0.372405,5.735730952323842,13.133009850147179,,
127.1589,74.48,1.905,3.144,70.534,1.443,3.075,-0.004,-0.016,0.007,-0.004,-0.016,0.007,-25.306,-1.475,-7.681,-0.0,0.0,-0.0,-0.0,0.0,-0.0,851.33,-0.0,0.0,-0.0,0.0,0.0,0.0,0.0,0.0,-0.3193,0.8864,-0.3351,0.9463,0.2795,-0.1622,-0.0502,-0.3689,-0.9281,0.676,0.226,-0.7014,-0.7316,0.0917,-0.6755,-0.0884,0.9698,0.2273,-0.0,0.0,-0.0,0.0,0.0,0.0,-0.0068,-0.0163,-0.0009,37.3769,22.1154,67.2064,0.0,0.0434,-0.3666,0.0,0.0,0.0,2945034.6172,3318754.4906,-5070626.2563,4621.4349,3550.7969,5015.7716,2944997.2404,3318732.3753,-5070693.4627,4621.4417,3550.8132,5015.7725,0.0,0.0765,3.9732,0.0,0.0,1.0,0.0,1.0,0.0,0.0,1.172,-23.972,0.0,1.0,0.0,0.0,0.0,-1.0,3.676106772116392,0.01746424919657298,-0.3724,5.727918805708134,13.132833523166472,,
127.3677,74.48,1.902,3.146,70.533,1.44,3.076,-0.004,-0.016,0.007,-0.004,-0.016,0.007,-25.306,-1.475,-7.681,-0.0,0.0,-0.0,-0.0,0.0,-0.0,851.33,-0.0,0.0,-0.0,0.0,0.0,0.0,0.0,0.0,-0.3193,0.8864,-0.3351,0.9463,0.2795,-0.1622,-0.0502,-0.3689,-0.9281,0.676,0.226,-0.7014,-0.7316,0.0917,-0.6755,-0.0884,0.9698,0.2273,-0.0,0.0,-0.0,0.0,0.0,0.0,-0.0068,-0.0163,-0.0009,37.3755,22.112,67.2062,0.0,0.0434,-0.3666,0.0,0.0,0.0,2945996.0278,3319493.1435,-5069582.5773,4620.6363,3549.897,5017.1461,2945958.6523,3319471.0315,-5069649.7835,4620.6432,3549.9134,5017.147,0.0,0.0765,3.9732,0.0,0.0,1.0,0.0,1.0,0.0,0.0,1.172,-23.972,0.0,1.0,0.0,0.0,0.0,-1.0,3.6762644083362668,0.01746424919657298,-0.3724,5.725299256933151,13.132833523166472,,
127.5755,74.479,1.899,3.148,70.533,1.436,3.078,-0.004,-0.016,0.007,-0.004,-0.016,0.007,-25.306,-1.475,-7.681,-0.0,0.0,-0.0,-0.0,0.0,-0.0,851.33,-0.0,0.0,-0.0,0.0,0.0,0.0,0.0,0.0,-0.3193,0.8864,-0.3351,0.9463,0.2795,-0.1622,-0.0502,-0.3689,-0.9281,0.676,0.226,-0.7014,-0.7316,0.0917,-0.6755,-0.0884,0.9698,0.2273,-0.0,0.0,-0.0,0.0,0.0,0.0,-0.0069,-0.0163,-0.0009,37.3741,22.1086,67.206,0.0,0.0434,-0.3666,0.0,0.0,0.0,2946960.9608,3320234.4427,-5068534.6059,4619.8344,3548.9935,5018.5257,2946923.5867,3320212.3341,-5068601.8119,4619.8413,3549.0099,5018.5266,0.0,0.0765,3.9732,0.0,0.0,1.0,0.0,1.0,0.0,0.0,1.172,-23.972,0.0,1.0,0.0,0.0,0.0,-1.0,3.6764255738420712,0.01746424919657298,-0.372395,5.7441464803008495,13.132657196185763,,
127.7801,74.478,1.896,3.149,70.532,1.433,3.08,-0.004,-0.016,0.007,-0.004,-0.016,0.007,-25.306,-1.475,-7.681,-0.0,0.0,-0.0,-0.0,0.0,-0.0,851.33,-0.0,0.0,-0.0,0.0,0.0,0.0,0.0,0.0,-0.3193,0.8864,-0.3351,0.9463,0.2795,-0.1622,-0.0502,-0.3689,-0.9281,0.676,0.226,-0.7014,-0.7316,0.0917,-0.6755,-0.0884,0.9698,0.2273,-0.0,0.0,-0.0,0.0,0.0,0.0,-0.0069,-0.0164,-0.0009,37.3727,22.1052,67.2058,0.0,0.0434,-0.3666,0.0,0.0,0.0,2947903.6763,3320958.6156,-5067510.3098,4619.0506,3548.1105,5019.8734,2947866.3036,3320936.5103,-5067577.5156,4619.0575,3548.1268,5019.8743,0.0,0.0765,3.9732,0.0,0.0,1.0,0.0,1.0,0.0,0.0,1.172,-23.972,0.0,1.0,0.0,0.0,0.0,-1.0,3.6757335322354368,0.01746424919657298,-0.37239,5.750240281915656,13.132480869205054,,
127.9832,74.477,1.892,3.151,70.531,1.43,3.081,-0.004,-0.016,0.007,-0.004,-0.016,0.007,-25.306,-1.475,-7.681,-0.0,0.0,-0.0,-0.0,0.0,-0.0,851.33,-0.0,0.0,-0.0,0.0,0.0,0.0,0.0,0.0,-0.3193,0.8864,-0.3351,0.9463,0.2795,-0.1622,-0.0502,-0.3689,-0.9281,0.676,0.226,-0.7014,-0.7316,0.0917,-0.6755,-0.0884,0.9698,0.2273,-0.0,0.0,-0.0,0.0,0.0,0.0,-0.0069,-0.0164,-0.0009,37.3713,22.1019,67.2056,0.0,0.0434,-0.3666,0.0,0.0,0.0,2948839.453,3321677.402,-5066493.1061,4618.2722,3547.2336,5021.2112,2948802.0817,3321655.3,-5066560.3117,4618.2791,3547.25,5021.2121,0.0,0.0765,3.9732,0.0,0.0,1.0,0.0,1.0,0.0,0.0,1.172,-23.972,0.0,1.0,0.0,0.0,0.0,-1.0,3.6753863742469304,0.01746424919657298,-0.372385,5.735283207692175,13.132304542224347,,
128.1845,74.476,1.889,3.152,70.53,1.427,3.083,-0.004,-0.016,0.007,-0.004,-0.016,0.007,-25.306,-1.475,-7.681,-0.0,0.0,-0.0,-0.0,0.0,-0.0,851.33,-0.0,0.0,-0.0,0.0,0.0,0.0,0.0,0.0,-0.3193,0.8864,-0.3351,0.9463,0.2795,-0.1622,-0.0502,-0.3689,-0.9281,0.676,0.226,-0.7014,-0.7316,0.0917,-0.6755,-0.0884,0.9698,0.2273,-0.0,0.0,-0.0,0.0,0.0,0.0,-0.0069,-0.0164,-0.0009,37.3698,22.0986,67.2055,0.0,0.0434,-0.3666,0.0,0.0,0.0,2949770.7932,3322392.7239,-5065480.2894,4617.4971,3546.3605,5022.5426,2949733.4234,3322370.6253,-5065547.4948,4617.504,3546.3769,5022.5435,0.0,0.0765,3.9732,0.0,0.0,1.0,0.0,1.0,0.0,0.0,1.172,-23.972,0.0,1.0,0.0,0.0,0.0,-1.0,3.6747006680816874,0.01746424919657298,-0.37238,5.74138928418862,13.132128215243638,,
128.3938,74.476,1.886,3.154,70.529,1.423,3.084,-0.004,-0.016,0.007,-0.004,-0.016,0.007,-25.306,-1.475,-7.681,-0.0,0.0,-0.0,-0.0,0.0,-0.0,851.33,-0.0,0.0,-0.0,0.0,0.0,0.0,0.0,0.0,-0.3193,0.8864,-0.3351,0.9463,0.2795,-0.1622,-0.0502,-0.3689,-0.9281,0.676,0.226,-0.7014,-0.7316,0.0917,-0.6755,-0.0884,0.9698,0.2273,-0.0,0.0,-0.0,0.0,0.0,0.0,-0.0069,-0.0164,-0.0009,37.3684,22.0952,67.2053,0.0,0.0434,-0.3666,0.0,0.0,0.0,2950740.7327,3323137.6329,-5064425.0286,4616.6895,3545.4509,5023.9291,2950703.3643,3323115.5377,-5064492.2339,4616.6964,3545.4673,5023.93,0.0,0.0765,3.9732,0.0,0.0,1.0,0.0,1.0,0.0,0.0,1.172,-23.972,0.0,1.0,0.0,0.0,0.0,-1.0,3.67487578021353,0.01746424919657298,-0.37238,5.753417118281476,13.132128215243638,,
128.5985,74.475,1.883,3.155,70.529,1.42,3.086,-0.004,-0.016,0.007,-0.004,-0.016,0.007,-25.306,-1.475,-7.681,-0.0,0.0,-0.0,-0.0,0.0,-0.0,851.33,-0.0,0.0,-0.0,0.0,0.0,0.0,0.0,0.0,-0.3193,0.8864,-0.3351,0.9463,0.2795,-0.1622,-0.0502,-0.3689,-0.9281,0.676,0.226,-0.7014,-0.7316,0.0917,-0.6755,-0.0884,0.9698,0.2273,-0.0,0.0,-0.0,0.0,0.0,0.0,-0.007,-0.0164,-0.0009,37.367,22.0919,67.2051,0.0,0.0434,-0.3666,0.0,0.0,0.0,2951674.9225,3323855.029,-5063408.2116,4615.9112,3544.5745,5025.2645,2951637.5555,3323832.9371,-5063475.4167,4615.9182,3544.5909,5025.2654,0.0,0.0765,3.9732,0.0,0.0,1.0,0.0,1.0,0.0,0.0,1.172,-23.972,0.0,1.0,0.0,0.0,0.0,-1.0,3.6741956942982767,0.01746424919657298,-0.37237499999999996,5.761093658498017,13.131951888262929,,
128.8071,74.474,1.879,3.157,70.528,1.417,3.087,-0.004,-0.016,0.007,-0.004,-0.016,0.007,-25.306,-1.475,-7.681,-0.0,0.0,-0.0,-0.0,0.0,-0.0,851.33,-0.0,0.0,-0.0,0.0,0.0,0.0,0.0,0.0,-0.3193,0.8864,-0.3351,0.9463,0.2795,-0.1622,-0.0502,-0.3689,-0.9281,0.676,0.226,-0.7014,-0.7316,0.0917,-0.6755,-0.0884,0.9698,0.2273,-0.0,0.0,-0.0,0.0,0.0,0.0,-0.007,-0.0164,-0.0009,37.3655,22.0884,67.2049,0.0,0.0434,-0.3666,0.0,0.0,0.0,2952643.2829,3324598.6059,-5062353.7373,4615.1041,3543.6657,5026.6486,2952605.9174,3324576.5175,-5062420.9422,4615.1111,3543.6821,5026.6495,0.0,0.0765,3.9732,0.0,0.0,1.0,0.0,1.0,0.0,0.0,1.172,-23.972,0.0,1.0,0.0,0.0,0.0,-1.0,3.673865811376349,0.01746424919657298,-0.37237000000000003,5.746132854344962,13.131775561282222,,
129.0172,74.473,1.876,3.158,70.527,1.414,3.089,-0.004,-0.016,0.007,-0.004,-0.016,0.007,-25.306,-1.475,-7.681,-0.0,0.0,-0.0,-0.0,0.0,-0.0,851.33,-0.0,0.0,-0.0,0.0,0.0,0.0,0.0,0.0,-0.3193,0.8864,-0.3351,0.9463,0.2795,-0.1622,-0.0502,-0.3689,-0.9281,0.676,0.226,-0.7014,-0.7316,0.0917,-0.6755,-0.0884,0.9698,0.2273,-0.0,0.0,-0.0,0.0,0.0,0.0,-0.007,-0.0164,-0.0009,37.3641,22.085,67.2047,0.0,0.0434,-0.3666,0.0,0.0,0.0,2953610.6061,3325341.3261,-5061299.9165,4614.2975,3542.7575,5028.0313,2953573.242,3325319.2412,-5061367.1212,4614.3045,3542.7739,5028.0322,0.0,0.0765,3.9732,0.0,0.0,1.0,0.0,1.0,0.0,0.0,1.172,-23.972,0.0,1.0,0.0,0.0,0.0,-1.0,3.6731920722989697,0.01746424919657298,-0.372365,5.752244937878092,13.131599234301511,,
129.2186,74.472,1.873,3.16,70.526,1.41,3.09,-0.004,-0.016,0.007,-0.004,-0.016,0.007,-25.306,-1.475,-7.681,-0.0,0.0,-0.0,-0.0,0.0,-0.0,851.33,-0.0,0.0,-0.0,0.0,0.0,0.0,0.0,0.0,-0.3193,0.8864,-0.3351,0.9463,0.2795,-0.1622,-0.0502,-0.3689,-0.9281,0.676,0.226,-0.7014,-0.7316,0.0917,-0.6755,-0.0884,0.9698,0.2273,-0.0,0.0,-0.0,0.0,0.0,0.0,-0.007,-0.0165,-0.0009,37.3627,22.0816,67.2045,0.0,0.0434,-0.3666,0.0,0.0,0.0,2954543.2663,3326057.3741,-5060283.4109,4613.5193,3541.8814,5029.3643,2954505.9036,3326035.2925,-5060350.6154,4613.5263,3541.8979,5029.3653,0.0,0.0765,3.9732,0.0,0.0,1.0,0.0,1.0,0.0,0.0,1.172,-23.972,0.0,1.0,0.0,0.0,0.0,-1.0,3.6733811400397864,0.01746424919657298,-0.37235999999999997,5.765836289948335,13.131422907320802,,
129.4273,74.472,1.87,3.161,70.525,1.407,3.092,-0.004,-0.016,0.007,-0.004,-0.016,0.007,-25.306,-1.475,-7.681,-0.0,0.0,-0.0,-0.0,0.0,-0.0,851.33,-0.0,0.0,-0.0,0.0,0.0,0.0,0.0,0.0,-0.3193,0.8864,-0.3351,0.9463,0.2795,-0.1622,-0.0502,-0.3689,-0.9281,0.676,0.226,-0.7014,-0.7316,0.0917,-0.6755,-0.0884,0.9698,0.2273,-0.0,0.0,-0.0,0.0,0.0,0.0,-0.007,-0.0165,-0.0009,37.3612,22.0782,67.2043,0.0,0.0434,-0.3666,0.0,0.0,0.0,2955504.6068,3326795.3826,-5059235.1841,4612.7169,3540.9781,5030.7383,2955467.2456,3326773.3044,-5059302.3884,4612.7239,3540.9946,5030.7393,0.0,0.0765,3.9732,0.0,0.0,1.0,0.0,1.0,0.0,0.0,1.172,-23.972,0.0,1.0,0.0,0.0,0.0,-1.0,3.672713029900376,0.01746424919657298,-0.37235999999999997,5.770373371857903,13.131422907320802,,
129.6275,74.471,1.866,3.163,70.524,1.404,3.093,-0.004,-0.016,0.007,-0.004,-0.016,0.007,-25.306,-1.475,-7.681,-0.0,0.0,-0.0,-0.0,0.0,-0.0,851.33,-0.0,0.0,-0.0,0.0,0.0,0.0,0.0,0.0,-0.3193,0.8864,-0.3351,0.9463,0.2795,-0.1622,-0.0502,-0.3689,-0.9281,0.676,0.226,-0.7014,-0.7316,0.0917,-0.6755,-0.0884,0.9698,0.2273,-0.0,0.0,-0.0,0.0,0.0,0.0,-0.007,-0.0165,-0.0009,37.3598,22.0749,67.2041,0.0,0.0434,-0.3666,0.0,0.0,0.0,2956432.8855,3327507.9531,-5058222.5627,4611.9416,3540.1056,5032.0651,2956395.5258,3327485.8782,-5058289.7668,4611.9487,3540.122,5032.066,0.0,0.0765,3.9732,0.0,0.0,1.0,0.0,1.0,0.0,0.0,1.172,-23.972,0.0,1.0,0.0,0.0,0.0,-1.0,3.672400441128391,0.01746424919657298,-0.372355,5.755411973795531,13.131246580340095,,
129.8378,74.47,1.863,3.164,70.524,1.401,3.095,-0.004,-0.016,0.007,-0.004,-0.016,0.007,-25.306,-1.475,-7.681,-0.0,0.0,-0.0,-0.0,0.0,-0.0,851.33,-0.0,0.0,-0.0,0.0,0.0,0.0,0.0,0.0,-0.3193,0.8864,-0.3351,0.9463,0.2795,-0.1622,-0.0502,-0.3689,-0.9281,0.676,0.226,-0.7014,-0.7316,0.0917,-0.6755,-0.0884,0.9698,0.2273,-0.0,0.0,-0.0,0.0,0.0,0.0,-0.0071,-0.0165,-0.0009,37.3583,22.0714,67.2039,0.0,0.0434,-0.3666,0.0,0.0,0.0,2957398.1613,3328248.8645,-5057169.1171,4611.1351,3539.1978,5033.4446,2957360.803,3328226.7931,-5057236.3211,4611.1422,3539.2143,5033.4455,0.0,0.0765,3.9732,0.0,0.0,1.0,0.0,1.0,0.0,0.0,1.172,-23.972,0.0,1.0,0.0,0.0,0.0,-1.0,3.671738688959224,0.01746424919657298,-0.37235,5.7631023007813855,13.131070253359386,,
130.0386,74.469,1.86,3.166,70.523,1.397,3.096,-0.004,-0.016,0.007,-0.004,-0.016,0.007,-25.306,-1.475,-7.681,-0.0,0.0,-0.0,-0.0,0.0,-0.0,851.33,-0.0,0.0,-0.0,0.0,0.0,0.0,0.0,0.0,-0.3193,0.8864,-0.3351,0.9463,0.2795,-0.1622,-0.0502,-0.3689,-0.9281,0.676,0.226,-0.7014,-0.7316,0.0917,-0.6755,-0.0884,0.9698,0.2273,-0.0,0.0,-0.0,0.0,0.0,0.0,-0.0071,-0.0165,-0.0009,37.3569,22.0681,67.2038,0.0,0.0434,-0.3666,0.0,0.0,0.0,2958320.7838,3328956.98,-5056161.7802,4610.3638,3538.3299,5034.7631,2958283.4269,3328934.9119,-5056228.984,4610.3709,3538.3464,5034.7641,0.0,0.0765,3.9732,0.0,0.0,1.0,0.0,1.0,0.0,0.0,1.172,-23.972,0.0,1.0,0.0,0.0,0.0,-1.0,3.671941720670414,0.01746424919657298,-0.372345,5.776687271906126,13.130893926378677,,
130.2484,74.468,1.857,3.167,70.522,1.394,3.098,-0.004,-0.016,0.007,-0.004,-0.016,0.007,-25.306,-1.475,-7.681,-0.0,0.0,-0.0,-0.0,0.0,-0.0,851.33,-0.0,0.0,-0.0,0.0,0.0,0.0,0.0,0.0,-0.3193,0.8864,-0.3351,0.9463,0.2795,-0.1622,-0.0502,-0.3689,-0.9281,0.676,0.226,-0.7014,-0.7316,0.0917,-0.6755,-0.0884,0.9698,0.2273,-0.0,0.0,-0.0,0.0,0.0,0.0,-0.0071,-0.0165,-0.0009,37.3554,22.0646,67.2036,0.0,0.0434,-0.3666,0.0,0.0,0.0,2959293.3096,3329703.337,-5055099.488,4609.5505,3537.4146,5036.153,2959255.9542,3329681.2723,-5055166.6915,4609.5576,3537.4312,5036.1539,0.0,0.0765,3.9732,0.0,0.0,1.0,0.0,1.0,0.0,0.0,1.172,-23.972,0.0,1.0,0.0,0.0,0.0,-1.0,3.6712856058879426,0.01746424919657298,-0.37234,5.782799200318263,13.13071759939797,,
130.4557,74.467,1.853,3.169,70.521,1.391,3.099,-0.004,-0.016,0.007,-0.004,-0.016,0.007,-25.306,-1.475,-7.681,-0.0,0.0,-0.0,-0.0,0.0,-0.0,851.33,-0.0,0.0,-0.0,0.0,0.0,0.0,0.0,0.0,-0.3193,0.8864,-0.3351,0.9463,0.2795,-0.1622,-0.0502,-0.3689,-0.9281,0.676,0.226,-0.7014,-0.7316,0.0917,-0.6755,-0.0884,0.9698,0.2273,-0.0,0.0,-0.0,0.0,0.0,0.0,-0.0071,-0.0166,-0.0009,37.3539,22.0612,67.2034,0.0,0.0434,-0.3666,0.0,0.0,0.0,2960254.7427,3330441.12,-5054048.8429,4608.7459,3536.5095,5037.5269,2960217.3888,3330419.0588,-5054116.0462,4608.7531,3536.526,5037.5278,0.0,0.0765,3.9732,0.0,0.0,1.0,0.0,1.0,0.0,0.0,1.172,-23.972,0.0,1.0,0.0,0.0,0.0,-1.0,3.6709903295977235,0.01746424919657298,-0.37233499999999997,5.767830956610593,13.130541272417261,,
130.6654,74.467,1.85,3.17,70.52,1.387,3.101,-0.004,-0.016,0.007,-0.004,-0.016,0.007,-25.306,-1.475,-7.681,-0.0,0.0,-0.0,-0.0,0.0,-0.0,851.33,-0.0,0.0,-0.0,0.0,0.0,0.0,0.0,0.0,-0.3193,0.8864,-0.3351,0.9463,0.2795,-0.1622,-0.0502,-0.3689,-0.9281,0.676,0.226,-0.7014,-0.7316,0.0917,-0.6755,-0.0884,0.9698,0.2273,-0.0,0.0,-0.0,0.0,0.0,0.0,-0.0071,-0.0166,-0.001,37.3524,22.0578,67.2032,0.0,0.0434,-0.3666,0.0,0.0,0.0,2961210.3667,3331174.3863,-5053004.077,4607.9459,3535.6094,5038.8924,2961173.0142,3331152.3285,-5053071.2802,4607.953,3535.626,5038.8934,0.0,0.0765,3.9732,0.0,0.0,1.0,0.0,1.0,0.0,0.0,1.172,-23.972,0.0,1.0,0.0,0.0,0.0,-1.0,3.6703405836516043,0.01746424919657298,-0.37233499999999997,5.78703205504615,13.130541272417261,,
130.8757,74.466,1.847,3.172,70.519,1.384,3.102,-0.004,-0.016,0.007,-0.004,-0.016,0.007,-25.306,-1.475,-7.681,-0.0,0.0,-0.0,-0.0,0.0,-0.0,851.33,-0.0,0.0,-0.0,0.0,0.0,0.0,0.0,0.0,-0.3193,0.8864,-0.3351,0.9463,0.2795,-0.1622,-0.0502,-0.3689,-0.9281,0.676,0.226,-0.7014,-0.7316,0.0917,-0.6755,-0.0884,0.9698,0.2273,-0.0,0.0,-0.0,0.0,0.0,0.0,-0.0072,-0.0166,-0.001,37.3509,22.0543,67.203,0.0,0.0434,-0.3666,0.0,0.0,0.0,2962181.7727,3331919.7013,-5051941.5823,4607.1322,3534.6941,5040.2805,2962144.4218,3331897.647,-5052008.7853,4607.1394,3534.7107,5040.2815,0.0,0.0765,3.9732,0.0,0.0,1.0,0.0,1.0,0.0,0.0,1.172,-23.972,0.0,1.0,0.0,0.0,0.0,-1.0,3.6705575870703897,0.01746424919657298,-0.37233,5.785964497720584,13.130364945436552,,
131.0837,74.465,1.843,3.174,70.519,1.381,3.104,-0.004,-0.016,0.007,-0.004,-0.016,0.007,-25.306,-1.475,-7.681,-0.0,0.0,-0.0,-0.0,0.0,-0.0,851.33,-0.0,0.0,-0.0,0.0,0.0,0.0,0.0,0.0,-0.3193,0.8864,-0.3351,0.9463,0.2795,-0.1622,-0.0502,-0.3689,-0.9281,0.676,0.226,-0.7014,-0.7316,0.0917,-0.6755,-0.0884,0.9698,0.2273,-0.0,0.0,-0.0,0.0,0.0,0.0,-0.0072,-0.0166,-0.001,37.3495,22.0508,67.2028,0.0,0.0434,-0.3666,0.0,0.0,0.0,2963138.6367,3332653.7989,-5050894.5234,4606.3303,3533.7922,5041.6478,2963101.2873,3332631.7481,-5050961.7262,4606.3375,3533.8088,5041.6487,0.0,0.0765,3.9732,0.0,0.0,1.0,0.0,1.0,0.0,0.0,1.172,-23.972,0.0,1.0,0.0,0.0,0.0,-1.0,3.6702758751897657,0.01746424919657298,-0.372325,5.77625389004418,13.130188618455845,,
131.2912,74.464,1.84,3.175,70.518,1.377,3.105,-0.004,-0.016,0.007,-0.004,-0.016,0.007,-25.306,-1.475,-7.681,-0.0,0.0,-0.0,-0.0,0.0,-0.0,851.33,-0.0,0.0,-0.0,0.0,0.0,0.0,0.0,0.0,-0.3193,0.8864,-0.3351,0.9463,0.2795,-0.1622,-0.0502,-0.3689,-0.9281,0.676,0.226,-0.7014,-0.7316,0.0917,-0.6755,-0.0884,0.9698,0.2273,-0.0,0.0,-0.0,0.0,0.0,0.0,-0.0072,-0.0166,-0.001,37.3479,22.0474,67.2026,0.0,0.0434,-0.3666,0.0,0.0,0.0,2964099.2194,3333390.6896,-5049842.9259,4605.5249,3532.8864,5043.0203,2964061.8714,3333368.6422,-5049910.1285,4605.5321,3532.903,5043.0213,0.0,0.0765,3.9732,0.0,0.0,1.0,0.0,1.0,0.0,0.0,1.172,-23.972,0.0,1.0,0.0,0.0,0.0,-1.0,3.6696355404862757,0.01746424919657298,-0.37232,5.793339453904066,13.130012291475136,,
131.4983,74.463,1.837,3.177,70.517,1.374,3.107,-0.004,-0.016,0.007,-0.004,-0.016,0.007,-25.306,-1.475,-7.681,-0.0,0.0,-0.0,-0.0,0.0,-0.0,851.33,-0.0,0.0,-0.0,0.0,0.0,0.0,0.0,0.0,-0.3193,0.8864,-0.3351,0.9463,0.2795,-0.1622,-0.0502,-0.3689,-0.9281,0.676,0.226,-0.7014,-0.7316,0.0917,-0.6755,-0.0884,0.9698,0.2273,-0.0,0.0,-0.0,0.0,0.0,0.0,-0.0072,-0.0166,-0.001,37.3465,22.0439,67.2024,0.0,0.0434,-0.3666,0.0,0.0,0.0,2965050.1197,3334120.0935,-5048801.465,4604.7272,3531.9894,5044.3789,2965012.7733,3334098.0496,-5048868.6673,4604.7344,3532.006,5044.3799,0.0,0.0765,3.9732,0.0,0.0,1.0,0.0,1.0,0.0,0.0,1.172,-23.972,0.0,1.0,0.0,0.0,0.0,-1.0,3.6698634851994156,0.01746424919657298,-0.37231499999999995,5.795956153259331,13.129835964494426,,
131.7003,74.462,1.833,3.178,70.516,1.371,3.109,-0.004,-0.016,0.007,-0.004,-0.016,0.007,-25.306,-1.475,-7.681,-0.0,0.0,-0.0,-0.0,0.0,-0.0,851.33,-0.0,0.0,-0.0,0.0,0.0,0.0,0.0,0.0,-0.3193,0.8864,-0.3351,0.9463,0.2795,-0.1622,-0.0502,-0.3689,-0.9281,0.676,0.226,-0.7014,-0.7316,0.0917,-0.6755,-0.0884,0.9698,0.2273,-0.0,0.0,-0.0,0.0,0.0,0.0,-0.0072,-0.0166,-0.001,37.345,22.0405,67.2022,0.0,0.0434,-0.3666,0.0,0.0,0.0,2965984.0354,3334836.4116,-5047778.1578,4603.9434,3531.108,5045.7133,2965946.6904,3334814.3711,-5047845.3599,4603.9506,3531.1247,5045.7142,0.0,0.0765,3.9732,0.0,0.0,1.0,0.0,1.0,0.0,0.0,1.172,-23.972,0.0,1.0,0.0,0.0,0.0,-1.0,3.668729071490562,0.01746424919657298,-0.37231000000000003,5.7881865283713,13.12965963751372,,
131.9026,74.462,1.83,3.18,70.515,1.368,3.11,-0.004,-0.016,0.007,-0.004,-0.016,0.007,-25.306,-1.475,-7.681,-0.0,0.0,-0.0,-0.0,0.0,-0.0,851.33,-0.0,0.0,-0.0,0.0,0.0,0.0,0.0,0.0,-0.3193,0.8864,-0.3351,0.9463,0.2795,-0.1622,-0.0502,-0.3689,-0.9281,0.676,0.226,-0.7014,-0.7316,0.0917,-0.6755,-0.0884,0.9698,0.2273,-0.0,0.0,-0.0,0.0,0.0,0.0,-0.0072,-0.0167,-0.001,37.3435,22.0372,67.202,0.0,0.0434,-0.3666,0.0,0.0,0.0,2966914.9043,3335550.3361,-5046757.7477,4603.1617,3530.2292,5047.0432,2966877.5608,3335528.299,-5046824.9496,4603.169,3530.2459,5047.0442,0.0,0.0765,3.9732,0.0,0.0,1.0,0.0,1.0,0.0,0.0,1.172,-23.972,0.0,1.0,0.0,0.0,0.0,-1.0,3.66896443155286,0.01746424919657298,-0.37231000000000003,5.78553916738205,13.12965963751372,,
132.1029,74.461,1.827,3.181,70.514,1.364,3.111,-0.004,-0.016,0.007,-0.004,-0.016,0.007,-25.306,-1.475,-7.681,-0.0,0.0,-0.0,-0.0,0.0,-0.0,851.33,-0.0,0.0,-0.0,0.0,0.0,0.0,0.0,0.0,-0.3193,0.8864,-0.3351,0.9463,0.2795,-0.1622,-0.0502,-0.3689,-0.9281,0.676,0.226,-0.7014,-0.7316,0.0917,-0.6755,-0.0884,0.9698,0.2273,-0.0,0.0,-0.0,0.0,0.0,0.0,-0.0073,-0.0167,-0.001,37.3421,22.0338,67.2018,0.0,0.0434,-0.3666,0.0,0.0,0.0,2967834.2823,3336255.3926,-5045749.4979,4602.3894,3529.3609,5048.3567,2967796.9402,3336233.3587,-5045816.6996,4602.3966,3529.3776,5048.3577,0.0,0.0765,3.9732,0.0,0.0,1.0,0.0,1.0,0.0,0.0,1.172,-23.972,0.0,1.0,0.0,0.0,0.0,-1.0,3.668336135089041,0.01746424919657298,-0.372305,5.802619929094035,13.12948331053301,,
132.3046,74.46,1.824,3.183,70.514,1.361,3.113,-0.004,-0.016,0.007,-0.004,-0.016,0.007,-25.306,-1.475,-7.681,-0.0,0.0,-0.0,-0.0,0.0,-0.0,851.33,-0.0,0.0,-0.0,0.0,0.0,0.0,0.0,0.0,-0.3193,0.8864,-0.3351,0.9463,0.2795,-0.1622,-0.0502,-0.3689,-0.9281,0.676,0.226,-0.7014,-0.7316,0.0917,-0.6755,-0.0884,0.9698,0.2273,-0.0,0.0,-0.0,0.0,0.0,0.0,-0.0073,-0.0167,-0.001,37.3406,22.0305,67.2016,0.0,0.0434,-0.3666,0.0,0.0,0.0,2968763.5024,3336967.9409,-5044730.015,4601.6084,3528.483,5049.6842,2968726.1618,3336945.9104,-5044797.2165,4601.6156,3528.4997,5049.6852,0.0,0.0765,3.9732,0.0,0.0,1.0,0.0,1.0,0.0,0.0,1.172,-23.972,0.0,1.0,0.0,0.0,0.0,-1.0,3.6685780624105573,0.01746424919657298,-0.37229999999999996,5.806812123208261,13.1293069835523,,
132.5066,74.459,1.82,3.184,70.513,1.358,3.114,-0.004,-0.016,0.007,-0.004,-0.016,0.007,-25.306,-1.475,-7.681,-0.0,0.0,-0.0,-0.0,0.0,-0.0,851.33,-0.0,0.0,-0.0,0.0,0.0,0.0,0.0,0.0,-0.3193,0.8864,-0.3351,0.9463,0.2795,-0.1622,-0.0502,-0.3689,-0.9281,0.676,0.226,-0.7014,-0.7316,0.0917,-0.6755,-0.0884,0.9698,0.2273,-0.0,0.0,-0.0,0.0,0.0,0.0,-0.0073,-0.0167,-0.001,37.3391,22.0271,67.2014,0.0,0.0434,-0.3666,0.0,0.0,0.0,2969695.0699,3337682.2326,-5043707.5138,4600.825,3527.6025,5051.015,2969657.7307,3337660.2055,-5043774.7151,4600.8323,3527.6192,5051.016,0.0,0.0765,3.9732,0.0,0.0,1.0,0.0,1.0,0.0,0.0,1.172,-23.972,0.0,1.0,0.0,0.0,0.0,-1.0,3.667459065892897,0.01746424919657298,-0.37229500000000004,5.795344152213726,13.129130656571594,,
132.7109,74.458,1.817,3.186,70.512,1.354,3.116,-0.004,-0.016,0.007,-0.004,-0.016,0.007,-25.306,-1.475,-7.681,-0.0,0.0,-0.0,-0.0,0.0,-0.0,851.33,-0.0,0.0,-0.0,0.0,0.0,0.0,0.0,0.0,-0.3193,0.8864,-0.3351,0.9463,0.2795,-0.1622,-0.0502,-0.3689,-0.9281,0.676,0.226,-0.7014,-0.7316,0.0917,-0.6755,-0.0884,0.9698,0.2273,-0.0,0.0,-0.0,0.0,0.0,0.0,-0.0073,-0.0167,-0.001,37.3376,22.0237,67.2012,0.0,0.0434,-0.3666,0.0,0.0,0.0,2970642.8665,3338408.91,-5042666.745,4600.0276,3526.7063,5052.3689,2970605.5289,3338386.8864,-5042733.9462,4600.0349,3526.7231,5052.3699,0.0,0.0765,3.9732,0.0,0.0,1.0,0.0,1.0,0.0,0.0,1.172,-23.972,0.0,1.0,0.0,0.0,0.0,-1.0,3.66770841261952,0.01746424919657298,-0.37229,5.812613332355018,13.128954329590885,,
132.9205,74.457,1.814,3.187,70.511,1.351,3.118,-0.004,-0.016,0.007,-0.004,-0.016,0.007,-25.306,-1.475,-7.681,-0.0,0.0,-0.0,-0.0,0.0,-0.0,851.33,-0.0,0.0,-0.0,0.0,0.0,0.0,0.0,0.0,-0.3193,0.8864,-0.3351,0.9463,0.2795,-0.1623,-0.0502,-0.3689,-0.9281,0.676,0.226,-0.7014,-0.7316,0.0917,-0.6755,-0.0884,0.9698,0.2273,-0.0,0.0,-0.0,0.0,0.0,0.0,-0.0073,-0.0167,-0.001,37.3361,22.0202,67.201,0.0,0.0434,-0.3666,0.0,0.0,0.0,2971598.7689,3339141.7425,-5041616.6104,4599.223,3525.8021,5053.7344,2971561.4328,3339119.7224,-5041683.8113,4599.2303,3525.8189,5053.7354,0.0,0.0765,3.9732,0.0,0.0,1.0,0.0,1.0,0.0,0.0,1.172,-23.972,0.0,1.0,0.0,0.0,0.0,-1.0,3.667092172280375,0.01746424919657298,-0.372285,5.818745311436698,13.128778002610176,,
133.1313,74.456,1.81,3.189,70.51,1.348,3.119,-0.004,-0.016,0.007,-0.004,-0.016,0.007,-25.306,-1.475,-7.681,-0.0,0.0,-0.0,-0.0,0.0,-0.0,851.33,-0.0,0.0,-0.0,0.0,0.0,0.0,0.0,0.0,-0.3193,0.8864,-0.3351,0.9463,0.2795,-0.1623,-0.0502,-0.3689,-0.9281,0.676,0.226,-0.7014,-0.7316,0.0917,-0.6755,-0.0884,0.9698,0.2273,-0.0,0.0,-0.0,0.0,0.0,0.0,-0.0074,-0.0168,-0.001,37.3346,22.0167,67.2008,0.0,0.0434,-0.3666,0.0,0.0,0.0,2972562.134,3339880.2356,-5040557.8061,4598.4117,3524.8905,5055.1105,2972524.7994,3339858.2189,-5040625.0068,4598.419,3524.9073,5055.1115,0.0,0.0765,3.9732,0.0,0.0,1.0,0.0,1.0,0.0,0.0,1.172,-23.972,0.0,1.0,0.0,0.0,0.0,-1.0,3.6668543739832375,0.01746424919657298,-0.37228,5.803764721544564,13.128601675629469,,
133.3378,74.456,1.807,3.19,70.509,1.344,3.121,-0.004,-0.016,0.007,-0.004,-0.016,0.007,-25.306,-1.475,-7.681,-0.0,0.0,-0.0,-0.0,0.0,-0.0,851.33,-0.0,0.0,-0.0,0.0,0.0,0.0,0.0,0.0,-0.3193,0.8864,-0.3351,0.9463,0.2795,-0.1623,-0.0502,-0.3689,-0.9281,0.676,0.226,-0.7014,-0.7316,0.0917,-0.6755,-0.0884,0.9698,0.2273,-0.0,0.0,-0.0,0.0,0.0,0.0,-0.0074,-0.0168,-0.001,37.3331,22.0132,67.2005,0.0,0.0434,-0.3666,0.0,0.0,0.0,2973512.5904,3340608.7741,-5039512.7204,4597.6108,3523.9908,5056.4681,2973475.2573,3340586.7609,-5039579.9209,4597.6182,3524.0076,5056.4691,0.0,0.0765,3.9732,0.0,0.0,1.0,0.0,1.0,0.0,0.0,1.172,-23.972,0.0,1.0,0.0,0.0,0.0,-1.0,3.666244536306873,0.01746424919657298,-0.37228,5.822982111267046,13.128601675629469,,
133.5422,74.455,1.803,3.192,70.508,1.341,3.122,-0.004,-0.016,0.007,-0.004,-0.016,0.007,-25.306,-1.475,-7.681,-0.0,0.0,-0.0,-0.0,0.0,-0.0,851.33,-0.0,0.0,-0.0,0.0,0.0,0.0,0.0,0.0,-0.3193,0.8864,-0.3351,0.9463,0.2795,-0.1623,-0.0502,-0.3689,-0.9281,0.676,0.226,-0.7014,-0.7316,0.0917,-0.6755,-0.0884,0.9698,0.2273,-0.0,0.0,-0.0,0.0,0.0,0.0,-0.0074,-0.0168,-0.001,37.3315,22.0098,67.2003,0.0,0.0434,-0.3666,0.0,0.0,0.0,2974453.7484,3341330.127,-5038477.4039,4596.8174,3523.0995,5057.8124,2974416.4169,3341308.1172,-5038544.6042,4596.8248,3523.1163,5057.8134,0.0,0.0765,3.9732,0.0,0.0,1.0,0.0,1.0,0.0,0.0,1.172,-23.972,0.0,1.0,0.0,0.0,0.0,-1.0,3.6660159574120788,0.01746424919657298,-0.37227499999999997,5.808003024717678,13.12842534864876,,
133.7435,74.454,1.8,3.193,70.508,1.338,3.124,-0.004,-0.016,0.007,-0.004,-0.016,0.007,-25.306,-1.475,-7.681,-0.0,0.0,-0.0,-0.0,0.0,-0.0,851.33,-0.0,0.0,-0.0,0.0,0.0,0.0,0.0,0.0,-0.3193,0.8864,-0.3351,0.9463,0.2795,-0.1623,-0.0502,-0.3689,-0.9281,0.676,0.226,-0.7014,-0.7316,0.0917,-0.6755,-0.0884,0.9698,0.2273,-0.0,0.0,-0.0,0.0,0.0,0.0,-0.0074,-0.0168,-0.001,37.33,22.0064,67.2001,0.0,0.0434,-0.3666,0.0,0.0,0.0,2975382.7505,3342042.1058,-5037455.0154,4596.0339,3522.2194,5059.1393,2975345.4204,3342020.0994,-5037522.2156,4596.0413,3522.2362,5059.1403,0.0,0.0765,3.9732,0.0,0.0,1.0,0.0,1.0,0.0,0.0,1.172,-23.972,0.0,1.0,0.0,0.0,0.0,-1.0,3.6654125279427965,0.01746424919657298,-0.37227,5.815720102858852,13.12824902166805,,
133.9497,74.453,1.797,3.195,70.507,1.334,3.125,-0.004,-0.016,0.007,-0.004,-0.016,0.007,-25.306,-1.475,-7.681,-0.0,0.0,-0.0,-0.0,0.0,-0.0,851.33,-0.0,0.0,-0.0,0.0,0.0,0.0,0.0,0.0,-0.3193,0.8864,-0.3351,0.9463,0.2795,-0.1623,-0.0502,-0.3689,-0.9281,0.676,0.226,-0.7014,-0.7316,0.0917,-0.6755,-0.0884,0.9698,0.2273,-0.0,0.0,-0.0,0.0,0.0,0.0,-0.0074,-0.0168,-0.001,37.3285,22.0029,67.1999,0.0,0.0434,-0.3666,0.0,0.0,0.0,2976327.7285,3342766.2708,-5036414.5891,4595.2365,3521.3238,5060.489,2976290.4,3342744.2678,-5036481.789,4595.2439,3521.3406,5060.49,0.0,0.0765,3.9732,0.0,0.0,1.0,0.0,1.0,0.0,0.0,1.172,-23.972,0.0,1.0,0.0,0.0,0.0,-1.0,3.665683292375379,0.01746424919657298,-0.372265,5.829274546044639,13.128072694687344,,
134.1533,74.452,1.793,3.196,70.506,1.331,3.127,-0.004,-0.016,0.007,-0.004,-0.016,0.007,-25.306,-1.475,-7.681,-0.0,0.0,-0.0,-0.0,0.0,-0.0,851.33,-0.0,0.0,-0.0,0.0,0.0,0.0,0.0,0.0,-0.3193,0.8864,-0.3351,0.9463,0.2795,-0.1623,-0.0502,-0.3689,-0.9281,0.676,0.226,-0.7014,-0.7316,0.0917,-0.6755,-0.0884,0.9698,0.2273,-0.0,0.0,-0.0,0.0,0.0,0.0,-0.0074,-0.0168,-0.001,37.327,21.9995,67.1997,0.0,0.0434,-0.3666,0.0,0.0,0.0,2977259.9961,3343480.638,-5035387.7077,4594.4495,3520.4399,5061.8204,2977222.6691,3343458.6385,-5035454.9074,4594.4569,3520.4567,5061.8214,0.0,0.0765,3.9732,0.0,0.0,1.0,0.0,1.0,0.0,0.0,1.172,-23.972,0.0,1.0,0.0,0.0,0.0,-1.0,3.664596157832402,0.01746424919657298,-0.37226,5.821526088417854,13.127896367706635,,
134.3624,74.451,1.79,3.198,70.505,1.328,3.128,-0.004,-0.016,0.007,-0.004,-0.016,0.007,-25.306,-1.475,-7.681,-0.0,0.0,-0.0,-0.0,0.0,-0.0,851.33,-0.0,0.0,-0.0,0.0,0.0,0.0,0.0,0.0,-0.3193,0.8864,-0.3351,0.9463,0.2795,-0.1623,-0.0502,-0.3689,-0.9281,0.676,0.226,-0.7014,-0.7316,0.0917,-0.6755,-0.0884,0.9698,0.2273,-0.0,0.0,-0.0,0.0,0.0,0.0,-0.0075,-0.0168,-0.001,37.3254,21.996,67.1995,0.0,0.0434,-0.3666,0.0,0.0,0.0,2978221.6678,3344217.4765,-5034327.9731,4593.6372,3519.5277,5063.1938,2978184.3423,3344195.4805,-5034395.1726,4593.6447,3519.5446,5063.1949,0.0,0.0765,3.9732,0.0,0.0,1.0,0.0,1.0,0.0,0.0,1.172,-23.972,0.0,1.0,0.0,0.0,0.0,-1.0,3.6648743498242884,0.01746424919657298,-0.37225499999999995,5.820429304792569,13.127720040725924,,
134.5654,74.45,1.787,3.199,70.504,1.324,3.13,-0.004,-0.016,0.007,-0.004,-0.016,0.007,-25.306,-1.475,-7.681,-0.0,0.0,-0.0,-0.0,0.0,-0.0,851.33,-0.0,0.0,-0.0,0.0,0.0,0.0,0.0,0.0,-0.3193,0.8864,-0.3351,0.9463,0.2795,-0.1623,-0.0502,-0.3689,-0.9281,0.676,0.226,-0.7014,-0.7316,0.0917,-0.6755,-0.0884,0.9698,0.2273,-0.0,0.0,-0.0,0.0,0.0,0.0,-0.0075,-0.0169,-0.001,37.3239,21.9926,67.1993,0.0,0.0434,-0.3666,0.0,0.0,0.0,2979155.7083,3344933.0863,-5033298.2299,4592.8479,3518.6414,5064.5277,2979118.3843,3344911.0937,-5033365.4292,4592.8554,3518.6583,5064.5288,0.0,0.0765,3.9732,0.0,0.0,1.0,0.0,1.0,0.0,0.0,1.172,-23.972,0.0,1.0,0.0,0.0,0.0,-1.0,3.6642830130872803,0.01746424919657298,-0.37225,5.841221039061644,13.127543713745219,,
134.7671,74.45,1.783,3.201,70.503,1.321,3.131,-0.004,-0.016,0.007,-0.004,-0.016,0.007,-25.306,-1.475,-7.681,-0.0,0.0,-0.0,-0.0,0.0,-0.0,851.33,-0.0,0.0,-0.0,0.0,0.0,0.0,0.0,0.0,-0.3193,0.8864,-0.3351,0.9463,0.2795,-0.1623,-0.0502,-0.3689,-0.9281,0.676,0.226,-0.7014,-0.7316,0.0917,-0.6755,-0.0884,0.9698,0.2273,-0.0,0.0,-0.0,0.0,0.0,0.0,-0.0075,-0.0169,-0.001,37.3224,21.9892,67.1991,0.0,0.0434,-0.3666,0.0,0.0,0.0,2980083.0165,3345643.4811,-5032275.4674,4592.0639,3517.7612,5065.852,2980045.6941,3345621.492,-5032342.6665,4592.0714,3517.7781,5065.853,0.0,0.0765,3.9732,0.0,0.0,1.0,0.0,1.0,0.0,0.0,1.172,-23.972,0.0,1.0,0.0,0.0,0.0,-1.0,3.664081058055348,0.01746424919657298,-0.37225,5.824669371650733,13.127543713745219,,
134.9687,74.449,1.78,3.202,70.502,1.318,3.133,-0.004,-0.016,0.007,-0.004,-0.016,0.007,-25.306,-1.475,-7.682,-0.0,0.0,-0.0,-0.0,0.0,-0.0,851.33,-0.0,0.0,-0.0,0.0,0.0,0.0,0.0,0.0,-0.3193,0.8864,-0.3351,0.9463,0.2795,-0.1623,-0.0502,-0.3689,-0.9281,0.676,0.226,-0.7014,-0.7316,0.0917,-0.6755,-0.0884,0.9698,0.2273,-0.0,0.0,-0.0,0.0,0.0,0.0,-0.0075,-0.0169,-0.001,37.3209,21.9858,67.1989,0.0,0.0434,-0.3666,0.0,0.0,0.0,2981005.9461,3346350.4655,-5031257.0952,4591.2832,3516.8848,5067.1699,2980968.6252,3346328.4797,-5031324.294,4591.2907,3516.9017,5067.171,0.0,0.0765,3.9732,0.0,0.0,1.0,0.0,1.0,0.0,0.0,1.172,-23.972,0.0,1.0,0.0,0.0,0.0,-1.0,3.6634961443954053,0.01746424919657298,-0.372245,5.830825681684151,13.127367386764508,,
135.1761,74.448,1.777,3.204,70.501,1.314,3.134,-0.004,-0.016,0.007,-0.004,-0.016,0.007,-25.306,-1.475,-7.682,-0.0,0.0,-0.0,-0.0,0.0,-0.0,851.33,-0.0,0.0,-0.0,0.0,0.0,0.0,0.0,0.0,-0.3193,0.8864,-0.3351,0.9463,0.2795,-0.1623,-0.0502,-0.3689,-0.9281,0.676,0.226,-0.7014,-0.7316,0.0917,-0.6755,-0.0884,0.9698,0.2273,-0.0,0.0,-0.0,0.0,0.0,0.0,-0.0075,-0.0169,-0.001,37.3193,21.9823,67.1987,0.0,0.0434,-0.3666,0.0,0.0,0.0,2981957.1696,3347079.0652,-5030207.0439,4590.4782,3515.9812,5068.5283,2981919.8502,3347057.0829,-5030274.2426,4590.4857,3515.9981,5068.5293,0.0,0.0765,3.9732,0.0,0.0,1.0,0.0,1.0,0.0,0.0,1.172,-23.972,0.0,1.0,0.0,0.0,0.0,-1.0,3.663788339956336,0.01746424919657298,-0.37223999999999996,5.844366465995393,13.127191059783799,,
135.3762,74.447,1.773,3.205,70.501,1.311,3.136,-0.004,-0.016,0.007,-0.004,-0.016,0.007,-25.306,-1.475,-7.682,-0.0,0.0,-0.0,-0.0,0.0,-0.0,851.33,-0.0,0.0,-0.0,0.0,0.0,0.0,0.0,0.0,-0.3193,0.8864,-0.3351,0.9463,0.2795,-0.1623,-0.0502,-0.3689,-0.9281,0.676,0.226,-0.7014,-0.7316,0.0917,-0.6755,-0.0884,0.9698,0.2273,-0.0,0.0,-0.0,0.0,0.0,0.0,-0.0076,-0.0169,-0.0011,37.3178,21.9789,67.1984,0.0,0.0434,-0.3666,0.0,0.0,0.0,2982882.3782,3347787.6816,-5029185.2624,4589.6948,3515.1019,5069.8494,2982845.0604,3347765.7028,-5029252.4608,4589.7023,3515.1189,5069.8504,0.0,0.0765,3.9732,0.0,0.0,1.0,0.0,1.0,0.0,0.0,1.172,-23.972,0.0,1.0,0.0,0.0,0.0,-1.0,3.6627249418977668,0.01746424919657298,-0.37223500000000004,5.838201821479849,13.127014732803092,,
135.5852,74.446,1.77,3.207,70.5,1.307,3.137,-0.004,-0.017,0.007,-0.004,-0.017,0.007,-25.306,-1.475,-7.682,-0.0,0.0,-0.0,-0.0,0.0,-0.0,851.33,-0.0,0.0,-0.0,0.0,0.0,0.0,0.0,0.0,-0.3193,0.8864,-0.3351,0.9463,0.2795,-0.1623,-0.0502,-0.3689,-0.9281,0.676,0.226,-0.7014,-0.7316,0.0917,-0.6755,-0.0884,0.9698,0.2273,-0.0,0.0,-0.0,0.0,0.0,0.0,-0.0076,-0.0169,-0.0011,37.3163,21.9753,67.1982,0.0,0.0434,-0.3666,0.0,0.0,0.0,2983833.037,3348515.7315,-5028134.916,4588.8895,3514.1981,5071.2068,2983795.7208,3348493.7562,-5028202.1142,4588.897,3514.2151,5071.2079,0.0,0.0765,3.9732,0.0,0.0,1.0,0.0,1.0,0.0,0.0,1.172,-23.972,0.0,1.0,0.0,0.0,0.0,-1.0,3.6630245699421673,0.018384776310850236,-0.37223,5.851744288164431,13.126838405822383,,
135.7861,74.445,1.767,3.208,70.499,1.304,3.139,-0.004,-0.017,0.007,-0.004,-0.017,0.007,-25.306,-1.475,-7.682,-0.0,0.0,-0.0,-0.0,0.0,-0.0,851.33,-0.0,0.0,-0.0,0.0,0.0,0.0,0.0,0.0,-0.3193,0.8864,-0.3351,0.9463,0.2795,-0.1623,-0.0502,-0.3689,-0.9281,0.676,0.226,-0.7014,-0.7316,0.0917,-0.6755,-0.0884,0.9698,0.2273,-0.0,0.0,-0.0,0.0,0.0,0.0,-0.0076,-0.0169,-0.0011,37.3147,21.9719,67.198,0.0,0.0434,-0.3666,0.0,0.0,0.0,2984758.7395,3349224.6118,-5027111.6953,4588.1049,3513.3177,5072.5285,2984721.4248,3349202.6399,-5027178.8933,4588.1125,3513.3347,5072.5296,0.0,0.0765,3.9732,0.0,0.0,1.0,0.0,1.0,0.0,0.0,1.172,-23.972,0.0,1.0,0.0,0.0,0.0,-1.0,3.662451774426525,0.018384776310850236,-0.372225,5.857896253811714,13.126662078841674,,
135.9909,74.444,1.763,3.21,70.498,1.301,3.14,-0.004,-0.017,0.007,-0.004,-0.017,0.007,-25.306,-1.475,-7.682,-0.0,0.0,-0.0,-0.0,0.0,-0.0,851.33,-0.0,0.0,-0.0,0.0,0.0,0.0,0.0,0.0,-0.3193,0.8864,-0.3351,0.9463,0.2795,-0.1623,-0.0502,-0.3689,-0.9281,0.676,0.226,-0.7014,-0.7316,0.0917,-0.6755,-0.0884,0.9698,0.2273,-0.0,0.0,-0.0,0.0,0.0,0.0,-0.0076,-0.017,-0.0011,37.3131,21.9684,67.1978,0.0,0.0434,-0.3666,0.0,0.0,0.0,2985703.1743,3349947.7783,-5026067.3163,4587.3041,3512.4192,5073.877,2985665.8611,3349925.8099,-5026134.5141,4587.3117,3512.4361,5073.8781,0.0,0.0765,3.9732,0.0,0.0,1.0,0.0,1.0,0.0,0.0,1.172,-23.972,0.0,1.0,0.0,0.0,0.0,-1.0,3.662276477820865,0.018384776310850236,-0.37222,5.842903510262085,13.126485751860967,,
136.1993,74.443,1.76,3.211,70.497,1.297,3.142,-0.004,-0.017,0.007,-0.004,-0.017,0.007,-25.306,-1.475,-7.682,-0.0,0.0,-0.0,-0.0,0.0,-0.0,851.33,-0.0,0.0,-0.0,0.0,0.0,0.0,0.0,0.0,-0.3193,0.8864,-0.3351,0.9463,0.2795,-0.1623,-0.0502,-0.3689,-0.9281,0.676,0.226,-0.7014,-0.7316,0.0917,-0.6755,-0.0884,0.9698,0.2273,-0.0,0.0,-0.0,0.0,0.0,0.0,-0.0076,-0.017,-0.0011,37.3115,21.9649,67.1976,0.0,0.0434,-0.3666,0.0,0.0,0.0,2986663.1278,3350682.7681,-5025005.3009,4586.4897,3511.5055,5075.2476,2986625.8163,3350660.8032,-5025072.4985,4586.4973,3511.5225,5075.2486,0.0,0.0765,3.9732,0.0,0.0,1.0,0.0,1.0,0.0,0.0,1.172,-23.972,0.0,1.0,0.0,0.0,0.0,-1.0,3.661710119602588,0.018384776310850236,-0.37221499999999996,5.863703991403763,13.126309424880258,,
136.4008,74.443,1.756,3.213,70.496,1.294,3.143,-0.004,-0.017,0.007,-0.004,-0.017,0.007,-25.306,-1.475,-7.682,-0.0,0.0,-0.0,-0.0,0.0,-0.0,851.33,-0.0,0.0,-0.0,0.0,0.0,0.0,0.0,0.0,-0.3193,0.8864,-0.3351,0.9463,0.2795,-0.1623,-0.0502,-0.3689,-0.9281,0.676,0.226,-0.7014,-0.7316,0.0917,-0.6755,-0.0884,0.9698,0.2273,-0.0,0.0,-0.0,0.0,0.0,0.0,-0.0076,-0.017,-0.0011,37.31,21.9615,67.1974,0.0,0.0434,-0.3666,0.0,0.0,0.0,2987576.3428,3351381.916,-5023994.5527,4585.7146,3510.6359,5076.5513,2987539.0328,3351359.9545,-5024061.75,4585.7222,3510.6529,5076.5524,0.0,0.0765,3.9732,0.0,0.0,1.0,0.0,1.0,0.0,0.0,1.172,-23.972,0.0,1.0,0.0,0.0,0.0,-1.0,3.6615440732019056,0.018384776310850236,-0.37221499999999996,5.8471459365376175,13.126309424880258,,
136.6031,74.442,1.753,3.214,70.495,1.291,3.145,-0.004,-0.017,0.007,-0.004,-0.017,0.007,-25.306,-1.475,-7.682,-0.0,0.0,-0.0,-0.0,0.0,-0.0,851.33,-0.0,0.0,-0.0,0.0,0.0,0.0,0.0,0.0,-0.3193,0.8864,-0.3351,0.9463,0.2795,-0.1623,-0.0502,-0.3689,-0.9281,0.676,0.226,-0.7014,-0.7316,0.0917,-0.6755,-0.0884,0.9698,0.2273,-0.0,0.0,-0.0,0.0,0.0,0.0,-0.0077,-0.017,-0.0011,37.3084,21.958,67.1971,0.0,0.0434,-0.3666,0.0,0.0,0.0,2988509.3462,3352096.1565,-5022961.4606,4584.9223,3509.7472,5077.8833,2988472.0378,3352074.1984,-5023028.6577,4584.93,3509.7642,5077.8844,0.0,0.0765,3.9732,0.0,0.0,1.0,0.0,1.0,0.0,0.0,1.172,-23.972,0.0,1.0,0.0,0.0,0.0,-1.0,3.6609841572997825,0.018384776310850236,-0.37221,5.853313526558169,13.12613309789955,,
136.8059,74.441,1.75,3.216,70.494,1.287,3.146,-0.004,-0.017,0.007,-0.004,-0.017,0.007,-25.306,-1.475,-7.682,-0.0,0.0,-0.0,-0.0,0.0,-0.0,851.33,-0.0,0.0,-0.0,0.0,0.0,0.0,0.0,0.0,-0.3193,0.8864,-0.3351,0.9463,0.2795,-0.1623,-0.0502,-0.3689,-0.9281,0.676,0.226,-0.7014,-0.7316,0.0917,-0.6755,-0.0884,0.9698,0.2273,-0.0,0.0,-0.0,0.0,0.0,0.0,-0.0077,-0.017,-0.0011,37.3069,21.9546,67.1969,0.0,0.0434,-0.3666,0.0,0.0,0.0,2989440.6555,3352809.043,-5021929.7943,4584.1311,3508.8597,5079.2129,2989403.3487,3352787.0884,-5021996.9912,4584.1387,3508.8768,5079.2139,0.0,0.0765,3.9732,0.0,0.0,1.0,0.0,1.0,0.0,0.0,1.172,-23.972,0.0,1.0,0.0,0.0,0.0,-1.0,3.6613052317445485,0.018384776310850236,-0.372205,5.866842405393195,13.125956770918842,,
137.0154,74.44,1.746,3.217,70.494,1.284,3.148,-0.004,-0.017,0.007,-0.004,-0.017,0.007,-25.306,-1.475,-7.682,-0.0,0.0,-0.0,-0.0,0.0,-0.0,851.33,-0.0,0.0,-0.0,0.0,0.0,0.0,0.0,0.0,-0.3193,0.8864,-0.3351,0.9463,0.2795,-0.1623,-0.0502,-0.3689,-0.9281,0.676,0.226,-0.7014,-0.7316,0.0917,-0.6755,-0.0884,0.9698,0.2273,-0.0,0.0,-0.0,0.0,0.0,0.0,-0.0077,-0.017,-0.0011,37.3053,21.951,67.1967,0.0,0.0434,-0.3666,0.0,0.0,0.0,2990396.5618,3353540.6983,-5020870.4139,4583.3185,3507.9485,5080.5775,2990359.2565,3353518.7472,-5020937.6106,4583.3262,3507.9655,5080.5786,0.0,0.0765,3.9732,0.0,0.0,1.0,0.0,1.0,0.0,0.0,1.172,-23.972,0.0,1.0,0.0,0.0,0.0,-1.0,3.6602738968552613,0.018384776310850236,-0.3722,5.860690733645363,13.125780443938133,,
137.2172,74.439,1.743,3.219,70.493,1.28,3.149,-0.004,-0.017,0.007,-0.004,-0.017,0.007,-25.306,-1.475,-7.682,-0.0,0.0,-0.0,-0.0,0.0,-0.0,851.33,-0.0,0.0,-0.0,0.0,0.0,0.0,0.0,0.0,-0.3193,0.8864,-0.3351,0.9463,0.2795,-0.1623,-0.0502,-0.3689,-0.9281,0.676,0.226,-0.7014,-0.7316,0.0917,-0.6755,-0.0884,0.9698,0.2273,-0.0,0.0,-0.0,0.0,0.0,0.0,-0.0077,-0.0171,-0.0011,37.3037,21.9476,67.1965,0.0,0.0434,-0.3666,0.0,0.0,0.0,2991320.511,3354247.8361,-5019846.0007,4582.5328,3507.0674,5081.8964,2991283.2073,3354225.8885,-5019913.1972,4582.5405,3507.0844,5081.8975,0.0,0.0765,3.9732,0.0,0.0,1.0,0.0,1.0,0.0,0.0,1.172,-23.972,0.0,1.0,0.0,0.0,0.0,-1.0,3.6606024094402825,0.018384776310850236,-0.37219499999999994,5.874221309884875,13.125604116957422,,
137.4225,74.438,1.739,3.22,70.492,1.277,3.151,-0.004,-0.017,0.007,-0.004,-0.017,0.007,-25.306,-1.475,-7.682,-0.0,0.0,-0.0,-0.0,0.0,-0.0,851.33,-0.0,0.0,-0.0,0.0,0.0,0.0,0.0,0.0,-0.3193,0.8864,-0.3351,0.9463,0.2795,-0.1623,-0.0502,-0.3689,-0.9281,0.676,0.226,-0.7014,-0.7316,0.0917,-0.6755,-0.0884,0.9698,0.2273,-0.0,0.0,-0.0,0.0,0.0,0.0,-0.0077,-0.0171,-0.0011,37.3021,21.9441,67.1962,0.0,0.0434,-0.3666,0.0,0.0,0.0,2992266.2661,3354971.6045,-5018796.9527,4581.7281,3506.1651,5083.2464,2992228.9639,3354949.6604,-5018864.1489,4581.7358,3506.1822,5083.2475,0.0,0.0765,3.9732,0.0,0.0,1.0,0.0,1.0,0.0,0.0,1.172,-23.972,0.0,1.0,0.0,0.0,0.0,-1.0,3.659579347411394,0.018384776310850236,-0.37219,5.866500448654726,13.125427789976717,,
137.6332,74.437,1.736,3.222,70.491,1.273,3.152,-0.004,-0.017,0.007,-0.004,-0.017,0.007,-25.306,-1.475,-7.682,-0.0,0.0,-0.0,-0.0,0.0,-0.0,851.33,-0.0,0.0,-0.0,0.0,0.0,0.0,0.0,0.0,-0.3193,0.8864,-0.3351,0.9463,0.2795,-0.1623,-0.0502,-0.3689,-0.9281,0.676,0.226,-0.7014,-0.7316,0.0917,-0.6755,-0.0884,0.9698,0.2273,-0.0,0.0,-0.0,0.0,0.0,0.0,-0.0078,-0.0171,-0.0011,37.3005,21.9405,67.196,0.0,0.0434,-0.3666,0.0,0.0,0.0,2993225.6163,3355705.7164,-5017732.3528,4580.9114,3505.2495,5084.6158,2993188.3158,3355683.7759,-5017799.5488,4580.9192,3505.2666,5084.6169,0.0,0.0765,3.9732,0.0,0.0,1.0,0.0,1.0,0.0,0.0,1.172,-23.972,0.0,1.0,0.0,0.0,0.0,-1.0,3.659915299566371,0.018384776310850236,-0.372185,5.880028192381428,13.125251462996006,,
137.8383,74.436,1.732,3.223,70.49,1.27,3.154,-0.004,-0.017,0.007,-0.004,-0.017,0.007,-25.306,-1.475,-7.682,-0.0,0.0,-0.0,-0.0,0.0,-0.0,851.33,-0.0,0.0,-0.0,0.0,0.0,0.0,0.0,0.0,-0.3193,0.8864,-0.3351,0.9463,0.2795,-0.1623,-0.0502,-0.3689,-0.9281,0.676,0.226,-0.7014,-0.7316,0.0917,-0.6755,-0.0884,0.9698,0.2273,-0.0,0.0,-0.0,0.0,0.0,0.0,-0.0078,-0.0171,-0.0011,37.299,21.937,67.1958,0.0,0.0434,-0.3666,0.0,0.0,0.0,2994170.8428,3356428.9613,-5016682.9583,4580.1064,3504.347,5085.965,2994133.5439,3356407.0243,-5016750.1541,4580.1141,3504.3641,5085.9661,0.0,0.0765,3.9732,0.0,0.0,1.0,0.0,1.0,0.0,0.0,1.172,-23.972,0.0,1.0,0.0,0.0,0.0,-1.0,3.6589005179151837,0.018384776310850236,-0.37218,5.872310645620504,13.1250751360153,,
138.0389,74.435,1.729,3.225,70.489,1.267,3.155,-0.004,-0.017,0.007,-0.004,-0.017,0.007,-25.306,-1.475,-7.682,-0.0,0.0,-0.0,-0.0,0.0,-0.0,851.33,-0.0,0.0,-0.0,0.0,0.0,0.0,0.0,0.0,-0.3193,0.8864,-0.3351,0.9463,0.2795,-0.1623,-0.0502,-0.3689,-0.9281,0.676,0.226,-0.7014,-0.7316,0.0917,-0.6755,-0.0884,0.9698,0.2273,-0.0,0.0,-0.0,0.0,0.0,0.0,-0.0078,-0.0171,-0.0011,37.2974,21.9335,67.1956,0.0,0.0434,-0.3666,0.0,0.0,0.0,2995089.9989,3357132.2012,-5015662.0656,4579.3232,3503.4691,5087.2769,2995052.7016,3357110.2677,-5015729.2611,4579.331,3503.4862,5087.278,0.0,0.0765,3.9732,0.0,0.0,1.0,0.0,1.0,0.0,0.0,1.172,-23.972,0.0,1.0,0.0,0.0,0.0,-1.0,3.65924391097396,0.018384776310850236,-0.37217500000000003,5.871192955461626,13.12489880903459,,
138.245,74.434,1.726,3.226,70.488,1.263,3.157,-0.004,-0.017,0.007,-0.004,-0.017,0.007,-25.306,-1.475,-7.682,-0.0,0.0,-0.0,-0.0,0.0,-0.0,851.33,-0.0,0.0,-0.0,0.0,0.0,0.0,0.0,0.0,-0.3193,0.8864,-0.3351,0.9463,0.2795,-0.1623,-0.0502,-0.3689,-0.9281,0.676,0.226,-0.7014,-0.7316,0.0917,-0.6755,-0.0884,0.9698,0.2273,-0.0,0.0,-0.0,0.0,0.0,0.0,-0.0078,-0.0171,-0.0011,37.2957,21.93,67.1953,0.0,0.0434,-0.3666,0.0,0.0,0.0,2996029.1716,3357850.698,-5014618.4874,4578.5225,3502.5717,5088.6174,2995991.8758,3357828.768,-5014685.6828,4578.5303,3502.5888,5088.6185,0.0,0.0765,3.9732,0.0,0.0,1.0,0.0,1.0,0.0,0.0,1.172,-23.972,0.0,1.0,0.0,0.0,0.0,-1.0,3.6587090619506766,0.018384776310850236,-0.37217,5.8920042101411765,13.124722482053881,,
138.4528,74.434,1.722,3.228,70.487,1.26,3.158,-0.004,-0.017,0.007,-0.004,-0.017,0.007,-25.306,-1.475,-7.682,-0.0,0.0,-0.0,-0.0,0.0,-0.0,851.33,-0.0,0.0,-0.0,0.0,0.0,0.0,0.0,0.0,-0.3193,0.8864,-0.3351,0.9463,0.2795,-0.1623,-0.0502,-0.3689,-0.9281,0.676,0.226,-0.7014,-0.7316,0.0917,-0.6755,-0.0884,0.9698,0.2273,-0.0,0.0,-0.0,0.0,0.0,0.0,-0.0078,-0.0171,-0.0011,37.2941,21.9265,67.1951,0.0,0.0434,-0.3666,0.0,0.0,0.0,2996984.1682,3358581.241,-5013556.8553,4577.708,3501.6588,5089.9804,2996946.874,3358559.3146,-5013624.0504,4577.7158,3501.6759,5089.9815,0.0,0.0765,3.9732,0.0,0.0,1.0,0.0,1.0,0.0,0.0,1.172,-23.972,0.0,1.0,0.0,0.0,0.0,-1.0,3.658588252318099,0.018384776310850236,-0.37217,5.875438327734238,13.124722482053881,,
138.653,74.433,1.719,3.229,70.486,1.256,3.16,-0.004,-0.017,0.007,-0.005,-0.015,0.008,-25.306,-1.474,-7.681,0.001,0.01,0.021,0.0,0.0,-0.0,851.309,-0.0,0.0,-0.0,0.088,0.0,0.0,0.0,0.0,-0.3193,0.8865,-0.335,0.9463,0.2795,-0.1623,-0.0502,-0.3689,-0.9281,0.676,0.226,-0.7014,-0.7316,0.0917,-0.6755,-0.0884,0.9698,0.2273,0.0004,0.0,-0.0,0.0,0.0,0.0,-0.0078,-0.0171,-0.0011,37.2926,21.923,67.1949,0.0,0.0434,-0.3666,0.0,0.0,0.0,2997903.0228,3359284.079,-5012534.9569,4576.9239,3500.7802,5091.2917,2997865.7302,3359262.156,-5012602.1518,4576.9317,3500.7973,5091.2929,0.0,0.0765,3.9732,0.0,0.0,1.0,0.0,1.0,0.0,0.0,1.172,-23.972,0.0,1.0,0.0,0.0,0.0,-1.0,3.6580598682908403,0.018384776310850236,-0.372165,5.896248608910438,13.124546155073174,,
138.8533,74.432,1.715,3.231,70.485,1.254,3.162,-0.005,-0.016,0.008,-0.005,-0.012,0.01,-25.307,-1.47,-7.672,0.002,0.03,0.064,0.001,0.0,-0.0,851.265,-0.0,0.0,-0.0,0.088,0.0,0.0,0.0,0.0,-0.3193,0.8865,-0.3349,0.9463,0.2796,-0.1622,-0.0502,-0.3687,-0.9282,0.676,0.226,-0.7014,-0.7316,0.0917,-0.6755,-0.0884,0.9698,0.2273,0.0012,0.0,-0.0,0.0,0.0,0.0,-0.0079,-0.0171,-0.0011,37.2911,21.9196,67.1946,0.0,0.0434,-0.3666,0.0,0.0,0.0,2998822.7343,3359987.5165,-5011511.665,4576.1386,3499.9004,5092.6043,2998785.4432,3359965.5969,-5011578.8596,4576.1465,3499.9175,5092.6054,0.0,0.0765,3.9732,0.0,0.0,1.0,0.0,1.0,0.0,0.0,1.172,-23.972,0.0,1.0,0.0,0.0,0.0,-1.0,3.657948332057193,0.017888543819998316,-0.37216,5.870368810197289,13.124369828092465,,
139.0564,74.431,1.712,3.232,70.484,1.251,3.164,-0.005,-0.016,0.008,-0.006,-0.009,0.011,-25.307,-1.462,-7.655,0.003,0.05,0.105,0.002,0.0,-0.0,851.224,-0.0,0.0,-0.0,0.088,0.0,0.0,0.0,0.0,-0.3193,0.8866,-0.3346,0.9463,0.2796,-0.1621,-0.0502,-0.3684,-0.9283,0.676,0.226,-0.7014,-0.7316,0.0917,-0.6755,-0.0884,0.9698,0.2273,0.002,0.0,-0.0,0.0,0.0,0.0,-0.0079,-0.0171,-0.0011,37.2896,21.9162,67.1943,0.0,0.0434,-0.3666,0.0,0.0,0.0,2999745.8686,3360693.5155,-5010484.1227,4575.3501,3499.017,5093.9217,2999708.579,3360671.5993,-5010551.3171,4575.358,3499.0341,5093.9228,0.0,0.0765,3.9732,0.0,0.0,1.0,0.0,1.0,0.0,0.0,1.172,-23.972,0.0,1.0,0.0,0.0,0.0,-1.0,3.6574264175783497,0.017888543819998316,-0.372155,5.876599718174044,13.124193501111757,,
139.259,74.43,1.709,3.234,70.483,1.25,3.166,-0.005,-0.016,0.008,-0.005,-0.011,0.01,-25.308,-1.453,-7.635,0.003,0.039,0.081,0.002,0.0,-0.0,851.183,-0.0,0.0,-0.0,0.0,0.0,0.0,0.0,0.0,-0.3193,0.8868,-0.3343,0.9463,0.2797,-0.162,-0.0502,-0.3681,-0.9285,0.676,0.226,-0.7014,-0.7316,0.0917,-0.6755,-0.0884,0.9698,0.2273,0.0016,0.0,-0.0,0.0,0.0,0.0,-0.0079,-0.0171,-0.0011,37.2881,21.9127,67.194,0.0,0.0434,-0.3666,0.0,0.0,0.0,3000675.8947,3361404.728,-5009448.4622,4574.5553,3498.1266,5095.2488,3000638.6067,3361382.8152,-5009515.6562,4574.5632,3498.1437,5095.25,0.0,0.0765,3.9732,0.0,0.0,1.0,0.0,1.0,0.0,0.0,1.172,-23.972,0.0,1.0,0.0,0.0,0.0,-1.0,3.6577912734326437,0.017888543819998316,-0.37215000000000004,5.849999931657318,13.12401717413105,,
139.4624,74.429,1.706,3.235,70.482,1.247,3.168,-0.005,-0.017,0.007,-0.005,-0.014,0.009,-25.308,-1.447,-7.623,0.001,0.019,0.039,0.001,0.0,-0.0,851.12,-0.0,0.0,-0.0,0.0,0.0,0.0,0.0,0.0,-0.3193,0.8868,-0.3341,0.9463,0.2797,-0.1619,-0.0502,-0.3678,-0.9285,0.676,0.226,-0.7014,-0.7316,0.0917,-0.6755,-0.0884,0.9698,0.2273,0.0008,0.0,-0.0,0.0,0.0,0.0,-0.0079,-0.0171,-0.0012,37.2866,21.9093,67.1938,0.0,0.0434,-0.3666,0.0,0.0,0.0,3001603.7307,3362114.2083,-5008414.7918,4573.762,3497.238,5096.5729,3001566.4442,3362092.2991,-5008481.9856,4573.77,3497.2551,5096.574,0.0,0.0765,3.9732,0.0,0.0,1.0,0.0,1.0,0.0,0.0,1.172,-23.972,0.0,1.0,0.0,0.0,0.0,-1.0,3.6572750785249935,0.018384776310850236,-0.372145,5.8562904233669855,13.12384084715034,,
139.6676,74.428,1.702,3.237,70.481,1.244,3.169,-0.005,-0.017,0.007,-0.005,-0.016,0.008,-25.308,-1.445,-7.619,-0.0,0.003,0.006,0.0,0.0,-0.0,851.069,-0.0,0.0,-0.0,0.0,0.0,0.0,0.0,0.0,-0.3193,0.8869,-0.334,0.9463,0.2797,-0.1619,-0.0502,-0.3678,-0.9286,0.676,0.226,-0.7014,-0.7316,0.0917,-0.6755,-0.0884,0.9698,0.2273,0.0001,0.0,-0.0,0.0,0.0,0.0,-0.0079,-0.0172,-0.0012,37.2849,21.9058,67.1935,0.0,0.0434,-0.3666,0.0,0.0,0.0,3002540.2799,3362830.2935,-5007370.9595,4572.9609,3496.3407,5097.9093,3002502.995,3362808.3877,-5007438.153,4572.9689,3496.3578,5097.9104,0.0,0.0765,3.9732,0.0,0.0,1.0,0.0,1.0,0.0,0.0,1.172,-23.972,0.0,1.0,0.0,0.0,0.0,-1.0,3.6571810182160798,0.018384776310850236,-0.37213999999999997,5.841205504987369,13.123664520169632,,
139.8742,74.427,1.699,3.238,70.48,1.241,3.171,-0.005,-0.017,0.007,-0.005,-0.014,0.009,-25.309,-1.443,-7.616,0.001,0.017,0.036,0.001,0.0,-0.0,851.038,-0.0,0.0,-0.0,0.69,0.0,0.0,0.0,0.0,-0.3193,0.8869,-0.3339,0.9463,0.2797,-0.1619,-0.0502,-0.3677,-0.9286,0.676,0.226,-0.7014,-0.7316,0.0917,-0.6755,-0.0884,0.9698,0.2273,0.0007,0.0,-0.0,0.0,0.0,0.0,-0.008,-0.0171,-0.0012,37.2833,21.9022,67.1933,0.0,0.0434,-0.3666,0.0,0.0,0.0,3003490.6081,3363556.8545,-5006311.3024,4572.1476,3495.4298,5099.2653,3003453.3248,3363534.9523,-5006378.4956,4572.1556,3495.447,5099.2664,0.0,0.0765,3.9732,0.0,0.0,1.0,0.0,1.0,0.0,0.0,1.172,-23.972,0.0,1.0,0.0,0.0,0.0,-1.0,3.6566713005136244,0.018384776310850236,-0.37213500000000005,5.847508288800284,13.123488193188924,,
140.0821,74.426,1.695,3.24,70.479,1.238,3.173,-0.005,-0.016,0.007,-0.005,-0.011,0.01,-25.309,-1.438,-7.604,0.002,0.037,0.077,0.001,0.0,-0.0,850.996,-0.0,0.0,-0.0,0.82,0.0,0.0,0.0,0.0,-0.3193,0.887,-0.3337,0.9463,0.2798,-0.1618,-0.0502,-0.3675,-0.9287,0.676,0.226,-0.7014,-0.7316,0.0917,-0.6755,-0.0884,0.9698,0.2273,0.0015,0.0,-0.0,0.0,0.0,0.0,-0.008,-0.0171,-0.0012,37.2817,21.8987,67.193,0.0,0.0434,-0.3666,0.0,0.0,0.0,3004428.8358,3364274.1048,-5005264.6792,4571.3442,3494.5302,5100.604,3004391.554,3364252.2061,-5005331.8722,4571.3522,3494.5474,5100.6052,0.0,0.0765,3.9732,0.0,0.0,1.0,0.0,1.0,0.0,0.0,1.172,-23.972,0.0,1.0,0.0,0.0,0.0,-1.0,3.656586522974672,0.01746424919657298,-0.37213,5.836291362718079,13.123311866208214,,
140.2822,74.425,1.692,3.241,70.478,1.236,3.175,-0.005,-0.016,0.008,-0.006,-0.008,0.012,-25.31,-1.428,-7.584,0.004,0.057,0.12,0.002,0.0,-0.0,850.953,-0.0,0.0,-0.0,0.624,0.0,0.0,0.0,0.0,-0.3193,0.8871,-0.3334,0.9463,0.2798,-0.1617,-0.0502,-0.3671,-0.9288,0.676,0.226,-0.7014,-0.7316,0.0917,-0.6755,-0.0884,0.9698,0.2273,0.0023,0.0,-0.0,0.0,0.0,0.0,-0.008,-0.0171,-0.0012,37.2802,21.8953,67.1927,0.0,0.0434,-0.3665,0.0,0.0,0.0,3005354.9574,3364982.0433,-5004231.1077,4570.5508,3493.6419,5101.9254,3005317.6771,3364960.1481,-5004298.3003,4570.5589,3493.659,5101.9266,0.0,0.0765,3.9732,0.0,0.0,1.0,0.0,1.0,0.0,0.0,1.172,-23.972,0.0,1.0,0.0,0.0,0.0,-1.0,3.656083286797499,0.017888543819998316,-0.372125,5.828056035460253,13.123135539227505,,
140.4836,74.424,1.689,3.243,70.477,1.235,3.178,-0.005,-0.016,0.008,-0.006,-0.005,0.013,-25.311,-1.415,-7.556,0.005,0.076,0.161,0.003,0.0,-0.0,850.911,-0.0,0.0,-0.0,0.624,0.0,0.0,0.0,0.0,-0.3193,0.8873,-0.3329,0.9463,0.2799,-0.1616,-0.0502,-0.3666,-0.929,0.676,0.226,-0.7014,-0.7316,0.0917,-0.6755,-0.0884,0.9698,0.2273,0.0031,0.0,-0.0,0.0,0.0,0.0,-0.008,-0.0171,-0.0012,37.2788,21.8919,67.1923,0.0,0.0434,-0.3665,0.0,0.0,0.0,3006275.0149,3365685.2896,-5003203.863,4569.7623,3492.7591,5103.2381,3006237.7361,3365663.3977,-5003271.0553,4569.7703,3492.7762,5103.2393,0.0,0.0765,3.9732,0.0,0.0,1.0,0.0,1.0,0.0,0.0,1.172,-23.972,0.0,1.0,0.0,0.0,0.0,-1.0,3.6564696087893305,0.017888543819998316,-0.37212,5.805507692287523,13.122959212246798,,
140.6892,74.423,1.685,3.245,70.476,1.234,3.18,-0.005,-0.016,0.008,-0.007,-0.002,0.015,-25.312,-1.397,-7.518,0.006,0.097,0.204,0.004,0.0,-0.0,850.867,-0.0,0.0,-0.0,0.624,0.0,0.0,0.0,0.0,-0.3193,0.8875,-0.3323,0.9463,0.28,-0.1614,-0.0502,-0.366,-0.9293,0.676,0.226,-0.7014,-0.7316,0.0917,-0.6755,-0.0884,0.9698,0.2273,0.004,0.0,-0.0,0.0,0.0,0.0,-0.0081,-0.0171,-0.0012,37.2774,21.8884,67.192,0.0,0.0434,-0.3665,0.0,0.0,0.0,3007215.5981,3366404.1662,-5002153.2453,4568.9557,3491.8562,5104.58,3007178.3207,3366382.2778,-5002220.4373,4568.9638,3491.8733,5104.5812,0.0,0.0765,3.9732,0.0,0.0,1.0,0.0,1.0,0.0,0.0,1.172,-23.972,0.0,1.0,0.0,0.0,0.0,-1.0,3.656398501257761,0.017888543819998316,-0.37211500000000003,5.765188251223366,13.122782885266089,,
140.8912,74.422,1.682,3.246,70.474,1.234,3.183,-0.005,-0.015,0.008,-0.007,0.002,0.016,-25.313,-1.375,-7.472,0.008,0.117,0.247,0.005,0.0,-0.0,850.824,-0.0,0.0,-0.0,0.624,0.0,0.0,0.0,0.0,-0.3193,0.8878,-0.3315,0.9463,0.2802,-0.1611,-0.0502,-0.3651,-0.9296,0.676,0.226,-0.7014,-0.7316,0.0917,-0.6755,-0.0884,0.9698,0.2273,0.0048,0.0,-0.0,0.0,0.0,0.0,-0.0081,-0.0171,-0.0012,37.276,21.8851,67.1916,0.0,0.0434,-0.3665,0.0,0.0,0.0,3008141.6331,3367111.8667,-5001118.4238,4568.1613,3490.9669,5105.9012,3008104.3571,3367089.9816,-5001185.6154,4568.1694,3490.984,5105.9024,0.0,0.0765,3.9732,0.0,0.0,1.0,0.0,1.0,0.0,0.0,1.172,-23.972,0.0,1.0,0.0,0.0,0.0,-1.0,3.655904812765234,0.016999999999999998,-0.37211,5.730636093762931,13.12260655828538,,
141.0961,74.421,1.679,3.248,70.473,1.235,3.187,-0.005,-0.015,0.008,-0.007,0.005,0.018,-25.315,-1.349,-7.418,0.009,0.137,0.289,0.006,0.0,-0.0,850.782,-0.0,0.0,-0.0,0.624,0.0,0.0,0.0,0.0,-0.3193,0.8882,-0.3305,0.9463,0.2803,-0.1608,-0.0502,-0.3641,-0.93,0.676,0.226,-0.7014,-0.7316,0.0917,-0.6755,-0.0884,0.9698,0.2273,0.0056,0.0,-0.0,0.0,0.0,0.0,-0.0081,-0.0171,-0.0012,37.2747,21.8817,67.1911,0.0,0.0434,-0.3665,0.0,0.0,0.0,3009072.6993,3367823.3541,-5000077.5307,4567.3621,3490.0724,5107.2294,3009035.4246,3367801.4724,-5000144.7218,4567.3702,3490.0895,5107.2306,0.0,0.0765,3.9732,0.0,0.0,1.0,0.0,1.0,0.0,0.0,1.172,-23.972,0.0,1.0,0.0,0.0,0.0,-1.0,3.656302093645983,0.016999999999999998,-0.372105,5.683607180687505,13.122430231304673,,
141.3024,74.42,1.676,3.249,70.471,1.236,3.191,-0.005,-0.015,0.008,-0.008,0.008,0.019,-25.317,-1.319,-7.354,0.011,0.158,0.333,0.006,0.0,-0.0,850.738,-0.0,0.0,-0.0,0.624,0.0,0.0,0.0,0.0,-0.3193,0.8886,-0.3294,0.9463,0.2805,-0.1605,-0.0502,-0.363,-0.9304,0.676,0.226,-0.7014,-0.7316,0.0917,-0.6755,-0.0884,0.9698,0.2273,0.0064,0.0,-0.0,0.0,0.0,0.0,-0.0081,-0.017,-0.0012,37.2734,21.8783,67.1907,0.0,0.0434,-0.3665,0.0,0.0,0.0,3010016.0602,3368544.1776,-4999022.4306,4566.552,3489.1658,5108.5752,3009978.7868,3368522.2993,-4999089.6212,4566.5601,3489.1829,5108.5764,0.0,0.0765,3.9732,0.0,0.0,1.0,0.0,1.0,0.0,0.0,1.172,-23.972,0.0,1.0,0.0,0.0,0.0,-1.0,3.6558141364133925,0.016999999999999998,-0.3721,5.639659182518314,13.122253904323964,,
141.5077,74.419,1.673,3.251,70.469,1.238,3.195,-0.005,-0.015,0.008,-0.008,0.011,0.021,-25.319,-1.284,-7.281,0.012,0.178,0.374,0.007,0.0,-0.0,850.695,-0.0,0.0,-0.0,0.624,0.0,0.0,0.0,0.0,-0.3192,0.889,-0.3282,0.9463,0.2807,-0.1601,-0.0502,-0.3617,-0.9309,0.676,0.226,-0.7014,-0.7316,0.0917,-0.6755,-0.0884,0.9698,0.2273,0.0072,0.0,-0.0,0.0,0.0,0.0,-0.0081,-0.017,-0.0012,37.2722,21.8749,67.1902,0.0,0.0434,-0.3665,0.0,0.0,0.0,3010952.5023,3369259.6557,-4997974.6084,4565.7474,3488.2655,5109.911,3010915.2301,3369237.7808,-4998041.7986,4565.7556,3488.2825,5109.9123,0.0,0.0765,3.9732,0.0,0.0,1.0,0.0,1.0,0.0,0.0,1.172,-23.972,0.0,1.0,0.0,0.0,0.0,-1.0,3.6562179913128814,0.016999999999999998,-0.372095,5.577653592202212,13.122077577343255,,
141.7106,74.418,1.67,3.253,70.468,1.241,3.199,-0.005,-0.014,0.008,-0.009,0.014,0.022,-25.321,-1.246,-7.201,0.014,0.198,0.417,0.008,0.0,-0.0,850.652,-0.0,0.0,-0.0,0.624,0.0,0.0,0.0,0.0,-0.3192,0.8895,-0.3268,0.9463,0.281,-0.1597,-0.0502,-0.3602,-0.9315,0.676,0.226,-0.7014,-0.7316,0.0917,-0.6755,-0.0884,0.9698,0.2273,0.0081,0.0,-0.0,0.0,0.0,0.0,-0.0082,-0.017,-0.0012,37.271,21.8716,67.1897,0.0,0.0434,-0.3665,0.0,0.0,0.0,3011879.7938,3369968.0847,-4996936.5734,4564.9504,3487.3736,5111.2338,3011842.5228,3369946.2131,-4997003.7631,4564.9585,3487.3907,5111.235,0.0,0.0765,3.9732,0.0,0.0,1.0,0.0,1.0,0.0,0.0,1.172,-23.972,0.0,1.0,0.0,0.0,0.0,-1.0,3.6566253568009945,0.0161245154965971,-0.37209000000000003,5.503214298052698,13.121901250362548,,
141.9167,74.417,1.667,3.254,70.466,1.244,3.204,-0.005,-0.014,0.008,-0.009,0.018,0.024,-25.323,-1.203,-7.11,0.015,0.219,0.461,0.009,0.0,-0.0,850.608,-0.0,0.0,-0.0,0.624,0.0,0.0,0.0,0.0,-0.3192,0.8901,-0.3253,0.9463,0.2812,-0.1592,-0.0502,-0.3586,-0.9321,0.676,0.226,-0.7014,-0.7316,0.0917,-0.6755,-0.0884,0.9698,0.2273,0.0089,0.0,-0.0,0.0,0.0,0.0,-0.0082,-0.017,-0.0012,37.2698,21.8683,67.1891,0.0,0.0434,-0.3665,0.0,0.0,0.0,3012819.7136,3370686.1027,-4995883.9429,4564.142,3486.4693,5112.5745,3012782.4438,3370664.2344,-4995951.132,4564.1502,3486.4863,5112.5758,0.0,0.0765,3.9732,0.0,0.0,1.0,0.0,1.0,0.0,0.0,1.172,-23.972,0.0,1.0,0.0,0.0,0.0,-1.0,3.65614619510763,0.0161245154965971,-0.372085,5.43749395277983,13.121724923381839,,
142.1195,74.416,1.664,3.256,70.464,1.248,3.209,-0.005,-0.014,0.008,-0.009,0.021,0.025,-25.326,-1.157,-7.013,0.017,0.238,0.502,0.01,0.0,-0.0,850.566,-0.0,0.0,-0.0,0.624,0.0,0.0,0.0,0.0,-0.3192,0.8907,-0.3236,0.9463,0.2815,-0.1587,-0.0502,-0.3569,-0.9328,0.676,0.226,-0.7014,-0.7316,0.0917,-0.6755,-0.0884,0.9698,0.2273,0.0097,0.0,-0.0,0.0,0.0,0.0,-0.0082,-0.017,-0.0013,37.2688,21.865,67.1885,0.0,0.0434,-0.3665,0.0,0.0,0.0,3013742.8302,3371391.2267,-4994849.6817,4563.3478,3485.5808,5113.8912,3013705.5614,3371369.3617,-4994916.8702,4563.356,3485.5977,5113.8925,0.0,0.0765,3.9732,0.0,0.0,1.0,0.0,1.0,0.0,0.0,1.172,-23.972,0.0,1.0,0.0,0.0,0.0,-1.0,3.6565601321460584,0.0161245154965971,-0.37207999999999997,5.354075517022927,13.121548596401128,,
142.3259,74.415,1.662,3.258,70.462,1.253,3.214,-0.006,-0.014,0.009,-0.01,0.024,0.027,-25.329,-1.106,-6.905,0.018,0.259,0.545,0.011,0.0,-0.0,850.522,-0.0,0.0,-0.0,0.624,0.0,0.0,0.0,0.0,-0.3192,0.8914,-0.3217,0.9463,0.2819,-0.1581,-0.0502,-0.3549,-0.9335,0.676,0.226,-0.7014,-0.7316,0.0917,-0.6755,-0.0884,0.9698,0.2273,0.0105,0.0,-0.0,0.0,0.0,0.0,-0.0082,-0.017,-0.0013,37.2677,21.8617,67.1879,0.0,0.0434,-0.3664,0.0,0.0,0.0,3014684.1609,3372110.2052,-4993794.5514,4562.5374,3484.6743,5115.2339,3014646.8932,3372088.3435,-4993861.7393,4562.5457,3484.6913,5115.2352,0.0,0.0765,3.9732,0.0,0.0,1.0,0.0,1.0,0.0,0.0,1.172,-23.972,0.0,1.0,0.0,0.0,0.0,-1.0,3.6574318859002695,0.016643316977093238,-0.37207500000000004,5.271132989504546,13.121372269420423,,
142.5268,74.414,1.659,3.26,70.46,1.258,3.22,-0.006,-0.013,0.009,-0.01,0.027,0.028,-25.331,-1.051,-6.79,0.019,0.278,0.587,0.011,0.0,-0.0,850.48,-0.0,0.0,-0.0,0.624,0.0,0.0,0.0,0.0,-0.3192,0.8921,-0.3197,0.9464,0.2822,-0.1574,-0.0502,-0.3528,-0.9343,0.676,0.226,-0.7014,-0.7316,0.0917,-0.6755,-0.0884,0.9698,0.2273,0.0113,0.0,-0.0,0.0,0.0,0.0,-0.0083,-0.017,-0.0013,37.2668,21.8585,67.1873,0.0,0.0434,-0.3664,0.0,0.0,0.0,3015609.9729,3372817.2725,-4992756.3648,4561.7401,3483.7825,5116.5544,3015572.7061,3372795.414,-4992823.552,4561.7483,3483.7995,5116.5556,0.0,0.0765,3.9732,0.0,0.0,1.0,0.0,1.0,0.0,0.0,1.172,-23.972,0.0,1.0,0.0,0.0,0.0,-1.0,3.657851965293292,0.015811388300841896,-0.37207,5.181725108412876,13.121195942439712,,
142.7342,74.412,1.656,3.262,70.458,1.264,3.225,-0.006,-0.013,0.009,-0.01,0.03,0.03,-25.334,-0.992,-6.665,0.021,0.299,0.63,0.012,0.0,-0.0,850.436,-0.0,0.0,-0.0,0.624,0.0,0.0,0.0,0.0,-0.3192,0.8929,-0.3176,0.9464,0.2826,-0.1568,-0.0502,-0.3506,-0.9352,0.676,0.226,-0.7014,-0.7316,0.0917,-0.6755,-0.0884,0.9698,0.2273,0.0122,0.0,-0.0001,0.0,0.0,0.0,-0.0083,-0.0169,-0.0013,37.2658,21.8552,67.1866,0.0,0.0434,-0.3664,0.0,0.0,0.0,3016546.9815,3373532.8325,-4991705.1647,4560.9327,3482.8796,5117.8908,3016509.7157,3373510.9773,-4991772.3513,4560.9409,3482.8965,5117.892,0.0,0.0765,3.9732,0.0,0.0,1.0,0.0,1.0,0.0,0.0,1.172,-23.972,0.0,1.0,0.0,0.0,0.0,-1.0,3.658275550037203,0.015811388300841896,-0.37206000000000006,5.075767549039159,13.120843288478296,,
142.9397,74.411,1.653,3.263,70.456,1.27,3.232,-0.006,-0.013,0.009,-0.01,0.034,0.031,-25.337,-0.928,-6.53,0.022,0.32,0.674,0.013,0.0,-0.0,850.392,-0.0,0.0,-0.0,0.624,0.0,0.0,0.0,0.0,-0.3192,0.8937,-0.3153,0.9464,0.283,-0.156,-0.0502,-0.3481,-0.9361,0.676,0.226,-0.7014,-0.7316,0.0917,-0.6755,-0.0884,0.9698,0.2273,0.013,0.0,-0.0001,0.0,0.0,0.0,-0.0083,-0.0169,-0.0013,37.265,21.852,67.1859,0.0,0.0434,-0.3664,0.0,0.0,0.0,3017488.7646,3374251.9798,-4990648.1413,4560.1207,3481.9716,5119.2339,3017451.4997,3374230.1278,-4990715.3272,4560.1291,3481.9886,5119.2352,0.0,0.0765,3.9732,0.0,0.0,1.0,0.0,1.0,0.0,0.0,1.172,-23.972,0.0,1.0,0.0,0.0,0.0,-1.0,3.6578105473083213,0.015811388300841896,-0.372055,4.988652271083688,13.120666961497587,,
143.1424,74.41,1.651,3.265,70.454,1.277,3.238,-0.006,-0.012,0.009,-0.011,0.037,0.033,-25.34,-0.861,-6.39,0.024,0.339,0.715,0.014,0.0,-0.0,850.351,-0.0,0.0,-0.0,0.585,0.0,0.0,0.0,0.0,-0.3192,0.8946,-0.3128,0.9464,0.2834,-0.1553,-0.0503,-0.3456,-0.937,0.676,0.226,-0.7014,-0.7316,0.0917,-0.6755,-0.0884,0.9698,0.2273,0.0138,0.0,-0.0001,0.0,0.0,0.0,-0.0083,-0.0169,-0.0013,37.2641,21.8488,67.1852,0.0,0.0434,-0.3664,0.0,0.0,0.0,3018409.5464,3374955.0324,-4989614.2417,4559.3266,3481.0836,5120.5471,3018372.2823,3374933.1836,-4989681.4269,4559.3349,3481.1005,5120.5484,0.0,0.0765,3.9732,0.0,0.0,1.0,0.0,1.0,0.0,0.0,1.172,-23.972,0.0,1.0,0.0,0.0,0.0,-1.0,3.6586918427219315,0.015,-0.37205,4.891830303583238,13.120490634516878,,
143.3507,74.409,1.648,3.267,70.452,1.285,3.245,-0.006,-0.012,0.009,-0.011,0.039,0.034,-25.343,-0.789,-6.237,0.025,0.352,0.742,0.014,0.0,-0.0,850.323,-0.0,0.0,-0.0,0.559,0.0,0.0,0.0,0.0,-0.3192,0.8955,-0.3102,0.9464,0.2838,-0.1544,-0.0503,-0.3428,-0.938,0.676,0.226,-0.7014,-0.7316,0.0917,-0.6755,-0.0884,0.9698,0.2273,0.0143,0.0,-0.0001,0.0,0.0,0.0,-0.0083,-0.0169,-0.0013,37.2633,21.8456,67.1844,0.0,0.0434,-0.3664,0.0,0.0,0.0,3019359.0274,3375679.9384,-4988547.6507,4558.5072,3480.1676,5121.9011,3019321.7641,3375658.0928,-4988614.8351,4558.5156,3480.1845,5121.9025,0.0,0.0765,3.9732,0.0,0.0,1.0,0.0,1.0,0.0,0.0,1.172,-23.972,0.0,1.0,0.0,0.0,0.0,-1.0,3.6591246220920106,0.015,-0.372045,4.7784445827414315,13.120314307536171,,
143.5539,74.408,1.646,3.269,70.449,1.293,3.252,-0.006,-0.013,0.009,-0.01,0.036,0.032,-25.345,-0.719,-6.09,0.023,0.332,0.7,0.014,0.0,-0.0,850.258,-0.0,0.0,-0.0,0.258,0.0,0.0,0.0,0.0,-0.3192,0.8964,-0.3076,0.9464,0.2842,-0.1536,-0.0503,-0.3402,-0.939,0.676,0.226,-0.7014,-0.7316,0.0917,-0.6755,-0.0884,0.9698,0.2273,0.0135,0.0,-0.0001,0.0,0.0,0.0,-0.0084,-0.0169,-0.0013,37.2625,21.8424,67.1837,0.0,0.0434,-0.3664,0.0,0.0,0.0,3020289.9228,3376390.5963,-4987501.4755,4557.7035,3479.2691,5123.2287,3020252.6603,3376368.7539,-4987568.6592,4557.7119,3479.286,5123.23,0.0,0.0765,3.9732,0.0,0.0,1.0,0.0,1.0,0.0,0.0,1.172,-23.972,0.0,1.0,0.0,0.0,0.0,-1.0,3.6600105191105667,0.015811388300841896,-0.37204,4.680913641976094,13.120137980555462,,
143.7602,74.406,1.643,3.271,70.447,1.3,3.258,-0.006,-0.013,0.009,-0.01,0.032,0.03,-25.348,-0.652,-5.95,0.021,0.311,0.655,0.013,0.0,-0.0,850.19,-0.0,0.0,-0.0,0.258,0.0,0.0,0.0,0.0,-0.3192,0.8972,-0.3052,0.9464,0.2846,-0.1529,-0.0503,-0.3376,-0.9399,0.676,0.226,-0.7014,-0.7316,0.0917,-0.6755,-0.0884,0.9698,0.2273,0.0127,0.0,-0.0001,0.0,0.0,0.0,-0.0084,-0.0169,-0.0013,37.2616,21.8392,67.183,0.0,0.0434,-0.3664,0.0,0.0,0.0,3021230.6039,3377108.6654,-4986443.8415,4556.891,3478.3608,5124.5701,3021193.3423,3377086.8262,-4986511.0244,4556.8994,3478.3777,5124.5714,0.0,0.0765,3.9732,0.0,0.0,1.0,0.0,1.0,0.0,0.0,1.172,-23.972,0.0,1.0,0.0,0.0,0.0,-1.0,3.660449425958512,0.015811388300841896,-0.37203,4.5827123949687705,13.119785326594046,,
143.9674,74.405,1.64,3.272,70.445,1.306,3.264,-0.006,-0.013,0.009,-0.009,0.029,0.029,-25.35,-0.59,-5.819,0.02,0.29,0.611,0.012,0.0,-0.0,850.122,-0.0,0.0,-0.0,0.369,0.0,0.0,0.0,0.0,-0.3191,0.898,-0.3029,0.9464,0.285,-0.1521,-0.0503,-0.3353,-0.9408,0.676,0.226,-0.7014,-0.7316,0.0917,-0.6755,-0.0884,0.9698,0.2273,0.0118,0.0,-0.0001,0.0,0.0,0.0,-0.0084,-0.0169,-0.0013,37.2607,21.8359,67.1823,0.0,0.0434,-0.3663,0.0,0.0,0.0,3022172.0842,3377827.2852,-4985384.8419,4556.0774,3477.4514,5125.9126,3022134.8235,3377805.4493,-4985452.0242,4556.0858,3477.4683,5125.9139,0.0,0.0765,3.9732,0.0,0.0,1.0,0.0,1.0,0.0,0.0,1.172,-23.972,0.0,1.0,0.0,0.0,0.0,-1.0,3.6599978142069975,0.015811388300841896,-0.372025,4.5076386747141495,13.119608999613337,,
144.1729,74.404,1.638,3.274,70.443,1.312,3.27,-0.006,-0.013,0.009,-0.009,0.026,0.027,-25.352,-0.532,-5.697,0.018,0.27,0.568,0.011,0.0,-0.0,850.058,-0.0,0.0,-0.0,0.389,0.0,0.0,0.0,0.0,-0.3191,0.8987,-0.3008,0.9464,0.2854,-0.1515,-0.0503,-0.333,-0.9416,0.676,0.226,-0.7014,-0.7316,0.0917,-0.6755,-0.0884,0.9698,0.2273,0.011,0.0,-0.0001,0.0,0.0,0.0,-0.0084,-0.017,-0.0013,37.2597,21.8327,67.1816,0.0,0.0434,-0.3663,0.0,0.0,0.0,3023111.0269,3378543.9086,-4984328.2324,4555.2655,3476.544,5127.2514,3023073.7672,3378522.0759,-4984395.4141,4555.274,3476.561,5127.2528,0.0,0.0765,3.9732,0.0,0.0,1.0,0.0,1.0,0.0,0.0,1.172,-23.972,0.0,1.0,0.0,0.0,0.0,-1.0,3.6608906020256873,0.015811388300841896,-0.37201999999999996,4.440585266237154,13.119432672632627,,
144.3748,74.403,1.635,3.276,70.442,1.317,3.275,-0.006,-0.014,0.008,-0.008,0.022,0.026,-25.354,-0.48,-5.587,0.016,0.249,0.525,0.01,0.0,-0.0,849.992,-0.0,0.0,-0.0,0.389,0.0,0.0,0.0,0.0,-0.3191,0.8993,-0.2989,0.9464,0.2857,-0.1509,-0.0503,-0.331,-0.9423,0.676,0.226,-0.7014,-0.7316,0.0917,-0.6755,-0.0884,0.9698,0.2273,0.0101,0.0,-0.0001,0.0,0.0,0.0,-0.0084,-0.017,-0.0013,37.2586,21.8295,67.181,0.0,0.0434,-0.3663,0.0,0.0,0.0,3024031.4836,3379246.3655,-4983291.9747,4554.4693,3475.6542,5128.5639,3023994.2249,3379224.536,-4983359.1557,4554.4777,3475.6712,5128.5652,0.0,0.0765,3.9732,0.0,0.0,1.0,0.0,1.0,0.0,0.0,1.172,-23.972,0.0,1.0,0.0,0.0,0.0,-1.0,3.6613386896052105,0.0161245154965971,-0.37201500000000004,4.369505148253023,13.119256345651921,,
144.5777,74.402,1.632,3.278,70.44,1.321,3.281,-0.006,-0.014,0.008,-0.008,0.021,0.025,-25.355,-0.431,-5.485,0.016,0.239,0.503,0.01,0.0,-0.0,849.958,-0.0,0.0,-0.0,0.389,0.0,0.0,0.0,0.0,-0.3191,0.8999,-0.2971,0.9464,0.286,-0.1503,-0.0503,-0.3292,-0.9429,0.676,0.226,-0.7014,-0.7316,0.0917,-0.6755,-0.0884,0.9698,0.2273,0.0097,0.0,-0.0001,0.0,0.0,0.0,-0.0085,-0.017,-0.0013,37.2576,21.8262,67.1804,0.0,0.0434,-0.3663,0.0,0.0,0.0,3024944.9562,3379943.436,-4982263.1387,4553.6787,3474.7708,5129.8663,3024907.6986,3379921.6097,-4982330.3191,4553.6872,3474.7878,5129.8677,0.0,0.0765,3.9732,0.0,0.0,1.0,0.0,1.0,0.0,0.0,1.172,-23.972,0.0,1.0,0.0,0.0,0.0,-1.0,3.6617902725306375,0.0161245154965971,-0.37201,4.32135422199879,13.11908001867121,,
144.7794,74.401,1.629,3.279,70.438,1.325,3.286,-0.006,-0.014,0.008,-0.008,0.021,0.025,-25.356,-0.383,-5.383,0.016,0.239,0.503,0.01,0.0,-0.0,849.958,-0.0,0.0,-0.0,0.389,0.0,0.0,0.0,0.0,-0.3191,0.9005,-0.2954,0.9464,0.2862,-0.1497,-0.0503,-0.3273,-0.9436,0.676,0.226,-0.7014,-0.7316,0.0917,-0.6755,-0.0884,0.9698,0.2273,0.0097,0.0,-0.0001,0.0,0.0,0.0,-0.0085,-0.017,-0.0013,37.2565,21.823,67.1798,0.0,0.0434,-0.3663,0.0,0.0,0.0,3025869.0838,3380648.5801,-4981221.8545,4552.8786,3473.8768,5131.1839,3025831.8273,3380626.7571,-4981289.0343,4552.887,3473.8938,5131.1853,0.0,0.0765,3.9732,0.0,0.0,1.0,0.0,1.0,0.0,0.0,1.172,-23.972,0.0,1.0,0.0,0.0,0.0,-1.0,3.661349751116383,0.0161245154965971,-0.372005,4.275671191983224,13.118903691690502,,
144.9854,74.4,1.626,3.281,70.437,1.33,3.291,-0.006,-0.014,0.008,-0.008,0.023,0.026,-25.358,-0.332,-5.276,0.017,0.254,0.534,0.01,0.0,-0.0,849.927,-0.0,0.0,-0.0,0.454,0.0,0.0,0.0,0.0,-0.3191,0.9011,-0.2935,0.9464,0.2865,-0.1492,-0.0503,-0.3254,-0.9443,0.676,0.226,-0.7014,-0.7316,0.0917,-0.6755,-0.0884,0.9698,0.2273,0.0103,0.0,-0.0001,0.0,0.0,0.0,-0.0085,-0.017,-0.0013,37.2554,21.8197,67.1792,0.0,0.0434,-0.3663,0.0,0.0,0.0,3026815.6536,3381370.7888,-4980154.8158,4552.0585,3472.9607,5132.5335,3026778.3982,3381348.9691,-4980221.9951,4552.067,3472.9777,5132.5348,0.0,0.0765,3.9732,0.0,0.0,1.0,0.0,1.0,0.0,0.0,1.172,-23.972,0.0,1.0,0.0,0.0,0.0,-1.0,3.66180788682312,0.0161245154965971,-0.37200000000000005,4.212968717554282,13.118727364709795,,
145.1901,74.398,1.624,3.283,70.435,1.335,3.296,-0.006,-0.014,0.009,-0.008,0.026,0.028,-25.359,-0.278,-5.163,0.018,0.273,0.575,0.011,0.0,-0.0,849.885,-0.0,0.0,-0.0,0.493,0.0,0.0,0.0,0.0,-0.3191,0.9018,-0.2915,0.9464,0.2869,-0.1485,-0.0503,-0.3233,-0.945,0.676,0.226,-0.7014,-0.7316,0.0917,-0.6755,-0.0884,0.9698,0.2273,0.0111,0.0,-0.0001,0.0,0.0,0.0,-0.0085,-0.017,-0.0014,37.2543,21.8164,67.1786,0.0,0.0434,-0.3663,0.0,0.0,0.0,3027742.7359,3382078.0706,-4979109.2856,4551.255,3472.0632,5133.8552,3027705.4815,3382056.2542,-4979176.4642,4551.2635,3472.0801,5133.8565,0.0,0.0765,3.9732,0.0,0.0,1.0,0.0,1.0,0.0,0.0,1.172,-23.972,0.0,1.0,0.0,0.0,0.0,-1.0,3.6627127924531564,0.016643316977093238,-0.37199,4.16406126804166,13.118374710748377,,
145.3967,74.397,1.621,3.285,70.433,1.341,3.302,-0.006,-0.013,0.009,-0.009,0.03,0.029,-25.361,-0.22,-5.04,0.02,0.294,0.618,0.012,0.0,-0.0,849.841,-0.0,0.0,-0.0,0.493,0.0,0.0,0.0,0.0,-0.3191,0.9025,-0.2894,0.9464,0.2872,-0.1479,-0.0503,-0.321,-0.9457,0.676,0.226,-0.7014,-0.7316,0.0917,-0.6755,-0.0884,0.9698,0.2273,0.012,0.0,-0.0001,0.0,0.0,0.0,-0.0085,-0.017,-0.0014,37.2533,21.8131,67.1779,0.0,0.0434,-0.3663,0.0,0.0,0.0,3028680.8604,3382793.7176,-4978050.84,4550.4415,3471.1546,5135.1926,3028643.6071,3382771.9045,-4978118.0179,4550.4501,3471.1715,5135.194,0.0,0.0765,3.9732,0.0,0.0,1.0,0.0,1.0,0.0,0.0,1.172,-23.972,0.0,1.0,0.0,0.0,0.0,-1.0,3.663177036398869,0.015811388300841896,-0.371985,4.1056461111064255,13.11819838376767,,
145.6035,74.396,1.618,3.286,70.431,1.347,3.308,-0.006,-0.013,0.009,-0.009,0.03,0.029,-25.362,-0.158,-4.911,0.02,0.295,0.621,0.012,0.0,-0.0,849.829,-0.0,0.0,-0.0,0.454,0.0,0.0,0.0,0.0,-0.3191,0.9032,-0.2871,0.9464,0.2875,-0.1471,-0.0503,-0.3187,-0.9465,0.676,0.226,-0.7014,-0.7316,0.0917,-0.6755,-0.0884,0.9698,0.2273,0.012,0.0,-0.0001,0.0,0.0,0.0,-0.0086,-0.017,-0.0014,37.2523,21.8099,67.1773,0.0,0.0434,-0.3663,0.0,0.0,0.0,3029626.9858,3383515.4079,-4976982.8971,4549.6207,3470.2378,5136.5414,3029589.7335,3383493.598,-4977050.0744,4549.6293,3470.2548,5136.5428,0.0,0.0765,3.9732,0.0,0.0,1.0,0.0,1.0,0.0,0.0,1.172,-23.972,0.0,1.0,0.0,0.0,0.0,-1.0,3.662747602551942,0.015811388300841896,-0.37198,4.062071862374969,13.11802205678696,,
145.8128,74.395,1.615,3.288,70.43,1.353,3.314,-0.006,-0.013,0.009,-0.008,0.027,0.028,-25.363,-0.099,-4.786,0.018,0.279,0.587,0.011,0.0,-0.0,849.779,-0.0,0.0,-0.0,0.454,0.0,0.0,0.0,0.0,-0.319,0.9039,-0.2849,0.9464,0.2879,-0.1465,-0.0503,-0.3164,-0.9473,0.676,0.226,-0.7014,-0.7316,0.0917,-0.6755,-0.0884,0.9698,0.2273,0.0114,0.0,-0.0001,0.0,0.0,0.0,-0.0086,-0.017,-0.0014,37.2514,21.8066,67.1766,0.0,0.0434,-0.3663,0.0,0.0,0.0,3030571.302,3384235.6578,-4975916.5243,4548.801,3469.3225,5137.8875,3030534.0506,3384213.8512,-4975983.7009,4548.8096,3469.3394,5137.8889,0.0,0.0765,3.9732,0.0,0.0,1.0,0.0,1.0,0.0,0.0,1.172,-23.972,0.0,1.0,0.0,0.0,0.0,-1.0,3.6632183937079152,0.015811388300841896,-0.371975,4.0141488135753125,13.117845729806252,,
146.0142,74.394,1.613,3.29,70.428,1.358,3.32,-0.006,-0.014,0.008,-0.008,0.025,0.027,-25.364,-0.043,-4.669,0.017,0.266,0.561,0.011,0.0,-0.0,849.738,-0.0,0.0,-0.0,0.324,0.0,0.0,0.0,0.0,-0.319,0.9045,-0.2829,0.9464,0.2882,-0.1458,-0.0504,-0.3143,-0.948,0.676,0.226,-0.7014,-0.7316,0.0917,-0.6755,-0.0884,0.9698,0.2273,0.0108,0.0,-0.0001,0.0,0.0,0.0,-0.0086,-0.017,-0.0014,37.2503,21.8034,67.176,0.0,0.0434,-0.3663,0.0,0.0,0.0,3031489.3163,3384935.7891,-4974879.3999,4548.0038,3468.4322,5139.1962,3031452.066,3384913.9858,-4974946.5759,4548.0124,3468.4493,5139.1975,0.0,0.0765,3.9732,0.0,0.0,1.0,0.0,1.0,0.0,0.0,1.172,-23.972,0.0,1.0,0.0,0.0,0.0,-1.0,3.6641327759785125,0.0161245154965971,-0.37197,3.9898432774503014,13.117669402825545,,
146.2144,74.393,1.61,3.292,70.427,1.363,3.325,-0.006,-0.014,0.008,-0.008,0.022,0.025,-25.365,0.008,-4.561,0.016,0.246,0.517,0.01,0.0,-0.0,849.672,-0.0,0.0,-0.0,0.258,0.0,0.0,0.0,0.0,-0.319,0.9051,-0.281,0.9464,0.2885,-0.1452,-0.0504,-0.3123,-0.9487,0.676,0.226,-0.7014,-0.7316,0.0917,-0.6755,-0.0884,0.9698,0.2273,0.01,0.0,-0.0001,0.0,0.0,0.0,-0.0086,-0.017,-0.0014,37.2493,21.8002,67.1754,0.0,0.0434,-0.3662,0.0,0.0,0.0,3032402.2979,3385632.0253,-4973847.5215,4547.2106,3467.5466,5140.4976,3032365.0486,3385610.2252,-4973914.6969,4547.2192,3467.5636,5140.4989,0.0,0.0765,3.9732,0.0,0.0,1.0,0.0,1.0,0.0,0.0,1.172,-23.972,0.0,1.0,0.0,0.0,0.0,-1.0,3.6646096654350515,0.0161245154965971,-0.371965,3.948958665739792,13.117493075844836,,
146.4163,74.392,1.607,3.293,70.425,1.367,3.33,-0.005,-0.014,0.008,-0.007,0.019,0.023,-25.365,0.056,-4.461,0.013,0.218,0.478,0.009,-0.0,-0.0,849.602,-0.0,0.0,-0.0,0.088,-0.215,0.0,0.0,0.0,-0.319,0.9057,-0.2793,0.9464,0.2888,-0.1446,-0.0504,-0.3104,-0.9493,0.676,0.226,-0.7014,-0.7316,0.0917,-0.6755,-0.0884,0.9698,0.2273,0.0092,-0.0001,-0.0001,0.0,0.0,0.0,-0.0086,-0.017,-0.0014,37.2482,21.7969,67.1748,0.0,0.0434,-0.3662,0.0,0.0,0.0,3033323.9892,3386334.8468,-4972805.3486,4546.4094,3466.6521,5141.8113,3033286.7411,3386313.0499,-4972872.5234,4546.4181,3466.6692,5141.8127,0.0,0.0765,3.9732,0.0,0.0,1.0,0.0,1.0,0.0,0.0,1.172,-23.972,0.0,1.0,0.0,0.0,0.0,-1.0,3.664191315965912,0.0161245154965971,-0.37195999999999996,3.9318800936548177,13.117316748864125,,
146.6821,74.39,1.604,3.295,70.424,1.37,3.334,-0.005,-0.014,0.008,-0.007,0.017,0.019,-25.366,0.094,-4.368,0.009,0.163,0.457,0.008,-0.001,-0.0,849.528,-0.0,0.0,-0.0,0.033,-0.629,0.0,0.0,0.0,-0.319,0.9062,-0.2777,0.9464,0.289,-0.1441,-0.0503,-0.3088,-0.9498,0.676,0.226,-0.7014,-0.7316,0.0917,-0.6755,-0.0884,0.9698,0.2273,0.0084,-0.0009,-0.0001,0.0,0.0,0.0,-0.0086,-0.0171,-0.0014,37.247,21.7937,67.1742,0.0,0.0434,-0.3662,0.0,0.0,0.0,3034221.2669,3387018.9967,-4971790.3493,4545.6291,3465.781,5143.0903,3034184.0199,3386997.2029,-4971857.5236,4545.6378,3465.7981,5143.0917,0.0,0.0765,3.9732,0.0,0.0,1.0,0.0,1.0,0.0,0.0,1.172,-23.972,0.0,1.0,0.0,0.0,0.0,-1.0,3.6646747468226972,0.0161245154965971,-0.37195,3.904716724358037,13.116964094902709,,
146.884,74.389,1.6,3.297,70.422,1.375,3.338,-0.005,-0.015,0.007,-0.007,0.015,0.013,-25.367,0.127,-4.249,0.003,0.085,0.428,0.007,-0.002,-0.0,849.423,-0.0,0.0,-0.0,0.154,-1.0,0.0,0.0,0.0,-0.3189,0.9068,-0.2759,0.9465,0.2893,-0.1431,-0.0499,-0.3068,-0.9505,0.676,0.226,-0.7014,-0.7316,0.0917,-0.6755,-0.0884,0.9698,0.2273,0.0074,-0.0019,-0.0001,0.0,0.0,0.0,-0.0087,-0.0171,-0.0014,37.2453,21.7895,67.1735,0.0,0.0434,-0.3662,0.0,0.0,0.0,3035446.2405,3387952.9181,-4970403.9706,4544.5632,3464.5913,5144.8362,3035408.9952,3387931.1286,-4970471.1441,4544.5719,3464.6083,5144.8376,0.0,0.0765,3.9732,0.0,0.0,1.0,0.0,1.0,0.0,0.0,1.172,-23.972,0.0,1.0,0.0,0.0,0.0,-1.0,3.6647249555730648,0.01655294535724685,-0.37194499999999997,3.852969872226247,13.116787767922,,
147.0842,74.388,1.597,3.298,70.42,1.378,3.341,-0.005,-0.015,0.007,-0.007,0.013,0.009,-25.368,0.138,-4.165,-0.001,0.029,0.407,0.007,-0.003,-0.0,849.347,-0.0,0.0,-0.0,0.062,-1.0,0.0,0.0,0.0,-0.3187,0.9072,-0.2748,0.9466,0.2895,-0.1423,-0.0495,-0.3054,-0.9509,0.676,0.226,-0.7014,-0.7316,0.0917,-0.6755,-0.0884,0.9698,0.2273,0.0066,-0.0026,-0.0001,0.0,0.0,0.0,-0.0087,-0.0171,-0.0014,37.2439,21.7863,67.173,0.0,0.0434,-0.3662,0.0,0.0,0.0,3036362.8805,3388651.6993,-4969366.0305,4543.7652,3463.7006,5146.1427,3036325.6366,3388629.9129,-4969433.2035,4543.7739,3463.7177,5146.1441,0.0,0.0765,3.9732,0.0,0.0,1.0,0.0,1.0,0.0,0.0,1.172,-23.972,0.0,1.0,0.0,0.0,0.0,-1.0,3.6643161708564396,0.01655294535724685,-0.37194000000000005,3.8290912321283157,13.116611440941293,,
147.2854,74.387,1.594,3.3,70.419,1.38,3.342,-0.005,-0.015,0.007,-0.007,0.012,0.005,-25.368,0.138,-4.085,-0.005,-0.029,0.386,0.006,-0.003,-0.0,849.268,-0.0,0.0,-0.0,0.062,-1.0,0.0,0.0,0.0,-0.3185,0.9075,-0.2738,0.9466,0.2896,-0.1413,-0.0489,-0.3042,-0.9513,0.676,0.226,-0.7014,-0.7316,0.0917,-0.6755,-0.0884,0.9698,0.2273,0.0059,-0.0034,-0.0001,0.0,0.0,0.0,-0.0087,-0.0171,-0.0014,37.2425,21.7832,67.1725,0.0,0.0434,-0.3661,0.0,0.0,0.0,3037272.5044,3389345.0751,-4968335.5978,4542.9729,3462.8164,5147.439,3037235.2619,3389323.2919,-4968402.7703,4542.9816,3462.8335,5147.4405,0.0,0.0765,3.9732,0.0,0.0,1.0,0.0,1.0,0.0,0.0,1.172,-23.972,0.0,1.0,0.0,0.0,0.0,-1.0,3.664810499875812,0.01655294535724685,-0.371935,3.7779771324479303,13.116435113960584,,
147.4921,74.386,1.591,3.301,70.418,1.382,3.342,-0.005,-0.015,0.006,-0.007,0.01,-0.0,-25.369,0.126,-4.008,-0.01,-0.089,0.363,0.005,-0.004,-0.0,849.187,-0.0,0.0,-0.0,0.062,-1.0,0.0,0.0,0.0,-0.3183,0.9078,-0.273,0.9468,0.2898,-0.1403,-0.0482,-0.3031,-0.9517,0.676,0.226,-0.7014,-0.7316,0.0917,-0.6755,-0.0884,0.9698,0.2273,0.0051,-0.0041,-0.0001,0.0,0.0,0.0,-0.0087,-0.0171,-0.0014,37.241,21.7801,67.1721,0.0,0.0434,-0.3661,0.0,0.0,0.0,3038215.4726,3390063.8098,-4967266.9235,4542.1511,3461.8994,5148.7829,3038178.2316,3390042.0297,-4967334.0956,4542.1598,3461.9165,5148.7843,0.0,0.0765,3.9732,0.0,0.0,1.0,0.0,1.0,0.0,0.0,1.172,-23.972,0.0,1.0,0.0,0.0,0.0,-1.0,3.6644074555103723,0.016155494421403512,-0.37193,3.726994361966337,13.116258786979875,,
147.6928,74.385,1.588,3.302,70.416,1.384,3.342,-0.005,-0.015,0.006,-0.007,0.009,-0.004,-25.37,0.102,-3.937,-0.014,-0.144,0.343,0.004,-0.005,-0.0,849.113,-0.0,0.0,-0.0,0.062,-1.0,0.0,0.0,0.0,-0.3181,0.9081,-0.2725,0.9469,0.2899,-0.1391,-0.0474,-0.3022,-0.9521,0.676,0.226,-0.7014,-0.7316,0.0917,-0.6755,-0.0884,0.9698,0.2273,0.0043,-0.0048,-0.0001,0.0,0.0,0.0,-0.0087,-0.0171,-0.0014,37.2395,21.7771,67.1716,0.0,0.0434,-0.3661,0.0,0.0,0.0,3039124.3585,3390756.5091,-4966236.4324,4541.3587,3461.0152,5150.0782,3039087.119,3390734.732,-4966303.604,4541.3674,3461.0324,5150.0796,0.0,0.0765,3.9732,0.0,0.0,1.0,0.0,1.0,0.0,0.0,1.172,-23.972,0.0,1.0,0.0,0.0,0.0,-1.0,3.664007096062998,0.016155494421403512,-0.371925,3.676345951642705,13.116082459999168,,
147.8971,74.384,1.585,3.303,70.415,1.386,3.341,-0.005,-0.015,0.005,-0.007,0.008,-0.008,-25.37,0.067,-3.87,-0.017,-0.198,0.332,0.004,-0.006,-0.0,849.034,-0.0,0.0,-0.0,0.219,-1.0,0.0,0.0,0.0,-0.3178,0.9083,-0.2721,0.947,0.29,-0.1379,-0.0464,-0.3015,-0.9523,0.676,0.226,-0.7014,-0.7316,0.0917,-0.6755,-0.0884,0.9698,0.2273,0.0037,-0.0056,-0.0001,0.0,0.0,0.0,-0.0088,-0.0172,-0.0014,37.2378,21.774,67.1712,0.0,0.0434,-0.3661,0.0,0.0,0.0,3040046.2231,3391459.0433,-4965190.7737,4540.5545,3460.1181,5151.3919,3040008.9853,3391437.2693,-4965257.9449,4540.5633,3460.1353,5151.3933,0.0,0.0765,3.9732,0.0,0.0,1.0,0.0,1.0,0.0,0.0,1.172,-23.972,0.0,1.0,0.0,0.0,0.0,-1.0,3.6636094224139124,0.015811388300841896,-0.37192000000000003,3.6138521155281698,13.11590613301846,,
148.0994,74.383,1.582,3.304,70.414,1.388,3.339,-0.005,-0.015,0.005,-0.007,0.012,-0.01,-25.371,0.025,-3.796,-0.019,-0.218,0.389,0.004,-0.006,-0.0,848.943,-0.0,0.0,-0.0,0.173,-0.785,0.0,0.0,0.0,-0.3174,0.9085,-0.2717,0.9472,0.2901,-0.1365,-0.0452,-0.3007,-0.9527,0.676,0.226,-0.7014,-0.7316,0.0917,-0.6755,-0.0884,0.9698,0.2273,0.0045,-0.0064,-0.0001,0.0,0.0,0.0,-0.0088,-0.0172,-0.0014,37.2361,21.771,67.1707,0.0,0.0434,-0.3661,0.0,0.0,0.0,3040967.323,3392160.9368,-4964145.5333,4539.7507,3459.2214,5152.7044,3040930.0869,3392139.1657,-4964212.7041,4539.7594,3459.2385,5152.7059,0.0,0.0765,3.9732,0.0,0.0,1.0,0.0,1.0,0.0,0.0,1.172,-23.972,0.0,1.0,0.0,0.0,0.0,-1.0,3.6632144354378164,0.015811388300841896,-0.371915,3.538737747054629,13.11572980603775,,
148.2998,74.381,1.579,3.305,70.412,1.39,3.337,-0.005,-0.015,0.005,-0.007,0.01,-0.014,-25.372,-0.025,-3.72,-0.023,-0.276,0.367,0.004,-0.007,-0.0,848.865,-0.0,0.0,-0.0,0.062,-1.0,0.0,0.0,0.0,-0.317,0.9088,-0.2714,0.9474,0.2902,-0.135,-0.0439,-0.2999,-0.953,0.676,0.226,-0.7014,-0.7316,0.0917,-0.6755,-0.0884,0.9698,0.2273,0.0037,-0.0071,-0.0001,0.0,0.0,0.0,-0.0088,-0.0172,-0.0014,37.2345,21.7681,67.1703,0.0,0.0434,-0.366,0.0,0.0,0.0,3041881.5716,3392857.5528,-4963107.6188,4538.9524,3458.3309,5154.0072,3041844.3371,3392835.7847,-4963174.7891,4538.9612,3458.3481,5154.0087,0.0,0.0765,3.9732,0.0,0.0,1.0,0.0,1.0,0.0,0.0,1.172,-23.972,0.0,1.0,0.0,0.0,0.0,-1.0,3.6628221360038764,0.015811388300841896,-0.371905,3.464147688029591,13.115377152076334,,
148.5069,74.38,1.576,3.306,70.411,1.392,3.333,-0.005,-0.015,0.005,-0.006,0.009,-0.019,-25.373,-0.089,-3.647,-0.027,-0.336,0.345,0.003,-0.008,-0.0,848.784,-0.0,0.0,-0.0,0.062,-1.0,0.0,0.0,0.0,-0.3166,0.909,-0.2712,0.9476,0.2903,-0.1333,-0.0424,-0.2992,-0.9532,0.676,0.226,-0.7014,-0.7316,0.0917,-0.6755,-0.0884,0.9698,0.2273,0.0029,-0.0079,-0.0001,0.0,0.0,0.0,-0.0088,-0.0172,-0.0014,37.2327,21.7652,67.1699,0.0,0.0434,-0.366,0.0,0.0,0.0,3042819.4142,3393572.0871,-4962042.4588,4538.1331,3457.4172,5155.3436,3042782.1815,3393550.3219,-4962109.6287,4538.142,3457.4344,5155.345,0.0,0.0765,3.9732,0.0,0.0,1.0,0.0,1.0,0.0,0.0,1.172,-23.972,0.0,1.0,0.0,0.0,0.0,-1.0,3.662432524975716,0.015811388300841896,-0.37189999999999995,3.3631860768474624,13.115200825095624,,
148.707,74.379,1.573,3.307,70.41,1.394,3.329,-0.005,-0.015,0.004,-0.006,0.007,-0.023,-25.374,-0.162,-3.58,-0.03,-0.391,0.324,0.002,-0.009,-0.0,848.71,-0.0,0.0,-0.0,0.062,-1.0,0.0,0.0,0.0,-0.3161,0.9091,-0.2713,0.9478,0.2903,-0.1316,-0.0409,-0.2988,-0.9535,0.676,0.226,-0.7014,-0.7316,0.0917,-0.6755,-0.0884,0.9698,0.2273,0.0022,-0.0086,-0.0001,0.0,0.0,0.0,-0.0088,-0.0172,-0.0014,37.2309,21.7624,67.1695,0.0,0.0434,-0.366,0.0,0.0,0.0,3043730.3499,3394266.0644,-4961007.4074,4537.337,3456.5293,5156.6415,3043693.119,3394244.3021,-4961074.5769,4537.3458,3456.5466,5156.643,0.0,0.0765,3.9732,0.0,0.0,1.0,0.0,1.0,0.0,0.0,1.172,-23.972,0.0,1.0,0.0,0.0,0.0,-1.0,3.6620456032114075,0.015524174696260024,-0.37189500000000003,3.2624764230239856,13.115024498114916,,
148.9115,74.378,1.57,3.308,70.408,1.395,3.324,-0.005,-0.015,0.004,-0.006,0.009,-0.026,-25.376,-0.246,-3.513,-0.033,-0.428,0.351,0.002,-0.009,-0.0,848.621,-0.0,0.0,-0.0,0.154,-0.964,0.0,0.0,0.0,-0.3156,0.9092,-0.2715,0.9481,0.2904,-0.1297,-0.0391,-0.2984,-0.9537,0.676,0.226,-0.7014,-0.7316,0.0917,-0.6755,-0.0884,0.9698,0.2273,0.0023,-0.0094,-0.0001,0.0,0.0,0.0,-0.0088,-0.0173,-0.0015,37.229,21.7595,67.1691,0.0,0.0434,-0.366,0.0,0.0,0.0,3044655.1013,3394970.5089,-4959956.2074,4536.5284,3455.6277,5157.9591,3044617.8723,3394948.7494,-4960023.3764,4536.5373,3455.6449,5157.9606,0.0,0.0765,3.9732,0.0,0.0,1.0,0.0,1.0,0.0,0.0,1.172,-23.972,0.0,1.0,0.0,0.0,0.0,-1.0,3.66166137156346,0.015524174696260024,-0.37189,3.15508245821144,13.114848171134208,,
149.1185,74.377,1.566,3.309,70.407,1.397,3.318,-0.005,-0.015,0.004,-0.007,0.013,-0.027,-25.377,-0.337,-3.434,-0.035,-0.446,0.404,0.003,-0.01,-0.0,848.534,-0.0,0.0,-0.0,0.098,-0.349,0.0,0.0,0.0,-0.315,0.9094,-0.2716,0.9483,0.2904,-0.1277,-0.0372,-0.2978,-0.9539,0.676,0.226,-0.7014,-0.7316,0.0917,-0.6755,-0.0884,0.9698,0.2273,0.003,-0.0101,-0.0001,0.0,0.0,0.0,-0.0089,-0.0173,-0.0015,37.2271,21.7567,67.1687,0.0,0.0434,-0.366,0.0,0.0,0.0,3045594.2294,3395685.8456,-4958888.1983,4535.7068,3454.7116,5159.2972,3045557.0023,3395664.0889,-4958955.3669,4535.7157,3454.7289,5159.2986,0.0,0.0765,3.9732,0.0,0.0,1.0,0.0,1.0,0.0,0.0,1.172,-23.972,0.0,1.0,0.0,0.0,0.0,-1.0,3.660851950024748,0.015524174696260024,-0.37188499999999997,3.0211613174055336,13.114671844153499,,
149.3204,74.376,1.563,3.31,70.406,1.4,3.313,-0.005,-0.015,0.004,-0.006,0.009,-0.026,-25.379,-0.426,-3.358,-0.033,-0.426,0.345,0.002,-0.009,-0.0,848.455,-0.0,0.0,-0.0,0.023,0.0,0.0,0.0,0.0,-0.3145,0.9095,-0.2718,0.9486,0.2905,-0.1256,-0.0353,-0.2973,-0.9541,0.676,0.226,-0.7014,-0.7316,0.0917,-0.6755,-0.0884,0.9698,0.2273,0.0022,-0.0093,-0.0001,0.0,0.0,0.0,-0.0089,-0.0173,-0.0015,37.2253,21.7539,67.1683,0.0,0.0434,-0.3659,0.0,0.0,0.0,3046514.0328,3396386.4043,-4957841.7088,4534.9018,3453.814,5160.6076,3046476.8075,3396364.6504,-4957908.8771,4534.9107,3453.8313,5160.6091,0.0,0.0765,3.9732,0.0,0.0,1.0,0.0,1.0,0.0,0.0,1.172,-23.972,0.0,1.0,0.0,0.0,0.0,-1.0,3.6604738764263844,0.015524174696260024,-0.37188000000000004,2.9008750514251034,13.114495517172791,,
149.5226,74.375,1.56,3.311,70.404,1.401,3.308,-0.005,-0.016,0.004,-0.006,0.004,-0.024,-25.38,-0.51,-3.295,-0.032,-0.406,0.286,0.001,-0.009,-0.0,848.376,-0.0,0.0,-0.0,0.0,-0.076,0.0,0.0,0.0,-0.314,0.9096,-0.272,0.9488,0.2905,-0.1238,-0.0336,-0.297,-0.9543,0.676,0.226,-0.7014,-0.7316,0.0917,-0.6755,-0.0884,0.9698,0.2273,0.0015,-0.0086,-0.0001,0.0,0.0,0.0,-0.0089,-0.0173,-0.0015,37.2234,21.7511,67.1679,0.0,0.0434,-0.3659,0.0,0.0,0.0,3047426.1265,3397081.0342,-4956803.5442,4534.1031,3452.9237,5161.9071,3047388.9031,3397059.2831,-4956870.7121,4534.112,3452.941,5161.9085,0.0,0.0765,3.9732,0.0,0.0,1.0,0.0,1.0,0.0,0.0,1.172,-23.972,0.0,1.0,0.0,0.0,0.0,-1.0,3.660098495942425,0.01649242250247064,-0.371875,2.793903738963002,13.114319190192083,,
149.7228,74.374,1.557,3.312,70.403,1.401,3.303,-0.005,-0.016,0.004,-0.006,0.002,-0.022,-25.382,-0.59,-3.242,-0.03,-0.376,0.255,0.001,-0.008,-0.0,848.3,-0.0,0.0,-0.0,0.127,0.0,0.0,0.0,0.0,-0.3135,0.9097,-0.2723,0.949,0.2905,-0.1222,-0.0321,-0.2967,-0.9544,0.676,0.226,-0.7014,-0.7316,0.0917,-0.6755,-0.0884,0.9698,0.2273,0.0012,-0.0078,-0.0001,0.0,0.0,0.0,-0.0089,-0.0174,-0.0015,37.2215,21.7482,67.1676,0.0,0.0434,-0.3659,0.0,0.0,0.0,3048337.0574,3397774.7217,-4955766.2599,4533.3051,3452.034,5163.2048,3048299.8358,3397752.9735,-4955833.4274,4533.314,3452.0514,5163.2063,0.0,0.0765,3.9732,0.0,0.0,1.0,0.0,1.0,0.0,0.0,1.172,-23.972,0.0,1.0,0.0,0.0,0.0,-1.0,3.659725809401573,0.01649242250247064,-0.37187,2.693752430759677,13.114142863211374,,
149.9292,74.373,1.554,3.312,70.402,1.402,3.299,-0.005,-0.016,0.005,-0.006,0.003,-0.017,-25.384,-0.661,-3.187,-0.027,-0.316,0.276,0.002,-0.007,-0.0,848.214,-0.0,0.0,-0.0,0.127,0.0,0.0,0.0,0.0,-0.3131,0.9098,-0.2725,0.9492,0.2905,-0.1206,-0.0306,-0.2964,-0.9546,0.676,0.226,-0.7014,-0.7316,0.0917,-0.6755,-0.0884,0.9698,0.2273,0.002,-0.0071,-0.0001,0.0,0.0,0.0,-0.0089,-0.0176,-0.0015,37.2196,21.7452,67.1672,0.0,0.0434,-0.3659,0.0,0.0,0.0,3049270.9824,3398485.8605,-4954702.333,4532.4865,3451.1215,5164.5353,3049233.7628,3398464.1153,-4954769.5002,4532.4954,3451.139,5164.5367,0.0,0.0765,3.9732,0.0,0.0,1.0,0.0,1.0,0.0,0.0,1.172,-23.972,0.0,1.0,0.0,0.0,0.0,-1.0,3.6584504916699365,0.01676305461424021,-0.371865,2.613886537943768,13.113966536230667,,
150.1325,74.372,1.551,3.314,70.401,1.403,3.296,-0.005,-0.016,0.005,-0.006,0.005,-0.013,-25.386,-0.719,-3.129,-0.024,-0.259,0.297,0.003,-0.006,-0.0,848.132,-0.0,0.0,-0.0,0.118,0.0,0.0,0.0,0.0,-0.3127,0.9099,-0.2725,0.9494,0.2905,-0.1192,-0.0293,-0.296,-0.9548,0.676,0.226,-0.7014,-0.7316,0.0917,-0.6755,-0.0884,0.9698,0.2273,0.0027,-0.0063,-0.0001,0.0,0.0,0.0,-0.0089,-0.0177,-0.0014,37.2178,21.7422,67.1668,0.0,0.0434,-0.3659,0.0,0.0,0.0,3050187.1508,3399183.4206,-4953658.1809,4531.6831,3450.2259,5165.8404,3050149.933,3399161.6784,-4953725.3477,4531.692,3450.2437,5165.8419,0.0,0.0765,3.9732,0.0,0.0,1.0,0.0,1.0,0.0,0.0,1.172,-23.972,0.0,1.0,0.0,0.0,0.0,-1.0,3.658988521435945,0.01676305461424021,-0.37186,2.521877537584637,13.113790209249958,,
150.3388,74.371,1.547,3.315,70.4,1.403,3.294,-0.005,-0.016,0.006,-0.006,0.002,-0.01,-25.388,-0.769,-3.071,-0.021,-0.222,0.268,0.003,-0.006,-0.0,848.081,-0.0,0.0,-0.0,0.127,0.0,0.0,0.0,0.0,-0.3123,0.9101,-0.2723,0.9496,0.2906,-0.1179,-0.0281,-0.2954,-0.9549,0.676,0.226,-0.7014,-0.7316,0.0917,-0.6755,-0.0884,0.9698,0.2273,0.0026,-0.0055,-0.0001,0.0,0.0,0.0,-0.0089,-0.0178,-0.0014,37.216,21.739,67.1664,0.0,0.0434,-0.3659,0.0,0.0,0.0,3051125.3612,3399897.704,-4952588.4399,4530.86,3449.3086,5167.1769,3051088.1452,3399875.965,-4952655.6063,4530.8689,3449.3264,5167.1783,0.0,0.0765,3.9732,0.0,0.0,1.0,0.0,1.0,0.0,0.0,1.172,-23.972,0.0,1.0,0.0,0.0,0.0,-1.0,3.6582009239515534,0.017088007490635063,-0.371855,2.457459451816752,13.113613882269247,,
150.5404,74.37,1.544,3.316,70.398,1.404,3.293,-0.005,-0.016,0.006,-0.006,0.003,-0.005,-25.39,-0.809,-3.016,-0.021,-0.166,0.282,0.003,-0.005,-0.0,847.999,-0.0,0.0,-0.0,0.193,0.0,0.0,0.0,0.0,-0.312,0.9103,-0.2722,0.9497,0.2906,-0.1167,-0.0272,-0.2949,-0.9551,0.676,0.226,-0.7014,-0.7316,0.0917,-0.6755,-0.0884,0.9698,0.2273,0.0032,-0.0047,-0.0001,0.0,0.0,0.0,-0.0089,-0.018,-0.0014,37.2143,21.7358,67.166,0.0,0.0434,-0.3658,0.0,0.0,0.0,3052038.3976,3400592.7636,-4951546.9519,4530.0585,3448.4155,5168.4775,3052001.1833,3400571.0278,-4951614.1179,4530.0675,3448.4334,5168.4789,0.0,0.0765,3.9732,0.0,0.0,1.0,0.0,1.0,0.0,0.0,1.172,-23.972,0.0,1.0,0.0,0.0,0.0,-1.0,3.6578397996631833,0.017088007490635063,-0.37185,2.4071417662208634,13.113437555288542,,
150.7426,74.369,1.541,3.317,70.397,1.405,3.292,-0.005,-0.016,0.007,-0.006,0.005,-0.001,-25.392,-0.837,-2.957,-0.016,-0.11,0.303,0.004,-0.004,-0.0,847.918,-0.0,0.0,-0.0,0.219,0.0,0.0,0.0,0.0,-0.3118,0.9105,-0.2718,0.9498,0.2907,-0.1157,-0.0263,-0.2942,-0.9554,0.676,0.226,-0.7014,-0.7316,0.0917,-0.6755,-0.0884,0.9698,0.2273,0.0039,-0.004,-0.0001,0.0,0.0,0.0,-0.0089,-0.0181,-0.0014,37.2126,21.7325,67.1656,0.0,0.0434,-0.3658,0.0,0.0,0.0,3052950.3949,3401286.975,-4950506.204,4529.2576,3447.523,5169.7765,3052913.1823,3401265.2425,-4950573.3696,4529.2666,3447.5411,5169.778,0.0,0.0765,3.9732,0.0,0.0,1.0,0.0,1.0,0.0,0.0,1.172,-23.972,0.0,1.0,0.0,0.0,0.0,-1.0,3.657481373841841,0.01746424919657298,-0.371845,2.3576846602176635,13.113261228307831,,
150.9437,74.368,1.537,3.319,70.396,1.406,3.292,-0.005,-0.016,0.007,-0.006,0.006,0.004,-25.395,-0.854,-2.894,-0.013,-0.051,0.324,0.005,-0.003,-0.0,847.833,-0.0,0.0,-0.0,0.219,0.0,0.0,0.0,0.0,-0.3115,0.9107,-0.2712,0.9499,0.2908,-0.1147,-0.0256,-0.2934,-0.9557,0.676,0.226,-0.7014,-0.7316,0.0917,-0.6755,-0.0884,0.9698,0.2273,0.0047,-0.0032,-0.0001,0.0,0.0,0.0,-0.0089,-0.0183,-0.0014,37.211,21.7292,67.1652,0.0,0.0434,-0.3658,0.0,0.0,0.0,3053868.6532,3401985.8947,-4949457.8614,4528.4509,3446.624,5171.0845,3053831.4422,3401964.1655,-4949525.0266,4528.4598,3446.6423,5171.0859,0.0,0.0765,3.9732,0.0,0.0,1.0,0.0,1.0,0.0,0.0,1.172,-23.972,0.0,1.0,0.0,0.0,0.0,-1.0,3.6576126093395946,0.01746424919657298,-0.37183999999999995,2.3047152599280842,13.113084901327122,,
151.1483,74.367,1.534,3.32,70.395,1.407,3.293,-0.005,-0.016,0.008,-0.006,0.007,0.008,-25.397,-0.858,-2.825,-0.012,0.002,0.334,0.005,-0.002,-0.0,847.766,-0.0,0.0,-0.0,0.219,0.0,0.0,0.0,0.0,-0.3114,0.911,-0.2704,0.95,0.2909,-0.1139,-0.0251,-0.2924,-0.956,0.676,0.226,-0.7014,-0.7316,0.0917,-0.6755,-0.0884,0.9698,0.2273,0.0053,-0.0025,-0.0001,0.0,0.0,0.0,-0.0089,-0.0185,-0.0014,37.2094,21.7257,67.1647,0.0,0.0434,-0.3658,0.0,0.0,0.0,3054793.6787,3402689.907,-4948401.3327,4527.6378,3445.7181,5172.402,3054756.4693,3402668.1813,-4948468.4974,4527.6467,3445.7366,5172.4034,0.0,0.0765,3.9732,0.0,0.0,1.0,0.0,1.0,0.0,0.0,1.172,-23.972,0.0,1.0,0.0,0.0,0.0,-1.0,3.657260723547065,0.017888543819998316,-0.371835,2.2858958713141884,13.112908574346415,,
151.3546,74.365,1.531,3.322,70.393,1.408,3.295,-0.005,-0.016,0.008,-0.006,0.005,0.011,-25.4,-0.854,-2.759,-0.01,0.045,0.313,0.005,-0.002,-0.0,847.737,-0.0,0.0,-0.0,0.219,0.0,0.0,0.0,0.0,-0.3112,0.9113,-0.2696,0.95,0.291,-0.1132,-0.0247,-0.2913,-0.9563,0.676,0.226,-0.7014,-0.7316,0.0917,-0.6755,-0.0884,0.9698,0.2273,0.0053,-0.0016,-0.0001,0.0,0.0,0.0,-0.0089,-0.0185,-0.0014,37.2079,21.7222,67.1643,0.0,0.0434,-0.3658,0.0,0.0,0.0,3055725.8246,3403399.2787,-4947336.2099,4526.818,3444.805,5173.7296,3055688.6167,3403377.5565,-4947403.3741,4526.8269,3444.8235,5173.731,0.0,0.0765,3.9732,0.0,0.0,1.0,0.0,1.0,0.0,0.0,1.172,-23.972,0.0,1.0,0.0,0.0,0.0,-1.0,3.6578197057810273,0.017888543819998316,-0.37182499999999996,2.2691908487713097,13.112555920384997,,
151.5604,74.364,1.527,3.323,70.392,1.409,3.298,-0.005,-0.017,0.008,-0.006,0.003,0.014,-25.402,-0.84,-2.697,-0.008,0.082,0.283,0.005,-0.001,-0.0,847.696,-0.0,0.0,-0.0,0.127,0.0,0.0,0.0,0.0,-0.3111,0.9116,-0.2687,0.9501,0.2911,-0.1126,-0.0244,-0.2903,-0.9566,0.676,0.226,-0.7014,-0.7316,0.0917,-0.6755,-0.0884,0.9698,0.2273,0.0051,-0.0008,-0.0001,0.0,0.0,0.0,-0.009,-0.0185,-0.0014,37.2064,21.7186,67.1638,0.0,0.0434,-0.3658,0.0,0.0,0.0,3056655.6992,3404106.8623,-4946273.2189,4525.9998,3443.8938,5175.0539,3056618.4929,3404085.1437,-4946340.3828,4526.0087,3443.9122,5175.0554,0.0,0.0765,3.9732,0.0,0.0,1.0,0.0,1.0,0.0,0.0,1.172,-23.972,0.0,1.0,0.0,0.0,0.0,-1.0,3.6570559197255927,0.018788294228055936,-0.37182000000000004,2.278427193440076,13.11237959340429,,
151.7636,74.363,1.524,3.325,70.391,1.41,3.301,-0.005,-0.017,0.008,-0.006,-0.001,0.015,-25.404,-0.822,-2.644,-0.006,0.1,0.227,0.004,-0.0,-0.0,847.62,-0.0,0.0,-0.0,0.062,0.0,0.0,0.0,0.0,-0.3111,0.9119,-0.2678,0.9501,0.2912,-0.1122,-0.0244,-0.2894,-0.9569,0.676,0.226,-0.7014,-0.7316,0.0917,-0.6755,-0.0884,0.9698,0.2273,0.0043,-0.0001,-0.0001,0.0,0.0,0.0,-0.009,-0.0185,-0.0014,37.2048,21.715,67.1634,0.0,0.0434,-0.3657,0.0,0.0,0.0,3057579.4532,3404809.73,-4945216.7629,4525.1866,3442.9882,5176.3695,3057542.2484,3404788.0151,-4945283.9263,4525.1956,3443.0067,5176.3709,0.0,0.0765,3.9732,0.0,0.0,1.0,0.0,1.0,0.0,0.0,1.172,-23.972,0.0,1.0,0.0,0.0,0.0,-1.0,3.65762231511128,0.018788294228055936,-0.371815,2.2797887497822447,13.112203266423581,,
151.9698,74.362,1.52,3.327,70.39,1.409,3.304,-0.005,-0.017,0.008,-0.006,-0.005,0.014,-25.407,-0.803,-2.602,-0.006,0.079,0.182,0.003,-0.0,-0.0,847.552,-0.0,0.0,-0.0,0.062,0.0,0.0,0.0,0.0,-0.3111,0.9121,-0.2671,0.9501,0.2912,-0.112,-0.0243,-0.2886,-0.9571,0.676,0.226,-0.7014,-0.7316,0.0917,-0.6755,-0.0884,0.9698,0.2273,0.0035,-0.0001,-0.0001,0.0,0.0,0.0,-0.009,-0.0185,-0.0014,37.2033,21.7112,67.163,0.0,0.0434,-0.3657,0.0,0.0,0.0,3058510.7221,3405518.2564,-4944151.2475,4524.3664,3442.0749,5177.6957,3058473.5188,3405496.5452,-4944218.4105,4524.3754,3442.0934,5177.6972,0.0,0.0765,3.9732,0.0,0.0,1.0,0.0,1.0,0.0,0.0,1.172,-23.972,0.0,1.0,0.0,0.0,0.0,-1.0,3.657776510395352,0.018788294228055936,-0.37181,2.2862629018409684,13.112026939442872,,
152.1739,74.361,1.517,3.328,70.389,1.408,3.306,-0.005,-0.018,0.008,-0.006,-0.008,0.012,-25.408,-0.789,-2.569,-0.007,0.059,0.139,0.003,-0.0,-0.0,847.486,-0.0,0.0,-0.0,0.062,0.0,0.0,0.0,0.0,-0.311,0.9123,-0.2665,0.9501,0.2913,-0.1118,-0.0243,-0.288,-0.9573,0.676,0.226,-0.7014,-0.7316,0.0917,-0.6755,-0.0884,0.9698,0.2273,0.0026,-0.0001,-0.0001,0.0,0.0,0.0,-0.009,-0.0185,-0.0014,37.2016,21.7075,67.1626,0.0,0.0434,-0.3657,0.0,0.0,0.0,3059437.5433,3406223.3399,-4943090.3582,4523.5497,3441.1656,5179.0156,3059400.3417,3406201.6324,-4943157.5208,4523.5587,3441.1841,5179.017,0.0,0.0765,3.9732,0.0,0.0,1.0,0.0,1.0,0.0,0.0,1.172,-23.972,0.0,1.0,0.0,0.0,0.0,-1.0,3.657440771905951,0.01969771560359221,-0.371805,2.2958392502065608,13.111850612462165,,
152.379,74.36,1.513,3.33,70.388,1.406,3.309,-0.005,-0.018,0.008,-0.005,-0.011,0.01,-25.41,-0.78,-2.545,-0.007,0.038,0.095,0.002,-0.0,-0.0,847.419,-0.0,0.0,-0.0,0.062,0.0,0.0,0.0,0.0,-0.311,0.9124,-0.2661,0.9501,0.2913,-0.1116,-0.0243,-0.2876,-0.9574,0.676,0.226,-0.7014,-0.7316,0.0917,-0.6755,-0.0884,0.9698,0.2273,0.0018,-0.0001,-0.0001,0.0,0.0,0.0,-0.009,-0.0186,-0.0014,37.1999,21.7038,67.1623,0.0,0.0434,-0.3657,0.0,0.0,0.0,3060359.0892,3406924.3512,-4942035.052,4522.7373,3440.2611,5180.3279,3060321.8893,3406902.6474,-4942102.2142,4522.7463,3440.2796,5180.3293,0.0,0.0765,3.9732,0.0,0.0,1.0,0.0,1.0,0.0,0.0,1.172,-23.972,0.0,1.0,0.0,0.0,0.0,-1.0,3.657604270557437,0.01969771560359221,-0.3718,2.306740167547727,13.111674285481456,,
152.5831,74.359,1.509,3.331,70.386,1.403,3.311,-0.005,-0.018,0.008,-0.005,-0.015,0.009,-25.412,-0.774,-2.53,-0.007,0.017,0.053,0.001,-0.0,-0.0,847.354,-0.0,0.0,-0.0,0.062,0.0,0.0,0.0,0.0,-0.311,0.9125,-0.2659,0.9501,0.2913,-0.1115,-0.0243,-0.2873,-0.9575,0.676,0.226,-0.7014,-0.7316,0.0917,-0.6755,-0.0884,0.9698,0.2273,0.001,-0.0001,-0.0001,0.0,0.0,0.0,-0.009,-0.0186,-0.0015,37.1982,21.7,67.1619,0.0,0.0434,-0.3657,0.0,0.0,0.0,3061282.6609,3407626.8456,-4940976.9628,4521.9227,3439.3543,5181.643,3061245.4627,3407605.1456,-4941044.1247,4521.9317,3439.3728,5181.6445,0.0,0.0765,3.9732,0.0,0.0,1.0,0.0,1.0,0.0,0.0,1.172,-23.972,0.0,1.0,0.0,0.0,0.0,-1.0,3.656862316248726,0.01969771560359221,-0.371795,2.3201373131308407,13.111497958500745,,
152.7847,74.358,1.506,3.333,70.385,1.4,3.312,-0.005,-0.019,0.008,-0.005,-0.018,0.007,-25.414,-0.773,-2.524,-0.008,-0.003,0.009,0.0,-0.0,-0.0,847.286,-0.0,0.0,-0.0,0.062,0.0,0.0,0.0,0.0,-0.3109,0.9125,-0.2658,0.9501,0.2913,-0.1115,-0.0243,-0.2872,-0.9576,0.676,0.226,-0.7014,-0.7316,0.0917,-0.6755,-0.0884,0.9698,0.2273,0.0001,-0.0001,-0.0001,0.0,0.0,0.0,-0.0091,-0.0186,-0.0015,37.1964,21.6963,67.1616,0.0,0.0434,-0.3657,0.0,0.0,0.0,3062199.0316,3408323.8042,-4939926.6733,4521.114,3438.4542,5182.9478,3062161.8352,3408302.1079,-4939993.8349,4521.1231,3438.4728,5182.9493,0.0,0.0765,3.9732,0.0,0.0,1.0,0.0,1.0,0.0,0.0,1.172,-23.972,0.0,1.0,0.0,0.0,0.0,-1.0,3.657447880694953,0.0206155281280883,-0.37179,2.3072220016555267,13.11132163152004,,
152.987,74.357,1.502,3.335,70.384,1.396,3.314,-0.005,-0.019,0.008,-0.005,-0.018,0.007,-25.415,-0.774,-2.522,-0.008,-0.003,0.009,0.0,-0.0,-0.0,847.286,-0.0,0.0,-0.0,0.062,0.0,0.0,0.0,0.0,-0.3109,0.9125,-0.2658,0.9501,0.2913,-0.1114,-0.0243,-0.2872,-0.9576,0.676,0.226,-0.7014,-0.7316,0.0917,-0.6755,-0.0884,0.9698,0.2273,0.0001,-0.0001,-0.0001,0.0,0.0,0.0,-0.0091,-0.0186,-0.0015,37.1946,21.6926,67.1613,0.0,0.0434,-0.3657,0.0,0.0,0.0,3063096.4376,3409006.2832,-4938897.6796,4520.3217,3437.5724,5184.2256,3063059.243,3408984.5906,-4938964.8409,4520.3308,3437.591,5184.2271,0.0,0.0765,3.9732,0.0,0.0,1.0,0.0,1.0,0.0,0.0,1.172,-23.972,0.0,1.0,0.0,0.0,0.0,-1.0,3.657626142732469,0.0206155281280883,-0.371785,2.3093711454895094,13.11114530453933,,
153.1894,74.356,1.498,3.336,70.383,1.393,3.315,-0.005,-0.019,0.008,-0.005,-0.018,0.007,-25.417,-0.774,-2.521,-0.008,-0.003,0.009,0.0,-0.0,-0.0,847.286,-0.0,0.0,-0.0,0.062,0.0,0.0,0.0,0.0,-0.3109,0.9125,-0.2658,0.9501,0.2912,-0.1114,-0.0242,-0.2872,-0.9576,0.676,0.226,-0.7014,-0.7316,0.0917,-0.6755,-0.0884,0.9698,0.2273,0.0001,-0.0001,-0.0001,0.0,0.0,0.0,-0.0091,-0.0186,-0.0015,37.1927,21.6888,67.161,0.0,0.0434,-0.3657,0.0,0.0,0.0,3064021.7324,3409709.9134,-4937836.2546,4519.5044,3436.6628,5185.5431,3063984.5396,3409688.2246,-4937903.4156,4519.5135,3436.6814,5185.5446,0.0,0.0765,3.9732,0.0,0.0,1.0,0.0,1.0,0.0,0.0,1.172,-23.972,0.0,1.0,0.0,0.0,0.0,-1.0,3.6568975922221285,0.0206155281280883,-0.37178,2.3078641552379855,13.11096897755862,,
153.39,74.355,1.494,3.338,70.382,1.389,3.317,-0.005,-0.019,0.008,-0.005,-0.018,0.007,-25.418,-0.775,-2.519,-0.008,-0.003,0.009,0.0,-0.0,-0.0,847.286,-0.0,0.0,-0.0,0.062,0.0,0.0,0.0,0.0,-0.3108,0.9125,-0.2658,0.9502,0.2912,-0.1114,-0.0242,-0.2871,-0.9576,0.676,0.226,-0.7014,-0.7316,0.0917,-0.6755,-0.0884,0.9698,0.2273,0.0001,-0.0001,-0.0001,0.0,0.0,0.0,-0.0091,-0.0186,-0.0015,37.1909,21.6851,67.1607,0.0,0.0434,-0.3657,0.0,0.0,0.0,3064929.8725,3410400.4414,-4936794.0583,4518.7019,3435.7698,5186.8361,3064892.6816,3410378.7563,-4936861.219,4518.711,3435.7884,5186.8376,0.0,0.0765,3.9732,0.0,0.0,1.0,0.0,1.0,0.0,0.0,1.172,-23.972,0.0,1.0,0.0,0.0,0.0,-1.0,3.65708627188367,0.0206155281280883,-0.371775,2.3100024025991335,13.110792650577913,,
153.5953,74.354,1.491,3.339,70.381,1.385,3.318,-0.005,-0.018,0.008,-0.005,-0.016,0.008,-25.42,-0.775,-2.516,-0.008,0.007,0.03,0.001,-0.0,-0.0,847.265,-0.0,0.0,-0.0,0.212,0.0,0.0,0.0,0.0,-0.3108,0.9126,-0.2657,0.9502,0.2912,-0.1113,-0.0242,-0.2871,-0.9576,0.676,0.226,-0.7014,-0.7316,0.0917,-0.6755,-0.0884,0.9698,0.2273,0.0005,-0.0001,-0.0001,0.0,0.0,0.0,-0.0091,-0.0186,-0.0015,37.189,21.6813,67.1604,0.0,0.0434,-0.3657,0.0,0.0,0.0,3065858.2962,3411106.3337,-4935728.124,4517.8811,3434.8565,5188.1579,3065821.1072,3411084.6524,-4935795.2844,4517.8902,3434.8751,5188.1594,0.0,0.0765,3.9732,0.0,0.0,1.0,0.0,1.0,0.0,0.0,1.172,-23.972,0.0,1.0,0.0,0.0,0.0,-1.0,3.6567748084890326,0.01969771560359221,-0.37177,2.3141672663406876,13.110616323597204,,
153.7997,74.353,1.487,3.341,70.38,1.382,3.32,-0.005,-0.018,0.008,-0.005,-0.013,0.01,-25.421,-0.772,-2.505,-0.008,0.027,0.073,0.001,-0.0,-0.0,847.221,-0.0,0.0,-0.0,0.229,0.0,0.0,0.0,0.0,-0.3108,0.9126,-0.2656,0.9502,0.2912,-0.1112,-0.0242,-0.2869,-0.9577,0.676,0.226,-0.7014,-0.7316,0.0917,-0.6755,-0.0884,0.9698,0.2273,0.0014,-0.0001,-0.0001,0.0,0.0,0.0,-0.0092,-0.0186,-0.0015,37.1872,21.6775,67.1601,0.0,0.0434,-0.3656,0.0,0.0,0.0,3066785.0597,3411810.9047,-4934663.6296,4517.0613,3433.9445,5189.4773,3066747.8725,3411789.2272,-4934730.7896,4517.0704,3433.9631,5189.4788,0.0,0.0765,3.9732,0.0,0.0,1.0,0.0,1.0,0.0,0.0,1.172,-23.972,0.0,1.0,0.0,0.0,0.0,-1.0,3.6569727918047192,0.01969771560359221,-0.37176499999999996,2.3133801304439627,13.110439996616496,,
154.0048,74.351,1.483,3.342,70.379,1.38,3.322,-0.005,-0.018,0.008,-0.006,-0.01,0.011,-25.423,-0.764,-2.486,-0.007,0.048,0.117,0.002,-0.0,-0.0,847.177,-0.0,0.0,-0.0,0.324,0.0,0.0,0.0,0.0,-0.3107,0.9127,-0.2652,0.9502,0.2912,-0.1111,-0.0242,-0.2866,-0.9578,0.676,0.226,-0.7014,-0.7316,0.0917,-0.6755,-0.0884,0.9698,0.2273,0.0022,-0.0001,-0.0001,0.0,0.0,0.0,-0.0092,-0.0186,-0.0015,37.1854,21.6737,67.1597,0.0,0.0434,-0.3656,0.0,0.0,0.0,3067709.9158,3412513.9663,-4933600.8659,4516.2428,3433.034,5190.794,3067672.7303,3412492.2926,-4933668.0256,4516.252,3433.0526,5190.7955,0.0,0.0765,3.9732,0.0,0.0,1.0,0.0,1.0,0.0,0.0,1.172,-23.972,0.0,1.0,0.0,0.0,0.0,-1.0,3.6562621623729337,0.01969771560359221,-0.371755,2.324062002083867,13.11008734265508,,
154.2117,74.35,1.48,3.344,70.378,1.378,3.325,-0.005,-0.018,0.008,-0.006,-0.007,0.013,-25.425,-0.752,-2.457,-0.005,0.068,0.159,0.003,-0.0,-0.0,847.134,-0.0,0.0,-0.0,0.35,0.0,0.0,0.0,0.0,-0.3107,0.9129,-0.2648,0.9502,0.2912,-0.1109,-0.0242,-0.286,-0.9579,0.676,0.226,-0.7014,-0.7316,0.0917,-0.6755,-0.0884,0.9698,0.2273,0.003,-0.0001,-0.0001,0.0,0.0,0.0,-0.0092,-0.0186,-0.0015,37.1837,21.67,67.1593,0.0,0.0434,-0.3656,0.0,0.0,0.0,3068641.6388,3413222.1883,-4932529.7433,4515.4178,3432.1164,5192.1204,3068604.455,3413200.5183,-4932596.9026,4515.427,3432.1349,5192.1219,0.0,0.0765,3.9732,0.0,0.0,1.0,0.0,1.0,0.0,0.0,1.172,-23.972,0.0,1.0,0.0,0.0,0.0,-1.0,3.6568751687745644,0.01969771560359221,-0.37174999999999997,2.3383243664128783,13.10991101567437,,
154.4145,74.349,1.476,3.346,70.377,1.377,3.327,-0.005,-0.017,0.008,-0.006,-0.003,0.014,-25.427,-0.737,-2.42,-0.005,0.088,0.202,0.004,-0.0,-0.0,847.09,-0.0,0.0,-0.0,0.35,0.0,0.0,0.0,0.0,-0.3107,0.9131,-0.2641,0.9502,0.2913,-0.1107,-0.0241,-0.2854,-0.9581,0.676,0.226,-0.7014,-0.7316,0.0917,-0.6755,-0.0884,0.9698,0.2273,0.0038,-0.0001,-0.0001,0.0,0.0,0.0,-0.0092,-0.0185,-0.0015,37.1821,21.6663,67.1589,0.0,0.0434,-0.3656,0.0,0.0,0.0,3069558.6266,3413919.1509,-4931475.1041,4514.6055,3431.2129,5193.4257,3069521.4445,3413897.4846,-4931542.263,4514.6147,3431.2315,5193.4272,0.0,0.0765,3.9732,0.0,0.0,1.0,0.0,1.0,0.0,0.0,1.172,-23.972,0.0,1.0,0.0,0.0,0.0,-1.0,3.657087912533687,0.018788294228055936,-0.371745,2.3329605243599456,13.109734688693663,,
154.6195,74.348,1.472,3.347,70.375,1.377,3.33,-0.006,-0.017,0.008,-0.006,-0.0,0.016,-25.429,-0.716,-2.374,-0.004,0.108,0.244,0.005,-0.0,-0.0,847.047,-0.0,0.0,-0.0,0.35,0.0,0.0,0.0,0.0,-0.3107,0.9133,-0.2633,0.9502,0.2914,-0.1104,-0.0241,-0.2845,-0.9584,0.676,0.226,-0.7014,-0.7316,0.0917,-0.6755,-0.0884,0.9698,0.2273,0.0047,-0.0001,-0.0001,0.0,0.0,0.0,-0.0092,-0.0185,-0.0015,37.1805,21.6625,67.1585,0.0,0.0434,-0.3656,0.0,0.0,0.0,3070489.4801,3414626.5931,-4930404.0506,4513.7805,3430.2955,5194.7508,3070452.2996,3414604.9305,-4930471.2091,4513.7898,3430.314,5194.7523,0.0,0.0765,3.9732,0.0,0.0,1.0,0.0,1.0,0.0,0.0,1.172,-23.972,0.0,1.0,0.0,0.0,0.0,-1.0,3.656390706694239,0.018788294228055936,-0.37174,2.355757506876384,13.109558361712955,,
154.8262,74.347,1.469,3.349,70.374,1.377,3.334,-0.006,-0.017,0.008,-0.006,0.002,0.017,-25.43,-0.692,-2.321,-0.004,0.125,0.278,0.005,-0.0,-0.0,847.013,-0.0,0.0,-0.0,0.219,0.0,0.0,0.0,0.0,-0.3106,0.9136,-0.2624,0.9502,0.2915,-0.1101,-0.0241,-0.2835,-0.9587,0.676,0.226,-0.7014,-0.7316,0.0917,-0.6755,-0.0884,0.9698,0.2273,0.0053,-0.0001,-0.0001,0.0,0.0,0.0,-0.0093,-0.0185,-0.0015,37.1789,21.6589,67.158,0.0,0.0434,-0.3656,0.0,0.0,0.0,3071406.1475,3415323.1951,-4929348.8629,4512.9677,3429.3916,5196.0556,3071368.9686,3415301.5362,-4929416.0209,4512.977,3429.4101,5196.0571,0.0,0.0765,3.9732,0.0,0.0,1.0,0.0,1.0,0.0,0.0,1.172,-23.972,0.0,1.0,0.0,0.0,0.0,-1.0,3.6570154497896232,0.018788294228055936,-0.371735,2.382388052396494,13.109382034732244,,
155.0335,74.346,1.465,3.351,70.373,1.378,3.337,-0.006,-0.017,0.008,-0.006,0.001,0.016,-25.432,-0.667,-2.263,-0.005,0.115,0.257,0.005,-0.0,-0.0,846.98,-0.0,0.0,-0.0,0.193,0.0,0.0,0.0,0.0,-0.3106,0.9139,-0.2614,0.9502,0.2916,-0.1098,-0.0241,-0.2825,-0.959,0.676,0.226,-0.7014,-0.7316,0.0917,-0.6755,-0.0884,0.9698,0.2273,0.0049,-0.0001,-0.0001,0.0,0.0,0.0,-0.0093,-0.0185,-0.0015,37.1773,21.6551,67.1575,0.0,0.0434,-0.3656,0.0,0.0,0.0,3072352.1164,3416042.0035,-4928259.4668,4512.1285,3428.4585,5197.4021,3072314.9391,3416020.3484,-4928326.6244,4512.1378,3428.477,5197.4036,0.0,0.0765,3.9732,0.0,0.0,1.0,0.0,1.0,0.0,0.0,1.172,-23.972,0.0,1.0,0.0,0.0,0.0,-1.0,3.6572429506391835,0.018788294228055936,-0.37173,2.3923174528155684,13.109205707751538,,
155.2375,74.345,1.462,3.352,70.372,1.378,3.34,-0.006,-0.017,0.008,-0.006,0.001,0.016,-25.434,-0.644,-2.211,-0.005,0.115,0.257,0.005,-0.0,-0.0,846.98,-0.0,0.0,-0.0,0.193,0.0,0.0,0.0,0.0,-0.3106,0.9141,-0.2605,0.9502,0.2917,-0.1094,-0.0241,-0.2815,-0.9592,0.676,0.226,-0.7014,-0.7316,0.0917,-0.6755,-0.0884,0.9698,0.2273,0.0049,-0.0001,-0.0001,0.0,0.0,0.0,-0.0093,-0.0185,-0.0015,37.1757,21.6515,67.1571,0.0,0.0434,-0.3656,0.0,0.0,0.0,3073267.187,3416737.2744,-4927205.1927,4511.3163,3427.5555,5198.7045,3073230.0113,3416715.6229,-4927272.3498,4511.3256,3427.5741,5198.7061,0.0,0.0765,3.9732,0.0,0.0,1.0,0.0,1.0,0.0,0.0,1.172,-23.972,0.0,1.0,0.0,0.0,0.0,-1.0,3.6569588458171087,0.018788294228055936,-0.37172499999999997,2.4204924699726615,13.109029380770828,,
155.4376,74.344,1.459,3.354,70.37,1.378,3.344,-0.006,-0.017,0.008,-0.006,0.001,0.016,-25.436,-0.621,-2.16,-0.005,0.115,0.257,0.005,-0.0,-0.0,846.98,-0.0,0.0,-0.0,0.193,0.0,0.0,0.0,0.0,-0.3106,0.9144,-0.2596,0.9503,0.2917,-0.1091,-0.024,-0.2806,-0.9595,0.676,0.226,-0.7014,-0.7316,0.0917,-0.6755,-0.0884,0.9698,0.2273,0.0049,-0.0001,-0.0001,0.0,0.0,0.0,-0.0093,-0.0186,-0.0015,37.1742,21.6479,67.1566,0.0,0.0434,-0.3656,0.0,0.0,0.0,3074168.7826,3417422.2501,-4926166.0006,4510.5157,3426.6655,5199.9878,3074131.6084,3417400.6022,-4926233.1572,4510.525,3426.684,5199.9893,0.0,0.0765,3.9732,0.0,0.0,1.0,0.0,1.0,0.0,0.0,1.172,-23.972,0.0,1.0,0.0,0.0,0.0,-1.0,3.657594428036001,0.018788294228055936,-0.37172,2.450337573443339,13.108853053790119,,
155.6442,74.342,1.455,3.356,70.369,1.378,3.347,-0.006,-0.017,0.008,-0.006,0.001,0.016,-25.438,-0.597,-2.107,-0.005,0.114,0.255,0.005,-0.0,-0.0,846.977,-0.0,0.0,-0.0,0.193,0.0,0.0,0.0,0.0,-0.3105,0.9147,-0.2587,0.9503,0.2918,-0.1088,-0.024,-0.2796,-0.9598,0.676,0.226,-0.7014,-0.7316,0.0917,-0.6755,-0.0884,0.9698,0.2273,0.0049,-0.0001,-0.0001,0.0,0.0,0.0,-0.0093,-0.0186,-0.0016,37.1726,21.6442,67.1562,0.0,0.0434,-0.3656,0.0,0.0,0.0,3075104.401,3418133.0147,-4925087.1259,4509.6845,3425.7415,5201.3194,3075067.2284,3418111.3706,-4925154.2821,4509.6938,3425.7601,5201.3209,0.0,0.0765,3.9732,0.0,0.0,1.0,0.0,1.0,0.0,0.0,1.172,-23.972,0.0,1.0,0.0,0.0,0.0,-1.0,3.657835562187015,0.018788294228055936,-0.37171,2.4654368282680066,13.108500399828703,,
155.8467,74.341,1.452,3.357,70.368,1.378,3.35,-0.006,-0.017,0.008,-0.006,0.001,0.016,-25.44,-0.574,-2.055,-0.005,0.114,0.255,0.005,-0.0,-0.0,846.977,-0.0,0.0,-0.0,0.193,0.0,0.0,0.0,0.0,-0.3105,0.9149,-0.2578,0.9503,0.2919,-0.1085,-0.024,-0.2787,-0.9601,0.676,0.226,-0.7014,-0.7316,0.0917,-0.6755,-0.0884,0.9698,0.2273,0.0049,-0.0001,-0.0001,0.0,0.0,0.0,-0.0094,-0.0186,-0.0016,37.1711,21.6405,67.1557,0.0,0.0434,-0.3656,0.0,0.0,0.0,3076013.6353,3418823.6781,-4924038.2185,4508.8763,3424.8432,5202.6134,3075976.4643,3418802.0376,-4924105.3742,4508.8857,3424.8618,5202.615,0.0,0.0765,3.9732,0.0,0.0,1.0,0.0,1.0,0.0,0.0,1.172,-23.972,0.0,1.0,0.0,0.0,0.0,-1.0,3.6575610726274963,0.018788294228055936,-0.37170499999999995,2.496287510136334,13.108324072847994,,
156.0508,74.34,1.448,3.359,70.367,1.378,3.354,-0.006,-0.017,0.008,-0.006,0.0,0.016,-25.441,-0.551,-2.004,-0.005,0.112,0.251,0.005,-0.0,-0.0,846.971,-0.0,0.0,-0.0,0.193,0.0,0.0,0.0,0.0,-0.3105,0.9152,-0.2569,0.9503,0.292,-0.1082,-0.024,-0.2777,-0.9604,0.676,0.226,-0.7014,-0.7316,0.0917,-0.6755,-0.0884,0.9698,0.2273,0.0048,-0.0001,-0.0001,0.0,0.0,0.0,-0.0094,-0.0186,-0.0016,37.1694,21.6368,67.1552,0.0,0.0434,-0.3656,0.0,0.0,0.0,3076929.9066,3419519.6287,-4922980.7399,4508.0615,3423.9377,5203.9174,3076892.7372,3419497.9919,-4923047.8952,4508.0709,3423.9563,5203.919,0.0,0.0765,3.9732,0.0,0.0,1.0,0.0,1.0,0.0,0.0,1.172,-23.972,0.0,1.0,0.0,0.0,0.0,-1.0,3.657811504164751,0.018788294228055936,-0.37170000000000003,2.528960826303392,13.108147745867287,,
156.2527,74.339,1.445,3.361,70.366,1.378,3.357,-0.006,-0.017,0.008,-0.006,0.0,0.016,-25.443,-0.529,-1.953,-0.005,0.111,0.249,0.005,-0.0,-0.0,846.969,-0.0,0.0,-0.0,0.193,0.0,0.0,0.0,0.0,-0.3105,0.9155,-0.256,0.9503,0.2921,-0.1079,-0.024,-0.2768,-0.9606,0.676,0.226,-0.7014,-0.7316,0.0917,-0.6755,-0.0884,0.9698,0.2273,0.0048,-0.0001,-0.0001,0.0,0.0,0.0,-0.0094,-0.0186,-0.0016,37.1678,21.6332,67.1548,0.0,0.0434,-0.3656,0.0,0.0,0.0,3077845.2381,3420214.8072,-4921923.8909,4507.2472,3423.0327,5205.22,3077808.0703,3420193.174,-4921991.0457,4507.2566,3423.0513,5205.2216,0.0,0.0765,3.9732,0.0,0.0,1.0,0.0,1.0,0.0,0.0,1.172,-23.972,0.0,1.0,0.0,0.0,0.0,-1.0,3.6584622452609787,0.018788294228055936,-0.371695,2.547114481262815,13.107971418886578,,
156.4542,74.338,1.441,3.362,70.364,1.378,3.36,-0.006,-0.017,0.008,-0.006,-0.0,0.016,-25.445,-0.506,-1.903,-0.005,0.11,0.248,0.005,-0.0,-0.0,846.966,-0.0,0.0,-0.0,0.193,0.0,0.0,0.0,0.0,-0.3104,0.9157,-0.2552,0.9503,0.2922,-0.1076,-0.024,-0.2759,-0.9609,0.676,0.226,-0.7014,-0.7316,0.0917,-0.6755,-0.0884,0.9698,0.2273,0.0047,-0.0001,-0.0001,0.0,0.0,0.0,-0.0094,-0.0186,-0.0016,37.1662,21.6295,67.1543,0.0,0.0434,-0.3656,0.0,0.0,0.0,3078759.5474,3420909.151,-4920867.7687,4506.4333,3422.1283,5206.5211,3078722.3812,3420887.5215,-4920934.923,4506.4427,3422.147,5206.5227,0.0,0.0765,3.9732,0.0,0.0,1.0,0.0,1.0,0.0,0.0,1.172,-23.972,0.0,1.0,0.0,0.0,0.0,-1.0,3.657803302530086,0.018788294228055936,-0.37168999999999996,2.581289537199025,13.107795091905869,,
156.6595,74.337,1.438,3.364,70.363,1.378,3.363,-0.006,-0.017,0.008,-0.006,-0.0,0.016,-25.446,-0.484,-1.852,-0.005,0.11,0.248,0.005,-0.0,-0.0,846.966,-0.0,0.0,-0.0,0.193,0.0,0.0,0.0,0.0,-0.3104,0.916,-0.2543,0.9503,0.2923,-0.1073,-0.0239,-0.275,-0.9612,0.676,0.226,-0.7014,-0.7316,0.0917,-0.6755,-0.0884,0.9698,0.2273,0.0047,-0.0001,-0.0001,0.0,0.0,0.0,-0.0094,-0.0186,-0.0016,37.1646,21.6258,67.1539,0.0,0.0434,-0.3656,0.0,0.0,0.0,3079681.108,3421608.9434,-4919802.807,4505.6127,3421.2165,5207.8325,3079643.9434,3421587.3176,-4919869.9608,4505.6221,3421.2351,5207.8341,0.0,0.0765,3.9732,0.0,0.0,1.0,0.0,1.0,0.0,0.0,1.172,-23.972,0.0,1.0,0.0,0.0,0.0,-1.0,3.658461425244224,0.018788294228055936,-0.37168500000000004,2.6010671185558905,13.107618764925162,,
156.8611,74.336,1.434,3.365,70.362,1.378,3.366,-0.006,-0.017,0.008,-0.006,-0.0,0.016,-25.448,-0.462,-1.802,-0.005,0.109,0.246,0.005,-0.0,-0.0,846.963,-0.0,0.0,-0.0,0.193,0.0,0.0,0.0,0.0,-0.3104,0.9162,-0.2534,0.9503,0.2923,-0.107,-0.0239,-0.274,-0.9614,0.676,0.226,-0.7014,-0.7316,0.0917,-0.6755,-0.0884,0.9698,0.2273,0.0047,-0.0001,-0.0001,0.0,0.0,0.0,-0.0094,-0.0187,-0.0016,37.163,21.6222,67.1534,0.0,0.0434,-0.3656,0.0,0.0,0.0,3080587.9988,3422297.5382,-4918754.3483,4504.8046,3420.3188,5209.123,3080550.8358,3422275.916,-4918821.5017,4504.8141,3420.3375,5209.1246,0.0,0.0765,3.9732,0.0,0.0,1.0,0.0,1.0,0.0,0.0,1.172,-23.972,0.0,1.0,0.0,0.0,0.0,-1.0,3.657810957389679,0.018788294228055936,-0.37168,2.6372604485023854,13.107442437944453,,
157.0613,74.334,1.431,3.367,70.361,1.378,3.369,-0.006,-0.017,0.008,-0.006,-0.0,0.016,-25.45,-0.44,-1.753,-0.005,0.109,0.246,0.005,-0.0,-0.0,846.963,-0.0,0.0,-0.0,0.193,0.0,0.0,0.0,0.0,-0.3103,0.9165,-0.2526,0.9503,0.2924,-0.1067,-0.0239,-0.2731,-0.9617,0.676,0.226,-0.7014,-0.7316,0.0917,-0.6755,-0.0884,0.9698,0.2273,0.0047,-0.0001,-0.0001,0.0,0.0,0.0,-0.0095,-0.0187,-0.0016,37.1614,21.6185,67.153,0.0,0.0434,-0.3656,0.0,0.0,0.0,3081484.8549,3422978.4572,-4917717.0516,4504.0052,3419.4307,5210.3992,3081447.6935,3422956.8387,-4917784.2045,4504.0147,3419.4494,5210.4007,0.0,0.0765,3.9732,0.0,0.0,1.0,0.0,1.0,0.0,0.0,1.172,-23.972,0.0,1.0,0.0,0.0,0.0,-1.0,3.6584764588555165,0.018788294228055936,-0.37167,2.658552208998882,13.107089783983037,,
157.2688,74.333,1.427,3.369,70.36,1.378,3.373,-0.006,-0.017,0.008,-0.006,-0.0,0.016,-25.451,-0.417,-1.702,-0.005,0.109,0.246,0.005,-0.0,-0.0,846.963,-0.0,0.0,-0.0,0.193,0.0,0.0,0.0,0.0,-0.3103,0.9167,-0.2517,0.9503,0.2925,-0.1064,-0.0239,-0.2722,-0.9619,0.676,0.226,-0.7014,-0.7316,0.0917,-0.6755,-0.0884,0.9698,0.2273,0.0047,-0.0001,-0.0001,0.0,0.0,0.0,-0.0095,-0.0187,-0.0016,37.1598,21.6147,67.1525,0.0,0.0434,-0.3656,0.0,0.0,0.0,3082427.9077,3423694.39,-4916625.8496,4503.1642,3418.4965,5211.741,3082390.748,3423672.7753,-4916693.0021,4503.1736,3418.5152,5211.7426,0.0,0.0765,3.9732,0.0,0.0,1.0,0.0,1.0,0.0,0.0,1.172,-23.972,0.0,1.0,0.0,0.0,0.0,-1.0,3.658755252814815,0.018788294228055936,-0.37166499999999997,2.697460780397305,13.106913457002326,,
157.4755,74.332,1.423,3.37,70.358,1.378,3.376,-0.006,-0.017,0.008,-0.006,-0.0,0.016,-25.453,-0.394,-1.651,-0.005,0.108,0.244,0.005,-0.0,-0.0,846.96,-0.0,0.0,-0.0,0.193,0.0,0.0,0.0,0.0,-0.3103,0.917,-0.2508,0.9503,0.2926,-0.1061,-0.0239,-0.2713,-0.9622,0.676,0.226,-0.7014,-0.7316,0.0917,-0.6755,-0.0884,0.9698,0.2273,0.0047,-0.0001,-0.0001,0.0,0.0,0.0,-0.0095,-0.0187,-0.0016,37.1581,21.611,67.152,0.0,0.0434,-0.3656,0.0,0.0,0.0,3083362.6377,3424403.9435,-4915543.7987,4502.3301,3417.5702,5213.0709,3083325.4796,3424382.3325,-4915610.9507,4502.3396,3417.5889,5213.0725,0.0,0.0765,3.9732,0.0,0.0,1.0,0.0,1.0,0.0,0.0,1.172,-23.972,0.0,1.0,0.0,0.0,0.0,-1.0,3.6581182320969345,0.018788294228055936,-0.37166,2.7366815856463007,13.106737130021617,,
157.6756,74.331,1.42,3.372,70.357,1.378,3.379,-0.006,-0.017,0.008,-0.006,-0.001,0.016,-25.454,-0.373,-1.602,-0.005,0.108,0.243,0.005,-0.0,-0.0,846.942,-0.0,0.0,-0.0,0.193,0.0,0.0,0.0,0.0,-0.3103,0.9172,-0.25,0.9503,0.2927,-0.1058,-0.0238,-0.2704,-0.9625,0.676,0.226,-0.7014,-0.7316,0.0917,-0.6755,-0.0884,0.9698,0.2273,0.0046,-0.0001,-0.0001,0.0,0.0,0.0,-0.0095,-0.0187,-0.0016,37.1565,21.6073,67.1516,0.0,0.0434,-0.3656,0.0,0.0,0.0,3084263.79,3425087.9502,-4914500.1676,4501.5257,3416.6769,5214.3531,3084226.6335,3425066.3429,-4914567.3192,4501.5352,3416.6956,5214.3547,0.0,0.0765,3.9732,0.0,0.0,1.0,0.0,1.0,0.0,0.0,1.172,-23.972,0.0,1.0,0.0,0.0,0.0,-1.0,3.6587954301928387,0.018788294228055936,-0.371655,2.76019381957831,13.10656080304091,,
157.883,74.33,1.416,3.374,70.356,1.378,3.382,-0.006,-0.017,0.008,-0.006,-0.001,0.016,-25.456,-0.351,-1.552,-0.005,0.108,0.244,0.005,-0.0,-0.0,846.922,-0.0,0.0,-0.0,0.193,0.0,0.0,0.0,0.0,-0.3102,0.9174,-0.2491,0.9504,0.2927,-0.1055,-0.0238,-0.2694,-0.9627,0.676,0.226,-0.7014,-0.7316,0.0917,-0.6755,-0.0884,0.9698,0.2273,0.0047,-0.0001,-0.0001,0.0,0.0,0.0,-0.0095,-0.0187,-0.0016,37.1549,21.6036,67.1511,0.0,0.0434,-0.3656,0.0,0.0,0.0,3085193.55,3425793.612,-4913422.9401,4500.6953,3415.7548,5215.6759,3085156.3951,3425772.0085,-4913490.0912,4500.7049,3415.7735,5215.6775,0.0,0.0765,3.9732,0.0,0.0,1.0,0.0,1.0,0.0,0.0,1.172,-23.972,0.0,1.0,0.0,0.0,0.0,-1.0,3.6590889576505243,0.018788294228055936,-0.37165,2.786940668716873,13.106384476060201,,
158.0846,74.329,1.413,3.375,70.355,1.378,3.385,-0.006,-0.017,0.008,-0.006,-0.001,0.016,-25.458,-0.329,-1.503,-0.005,0.108,0.243,0.005,-0.0,-0.0,846.917,-0.0,0.0,-0.0,0.193,0.0,0.0,0.0,0.0,-0.3102,0.9177,-0.2482,0.9504,0.2928,-0.1052,-0.0238,-0.2685,-0.963,0.676,0.226,-0.7014,-0.7316,0.0917,-0.6755,-0.0884,0.9698,0.2273,0.0046,-0.0001,-0.0001,0.0,0.0,0.0,-0.0095,-0.0187,-0.0016,37.1532,21.5999,67.1507,0.0,0.0434,-0.3656,0.0,0.0,0.0,3086098.3869,3426480.2997,-4912374.1375,4499.8868,3414.857,5216.9632,3086061.2336,3426458.6998,-4912441.2881,4499.8964,3414.8758,5216.9648,0.0,0.0765,3.9732,0.0,0.0,1.0,0.0,1.0,0.0,0.0,1.172,-23.972,0.0,1.0,0.0,0.0,0.0,-1.0,3.6588514591330434,0.018788294228055936,-0.37164499999999995,2.8259110933304146,13.106208149079492,,
158.2879,74.327,1.409,3.377,70.354,1.378,3.389,-0.006,-0.017,0.008,-0.006,-0.0,0.016,-25.459,-0.307,-1.453,-0.005,0.11,0.247,0.005,-0.0,-0.0,846.906,-0.0,0.0,-0.0,0.219,0.0,0.0,0.0,0.0,-0.3102,0.9179,-0.2474,0.9504,0.2929,-0.1049,-0.0238,-0.2676,-0.9632,0.676,0.226,-0.7014,-0.7316,0.0917,-0.6755,-0.0884,0.9698,0.2273,0.0047,-0.0001,-0.0001,0.0,0.0,0.0,-0.0096,-0.0187,-0.0016,37.1516,21.5962,67.1502,0.0,0.0434,-0.3656,0.0,0.0,0.0,3087023.2332,3427182.1133,-4911301.6814,4499.06,3413.9391,5218.2789,3086986.0816,3427160.5171,-4911368.8316,4499.0696,3413.9579,5218.2805,0.0,0.0765,3.9732,0.0,0.0,1.0,0.0,1.0,0.0,0.0,1.172,-23.972,0.0,1.0,0.0,0.0,0.0,-1.0,3.659154273872584,0.018788294228055936,-0.371635,2.869210366736932,13.105855495118076,,
158.4919,74.326,1.406,3.379,70.352,1.378,3.392,-0.006,-0.017,0.008,-0.006,0.002,0.017,-25.461,-0.283,-1.399,-0.005,0.124,0.277,0.005,-0.0,-0.0,846.876,-0.0,0.0,-0.0,0.219,0.0,0.0,0.0,0.0,-0.3102,0.9182,-0.2464,0.9504,0.293,-0.1045,-0.0238,-0.2666,-0.9635,0.676,0.226,-0.7014,-0.7316,0.0917,-0.6755,-0.0884,0.9698,0.2273,0.0053,-0.0001,-0.0001,0.0,0.0,0.0,-0.0096,-0.0187,-0.0016,37.15,21.5925,67.1497,0.0,0.0434,-0.3656,0.0,0.0,0.0,3087932.6914,3427872.1916,-4910246.6129,4498.2466,3413.0361,5219.5726,3087895.5414,3427850.5991,-4910313.7626,4498.2562,3413.0549,5219.5743,0.0,0.0765,3.9732,0.0,0.0,1.0,0.0,1.0,0.0,0.0,1.172,-23.972,0.0,1.0,0.0,0.0,0.0,-1.0,3.6598465814839836,0.018788294228055936,-0.37162999999999996,2.8952441349263554,13.105679168137367,,
158.6975,74.325,1.402,3.38,70.351,1.378,3.395,-0.006,-0.017,0.008,-0.006,0.002,0.017,-25.462,-0.257,-1.343,-0.005,0.124,0.277,0.005,-0.0,-0.0,846.876,-0.0,0.0,-0.0,0.219,0.0,0.0,0.0,0.0,-0.3101,0.9185,-0.2455,0.9504,0.2931,-0.1042,-0.0238,-0.2656,-0.9638,0.676,0.226,-0.7014,-0.7316,0.0917,-0.6755,-0.0884,0.9698,0.2273,0.0053,-0.0001,-0.0001,0.0,0.0,0.0,-0.0096,-0.0187,-0.0016,37.1484,21.5888,67.1492,0.0,0.0434,-0.3656,0.0,0.0,0.0,3088853.0349,3428570.4702,-4909178.4577,4497.4231,3412.122,5220.8819,3088815.8865,3428548.8815,-4909245.6069,4497.4327,3412.1407,5220.8835,0.0,0.0765,3.9732,0.0,0.0,1.0,0.0,1.0,0.0,0.0,1.172,-23.972,0.0,1.0,0.0,0.0,0.0,-1.0,3.6592354392687003,0.018788294228055936,-0.37162500000000004,2.9392653079280797,13.10550284115666,,
158.9029,74.324,1.399,3.382,70.35,1.379,3.399,-0.006,-0.017,0.008,-0.006,0.002,0.017,-25.464,-0.232,-1.286,-0.005,0.124,0.277,0.005,-0.0,-0.0,846.876,-0.0,0.0,-0.0,0.219,0.0,0.0,0.0,0.0,-0.3101,0.9187,-0.2445,0.9504,0.2932,-0.1038,-0.0237,-0.2645,-0.9641,0.676,0.226,-0.7014,-0.7316,0.0917,-0.6755,-0.0884,0.9698,0.2273,0.0053,-0.0001,-0.0001,0.0,0.0,0.0,-0.0096,-0.0188,-0.0016,37.1467,21.585,67.1487,0.0,0.0434,-0.3656,0.0,0.0,0.0,3089781.3027,3429274.7013,-4908100.6354,4496.592,3411.1996,5222.2023,3089744.1559,3429253.1163,-4908167.7842,4496.6016,3411.2183,5222.2039,0.0,0.0765,3.9732,0.0,0.0,1.0,0.0,1.0,0.0,0.0,1.172,-23.972,0.0,1.0,0.0,0.0,0.0,-1.0,3.659935108714361,0.018788294228055936,-0.37162,2.9850276598276784,13.10532651417595,,
159.1029,74.323,1.395,3.384,70.349,1.379,3.402,-0.006,-0.017,0.008,-0.006,0.002,0.017,-25.465,-0.207,-1.23,-0.005,0.124,0.277,0.005,-0.0,-0.0,846.876,-0.0,0.0,-0.0,0.219,0.0,0.0,0.0,0.0,-0.3101,0.919,-0.2435,0.9504,0.2933,-0.1035,-0.0237,-0.2635,-0.9644,0.676,0.226,-0.7014,-0.7316,0.0917,-0.6755,-0.0884,0.9698,0.2273,0.0053,-0.0001,-0.0001,0.0,0.0,0.0,-0.0096,-0.0188,-0.0017,37.1452,21.5814,67.1483,0.0,0.0434,-0.3656,0.0,0.0,0.0,3090678.0471,3429954.9602,-4907058.9644,4495.7888,3410.3082,5223.4779,3090640.9019,3429933.3788,-4907126.1127,4495.7985,3410.3269,5223.4795,0.0,0.0765,3.9732,0.0,0.0,1.0,0.0,1.0,0.0,0.0,1.172,-23.972,0.0,1.0,0.0,0.0,0.0,-1.0,3.6602569581929627,0.018788294228055936,-0.371615,3.016753908109589,13.10515018719524,,
159.31,74.322,1.392,3.385,70.348,1.379,3.406,-0.006,-0.017,0.008,-0.006,0.002,0.017,-25.467,-0.181,-1.173,-0.005,0.124,0.277,0.005,-0.0,-0.0,846.876,-0.0,0.0,-0.0,0.219,0.0,0.0,0.0,0.0,-0.3101,0.9193,-0.2425,0.9504,0.2933,-0.1032,-0.0237,-0.2625,-0.9647,0.676,0.226,-0.7014,-0.7316,0.0917,-0.6755,-0.0884,0.9698,0.2273,0.0053,-0.0001,-0.0001,0.0,0.0,0.0,-0.0097,-0.0188,-0.0017,37.1435,21.5776,67.1478,0.0,0.0434,-0.3656,0.0,0.0,0.0,3091607.676,3430660.1053,-4905978.6317,4494.9558,3409.3837,5224.8002,3091570.5325,3430638.5276,-4906045.7794,4494.9654,3409.4025,5224.8018,0.0,0.0765,3.9732,0.0,0.0,1.0,0.0,1.0,0.0,0.0,1.172,-23.972,0.0,1.0,0.0,0.0,0.0,-1.0,3.6600394806613763,0.018788294228055936,-0.37161,3.073475576043708,13.104973860214534,,
159.5179,74.32,1.388,3.387,70.347,1.38,3.409,-0.006,-0.017,0.008,-0.006,0.002,0.017,-25.468,-0.156,-1.116,-0.005,0.124,0.277,0.005,-0.0,-0.0,846.876,-0.0,0.0,-0.0,0.219,0.0,0.0,0.0,0.0,-0.31,0.9195,-0.2415,0.9504,0.2934,-0.1028,-0.0237,-0.2614,-0.9649,0.676,0.226,-0.7014,-0.7316,0.0917,-0.6755,-0.0884,0.9698,0.2273,0.0053,-0.0001,-0.0001,0.0,0.0,0.0,-0.0097,-0.0188,-0.0017,37.1419,21.5739,67.1473,0.0,0.0434,-0.3656,0.0,0.0,0.0,3092541.6083,3431368.4536,-4904892.8203,4494.1185,3408.4546,5226.1285,3092504.4665,3431346.8797,-4904959.9676,4494.1281,3408.4734,5226.1302,0.0,0.0765,3.9732,0.0,0.0,1.0,0.0,1.0,0.0,0.0,1.172,-23.972,0.0,1.0,0.0,0.0,0.0,-1.0,3.6603706096514323,0.018788294228055936,-0.3716,3.111210467283889,13.104621206253116,,
159.725,74.319,1.384,3.389,70.345,1.38,3.413,-0.006,-0.017,0.008,-0.006,0.002,0.017,-25.47,-0.13,-1.058,-0.005,0.124,0.277,0.005,-0.0,-0.0,846.876,-0.0,0.0,-0.0,0.219,0.0,0.0,0.0,0.0,-0.31,0.9198,-0.2405,0.9504,0.2935,-0.1025,-0.0237,-0.2603,-0.9652,0.676,0.226,-0.7014,-0.7316,0.0917,-0.6755,-0.0884,0.9698,0.2273,0.0053,-0.0001,-0.0001,0.0,0.0,0.0,-0.0097,-0.0188,-0.0017,37.1402,21.5701,67.1468,0.0,0.0434,-0.3656,0.0,0.0,0.0,3093476.19,3432077.2331,-4903805.7763,4493.2801,3407.5245,5227.4578,3093439.0498,3432055.663,-4903872.923,4493.2898,3407.5433,5227.4594,0.0,0.0765,3.9732,0.0,0.0,1.0,0.0,1.0,0.0,0.0,1.172,-23.972,0.0,1.0,0.0,0.0,0.0,-1.0,3.660707172118524,0.018788294228055936,-0.371595,3.159635641674159,13.104444879272409,,
159.9252,74.318,1.381,3.39,70.344,1.38,3.416,-0.006,-0.017,0.008,-0.006,0.002,0.017,-25.471,-0.105,-1.002,-0.005,0.124,0.277,0.005,-0.0,-0.0,846.876,-0.0,0.0,-0.0,0.219,0.0,0.0,0.0,0.0,-0.31,0.9201,-0.2395,0.9505,0.2936,-0.1021,-0.0236,-0.2593,-0.9655,0.676,0.226,-0.7014,-0.7316,0.0917,-0.6755,-0.0884,0.9698,0.2273,0.0053,-0.0001,-0.0001,0.0,0.0,0.0,-0.0097,-0.0188,-0.0017,37.1386,21.5664,67.1463,0.0,0.0434,-0.3656,0.0,0.0,0.0,3094379.4654,3432762.2123,-4902754.6875,4492.4695,3406.6252,5228.7424,3094342.3268,3432740.6459,-4902821.8337,4492.4792,3406.644,5228.7441,0.0,0.0765,3.9732,0.0,0.0,1.0,0.0,1.0,0.0,0.0,1.172,-23.972,0.0,1.0,0.0,0.0,0.0,-1.0,3.66050010244502,0.018788294228055936,-0.37159,3.2032007355949443,13.1042685522917,,
160.1261,74.317,1.377,3.392,70.343,1.381,3.419,-0.006,-0.017,0.008,-0.006,0.002,0.017,-25.472,-0.08,-0.947,-0.005,0.124,0.277,0.005,-0.0,-0.0,846.876,-0.0,0.0,-0.0,0.219,0.0,0.0,0.0,0.0,-0.3099,0.9203,-0.2386,0.9505,0.2937,-0.1018,-0.0236,-0.2583,-0.9658,0.676,0.226,-0.7014,-0.7316,0.0917,-0.6755,-0.0884,0.9698,0.2273,0.0053,-0.0001,-0.0001,0.0,0.0,0.0,-0.0097,-0.0188,-0.0017,37.137,21.5628,67.1458,0.0,0.0434,-0.3656,0.0,0.0,0.0,3095273.3524,3433440.0157,-4901714.0828,4491.667,3405.7349,5230.0137,3095236.2155,3433418.4529,-4901781.2286,4491.6767,3405.7537,5230.0154,0.0,0.0765,3.9732,0.0,0.0,1.0,0.0,1.0,0.0,0.0,1.172,-23.972,0.0,1.0,0.0,0.0,0.0,-1.0,3.6608459404897116,0.018788294228055936,-0.37158499999999994,3.243679773512054,13.10409222531099,,
160.3285,74.316,1.374,3.394,70.342,1.381,3.423,-0.006,-0.017,0.008,-0.006,0.002,0.017,-25.474,-0.055,-0.891,-0.005,0.124,0.277,0.005,-0.0,-0.0,846.876,-0.0,0.0,-0.0,0.219,0.0,0.0,0.0,0.0,-0.3099,0.9206,-0.2376,0.9505,0.2938,-0.1015,-0.0236,-0.2573,-0.9661,0.676,0.226,-0.7014,-0.7316,0.0917,-0.6755,-0.0884,0.9698,0.2273,0.0053,-0.0001,-0.0001,0.0,0.0,0.0,-0.0097,-0.0189,-0.0017,37.1354,21.5591,67.1453,0.0,0.0434,-0.3656,0.0,0.0,0.0,3096184.2676,3434130.6729,-4900653.2054,4490.8487,3404.8273,5231.3092,3096147.1322,3434109.1138,-4900720.3507,4490.8585,3404.8462,5231.3109,0.0,0.0765,3.9732,0.0,0.0,1.0,0.0,1.0,0.0,0.0,1.172,-23.972,0.0,1.0,0.0,0.0,0.0,-1.0,3.6615723398561992,0.018788294228055936,-0.37158,3.2888368129352012,13.103915898330284,,
160.5354,74.314,1.37,3.395,70.341,1.382,3.426,-0.006,-0.017,0.008,-0.006,0.002,0.017,-25.475,-0.029,-0.834,-0.005,0.124,0.277,0.005,-0.0,-0.0,846.876,-0.0,0.0,-0.0,0.219,0.0,0.0,0.0,0.0,-0.3099,0.9209,-0.2366,0.9505,0.2939,-0.1011,-0.0236,-0.2562,-0.9663,0.676,0.226,-0.7014,-0.7316,0.0917,-0.6755,-0.0884,0.9698,0.2273,0.0053,-0.0001,-0.0001,0.0,0.0,0.0,-0.0098,-0.0189,-0.0017,37.1337,21.5553,67.1448,0.0,0.0434,-0.3656,0.0,0.0,0.0,3097117.2843,3434838.0273,-4899566.1135,4490.0102,3403.8973,5232.636,3097080.1506,3434816.4721,-4899633.2583,4490.02,3403.9162,5232.6377,0.0,0.0765,3.9732,0.0,0.0,1.0,0.0,1.0,0.0,0.0,1.172,-23.972,0.0,1.0,0.0,0.0,0.0,-1.0,3.661000546298785,0.018788294228055936,-0.37156999999999996,3.3445566225546544,13.103563244368864,,
160.7382,74.313,1.367,3.397,70.34,1.382,3.43,-0.006,-0.017,0.008,-0.006,0.002,0.017,-25.476,-0.004,-0.778,-0.005,0.124,0.277,0.005,-0.0,-0.0,846.876,-0.0,0.0,-0.0,0.219,0.0,0.0,0.0,0.0,-0.3099,0.9211,-0.2356,0.9505,0.294,-0.1008,-0.0236,-0.2552,-0.9666,0.676,0.226,-0.7014,-0.7316,0.0917,-0.6755,-0.0884,0.9698,0.2273,0.0053,-0.0001,-0.0001,0.0,0.0,0.0,-0.0098,-0.0189,-0.0017,37.132,21.5516,67.1443,0.0,0.0434,-0.3656,0.0,0.0,0.0,3098027.6112,3435528.1205,-4898504.999,4489.1917,3402.9896,5233.9305,3097990.4792,3435506.569,-4898572.1434,4489.2015,3403.0085,5233.9322,0.0,0.0765,3.9732,0.0,0.0,1.0,0.0,1.0,0.0,0.0,1.172,-23.972,0.0,1.0,0.0,0.0,0.0,-1.0,3.6617342885578137,0.018788294228055936,-0.37156500000000003,3.390458342944208,13.103386917388159,,
160.9421,74.312,1.363,3.399,70.338,1.382,3.433,-0.006,-0.017,0.008,-0.006,0.002,0.017,-25.478,0.021,-0.721,-0.005,0.124,0.277,0.005,-0.0,-0.0,846.876,-0.0,0.0,-0.0,0.219,0.0,0.0,0.0,0.0,-0.3098,0.9214,-0.2346,0.9505,0.2941,-0.1004,-0.0236,-0.2541,-0.9669,0.676,0.226,-0.7014,-0.7316,0.0917,-0.6755,-0.0884,0.9698,0.2273,0.0053,-0.0001,-0.0001,0.0,0.0,0.0,-0.0098,-0.0189,-0.0017,37.1304,21.5478,67.1438,0.0,0.0434,-0.3656,0.0,0.0,0.0,3098942.26,3436221.4318,-4897438.3852,4488.3689,3402.0772,5235.2312,3098905.1296,3436199.8839,-4897505.529,4488.3787,3402.0961,5235.2329,0.0,0.0765,3.9732,0.0,0.0,1.0,0.0,1.0,0.0,0.0,1.172,-23.972,0.0,1.0,0.0,0.0,0.0,-1.0,3.662099124818988,0.018788294228055936,-0.37156,3.428119454653778,13.103210590407448,,
161.1503,74.311,1.36,3.4,70.337,1.383,3.436,-0.006,-0.018,0.008,-0.006,0.002,0.017,-25.479,0.047,-0.664,-0.005,0.124,0.277,0.005,-0.0,-0.0,846.876,-0.0,0.0,-0.0,0.219,0.0,0.0,0.0,0.0,-0.3098,0.9217,-0.2336,0.9505,0.2941,-0.1001,-0.0235,-0.253,-0.9672,0.676,0.226,-0.7014,-0.7316,0.0917,-0.6755,-0.0884,0.9698,0.2273,0.0053,-0.0001,-0.0001,0.0,0.0,0.0,-0.0098,-0.0189,-0.0017,37.1287,21.544,67.1433,0.0,0.0434,-0.3656,0.0,0.0,0.0,3099875.059,3436928.4402,-4896350.1314,4487.5294,3401.1464,5236.5576,3099837.9303,3436906.8962,-4896417.2748,4487.5392,3401.1653,5236.5593,0.0,0.0765,3.9732,0.0,0.0,1.0,0.0,1.0,0.0,0.0,1.172,-23.972,0.0,1.0,0.0,0.0,0.0,-1.0,3.661912068851463,0.01969771560359221,-0.371555,3.480000970455942,13.103034263426743,,
161.3557,74.31,1.356,3.402,70.336,1.383,3.44,-0.006,-0.018,0.008,-0.006,0.002,0.017,-25.48,0.073,-0.607,-0.005,0.124,0.277,0.005,-0.0,-0.0,846.876,-0.0,0.0,-0.0,0.219,0.0,0.0,0.0,0.0,-0.3098,0.9219,-0.2326,0.9505,0.2942,-0.0997,-0.0235,-0.252,-0.9674,0.676,0.226,-0.7014,-0.7316,0.0917,-0.6755,-0.0884,0.9698,0.2273,0.0053,-0.0001,-0.0001,0.0,0.0,0.0,-0.0098,-0.0189,-0.0017,37.127,21.5403,67.1428,0.0,0.0434,-0.3656,0.0,0.0,0.0,3100799.4513,3437629.0165,-4895271.2128,4486.697,3400.2236,5237.872,3100762.3242,3437607.4763,-4895338.3557,4486.7069,3400.2425,5237.8737,0.0,0.0765,3.9732,0.0,0.0,1.0,0.0,1.0,0.0,0.0,1.172,-23.972,0.0,1.0,0.0,0.0,0.0,-1.0,3.6622861712323904,0.01969771560359221,-0.37155,3.5327459089158184,13.102857936446032,,
161.556,74.309,1.352,3.404,70.335,1.383,3.443,-0.006,-0.018,0.008,-0.006,0.002,0.017,-25.482,0.097,-0.551,-0.005,0.124,0.277,0.005,-0.0,-0.0,846.876,-0.0,0.0,-0.0,0.219,0.0,0.0,0.0,0.0,-0.3098,0.9222,-0.2316,0.9505,0.2943,-0.0994,-0.0235,-0.251,-0.9677,0.676,0.226,-0.7014,-0.7316,0.0917,-0.6755,-0.0884,0.9698,0.2273,0.0053,-0.0001,-0.0001,0.0,0.0,0.0,-0.0099,-0.0189,-0.0017,37.1254,21.5366,67.1424,0.0,0.0434,-0.3656,0.0,0.0,0.0,3101693.9138,3438306.8526,-4894226.7774,4485.8912,3399.3303,5239.1437,3101656.7884,3438285.316,-4894293.9198,4485.9011,3399.3492,5239.1455,0.0,0.0765,3.9732,0.0,0.0,1.0,0.0,1.0,0.0,0.0,1.172,-23.972,0.0,1.0,0.0,0.0,0.0,-1.0,3.6626656959105617,0.01969771560359221,-0.371545,3.5721730335498965,13.102681609465323,,
161.7638,74.307,1.349,3.405,70.334,1.384,3.447,-0.006,-0.018,0.008,-0.006,0.002,0.017,-25.483,0.123,-0.494,-0.005,0.124,0.277,0.005,-0.0,-0.0,846.876,-0.0,0.0,-0.0,0.219,0.0,0.0,0.0,0.0,-0.3097,0.9224,-0.2306,0.9505,0.2944,-0.0991,-0.0235,-0.2499,-0.968,0.676,0.226,-0.7014,-0.7316,0.0917,-0.6755,-0.0884,0.9698,0.2273,0.0053,-0.0001,-0.0001,0.0,0.0,0.0,-0.0099,-0.019,-0.0017,37.1237,21.5328,67.1419,0.0,0.0434,-0.3656,0.0,0.0,0.0,3102628.1144,3439014.7426,-4893135.4703,4485.0492,3398.3969,5240.472,3102590.9907,3438993.2098,-4893202.6122,4485.0591,3398.4159,5240.4737,0.0,0.0765,3.9732,0.0,0.0,1.0,0.0,1.0,0.0,0.0,1.172,-23.972,0.0,1.0,0.0,0.0,0.0,-1.0,3.6624890443522147,0.01969771560359221,-0.371535,3.639352319682108,13.102328955503907,,
161.9682,74.306,1.345,3.407,70.333,1.384,3.45,-0.006,-0.018,0.008,-0.006,0.0,0.016,-25.484,0.148,-0.437,-0.005,0.117,0.262,0.005,-0.0,-0.0,846.853,-0.0,0.0,-0.0,0.042,0.0,0.0,0.0,0.0,-0.3097,0.9227,-0.2296,0.9505,0.2945,-0.0987,-0.0235,-0.2489,-0.9683,0.676,0.226,-0.7014,-0.7316,0.0917,-0.6755,-0.0884,0.9698,0.2273,0.005,-0.0001,-0.0001,0.0,0.0,0.0,-0.0099,-0.019,-0.0017,37.122,21.529,67.1413,0.0,0.0434,-0.3656,0.0,0.0,0.0,3103549.962,3439713.2116,-4892058.1222,4484.218,3397.4756,5241.7826,3103512.84,3439691.6826,-4892125.2635,4484.2279,3397.4946,5241.7844,0.0,0.0765,3.9732,0.0,0.0,1.0,0.0,1.0,0.0,0.0,1.172,-23.972,0.0,1.0,0.0,0.0,0.0,-1.0,3.6628778303405096,0.01969771560359221,-0.37152999999999997,3.6797543996068125,13.102152628523198,,
162.1711,74.305,1.342,3.409,70.331,1.384,3.453,-0.006,-0.018,0.008,-0.006,-0.003,0.015,-25.485,0.17,-0.389,-0.005,0.097,0.22,0.004,-0.0,-0.0,846.788,-0.0,0.0,-0.0,0.0,0.0,0.0,0.0,0.0,-0.3097,0.9229,-0.2288,0.9506,0.2946,-0.0984,-0.0234,-0.248,-0.9685,0.676,0.226,-0.7014,-0.7316,0.0917,-0.6755,-0.0884,0.9698,0.2273,0.0042,-0.0001,-0.0001,0.0,0.0,0.0,-0.0099,-0.019,-0.0017,37.1203,21.5252,67.1409,0.0,0.0434,-0.3655,0.0,0.0,0.0,3104460.2111,3440402.8337,-4890993.869,4483.3968,3396.5655,5243.0768,3104423.0907,3440381.3085,-4891061.0099,4483.4067,3396.5845,5243.0785,0.0,0.0765,3.9732,0.0,0.0,1.0,0.0,1.0,0.0,0.0,1.172,-23.972,0.0,1.0,0.0,0.0,0.0,-1.0,3.6636382190385555,0.01969771560359221,-0.37152500000000005,3.7139746832405818,13.101976301542491,,
162.3713,74.304,1.338,3.41,70.33,1.383,3.456,-0.006,-0.018,0.008,-0.006,-0.006,0.013,-25.486,0.187,-0.349,-0.005,0.076,0.177,0.003,-0.0,-0.0,846.721,-0.0,0.0,-0.0,0.0,0.0,0.0,0.0,0.0,-0.3097,0.9231,-0.2281,0.9506,0.2946,-0.0982,-0.0234,-0.2472,-0.9687,0.676,0.226,-0.7014,-0.7316,0.0917,-0.6755,-0.0884,0.9698,0.2273,0.0034,-0.0001,-0.0001,0.0,0.0,0.0,-0.0099,-0.019,-0.0017,37.1186,21.5215,67.1404,0.0,0.0434,-0.3655,0.0,0.0,0.0,3105357.2118,3441082.3615,-4889944.6581,4482.5872,3395.6683,5244.352,3105320.0932,3441060.84,-4890011.7985,4482.5971,3395.6873,5244.3537,0.0,0.0765,3.9732,0.0,0.0,1.0,0.0,1.0,0.0,0.0,1.172,-23.972,0.0,1.0,0.0,0.0,0.0,-1.0,3.6631057860782565,0.01969771560359221,-0.37152,3.7610712372161803,13.101799974561782,,
162.5738,74.303,1.334,3.412,70.329,1.381,3.459,-0.006,-0.019,0.008,-0.006,-0.009,0.012,-25.487,0.201,-0.318,-0.006,0.055,0.133,0.003,-0.0,-0.0,846.654,-0.0,0.0,-0.0,0.0,0.0,0.0,0.0,0.0,-0.3096,0.9232,-0.2276,0.9506,0.2946,-0.098,-0.0234,-0.2466,-0.9688,0.676,0.226,-0.7014,-0.7316,0.0917,-0.6755,-0.0884,0.9698,0.2273,0.0025,-0.0001,-0.0001,0.0,0.0,0.0,-0.0099,-0.019,-0.0018,37.1168,21.5178,67.14,0.0,0.0434,-0.3655,0.0,0.0,0.0,3106263.7492,3441769.0563,-4888883.8387,4481.7685,3394.7612,5245.6407,3106226.6324,3441747.5385,-4888950.9787,4481.7785,3394.7802,5245.6425,0.0,0.0765,3.9732,0.0,0.0,1.0,0.0,1.0,0.0,0.0,1.172,-23.972,0.0,1.0,0.0,0.0,0.0,-1.0,3.6635092466104133,0.0206155281280883,-0.371515,3.788510556767253,13.101623647581073,,
162.777,74.301,1.33,3.413,70.328,1.379,3.461,-0.006,-0.019,0.008,-0.006,-0.013,0.01,-25.489,0.21,-0.295,-0.006,0.035,0.09,0.002,-0.0,-0.0,846.588,-0.0,0.0,-0.0,0.0,0.0,0.0,0.0,0.0,-0.3096,0.9233,-0.2272,0.9506,0.2947,-0.0978,-0.0234,-0.2462,-0.9689,0.676,0.226,-0.7014,-0.7316,0.0917,-0.6755,-0.0884,0.9698,0.2273,0.0017,-0.0001,-0.0001,0.0,0.0,0.0,-0.01,-0.019,-0.0018,37.1149,21.5139,67.1396,0.0,0.0434,-0.3655,0.0,0.0,0.0,3107174.1315,3442458.6048,-4887818.0651,4480.946,3393.8499,5246.9349,3107137.0166,3442437.0908,-4887885.2047,4480.956,3393.869,5246.9366,0.0,0.0765,3.9732,0.0,0.0,1.0,0.0,1.0,0.0,0.0,1.172,-23.972,0.0,1.0,0.0,0.0,0.0,-1.0,3.6629863499609168,0.0206155281280883,-0.37150500000000003,3.8155724186855537,13.101270993619657,,
162.9807,74.3,1.327,3.415,70.327,1.376,3.463,-0.006,-0.019,0.007,-0.006,-0.016,0.008,-25.49,0.215,-0.281,-0.006,0.014,0.046,0.001,-0.0,-0.0,846.52,-0.0,0.0,-0.0,0.0,0.0,0.0,0.0,0.0,-0.3096,0.9234,-0.2269,0.9506,0.2947,-0.0977,-0.0234,-0.246,-0.969,0.676,0.226,-0.7014,-0.7316,0.0917,-0.6755,-0.0884,0.9698,0.2273,0.0008,-0.0001,-0.0001,0.0,0.0,0.0,-0.01,-0.019,-0.0018,37.1129,21.5101,67.1392,0.0,0.0434,-0.3655,0.0,0.0,0.0,3108087.7693,3443150.5607,-4886748.0164,4480.1202,3392.935,5248.2336,3108050.6563,3443129.0506,-4886815.1556,4480.1302,3392.9541,5248.2354,0.0,0.0765,3.9732,0.0,0.0,1.0,0.0,1.0,0.0,0.0,1.172,-23.972,0.0,1.0,0.0,0.0,0.0,-1.0,3.6637622739473694,0.020248456731316585,-0.3715,3.8159009538566018,13.101094666638947,,
163.1874,74.299,1.323,3.416,70.326,1.372,3.464,-0.006,-0.019,0.007,-0.006,-0.019,0.007,-25.491,0.216,-0.276,-0.006,-0.003,0.01,0.0,-0.0,-0.0,846.464,-0.0,0.0,-0.0,0.0,0.0,0.0,0.0,0.0,-0.3095,0.9234,-0.2269,0.9506,0.2947,-0.0977,-0.0233,-0.2459,-0.969,0.676,0.226,-0.7014,-0.7316,0.0917,-0.6755,-0.0884,0.9698,0.2273,0.0001,-0.0001,-0.0001,0.0,0.0,0.0,-0.01,-0.0191,-0.0018,37.1109,21.5062,67.1388,0.0,0.0434,-0.3655,0.0,0.0,0.0,3109011.6092,3443850.1828,-4885665.5519,4479.2848,3392.0096,5249.5468,3108974.4983,3443828.6766,-4885732.6907,4479.2948,3392.0286,5249.5486,0.0,0.0765,3.9732,0.0,0.0,1.0,0.0,1.0,0.0,0.0,1.172,-23.972,0.0,1.0,0.0,0.0,0.0,-1.0,3.663247875860982,0.020248456731316585,-0.371495,3.8151860263966886,13.100918339658241,,
163.3883,74.298,1.319,3.418,70.325,1.369,3.466,-0.006,-0.019,0.007,-0.006,-0.019,0.007,-25.492,0.215,-0.274,-0.006,-0.003,0.01,0.0,-0.0,-0.0,846.464,-0.0,0.0,-0.0,0.0,0.0,0.0,0.0,0.0,-0.3095,0.9234,-0.2269,0.9506,0.2946,-0.0976,-0.0233,-0.2459,-0.969,0.676,0.226,-0.7014,-0.7316,0.0917,-0.6755,-0.0884,0.9698,0.2273,0.0001,-0.0001,-0.0001,0.0,0.0,0.0,-0.01,-0.0191,-0.0018,37.1089,21.5024,67.1385,0.0,0.0434,-0.3655,0.0,0.0,0.0,3109909.2697,3444529.9219,-4884613.3057,4478.4726,3391.11,5250.8228,3109872.1608,3444508.4195,-4884680.4441,4478.4826,3391.129,5250.8246,0.0,0.0765,3.9732,0.0,0.0,1.0,0.0,1.0,0.0,0.0,1.172,-23.972,0.0,1.0,0.0,0.0,0.0,-1.0,3.663670973217983,0.020248456731316585,-0.37149,3.822220920465771,13.10074201267753,,
163.5914,74.297,1.315,3.419,70.323,1.365,3.467,-0.006,-0.019,0.007,-0.006,-0.019,0.007,-25.494,0.214,-0.272,-0.006,-0.003,0.01,0.0,-0.0,-0.0,846.464,-0.0,0.0,-0.0,0.0,0.0,0.0,0.0,0.0,-0.3095,0.9234,-0.2268,0.9506,0.2946,-0.0976,-0.0233,-0.2458,-0.969,0.676,0.226,-0.7014,-0.7316,0.0917,-0.6755,-0.0884,0.9698,0.2273,0.0001,-0.0001,-0.0001,0.0,0.0,0.0,-0.01,-0.0191,-0.0018,37.1069,21.4985,67.1381,0.0,0.0434,-0.3655,0.0,0.0,0.0,3110821.9873,3445221.0041,-4883542.9533,4477.6464,3390.1949,5252.1201,3110784.8804,3445199.5056,-4883610.0914,4477.6565,3390.214,5252.1219,0.0,0.0765,3.9732,0.0,0.0,1.0,0.0,1.0,0.0,0.0,1.172,-23.972,0.0,1.0,0.0,0.0,0.0,-1.0,3.6631661168994234,0.020248456731316585,-0.371485,3.821300660271689,13.100565685696822,,
163.7954,74.296,1.311,3.421,70.322,1.361,3.469,-0.006,-0.019,0.007,-0.006,-0.019,0.007,-25.495,0.214,-0.27,-0.006,-0.003,0.01,0.0,-0.0,-0.0,846.464,-0.0,0.0,-0.0,0.0,0.0,0.0,0.0,0.0,-0.3095,0.9235,-0.2268,0.9506,0.2946,-0.0976,-0.0233,-0.2458,-0.969,0.676,0.226,-0.7014,-0.7316,0.0917,-0.6755,-0.0884,0.9698,0.2273,0.0001,-0.0001,-0.0001,0.0,0.0,0.0,-0.01,-0.0191,-0.0018,37.1049,21.4946,67.1377,0.0,0.0434,-0.3655,0.0,0.0,0.0,3111732.4883,3445910.3491,-4882474.7396,4476.8219,3389.2818,5253.4142,3111695.3834,3445888.8544,-4882541.8773,4476.8319,3389.3009,5253.416,0.0,0.0765,3.9732,0.0,0.0,1.0,0.0,1.0,0.0,0.0,1.172,-23.972,0.0,1.0,0.0,0.0,0.0,-1.0,3.6635995960257444,0.020248456731316585,-0.37148000000000003,3.8212682505410958,13.100389358716114,,
163.9987,74.294,1.307,3.422,70.321,1.357,3.47,-0.006,-0.02,0.007,-0.006,-0.019,0.007,-25.496,0.213,-0.268,-0.006,-0.003,0.01,0.0,-0.0,-0.0,846.464,-0.0,0.0,-0.0,0.0,0.0,0.0,0.0,0.0,-0.3094,0.9235,-0.2268,0.9506,0.2946,-0.0975,-0.0233,-0.2458,-0.969,0.676,0.226,-0.7014,-0.7316,0.0917,-0.6755,-0.0884,0.9698,0.2273,0.0001,-0.0001,-0.0001,0.0,0.0,0.0,-0.0101,-0.0191,-0.0018,37.1028,21.4908,67.1374,0.0,0.0434,-0.3655,0.0,0.0,0.0,3112634.7837,3446593.4239,-4881415.6977,4476.0043,3388.3765,5254.6966,3112597.6808,3446571.9331,-4881482.835,4476.0144,3388.3956,5254.6984,0.0,0.0765,3.9732,0.0,0.0,1.0,0.0,1.0,0.0,0.0,1.172,-23.972,0.0,1.0,0.0,0.0,0.0,-1.0,3.6631042846198087,0.02118962010041709,-0.37146999999999997,3.820791499591589,13.100036704754697,,
164.2023,74.293,1.303,3.424,70.32,1.353,3.471,-0.006,-0.02,0.007,-0.006,-0.019,0.007,-25.498,0.212,-0.266,-0.006,-0.003,0.01,0.0,-0.0,-0.0,846.464,-0.0,0.0,-0.0,0.0,0.0,0.0,0.0,0.0,-0.3094,0.9235,-0.2268,0.9506,0.2946,-0.0975,-0.0233,-0.2458,-0.969,0.676,0.226,-0.7014,-0.7316,0.0917,-0.6755,-0.0884,0.9698,0.2273,0.0001,-0.0001,-0.0001,0.0,0.0,0.0,-0.0101,-0.0191,-0.0018,37.1008,21.4869,67.137,0.0,0.0434,-0.3655,0.0,0.0,0.0,3113550.3759,3447286.5056,-4880340.5882,4475.1744,3387.4575,5255.9979,3113513.2751,3447265.0188,-4880407.7252,4475.1845,3387.4767,5255.9997,0.0,0.0765,3.9732,0.0,0.0,1.0,0.0,1.0,0.0,0.0,1.172,-23.972,0.0,1.0,0.0,0.0,0.0,-1.0,3.663548143535171,0.02118962010041709,-0.37146500000000005,3.807308652319342,13.09986037777399,,
164.4053,74.292,1.299,3.425,70.319,1.35,3.473,-0.006,-0.02,0.007,-0.006,-0.019,0.007,-25.499,0.212,-0.264,-0.006,-0.003,0.01,0.0,-0.0,-0.0,846.464,-0.0,0.0,-0.0,0.0,0.0,0.0,0.0,0.0,-0.3094,0.9235,-0.2268,0.9507,0.2945,-0.0975,-0.0232,-0.2457,-0.9691,0.676,0.226,-0.7014,-0.7316,0.0917,-0.6755,-0.0884,0.9698,0.2273,0.0001,-0.0001,-0.0001,0.0,0.0,0.0,-0.0101,-0.0191,-0.0018,37.0987,21.483,67.1366,0.0,0.0434,-0.3655,0.0,0.0,0.0,3114460.913,3447975.7017,-4879270.9538,4474.3486,3386.5433,5257.2919,3114423.8143,3447954.2186,-4879338.0904,4474.3587,3386.5624,5257.2937,0.0,0.0765,3.9732,0.0,0.0,1.0,0.0,1.0,0.0,0.0,1.172,-23.972,0.0,1.0,0.0,0.0,0.0,-1.0,3.6630623800312216,0.02118962010041709,-0.37146,3.8271061062801195,13.09968405079328,,
164.6109,74.291,1.295,3.427,70.317,1.346,3.474,-0.006,-0.02,0.007,-0.006,-0.019,0.007,-25.5,0.211,-0.262,-0.006,-0.003,0.01,0.0,-0.0,-0.0,846.464,-0.0,0.0,-0.0,0.0,0.0,0.0,0.0,0.0,-0.3094,0.9235,-0.2268,0.9507,0.2945,-0.0975,-0.0232,-0.2457,-0.9691,0.676,0.226,-0.7014,-0.7316,0.0917,-0.6755,-0.0884,0.9698,0.2273,0.0001,-0.0001,-0.0001,0.0,0.0,0.0,-0.0101,-0.0192,-0.0018,37.0966,21.4791,67.1362,0.0,0.0434,-0.3655,0.0,0.0,0.0,3115376.7798,3448668.8725,-4878194.5927,4473.5176,3385.6233,5258.5935,3115339.6832,3448647.3934,-4878261.7289,4473.5277,3385.6425,5258.5953,0.0,0.0765,3.9732,0.0,0.0,1.0,0.0,1.0,0.0,0.0,1.172,-23.972,0.0,1.0,0.0,0.0,0.0,-1.0,3.6635166165857638,0.02118962010041709,-0.371455,3.813431425243146,13.099507723812572,,
164.8191,74.29,1.291,3.428,70.316,1.342,3.476,-0.006,-0.02,0.007,-0.006,-0.019,0.007,-25.502,0.21,-0.26,-0.006,-0.003,0.01,0.0,-0.0,-0.0,846.464,-0.0,0.0,-0.0,0.0,0.0,0.0,0.0,0.0,-0.3093,0.9235,-0.2267,0.9507,0.2945,-0.0974,-0.0232,-0.2457,-0.9691,0.676,0.226,-0.7014,-0.7316,0.0917,-0.6755,-0.0884,0.9698,0.2273,0.0001,-0.0001,-0.0001,0.0,0.0,0.0,-0.0101,-0.0192,-0.0018,37.0946,21.4751,67.1359,0.0,0.0434,-0.3655,0.0,0.0,0.0,3116309.6799,3449374.874,-4877097.7325,4472.6707,3384.6859,5259.9192,3116272.5854,3449353.3989,-4877164.8683,4472.6809,3384.7051,5259.921,0.0,0.0765,3.9732,0.0,0.0,1.0,0.0,1.0,0.0,0.0,1.172,-23.972,0.0,1.0,0.0,0.0,0.0,-1.0,3.663040403817572,0.02118962010041709,-0.37145000000000006,3.8261565007498217,13.099331396831865,,
165.0229,74.288,1.287,3.43,70.315,1.338,3.477,-0.006,-0.02,0.007,-0.006,-0.019,0.007,-25.503,0.21,-0.258,-0.006,-0.003,0.01,0.0,-0.0,-0.0,846.464,-0.0,0.0,-0.0,0.0,0.0,0.0,0.0,0.0,-0.3093,0.9235,-0.2267,0.9507,0.2945,-0.0974,-0.0232,-0.2457,-0.9691,0.676,0.226,-0.7014,-0.7316,0.0917,-0.6755,-0.0884,0.9698,0.2273,0.0001,-0.0001,-0.0001,0.0,0.0,0.0,-0.0102,-0.0192,-0.0018,37.0925,21.4712,67.1355,0.0,0.0434,-0.3655,0.0,0.0,0.0,3117223.8591,3450066.6474,-4876022.4155,4471.8404,3383.7669,5261.2183,3117186.7666,3450045.1762,-4876089.551,4471.8506,3383.7861,5261.2201,0.0,0.0765,3.9732,0.0,0.0,1.0,0.0,1.0,0.0,0.0,1.172,-23.972,0.0,1.0,0.0,0.0,0.0,-1.0,3.66350501569194,0.02118962010041709,-0.37144,3.8129139645973487,13.098978742870445,,
165.224,74.287,1.283,3.431,70.314,1.334,3.479,-0.006,-0.02,0.007,-0.006,-0.019,0.007,-25.504,0.209,-0.256,-0.006,-0.003,0.01,0.0,-0.0,-0.0,846.464,-0.0,0.0,-0.0,0.0,0.0,0.0,0.0,0.0,-0.3093,0.9236,-0.2267,0.9507,0.2945,-0.0974,-0.0232,-0.2456,-0.9691,0.676,0.226,-0.7014,-0.7316,0.0917,-0.6755,-0.0884,0.9698,0.2273,0.0001,-0.0001,-0.0001,0.0,0.0,0.0,-0.0102,-0.0192,-0.0018,37.0905,21.4673,67.1351,0.0,0.0434,-0.3655,0.0,0.0,0.0,3118126.8509,3450749.897,-4874959.8003,4471.0199,3382.8588,5262.5014,3118089.7604,3450728.4297,-4875026.9354,4471.0301,3382.878,5262.5033,0.0,0.0765,3.9732,0.0,0.0,1.0,0.0,1.0,0.0,0.0,1.172,-23.972,0.0,1.0,0.0,0.0,0.0,-1.0,3.663038356337536,0.02118962010041709,-0.371435,3.8256595484002247,13.09880241588974,,
165.4277,74.286,1.279,3.433,70.313,1.33,3.48,-0.006,-0.02,0.007,-0.006,-0.019,0.007,-25.505,0.208,-0.254,-0.006,-0.003,0.01,0.0,-0.0,-0.0,846.464,-0.0,0.0,-0.0,0.0,0.0,0.0,0.0,0.0,-0.3093,0.9236,-0.2267,0.9507,0.2944,-0.0973,-0.0231,-0.2456,-0.9691,0.676,0.226,-0.7014,-0.7316,0.0917,-0.6755,-0.0884,0.9698,0.2273,0.0001,-0.0001,-0.0001,0.0,0.0,0.0,-0.0102,-0.0192,-0.0018,37.0884,21.4635,67.1347,0.0,0.0434,-0.3655,0.0,0.0,0.0,3119032.5869,3451435.1648,-4873893.4989,4470.1965,3381.9477,5263.7884,3118995.4985,3451413.7014,-4873960.6337,4470.2067,3381.9669,5263.7903,0.0,0.0765,3.9732,0.0,0.0,1.0,0.0,1.0,0.0,0.0,1.172,-23.972,0.0,1.0,0.0,0.0,0.0,-1.0,3.6635133410429934,0.02118962010041709,-0.37143,3.8121706813689347,13.098626088909029,,
165.6309,74.285,1.275,3.434,70.312,1.326,3.482,-0.006,-0.02,0.007,-0.006,-0.019,0.007,-25.507,0.208,-0.252,-0.006,-0.003,0.01,0.0,-0.0,-0.0,846.464,-0.0,0.0,-0.0,0.0,0.0,0.0,0.0,0.0,-0.3092,0.9236,-0.2267,0.9507,0.2944,-0.0973,-0.0231,-0.2456,-0.9691,0.676,0.226,-0.7014,-0.7316,0.0917,-0.6755,-0.0884,0.9698,0.2273,0.0001,-0.0001,-0.0001,0.0,0.0,0.0,-0.0102,-0.0192,-0.0018,37.0863,21.4596,67.1344,0.0,0.0434,-0.3655,0.0,0.0,0.0,3119942.7581,3452123.7295,-4872821.5151,4469.3687,3381.0316,5265.0817,3119905.6718,3452102.2699,-4872888.6495,4469.3789,3381.0509,5265.0835,0.0,0.0765,3.9732,0.0,0.0,1.0,0.0,1.0,0.0,0.0,1.172,-23.972,0.0,1.0,0.0,0.0,0.0,-1.0,3.6630562376245335,0.02118962010041709,-0.371425,3.824933757027569,13.09844976192832,,
165.8313,74.284,1.271,3.436,70.31,1.323,3.483,-0.006,-0.02,0.007,-0.006,-0.019,0.007,-25.508,0.207,-0.25,-0.006,-0.003,0.01,0.0,-0.0,-0.0,846.464,-0.0,0.0,-0.0,0.0,0.0,0.0,0.0,0.0,-0.3092,0.9236,-0.2267,0.9507,0.2944,-0.0973,-0.0231,-0.2456,-0.9691,0.676,0.226,-0.7014,-0.7316,0.0917,-0.6755,-0.0884,0.9698,0.2273,0.0001,-0.0001,-0.0001,0.0,0.0,0.0,-0.0102,-0.0192,-0.0018,37.0843,21.4557,67.134,0.0,0.0434,-0.3655,0.0,0.0,0.0,3120831.9802,3452796.3883,-4871773.7604,4468.5596,3380.1364,5266.3451,3120794.8959,3452774.9326,-4871840.8944,4468.5698,3380.1556,5266.347,0.0,0.0765,3.9732,0.0,0.0,1.0,0.0,1.0,0.0,0.0,1.172,-23.972,0.0,1.0,0.0,0.0,0.0,-1.0,3.6635415925030794,0.02118962010041709,-0.37142000000000003,3.8182802428455136,13.098273434947613,,
166.0359,74.282,1.267,3.437,70.309,1.319,3.484,-0.006,-0.02,0.007,-0.006,-0.019,0.007,-25.509,0.206,-0.248,-0.006,-0.003,0.01,0.0,-0.0,-0.0,846.464,-0.0,0.0,-0.0,0.0,0.0,0.0,0.0,0.0,-0.3092,0.9236,-0.2266,0.9507,0.2944,-0.0972,-0.0231,-0.2455,-0.9691,0.676,0.226,-0.7014,-0.7316,0.0917,-0.6755,-0.0884,0.9698,0.2273,0.0001,-0.0001,-0.0001,0.0,0.0,0.0,-0.0102,-0.0193,-0.0019,37.0822,21.4518,67.1336,0.0,0.0434,-0.3655,0.0,0.0,0.0,3121756.5823,3453495.751,-4870683.8492,4467.7178,3379.2052,5267.6588,3121719.5001,3453474.2993,-4870750.9828,4467.728,3379.2244,5267.6606,0.0,0.0765,3.9732,0.0,0.0,1.0,0.0,1.0,0.0,0.0,1.172,-23.972,0.0,1.0,0.0,0.0,0.0,-1.0,3.663094047386717,0.02118962010041709,-0.37140999999999996,3.817802601405247,13.097920780986195,,
166.2417,74.281,1.263,3.439,70.308,1.315,3.486,-0.006,-0.02,0.007,-0.006,-0.019,0.007,-25.511,0.206,-0.246,-0.006,-0.003,0.01,0.0,-0.0,-0.0,846.464,-0.0,0.0,-0.0,0.0,0.0,0.0,0.0,0.0,-0.3091,0.9236,-0.2266,0.9507,0.2944,-0.0972,-0.0231,-0.2455,-0.9691,0.676,0.226,-0.7014,-0.7316,0.0917,-0.6755,-0.0884,0.9698,0.2273,0.0001,-0.0001,-0.0001,0.0,0.0,0.0,-0.0103,-0.0193,-0.0019,37.0801,21.4478,67.1332,0.0,0.0434,-0.3655,0.0,0.0,0.0,3122677.7741,3454192.4735,-4869597.4843,4466.8788,3378.277,5268.9675,3122640.694,3454171.0257,-4869664.6175,4466.889,3378.2963,5268.9694,0.0,0.0765,3.9732,0.0,0.0,1.0,0.0,1.0,0.0,0.0,1.172,-23.972,0.0,1.0,0.0,0.0,0.0,-1.0,3.6635897696112214,0.02118962010041709,-0.37140500000000004,3.8177750210110393,13.097744454005488,,
166.4482,74.28,1.259,3.44,70.307,1.311,3.487,-0.006,-0.02,0.007,-0.006,-0.019,0.007,-25.512,0.205,-0.244,-0.006,-0.003,0.01,0.0,-0.0,-0.0,846.464,-0.0,0.0,-0.0,0.0,0.0,0.0,0.0,0.0,-0.3091,0.9236,-0.2266,0.9507,0.2944,-0.0972,-0.023,-0.2455,-0.9691,0.676,0.226,-0.7014,-0.7316,0.0917,-0.6755,-0.0884,0.9698,0.2273,0.0001,-0.0001,-0.0001,0.0,0.0,0.0,-0.0103,-0.0193,-0.0019,37.078,21.4439,67.1328,0.0,0.0434,-0.3655,0.0,0.0,0.0,3123589.0555,3454881.6412,-4868522.3381,4466.0483,3377.3584,5270.2622,3123551.9775,3454860.1973,-4868589.4709,4466.0586,3377.3777,5270.2641,0.0,0.0765,3.9732,0.0,0.0,1.0,0.0,1.0,0.0,0.0,1.172,-23.972,0.0,1.0,0.0,0.0,0.0,-1.0,3.663151785007004,0.02118962010041709,-0.3714,3.8170640333846246,13.097568127024779,,
166.6548,74.279,1.255,3.442,70.305,1.307,3.489,-0.006,-0.02,0.007,-0.006,-0.019,0.007,-25.513,0.204,-0.242,-0.006,-0.003,0.01,0.0,-0.0,-0.0,846.464,-0.0,0.0,-0.0,0.0,0.0,0.0,0.0,0.0,-0.3091,0.9236,-0.2266,0.9508,0.2943,-0.0971,-0.023,-0.2455,-0.9691,0.676,0.226,-0.7014,-0.7316,0.0917,-0.6755,-0.0884,0.9698,0.2273,0.0001,-0.0001,-0.0001,0.0,0.0,0.0,-0.0103,-0.0193,-0.0019,37.0758,21.4399,67.1324,0.0,0.0434,-0.3655,0.0,0.0,0.0,3124519.4244,3455585.1827,-4867424.1945,4465.2001,3376.4203,5271.5839,3124482.3485,3455563.7428,-4867491.327,4465.2104,3376.4396,5271.5858,0.0,0.0765,3.9732,0.0,0.0,1.0,0.0,1.0,0.0,0.0,1.172,-23.972,0.0,1.0,0.0,0.0,0.0,-1.0,3.6636578715813517,0.02118962010041709,-0.371395,3.816842880430077,13.09739180004407,,
166.8583,74.278,1.251,3.443,70.304,1.303,3.49,-0.006,-0.02,0.007,-0.006,-0.019,0.007,-25.514,0.204,-0.24,-0.006,-0.003,0.01,0.0,-0.0,-0.0,846.464,-0.0,0.0,-0.0,0.0,0.0,0.0,0.0,0.0,-0.3091,0.9237,-0.2266,0.9508,0.2943,-0.0971,-0.023,-0.2454,-0.9691,0.676,0.226,-0.7014,-0.7316,0.0917,-0.6755,-0.0884,0.9698,0.2273,0.0001,-0.0001,-0.0001,0.0,0.0,0.0,-0.0103,-0.0193,-0.0019,37.0738,21.436,67.1321,0.0,0.0434,-0.3655,0.0,0.0,0.0,3125418.1168,3456264.7119,-4866362.9796,4464.3804,3375.5138,5272.8606,3125381.0431,3456243.2759,-4866430.1117,4464.3907,3375.5331,5272.8625,0.0,0.0765,3.9732,0.0,0.0,1.0,0.0,1.0,0.0,0.0,1.172,-23.972,0.0,1.0,0.0,0.0,0.0,-1.0,3.6632294495431217,0.02118962010041709,-0.37139000000000005,3.816137296832124,13.097215473063363,,
167.0586,74.276,1.247,3.445,70.303,1.299,3.492,-0.006,-0.02,0.007,-0.006,-0.019,0.007,-25.516,0.203,-0.238,-0.006,-0.003,0.01,0.0,-0.0,-0.0,846.464,-0.0,0.0,-0.0,0.0,0.0,0.0,0.0,0.0,-0.309,0.9237,-0.2266,0.9508,0.2943,-0.0971,-0.023,-0.2454,-0.9691,0.676,0.226,-0.7014,-0.7316,0.0917,-0.6755,-0.0884,0.9698,0.2273,0.0001,-0.0001,-0.0001,0.0,0.0,0.0,-0.0103,-0.0193,-0.0019,37.0717,21.4321,67.1317,0.0,0.0434,-0.3655,0.0,0.0,0.0,3126324.2209,3456949.7866,-4865292.5565,4463.5535,3374.5994,5274.1477,3126287.1492,3456928.3545,-4865359.6881,4463.5638,3374.6187,5274.1496,0.0,0.0765,3.9732,0.0,0.0,1.0,0.0,1.0,0.0,0.0,1.172,-23.972,0.0,1.0,0.0,0.0,0.0,-1.0,3.663745897302377,0.02118962010041709,-0.37138,3.816359969947029,13.096862819101943,,
167.2668,74.275,1.243,3.446,70.302,1.295,3.493,-0.006,-0.02,0.007,-0.006,-0.019,0.007,-25.517,0.202,-0.236,-0.006,-0.003,0.01,0.0,-0.0,-0.0,846.464,-0.0,0.0,-0.0,0.0,0.0,0.095,0.0,0.0,-0.309,0.9237,-0.2265,0.9508,0.2943,-0.097,-0.023,-0.2454,-0.9692,0.676,0.226,-0.7014,-0.7316,0.0917,-0.6755,-0.0884,0.9698,0.2273,0.0001,-0.0001,-0.0001,0.0,0.0,0.0,-0.0103,-0.0193,-0.0019,37.0696,21.4281,67.1313,0.0,0.0434,-0.3655,0.0,0.0,0.0,3127245.1189,3457645.9863,-4864204.186,4462.7127,3373.6697,5275.4559,3127208.0493,3457624.5582,-4864271.3173,4462.723,3373.6891,5275.4578,0.0,0.0765,3.9732,0.0,0.0,1.0,0.0,1.0,0.0,0.0,1.172,-23.972,0.0,1.0,0.0,0.0,0.0,-1.0,3.6633270397276845,0.02118962010041709,-0.371375,3.815659655862014,13.096686492121236,,
167.4719,74.274,1.238,3.448,70.301,1.291,3.495,-0.006,-0.02,0.007,-0.006,-0.019,0.007,-25.511,0.202,-0.234,0.068,-0.004,0.009,0.0,-0.0,0.001,846.445,-0.0,0.0,-0.0,0.0,0.0,0.64,0.0,0.0,-0.3091,0.9237,-0.2265,0.9508,0.2944,-0.097,-0.0229,-0.2454,-0.9692,0.676,0.226,-0.7014,-0.7316,0.0917,-0.6755,-0.0884,0.9698,0.2273,0.0001,-0.0001,0.0012,0.0,0.0,0.0,-0.0104,-0.0194,-0.0019,37.0674,21.4241,67.1309,0.0,0.0434,-0.3655,0.0,0.0,0.0,3128171.1129,3458345.9777,-4863109.3116,4461.8668,3372.7345,5276.7712,3128134.0455,3458324.5536,-4863176.4425,4461.8772,3372.7539,5276.7731,0.0,0.0765,3.9732,0.0,0.0,1.0,0.0,1.0,0.0,0.0,1.172,-23.972,0.0,1.0,0.0,0.0,0.0,-1.0,3.6635157977003456,0.02118962010041709,-0.37137,3.8222876098559486,13.096510165140527,,
167.6769,74.273,1.234,3.449,70.299,1.287,3.496,-0.006,-0.02,0.007,-0.006,-0.019,0.007,-25.49,0.201,-0.232,0.14,-0.004,0.009,0.0,-0.0,0.002,846.427,-0.0,0.0,-0.0,0.0,0.0,1.0,0.0,0.0,-0.3094,0.9235,-0.2265,0.9506,0.2947,-0.097,-0.0228,-0.2453,-0.9692,0.676,0.226,-0.7014,-0.7316,0.0917,-0.6755,-0.0884,0.9698,0.2273,0.0001,-0.0001,0.0024,0.0,0.0,0.0,-0.0104,-0.0194,-0.0019,37.0653,21.4202,67.1305,0.0,0.0434,-0.3655,0.0,0.0,0.0,3129080.0976,3459033.0515,-4862034.0811,4461.0361,3371.8162,5278.0623,3129043.0323,3459011.6314,-4862101.2116,4461.0465,3371.8355,5278.0642,0.0,0.0765,3.9732,0.0,0.0,1.0,0.0,1.0,0.0,0.0,1.172,-23.972,0.0,1.0,0.0,0.0,0.0,-1.0,3.6631075605283554,0.02118962010041709,-0.371365,3.8213810318144907,13.096333838159818,,
167.8784,74.272,1.23,3.451,70.298,1.283,3.498,-0.006,-0.02,0.007,-0.006,-0.019,0.007,-25.454,0.2,-0.23,0.21,-0.004,0.009,0.0,-0.0,0.004,846.409,-0.0,0.0,-0.0,0.0,0.0,1.0,0.0,0.0,-0.31,0.9234,-0.2265,0.9505,0.2953,-0.0969,-0.0226,-0.2453,-0.9692,0.676,0.226,-0.7014,-0.7316,0.0917,-0.6755,-0.0884,0.9698,0.2273,0.0001,-0.0001,0.0037,0.0,0.0,0.0,-0.0104,-0.0194,-0.0019,37.0632,21.4162,67.1301,0.0,0.0434,-0.3655,0.0,0.0,0.0,3129981.368,3459714.2356,-4860967.5193,4460.2121,3370.9053,5279.3424,3129944.3047,3459692.8194,-4861034.6494,4460.2225,3370.9246,5279.3443,0.0,0.0765,3.9732,0.0,0.0,1.0,0.0,1.0,0.0,0.0,1.172,-23.972,0.0,1.0,0.0,0.0,0.0,-1.0,3.6636458617066143,0.02118962010041709,-0.37136,3.821365793750046,13.096157511179111,,
168.0802,74.27,1.226,3.452,70.297,1.28,3.499,-0.006,-0.02,0.007,-0.006,-0.019,0.007,-25.405,0.2,-0.228,0.282,-0.004,0.009,0.0,-0.0,0.005,846.391,-0.0,0.0,-0.0,0.0,0.0,1.0,0.0,0.0,-0.3108,0.9231,-0.2265,0.9502,0.2961,-0.0969,-0.0224,-0.2453,-0.9692,0.676,0.226,-0.7014,-0.7316,0.0917,-0.6755,-0.0884,0.9698,0.2273,0.0001,-0.0001,0.0049,0.0,0.0,0.0,-0.0104,-0.0194,-0.0019,37.0612,21.4123,67.1297,0.0,0.0434,-0.3654,0.0,0.0,0.0,3130878.9685,3460392.5882,-4859904.8474,4459.391,3369.9977,5280.6173,3130841.9073,3460371.1759,-4859971.9771,4459.4014,3370.0171,5280.6192,0.0,0.0765,3.9732,0.0,0.0,1.0,0.0,1.0,0.0,0.0,1.172,-23.972,0.0,1.0,0.0,0.0,0.0,-1.0,3.663247193406418,0.02118962010041709,-0.37134999999999996,3.827912137239385,13.095804857217693,,
168.2869,74.269,1.222,3.454,70.296,1.276,3.5,-0.006,-0.02,0.008,-0.006,-0.019,0.007,-25.339,0.199,-0.226,0.353,-0.005,0.008,0.0,-0.0,0.006,846.373,-0.0,0.0,-0.0,0.0,0.0,1.0,0.0,0.0,-0.3118,0.9227,-0.2265,0.9499,0.2972,-0.0969,-0.0221,-0.2453,-0.9692,0.676,0.226,-0.7014,-0.7316,0.0917,-0.6755,-0.0884,0.9698,0.2273,0.0001,-0.0001,0.0062,0.0,0.0,0.0,-0.0104,-0.0194,-0.0019,37.059,21.4082,67.1293,0.0,0.0434,-0.3654,0.0,0.0,0.0,3131803.7545,3461091.4256,-4858809.5164,4458.5446,3369.0623,5281.9307,3131766.6955,3461070.0174,-4858876.6457,4458.555,3369.0817,5281.9326,0.0,0.0765,3.9732,0.0,0.0,1.0,0.0,1.0,0.0,0.0,1.172,-23.972,0.0,1.0,0.0,0.0,0.0,-1.0,3.6637958458407587,0.021540659228538015,-0.37134500000000004,3.814423479796412,13.095628530236986,,
168.4934,74.268,1.218,3.455,70.295,1.272,3.502,-0.006,-0.02,0.008,-0.006,-0.019,0.007,-25.259,0.198,-0.224,0.427,-0.005,0.008,0.0,-0.0,0.007,846.354,-0.0,0.0,-0.0,0.0,0.0,1.0,0.0,0.0,-0.3131,0.9223,-0.2264,0.9495,0.2986,-0.0968,-0.0217,-0.2453,-0.9692,0.676,0.226,-0.7014,-0.7316,0.0917,-0.6755,-0.0884,0.9698,0.2273,0.0001,-0.0001,0.0074,0.0,0.0,0.0,-0.0105,-0.0194,-0.0019,37.0569,21.4042,67.1289,0.0,0.0434,-0.3654,0.0,0.0,0.0,3132722.7544,3461785.8296,-4857720.5641,4457.7031,3368.1324,5283.2359,3132685.6975,3461764.4254,-4857787.693,4457.7136,3368.1518,5283.2378,0.0,0.0765,3.9732,0.0,0.0,1.0,0.0,1.0,0.0,0.0,1.172,-23.972,0.0,1.0,0.0,0.0,0.0,-1.0,3.6634067478236703,0.021540659228538015,-0.37134,3.827184788623774,13.095452203256277,,
168.698,74.267,1.214,3.457,70.293,1.268,3.503,-0.006,-0.02,0.008,-0.006,-0.019,0.007,-25.164,0.198,-0.222,0.5,-0.005,0.008,0.0,-0.0,0.009,846.335,-0.0,0.0,-0.0,0.0,0.0,1.0,0.0,0.0,-0.3147,0.9218,-0.2264,0.949,0.3002,-0.0968,-0.0213,-0.2453,-0.9692,0.676,0.226,-0.7014,-0.7316,0.0917,-0.6755,-0.0884,0.9698,0.2273,0.0001,-0.0001,0.0087,0.0,0.0,0.0,-0.0105,-0.0194,-0.0019,37.0548,21.4002,67.1285,0.0,0.0434,-0.3654,0.0,0.0,0.0,3133635.7858,3462475.6638,-4856638.2129,4456.8667,3367.2082,5284.5325,3133598.731,3462454.2637,-4856705.3414,4456.8772,3367.2276,5284.5345,0.0,0.0765,3.9732,0.0,0.0,1.0,0.0,1.0,0.0,0.0,1.172,-23.972,0.0,1.0,0.0,0.0,0.0,-1.0,3.6639657476564924,0.021540659228538015,-0.37133499999999997,3.81349022605058,13.095275876275567,,
168.8985,74.265,1.21,3.458,70.292,1.264,3.504,-0.006,-0.02,0.008,-0.006,-0.019,0.007,-25.057,0.197,-0.22,0.569,-0.005,0.008,0.0,-0.0,0.01,846.318,-0.0,0.0,-0.0,0.0,0.0,1.0,0.0,0.0,-0.3164,0.9212,-0.2264,0.9484,0.3019,-0.0968,-0.0208,-0.2454,-0.9692,0.676,0.226,-0.7014,-0.7316,0.0917,-0.6755,-0.0884,0.9698,0.2273,0.0001,-0.0001,0.0099,0.0,0.0,0.0,-0.0105,-0.0195,-0.0019,37.0527,21.3962,67.1281,0.0,0.0434,-0.3654,0.0,0.0,0.0,3134525.4021,3463147.7494,-4855583.1677,4456.0514,3366.3073,5285.7959,3134488.3494,3463126.3532,-4855650.2958,4456.0619,3366.3268,5285.7978,0.0,0.0765,3.9732,0.0,0.0,1.0,0.0,1.0,0.0,0.0,1.172,-23.972,0.0,1.0,0.0,0.0,0.0,-1.0,3.663586221177277,0.021540659228538015,-0.371325,3.8130225884611897,13.09492322231415,,
169.105,74.264,1.206,3.46,70.291,1.26,3.506,-0.006,-0.02,0.008,-0.006,-0.019,0.007,-24.932,0.196,-0.218,0.643,-0.006,0.007,0.0,-0.0,0.011,846.299,-0.0,0.0,-0.0,0.0,0.0,1.0,0.0,0.0,-0.3184,0.9205,-0.2264,0.9477,0.304,-0.0967,-0.0202,-0.2454,-0.9692,0.676,0.226,-0.7014,-0.7316,0.0917,-0.6755,-0.0884,0.9698,0.2273,0.0001,-0.0001,0.0112,0.0,0.0,0.0,-0.0105,-0.0195,-0.0019,37.0505,21.3921,67.1277,0.0,0.0434,-0.3654,0.0,0.0,0.0,3135450.1627,3463846.3252,-4854485.9723,4455.2034,3365.3705,5287.1091,3135413.1122,3463824.9331,-4854553.1,4455.2139,3365.39,5287.111,0.0,0.0765,3.9732,0.0,0.0,1.0,0.0,1.0,0.0,0.0,1.172,-23.972,0.0,1.0,0.0,0.0,0.0,-1.0,3.66415556438315,0.021540659228538015,-0.37132,3.813006546258755,13.094746895333442,,
169.3051,74.263,1.202,3.462,70.29,1.256,3.507,-0.006,-0.02,0.008,-0.006,-0.019,0.007,-24.796,0.196,-0.216,0.712,-0.006,0.007,0.0,-0.0,0.012,846.282,-0.0,0.0,-0.0,0.0,0.0,1.0,0.0,0.0,-0.3205,0.9198,-0.2264,0.947,0.3062,-0.0967,-0.0196,-0.2454,-0.9692,0.676,0.226,-0.7014,-0.7316,0.0917,-0.6755,-0.0884,0.9698,0.2273,0.0001,-0.0001,0.0124,0.0,0.0,0.0,-0.0105,-0.0195,-0.002,37.0485,21.3881,67.1273,0.0,0.0434,-0.3654,0.0,0.0,0.0,3136340.7694,3464519.0424,-4853428.8445,4454.3864,3364.4679,5288.3737,3136303.7209,3464497.6543,-4853495.9719,4454.3969,3364.4874,5288.3757,0.0,0.0765,3.9732,0.0,0.0,1.0,0.0,1.0,0.0,0.0,1.172,-23.972,0.0,1.0,0.0,0.0,0.0,-1.0,3.6647302765687955,0.021540659228538015,-0.371315,3.799508701067081,13.094570568352735,,
169.5114,74.262,1.197,3.463,70.288,1.252,3.509,-0.006,-0.02,0.008,-0.006,-0.019,0.007,-24.642,0.195,-0.214,0.785,-0.006,0.007,0.0,-0.0,0.014,846.263,-0.0,0.0,-0.0,0.0,0.0,1.0,0.0,0.0,-0.323,0.9189,-0.2264,0.9462,0.3088,-0.0967,-0.0189,-0.2454,-0.9692,0.676,0.226,-0.7014,-0.7316,0.0917,-0.6755,-0.0884,0.9698,0.2273,0.0001,-0.0001,0.0137,0.0,0.0,0.0,-0.0105,-0.0195,-0.002,37.0464,21.384,67.1269,0.0,0.0434,-0.3654,0.0,0.0,0.0,3137260.1356,3465213.4235,-4852337.1099,4453.5426,3363.5358,5289.6792,3137223.0893,3465192.0395,-4852404.2369,4453.5531,3363.5553,5289.6812,0.0,0.0765,3.9732,0.0,0.0,1.0,0.0,1.0,0.0,0.0,1.172,-23.972,0.0,1.0,0.0,0.0,0.0,-1.0,3.664038482330665,0.021540659228538015,-0.37131000000000003,3.8187326928484877,13.094394241372026,,
169.7171,74.26,1.193,3.465,70.287,1.248,3.51,-0.006,-0.02,0.008,-0.006,-0.019,0.007,-24.473,0.194,-0.212,0.856,-0.006,0.007,0.0,-0.0,0.015,846.245,-0.0,0.0,-0.0,0.0,0.0,1.0,0.0,0.0,-0.3257,0.918,-0.2264,0.9453,0.3116,-0.0967,-0.0182,-0.2454,-0.9692,0.676,0.226,-0.7014,-0.7316,0.0917,-0.6755,-0.0884,0.9698,0.2273,0.0001,-0.0001,0.0149,0.0,0.0,0.0,-0.0106,-0.0195,-0.002,37.0443,21.3799,67.1265,0.0,0.0434,-0.3654,0.0,0.0,0.0,3138175.3371,3465904.5985,-4851249.8474,4452.7022,3362.6076,5290.9787,3138138.2928,3465883.2186,-4851316.9739,4452.7127,3362.6271,5290.9807,0.0,0.0765,3.9732,0.0,0.0,1.0,0.0,1.0,0.0,0.0,1.172,-23.972,0.0,1.0,0.0,0.0,0.0,-1.0,3.6646246738240467,0.021540659228538015,-0.3713,3.8054807515308924,13.09404158741061,,
169.9181,74.259,1.189,3.466,70.286,1.244,3.511,-0.006,-0.02,0.008,-0.006,-0.019,0.007,-24.293,0.194,-0.21,0.928,-0.007,0.007,0.0,-0.0,0.016,846.227,-0.0,0.0,-0.0,0.0,0.0,1.0,0.0,0.0,-0.3286,0.9169,-0.2263,0.9443,0.3146,-0.0966,-0.0174,-0.2455,-0.9692,0.676,0.226,-0.7014,-0.7316,0.0917,-0.6755,-0.0884,0.9698,0.2273,0.0001,-0.0001,0.0162,0.0,0.0,0.0,-0.0106,-0.0195,-0.002,37.0421,21.3758,67.1261,0.0,0.0434,-0.3654,0.0,0.0,0.0,3139073.0022,3466582.4711,-4850182.9592,4451.8775,3361.6969,5292.2533,3139035.96,3466561.0953,-4850250.0853,4451.888,3361.7164,5292.2552,0.0,0.0765,3.9732,0.0,0.0,1.0,0.0,1.0,0.0,0.0,1.172,-23.972,0.0,1.0,0.0,0.0,0.0,-1.0,3.664270322997473,0.021540659228538015,-0.371295,3.804771906522491,13.0938652604299,,
170.1205,74.258,1.185,3.468,70.285,1.24,3.513,-0.006,-0.02,0.008,-0.006,-0.019,0.007,-24.098,0.193,-0.209,1.0,-0.007,0.006,0.0,-0.0,0.017,846.208,-0.0,0.0,-0.0,0.0,0.0,1.0,0.0,0.0,-0.3317,0.9158,-0.2263,0.9432,0.3178,-0.0966,-0.0165,-0.2455,-0.9693,0.676,0.226,-0.7014,-0.7316,0.0917,-0.6755,-0.0884,0.9698,0.2273,0.0001,-0.0001,0.0175,0.0,0.0,0.0,-0.0106,-0.0195,-0.002,37.0401,21.3717,67.1257,0.0,0.0434,-0.3654,0.0,0.0,0.0,3139972.5589,3467261.7138,-4849113.3676,4451.0506,3360.7838,5293.5305,3139935.5189,3467240.3421,-4849180.4933,4451.0612,3360.8034,5293.5324,0.0,0.0765,3.9732,0.0,0.0,1.0,0.0,1.0,0.0,0.0,1.172,-23.972,0.0,1.0,0.0,0.0,0.0,-1.0,3.664866846148711,0.021540659228538015,-0.37128999999999995,3.8047529345624556,13.093688933449192,,
170.327,74.257,1.181,3.47,70.283,1.236,3.514,-0.006,-0.02,0.008,-0.006,-0.019,0.006,-23.885,0.192,-0.207,1.071,-0.007,0.006,0.0,-0.0,0.019,846.19,-0.0,0.0,-0.0,0.0,0.0,1.0,0.0,0.0,-0.3351,0.9146,-0.2263,0.9421,0.3213,-0.0966,-0.0156,-0.2455,-0.9693,0.676,0.226,-0.7014,-0.7316,0.0917,-0.6755,-0.0884,0.9698,0.2273,0.0001,-0.0001,0.0187,0.0,0.0,0.0,-0.0106,-0.0196,-0.002,37.038,21.3676,67.1253,0.0,0.0434,-0.3654,0.0,0.0,0.0,3140887.6308,3467952.6121,-4848024.8579,4450.2092,3359.8547,5294.8296,3140850.5928,3467931.2446,-4848091.9833,4450.2198,3359.8742,5294.8316,0.0,0.0765,3.9732,0.0,0.0,1.0,0.0,1.0,0.0,0.0,1.172,-23.972,0.0,1.0,0.0,0.0,0.0,-1.0,3.6654687285530074,0.021540659228538015,-0.37128500000000003,3.791062793685993,13.093512606468485,,
170.5316,74.255,1.177,3.471,70.282,1.232,3.515,-0.006,-0.021,0.008,-0.006,-0.019,0.006,-23.658,0.192,-0.205,1.144,-0.007,0.006,0.0,-0.0,0.02,846.172,-0.0,0.0,-0.0,0.0,0.0,1.0,0.0,0.0,-0.3387,0.9133,-0.2263,0.9408,0.325,-0.0965,-0.0146,-0.2456,-0.9693,0.676,0.226,-0.7014,-0.7316,0.0917,-0.6755,-0.0884,0.9698,0.2273,0.0001,-0.0001,0.02,0.0,0.0,0.0,-0.0106,-0.0196,-0.002,37.0359,21.3634,67.1249,0.0,0.0434,-0.3654,0.0,0.0,0.0,3141799.33,3468640.9036,-4846939.8912,4449.3704,3358.9286,5296.124,3141762.2941,3468619.5402,-4847007.0161,4449.381,3358.9481,5296.126,0.0,0.0765,3.9732,0.0,0.0,1.0,0.0,1.0,0.0,0.0,1.172,-23.972,0.0,1.0,0.0,0.0,0.0,-1.0,3.6651289199699373,0.022472205054244233,-0.37127499999999997,3.7905901345725694,13.093159952507065,,
170.7358,74.254,1.172,3.473,70.281,1.229,3.517,-0.006,-0.021,0.008,-0.006,-0.019,0.006,-23.417,0.191,-0.203,1.214,-0.008,0.006,0.0,-0.0,0.021,846.154,-0.0,0.0,-0.0,0.0,0.0,1.0,0.0,0.0,-0.3426,0.9118,-0.2263,0.9394,0.329,-0.0965,-0.0136,-0.2456,-0.9693,0.676,0.226,-0.7014,-0.7316,0.0917,-0.6755,-0.0884,0.9698,0.2273,0.0001,-0.0001,0.0212,0.0,0.0,0.0,-0.0106,-0.0196,-0.002,37.0337,21.3593,67.1245,0.0,0.0434,-0.3654,0.0,0.0,0.0,3142708.8737,3469327.508,-4845857.0219,4448.5332,3358.0043,5297.4152,3142671.84,3469306.1488,-4845924.1464,4448.5438,3358.0239,5297.4172,0.0,0.0765,3.9732,0.0,0.0,1.0,0.0,1.0,0.0,0.0,1.172,-23.972,0.0,1.0,0.0,0.0,0.0,-1.0,3.6654212581912056,0.022472205054244233,-0.37127000000000004,3.804300154024749,13.09298362552636,,
170.9388,74.253,1.168,3.475,70.28,1.225,3.518,-0.006,-0.021,0.008,-0.006,-0.019,0.006,-23.163,0.19,-0.201,1.287,-0.008,0.005,0.0,-0.0,0.022,846.136,-0.0,0.0,-0.0,0.0,0.0,1.0,0.0,0.0,-0.3466,0.9103,-0.2263,0.9379,0.3331,-0.0965,-0.0124,-0.2456,-0.9693,0.676,0.226,-0.7014,-0.7316,0.0917,-0.6755,-0.0884,0.9698,0.2273,0.0001,-0.0001,0.0225,0.0,0.0,0.0,-0.0107,-0.0196,-0.002,37.0316,21.3551,67.1241,0.0,0.0434,-0.3654,0.0,0.0,0.0,3143612.971,3470009.9419,-4844780.1713,4447.7006,3357.0852,5298.6987,3143575.9394,3469988.5868,-4844847.2954,4447.7112,3357.1048,5298.7007,0.0,0.0765,3.9732,0.0,0.0,1.0,0.0,1.0,0.0,0.0,1.172,-23.972,0.0,1.0,0.0,0.0,0.0,-1.0,3.666039961593436,0.022472205054244233,-0.371265,3.790826805993448,13.09280729854565,,
171.144,74.252,1.164,3.476,70.278,1.221,3.519,-0.006,-0.021,0.008,-0.006,-0.019,0.006,-22.893,0.19,-0.199,1.359,-0.008,0.005,0.0,-0.0,0.024,846.117,-0.0,0.0,-0.0,0.0,0.0,1.0,0.0,0.0,-0.3509,0.9087,-0.2262,0.9364,0.3376,-0.0964,-0.0113,-0.2457,-0.9693,0.676,0.226,-0.7014,-0.7316,0.0917,-0.6755,-0.0884,0.9698,0.2273,0.0001,-0.0001,0.0237,0.0,0.0,0.0,-0.0107,-0.0196,-0.002,37.0295,21.3509,67.1237,0.0,0.0434,-0.3654,0.0,0.0,0.0,3144522.0341,3470696.0644,-4843696.9412,4446.863,3356.1608,5299.9892,3144485.0046,3470674.7135,-4843764.0649,4446.8737,3356.1804,5299.9912,0.0,0.0765,3.9732,0.0,0.0,1.0,0.0,1.0,0.0,0.0,1.172,-23.972,0.0,1.0,0.0,0.0,0.0,-1.0,3.6657157554835043,0.022472205054244233,-0.37126,3.7899054489480237,13.09263097156494,,
171.3473,74.25,1.16,3.478,70.277,1.217,3.52,-0.006,-0.021,0.008,-0.006,-0.019,0.006,-22.608,0.189,-0.197,1.429,-0.008,0.005,0.0,-0.0,0.025,846.099,-0.0,0.0,-0.0,0.0,0.0,1.0,0.0,0.0,-0.3554,0.9069,-0.2262,0.9347,0.3422,-0.0964,-0.01,-0.2457,-0.9693,0.676,0.226,-0.7014,-0.7316,0.0917,-0.6755,-0.0884,0.9698,0.2273,0.0001,-0.0001,0.0249,0.0,0.0,0.0,-0.0107,-0.0196,-0.002,37.0274,21.3467,67.1233,0.0,0.0434,-0.3654,0.0,0.0,0.0,3145428.6349,3471380.2689,-4842616.1787,4446.0273,3355.2384,5301.2761,3145391.6074,3471358.9221,-4842683.302,4446.038,3355.2581,5301.2781,0.0,0.0765,3.9732,0.0,0.0,1.0,0.0,1.0,0.0,0.0,1.172,-23.972,0.0,1.0,0.0,0.0,0.0,-1.0,3.666344773749463,0.022472205054244233,-0.37125,3.7766669057784203,13.092278317603524,,
171.5488,74.249,1.156,3.48,70.276,1.213,3.522,-0.006,-0.021,0.008,-0.006,-0.019,0.006,-22.315,0.188,-0.195,1.5,-0.008,0.005,0.0,-0.0,0.026,846.081,-0.0,0.0,-0.0,0.0,0.0,1.0,0.0,0.0,-0.36,0.9051,-0.2262,0.9329,0.347,-0.0964,-0.0087,-0.2457,-0.9693,0.676,0.226,-0.7014,-0.7316,0.0917,-0.6755,-0.0884,0.9698,0.2273,0.0001,-0.0001,0.0262,0.0,0.0,0.0,-0.0107,-0.0196,-0.002,37.0254,21.3426,67.1229,0.0,0.0434,-0.3654,0.0,0.0,0.0,3146319.8562,3472052.8088,-4841553.2953,4445.2054,3354.3314,5302.5411,3146282.8308,3472031.4662,-4841620.4182,4445.2162,3354.3511,5302.5432,0.0,0.0765,3.9732,0.0,0.0,1.0,0.0,1.0,0.0,0.0,1.172,-23.972,0.0,1.0,0.0,0.0,0.0,-1.0,3.666979138200816,0.022472205054244233,-0.371245,3.7766260263073104,13.092101990622815,,
171.7513,74.248,1.151,3.481,70.275,1.209,3.523,-0.006,-0.021,0.008,-0.006,-0.019,0.006,-22.0,0.188,-0.193,1.571,-0.009,0.005,0.0,-0.0,0.027,846.063,-0.0,0.0,-0.0,0.0,0.0,1.0,0.0,0.0,-0.365,0.9031,-0.2262,0.931,0.3521,-0.0963,-0.0074,-0.2457,-0.9693,0.676,0.226,-0.7014,-0.7316,0.0917,-0.6755,-0.0884,0.9698,0.2273,0.0001,-0.0001,0.0274,0.0,0.0,0.0,-0.0107,-0.0197,-0.002,37.0233,21.3384,67.1224,0.0,0.0434,-0.3654,0.0,0.0,0.0,3147230.0524,3472739.608,-4840467.3194,4444.3656,3353.4047,5303.8331,3147193.0291,3472718.2696,-4840534.4418,4444.3764,3353.4244,5303.8351,0.0,0.0765,3.9732,0.0,0.0,1.0,0.0,1.0,0.0,0.0,1.172,-23.972,0.0,1.0,0.0,0.0,0.0,-1.0,3.6663554110315055,0.022472205054244233,-0.37124,3.782643229087081,13.091925663642108,,
171.9539,74.247,1.147,3.483,70.273,1.205,3.524,-0.006,-0.021,0.008,-0.006,-0.019,0.006,-21.676,0.187,-0.191,1.643,-0.009,0.004,0.0,-0.0,0.029,846.045,-0.0,0.0,-0.0,0.0,0.0,1.0,0.0,0.0,-0.3701,0.9011,-0.2262,0.929,0.3574,-0.0963,-0.0059,-0.2458,-0.9693,0.676,0.226,-0.7014,-0.7316,0.0917,-0.6755,-0.0884,0.9698,0.2273,0.0001,-0.0001,0.0287,0.0,0.0,0.0,-0.0107,-0.0197,-0.002,37.0212,21.3342,67.122,0.0,0.0434,-0.3654,0.0,0.0,0.0,3148126.1075,3473415.6785,-4839397.7548,4443.5385,3352.4921,5305.1049,3148089.0863,3473394.3443,-4839464.8768,4443.5492,3352.5117,5305.107,0.0,0.0765,3.9732,0.0,0.0,1.0,0.0,1.0,0.0,0.0,1.172,-23.972,0.0,1.0,0.0,0.0,0.0,-1.0,3.667001227160962,0.022472205054244233,-0.371235,3.768987979016901,13.0917493366614,,
172.1578,74.245,1.143,3.485,70.272,1.201,3.526,-0.006,-0.021,0.008,-0.006,-0.019,0.006,-21.334,0.186,-0.189,1.716,-0.009,0.004,0.0,-0.0,0.03,846.027,-0.0,0.0,-0.0,0.0,0.0,1.0,0.0,0.0,-0.3754,0.8988,-0.2262,0.9268,0.3629,-0.0963,-0.0045,-0.2458,-0.9693,0.676,0.226,-0.7014,-0.7316,0.0917,-0.6755,-0.0884,0.9698,0.2273,0.0001,-0.0001,0.0299,0.0,0.0,0.0,-0.0108,-0.0197,-0.002,37.0191,21.3299,67.1216,0.0,0.0434,-0.3654,0.0,0.0,0.0,3149031.7491,3474098.9227,-4838316.285,4442.7021,3351.5693,5306.3903,3148994.7299,3474077.5928,-4838383.4066,4442.7129,3351.589,5306.3924,0.0,0.0765,3.9732,0.0,0.0,1.0,0.0,1.0,0.0,0.0,1.172,-23.972,0.0,1.0,0.0,0.0,0.0,-1.0,3.6676523826556955,0.022472205054244233,-0.371225,3.76916820286918,13.091396682699983,,
172.3618,74.244,1.139,3.487,70.271,1.197,3.527,-0.006,-0.021,0.009,-0.006,-0.019,0.006,-20.978,0.185,-0.187,1.785,-0.009,0.004,0.0,-0.0,0.031,846.009,-0.0,0.0,-0.0,0.0,0.0,1.0,0.0,0.0,-0.381,0.8965,-0.2261,0.9246,0.3687,-0.0962,-0.0029,-0.2458,-0.9693,0.676,0.226,-0.7014,-0.7316,0.0917,-0.6755,-0.0884,0.9698,0.2273,0.0001,-0.0001,0.0312,0.0,0.0,0.0,-0.0108,-0.0197,-0.0021,37.017,21.3257,67.1212,0.0,0.0434,-0.3654,0.0,0.0,0.0,3149934.2643,3474779.7493,-4837238.0842,4441.8682,3350.6494,5307.6712,3149897.2472,3474758.4236,-4837305.2054,4441.879,3350.6691,5307.6733,0.0,0.0765,3.9732,0.0,0.0,1.0,0.0,1.0,0.0,0.0,1.172,-23.972,0.0,1.0,0.0,0.0,0.0,-1.0,3.6683088746723604,0.022847319317591725,-0.37122,3.7557045097650548,13.091220355719274,,
172.5657,74.243,1.134,3.488,70.27,1.193,3.528,-0.006,-0.021,0.009,-0.006,-0.019,0.006,-20.605,0.185,-0.185,1.859,-0.009,0.004,0.0,-0.0,0.032,845.99,-0.0,0.0,-0.0,0.0,0.0,1.0,0.0,0.0,-0.3868,0.894,-0.2261,0.9221,0.3747,-0.0962,-0.0013,-0.2457,-0.9693,0.676,0.226,-0.7014,-0.7316,0.0917,-0.6755,-0.0884,0.9698,0.2273,0.0001,-0.0001,0.0324,0.0,0.0,0.0,-0.0108,-0.0197,-0.0021,37.0149,21.3214,67.1208,0.0,0.0434,-0.3653,0.0,0.0,0.0,3150845.0356,3475466.7437,-4836149.5534,4441.0263,3349.7206,5308.9638,3150808.0206,3475445.4222,-4836216.6741,4441.0371,3349.7404,5308.9659,0.0,0.0765,3.9732,0.0,0.0,1.0,0.0,1.0,0.0,0.0,1.172,-23.972,0.0,1.0,0.0,0.0,0.0,-1.0,3.6677104574925212,0.022847319317591725,-0.37121499999999996,3.7617558638599573,13.091044028738564,,
172.7662,74.242,1.13,3.49,70.268,1.189,3.529,-0.006,-0.021,0.009,-0.006,-0.019,0.006,-20.225,0.184,-0.183,1.928,-0.01,0.003,0.0,-0.0,0.034,845.973,-0.0,0.0,-0.0,0.0,0.0,1.0,0.0,0.0,-0.3927,0.8914,-0.2261,0.9196,0.3808,-0.0962,0.0004,-0.2457,-0.9693,0.676,0.226,-0.7014,-0.7316,0.0917,-0.6755,-0.0884,0.9698,0.2273,0.0001,-0.0001,0.0336,0.0,0.0,0.0,-0.0108,-0.0197,-0.0021,37.0129,21.3172,67.1203,0.0,0.0434,-0.3653,0.0,0.0,0.0,3151734.7031,3476137.7617,-4835085.7876,4440.2035,3348.8131,5310.2264,3151697.6902,3476116.4445,-4835152.908,4440.2143,3348.8328,5310.2285,0.0,0.0765,3.9732,0.0,0.0,1.0,0.0,1.0,0.0,0.0,1.172,-23.972,0.0,1.0,0.0,0.0,0.0,-1.0,3.6683783883345513,0.022847319317591725,-0.37121000000000004,3.7481177612784795,13.090867701757858,,
172.9711,74.24,1.126,3.492,70.267,1.185,3.53,-0.006,-0.021,0.009,-0.006,-0.019,0.006,-19.823,0.183,-0.181,2.001,-0.01,0.003,0.0,-0.0,0.035,845.954,-0.0,0.0,-0.0,0.0,0.0,1.0,0.0,0.0,-0.399,0.8886,-0.2261,0.917,0.3872,-0.0961,0.0021,-0.2457,-0.9693,0.676,0.226,-0.7014,-0.7316,0.0917,-0.6755,-0.0884,0.9698,0.2273,0.0001,-0.0001,0.0349,0.0,0.0,0.0,-0.0108,-0.0197,-0.0021,37.0108,21.3129,67.1199,0.0,0.0434,-0.3653,0.0,0.0,0.0,3152644.2631,3476823.7233,-4833997.7747,4439.3619,3347.8849,5311.5172,3152607.2523,3476802.4104,-4834064.8946,4439.3727,3347.9047,5311.5192,0.0,0.0765,3.9732,0.0,0.0,1.0,0.0,1.0,0.0,0.0,1.172,-23.972,0.0,1.0,0.0,0.0,0.0,-1.0,3.6690516485871383,0.022847319317591725,-0.3712,3.734896431294484,13.090515047796439,,
173.1752,74.239,1.122,3.494,70.266,1.181,3.532,-0.006,-0.021,0.009,-0.006,-0.019,0.006,-19.41,0.183,-0.179,2.073,-0.01,0.002,0.0,-0.0,0.036,845.934,-0.0,0.0,-0.0,0.0,0.0,1.0,0.0,0.0,-0.4054,0.8858,-0.2261,0.9141,0.3938,-0.0961,0.0039,-0.2456,-0.9694,0.676,0.226,-0.7014,-0.7316,0.0917,-0.6755,-0.0884,0.9698,0.2273,0.0001,-0.0001,0.0362,0.0,0.0,0.0,-0.0109,-0.0198,-0.0021,37.0087,21.3086,67.1195,0.0,0.0434,-0.3653,0.0,0.0,0.0,3153544.2894,3477502.4363,-4832920.698,4438.5287,3346.9661,5312.7944,3153507.2807,3477481.1277,-4832987.8175,4438.5396,3346.9859,5312.7964,0.0,0.0765,3.9732,0.0,0.0,1.0,0.0,1.0,0.0,0.0,1.172,-23.972,0.0,1.0,0.0,0.0,0.0,-1.0,3.6697302353170325,0.022847319317591725,-0.371195,3.7348304754824184,13.090338720815732,,
173.3798,74.238,1.117,3.495,70.264,1.178,3.533,-0.006,-0.021,0.009,-0.006,-0.019,0.006,-18.978,0.182,-0.177,2.144,-0.011,0.001,0.0,-0.0,0.037,845.916,-0.0,0.0,-0.0,0.0,0.0,1.0,0.0,0.0,-0.412,0.8827,-0.2261,0.9112,0.4007,-0.0961,0.0058,-0.2456,-0.9694,0.676,0.226,-0.7014,-0.7316,0.0917,-0.6755,-0.0884,0.9698,0.2273,0.0001,-0.0001,0.0374,0.0,0.0,0.0,-0.0109,-0.0198,-0.0021,37.0066,21.3043,67.1191,0.0,0.0434,-0.3653,0.0,0.0,0.0,3154452.4009,3478187.1863,-4831833.4811,4437.6876,3346.0387,5314.083,3154415.3943,3478165.882,-4831900.6002,4437.6985,3346.0585,5314.0851,0.0,0.0765,3.9732,0.0,0.0,1.0,0.0,1.0,0.0,0.0,1.172,-23.972,0.0,1.0,0.0,0.0,0.0,-1.0,3.669157123918244,0.022847319317591725,-0.37119,3.747973478200775,13.090162393835023,,
173.5819,74.236,1.113,3.497,70.263,1.174,3.534,-0.006,-0.021,0.009,-0.006,-0.019,0.006,-18.538,0.181,-0.176,2.216,-0.011,0.001,0.0,-0.0,0.039,845.898,-0.0,0.0,-0.0,0.0,0.0,1.0,0.0,0.0,-0.4188,0.8795,-0.2261,0.908,0.4077,-0.0961,0.0077,-0.2455,-0.9694,0.676,0.226,-0.7014,-0.7316,0.0917,-0.6755,-0.0884,0.9698,0.2273,0.0001,-0.0001,0.0387,0.0,0.0,0.0,-0.0109,-0.0198,-0.0021,37.0046,21.3,67.1186,0.0,0.0434,-0.3653,0.0,0.0,0.0,3155349.361,3478863.4687,-4830759.1543,4436.8565,3345.1223,5315.3558,3155312.3564,3478842.1687,-4830826.273,4436.8674,3345.1421,5315.3579,0.0,0.0765,3.9732,0.0,0.0,1.0,0.0,1.0,0.0,0.0,1.172,-23.972,0.0,1.0,0.0,0.0,0.0,-1.0,3.6698471357809987,0.022847319317591725,-0.37118,3.7347764038744176,13.089809739873607,,
173.7845,74.235,1.109,3.499,70.262,1.17,3.535,-0.006,-0.021,0.009,-0.006,-0.02,0.006,-18.078,0.18,-0.174,2.286,-0.011,0.001,0.0,-0.0,0.04,845.88,-0.0,0.0,-0.0,0.0,0.0,1.0,0.0,0.0,-0.4258,0.8761,-0.226,0.9047,0.415,-0.096,0.0097,-0.2454,-0.9694,0.676,0.226,-0.7014,-0.7316,0.0917,-0.6755,-0.0884,0.9698,0.2273,0.0001,-0.0001,0.0399,0.0,0.0,0.0,-0.0109,-0.0198,-0.0021,37.0025,21.2957,67.1182,0.0,0.0434,-0.3653,0.0,0.0,0.0,3156254.9553,3479546.2017,-4829674.0195,4436.017,3344.1967,5316.6407,3156217.9528,3479524.906,-4829741.1377,4436.0279,3344.2165,5316.6428,0.0,0.0765,3.9732,0.0,0.0,1.0,0.0,1.0,0.0,0.0,1.172,-23.972,0.0,1.0,0.0,0.0,0.0,-1.0,3.6705424667206894,0.022847319317591725,-0.371175,3.721356169657468,13.089633412892898,,
173.9852,74.234,1.105,3.501,70.261,1.166,3.536,-0.006,-0.021,0.009,-0.006,-0.02,0.006,-17.611,0.18,-0.172,2.358,-0.011,0.001,0.0,-0.0,0.041,845.862,-0.0,0.0,-0.0,0.0,0.0,1.0,0.0,0.0,-0.433,0.8726,-0.226,0.9013,0.4223,-0.096,0.0117,-0.2453,-0.9694,0.676,0.226,-0.7014,-0.7316,0.0917,-0.6755,-0.0884,0.9698,0.2273,0.0001,-0.0001,0.0412,0.0,0.0,0.0,-0.0109,-0.0198,-0.0021,37.0005,21.2914,67.1178,0.0,0.0434,-0.3653,0.0,0.0,0.0,3157146.4729,3480218.2639,-4828605.2952,4435.1901,3343.2852,5317.9057,3157109.4724,3480196.9725,-4828672.413,4435.201,3343.305,5317.9078,0.0,0.0765,3.9732,0.0,0.0,1.0,0.0,1.0,0.0,0.0,1.172,-23.972,0.0,1.0,0.0,0.0,0.0,-1.0,3.671243113715026,0.022847319317591725,-0.37117,3.7079397557163487,13.089457085912189,,
174.1904,74.233,1.1,3.503,70.259,1.162,3.537,-0.006,-0.021,0.009,-0.006,-0.02,0.006,-17.127,0.179,-0.171,2.394,-0.011,0.001,0.0,-0.0,0.042,845.853,-0.0,0.0,-0.0,0.0,0.0,1.0,0.0,0.0,-0.4403,0.8689,-0.226,0.8977,0.4299,-0.096,0.0138,-0.2452,-0.9694,0.676,0.226,-0.7014,-0.7316,0.0917,-0.6755,-0.0884,0.9698,0.2273,0.0001,-0.0001,0.0418,0.0,0.0,0.0,-0.0109,-0.0198,-0.0021,36.9984,21.287,67.1173,0.0,0.0434,-0.3653,0.0,0.0,0.0,3158046.9749,3480897.0402,-4827525.3391,4434.3545,3342.3642,5319.1833,3158009.9764,3480875.7532,-4827592.4565,4434.3654,3342.384,5319.1854,0.0,0.0765,3.9732,0.0,0.0,1.0,0.0,1.0,0.0,0.0,1.172,-23.972,0.0,1.0,0.0,0.0,0.0,-1.0,3.671649356896707,0.022847319317591725,-0.371165,3.7013203129742416,13.089280758931482,,
174.3966,74.231,1.096,3.504,70.258,1.158,3.539,-0.006,-0.021,0.009,-0.006,-0.02,0.006,-16.635,0.178,-0.169,2.394,-0.011,0.001,0.0,-0.0,0.042,845.853,-0.0,0.0,-0.0,0.0,0.0,1.0,0.0,0.0,-0.4477,0.8651,-0.226,0.894,0.4376,-0.0959,0.0159,-0.245,-0.9694,0.676,0.226,-0.7014,-0.7316,0.0917,-0.6755,-0.0884,0.9698,0.2273,0.0001,-0.0001,0.0418,0.0,0.0,0.0,-0.011,-0.0198,-0.0021,36.9963,21.2826,67.1169,0.0,0.0434,-0.3653,0.0,0.0,0.0,3158958.004,3481583.691,-4826432.2894,4433.5087,3341.432,5320.4759,3158921.0076,3481562.4083,-4826499.4063,4433.5197,3341.4518,5320.478,0.0,0.0765,3.9732,0.0,0.0,1.0,0.0,1.0,0.0,0.0,1.172,-23.972,0.0,1.0,0.0,0.0,0.0,-1.0,3.6714073595829704,0.022847319317591725,-0.37115499999999996,3.7140479492843186,13.088928104970062,,
174.5975,74.23,1.092,3.506,70.257,1.154,3.54,-0.006,-0.021,0.009,-0.006,-0.02,0.006,-16.149,0.177,-0.167,2.394,-0.011,0.001,0.0,-0.0,0.042,845.853,-0.0,0.0,-0.0,0.0,0.0,1.0,0.0,0.0,-0.4551,0.8613,-0.226,0.8903,0.4452,-0.0959,0.018,-0.2448,-0.9694,0.676,0.226,-0.7014,-0.7316,0.0917,-0.6755,-0.0884,0.9698,0.2273,0.0001,-0.0001,0.0418,0.0,0.0,0.0,-0.011,-0.0199,-0.0021,36.9943,21.2783,67.1165,0.0,0.0434,-0.3653,0.0,0.0,0.0,3159858.3469,3482262.2285,-4825351.5916,4432.6725,3340.5104,5321.7532,3159821.3526,3482240.9503,-4825418.7081,4432.6835,3340.5302,5321.7553,0.0,0.0765,3.9732,0.0,0.0,1.0,0.0,1.0,0.0,0.0,1.172,-23.972,0.0,1.0,0.0,0.0,0.0,-1.0,3.67212472555059,0.022847319317591725,-0.37115000000000004,3.7006416568912424,13.088751777989355,,
174.8019,74.229,1.088,3.508,70.255,1.15,3.541,-0.006,-0.021,0.009,-0.006,-0.02,0.006,-15.66,0.176,-0.166,2.394,-0.011,0.001,0.0,-0.0,0.042,845.853,-0.0,0.0,-0.0,0.0,0.0,1.0,0.0,0.0,-0.4624,0.8574,-0.226,0.8864,0.4528,-0.0959,0.0201,-0.2447,-0.9694,0.676,0.226,-0.7014,-0.7316,0.0917,-0.6755,-0.0884,0.9698,0.2273,0.0001,-0.0001,0.0418,0.0,0.0,0.0,-0.011,-0.0199,-0.0021,36.9922,21.2739,67.116,0.0,0.0434,-0.3653,0.0,0.0,0.0,3160763.4804,3482944.3162,-4824264.6802,4431.8314,3339.5835,5323.0373,3160726.4882,3482923.0423,-4824331.7962,4431.8424,3339.6033,5323.0394,0.0,0.0765,3.9732,0.0,0.0,1.0,0.0,1.0,0.0,0.0,1.172,-23.972,0.0,1.0,0.0,0.0,0.0,-1.0,3.6728473967754227,0.022847319317591725,-0.371145,3.6870640426103805,13.088575451008646,,
175.0035,74.227,1.083,3.51,70.254,1.146,3.542,-0.006,-0.021,0.009,-0.006,-0.02,0.006,-15.181,0.176,-0.164,2.394,-0.011,0.001,0.0,-0.0,0.042,845.853,-0.0,0.0,-0.0,0.0,0.0,1.0,0.0,0.0,-0.4695,0.8535,-0.226,0.8826,0.4602,-0.0958,0.0222,-0.2445,-0.9694,0.676,0.226,-0.7014,-0.7316,0.0917,-0.6755,-0.0884,0.9698,0.2273,0.0001,-0.0001,0.0418,0.0,0.0,0.0,-0.011,-0.0199,-0.0021,36.9902,21.2696,67.1156,0.0,0.0434,-0.3653,0.0,0.0,0.0,3161650.0135,3483612.3295,-4823199.648,4431.0072,3338.6753,5324.295,3161613.0234,3483591.0599,-4823266.7636,4431.0182,3338.6952,5324.2971,0.0,0.0765,3.9732,0.0,0.0,1.0,0.0,1.0,0.0,0.0,1.172,-23.972,0.0,1.0,0.0,0.0,0.0,-1.0,3.673280414016877,0.022847319317591725,-0.371135,3.6808981498993987,13.08822279704723,,
175.2117,74.226,1.079,3.512,70.253,1.142,3.543,-0.006,-0.021,0.009,-0.006,-0.02,0.006,-14.681,0.175,-0.162,2.394,-0.011,0.001,0.0,-0.0,0.042,845.853,-0.0,0.0,-0.0,0.0,0.0,1.0,0.0,0.0,-0.477,0.8494,-0.226,0.8786,0.4679,-0.0958,0.0243,-0.2442,-0.9694,0.676,0.226,-0.7014,-0.7316,0.0917,-0.6755,-0.0884,0.9698,0.2273,0.0001,-0.0001,0.0418,0.0,0.0,0.0,-0.011,-0.0199,-0.0021,36.988,21.2651,67.1151,0.0,0.0434,-0.3653,0.0,0.0,0.0,3162574.2702,3484308.7067,-4822088.8173,4430.1475,3337.7281,5325.6061,3162537.2822,3484287.4416,-4822155.9324,4430.1585,3337.748,5325.6082,0.0,0.0765,3.9732,0.0,0.0,1.0,0.0,1.0,0.0,0.0,1.172,-23.972,0.0,1.0,0.0,0.0,0.0,-1.0,3.6740148339384806,0.022847319317591725,-0.37113,3.667517325573055,13.088046470066521,,
175.4181,74.225,1.075,3.514,70.251,1.138,3.544,-0.006,-0.021,0.009,-0.006,-0.02,0.006,-14.186,0.174,-0.161,2.394,-0.011,0.001,0.0,-0.0,0.042,845.853,-0.0,0.0,-0.0,0.0,0.0,1.0,0.0,0.0,-0.4843,0.8452,-0.226,0.8745,0.4755,-0.0958,0.0265,-0.244,-0.9694,0.676,0.226,-0.7014,-0.7316,0.0917,-0.6755,-0.0884,0.9698,0.2273,0.0001,-0.0001,0.0418,0.0,0.0,0.0,-0.011,-0.0199,-0.0022,36.9859,21.2607,67.1147,0.0,0.0434,-0.3653,0.0,0.0,0.0,3163491.6803,3484999.8632,-4820985.7346,4429.2938,3336.7876,5326.9075,3163454.6944,3484978.6025,-4821052.8493,4429.3048,3336.8075,5326.9096,0.0,0.0765,3.9732,0.0,0.0,1.0,0.0,1.0,0.0,0.0,1.172,-23.972,0.0,1.0,0.0,0.0,0.0,-1.0,3.67475454962641,0.022847319317591725,-0.371125,3.6539721184363567,13.087870143085812,,
175.6183,74.224,1.07,3.515,70.25,1.134,3.546,-0.006,-0.021,0.009,-0.006,-0.02,0.006,-13.707,0.173,-0.159,2.394,-0.011,0.001,0.0,-0.0,0.042,845.853,-0.0,0.0,-0.0,0.0,0.0,1.0,0.0,0.0,-0.4913,0.8412,-0.2259,0.8705,0.4827,-0.0958,0.0285,-0.2437,-0.9694,0.676,0.226,-0.7014,-0.7316,0.0917,-0.6755,-0.0884,0.9698,0.2273,0.0001,-0.0001,0.0418,0.0,0.0,0.0,-0.0111,-0.0199,-0.0022,36.9839,21.2564,67.1142,0.0,0.0434,-0.3653,0.0,0.0,0.0,3164376.3909,3485666.3266,-4819921.51,4428.4701,3335.8802,5328.1624,3164339.4069,3485645.0702,-4819988.6242,4428.4812,3335.9002,5328.1646,0.0,0.0765,3.9732,0.0,0.0,1.0,0.0,1.0,0.0,0.0,1.172,-23.972,0.0,1.0,0.0,0.0,0.0,-1.0,3.6742516244808274,0.022847319317591725,-0.37112,3.6734689523761213,13.087693816105105,,
175.8189,74.222,1.066,3.517,70.249,1.13,3.547,-0.006,-0.021,0.009,-0.006,-0.02,0.006,-13.227,0.172,-0.157,2.394,-0.011,0.001,0.0,-0.0,0.042,845.853,-0.0,0.0,-0.0,0.0,0.0,1.0,0.0,0.0,-0.4984,0.837,-0.2259,0.8664,0.49,-0.0957,0.0306,-0.2435,-0.9694,0.676,0.226,-0.7014,-0.7316,0.0917,-0.6755,-0.0884,0.9698,0.2273,0.0001,-0.0001,0.0418,0.0,0.0,0.0,-0.0111,-0.0199,-0.0022,36.9819,21.2521,67.1138,0.0,0.0434,-0.3653,0.0,0.0,0.0,3165265.242,3486335.8514,-4818851.8538,4427.6422,3334.9683,5329.4232,3165228.2602,3486314.5993,-4818918.9676,4427.6532,3334.9882,5329.4253,0.0,0.0765,3.9732,0.0,0.0,1.0,0.0,1.0,0.0,0.0,1.172,-23.972,0.0,1.0,0.0,0.0,0.0,-1.0,3.675002721087428,0.022847319317591725,-0.37111,3.660310691292144,13.087341162143687,,
176.0228,74.221,1.062,3.519,70.248,1.126,3.548,-0.006,-0.021,0.009,-0.006,-0.02,0.006,-12.736,0.172,-0.156,2.394,-0.01,0.001,0.0,-0.0,0.042,845.853,-0.0,0.0,-0.0,0.0,0.0,1.0,0.0,0.0,-0.5055,0.8327,-0.2259,0.8622,0.4974,-0.0957,0.0327,-0.2432,-0.9694,0.676,0.226,-0.7014,-0.7316,0.0917,-0.6755,-0.0884,0.9698,0.2273,0.0001,-0.0001,0.0418,0.0,0.0,0.0,-0.0111,-0.0199,-0.0022,36.9798,21.2477,67.1133,0.0,0.0434,-0.3653,0.0,0.0,0.0,3166172.2065,3487018.9603,-4817759.9316,4426.797,3334.0374,5330.7096,3166135.2267,3486997.7126,-4817827.0449,4426.8081,3334.0573,5330.7118,0.0,0.0765,3.9732,0.0,0.0,1.0,0.0,1.0,0.0,0.0,1.172,-23.972,0.0,1.0,0.0,0.0,0.0,-1.0,3.6757591052733583,0.022847319317591725,-0.371105,3.6469447729958713,13.08716483516298,,
176.2263,74.22,1.058,3.521,70.246,1.122,3.549,-0.006,-0.021,0.009,-0.006,-0.02,0.006,-12.257,0.171,-0.154,2.39,-0.01,0.001,0.0,-0.0,0.042,845.852,-0.0,0.0,-0.0,0.0,0.0,0.913,0.0,0.0,-0.5124,0.8285,-0.2259,0.858,0.5046,-0.0957,0.0347,-0.2429,-0.9694,0.676,0.226,-0.7014,-0.7316,0.0917,-0.6755,-0.0884,0.9698,0.2273,0.0001,-0.0001,0.0417,0.0,0.0,0.0,-0.0111,-0.02,-0.0022,36.9778,21.2434,67.1129,0.0,0.0434,-0.3653,0.0,0.0,0.0,3167058.8001,3487686.6679,-4816692.0793,4425.9704,3333.1271,5331.9671,3167021.8223,3487665.4245,-4816759.1921,4425.9815,3333.147,5331.9693,0.0,0.0765,3.9732,0.0,0.0,1.0,0.0,1.0,0.0,0.0,1.172,-23.972,0.0,1.0,0.0,0.0,0.0,-1.0,3.6765207737751187,0.022847319317591725,-0.3711,3.6334185097297804,13.08698850818227,,
176.4266,74.218,1.053,3.523,70.245,1.118,3.55,-0.006,-0.021,0.009,-0.006,-0.02,0.006,-11.778,0.17,-0.152,2.318,-0.01,0.001,0.0,-0.0,0.04,845.836,-0.0,0.0,-0.0,0.0,0.0,0.752,0.0,0.0,-0.5194,0.8242,-0.2259,0.8538,0.5118,-0.0956,0.0368,-0.2425,-0.9694,0.676,0.226,-0.7014,-0.7316,0.0917,-0.6755,-0.0884,0.9698,0.2273,0.0001,-0.0001,0.0404,0.0,0.0,0.0,-0.0111,-0.02,-0.0022,36.9757,21.2391,67.1124,0.0,0.0434,-0.3653,0.0,0.0,0.0,3167959.0752,3488364.6203,-4815607.2863,4425.1306,3332.2023,5333.2439,3167922.0995,3488343.3812,-4815674.3987,4425.1417,3332.2223,5333.2461,0.0,0.0765,3.9732,0.0,0.0,1.0,0.0,1.0,0.0,0.0,1.172,-23.972,0.0,1.0,0.0,0.0,0.0,-1.0,3.677001223823566,0.022847319317591725,-0.37109000000000003,3.6274152590886852,13.086635854220853,,
176.6321,74.217,1.049,3.525,70.244,1.113,3.551,-0.006,-0.021,0.009,-0.006,-0.02,0.006,-11.308,0.169,-0.151,2.244,-0.01,0.002,0.0,-0.0,0.039,845.82,-0.0,0.0,-0.0,0.0,0.0,0.678,0.0,0.0,-0.5261,0.8199,-0.2259,0.8495,0.5188,-0.0956,0.0388,-0.2422,-0.9694,0.676,0.226,-0.7014,-0.7316,0.0917,-0.6755,-0.0884,0.9698,0.2273,0.0001,-0.0001,0.0392,0.0,0.0,0.0,-0.0111,-0.02,-0.0022,36.9736,21.2347,67.1119,0.0,0.0434,-0.3653,0.0,0.0,0.0,3168870.5212,3489050.9242,-4814508.5592,4424.28,3331.2657,5334.5366,3168833.5476,3489029.6895,-4814575.6711,4424.2912,3331.2857,5334.5388,0.0,0.0765,3.9732,0.0,0.0,1.0,0.0,1.0,0.0,0.0,1.172,-23.972,0.0,1.0,0.0,0.0,0.0,-1.0,3.6777745988573036,0.022847319317591725,-0.371085,3.606526801122598,13.086459527240144,,
176.8335,74.216,1.045,3.526,70.242,1.109,3.552,-0.006,-0.021,0.009,-0.006,-0.02,0.006,-10.865,0.168,-0.149,2.172,-0.01,0.002,0.0,-0.0,0.038,845.804,-0.0,0.0,-0.0,0.0,0.0,0.678,0.0,0.0,-0.5324,0.8158,-0.2259,0.8455,0.5253,-0.0956,0.0407,-0.2419,-0.9695,0.676,0.226,-0.7014,-0.7316,0.0917,-0.6755,-0.0884,0.9698,0.2273,0.0001,-0.0001,0.0379,0.0,0.0,0.0,-0.0112,-0.02,-0.0022,36.9715,21.2304,67.1115,0.0,0.0434,-0.3653,0.0,0.0,0.0,3169758.2667,3489719.3235,-4813437.9425,4423.4512,3330.3532,5335.7955,3169721.2952,3489698.0931,-4813505.0539,4423.4623,3330.3732,5335.7977,0.0,0.0765,3.9732,0.0,0.0,1.0,0.0,1.0,0.0,0.0,1.172,-23.972,0.0,1.0,0.0,0.0,0.0,-1.0,3.6775944583382216,0.022847319317591725,-0.37107999999999997,3.605543130358503,13.086283200259436,,
177.0376,74.214,1.04,3.528,70.241,1.105,3.554,-0.007,-0.021,0.009,-0.007,-0.02,0.006,-10.427,0.167,-0.147,2.097,-0.009,0.002,0.0,-0.0,0.037,845.788,-0.0,0.0,-0.0,0.0,0.0,0.764,0.0,0.0,-0.5386,0.8117,-0.2259,0.8415,0.5318,-0.0955,0.0426,-0.2415,-0.9695,0.676,0.226,-0.7014,-0.7316,0.0917,-0.6755,-0.0884,0.9698,0.2273,0.0001,-0.0001,0.0366,0.0,0.0,0.0,-0.0112,-0.02,-0.0022,36.9694,21.226,67.111,0.0,0.0434,-0.3653,0.0,0.0,0.0,3170664.6596,3490401.703,-4812344.3696,4422.6045,3329.4211,5337.0809,3170627.6902,3490380.477,-4812411.4806,4422.6157,3329.4411,5337.0831,0.0,0.0765,3.9732,0.0,0.0,1.0,0.0,1.0,0.0,0.0,1.172,-23.972,0.0,1.0,0.0,0.0,0.0,-1.0,3.6780951591822637,0.022847319317591725,-0.37107,3.6127314985878494,13.08593054629802,,
177.2435,74.213,1.036,3.53,70.24,1.101,3.555,-0.007,-0.021,0.009,-0.007,-0.02,0.006,-10.005,0.167,-0.146,2.019,-0.009,0.002,0.0,-0.0,0.035,845.771,-0.0,0.0,-0.0,0.0,0.0,0.789,0.0,0.0,-0.5446,0.8077,-0.2259,0.8375,0.538,-0.0955,0.0444,-0.2412,-0.9695,0.676,0.226,-0.7014,-0.7316,0.0917,-0.6755,-0.0884,0.9698,0.2273,0.0001,-0.0001,0.0352,0.0,0.0,0.0,-0.0112,-0.02,-0.0022,36.9673,21.2216,67.1105,0.0,0.0434,-0.3653,0.0,0.0,0.0,3171572.6621,3491085.2339,-4811248.3792,4421.7559,3328.487,5338.3685,3171535.6948,3491064.0122,-4811315.4897,4421.7671,3328.507,5338.3708,0.0,0.0765,3.9732,0.0,0.0,1.0,0.0,1.0,0.0,0.0,1.172,-23.972,0.0,1.0,0.0,0.0,0.0,-1.0,3.678885157218148,0.022847319317591725,-0.371065,3.5993890282241137,13.08575421931731,,
177.4487,74.212,1.032,3.532,70.238,1.097,3.556,-0.007,-0.021,0.009,-0.007,-0.02,0.006,-9.596,0.166,-0.144,1.948,-0.009,0.003,0.0,-0.0,0.034,845.755,-0.0,0.0,-0.0,0.0,0.0,0.802,0.0,0.0,-0.5503,0.8038,-0.2259,0.8337,0.5439,-0.0955,0.0461,-0.2408,-0.9695,0.676,0.226,-0.7014,-0.7316,0.0917,-0.6755,-0.0884,0.9698,0.2273,0.0001,-0.0001,0.034,0.0,0.0,0.0,-0.0112,-0.02,-0.0022,36.9652,21.2173,67.1101,0.0,0.0434,-0.3653,0.0,0.0,0.0,3172483.5139,3491770.8487,-4810148.4733,4420.9042,3327.5496,5339.6602,3172446.5486,3491749.6314,-4810215.5834,4420.9155,3327.5696,5339.6624,0.0,0.0765,3.9732,0.0,0.0,1.0,0.0,1.0,0.0,0.0,1.172,-23.972,0.0,1.0,0.0,0.0,0.0,-1.0,3.6796804209061413,0.022847319317591725,-0.37106,3.5858962124536684,13.085577892336604,,
177.6553,74.21,1.027,3.534,70.237,1.093,3.557,-0.007,-0.021,0.009,-0.007,-0.02,0.006,-9.203,0.165,-0.142,1.87,-0.009,0.003,0.0,-0.0,0.033,845.738,-0.0,0.0,-0.0,0.0,0.0,0.802,0.0,0.0,-0.5558,0.8,-0.2258,0.8299,0.5496,-0.0955,0.0478,-0.2405,-0.9695,0.676,0.226,-0.7014,-0.7316,0.0917,-0.6755,-0.0884,0.9698,0.2273,0.0001,-0.0001,0.0326,0.0,0.0,0.0,-0.0112,-0.0201,-0.0022,36.963,21.2129,67.1096,0.0,0.0434,-0.3653,0.0,0.0,0.0,3173393.6768,3492455.8838,-4809048.9228,4420.0528,3326.6125,5340.9508,3173356.7137,3492434.6709,-4809116.0324,4420.0641,3326.6326,5340.953,0.0,0.0765,3.9732,0.0,0.0,1.0,0.0,1.0,0.0,0.0,1.172,-23.972,0.0,1.0,0.0,0.0,0.0,-1.0,3.68020176077345,0.022847319317591725,-0.37105,3.579982176479631,13.085225238375184,,
177.8595,74.209,1.023,3.535,70.236,1.089,3.558,-0.007,-0.021,0.009,-0.007,-0.02,0.006,-8.83,0.164,-0.141,1.794,-0.008,0.003,0.0,-0.0,0.031,845.721,-0.0,0.0,-0.0,0.0,0.0,0.839,0.0,0.0,-0.561,0.7964,-0.2258,0.8263,0.555,-0.0954,0.0493,-0.2401,-0.9695,0.676,0.226,-0.7014,-0.7316,0.0917,-0.6755,-0.0884,0.9698,0.2273,0.0001,-0.0001,0.0313,0.0,0.0,0.0,-0.0113,-0.0201,-0.0022,36.9609,21.2086,67.1091,0.0,0.0434,-0.3653,0.0,0.0,0.0,3174293.6852,3493133.2162,-4807961.1695,4419.2105,3325.6855,5342.2269,3174256.7243,3493112.0076,-4808028.2786,4419.2218,3325.7056,5342.2291,0.0,0.0765,3.9732,0.0,0.0,1.0,0.0,1.0,0.0,0.0,1.172,-23.972,0.0,1.0,0.0,0.0,0.0,-1.0,3.6800480975117704,0.022847319317591725,-0.371045,3.5791305122690744,13.085048911394479,,
178.0665,74.208,1.019,3.537,70.234,1.085,3.56,-0.007,-0.021,0.009,-0.007,-0.02,0.006,-8.46,0.163,-0.139,1.783,-0.008,0.003,0.0,-0.0,0.031,845.719,-0.0,0.0,-0.0,0.0,0.0,0.839,0.0,0.0,-0.5661,0.7928,-0.2258,0.8227,0.5604,-0.0954,0.0509,-0.2398,-0.9695,0.676,0.226,-0.7014,-0.7316,0.0917,-0.6755,-0.0884,0.9698,0.2273,0.0001,-0.0001,0.0311,0.0,0.0,0.0,-0.0113,-0.0201,-0.0022,36.9587,21.2042,67.1086,0.0,0.0434,-0.3653,0.0,0.0,0.0,3175209.0912,3493822.0753,-4806854.3279,4418.3534,3324.7423,5343.5248,3175172.1325,3493800.8711,-4806921.4366,4418.3646,3324.7624,5343.5271,0.0,0.0765,3.9732,0.0,0.0,1.0,0.0,1.0,0.0,0.0,1.172,-23.972,0.0,1.0,0.0,0.0,0.0,-1.0,3.6808599538694757,0.022847319317591725,-0.37104,3.57879814481794,13.084872584413768,,
178.2692,74.206,1.014,3.539,70.233,1.081,3.561,-0.007,-0.021,0.009,-0.007,-0.02,0.006,-8.1,0.163,-0.137,1.783,-0.008,0.003,0.0,-0.0,0.031,845.719,-0.0,0.0,-0.0,0.0,0.0,0.839,0.0,0.0,-0.5711,0.7892,-0.2258,0.8192,0.5655,-0.0954,0.0524,-0.2394,-0.9695,0.676,0.226,-0.7014,-0.7316,0.0917,-0.6755,-0.0884,0.9698,0.2273,0.0001,-0.0001,0.0311,0.0,0.0,0.0,-0.0113,-0.0201,-0.0022,36.9566,21.1999,67.1082,0.0,0.0434,-0.3653,0.0,0.0,0.0,3176101.1292,3494493.2906,-4805775.2724,4417.5177,3323.8229,5344.7896,3176064.1726,3494472.0907,-4805842.3806,4417.529,3323.843,5344.7918,0.0,0.0765,3.9732,0.0,0.0,1.0,0.0,1.0,0.0,0.0,1.172,-23.972,0.0,1.0,0.0,0.0,0.0,-1.0,3.68140149942926,0.022847319317591725,-0.37103,3.572929700857164,13.084519930452352,,
178.4708,74.205,1.01,3.541,70.232,1.076,3.562,-0.007,-0.021,0.009,-0.007,-0.02,0.006,-7.739,0.162,-0.136,1.783,-0.008,0.003,0.0,-0.0,0.031,845.719,-0.0,0.0,-0.0,0.0,0.0,0.839,0.0,0.0,-0.5761,0.7856,-0.2258,0.8156,0.5707,-0.0953,0.054,-0.2391,-0.9695,0.676,0.226,-0.7014,-0.7316,0.0917,-0.6755,-0.0884,0.9698,0.2273,0.0001,-0.0001,0.0311,0.0,0.0,0.0,-0.0113,-0.0201,-0.0023,36.9545,21.1956,67.1077,0.0,0.0434,-0.3653,0.0,0.0,0.0,3176995.9566,3495166.5453,-4804692.3842,4416.679,3322.9002,5346.0583,3176959.0021,3495145.3497,-4804759.4919,4416.6903,3322.9203,5346.0605,0.0,0.0765,3.9732,0.0,0.0,1.0,0.0,1.0,0.0,0.0,1.172,-23.972,0.0,1.0,0.0,0.0,0.0,-1.0,3.6822250067045057,0.022847319317591725,-0.371025,3.551960808984642,13.084343603471643,,
178.6762,74.204,1.006,3.542,70.23,1.072,3.563,-0.007,-0.021,0.009,-0.007,-0.02,0.006,-7.368,0.161,-0.134,1.844,-0.008,0.003,0.0,-0.0,0.032,845.703,-0.0,0.0,-0.0,0.0,0.0,1.0,0.0,0.0,-0.5811,0.7819,-0.2258,0.8119,0.576,-0.0953,0.0555,-0.2387,-0.9695,0.676,0.226,-0.7014,-0.7316,0.0917,-0.6755,-0.0884,0.9698,0.2273,0.0001,-0.0001,0.0322,0.0,0.0,0.0,-0.0113,-0.0201,-0.0023,36.9523,21.1913,67.1072,0.0,0.0434,-0.3653,0.0,0.0,0.0,3177903.4041,3495849.2348,-4803593.7516,4415.8281,3321.9641,5347.3448,3177866.4518,3495828.0435,-4803660.8588,4415.8395,3321.9842,5347.347,0.0,0.0765,3.9732,0.0,0.0,1.0,0.0,1.0,0.0,0.0,1.172,-23.972,0.0,1.0,0.0,0.0,0.0,-1.0,3.682091796791601,0.022847319317591725,-0.37101999999999996,3.550960021338208,13.084167276490934,,
178.8794,74.202,1.001,3.544,70.229,1.068,3.564,-0.007,-0.021,0.009,-0.007,-0.02,0.006,-6.986,0.16,-0.132,1.913,-0.008,0.003,0.0,-0.0,0.033,845.686,-0.0,0.0,-0.0,0.0,0.0,1.0,0.0,0.0,-0.5863,0.778,-0.2258,0.8081,0.5814,-0.0953,0.0571,-0.2383,-0.9695,0.676,0.226,-0.7014,-0.7316,0.0917,-0.6755,-0.0884,0.9698,0.2273,0.0001,-0.0001,0.0334,0.0,0.0,0.0,-0.0113,-0.0201,-0.0023,36.9502,21.187,67.1067,0.0,0.0434,-0.3653,0.0,0.0,0.0,3178799.9989,3496523.7003,-4802507.7873,4414.987,3321.0389,5348.6159,3178763.0488,3496502.5133,-4802574.8941,4414.9984,3321.059,5348.6181,0.0,0.0765,3.9732,0.0,0.0,1.0,0.0,1.0,0.0,0.0,1.172,-23.972,0.0,1.0,0.0,0.0,0.0,-1.0,3.6826535270101095,0.022847319317591725,-0.37101,3.545106810162971,13.083814622529518,,
179.082,74.201,0.997,3.546,70.228,1.064,3.566,-0.007,-0.021,0.009,-0.007,-0.02,0.006,-6.591,0.159,-0.131,1.975,-0.009,0.003,0.0,-0.0,0.034,845.668,-0.0,0.0,-0.0,0.0,0.0,0.591,0.0,0.0,-0.5917,0.7739,-0.2258,0.804,0.5869,-0.0952,0.0588,-0.2379,-0.9695,0.676,0.226,-0.7014,-0.7316,0.0917,-0.6755,-0.0884,0.9698,0.2273,0.0001,-0.0001,0.0345,0.0,0.0,0.0,-0.0114,-0.0202,-0.0023,36.9481,21.1827,67.1062,0.0,0.0434,-0.3653,0.0,0.0,0.0,3179695.1968,3497197.0553,-4801423.0536,4414.1468,3320.1147,5349.8849,3179658.2488,3497175.8726,-4801490.1599,4414.1582,3320.1349,5349.8872,0.0,0.0765,3.9732,0.0,0.0,1.0,0.0,1.0,0.0,0.0,1.172,-23.972,0.0,1.0,0.0,0.0,0.0,-1.0,3.683493586257481,0.022847319317591725,-0.371005,3.5449110920486335,13.083638295548809,,
179.2829,74.2,0.993,3.548,70.226,1.06,3.567,-0.007,-0.021,0.009,-0.007,-0.02,0.006,-6.2,0.158,-0.129,1.906,-0.008,0.003,0.0,-0.0,0.033,845.653,-0.0,0.0,-0.0,0.0,0.0,0.0,0.0,0.0,-0.5969,0.7699,-0.2258,0.8,0.5924,-0.0952,0.0604,-0.2374,-0.9695,0.676,0.226,-0.7014,-0.7316,0.0917,-0.6755,-0.0884,0.9698,0.2273,0.0001,-0.0001,0.0333,0.0,0.0,0.0,-0.0114,-0.0202,-0.0023,36.946,21.1784,67.1058,0.0,0.0434,-0.3653,0.0,0.0,0.0,3180584.3947,3497865.8385,-4800345.1306,4413.3118,3319.1964,5351.1454,3180547.4487,3497844.6602,-4800412.2364,4413.3232,3319.2166,5351.1477,0.0,0.0765,3.9732,0.0,0.0,1.0,0.0,1.0,0.0,0.0,1.172,-23.972,0.0,1.0,0.0,0.0,0.0,-1.0,3.6843388823505365,0.022847319317591725,-0.371,3.5314652948175023,13.083461968568102,,
179.4905,74.198,0.989,3.549,70.225,1.056,3.568,-0.007,-0.021,0.009,-0.007,-0.02,0.006,-5.816,0.158,-0.127,1.826,-0.008,0.003,0.0,-0.0,0.032,845.635,-0.0,0.0,-0.0,0.0,0.0,0.0,0.0,0.0,-0.6021,0.7659,-0.2257,0.796,0.5977,-0.0952,0.062,-0.237,-0.9695,0.676,0.226,-0.7014,-0.7316,0.0917,-0.6755,-0.0884,0.9698,0.2273,0.0001,-0.0001,0.0319,0.0,0.0,0.0,-0.0114,-0.0202,-0.0023,36.9438,21.174,67.1053,0.0,0.0434,-0.3653,0.0,0.0,0.0,3181493.1412,3498549.2644,-4799243.0359,4412.4581,3318.2575,5352.4336,3181456.1974,3498528.0904,-4799310.1412,4412.4695,3318.2777,5352.4359,0.0,0.0765,3.9732,0.0,0.0,1.0,0.0,1.0,0.0,0.0,1.172,-23.972,0.0,1.0,0.0,0.0,0.0,-1.0,3.684226105982096,0.022847319317591725,-0.37099,3.530782563676813,13.083109314606682,,
179.693,74.197,0.984,3.551,70.224,1.052,3.569,-0.007,-0.021,0.009,-0.007,-0.02,0.006,-5.452,0.157,-0.126,1.75,-0.008,0.003,0.0,-0.0,0.031,845.618,-0.0,0.0,-0.0,0.0,0.0,0.0,0.0,0.0,-0.6069,0.762,-0.2257,0.7922,0.6028,-0.0952,0.0636,-0.2366,-0.9695,0.676,0.226,-0.7014,-0.7316,0.0917,-0.6755,-0.0884,0.9698,0.2273,0.0001,-0.0001,0.0305,0.0,0.0,0.0,-0.0114,-0.0202,-0.0023,36.9417,21.1697,67.1048,0.0,0.0434,-0.3653,0.0,0.0,0.0,3182389.9284,3499223.6361,-4798154.9773,4411.6152,3317.3307,5353.7048,3182352.9867,3499202.4664,-4798222.0821,4411.6266,3317.3509,5353.7071,0.0,0.0765,3.9732,0.0,0.0,1.0,0.0,1.0,0.0,0.0,1.172,-23.972,0.0,1.0,0.0,0.0,0.0,-1.0,3.684814377957186,0.022847319317591725,-0.370985,3.5248102379688904,13.082932987625977,,
179.8981,74.196,0.98,3.553,70.222,1.047,3.571,-0.007,-0.021,0.009,-0.007,-0.02,0.006,-5.1,0.156,-0.124,1.673,-0.008,0.004,0.0,-0.0,0.029,845.601,-0.0,0.0,-0.0,0.0,0.0,0.0,0.0,0.0,-0.6116,0.7583,-0.2257,0.7885,0.6076,-0.0951,0.065,-0.2362,-0.9695,0.676,0.226,-0.7014,-0.7316,0.0917,-0.6755,-0.0884,0.9698,0.2273,0.0001,-0.0001,0.0292,0.0,0.0,0.0,-0.0114,-0.0202,-0.0023,36.9395,21.1653,67.1043,0.0,0.0434,-0.3653,0.0,0.0,0.0,3183299.1162,3499907.2724,-4797051.3951,4410.7602,3316.3907,5354.9935,3183262.1768,3499886.107,-4797118.4994,4410.7717,3316.4109,5354.9958,0.0,0.0765,3.9732,0.0,0.0,1.0,0.0,1.0,0.0,0.0,1.172,-23.972,0.0,1.0,0.0,0.0,0.0,-1.0,3.685676193047892,0.022847319317591725,-0.37098,3.5167508406085557,13.082756660645266,,
180.1011,74.194,0.976,3.555,70.221,1.043,3.572,-0.007,-0.021,0.008,-0.007,-0.02,0.006,-4.768,0.155,-0.123,1.595,-0.007,0.004,0.0,-0.0,0.028,845.584,-0.0,0.0,-0.0,0.0,0.0,0.0,0.0,0.0,-0.616,0.7547,-0.2257,0.785,0.6122,-0.0951,0.0664,-0.2358,-0.9695,0.676,0.226,-0.7014,-0.7316,0.0917,-0.6755,-0.0884,0.9698,0.2273,0.0001,-0.0001,0.0278,0.0,0.0,0.0,-0.0114,-0.0202,-0.0023,36.9373,21.161,67.1038,0.0,0.0434,-0.3653,0.0,0.0,0.0,3184192.9564,3500579.3084,-4795965.9766,4409.9193,3315.4661,5356.2604,3184156.0191,3500558.1474,-4796033.0804,4409.9308,3315.4863,5356.2627,0.0,0.0765,3.9732,0.0,0.0,1.0,0.0,1.0,0.0,0.0,1.172,-23.972,0.0,1.0,0.0,0.0,0.0,-1.0,3.6865432318094413,0.022472205054244233,-0.37097,3.503630013974193,13.08240400668385,,
180.3062,74.193,0.971,3.556,70.219,1.039,3.573,-0.007,-0.021,0.008,-0.007,-0.02,0.006,-4.449,0.154,-0.121,1.523,-0.007,0.004,0.0,-0.0,0.027,845.568,-0.0,0.0,-0.0,0.0,0.0,0.0,0.0,0.0,-0.6202,0.7513,-0.2257,0.7815,0.6166,-0.0951,0.0677,-0.2354,-0.9695,0.676,0.226,-0.7014,-0.7316,0.0917,-0.6755,-0.0884,0.9698,0.2273,0.0001,-0.0001,0.0266,0.0,0.0,0.0,-0.0115,-0.0202,-0.0023,36.9351,21.1567,67.1033,0.0,0.0434,-0.3652,0.0,0.0,0.0,3185095.8936,3501258.1242,-4794869.038,4409.0694,3314.5318,5357.5402,3185058.9585,3501236.9675,-4794936.1413,4409.0809,3314.5521,5357.5425,0.0,0.0765,3.9732,0.0,0.0,1.0,0.0,1.0,0.0,0.0,1.172,-23.972,0.0,1.0,0.0,0.0,0.0,-1.0,3.6861873256794753,0.022472205054244233,-0.370965,3.5099399969243605,13.082227679703141,,
180.5088,74.191,0.967,3.558,70.218,1.035,3.574,-0.007,-0.021,0.008,-0.007,-0.021,0.006,-4.151,0.154,-0.119,1.441,-0.007,0.004,0.0,-0.0,0.025,845.55,-0.0,0.0,-0.0,0.0,0.0,0.0,0.0,0.0,-0.6241,0.7481,-0.2257,0.7783,0.6206,-0.095,0.069,-0.235,-0.9696,0.676,0.226,-0.7014,-0.7316,0.0917,-0.6755,-0.0884,0.9698,0.2273,0.0001,-0.0001,0.0251,0.0,0.0,0.0,-0.0115,-0.0203,-0.0023,36.933,21.1525,67.1028,0.0,0.0434,-0.3652,0.0,0.0,0.0,3185985.0936,3501926.5534,-4793788.3264,4408.2321,3313.6114,5358.8004,3185948.1606,3501905.401,-4793855.4292,4408.2435,3313.6316,5358.8028,0.0,0.0765,3.9732,0.0,0.0,1.0,0.0,1.0,0.0,0.0,1.172,-23.972,0.0,1.0,0.0,0.0,0.0,-1.0,3.6870656354342266,0.022472205054244233,-0.37095500000000003,3.496834904621329,13.081875025741725,,
180.7142,74.19,0.963,3.56,70.217,1.031,3.576,-0.007,-0.021,0.008,-0.007,-0.021,0.006,-3.86,0.153,-0.118,1.366,-0.007,0.004,0.0,-0.0,0.024,845.533,-0.0,0.0,-0.0,0.0,0.0,0.0,0.0,0.0,-0.6279,0.7449,-0.2257,0.7752,0.6246,-0.095,0.0702,-0.2346,-0.9696,0.676,0.226,-0.7014,-0.7316,0.0917,-0.6755,-0.0884,0.9698,0.2273,0.0001,-0.0001,0.0238,0.0,0.0,0.0,-0.0115,-0.0203,-0.0023,36.9307,21.1481,67.1023,0.0,0.0434,-0.3652,0.0,0.0,0.0,3186898.1568,3502612.86,-4792678.1331,4407.3718,3312.6659,5360.0945,3186861.2261,3502591.7119,-4792745.2354,4407.3833,3312.6862,5360.0968,0.0,0.0765,3.9732,0.0,0.0,1.0,0.0,1.0,0.0,0.0,1.172,-23.972,0.0,1.0,0.0,0.0,0.0,-1.0,3.687949159085575,0.022472205054244233,-0.37095,3.4966236405934836,13.081698698761016,,
180.9149,74.189,0.958,3.561,70.215,1.027,3.577,-0.007,-0.021,0.008,-0.007,-0.021,0.006,-3.594,0.152,-0.116,1.291,-0.007,0.005,0.0,-0.0,0.023,845.517,-0.0,0.0,-0.0,0.0,0.0,0.0,0.0,0.0,-0.6313,0.742,-0.2257,0.7723,0.6282,-0.095,0.0713,-0.2342,-0.9696,0.676,0.226,-0.7014,-0.7316,0.0917,-0.6755,-0.0884,0.9698,0.2273,0.0001,-0.0001,0.0225,0.0,0.0,0.0,-0.0115,-0.0203,-0.0023,36.9285,21.1439,67.1019,0.0,0.0434,-0.3652,0.0,0.0,0.0,3187780.1078,3503275.7223,-4791605.3085,4406.5405,3311.7523,5361.3443,3187743.1794,3503254.5784,-4791672.4104,4406.552,3311.7725,5361.3467,0.0,0.0765,3.9732,0.0,0.0,1.0,0.0,1.0,0.0,0.0,1.172,-23.972,0.0,1.0,0.0,0.0,0.0,-1.0,3.6876123711691826,0.022472205054244233,-0.37094499999999997,3.5029610346507765,13.081522371780308,,
181.1213,74.187,0.954,3.563,70.214,1.022,3.578,-0.007,-0.021,0.008,-0.007,-0.021,0.006,-3.335,0.151,-0.114,1.215,-0.006,0.005,0.0,-0.0,0.021,845.5,-0.0,0.0,-0.0,0.0,0.0,0.0,0.0,0.0,-0.6346,0.7391,-0.2257,0.7694,0.6317,-0.0949,0.0724,-0.2339,-0.9696,0.676,0.226,-0.7014,-0.7316,0.0917,-0.6755,-0.0884,0.9698,0.2273,0.0001,-0.0001,0.0212,0.0,0.0,0.0,-0.0115,-0.0203,-0.0023,36.9263,21.1396,67.1014,0.0,0.0434,-0.3652,0.0,0.0,0.0,3188689.9936,3503959.5192,-4790498.0303,4405.6824,3310.8093,5362.6338,3188653.0674,3503938.3796,-4790565.1317,4405.694,3310.8296,5362.6361,0.0,0.0765,3.9732,0.0,0.0,1.0,0.0,1.0,0.0,0.0,1.172,-23.972,0.0,1.0,0.0,0.0,0.0,-1.0,3.6885071505962954,0.022472205054244233,-0.370935,3.48210375582179,13.081169717818891,,
181.3272,74.186,0.95,3.565,70.213,1.018,3.579,-0.007,-0.021,0.008,-0.007,-0.021,0.006,-3.094,0.15,-0.113,1.142,-0.006,0.005,0.0,-0.0,0.02,845.484,-0.0,0.0,-0.0,0.0,0.0,0.0,0.0,0.0,-0.6377,0.7365,-0.2256,0.7667,0.6349,-0.0949,0.0734,-0.2335,-0.9696,0.676,0.226,-0.7014,-0.7316,0.0917,-0.6755,-0.0884,0.9698,0.2273,0.0001,-0.0001,0.0199,0.0,0.0,0.0,-0.0115,-0.0203,-0.0023,36.924,21.1353,67.1009,0.0,0.0434,-0.3652,0.0,0.0,0.0,3189592.9216,3504638.0265,-4789398.7419,4404.8305,3309.8732,5363.9133,3189555.9976,3504616.8912,-4789465.8427,4404.8421,3309.8935,5363.9156,0.0,0.0765,3.9732,0.0,0.0,1.0,0.0,1.0,0.0,0.0,1.172,-23.972,0.0,1.0,0.0,0.0,0.0,-1.0,3.6894071339444228,0.022472205054244233,-0.37093000000000004,3.4688213813534454,13.080993390838184,,
181.5329,74.185,0.945,3.566,70.211,1.014,3.581,-0.007,-0.021,0.008,-0.007,-0.021,0.006,-2.866,0.149,-0.111,1.064,-0.006,0.005,0.0,-0.0,0.019,845.467,-0.0,0.0,-0.0,0.0,0.0,0.0,0.0,0.0,-0.6407,0.7339,-0.2256,0.7642,0.6379,-0.0949,0.0743,-0.2332,-0.9696,0.676,0.226,-0.7014,-0.7316,0.0917,-0.6755,-0.0884,0.9698,0.2273,0.0001,-0.0001,0.0186,0.0,0.0,0.0,-0.0116,-0.0203,-0.0024,36.9218,21.131,67.1004,0.0,0.0434,-0.3652,0.0,0.0,0.0,3190504.3239,3505322.8403,-4788288.6544,4403.9702,3308.928,5365.2048,3190467.4022,3505301.7094,-4788355.7547,4403.9818,3308.9483,5365.2071,0.0,0.0765,3.9732,0.0,0.0,1.0,0.0,1.0,0.0,0.0,1.172,-23.972,0.0,1.0,0.0,0.0,0.0,-1.0,3.689089454052314,0.022472205054244233,-0.370925,3.4882280625410984,13.080817063857475,,
181.7388,74.183,0.941,3.568,70.21,1.01,3.582,-0.007,-0.021,0.008,-0.007,-0.021,0.006,-2.655,0.149,-0.109,0.985,-0.006,0.006,0.0,-0.0,0.017,845.45,-0.0,0.0,-0.0,0.0,0.0,0.0,0.0,0.0,-0.6434,0.7316,-0.2256,0.7619,0.6408,-0.0949,0.0752,-0.2329,-0.9696,0.676,0.226,-0.7014,-0.7316,0.0917,-0.6755,-0.0884,0.9698,0.2273,0.0001,-0.0001,0.0172,0.0,0.0,0.0,-0.0116,-0.0203,-0.0024,36.9195,21.1267,67.0999,0.0,0.0434,-0.3652,0.0,0.0,0.0,3191409.1259,3506002.6335,-4787186.1278,4403.1157,3307.9892,5366.4869,3191372.2064,3505981.5068,-4787253.2277,4403.1273,3308.0095,5366.4892,0.0,0.0765,3.9732,0.0,0.0,1.0,0.0,1.0,0.0,0.0,1.172,-23.972,0.0,1.0,0.0,0.0,0.0,-1.0,3.690000677506713,0.022472205054244233,-0.37091500000000005,3.475127481067649,13.080464409896058,,
181.9446,74.182,0.936,3.57,70.208,1.005,3.583,-0.007,-0.021,0.008,-0.007,-0.021,0.006,-2.461,0.148,-0.108,0.905,-0.006,0.006,0.0,-0.0,0.016,845.432,-0.0,0.0,-0.0,0.0,0.0,0.0,0.0,0.0,-0.6458,0.7294,-0.2256,0.7597,0.6433,-0.0948,0.076,-0.2326,-0.9696,0.676,0.226,-0.7014,-0.7316,0.0917,-0.6755,-0.0884,0.9698,0.2273,0.0001,-0.0001,0.0158,0.0,0.0,0.0,-0.0116,-0.0203,-0.0024,36.9172,21.1224,67.0993,0.0,0.0434,-0.3652,0.0,0.0,0.0,3192315.0007,3506683.1717,-4786081.8153,4402.2598,3307.049,5367.7704,3192278.0835,3506662.0493,-4786148.9146,4402.2714,3307.0693,5367.7728,0.0,0.0765,3.9732,0.0,0.0,1.0,0.0,1.0,0.0,0.0,1.172,-23.972,0.0,1.0,0.0,0.0,0.0,-1.0,3.690663355008148,0.022472205054244233,-0.37091,3.4613281301488796,13.080288082915349,,
182.1494,74.18,0.932,3.571,70.207,1.001,3.585,-0.007,-0.021,0.008,-0.007,-0.021,0.006,-2.284,0.147,-0.106,0.826,-0.006,0.006,0.0,-0.0,0.014,845.414,-0.0,0.0,-0.0,0.0,0.0,0.0,0.0,0.0,-0.6481,0.7274,-0.2256,0.7577,0.6457,-0.0948,0.0767,-0.2324,-0.9696,0.676,0.226,-0.7014,-0.7316,0.0917,-0.6755,-0.0884,0.9698,0.2273,0.0001,-0.0001,0.0144,0.0,0.0,0.0,-0.0116,-0.0204,-0.0024,36.9149,21.1181,67.0989,0.0,0.0434,-0.3652,0.0,0.0,0.0,3193215.3173,3507359.4733,-4784983.8058,4401.4087,3306.1141,5369.0461,3193178.4024,3507338.3552,-4785050.9047,4401.4204,3306.1345,5369.0484,0.0,0.0765,3.9732,0.0,0.0,1.0,0.0,1.0,0.0,0.0,1.172,-23.972,0.0,1.0,0.0,0.0,0.0,-1.0,3.690618511848658,0.022472205054244233,-0.3709,3.473668580485899,13.079935428953933,,
182.351,74.179,0.928,3.573,70.206,0.997,3.586,-0.007,-0.021,0.008,-0.007,-0.021,0.007,-2.124,0.146,-0.104,0.753,-0.005,0.006,0.0,-0.0,0.013,845.398,-0.0,0.0,-0.0,0.0,0.0,0.0,0.0,0.0,-0.6501,0.7256,-0.2256,0.7559,0.6478,-0.0948,0.0774,-0.2321,-0.9696,0.676,0.226,-0.7014,-0.7316,0.0917,-0.6755,-0.0884,0.9698,0.2273,0.0001,-0.0001,0.0131,0.0,0.0,0.0,-0.0116,-0.0204,-0.0024,36.9127,21.114,67.0984,0.0,0.0434,-0.3652,0.0,0.0,0.0,3194102.6164,3508025.9376,-4783901.2076,4400.5696,3305.1925,5370.3032,3194065.7037,3508004.8236,-4783968.3059,4400.5812,3305.2128,5370.3056,0.0,0.0765,3.9732,0.0,0.0,1.0,0.0,1.0,0.0,0.0,1.172,-23.972,0.0,1.0,0.0,0.0,0.0,-1.0,3.691546153036692,0.022472205054244233,-0.37089500000000003,3.460389574262854,13.079759101973224,,
182.5517,74.178,0.923,3.574,70.204,0.993,3.587,-0.007,-0.021,0.008,-0.007,-0.021,0.007,-1.98,0.145,-0.103,0.68,-0.005,0.006,0.0,-0.0,0.012,845.382,-0.0,0.0,-0.0,0.0,0.0,0.0,0.0,0.0,-0.6519,0.724,-0.2256,0.7543,0.6497,-0.0947,0.078,-0.2319,-0.9696,0.676,0.226,-0.7014,-0.7316,0.0917,-0.6755,-0.0884,0.9698,0.2273,0.0001,-0.0001,0.0119,0.0,0.0,0.0,-0.0116,-0.0204,-0.0024,36.9104,21.1098,67.0979,0.0,0.0433,-0.3652,0.0,0.0,0.0,3194986.9233,3508690.0963,-4782821.8,4399.7329,3304.2735,5371.5561,3194950.0129,3508668.9865,-4782888.8979,4399.7445,3304.2939,5371.5585,0.0,0.0765,3.9732,0.0,0.0,1.0,0.0,1.0,0.0,0.0,1.172,-23.972,0.0,1.0,0.0,0.0,0.0,-1.0,3.6912606247730597,0.022472205054244233,-0.37089,3.466754272200347,13.079582774992515,,
182.7551,74.176,0.919,3.576,70.203,0.989,3.588,-0.007,-0.021,0.008,-0.007,-0.021,0.007,-1.85,0.144,-0.101,0.605,-0.005,0.007,0.0,-0.0,0.011,845.366,-0.0,0.0,-0.0,0.0,0.0,0.0,0.0,0.0,-0.6536,0.7225,-0.2256,0.7528,0.6514,-0.0947,0.0785,-0.2317,-0.9696,0.676,0.226,-0.7014,-0.7316,0.0917,-0.6755,-0.0884,0.9698,0.2273,0.0001,-0.0001,0.0106,0.0,0.0,0.0,-0.0117,-0.0204,-0.0024,36.9081,21.1056,67.0974,0.0,0.0433,-0.3652,0.0,0.0,0.0,3195879.2084,3509360.1875,-4781732.1929,4398.8882,3303.346,5372.8202,3195842.3003,3509339.0819,-4781799.2903,4398.8999,3303.3664,5372.8226,0.0,0.0765,3.9732,0.0,0.0,1.0,0.0,1.0,0.0,0.0,1.172,-23.972,0.0,1.0,0.0,0.0,0.0,-1.0,3.6921994799847964,0.022472205054244233,-0.37088,3.4536629639686356,13.079230121031099,,
182.9614,74.175,0.915,3.578,70.202,0.984,3.59,-0.007,-0.021,0.008,-0.007,-0.021,0.007,-1.733,0.144,-0.099,0.531,-0.005,0.005,0.0,-0.0,0.009,845.348,-0.0,0.0,-0.0,0.0,0.0,0.0,0.0,0.0,-0.655,0.7212,-0.2256,0.7515,0.6529,-0.0947,0.079,-0.2315,-0.9696,0.676,0.226,-0.7014,-0.7316,0.0917,-0.6755,-0.0884,0.9698,0.2273,0.0001,-0.0001,0.0093,0.0,0.0,0.0,-0.0117,-0.0204,-0.0024,36.9057,21.1013,67.0969,0.0,0.0433,-0.3652,0.0,0.0,0.0,3196783.7566,3510039.4271,-4780627.137,4398.0315,3302.4053,5374.1017,3196746.8509,3510018.3258,-4780694.2338,4398.0432,3302.4257,5374.1041,0.0,0.0765,3.9732,0.0,0.0,1.0,0.0,1.0,0.0,0.0,1.172,-23.972,0.0,1.0,0.0,0.0,0.0,-1.0,3.6931435119691733,0.022472205054244233,-0.370875,3.445653800747107,13.07905379405039,,
183.1658,74.173,0.91,3.579,70.2,0.98,3.591,-0.007,-0.021,0.008,-0.007,-0.021,0.007,-1.632,0.143,-0.098,0.455,-0.005,0.006,0.0,-0.0,0.008,845.331,-0.0,0.0,-0.0,0.0,0.0,0.0,0.0,0.0,-0.6563,0.72,-0.2256,0.7503,0.6543,-0.0946,0.0794,-0.2314,-0.9696,0.676,0.226,-0.7014,-0.7316,0.0917,-0.6755,-0.0884,0.9698,0.2273,0.0001,-0.0001,0.0079,0.0,0.0,0.0,-0.0117,-0.0204,-0.0024,36.9034,21.0971,67.0964,0.0,0.0433,-0.3652,0.0,0.0,0.0,3197688.6994,3510718.9022,-4779521.1179,4397.1741,3301.4639,5375.3836,3197651.796,3510697.8051,-4779588.2143,4397.1858,3301.4843,5375.386,0.0,0.0765,3.9732,0.0,0.0,1.0,0.0,1.0,0.0,0.0,1.172,-23.972,0.0,1.0,0.0,0.0,0.0,-1.0,3.6928770626707847,0.022472205054244233,-0.370865,3.452181375279442,13.078701140088972,,
183.368,74.172,0.906,3.581,70.199,0.976,3.593,-0.007,-0.021,0.008,-0.007,-0.021,0.007,-1.548,0.142,-0.097,0.381,-0.005,0.006,0.0,-0.0,0.007,845.315,-0.0,0.0,-0.0,0.0,0.0,0.0,0.0,0.0,-0.6573,0.719,-0.2256,0.7494,0.6554,-0.0946,0.0798,-0.2312,-0.9696,0.676,0.226,-0.7014,-0.7316,0.0917,-0.6755,-0.0884,0.9698,0.2273,0.0001,-0.0001,0.0066,0.0,0.0,0.0,-0.0117,-0.0204,-0.0024,36.9011,21.0929,67.0959,0.0,0.0433,-0.3652,0.0,0.0,0.0,3198571.2762,3511381.5247,-4778441.973,4396.3374,3300.5453,5376.6339,3198534.3751,3511360.4317,-4778509.0688,4396.3491,3300.5658,5376.6363,0.0,0.0765,3.9732,0.0,0.0,1.0,0.0,1.0,0.0,0.0,1.172,-23.972,0.0,1.0,0.0,0.0,0.0,-1.0,3.6938322918075204,0.022472205054244233,-0.37085999999999997,3.4519592290367758,13.078524813108263,,
183.5731,74.171,0.902,3.582,70.197,0.971,3.594,-0.007,-0.021,0.007,-0.007,-0.021,0.007,-1.477,0.141,-0.095,0.305,-0.005,0.006,0.0,-0.0,0.005,845.298,-0.0,0.0,-0.0,0.0,0.0,0.0,0.0,0.0,-0.6582,0.7182,-0.2255,0.7485,0.6563,-0.0946,0.0801,-0.2311,-0.9696,0.676,0.226,-0.7014,-0.7316,0.0917,-0.6755,-0.0884,0.9698,0.2273,0.0001,-0.0001,0.0053,0.0,0.0,0.0,-0.0117,-0.0205,-0.0024,36.8987,21.0887,67.0954,0.0,0.0433,-0.3652,0.0,0.0,0.0,3199480.0008,3512063.7176,-4777330.3794,4395.4755,3299.5992,5377.9211,3199443.1021,3512042.6289,-4777397.4748,4395.4873,3299.6197,5377.9235,0.0,0.0765,3.9732,0.0,0.0,1.0,0.0,1.0,0.0,0.0,1.172,-23.972,0.0,1.0,0.0,0.0,0.0,-1.0,3.69382295190227,0.02213594362117866,-0.37085500000000005,3.4432064370164164,13.078348486127556,,
183.7767,74.169,0.897,3.584,70.196,0.967,3.595,-0.007,-0.021,0.007,-0.007,-0.021,0.007,-1.423,0.14,-0.094,0.23,-0.005,0.006,0.0,-0.0,0.004,845.282,-0.0,0.0,-0.0,0.0,0.0,0.0,0.0,0.0,-0.6589,0.7176,-0.2255,0.7479,0.657,-0.0946,0.0803,-0.231,-0.9696,0.676,0.226,-0.7014,-0.7316,0.0917,-0.6755,-0.0884,0.9698,0.2273,0.0001,-0.0001,0.004,0.0,0.0,0.0,-0.0118,-0.0205,-0.0024,36.8963,21.0845,67.0949,0.0,0.0433,-0.3652,0.0,0.0,0.0,3200372.6076,3512733.7503,-4776238.0313,4394.6285,3298.6695,5379.1855,3200335.7113,3512712.6658,-4776305.1261,4394.6403,3298.69,5379.1879,0.0,0.0765,3.9732,0.0,0.0,1.0,0.0,1.0,0.0,0.0,1.172,-23.972,0.0,1.0,0.0,0.0,0.0,-1.0,3.694545303552252,0.02213594362117866,-0.370845,3.437439717382501,13.077995832166138,,
183.9771,74.168,0.893,3.585,70.195,0.963,3.597,-0.007,-0.021,0.007,-0.007,-0.021,0.007,-1.384,0.139,-0.093,0.157,-0.004,0.006,0.0,-0.0,0.003,845.266,-0.0,0.0,-0.0,0.0,0.0,0.0,0.0,0.0,-0.6594,0.7172,-0.2255,0.7475,0.6575,-0.0945,0.0805,-0.2309,-0.9696,0.676,0.226,-0.7014,-0.7316,0.0917,-0.6755,-0.0884,0.9698,0.2273,0.0001,-0.0001,0.0027,0.0,0.0,0.0,-0.0118,-0.0205,-0.0024,36.894,21.0804,67.0944,0.0,0.0433,-0.3652,0.0,0.0,0.0,3201246.3153,3513389.5389,-4775168.3573,4393.7991,3297.7592,5380.423,3201209.4213,3513368.4584,-4775235.4517,4393.8109,3297.7797,5380.4254,0.0,0.0765,3.9732,0.0,0.0,1.0,0.0,1.0,0.0,0.0,1.172,-23.972,0.0,1.0,0.0,0.0,0.0,-1.0,3.6945465215639115,0.02213594362117866,-0.37084000000000006,3.4496210396457605,13.077819505185431,,
184.1793,74.166,0.889,3.587,70.193,0.959,3.598,-0.007,-0.022,0.007,-0.007,-0.021,0.007,-1.36,0.139,-0.091,0.079,-0.004,0.007,0.0,-0.0,0.001,845.249,-0.0,0.0,-0.0,0.0,0.0,0.0,0.0,0.0,-0.6597,0.7169,-0.2255,0.7472,0.6578,-0.0945,0.0806,-0.2309,-0.9696,0.676,0.226,-0.7014,-0.7316,0.0917,-0.6755,-0.0884,0.9698,0.2273,0.0001,-0.0001,0.0014,0.0,0.0,0.0,-0.0118,-0.0205,-0.0024,36.8917,21.0763,67.0939,0.0,0.0433,-0.3652,0.0,0.0,0.0,3202139.548,3514059.9235,-4774074.3145,4392.9507,3296.8281,5381.6882,3202102.6563,3514038.8473,-4774141.4084,4392.9625,3296.8486,5381.6906,0.0,0.0765,3.9732,0.0,0.0,1.0,0.0,1.0,0.0,0.0,1.172,-23.972,0.0,1.0,0.0,0.0,0.0,-1.0,3.6955229670508074,0.02308679276123039,-0.37083,3.4363755037430024,13.077466851224013,,
184.3828,74.165,0.884,3.588,70.192,0.954,3.6,-0.007,-0.022,0.007,-0.007,-0.021,0.007,-1.352,0.138,-0.09,0.008,-0.004,0.007,0.0,-0.0,0.0,845.233,-0.0,0.0,-0.0,0.0,0.0,0.0,0.0,0.0,-0.6598,0.7168,-0.2255,0.7471,0.6579,-0.0945,0.0807,-0.2308,-0.9696,0.676,0.226,-0.7014,-0.7316,0.0917,-0.6755,-0.0884,0.9698,0.2273,0.0001,-0.0001,0.0001,0.0,0.0,0.0,-0.0118,-0.0205,-0.0025,36.8893,21.0721,67.0934,0.0,0.0433,-0.3652,0.0,0.0,0.0,3203034.6422,3514731.6449,-4772977.5246,4392.1002,3295.8948,5382.9559,3202997.753,3514710.5728,-4773044.6179,4392.112,3295.9153,5382.9584,0.0,0.0765,3.9732,0.0,0.0,1.0,0.0,1.0,0.0,0.0,1.172,-23.972,0.0,1.0,0.0,0.0,0.0,-1.0,3.6952943049234928,0.02308679276123039,-0.370825,3.4481831114792882,13.077290524243306,,
184.5863,74.164,0.88,3.59,70.19,0.95,3.601,-0.007,-0.022,0.007,-0.007,-0.021,0.007,-1.35,0.137,-0.088,0.008,-0.004,0.007,0.0,-0.0,0.0,845.233,-0.0,0.0,-0.0,0.0,0.0,0.0,0.0,0.0,-0.6598,0.7168,-0.2255,0.7471,0.658,-0.0945,0.0807,-0.2308,-0.9697,0.676,0.226,-0.7014,-0.7316,0.0917,-0.6755,-0.0884,0.9698,0.2273,0.0001,-0.0001,0.0001,0.0,0.0,0.0,-0.0118,-0.0205,-0.0025,36.8868,21.0679,67.0929,0.0,0.0433,-0.3652,0.0,0.0,0.0,3203931.6184,3515404.7184,-4771877.955,4391.2475,3294.9591,5384.2263,3203894.7316,3515383.6505,-4771945.0479,4391.2593,3294.9796,5384.2287,0.0,0.0765,3.9732,0.0,0.0,1.0,0.0,1.0,0.0,0.0,1.172,-23.972,0.0,1.0,0.0,0.0,0.0,-1.0,3.696281915655244,0.02308679276123039,-0.37082,3.4347650558545557,13.077114197262597,,
184.789,74.162,0.875,3.591,70.189,0.946,3.602,-0.007,-0.022,0.007,-0.007,-0.021,0.007,-1.348,0.136,-0.087,0.008,-0.004,0.007,0.0,-0.0,0.0,845.233,-0.0,0.0,-0.0,0.0,0.0,0.0,0.0,0.0,-0.6598,0.7168,-0.2255,0.7471,0.658,-0.0944,0.0807,-0.2308,-0.9697,0.676,0.226,-0.7014,-0.7316,0.0917,-0.6755,-0.0884,0.9698,0.2273,0.0001,-0.0001,0.0001,0.0,0.0,0.0,-0.0118,-0.0205,-0.0025,36.8845,21.0638,67.0924,0.0,0.0433,-0.3652,0.0,0.0,0.0,3204819.3045,3516070.7613,-4770789.3072,4390.4032,3294.0328,5385.4834,3204782.42,3516049.6976,-4770856.3995,4390.415,3294.0533,5385.4859,0.0,0.0765,3.9732,0.0,0.0,1.0,0.0,1.0,0.0,0.0,1.172,-23.972,0.0,1.0,0.0,0.0,0.0,-1.0,3.696066287284361,0.02308679276123039,-0.37081000000000003,3.4413978531600677,13.076761543301181,,
184.9896,74.161,0.871,3.593,70.188,0.942,3.604,-0.007,-0.022,0.007,-0.007,-0.021,0.007,-1.347,0.135,-0.086,0.008,-0.004,0.007,0.0,-0.0,0.0,845.233,-0.0,0.0,-0.0,0.0,0.0,0.0,0.0,0.0,-0.6598,0.7168,-0.2255,0.7471,0.658,-0.0944,0.0807,-0.2308,-0.9697,0.676,0.226,-0.7014,-0.7316,0.0917,-0.6755,-0.0884,0.9698,0.2273,0.0001,-0.0001,0.0001,0.0,0.0,0.0,-0.0119,-0.0206,-0.0025,36.8821,21.0597,67.0919,0.0,0.0433,-0.3652,0.0,0.0,0.0,3205698.7103,3516730.533,-4769710.358,4389.5663,3293.1147,5386.7288,3205661.8282,3516709.4734,-4769777.4499,4389.5782,3293.1353,5386.7313,0.0,0.0765,3.9732,0.0,0.0,1.0,0.0,1.0,0.0,0.0,1.172,-23.972,0.0,1.0,0.0,0.0,0.0,-1.0,3.6970650521731425,0.02308679276123039,-0.370805,3.4411830334442906,13.07658521632047,,
185.1952,74.159,0.867,3.594,70.186,0.937,3.605,-0.007,-0.022,0.007,-0.007,-0.021,0.007,-1.345,0.134,-0.084,0.008,-0.004,0.007,0.0,-0.0,0.0,845.233,-0.0,0.0,-0.0,0.0,0.0,0.0,0.0,0.0,-0.6599,0.7168,-0.2255,0.747,0.658,-0.0944,0.0807,-0.2307,-0.9697,0.676,0.226,-0.7014,-0.7316,0.0917,-0.6755,-0.0884,0.9698,0.2273,0.0001,-0.0001,0.0001,0.0,0.0,0.0,-0.0119,-0.0206,-0.0025,36.8797,21.0555,67.0914,0.0,0.0433,-0.3652,0.0,0.0,0.0,3206594.9605,3517402.8819,-4768610.2758,4388.7131,3292.1787,5387.998,3206558.0808,3517381.8265,-4768677.3671,4388.725,3292.1993,5388.0005,0.0,0.0765,3.9732,0.0,0.0,1.0,0.0,1.0,0.0,0.0,1.172,-23.972,0.0,1.0,0.0,0.0,0.0,-1.0,3.697096834003675,0.02308679276123039,-0.37079500000000004,3.432629618187359,13.076232562359055,,
185.3969,74.158,0.862,3.595,70.185,0.933,3.607,-0.007,-0.022,0.007,-0.007,-0.021,0.007,-1.344,0.134,-0.083,0.008,-0.004,0.007,0.0,-0.0,0.0,845.233,-0.0,0.0,-0.0,0.0,0.0,0.0,0.0,0.0,-0.6599,0.7167,-0.2255,0.747,0.6581,-0.0944,0.0808,-0.2307,-0.9697,0.676,0.226,-0.7014,-0.7316,0.0917,-0.6755,-0.0884,0.9698,0.2273,0.0001,-0.0001,0.0001,0.0,0.0,0.0,-0.0119,-0.0206,-0.0025,36.8773,21.0513,67.0909,0.0,0.0433,-0.3652,0.0,0.0,0.0,3207476.754,3518064.3274,-4767527.473,4387.8732,3291.2575,5389.2467,3207439.8767,3518043.276,-4767594.5638,4387.8851,3291.2781,5389.2492,0.0,0.0765,3.9732,0.0,0.0,1.0,0.0,1.0,0.0,0.0,1.172,-23.972,0.0,1.0,0.0,0.0,0.0,-1.0,3.696899917498444,0.02308679276123039,-0.37079,3.4521642688427034,13.076056235378346,,
185.6034,74.157,0.858,3.597,70.183,0.929,3.608,-0.007,-0.022,0.007,-0.007,-0.021,0.007,-1.342,0.133,-0.082,0.008,-0.004,0.007,0.0,-0.0,0.0,845.233,-0.0,0.0,-0.0,0.0,0.0,0.0,0.0,0.0,-0.6599,0.7167,-0.2255,0.747,0.6581,-0.0943,0.0808,-0.2307,-0.9697,0.676,0.226,-0.7014,-0.7316,0.0917,-0.6755,-0.0884,0.9698,0.2273,0.0001,-0.0001,0.0001,0.0,0.0,0.0,-0.0119,-0.0206,-0.0025,36.8748,21.0471,67.0903,0.0,0.0433,-0.3652,0.0,0.0,0.0,3208391.3734,3518750.3338,-4766403.8791,4387.0017,3290.3016,5390.5418,3208354.4986,3518729.2868,-4766470.9694,4387.0136,3290.3222,5390.5443,0.0,0.0765,3.9732,0.0,0.0,1.0,0.0,1.0,0.0,0.0,1.172,-23.972,0.0,1.0,0.0,0.0,0.0,-1.0,3.697914682628576,0.02308679276123039,-0.370785,3.4387389660815133,13.075879908397637,,
185.8037,74.155,0.853,3.598,70.182,0.924,3.609,-0.007,-0.022,0.007,-0.007,-0.021,0.007,-1.34,0.132,-0.08,0.008,-0.004,0.007,0.0,-0.0,0.0,845.233,-0.0,0.0,-0.0,0.0,0.0,0.0,0.0,0.0,-0.6599,0.7167,-0.2255,0.747,0.6581,-0.0943,0.0808,-0.2307,-0.9697,0.676,0.226,-0.7014,-0.7316,0.0917,-0.6755,-0.0884,0.9698,0.2273,0.0001,-0.0001,0.0001,0.0,0.0,0.0,-0.0119,-0.0206,-0.0025,36.8724,21.0429,67.0898,0.0,0.0433,-0.3652,0.0,0.0,0.0,3209268.9738,3519408.5152,-4765325.2974,4386.165,3289.384,5391.7845,3209232.1014,3519387.4723,-4765392.3873,4386.1769,3289.4046,5391.787,0.0,0.0765,3.9732,0.0,0.0,1.0,0.0,1.0,0.0,0.0,1.172,-23.972,0.0,1.0,0.0,0.0,0.0,-1.0,3.6977307906336283,0.02308679276123039,-0.370775,3.437640741243661,13.07552725443622,,
186.0099,74.154,0.849,3.6,70.18,0.92,3.611,-0.007,-0.022,0.007,-0.007,-0.021,0.007,-1.339,0.131,-0.079,0.008,-0.004,0.007,0.0,-0.0,0.0,845.233,-0.0,0.0,-0.0,0.0,0.0,0.0,0.0,0.0,-0.6599,0.7167,-0.2255,0.747,0.6581,-0.0943,0.0808,-0.2306,-0.9697,0.676,0.226,-0.7014,-0.7316,0.0917,-0.6755,-0.0884,0.9698,0.2273,0.0001,-0.0001,0.0001,0.0,0.0,0.0,-0.0119,-0.0206,-0.0025,36.87,21.0387,67.0893,0.0,0.0433,-0.3652,0.0,0.0,0.0,3210164.2824,3520079.9172,-4764224.4864,4385.311,3288.4476,5393.0522,3210127.4124,3520058.8784,-4764291.5757,4385.323,3288.4682,5393.0547,0.0,0.0765,3.9732,0.0,0.0,1.0,0.0,1.0,0.0,0.0,1.172,-23.972,0.0,1.0,0.0,0.0,0.0,-1.0,3.6987566829949765,0.02308679276123039,-0.37077,3.4373166413904683,13.075350927455512,,
186.211,74.152,0.845,3.601,70.179,0.916,3.612,-0.007,-0.022,0.007,-0.007,-0.021,0.007,-1.337,0.13,-0.078,0.008,-0.004,0.007,0.0,-0.0,0.0,845.233,-0.0,0.0,-0.0,0.0,0.0,0.0,0.0,0.0,-0.6599,0.7167,-0.2255,0.747,0.6582,-0.0942,0.0808,-0.2306,-0.9697,0.676,0.226,-0.7014,-0.7316,0.0917,-0.6755,-0.0884,0.9698,0.2273,0.0001,-0.0001,0.0001,0.0,0.0,0.0,-0.012,-0.0206,-0.0025,36.8676,21.0346,67.0888,0.0,0.0433,-0.3652,0.0,0.0,0.0,3211054.1065,3520747.1467,-4763129.9475,4384.4619,3287.5165,5394.3121,3211017.2389,3520726.1121,-4763197.0363,4384.4739,3287.5371,5394.3146,0.0,0.0765,3.9732,0.0,0.0,1.0,0.0,1.0,0.0,0.0,1.172,-23.972,0.0,1.0,0.0,0.0,0.0,-1.0,3.6988141342868257,0.02308679276123039,-0.37076,3.436618049126068,13.074998273494096,,
186.4135,74.151,0.84,3.603,70.178,0.911,3.614,-0.007,-0.022,0.007,-0.007,-0.021,0.007,-1.335,0.129,-0.076,0.008,-0.004,0.007,0.0,-0.0,0.0,845.233,-0.0,0.0,-0.0,0.0,0.0,0.0,0.0,0.0,-0.66,0.7167,-0.2255,0.7469,0.6582,-0.0942,0.0809,-0.2306,-0.9697,0.676,0.226,-0.7014,-0.7316,0.0917,-0.6755,-0.0884,0.9698,0.2273,0.0001,-0.0001,0.0001,0.0,0.0,0.0,-0.012,-0.0206,-0.0025,36.8651,21.0304,67.0883,0.0,0.0433,-0.3652,0.0,0.0,0.0,3211945.0189,3521415.1322,-4762033.6028,4383.6113,3286.5839,5395.5734,3211908.1537,3521394.1018,-4762100.691,4383.6233,3286.6046,5395.576,0.0,0.0765,3.9732,0.0,0.0,1.0,0.0,1.0,0.0,0.0,1.172,-23.972,0.0,1.0,0.0,0.0,0.0,-1.0,3.6996228186127302,0.02308679276123039,-0.370755,3.4360359535574494,13.074821946513385,,
186.618,74.149,0.836,3.604,70.176,0.907,3.615,-0.007,-0.022,0.007,-0.007,-0.021,0.007,-1.334,0.128,-0.075,0.008,-0.004,0.007,0.0,-0.0,0.0,845.233,-0.0,0.0,-0.0,0.0,0.0,0.082,0.0,0.0,-0.66,0.7167,-0.2254,0.7469,0.6582,-0.0942,0.0809,-0.2306,-0.9697,0.676,0.226,-0.7014,-0.7316,0.0917,-0.6755,-0.0884,0.9698,0.2273,0.0001,-0.0001,0.0001,0.0,0.0,0.0,-0.012,-0.0207,-0.0025,36.8627,21.0262,67.0878,0.0,0.0433,-0.3652,0.0,0.0,0.0,3212841.1841,3522086.9961,-4760930.318,4382.7553,3285.6455,5396.8422,3212804.3214,3522065.9699,-4760997.4058,4382.7673,3285.6662,5396.8447,0.0,0.0765,3.9732,0.0,0.0,1.0,0.0,1.0,0.0,0.0,1.172,-23.972,0.0,1.0,0.0,0.0,0.0,-1.0,3.6996907978910887,0.02308679276123039,-0.370745,3.435216874762465,13.074469292551969,,
186.8208,74.148,0.831,3.606,70.175,0.903,3.616,-0.007,-0.022,0.007,-0.007,-0.021,0.007,-1.326,0.128,-0.073,0.074,-0.004,0.007,0.0,-0.0,0.001,845.216,-0.0,0.0,-0.0,0.0,0.0,0.492,0.0,0.0,-0.6601,0.7166,-0.2254,0.7468,0.6583,-0.0942,0.0809,-0.2305,-0.9697,0.676,0.226,-0.7014,-0.7316,0.0917,-0.6755,-0.0884,0.9698,0.2273,0.0001,-0.0001,0.0013,0.0,0.0,0.0,-0.012,-0.0207,-0.0025,36.8603,21.022,67.0872,0.0,0.0433,-0.3652,0.0,0.0,0.0,3213734.4488,3522756.6247,-4759830.1336,4381.9017,3284.7098,5398.1068,3213697.5885,3522735.6028,-4759897.2209,4381.9137,3284.7304,5398.1094,0.0,0.0765,3.9732,0.0,0.0,1.0,0.0,1.0,0.0,0.0,1.172,-23.972,0.0,1.0,0.0,0.0,0.0,-1.0,3.700513072534672,0.02308679276123039,-0.37073999999999996,3.429191735525827,13.07429296557126,,
187.0257,74.146,0.827,3.607,70.173,0.898,3.618,-0.007,-0.022,0.007,-0.007,-0.021,0.007,-1.304,0.127,-0.072,0.145,-0.004,0.006,0.0,-0.0,0.003,845.198,-0.0,0.0,-0.0,0.0,0.0,0.591,0.0,0.0,-0.6603,0.7163,-0.2254,0.7466,0.6586,-0.0941,0.081,-0.2305,-0.9697,0.676,0.226,-0.7014,-0.7316,0.0917,-0.6755,-0.0884,0.9698,0.2273,0.0001,-0.0001,0.0025,0.0,0.0,0.0,-0.012,-0.0207,-0.0026,36.8578,21.0177,67.0867,0.0,0.0433,-0.3652,0.0,0.0,0.0,3214629.3219,3523427.3984,-4758727.4959,4381.0462,3283.772,5399.3737,3214592.4641,3523406.3807,-4758794.5827,4381.0582,3283.7927,5399.3762,0.0,0.0765,3.9732,0.0,0.0,1.0,0.0,1.0,0.0,0.0,1.172,-23.972,0.0,1.0,0.0,0.0,0.0,-1.0,3.7005915743297044,0.02308679276123039,-0.37073,3.433830863523563,13.073940311609844,,
187.2276,74.145,0.822,3.609,70.172,0.894,3.619,-0.007,-0.022,0.007,-0.007,-0.021,0.007,-1.268,0.126,-0.071,0.216,-0.004,0.006,0.0,-0.0,0.004,845.18,-0.0,0.0,-0.0,0.0,0.0,0.591,0.0,0.0,-0.6608,0.7159,-0.2254,0.7462,0.6591,-0.0941,0.0812,-0.2304,-0.9697,0.676,0.226,-0.7014,-0.7316,0.0917,-0.6755,-0.0884,0.9698,0.2273,0.0001,-0.0001,0.0038,0.0,0.0,0.0,-0.012,-0.0207,-0.0026,36.8554,21.0135,67.0862,0.0,0.0433,-0.3652,0.0,0.0,0.0,3215512.1195,3524089.0617,-4757639.2695,4380.2017,3282.8465,5400.6234,3215475.264,3524068.0482,-4757706.3558,4380.2138,3282.8672,5400.6259,0.0,0.0765,3.9732,0.0,0.0,1.0,0.0,1.0,0.0,0.0,1.172,-23.972,0.0,1.0,0.0,0.0,0.0,-1.0,3.701427427358262,0.02308679276123039,-0.37072499999999997,3.427770510366718,13.073763984629135,,
187.4308,74.144,0.818,3.61,70.17,0.89,3.621,-0.007,-0.022,0.007,-0.007,-0.021,0.007,-1.216,0.125,-0.069,0.287,-0.004,0.006,0.0,-0.0,0.005,845.162,-0.0,0.0,-0.0,0.0,0.0,0.591,0.0,0.0,-0.6614,0.7153,-0.2254,0.7456,0.6597,-0.0941,0.0814,-0.2303,-0.9697,0.676,0.226,-0.7014,-0.7316,0.0917,-0.6755,-0.0884,0.9698,0.2273,0.0001,-0.0001,0.005,0.0,0.0,0.0,-0.0121,-0.0207,-0.0026,36.853,21.0093,67.0857,0.0,0.0433,-0.3651,0.0,0.0,0.0,3216404.9591,3524758.1912,-4756538.1971,4379.3473,3281.9101,5401.8873,3216368.1061,3524737.1819,-4756605.2827,4379.3594,3281.9308,5401.8898,0.0,0.0765,3.9732,0.0,0.0,1.0,0.0,1.0,0.0,0.0,1.172,-23.972,0.0,1.0,0.0,0.0,0.0,-1.0,3.701516445998856,0.02308679276123039,-0.37072000000000005,3.4399064199228677,13.073587657648428,,
187.6318,74.142,0.814,3.612,70.169,0.885,3.622,-0.007,-0.022,0.007,-0.007,-0.021,0.007,-1.151,0.124,-0.068,0.359,-0.005,0.006,0.0,-0.0,0.006,845.144,-0.0,0.0,-0.0,0.0,0.0,0.591,0.0,0.0,-0.6622,0.7146,-0.2254,0.7448,0.6606,-0.0941,0.0817,-0.2302,-0.9697,0.676,0.226,-0.7014,-0.7316,0.0917,-0.6755,-0.0884,0.9698,0.2273,0.0001,-0.0001,0.0063,0.0,0.0,0.0,-0.0121,-0.0207,-0.0026,36.8506,21.0051,67.0851,0.0,0.0433,-0.3651,0.0,0.0,0.0,3217287.1407,3525419.2742,-4755449.8021,4378.5027,3280.9845,5403.136,3217250.2901,3525398.2691,-4755516.8872,4378.5148,3281.0053,5403.1386,0.0,0.0765,3.9732,0.0,0.0,1.0,0.0,1.0,0.0,0.0,1.172,-23.972,0.0,1.0,0.0,0.0,0.0,-1.0,3.7025855830756975,0.02308679276123039,-0.37071,3.4191278126094518,13.07323500368701,,
187.8337,74.141,0.809,3.613,70.167,0.881,3.623,-0.007,-0.022,0.008,-0.007,-0.021,0.007,-1.072,0.123,-0.067,0.43,-0.005,0.006,0.0,-0.0,0.008,845.126,-0.0,0.0,-0.0,0.0,0.0,0.603,0.0,0.0,-0.6632,0.7137,-0.2254,0.7439,0.6616,-0.094,0.082,-0.23,-0.9697,0.676,0.226,-0.7014,-0.7316,0.0917,-0.6755,-0.0884,0.9698,0.2273,0.0001,-0.0001,0.0075,0.0,0.0,0.0,-0.0121,-0.0207,-0.0026,36.8482,21.0009,67.0846,0.0,0.0433,-0.3651,0.0,0.0,0.0,3218168.3977,3526079.6049,-4754362.0905,4377.6586,3280.0596,5404.3834,3218131.5495,3526058.604,-4754429.1751,4377.6706,3280.0803,5404.386,0.0,0.0765,3.9732,0.0,0.0,1.0,0.0,1.0,0.0,0.0,1.172,-23.972,0.0,1.0,0.0,0.0,0.0,-1.0,3.7024653948416586,0.02340939982143925,-0.370705,3.4253833351109106,13.073058676706303,,
188.0373,74.139,0.805,3.615,70.166,0.877,3.625,-0.007,-0.022,0.008,-0.007,-0.021,0.007,-0.977,0.123,-0.065,0.501,-0.005,0.006,0.0,-0.0,0.009,845.108,-0.0,0.0,-0.0,0.0,0.0,0.603,0.0,0.0,-0.6644,0.7126,-0.2254,0.7428,0.6629,-0.094,0.0824,-0.2299,-0.9697,0.676,0.226,-0.7014,-0.7316,0.0917,-0.6755,-0.0884,0.9698,0.2273,0.0001,-0.0001,0.0087,0.0,0.0,0.0,-0.0121,-0.0208,-0.0026,36.8458,20.9966,67.0841,0.0,0.0433,-0.3651,0.0,0.0,0.0,3219060.832,3526748.2512,-4753260.1107,4376.8033,3279.1226,5405.6466,3219023.9862,3526727.2546,-4753327.1948,4376.8154,3279.1433,5405.6492,0.0,0.0765,3.9732,0.0,0.0,1.0,0.0,1.0,0.0,0.0,1.172,-23.972,0.0,1.0,0.0,0.0,0.0,-1.0,3.7035455984772216,0.02340939982143925,-0.370695,3.425363647152967,13.072706022744883,,
188.2412,74.138,0.8,3.616,70.165,0.872,3.626,-0.007,-0.022,0.008,-0.007,-0.021,0.007,-0.868,0.122,-0.064,0.573,-0.005,0.005,0.0,-0.0,0.01,845.089,-0.0,0.0,-0.0,0.0,0.0,0.529,0.0,0.0,-0.6657,0.7113,-0.2254,0.7416,0.6643,-0.094,0.0829,-0.2297,-0.9697,0.676,0.226,-0.7014,-0.7316,0.0917,-0.6755,-0.0884,0.9698,0.2273,0.0001,-0.0001,0.01,0.0,0.0,0.0,-0.0121,-0.0208,-0.0026,36.8434,20.9924,67.0835,0.0,0.0433,-0.3651,0.0,0.0,0.0,3219948.7668,3527413.4662,-4752163.218,4375.952,3278.1899,5406.9033,3219911.9235,3527392.4739,-4752230.3015,4375.9641,3278.2107,5406.9059,0.0,0.0765,3.9732,0.0,0.0,1.0,0.0,1.0,0.0,0.0,1.172,-23.972,0.0,1.0,0.0,0.0,0.0,-1.0,3.703438402349903,0.02340939982143925,-0.37069,3.4241239800519727,13.072529695764178,,
188.4428,74.136,0.796,3.618,70.163,0.868,3.627,-0.007,-0.022,0.008,-0.007,-0.021,0.007,-0.755,0.121,-0.063,0.53,-0.005,0.006,0.0,-0.0,0.009,845.073,-0.0,0.0,-0.0,0.0,0.0,0.0,0.0,0.0,-0.6672,0.71,-0.2254,0.7402,0.6657,-0.094,0.0833,-0.2295,-0.9697,0.676,0.226,-0.7014,-0.7316,0.0917,-0.6755,-0.0884,0.9698,0.2273,0.0001,-0.0001,0.0092,0.0,0.0,0.0,-0.0121,-0.0208,-0.0026,36.841,20.9881,67.083,0.0,0.0433,-0.3651,0.0,0.0,0.0,3220831.4481,3528074.6861,-4751072.3507,4375.1053,3277.2624,5408.1526,3220794.6071,3528053.698,-4751139.4337,4375.1174,3277.2832,5408.1552,0.0,0.0765,3.9732,0.0,0.0,1.0,0.0,1.0,0.0,0.0,1.172,-23.972,0.0,1.0,0.0,0.0,0.0,-1.0,3.7045296597543933,0.02340939982143925,-0.37067999999999995,3.410836821538797,13.072177041802759,,
188.6461,74.135,0.791,3.619,70.162,0.864,3.629,-0.007,-0.022,0.008,-0.007,-0.021,0.007,-0.654,0.12,-0.061,0.456,-0.005,0.006,0.0,-0.0,0.008,845.057,-0.0,0.0,-0.0,0.0,0.0,0.0,0.0,0.0,-0.6684,0.7088,-0.2254,0.7391,0.667,-0.0939,0.0838,-0.2293,-0.9697,0.676,0.226,-0.7014,-0.7316,0.0917,-0.6755,-0.0884,0.9698,0.2273,0.0001,-0.0001,0.008,0.0,0.0,0.0,-0.0122,-0.0208,-0.0026,36.8386,20.9838,67.0825,0.0,0.0433,-0.3651,0.0,0.0,0.0,3221721.6089,3528741.4492,-4749971.7699,4374.251,3276.3267,5409.4124,3221684.7704,3528720.4654,-4750038.8523,4374.2632,3276.3475,5409.415,0.0,0.0765,3.9732,0.0,0.0,1.0,0.0,1.0,0.0,0.0,1.172,-23.972,0.0,1.0,0.0,0.0,0.0,-1.0,3.7044354495658314,0.02340939982143925,-0.37067500000000003,3.4303631583017653,13.072000714822051,,
188.8512,74.133,0.787,3.621,70.16,0.859,3.63,-0.007,-0.022,0.007,-0.007,-0.021,0.007,-0.569,0.119,-0.06,0.381,-0.005,0.006,0.0,-0.0,0.007,845.041,-0.0,0.0,-0.0,0.0,0.0,0.0,0.0,0.0,-0.6694,0.7079,-0.2254,0.7381,0.6681,-0.0939,0.0841,-0.2292,-0.9697,0.676,0.226,-0.7014,-0.7316,0.0917,-0.6755,-0.0884,0.9698,0.2273,0.0001,-0.0001,0.0066,0.0,0.0,0.0,-0.0122,-0.0208,-0.0026,36.8362,20.9795,67.0819,0.0,0.0433,-0.3651,0.0,0.0,0.0,3222616.6588,3529411.8138,-4748864.6681,4373.3917,3275.3855,5410.6791,3222579.8226,3529390.8343,-4748931.75,4373.4038,3275.4063,5410.6817,0.0,0.0765,3.9732,0.0,0.0,1.0,0.0,1.0,0.0,0.0,1.172,-23.972,0.0,1.0,0.0,0.0,0.0,-1.0,3.705537747749981,0.02308679276123039,-0.37066499999999997,3.409458874095787,13.071648060860634,,
189.0522,74.132,0.782,3.622,70.159,0.855,3.631,-0.007,-0.022,0.007,-0.007,-0.022,0.007,-0.5,0.118,-0.059,0.303,-0.004,0.006,0.0,-0.0,0.005,845.023,-0.0,0.0,-0.0,0.0,0.0,0.0,0.0,0.0,-0.6703,0.707,-0.2254,0.7373,0.669,-0.0939,0.0844,-0.2291,-0.9697,0.676,0.226,-0.7014,-0.7316,0.0917,-0.6755,-0.0884,0.9698,0.2273,0.0001,-0.0001,0.0053,0.0,0.0,0.0,-0.0122,-0.0208,-0.0026,36.8337,20.9753,67.0814,0.0,0.0433,-0.3651,0.0,0.0,0.0,3223500.3067,3530073.5787,-4747771.2038,4372.5428,3274.4559,5411.9296,3223463.473,3530052.6034,-4747838.2852,4372.555,3274.4767,5411.9322,0.0,0.0765,3.9732,0.0,0.0,1.0,0.0,1.0,0.0,0.0,1.172,-23.972,0.0,1.0,0.0,0.0,0.0,-1.0,3.705456517083961,0.02308679276123039,-0.37066000000000004,3.4158363448183846,13.071471733879926,,
189.257,74.131,0.778,3.624,70.157,0.851,3.633,-0.007,-0.022,0.007,-0.007,-0.022,0.007,-0.445,0.118,-0.057,0.227,-0.004,0.006,0.0,-0.0,0.004,845.007,-0.0,0.0,-0.0,0.0,0.0,0.0,0.0,0.0,-0.671,0.7064,-0.2254,0.7366,0.6697,-0.0938,0.0846,-0.229,-0.9697,0.676,0.226,-0.7014,-0.7316,0.0917,-0.6755,-0.0884,0.9698,0.2273,0.0001,-0.0001,0.004,0.0,0.0,0.0,-0.0122,-0.0208,-0.0026,36.8312,20.971,67.0809,0.0,0.0433,-0.3651,0.0,0.0,0.0,3224395.218,3530743.7182,-4746663.3275,4371.6828,3273.5141,5413.196,3224358.3868,3530722.7472,-4746730.4083,4371.695,3273.5349,5413.1987,0.0,0.0765,3.9732,0.0,0.0,1.0,0.0,1.0,0.0,0.0,1.172,-23.972,0.0,1.0,0.0,0.0,0.0,-1.0,3.706569842860107,0.02308679276123039,-0.370655,3.415531404314363,13.071295406899218,,
189.4605,74.129,0.774,3.625,70.156,0.846,3.634,-0.007,-0.022,0.007,-0.007,-0.022,0.007,-0.407,0.117,-0.056,0.157,-0.004,0.006,0.0,-0.0,0.003,844.992,-0.0,0.0,-0.0,0.0,0.0,0.0,0.0,0.0,-0.6714,0.706,-0.2253,0.7362,0.6702,-0.0938,0.0848,-0.2289,-0.9698,0.676,0.226,-0.7014,-0.7316,0.0917,-0.6755,-0.0884,0.9698,0.2273,0.0001,-0.0001,0.0027,0.0,0.0,0.0,-0.0122,-0.0209,-0.0026,36.8288,20.9668,67.0803,0.0,0.0433,-0.3651,0.0,0.0,0.0,3225281.3827,3531407.2481,-4745565.8075,4370.8307,3272.5811,5414.45,3225244.5539,3531386.2813,-4745632.8878,4370.843,3272.602,5414.4526,0.0,0.0765,3.9732,0.0,0.0,1.0,0.0,1.0,0.0,0.0,1.172,-23.972,0.0,1.0,0.0,0.0,0.0,-1.0,3.706710266530148,0.02308679276123039,-0.370645,3.4072586267336367,13.070942752937802,,
189.6636,74.128,0.769,3.627,70.154,0.842,3.636,-0.007,-0.022,0.007,-0.007,-0.022,0.007,-0.382,0.116,-0.054,0.083,-0.004,0.007,0.0,-0.0,0.001,844.976,-0.0,0.0,-0.0,0.0,0.0,0.0,0.0,0.0,-0.6717,0.7057,-0.2253,0.7359,0.6706,-0.0938,0.0849,-0.2288,-0.9698,0.676,0.226,-0.7014,-0.7316,0.0917,-0.6755,-0.0884,0.9698,0.2273,0.0001,-0.0001,0.0014,0.0,0.0,0.0,-0.0122,-0.0209,-0.0026,36.8263,20.9625,67.0798,0.0,0.0433,-0.3651,0.0,0.0,0.0,3226169.681,3532072.3153,-4744465.1771,4369.9763,3271.6456,5415.707,3226132.8547,3532051.3527,-4744532.2569,4369.9885,3271.6664,5415.7096,0.0,0.0765,3.9732,0.0,0.0,1.0,0.0,1.0,0.0,0.0,1.172,-23.972,0.0,1.0,0.0,0.0,0.0,-1.0,3.707625925036127,0.02308679276123039,-0.37064,3.4141565446099404,13.070766425957093,,
189.8643,74.126,0.765,3.628,70.153,0.837,3.637,-0.007,-0.022,0.007,-0.007,-0.022,0.007,-0.373,0.115,-0.053,0.008,-0.004,0.007,0.0,-0.0,0.0,844.959,-0.0,0.0,-0.0,0.0,0.0,0.0,0.0,0.0,-0.6718,0.7056,-0.2253,0.7358,0.6707,-0.0938,0.085,-0.2288,-0.9698,0.676,0.226,-0.7014,-0.7316,0.0917,-0.6755,-0.0884,0.9698,0.2273,0.0001,-0.0001,0.0001,0.0,0.0,0.0,-0.0123,-0.0209,-0.0027,36.8239,20.9583,67.0792,0.0,0.0433,-0.3651,0.0,0.0,0.0,3227049.5485,3532731.0113,-4743374.5268,4369.1295,3270.7185,5416.9519,3227012.7247,3532710.0529,-4743441.606,4369.1417,3270.7394,5416.9546,0.0,0.0765,3.9732,0.0,0.0,1.0,0.0,1.0,0.0,0.0,1.172,-23.972,0.0,1.0,0.0,0.0,0.0,-1.0,3.7077768271566725,0.02308679276123039,-0.37063,3.405917865529203,13.070413771995675,,
190.07,74.125,0.76,3.63,70.151,0.833,3.638,-0.007,-0.022,0.007,-0.007,-0.022,0.007,-0.372,0.114,-0.052,0.006,-0.004,0.007,0.0,-0.0,0.0,844.959,-0.0,0.0,-0.0,0.0,0.0,0.0,0.0,0.0,-0.6719,0.7056,-0.2253,0.7358,0.6707,-0.0937,0.085,-0.2288,-0.9698,0.676,0.226,-0.7014,-0.7316,0.0917,-0.6755,-0.0884,0.9698,0.2273,0.0001,-0.0001,0.0001,0.0,0.0,0.0,-0.0123,-0.0209,-0.0027,36.8214,20.9541,67.0787,0.0,0.0433,-0.3651,0.0,0.0,0.0,3227947.9772,3533403.5415,-4742260.3947,4368.2644,3269.7716,5418.2231,3227911.1559,3533382.5874,-4742327.4734,4368.2767,3269.7925,5418.2258,0.0,0.0765,3.9732,0.0,0.0,1.0,0.0,1.0,0.0,0.0,1.172,-23.972,0.0,1.0,0.0,0.0,0.0,-1.0,3.7087059737865444,0.02308679276123039,-0.370625,3.3996312843070813,13.070237445014966,,
190.2768,74.123,0.756,3.631,70.15,0.829,3.64,-0.007,-0.022,0.007,-0.007,-0.022,0.007,-0.371,0.113,-0.05,0.006,-0.004,0.007,0.0,-0.0,0.0,844.959,-0.0,0.0,-0.0,0.0,0.0,0.0,0.0,0.0,-0.6719,0.7056,-0.2253,0.7358,0.6707,-0.0937,0.085,-0.2287,-0.9698,0.676,0.226,-0.7014,-0.7316,0.0917,-0.6755,-0.0884,0.9698,0.2273,0.0001,-0.0001,0.0001,0.0,0.0,0.0,-0.0123,-0.0209,-0.0027,36.8188,20.9498,67.0781,0.0,0.0433,-0.3651,0.0,0.0,0.0,3228843.9731,3534074.1895,-4741148.797,4367.4013,3268.8268,5419.4908,3228807.1543,3534053.2397,-4741215.8751,4367.4136,3268.8477,5419.4935,0.0,0.0765,3.9732,0.0,0.0,1.0,0.0,1.0,0.0,0.0,1.172,-23.972,0.0,1.0,0.0,0.0,0.0,-1.0,3.708867347317776,0.02308679276123039,-0.370615,3.4121206464480225,13.06988479105355,,
190.4825,74.122,0.751,3.633,70.148,0.824,3.641,-0.007,-0.022,0.007,-0.007,-0.022,0.007,-0.369,0.113,-0.049,0.006,-0.004,0.007,0.0,-0.0,0.0,844.959,-0.0,0.0,-0.0,0.0,0.0,0.0,0.0,0.0,-0.6719,0.7056,-0.2253,0.7358,0.6707,-0.0937,0.085,-0.2287,-0.9698,0.676,0.226,-0.7014,-0.7316,0.0917,-0.6755,-0.0884,0.9698,0.2273,0.0001,-0.0001,0.0001,0.0,0.0,0.0,-0.0123,-0.0209,-0.0027,36.8163,20.9455,67.0776,0.0,0.0433,-0.3651,0.0,0.0,0.0,3229738.3063,3534743.5323,-4740038.7813,4366.5394,3267.8835,5420.7562,3229701.4901,3534722.5868,-4740105.8589,4366.5517,3267.9044,5420.7588,0.0,0.0765,3.9732,0.0,0.0,1.0,0.0,1.0,0.0,0.0,1.172,-23.972,0.0,1.0,0.0,0.0,0.0,-1.0,3.709809968178963,0.02308679276123039,-0.37061,3.3982708802066015,13.069708464072841,,
190.6865,74.12,0.746,3.634,70.147,0.82,3.643,-0.008,-0.022,0.007,-0.008,-0.022,0.007,-0.368,0.112,-0.048,0.006,-0.004,0.007,0.0,-0.0,0.0,844.958,-0.0,0.0,-1.0,0.0,0.0,0.0,0.0,0.0,-0.6719,0.7056,-0.2253,0.7358,0.6707,-0.0937,0.085,-0.2287,-0.9698,0.676,0.226,-0.7014,-0.7316,0.0917,-0.6755,-0.0884,0.9698,0.2273,0.0001,-0.0001,0.0001,0.0,0.0,0.0,-0.0124,-0.021,-0.003,36.8138,20.9412,67.077,0.0,0.0433,-0.3651,0.0,0.0,0.0,3230639.0326,3535417.5973,-4738920.3519,4365.6708,3266.9329,5422.0302,3230602.2188,3535396.6561,-4738987.4289,4365.6832,3266.9539,5422.0332,0.0,0.0765,3.9732,0.0,0.0,1.0,0.0,1.0,0.0,0.0,1.172,-23.972,0.0,1.0,0.0,0.0,0.0,-1.0,3.709780586503735,0.02308679276123039,-0.37060000000000004,3.417945827128772,13.069355810111425,,
190.8913,74.118,0.742,3.636,70.145,0.815,3.644,-0.012,-0.022,0.007,-0.012,-0.022,0.007,-0.367,0.111,-0.046,0.006,-0.004,0.006,0.0,-0.0,0.0,844.944,-0.0,0.0,-0.0,0.0,0.0,0.0,0.0,0.0,-0.6719,0.7055,-0.2253,0.7357,0.6708,-0.0936,0.0851,-0.2287,-0.9698,0.676,0.226,-0.7014,-0.7316,0.0917,-0.6755,-0.0884,0.9698,0.2273,0.0001,-0.0001,0.0001,0.0,0.0,0.0,-0.0134,-0.0214,-0.0073,36.8111,20.9369,67.0758,0.0,0.0433,-0.3651,0.0,0.0,0.0,3231527.5227,3536082.4452,-4737816.6372,4364.8127,3265.9946,5423.2828,3231490.7116,3536061.5083,-4737883.7131,4364.8261,3266.016,5423.2901,0.0,0.0765,3.9732,0.0,0.0,1.0,0.0,1.0,0.0,0.0,1.172,-23.972,0.0,1.0,0.0,0.0,0.0,-1.0,3.710937886842085,0.02308679276123039,-0.37059,3.397082453995867,13.069003156150005,,
191.094,74.115,0.737,3.637,70.142,0.811,3.645,-0.017,-0.022,0.007,-0.017,-0.022,0.007,-0.366,0.11,-0.045,0.006,-0.004,0.006,0.0,-0.0,0.0,844.93,-0.0,0.0,-0.0,0.0,0.0,0.0,0.0,0.0,-0.6719,0.7055,-0.2253,0.7357,0.6708,-0.0936,0.0851,-0.2287,-0.9698,0.676,0.226,-0.7014,-0.7316,0.0917,-0.6755,-0.0884,0.9698,0.2273,0.0001,-0.0001,0.0001,0.0,0.0,0.0,-0.0145,-0.0219,-0.012,36.8083,20.9325,67.0738,0.0,0.0433,-0.3651,0.0,0.0,0.0,3232409.5313,3536742.383,-4736720.5087,4363.9603,3265.0627,5424.5259,3232372.723,3536721.4505,-4736787.5825,4363.9748,3265.0846,5424.5379,0.0,0.0765,3.9732,0.0,0.0,1.0,0.0,1.0,0.0,0.0,1.172,-23.972,0.0,1.0,0.0,0.0,0.0,-1.0,3.7109214489126554,0.02308679276123039,-0.370575,3.4034917331749193,13.06847417520788,,
191.2989,74.111,0.733,3.639,70.138,0.806,3.647,-0.022,-0.022,0.007,-0.022,-0.022,0.007,-0.364,0.109,-0.044,0.006,-0.004,0.005,0.0,-0.0,0.0,844.915,-0.0,0.0,-0.0,0.0,0.0,0.0,0.0,0.0,-0.6719,0.7055,-0.2253,0.7357,0.6708,-0.0936,0.0851,-0.2286,-0.9698,0.676,0.226,-0.7014,-0.7316,0.0917,-0.6755,-0.0884,0.9698,0.2273,0.0001,-0.0001,0.0001,0.0,0.0,0.0,-0.0156,-0.0223,-0.0166,36.8051,20.9279,67.0708,0.0,0.0433,-0.3651,0.0,0.0,0.0,3233312.5902,3537418.0096,-4735597.7382,4363.0872,3264.1082,5425.7988,3233275.7851,3537397.0816,-4735664.8089,4363.1029,3264.1305,5425.8153,0.0,0.0765,3.9732,0.0,0.0,1.0,0.0,1.0,0.0,0.0,1.172,-23.972,0.0,1.0,0.0,0.0,0.0,-1.0,3.712089707967737,0.02308679276123039,-0.370555,3.395902922981258,13.067768867285048,,
191.5025,74.106,0.728,3.64,70.133,0.802,3.648,-0.025,-0.022,0.007,-0.025,-0.022,0.007,-0.363,0.108,-0.043,0.006,-0.004,0.005,0.0,-0.0,0.0,844.905,-0.0,0.0,-0.0,0.0,0.0,0.0,0.0,0.0,-0.6719,0.7055,-0.2253,0.7357,0.6708,-0.0936,0.0851,-0.2286,-0.9698,0.676,0.226,-0.7014,-0.7316,0.0917,-0.6755,-0.0884,0.9698,0.2273,0.0001,-0.0001,0.0001,0.0,0.0,0.0,-0.0165,-0.0227,-0.0201,36.8019,20.9234,67.067,0.0,0.0433,-0.3651,0.0,0.0,0.0,3234195.7059,3538078.6555,-4734499.2886,4362.2333,3263.1745,5427.0445,3234158.904,3538057.7321,-4734566.3556,4362.2497,3263.1972,5427.0646,0.0,0.0765,3.9732,0.0,0.0,1.0,0.0,1.0,0.0,0.0,1.172,-23.972,0.0,1.0,0.0,0.0,0.0,-1.0,3.7120862058955475,0.02308679276123039,-0.37052999999999997,3.4023670434022177,13.066887232381504,,
191.7044,74.101,0.724,3.642,70.128,0.797,3.65,-0.028,-0.022,0.007,-0.028,-0.022,0.007,-0.362,0.107,-0.042,0.006,-0.004,0.005,0.0,-0.0,0.0,844.895,-0.0,0.0,-1.0,0.0,0.0,0.0,0.0,0.0,-0.6719,0.7055,-0.2253,0.7357,0.6708,-0.0935,0.0851,-0.2286,-0.9698,0.676,0.226,-0.7014,-0.7316,0.0917,-0.6755,-0.0884,0.9698,0.2273,0.0001,-0.0001,0.0001,0.0,0.0,0.0,-0.0172,-0.023,-0.0231,36.7985,20.9188,67.0628,0.0,0.0433,-0.3651,0.0,0.0,0.0,3235082.7631,3538742.1896,-4733395.4671,4361.3752,3262.2363,5428.2962,3235045.9646,3538721.2708,-4733462.5299,4361.3924,3262.2593,5428.3193,0.0,0.0765,3.9732,0.0,0.0,1.0,0.0,1.0,0.0,0.0,1.172,-23.972,0.0,1.0,0.0,0.0,0.0,-1.0,3.7132654093129407,0.02308679276123039,-0.370505,3.394851860009414,13.066005597477963,,
191.9097,74.095,0.719,3.643,70.122,0.793,3.651,-0.031,-0.022,0.007,-0.031,-0.022,0.007,-0.361,0.107,-0.041,0.006,-0.004,0.005,0.0,-0.0,0.0,844.888,-0.0,0.0,-0.0,0.0,0.0,0.0,0.0,0.0,-0.672,0.7055,-0.2253,0.7357,0.6708,-0.0935,0.0852,-0.2286,-0.9698,0.676,0.226,-0.7014,-0.7316,0.0917,-0.6755,-0.0884,0.9698,0.2273,0.0001,-0.0001,0.0001,0.0,0.0,0.0,-0.0177,-0.0232,-0.0253,36.795,20.9141,67.058,0.0,0.0433,-0.3651,0.0,0.0,0.0,3235967.3969,3539403.8508,-4732294.1931,4360.5193,3261.3005,5429.5453,3235930.602,3539382.9367,-4732361.2511,4360.537,3261.3237,5429.5706,0.0,0.0765,3.9732,0.0,0.0,1.0,0.0,1.0,0.0,0.0,1.172,-23.972,0.0,1.0,0.0,0.0,0.0,-1.0,3.7132748349671076,0.02308679276123039,-0.370475,3.4013331076611766,13.064947635593713,,
192.1132,74.089,0.715,3.645,70.115,0.788,3.652,-0.033,-0.022,0.007,-0.033,-0.022,0.007,-0.359,0.106,-0.04,0.006,-0.004,0.004,0.0,-0.0,0.0,844.881,-0.0,0.0,-0.0,0.0,0.0,0.0,0.0,0.0,-0.672,0.7055,-0.2253,0.7357,0.6709,-0.0935,0.0852,-0.2286,-0.9698,0.676,0.226,-0.7014,-0.7316,0.0917,-0.6755,-0.0884,0.9698,0.2273,0.0001,-0.0001,0.0001,0.0,0.0,0.0,-0.0183,-0.0235,-0.0278,36.7913,20.9093,67.0527,0.0,0.0433,-0.3651,0.0,0.0,0.0,3236859.3995,3540070.9631,-4731183.2665,4359.6558,3260.3564,5430.8045,3236822.6082,3540050.0538,-4731250.3193,4359.6741,3260.3799,5430.8323,0.0,0.0765,3.9732,0.0,0.0,1.0,0.0,1.0,0.0,0.0,1.172,-23.972,0.0,1.0,0.0,0.0,0.0,-1.0,3.7144649682020154,0.02308679276123039,-0.37044499999999997,3.3805437901853934,13.063889673709461,,
192.3138,74.082,0.71,3.646,70.109,0.784,3.654,-0.036,-0.022,0.007,-0.036,-0.022,0.007,-0.358,0.105,-0.039,0.006,-0.004,0.004,0.0,-0.0,0.0,844.873,-0.0,0.0,-1.0,0.0,0.0,0.0,0.0,0.0,-0.672,0.7055,-0.2253,0.7356,0.6709,-0.0935,0.0852,-0.2285,-0.9698,0.676,0.226,-0.7014,-0.7316,0.0917,-0.6755,-0.0884,0.9698,0.2273,0.0001,-0.0001,0.0001,0.0,0.0,0.0,-0.0189,-0.0237,-0.0301,36.7876,20.9046,67.0471,0.0,0.0433,-0.3651,0.0,0.0,0.0,3237735.7838,3540726.3349,-4730091.3298,4358.807,3259.4285,5432.0417,3237698.9962,3540705.4303,-4730158.3769,4358.8259,3259.4522,5432.0718,0.0,0.0765,3.9732,0.0,0.0,1.0,0.0,1.0,0.0,0.0,1.172,-23.972,0.0,1.0,0.0,0.0,0.0,-1.0,3.714487313210263,0.02308679276123039,-0.37040999999999996,3.400390056958828,13.0626553848445,,
192.516,74.074,0.706,3.648,70.101,0.78,3.655,-0.039,-0.022,0.007,-0.039,-0.022,0.007,-0.357,0.104,-0.038,0.006,-0.004,0.004,0.0,-0.0,0.0,844.863,-0.0,0.0,-1.0,0.0,0.0,0.0,0.0,0.0,-0.672,0.7055,-0.2253,0.7356,0.6709,-0.0934,0.0852,-0.2285,-0.9698,0.676,0.226,-0.7014,-0.7316,0.0917,-0.6755,-0.0884,0.9698,0.2273,0.0001,-0.0001,0.0001,0.0,0.0,0.0,-0.0197,-0.0241,-0.0334,36.7838,20.8998,67.0407,0.0,0.0433,-0.3651,0.0,0.0,0.0,3238619.8925,3541387.4238,-4728989.2981,4357.9501,3258.492,5433.2888,3238583.1087,3541366.524,-4729056.3389,4357.9698,3258.5161,5433.3222,0.0,0.0765,3.9732,0.0,0.0,1.0,0.0,1.0,0.0,0.0,1.172,-23.972,0.0,1.0,0.0,0.0,0.0,-1.0,3.715688361528722,0.02308679276123039,-0.37037,3.387289876544442,13.061244768998835,,
192.7196,74.066,0.701,3.649,70.093,0.775,3.657,-0.043,-0.022,0.007,-0.043,-0.022,0.007,-0.356,0.103,-0.037,0.006,-0.004,0.004,0.0,-0.0,0.0,844.851,-0.0,0.0,-1.0,0.0,0.0,0.0,0.0,0.0,-0.672,0.7054,-0.2253,0.7356,0.6709,-0.0934,0.0852,-0.2285,-0.9698,0.676,0.226,-0.7014,-0.7316,0.0917,-0.6755,-0.0884,0.9698,0.2273,0.0001,-0.0001,0.0001,0.0,0.0,0.0,-0.0206,-0.0244,-0.0372,36.7797,20.8949,67.0336,0.0,0.0433,-0.3651,0.0,0.0,0.0,3239508.0406,3542051.4724,-4727881.7606,4357.0888,3257.5508,5434.5411,3239471.2609,3542030.5776,-4727948.7942,4357.1094,3257.5753,5434.5783,0.0,0.0765,3.9732,0.0,0.0,1.0,0.0,1.0,0.0,0.0,1.172,-23.972,0.0,1.0,0.0,0.0,0.0,-1.0,3.7157236172783357,0.02308679276123039,-0.37033,3.399575693442745,13.059834153153167,,
192.9221,74.057,0.697,3.65,70.084,0.771,3.658,-0.046,-0.022,0.007,-0.046,-0.022,0.007,-0.354,0.102,-0.037,0.006,-0.004,0.003,0.0,-0.0,0.0,844.841,-0.0,0.0,-1.0,0.0,0.0,0.0,0.0,0.0,-0.672,0.7054,-0.2253,0.7356,0.6709,-0.0934,0.0853,-0.2285,-0.9698,0.676,0.226,-0.7014,-0.7316,0.0917,-0.6755,-0.0884,0.9698,0.2273,0.0001,-0.0001,0.0001,0.0,0.0,0.0,-0.0213,-0.0248,-0.0405,36.7754,20.8899,67.0257,0.0,0.0433,-0.3651,0.0,0.0,0.0,3240388.8705,3542709.9897,-4726782.8797,4356.2343,3256.6171,5435.7834,3240352.0951,3542689.0998,-4726849.9054,4356.2556,3256.6418,5435.8239,0.0,0.0765,3.9732,0.0,0.0,1.0,0.0,1.0,0.0,0.0,1.172,-23.972,0.0,1.0,0.0,0.0,0.0,-1.0,3.7159533097174404,0.02308679276123039,-0.37028500000000003,3.399064345046689,13.05824721032679,,
193.1227,74.047,0.692,3.652,70.074,0.766,3.659,-0.049,-0.023,0.007,-0.049,-0.022,0.007,-0.353,0.102,-0.036,0.006,-0.004,0.003,0.0,-0.0,0.0,844.832,-0.0,0.0,-1.0,0.0,0.0,0.0,0.0,0.0,-0.672,0.7054,-0.2253,0.7356,0.671,-0.0934,0.0853,-0.2285,-0.9698,0.676,0.226,-0.7014,-0.7316,0.0917,-0.6755,-0.0884,0.9698,0.2273,0.0001,-0.0001,0.0001,0.0,0.0,0.0,-0.022,-0.0251,-0.0433,36.771,20.8849,67.0173,0.0,0.0433,-0.3651,0.0,0.0,0.0,3241261.5808,3543362.3781,-4725693.6661,4355.3874,3255.6916,5437.0148,3241224.8098,3543341.4932,-4725760.6834,4355.4094,3255.7167,5437.0581,0.0,0.0765,3.9732,0.0,0.0,1.0,0.0,1.0,0.0,0.0,1.172,-23.972,0.0,1.0,0.0,0.0,0.0,-1.0,3.716983723397239,0.024041630560342614,-0.370235,3.3856446402718,13.056483940519705,,
193.3281,74.037,0.687,3.653,70.064,0.761,3.661,-0.053,-0.023,0.007,-0.053,-0.022,0.007,-0.352,0.101,-0.036,0.006,-0.004,0.003,0.0,-0.0,0.0,844.822,-0.0,0.0,-1.0,0.0,0.0,0.0,0.0,0.0,-0.672,0.7054,-0.2253,0.7356,0.671,-0.0934,0.0853,-0.2285,-0.9698,0.676,0.226,-0.7014,-0.7316,0.0917,-0.6755,-0.0884,0.9698,0.2273,0.0,-0.0001,0.0001,0.0,0.0,0.0,-0.0229,-0.0254,-0.0468,36.7664,20.8797,67.0079,0.0,0.0433,-0.3651,0.0,0.0,0.0,3242156.8362,3544031.5589,-4724575.8395,4354.518,3254.7418,5438.2772,3242120.0698,3544010.6792,-4724642.8474,4354.5409,3254.7672,5438.3241,0.0,0.0765,3.9732,0.0,0.0,1.0,0.0,1.0,0.0,0.0,1.172,-23.972,0.0,1.0,0.0,0.0,0.0,-1.0,3.717038875233887,0.024041630560342614,-0.37018500000000004,3.3980434100208066,13.054720670712623,,
193.5298,74.026,0.683,3.655,70.052,0.757,3.662,-0.057,-0.023,0.007,-0.057,-0.022,0.007,-0.351,0.1,-0.035,0.006,-0.004,0.002,0.0,-0.0,0.0,844.809,-0.0,0.0,-1.0,0.0,0.0,0.0,0.0,0.0,-0.6721,0.7054,-0.2253,0.7356,0.671,-0.0934,0.0853,-0.2285,-0.9698,0.676,0.226,-0.7014,-0.7316,0.0917,-0.6755,-0.0884,0.9698,0.2273,0.0,-0.0001,0.0001,0.0,0.0,0.0,-0.0238,-0.0258,-0.0508,36.7617,20.8745,66.998,0.0,0.0433,-0.3651,0.0,0.0,0.0,3243033.3938,3544686.7037,-4723480.8916,4353.6663,3253.8115,5439.5127,3242996.6321,3544665.8291,-4723547.8897,4353.6901,3253.8373,5439.5636,0.0,0.0765,3.9732,0.0,0.0,1.0,0.0,1.0,0.0,0.0,1.172,-23.972,0.0,1.0,0.0,0.0,0.0,-1.0,3.7182676073677103,0.024041630560342614,-0.37012999999999996,3.3849182963797135,13.052781073924828,,
193.7347,74.013,0.678,3.656,70.04,0.752,3.664,-0.062,-0.023,0.007,-0.062,-0.022,0.007,-0.349,0.099,-0.035,0.006,-0.004,0.002,0.0,-0.0,0.0,844.796,-0.0,0.0,-1.0,0.0,0.0,0.0,0.0,0.0,-0.6721,0.7054,-0.2253,0.7356,0.671,-0.0933,0.0853,-0.2285,-0.9698,0.676,0.226,-0.7014,-0.7316,0.0917,-0.6755,-0.0884,0.9698,0.2273,0.0,-0.0001,0.0001,0.0,0.0,0.0,-0.0248,-0.0263,-0.0552,36.7567,20.8692,66.9871,0.0,0.0433,-0.3651,0.0,0.0,0.0,3243926.4734,3545354.1359,-4722364.8317,4352.798,3252.8632,5440.7712,3243889.7167,3545333.2667,-4722431.8188,4352.8229,3252.8894,5440.8264,0.0,0.0765,3.9732,0.0,0.0,1.0,0.0,1.0,0.0,0.0,1.172,-23.972,0.0,1.0,0.0,0.0,0.0,-1.0,3.7183356491849953,0.024041630560342614,-0.37006500000000003,3.3975708890435117,13.05048882317562,,
193.9395,74.0,0.674,3.658,70.027,0.748,3.665,-0.064,-0.023,0.007,-0.064,-0.023,0.007,-0.348,0.098,-0.034,0.006,-0.004,0.002,0.0,-0.0,0.0,844.788,-0.0,0.0,-0.0,0.0,0.0,0.0,0.0,0.0,-0.6721,0.7054,-0.2253,0.7355,0.671,-0.0933,0.0854,-0.2284,-0.9698,0.676,0.226,-0.7014,-0.7316,0.0917,-0.6755,-0.0884,0.9698,0.2273,0.0,-0.0001,0.0001,0.0,0.0,0.0,-0.0254,-0.0265,-0.0575,36.7516,20.8638,66.9754,0.0,0.0433,-0.3651,0.0,0.0,0.0,3244814.8244,3546017.974,-4721254.1991,4351.9344,3251.9197,5442.025,3244778.0728,3545997.1102,-4721321.1745,4351.9598,3251.9462,5442.0825,0.0,0.0765,3.9732,0.0,0.0,1.0,0.0,1.0,0.0,0.0,1.172,-23.972,0.0,1.0,0.0,0.0,0.0,-1.0,3.7195752445675834,0.024041630560342614,-0.37,3.3846282705846056,13.048196572426408,,
194.142,73.988,0.669,3.659,70.014,0.743,3.667,-0.064,-0.023,0.007,-0.064,-0.023,0.007,-0.347,0.097,-0.034,0.006,-0.004,0.002,0.0,-0.0,0.0,844.788,-0.0,0.0,-0.0,0.0,0.0,0.0,0.0,0.0,-0.6721,0.7054,-0.2253,0.7355,0.671,-0.0933,0.0854,-0.2284,-0.9698,0.676,0.226,-0.7014,-0.7316,0.0917,-0.6755,-0.0884,0.9698,0.2273,0.0,-0.0001,0.0001,0.0,0.0,0.0,-0.0254,-0.0265,-0.0575,36.7464,20.8585,66.9638,0.0,0.0433,-0.3651,0.0,0.0,0.0,3245693.8362,3546674.7727,-4720154.7774,4351.0801,3250.9861,5443.2678,3245657.0898,3546653.9143,-4720221.7412,4351.1055,3251.0126,5443.3253,0.0,0.0765,3.9732,0.0,0.0,1.0,0.0,1.0,0.0,0.0,1.172,-23.972,0.0,1.0,0.0,0.0,0.0,-1.0,3.719656166905753,0.024041630560342614,-0.36994,3.397034928780249,13.046080648657906,,
194.3476,73.974,0.664,3.661,70.001,0.739,3.668,-0.064,-0.023,0.007,-0.064,-0.023,0.007,-0.346,0.097,-0.034,0.006,-0.004,0.002,0.0,-0.0,0.0,844.788,-0.0,0.0,-0.0,0.0,0.0,0.0,0.0,0.0,-0.6721,0.7053,-0.2253,0.7355,0.6711,-0.0933,0.0854,-0.2284,-0.9698,0.676,0.226,-0.7014,-0.7316,0.0917,-0.6755,-0.0884,0.9698,0.2273,0.0,-0.0001,0.0001,0.0,0.0,0.0,-0.0254,-0.0265,-0.0575,36.7412,20.853,66.952,0.0,0.0433,-0.3651,0.0,0.0,0.0,3246589.0478,3547343.615,-4719034.6108,4350.2095,3250.0349,5444.5335,3246552.3066,3547322.762,-4719101.5628,4350.2349,3250.0614,5444.591,0.0,0.0765,3.9732,0.0,0.0,1.0,0.0,1.0,0.0,0.0,1.172,-23.972,0.0,1.0,0.0,0.0,0.0,-1.0,3.7207280201594957,0.024041630560342614,-0.36987000000000003,3.39125675468917,13.043612070927988,,
194.5504,73.961,0.66,3.662,69.988,0.734,3.669,-0.064,-0.023,0.007,-0.064,-0.023,0.007,-0.344,0.096,-0.033,0.006,-0.004,0.002,0.0,-0.0,0.0,844.788,-0.0,0.0,-0.0,0.0,0.0,0.0,0.0,0.0,-0.6721,0.7053,-0.2253,0.7355,0.6711,-0.0933,0.0854,-0.2284,-0.9698,0.676,0.226,-0.7014,-0.7316,0.0917,-0.6755,-0.0884,0.9698,0.2273,0.0,-0.0001,0.0001,0.0,0.0,0.0,-0.0254,-0.0265,-0.0575,36.736,20.8476,66.9403,0.0,0.0433,-0.3651,0.0,0.0,0.0,3247476.092,3548006.2939,-4717924.1872,4349.3465,3249.0919,5445.7876,3247439.356,3547985.4463,-4717991.1275,4349.372,3249.1185,5445.8451,0.0,0.0765,3.9732,0.0,0.0,1.0,0.0,1.0,0.0,0.0,1.172,-23.972,0.0,1.0,0.0,0.0,0.0,-1.0,3.7210004031174195,0.024041630560342614,-0.369805,3.3835219096678193,13.041319820178778,,
194.7554,73.948,0.655,3.664,69.975,0.729,3.671,-0.064,-0.023,0.007,-0.064,-0.023,0.007,-0.343,0.095,-0.033,0.006,-0.004,0.002,0.0,-0.0,0.0,844.788,-0.0,0.0,-0.0,0.0,0.0,0.0,0.0,0.0,-0.6721,0.7053,-0.2253,0.7355,0.6711,-0.0933,0.0854,-0.2284,-0.9698,0.676,0.226,-0.7014,-0.7316,0.0917,-0.6755,-0.0884,0.9698,0.2273,0.0,-0.0001,0.0001,0.0,0.0,0.0,-0.0255,-0.0266,-0.0575,36.7308,20.8422,66.9285,0.0,0.0433,-0.3651,0.0,0.0,0.0,3248368.2109,3548672.7027,-4716806.9302,4348.4781,3248.1433,5447.0488,3248331.4801,3548651.8605,-4716873.8586,4348.5036,3248.1698,5447.1064,0.0,0.0765,3.9732,0.0,0.0,1.0,0.0,1.0,0.0,0.0,1.172,-23.972,0.0,1.0,0.0,0.0,0.0,-1.0,3.7220855712893006,0.024041630560342614,-0.36973999999999996,3.383490081079186,13.039027569429567,,
194.9633,73.935,0.65,3.665,69.962,0.725,3.672,-0.064,-0.023,0.007,-0.064,-0.023,0.007,-0.342,0.094,-0.033,0.006,-0.004,0.002,0.0,-0.0,0.0,844.788,-0.0,0.0,-0.0,0.0,0.0,0.0,0.0,0.0,-0.6721,0.7053,-0.2253,0.7355,0.6711,-0.0933,0.0855,-0.2284,-0.9698,0.676,0.226,-0.7014,-0.7316,0.0917,-0.6755,-0.0884,0.9698,0.2273,0.0,-0.0001,0.0001,0.0,0.0,0.0,-0.0255,-0.0266,-0.0575,36.7255,20.8367,66.9166,0.0,0.0433,-0.3651,0.0,0.0,0.0,3249266.1169,3549343.3723,-4715681.9385,4347.6037,3247.1881,5448.3182,3249229.3914,3549322.5356,-4715748.8551,4347.6292,3247.2146,5448.3757,0.0,0.0765,3.9732,0.0,0.0,1.0,0.0,1.0,0.0,0.0,1.172,-23.972,0.0,1.0,0.0,0.0,0.0,-1.0,3.72219357368743,0.024041630560342614,-0.36967500000000003,3.3901326706307318,13.036735318680359,,
195.1662,73.922,0.646,3.667,69.949,0.72,3.674,-0.064,-0.023,0.004,-0.064,-0.023,0.004,-0.341,0.093,-0.032,0.006,-0.004,0.002,0.0,-0.0,0.0,844.776,-1.0,0.0,-0.0,0.0,0.0,0.0,0.0,0.0,-0.6722,0.7053,-0.2253,0.7355,0.6711,-0.0932,0.0855,-0.2284,-0.9698,0.676,0.226,-0.7014,-0.7316,0.0917,-0.6755,-0.0884,0.9698,0.2273,0.0,-0.0001,0.0001,0.0,0.0,0.0,-0.0276,-0.0243,-0.0573,36.7202,20.8314,66.9049,0.0,0.0433,-0.3651,0.0,0.0,0.0,3250153.5066,3550006.1255,-4714569.6449,4346.7371,3246.246,5449.5729,3250116.7864,3549985.2941,-4714636.5497,4346.7647,3246.2703,5449.6302,0.0,0.0765,3.9732,0.0,0.0,1.0,0.0,1.0,0.0,0.0,1.172,-23.972,0.0,1.0,0.0,0.0,0.0,-1.0,3.7234667985628658,0.023345235059857503,-0.36961,3.3831356834717328,13.034443067931148,,
195.3667,73.909,0.641,3.667,69.936,0.716,3.674,-0.064,-0.023,-0.003,-0.064,-0.023,-0.003,-0.339,0.092,-0.032,0.006,-0.004,0.002,0.0,-0.0,0.0,844.75,-1.0,0.0,-0.0,0.0,0.0,0.0,0.0,0.0,-0.6722,0.7053,-0.2253,0.7354,0.6711,-0.0932,0.0855,-0.2284,-0.9698,0.676,0.226,-0.7014,-0.7316,0.0917,-0.6755,-0.0884,0.9698,0.2273,0.0,-0.0001,0.0001,0.0,0.0,0.0,-0.0321,-0.0194,-0.0567,36.7142,20.827,66.8934,0.0,0.0433,-0.365,0.0,0.0,0.0,3251024.7161,3550656.7369,-4713477.1641,4345.8834,3245.3234,5450.805,3250988.0019,3550635.9099,-4713544.0575,4345.9155,3245.3427,5450.8617,0.0,0.0765,3.9732,0.0,0.0,1.0,0.0,1.0,0.0,0.0,1.172,-23.972,0.0,1.0,0.0,0.0,0.0,-1.0,3.722602584214436,0.023194827009486402,-0.369545,3.3890759079060673,13.03215081718194,,
195.568,73.896,0.637,3.666,69.923,0.711,3.672,-0.064,-0.023,-0.009,-0.064,-0.023,-0.01,-0.338,0.092,-0.031,0.006,-0.004,0.002,0.0,-0.0,0.0,844.723,-1.0,0.0,-0.0,0.0,0.0,0.0,0.0,0.0,-0.6722,0.7053,-0.2253,0.7354,0.6712,-0.0932,0.0855,-0.2284,-0.9698,0.676,0.226,-0.7014,-0.7316,0.0917,-0.6755,-0.0884,0.9698,0.2273,0.0,-0.0001,0.0001,0.0,0.0,0.0,-0.0366,-0.0144,-0.0561,36.7073,20.8236,66.882,0.0,0.0433,-0.365,0.0,0.0,0.0,3251902.1033,3551311.904,-4712376.47,4345.0232,3244.3939,5452.0458,3251865.396,3551291.0804,-4712443.3521,4345.0599,3244.4083,5452.1019,0.0,0.0765,3.9732,0.0,0.0,1.0,0.0,1.0,0.0,0.0,1.172,-23.972,0.0,1.0,0.0,0.0,0.0,-1.0,3.7209306631540446,0.024698178070456937,-0.36948000000000003,3.366737334206159,13.029858566432727,,
195.7685,73.883,0.632,3.663,69.91,0.706,3.67,-0.064,-0.023,-0.016,-0.064,-0.023,-0.016,-0.337,0.091,-0.031,0.006,-0.003,0.002,0.0,-0.0,0.0,844.697,-1.0,0.0,-0.0,0.0,0.0,0.0,0.0,0.0,-0.6722,0.7052,-0.2254,0.7354,0.6712,-0.0932,0.0855,-0.2284,-0.9698,0.676,0.226,-0.7014,-0.7316,0.0917,-0.6755,-0.0884,0.9698,0.2273,0.0,-0.0001,0.0001,0.0,0.0,0.0,-0.0411,-0.0095,-0.0556,36.6995,20.8212,66.8708,0.0,0.0433,-0.365,0.0,0.0,0.0,3252773.8651,3551962.8129,-4711282.37,4344.1682,3243.47,5453.2786,3252737.1656,3551941.9917,-4711349.2408,4344.2093,3243.4795,5453.3342,0.0,0.0765,3.9732,0.0,0.0,1.0,0.0,1.0,0.0,0.0,1.172,-23.972,0.0,1.0,0.0,0.0,0.0,-1.0,3.7171216014545445,0.028017851452243798,-0.369415,3.3766382202420626,13.027566315683517,,
195.9752,73.87,0.627,3.659,69.897,0.702,3.666,-0.064,-0.023,-0.023,-0.064,-0.023,-0.023,-0.335,0.09,-0.031,0.007,-0.003,0.001,0.0,-0.0,0.0,844.67,-1.0,0.0,-0.0,0.0,0.0,0.0,0.0,0.0,-0.6722,0.7052,-0.2254,0.7354,0.6712,-0.0932,0.0855,-0.2284,-0.9698,0.676,0.226,-0.7014,-0.7316,0.0917,-0.6755,-0.0884,0.9698,0.2273,0.0,-0.0001,0.0001,0.0,0.0,0.0,-0.0458,-0.0045,-0.055,36.6906,20.8197,66.8595,0.0,0.0433,-0.365,0.0,0.0,0.0,3253667.7506,3552630.181,-4710160.0241,4343.2911,3242.5223,5454.5426,3253631.0601,3552609.3612,-4710226.8835,4343.3368,3242.5268,5454.5976,0.0,0.0765,3.9732,0.0,0.0,1.0,0.0,1.0,0.0,0.0,1.172,-23.972,0.0,1.0,0.0,0.0,0.0,-1.0,3.7123321510877765,0.03252691193458118,-0.36935,3.3798224667622,13.025274064934308,,
196.1796,73.857,0.623,3.654,69.884,0.697,3.66,-0.064,-0.023,-0.03,-0.064,-0.022,-0.03,-0.334,0.09,-0.031,0.007,-0.003,0.001,0.0,-0.0,0.0,844.643,-1.0,0.0,-0.0,0.0,0.0,0.0,0.0,0.0,-0.6722,0.7052,-0.2254,0.7354,0.6712,-0.0932,0.0856,-0.2284,-0.9698,0.676,0.226,-0.7014,-0.7316,0.0917,-0.6755,-0.0884,0.9698,0.2273,0.0,-0.0001,0.0001,0.0,0.0,0.0,-0.0503,0.0005,-0.0544,36.6807,20.8193,66.8483,0.0,0.0433,-0.365,0.0,0.0,0.0,3254554.2725,3553291.9921,-4709046.4418,4342.4207,3241.582,5455.7962,3254517.5918,3553271.1727,-4709113.2901,4342.4711,3241.5815,5455.8506,0.0,0.0765,3.9732,0.0,0.0,1.0,0.0,1.0,0.0,0.0,1.172,-23.972,0.0,1.0,0.0,0.0,0.0,-1.0,3.7067296907112066,0.037802116342871596,-0.369285,3.354765225220916,13.022981814185098,,
196.3854,73.844,0.618,3.647,69.871,0.693,3.654,-0.064,-0.023,-0.036,-0.064,-0.022,-0.037,-0.333,0.089,-0.03,0.007,-0.003,0.001,0.0,-0.0,0.0,844.616,-1.0,0.0,-0.0,0.0,0.0,0.0,0.0,0.0,-0.6722,0.7052,-0.2254,0.7354,0.6712,-0.0932,0.0856,-0.2284,-0.9698,0.676,0.226,-0.7014,-0.7316,0.0917,-0.6755,-0.0884,0.9698,0.2273,0.0,-0.0,0.0001,0.0,0.0,0.0,-0.055,0.0055,-0.0539,36.6699,20.82,66.8371,0.0,0.0433,-0.365,0.0,0.0,0.0,3255450.5175,3553961.0015,-4707920.1584,4341.5404,3240.631,5457.0635,3255413.8477,3553940.1816,-4707986.9955,4341.5954,3240.6255,5457.1174,0.0,0.0765,3.9732,0.0,0.0,1.0,0.0,1.0,0.0,0.0,1.172,-23.972,0.0,1.0,0.0,0.0,0.0,-1.0,3.698990808315154,0.04272001872658766,-0.36922,3.3692281943130507,13.020689563435887,,
196.5863,73.831,0.614,3.639,69.858,0.688,3.646,-0.064,-0.023,-0.043,-0.064,-0.022,-0.043,-0.331,0.089,-0.03,0.007,-0.002,0.001,0.0,-0.0,0.0,844.59,-1.0,0.0,-0.0,0.0,0.0,0.0,0.0,0.0,-0.6722,0.7052,-0.2254,0.7354,0.6712,-0.0932,0.0856,-0.2283,-0.9698,0.676,0.226,-0.7014,-0.7316,0.0917,-0.6755,-0.0884,0.9698,0.2273,0.0,-0.0,0.0001,0.0,0.0,0.0,-0.0595,0.0104,-0.0533,36.6584,20.8216,66.8263,0.0,0.0433,-0.365,0.0,0.0,0.0,3256322.4901,3554611.834,-4706823.9094,4340.6836,3239.7055,5458.2964,3256285.8318,3554591.0125,-4706890.7357,4340.7431,3239.695,5458.3497,0.0,0.0765,3.9732,0.0,0.0,1.0,0.0,1.0,0.0,0.0,1.172,-23.972,0.0,1.0,0.0,0.0,0.0,-1.0,3.69043588211474,0.04876474136094643,-0.369155,3.355462925629239,13.018397312686679,,
196.7883,73.818,0.609,3.63,69.845,0.684,3.636,-0.064,-0.023,-0.05,-0.064,-0.022,-0.05,-0.33,0.088,-0.03,0.007,-0.002,0.001,0.0,-0.0,0.0,844.563,-1.0,0.0,-0.0,0.0,0.0,0.0,0.0,0.0,-0.6723,0.7052,-0.2254,0.7353,0.6713,-0.0931,0.0856,-0.2283,-0.9698,0.676,0.226,-0.7014,-0.7316,0.0917,-0.6755,-0.0884,0.9698,0.2273,0.0,-0.0,0.0001,0.0,0.0,0.0,-0.064,0.0154,-0.0527,36.6459,20.8242,66.8157,0.0,0.0433,-0.365,0.0,0.0,0.0,3257197.5417,3555264.9071,-4705723.3212,4339.8233,3238.7763,5459.5336,3257160.8958,3555244.083,-4705790.1369,4339.8873,3238.7609,5459.5864,0.0,0.0765,3.9732,0.0,0.0,1.0,0.0,1.0,0.0,0.0,1.172,-23.972,0.0,1.0,0.0,0.0,0.0,-1.0,3.6807310415187904,0.05503635162326806,-0.36909,3.3418972857756084,13.016105061937466,,
196.9913,73.805,0.605,3.619,69.832,0.679,3.625,-0.064,-0.022,-0.057,-0.064,-0.022,-0.057,-0.329,0.088,-0.029,0.007,-0.002,0.001,0.0,-0.0,0.0,844.536,-1.0,0.0,-0.0,0.0,0.0,0.0,0.0,0.0,-0.6723,0.7052,-0.2254,0.7353,0.6713,-0.0931,0.0856,-0.2283,-0.9698,0.676,0.226,-0.7014,-0.7316,0.0917,-0.6755,-0.0884,0.9698,0.2273,0.0,-0.0,0.0001,0.0,0.0,0.0,-0.0686,0.0203,-0.0522,36.6324,20.8278,66.805,0.0,0.0433,-0.365,0.0,0.0,0.0,3258078.5041,3555922.3333,-4704614.8252,4338.9568,3237.8405,5460.7792,3258041.8716,3555901.5055,-4704681.6303,4339.0254,3237.8202,5460.8313,0.0,0.0765,3.9732,0.0,0.0,1.0,0.0,1.0,0.0,0.0,1.172,-23.972,0.0,1.0,0.0,0.0,0.0,-1.0,3.669221443303743,0.06109828148156051,-0.36902500000000005,3.3260469150217125,13.01381281118826,,
197.1918,73.792,0.6,3.607,69.819,0.675,3.614,-0.064,-0.023,-0.059,-0.064,-0.022,-0.059,-0.327,0.087,-0.029,0.007,-0.002,0.001,0.0,-0.0,0.0,844.529,-0.0,0.0,-0.0,0.0,0.0,0.0,0.0,0.0,-0.6723,0.7051,-0.2254,0.7353,0.6713,-0.0931,0.0856,-0.2283,-0.9698,0.676,0.226,-0.7014,-0.7316,0.0917,-0.6755,-0.0884,0.9698,0.2273,0.0,-0.0,0.0001,0.0,0.0,0.0,-0.0699,0.0218,-0.052,36.6185,20.8321,66.7946,0.0,0.0433,-0.365,0.0,0.0,0.0,3258947.9255,3556571.0888,-4703520.3869,4338.1044,3236.9131,5462.008,3258911.307,3556550.2567,-4703587.1814,4338.1743,3236.8913,5462.06,0.0,0.0765,3.9732,0.0,0.0,1.0,0.0,1.0,0.0,0.0,1.172,-23.972,0.0,1.0,0.0,0.0,0.0,-1.0,3.656562456734467,0.06332456079595025,-0.36896,3.337085191515036,13.011520560439047,,
197.397,73.779,0.595,3.595,69.806,0.67,3.602,-0.064,-0.023,-0.059,-0.064,-0.022,-0.059,-0.326,0.087,-0.029,0.007,-0.002,0.001,0.0,-0.0,0.0,844.529,-0.0,0.0,-0.0,0.0,0.0,0.0,0.0,0.0,-0.6723,0.7051,-0.2254,0.7353,0.6713,-0.0931,0.0856,-0.2283,-0.9698,0.676,0.226,-0.7014,-0.7316,0.0917,-0.6755,-0.0884,0.9698,0.2273,0.0,-0.0,0.0001,0.0,0.0,0.0,-0.0699,0.0217,-0.052,36.6042,20.8366,66.784,0.0,0.0433,-0.365,0.0,0.0,0.0,3259833.2712,3557231.6666,-4702405.4282,4337.2374,3235.9669,5463.259,3259796.667,3557210.83,-4702472.2122,4337.3073,3235.9452,5463.311,0.0,0.0765,3.9732,0.0,0.0,1.0,0.0,1.0,0.0,0.0,1.172,-23.972,0.0,1.0,0.0,0.0,0.0,-1.0,3.6439058714516763,0.06332456079595025,-0.368895,3.3274876726025,13.009228309689837,,
197.6025,73.766,0.591,3.583,69.792,0.665,3.589,-0.064,-0.023,-0.059,-0.064,-0.022,-0.059,-0.324,0.087,-0.029,0.007,-0.002,0.001,0.0,-0.0,0.0,844.529,-0.0,0.0,-0.0,0.0,0.0,0.0,0.0,0.0,-0.6723,0.7051,-0.2254,0.7353,0.6713,-0.0931,0.0856,-0.2283,-0.9698,0.676,0.226,-0.7014,-0.7316,0.0917,-0.6755,-0.0884,0.9698,0.2273,0.0,-0.0,0.0001,0.0,0.0,0.0,-0.0699,0.0217,-0.052,36.5898,20.841,66.7732,0.0,0.0433,-0.365,0.0,0.0,0.0,3260729.076,3557899.9858,-4701276.8119,4336.3596,3235.0092,5464.5248,3260692.4862,3557879.1447,-4701343.5852,4336.4296,3234.9874,5464.5769,0.0,0.0765,3.9732,0.0,0.0,1.0,0.0,1.0,0.0,0.0,1.172,-23.972,0.0,1.0,0.0,0.0,0.0,-1.0,3.631414325025444,0.06332456079595025,-0.36883000000000005,3.2975131352648908,13.006936058940628,,
197.8062,73.753,0.586,3.571,69.779,0.661,3.577,-0.064,-0.023,-0.059,-0.064,-0.022,-0.059,-0.323,0.086,-0.029,0.007,-0.002,0.001,0.0,-0.0,0.0,844.529,-0.0,0.0,-0.0,0.0,0.0,0.0,0.0,0.0,-0.6723,0.7051,-0.2254,0.7353,0.6714,-0.0931,0.0857,-0.2283,-0.9698,0.676,0.226,-0.7014,-0.7316,0.0917,-0.6755,-0.0884,0.9698,0.2273,0.0,-0.0,0.0001,0.0,0.0,0.0,-0.07,0.0217,-0.052,36.5755,20.8455,66.7626,0.0,0.0433,-0.365,0.0,0.0,0.0,3261613.9397,3558560.0808,-4700161.5,4335.4922,3234.0627,5465.7751,3261577.3642,3558539.2353,-4700228.2626,4335.5622,3234.041,5465.8272,0.0,0.0765,3.9732,0.0,0.0,1.0,0.0,1.0,0.0,0.0,1.172,-23.972,0.0,1.0,0.0,0.0,0.0,-1.0,3.61876180481667,0.06332456079595025,-0.368765,3.295243553567734,13.004643808191418,,
198.0116,73.739,0.582,3.559,69.766,0.656,3.565,-0.064,-0.023,-0.059,-0.064,-0.022,-0.059,-0.321,0.086,-0.028,0.007,-0.002,0.001,0.0,-0.0,0.0,844.529,-0.0,0.0,-0.0,0.0,0.0,0.0,0.0,0.0,-0.6724,0.7051,-0.2254,0.7352,0.6714,-0.0931,0.0857,-0.2283,-0.9698,0.676,0.226,-0.7014,-0.7316,0.0917,-0.6755,-0.0884,0.9698,0.2273,0.0,-0.0,0.0001,0.0,0.0,0.0,-0.07,0.0217,-0.052,36.5612,20.8499,66.752,0.0,0.0433,-0.365,0.0,0.0,0.0,3262501.8396,3559222.3794,-4699041.8799,4334.6214,3233.1127,5467.0297,3262465.2784,3559201.5295,-4699108.6318,4334.6914,3233.091,5467.0817,0.0,0.0765,3.9732,0.0,0.0,1.0,0.0,1.0,0.0,0.0,1.172,-23.972,0.0,1.0,0.0,0.0,0.0,-1.0,3.6062730068590203,0.06332456079595025,-0.368695,3.2788226006891854,13.0021752304615,,
198.2145,73.726,0.577,3.547,69.753,0.652,3.554,-0.064,-0.023,-0.059,-0.064,-0.023,-0.059,-0.32,0.085,-0.028,0.007,-0.002,0.001,0.0,-0.0,0.0,844.529,-0.0,0.0,-0.0,0.0,0.0,0.0,0.0,0.0,-0.6724,0.7051,-0.2254,0.7352,0.6714,-0.0931,0.0857,-0.2283,-0.9698,0.676,0.226,-0.7014,-0.7316,0.0917,-0.6755,-0.0884,0.9698,0.2273,0.0,-0.0,0.0001,0.0,0.0,0.0,-0.07,0.0217,-0.052,36.547,20.8543,66.7414,0.0,0.0433,-0.365,0.0,0.0,0.0,3263379.4082,3559876.9114,-4697934.8124,4333.7604,3232.1734,5468.2696,3263342.8612,3559856.0571,-4698001.5538,4333.8304,3232.1517,5468.3216,0.0,0.0765,3.9732,0.0,0.0,1.0,0.0,1.0,0.0,0.0,1.172,-23.972,0.0,1.0,0.0,0.0,0.0,-1.0,3.5936246325958976,0.06332456079595025,-0.36863,3.2898567374983894,12.99988297971229,,
198.4222,73.713,0.572,3.535,69.74,0.647,3.541,-0.064,-0.023,-0.059,-0.064,-0.023,-0.059,-0.319,0.085,-0.028,0.007,-0.002,0.001,0.0,-0.0,0.0,844.529,-0.0,0.0,-0.0,0.0,0.0,0.0,0.0,0.0,-0.6724,0.705,-0.2254,0.7352,0.6714,-0.0931,0.0857,-0.2283,-0.9698,0.676,0.226,-0.7014,-0.7316,0.0917,-0.6755,-0.0884,0.9698,0.2273,0.0,-0.0,0.0001,0.0,0.0,0.0,-0.07,0.0217,-0.052,36.5325,20.8588,66.7306,0.0,0.0433,-0.365,0.0,0.0,0.0,3264279.0138,3560547.8171,-4696799.4566,4332.8773,3231.2101,5469.5406,3264242.4814,3560526.9582,-4696866.1872,4332.9473,3231.1884,5469.5926,0.0,0.0765,3.9732,0.0,0.0,1.0,0.0,1.0,0.0,0.0,1.172,-23.972,0.0,1.0,0.0,0.0,0.0,-1.0,3.5809787768150767,0.06332456079595025,-0.368565,3.2669484906712114,12.997590728963077,,
198.6279,73.7,0.568,3.523,69.727,0.642,3.529,-0.064,-0.023,-0.061,-0.064,-0.023,-0.061,-0.317,0.085,-0.028,0.007,-0.002,0.001,0.0,-0.0,0.0,844.518,-1.0,0.0,-0.0,0.0,0.0,0.0,0.0,0.0,-0.6724,0.705,-0.2254,0.7352,0.6714,-0.0931,0.0857,-0.2283,-0.9698,0.676,0.226,-0.7014,-0.7316,0.0917,-0.6755,-0.0884,0.9698,0.2273,0.0,-0.0,0.0001,0.0,0.0,0.0,-0.0718,0.0236,-0.0518,36.5179,20.8634,66.7199,0.0,0.0433,-0.365,0.0,0.0,0.0,3265174.5627,3561215.6343,-4695668.7308,4331.9959,3230.2527,5470.806,3265138.0448,3561194.7709,-4695735.4507,4332.0677,3230.2291,5470.8578,0.0,0.0765,3.9732,0.0,0.0,1.0,0.0,1.0,0.0,0.0,1.172,-23.972,0.0,1.0,0.0,0.0,0.0,-1.0,3.5684945004861643,0.0651920240520265,-0.3685,3.2503533349096956,12.995298478213869,,
198.8341,73.686,0.563,3.509,69.713,0.638,3.516,-0.064,-0.023,-0.068,-0.064,-0.023,-0.068,-0.316,0.084,-0.027,0.007,-0.002,0.001,0.0,-0.0,0.0,844.491,-1.0,0.0,-0.0,0.0,0.0,0.0,0.0,0.0,-0.6724,0.705,-0.2254,0.7352,0.6714,-0.0931,0.0857,-0.2283,-0.9698,0.676,0.226,-0.7014,-0.7316,0.0917,-0.6755,-0.0884,0.9698,0.2273,0.0,-0.0,0.0001,0.0,0.0,0.0,-0.0765,0.0287,-0.0512,36.5026,20.8688,66.7092,0.0,0.0433,-0.365,0.0,0.0,0.0,3266070.0181,3561883.321,-4694537.6275,4331.1114,3229.2982,5472.0716,3266033.5155,3561862.4522,-4694604.3368,4331.1879,3229.2695,5472.1229,0.0,0.0765,3.9732,0.0,0.0,1.0,0.0,1.0,0.0,0.0,1.172,-23.972,0.0,1.0,0.0,0.0,0.0,-1.0,3.5538781633590086,0.07178439941937245,-0.36843000000000004,3.2600549881285072,12.992829900483951,,
199.036,73.673,0.558,3.495,69.7,0.633,3.501,-0.064,-0.023,-0.075,-0.064,-0.023,-0.075,-0.314,0.084,-0.027,0.007,-0.001,0.001,0.0,-0.0,0.0,844.464,-1.0,0.0,-0.0,0.0,0.0,0.0,0.0,0.0,-0.6724,0.705,-0.2254,0.7352,0.6715,-0.0931,0.0857,-0.2283,-0.9698,0.676,0.226,-0.7014,-0.7316,0.0917,-0.6755,-0.0884,0.9698,0.2273,0.0,-0.0,0.0001,0.0,0.0,0.0,-0.081,0.0336,-0.0507,36.4867,20.8751,66.699,0.0,0.0433,-0.365,0.0,0.0,0.0,3266942.0363,3562533.473,-4693435.6576,4330.2497,3228.3682,5473.3041,3266905.5496,3562512.5979,-4693502.3565,4330.3306,3228.3346,5473.3547,0.0,0.0765,3.9732,0.0,0.0,1.0,0.0,1.0,0.0,0.0,1.172,-23.972,0.0,1.0,0.0,0.0,0.0,-1.0,3.5392639065206764,0.07844743462982075,-0.368365,3.2357822253977293,12.99053764973474,,
199.2372,73.66,0.554,3.479,69.687,0.628,3.485,-0.064,-0.023,-0.082,-0.064,-0.022,-0.082,-0.313,0.084,-0.027,0.007,-0.001,0.001,0.0,-0.0,0.0,844.438,-1.0,0.0,-0.0,0.0,0.0,0.0,0.0,0.0,-0.6725,0.705,-0.2254,0.7352,0.6715,-0.0931,0.0857,-0.2283,-0.9698,0.676,0.226,-0.7014,-0.7316,0.0917,-0.6755,-0.0884,0.9698,0.2273,0.0,-0.0,0.0001,0.0,0.0,0.0,-0.0855,0.0386,-0.0501,36.4699,20.8824,66.6888,0.0,0.0433,-0.365,0.0,0.0,0.0,3267817.4431,3563186.0936,-4692328.9325,4329.3841,3227.4343,5474.5413,3267780.9732,3563165.2113,-4692395.6213,4329.4697,3227.3958,5474.5914,0.0,0.0765,3.9732,0.0,0.0,1.0,0.0,1.0,0.0,0.0,1.172,-23.972,0.0,1.0,0.0,0.0,0.0,-1.0,3.5228336605636095,0.08516454661418682,-0.36829999999999996,3.216423553051586,12.98824539898553,,
199.4388,73.648,0.549,3.462,69.674,0.624,3.468,-0.064,-0.023,-0.088,-0.064,-0.022,-0.088,-0.311,0.084,-0.027,0.007,-0.001,0.001,0.0,-0.0,0.0,844.412,-1.0,0.0,-0.0,0.0,0.0,0.0,0.0,0.0,-0.6725,0.705,-0.2254,0.7351,0.6715,-0.0931,0.0857,-0.2283,-0.9698,0.676,0.226,-0.7014,-0.7316,0.0917,-0.6755,-0.0884,0.9698,0.2273,0.0,-0.0,0.0001,0.0,0.0,0.0,-0.09,0.0435,-0.0495,36.4523,20.8906,66.6788,0.0,0.0433,-0.365,0.0,0.0,0.0,3268685.6056,3563833.2556,-4691230.9027,4328.5254,3226.5078,5475.7682,3268649.1533,3563812.365,-4691297.5815,4328.6154,3226.4644,5475.8177,0.0,0.0765,3.9732,0.0,0.0,1.0,0.0,1.0,0.0,0.0,1.172,-23.972,0.0,1.0,0.0,0.0,0.0,-1.0,3.5052596194861234,0.09095603333479313,-0.36823999999999996,3.2106233205254915,12.986129475217028,,
199.6404,73.635,0.545,3.444,69.661,0.619,3.45,-0.064,-0.023,-0.095,-0.064,-0.022,-0.095,-0.31,0.083,-0.027,0.007,-0.001,0.001,0.0,-0.0,0.0,844.385,-1.0,0.0,-0.0,0.0,0.0,0.0,0.0,0.0,-0.6725,0.7049,-0.2254,0.7351,0.6715,-0.093,0.0858,-0.2283,-0.9698,0.676,0.226,-0.7014,-0.7316,0.0917,-0.6755,-0.0884,0.9698,0.2273,0.0,-0.0,0.0001,0.0,0.0,0.0,-0.0946,0.0484,-0.049,36.4337,20.8999,66.6689,0.0,0.0433,-0.365,0.0,0.0,0.0,3269557.7512,3564483.3289,-4690127.3678,4327.6623,3225.5767,5477.0007,3269521.3175,3564462.4291,-4690194.0367,4327.7569,3225.5283,5477.0497,0.0,0.0765,3.9732,0.0,0.0,1.0,0.0,1.0,0.0,0.0,1.172,-23.972,0.0,1.0,0.0,0.0,0.0,-1.0,3.4868554601531736,0.09774456506629921,-0.36817500000000003,3.1898727699131837,12.98383722446782,,
199.8452,73.621,0.54,3.424,69.648,0.615,3.43,-0.064,-0.022,-0.102,-0.064,-0.022,-0.102,-0.308,0.083,-0.026,0.008,-0.0,0.001,0.0,-0.0,0.0,844.358,-1.0,0.0,-0.0,0.0,0.0,0.0,0.0,0.0,-0.6725,0.7049,-0.2254,0.7351,0.6715,-0.093,0.0858,-0.2283,-0.9698,0.676,0.226,-0.7014,-0.7316,0.0917,-0.6755,-0.0884,0.9698,0.2273,0.0,-0.0,0.0001,0.0,0.0,0.0,-0.0992,0.0534,-0.0484,36.4138,20.9103,66.6589,0.0,0.0433,-0.365,0.0,0.0,0.0,3270445.3003,3565144.8239,-4689003.8621,4326.7836,3224.6287,5478.2549,3270408.8864,3565123.9136,-4689070.521,4326.8827,3224.5754,5478.3033,0.0,0.0765,3.9732,0.0,0.0,1.0,0.0,1.0,0.0,0.0,1.172,-23.972,0.0,1.0,0.0,0.0,0.0,-1.0,3.466320239100825,0.10434557968596465,-0.36810499999999996,3.182356081881877,12.981368646737899,,
200.0521,73.608,0.536,3.402,69.635,0.61,3.408,-0.064,-0.022,-0.109,-0.064,-0.022,-0.109,-0.307,0.083,-0.026,0.008,-0.0,0.001,0.0,-0.0,0.0,844.331,-1.0,0.0,-0.0,0.0,0.0,0.0,0.0,0.0,-0.6725,0.7049,-0.2254,0.7351,0.6716,-0.093,0.0858,-0.2282,-0.9698,0.676,0.226,-0.7014,-0.7316,0.0917,-0.6755,-0.0884,0.9698,0.2273,0.0,-0.0,0.0001,0.0,0.0,0.0,-0.1038,0.0584,-0.0478,36.3929,20.9219,66.6489,0.0,0.0433,-0.3649,0.0,0.0,0.0,3271339.776,3565811.421,-4687871.0942,4325.8975,3223.673,5479.5189,3271303.3831,3565790.4992,-4687937.7432,4326.0014,3223.6146,5479.5667,0.0,0.0765,3.9732,0.0,0.0,1.0,0.0,1.0,0.0,0.0,1.172,-23.972,0.0,1.0,0.0,0.0,0.0,-1.0,3.443965737344087,0.11119802156513398,-0.36804000000000003,3.158840690435865,12.97907639598869,,
200.2523,73.595,0.531,3.379,69.622,0.606,3.385,-0.065,-0.022,-0.115,-0.065,-0.022,-0.115,-0.305,0.083,-0.026,0.008,0.0,0.001,0.0,0.0,0.0,844.305,-1.0,0.0,-0.0,0.0,0.0,0.0,0.0,0.0,-0.6726,0.7049,-0.2254,0.7351,0.6716,-0.093,0.0858,-0.2282,-0.9698,0.676,0.226,-0.7014,-0.7316,0.0917,-0.6755,-0.0884,0.9698,0.2273,0.0,0.0,0.0001,0.0,0.0,0.0,-0.1083,0.0633,-0.0473,36.3716,20.9341,66.6394,0.0,0.0433,-0.3649,0.0,0.0,0.0,3272208.738,3566458.9456,-4686770.1661,4325.0364,3222.7442,5480.7467,3272172.3665,3566438.0115,-4686836.8055,4325.1447,3222.6809,5480.794,0.0,0.0765,3.9732,0.0,0.0,1.0,0.0,1.0,0.0,0.0,1.172,-23.972,0.0,1.0,0.0,0.0,0.0,-1.0,3.420468096620695,0.11708543888972701,-0.367975,3.149175880838508,12.97678414523948,,
200.459,73.582,0.526,3.355,69.609,0.601,3.361,-0.065,-0.022,-0.122,-0.065,-0.022,-0.122,-0.304,0.083,-0.026,0.008,0.0,0.001,0.0,0.0,0.0,844.277,-1.0,0.0,-0.0,0.0,0.0,0.0,0.0,0.0,-0.6726,0.7049,-0.2254,0.735,0.6716,-0.093,0.0858,-0.2282,-0.9698,0.676,0.226,-0.7014,-0.7316,0.0917,-0.6755,-0.0884,0.9698,0.2273,0.0,0.0,0.0001,0.0,0.0,0.0,-0.1129,0.0684,-0.0467,36.3488,20.9477,66.6297,0.0,0.0433,-0.3649,0.0,0.0,0.0,3273100.7327,3567123.5733,-4685639.5723,4324.152,3221.7904,5482.0071,3273064.384,3567102.6257,-4685706.202,4324.2649,3221.722,5482.0538,0.0,0.0765,3.9732,0.0,0.0,1.0,0.0,1.0,0.0,0.0,1.172,-23.972,0.0,1.0,0.0,0.0,0.0,-1.0,3.3959830682734564,0.12396773773849389,-0.36790999999999996,3.131377353421841,12.974491894490269,,
200.6605,73.569,0.522,3.33,69.596,0.597,3.336,-0.065,-0.022,-0.129,-0.065,-0.022,-0.129,-0.302,0.083,-0.026,0.008,0.001,0.001,0.0,0.0,0.0,844.251,-1.0,0.0,-0.0,0.0,0.0,0.0,0.0,0.0,-0.6726,0.7049,-0.2254,0.735,0.6716,-0.093,0.0858,-0.2282,-0.9698,0.676,0.226,-0.7014,-0.7316,0.0917,-0.6755,-0.0884,0.9698,0.2273,0.0,0.0,0.0001,0.0,0.0,0.0,-0.1175,0.0733,-0.0461,36.3256,20.9619,66.6204,0.0,0.0433,-0.3649,0.0,0.0,0.0,3273969.9887,3567771.1999,-4684537.3271,4323.2897,3220.8606,5483.2353,3273933.6631,3567750.238,-4684603.9474,4323.4072,3220.7873,5483.2814,0.0,0.0765,3.9732,0.0,0.0,1.0,0.0,1.0,0.0,0.0,1.172,-23.972,0.0,1.0,0.0,0.0,0.0,-1.0,3.3706652162444137,0.130862523283024,-0.36784500000000003,3.1132934896429956,12.97219964374106,,
200.867,73.555,0.517,3.302,69.582,0.592,3.308,-0.065,-0.022,-0.136,-0.065,-0.022,-0.136,-0.3,0.084,-0.026,0.008,0.001,0.0,0.0,0.0,0.0,844.224,-1.0,0.0,-0.0,0.0,0.0,0.0,0.0,0.0,-0.6726,0.7048,-0.2254,0.735,0.6716,-0.093,0.0858,-0.2282,-0.9698,0.676,0.226,-0.7014,-0.7316,0.0917,-0.6755,-0.0884,0.9698,0.2273,0.0,0.0,0.0001,0.0,0.0,0.0,-0.1221,0.0783,-0.0455,36.3008,20.9776,66.6109,0.0,0.0433,-0.3649,0.0,0.0,0.0,3274864.0904,3568437.277,-4683403.0898,4322.4024,3219.9038,5484.4986,3274827.7896,3568416.2994,-4683469.7007,4322.5245,3219.8254,5484.5441,0.0,0.0765,3.9732,0.0,0.0,1.0,0.0,1.0,0.0,0.0,1.172,-23.972,0.0,1.0,0.0,0.0,0.0,-1.0,3.342228747407933,0.13776792079435618,-0.367775,3.092826671333034,12.969731066011143,,
201.0717,73.542,0.513,3.274,69.569,0.587,3.281,-0.065,-0.022,-0.136,-0.065,-0.022,-0.136,-0.299,0.084,-0.026,0.008,0.001,0.0,0.0,0.0,0.0,844.222,-0.0,0.0,-0.0,0.0,0.0,0.0,0.0,0.0,-0.6726,0.7048,-0.2254,0.735,0.6717,-0.093,0.0858,-0.2282,-0.9698,0.676,0.226,-0.7014,-0.7316,0.0917,-0.6755,-0.0884,0.9698,0.2273,0.0,0.0,0.0001,0.0,0.0,0.0,-0.1225,0.0788,-0.0455,36.2758,20.9936,66.6016,0.0,0.0433,-0.3649,0.0,0.0,0.0,3275744.1491,3569092.8323,-4682286.1837,4321.5328,3218.9571,5485.7414,3275707.8733,3569071.8386,-4682352.7854,4321.6553,3218.8783,5485.7869,0.0,0.0765,3.9732,0.0,0.0,1.0,0.0,1.0,0.0,0.0,1.172,-23.972,0.0,1.0,0.0,0.0,0.0,-1.0,3.3139470424253914,0.13776792079435618,-0.36771,3.0783219618018105,12.967438815261932,,
201.2772,73.529,0.508,3.246,69.556,0.583,3.253,-0.065,-0.022,-0.136,-0.065,-0.022,-0.136,-0.297,0.084,-0.025,0.008,0.001,0.0,0.0,0.0,0.0,844.222,-0.0,0.0,-0.0,0.0,0.0,0.0,0.0,0.0,-0.6727,0.7048,-0.2254,0.735,0.6717,-0.093,0.0858,-0.2282,-0.9698,0.676,0.226,-0.7014,-0.7316,0.0917,-0.6755,-0.0884,0.9698,0.2273,0.0,0.0,0.0001,0.0,0.0,0.0,-0.1225,0.0788,-0.0455,36.2507,21.0098,66.5923,0.0,0.0433,-0.3649,0.0,0.0,0.0,3276631.2714,3569753.5874,-4681159.8298,4320.6562,3218.002,5486.9941,3276595.0207,3569732.5776,-4681226.422,4320.7787,3217.9232,5487.0396,0.0,0.0765,3.9732,0.0,0.0,1.0,0.0,1.0,0.0,0.0,1.172,-23.972,0.0,1.0,0.0,0.0,0.0,-1.0,3.285510614805559,0.13776792079435618,-0.367645,3.065389529619732,12.96514656451272,,
201.4831,73.516,0.503,3.218,69.542,0.578,3.224,-0.065,-0.022,-0.136,-0.065,-0.022,-0.136,-0.295,0.084,-0.025,0.008,0.001,0.0,0.0,0.0,0.0,844.222,-0.0,0.0,-0.0,0.0,0.0,0.0,0.0,0.0,-0.6727,0.7048,-0.2254,0.7349,0.6717,-0.093,0.0858,-0.2282,-0.9698,0.676,0.226,-0.7014,-0.7316,0.0917,-0.6755,-0.0884,0.9698,0.2273,0.0,0.0,0.0001,0.0,0.0,0.0,-0.1226,0.0787,-0.0455,36.2254,21.0261,66.5829,0.0,0.0433,-0.3649,0.0,0.0,0.0,3277523.8456,3570418.3405,-4680026.0644,4319.7737,3217.0406,5488.2545,3277487.6202,3570397.3144,-4680092.6472,4319.8963,3216.9619,5488.3,0.0,0.0765,3.9732,0.0,0.0,1.0,0.0,1.0,0.0,0.0,1.172,-23.972,0.0,1.0,0.0,0.0,0.0,-1.0,3.257074300656956,0.13776792079435618,-0.36758,3.0316567006041284,12.962854313763511,,
201.6846,73.503,0.499,3.191,69.529,0.574,3.197,-0.065,-0.022,-0.136,-0.065,-0.022,-0.136,-0.294,0.084,-0.025,0.008,0.001,0.0,0.0,0.0,0.0,844.222,-0.0,0.0,-0.0,0.0,0.0,0.0,0.0,0.0,-0.6727,0.7048,-0.2254,0.7349,0.6717,-0.093,0.0858,-0.2282,-0.9698,0.676,0.226,-0.7014,-0.7316,0.0917,-0.6755,-0.0884,0.9698,0.2273,0.0,0.0,0.0001,0.0,0.0,0.0,-0.1226,0.0787,-0.0455,36.2006,21.042,66.5737,0.0,0.0433,-0.3649,0.0,0.0,0.0,3278396.1601,3571067.9443,-4678917.5572,4318.9109,3216.1008,5489.4862,3278359.9594,3571046.9024,-4678984.1309,4319.0335,3216.022,5489.5317,0.0,0.0765,3.9732,0.0,0.0,1.0,0.0,1.0,0.0,0.0,1.172,-23.972,0.0,1.0,0.0,0.0,0.0,-1.0,3.2297804878969716,0.13776792079435618,-0.367515,3.0122707599366385,12.9605620630143,,
201.89,73.489,0.494,3.163,69.516,0.569,3.169,-0.065,-0.022,-0.136,-0.065,-0.022,-0.136,-0.292,0.084,-0.025,0.008,0.001,0.0,0.0,0.0,0.0,844.222,-0.0,0.0,-0.0,0.0,0.0,0.0,0.0,0.0,-0.6727,0.7047,-0.2254,0.7349,0.6718,-0.093,0.0858,-0.2282,-0.9698,0.676,0.226,-0.7014,-0.7316,0.0917,-0.6755,-0.0884,0.9698,0.2273,0.0,0.0,0.0001,0.0,0.0,0.0,-0.1226,0.0787,-0.0455,36.1755,21.0581,66.5644,0.0,0.0433,-0.3649,0.0,0.0,0.0,3279279.4847,3571725.6859,-4677794.5811,4318.0368,3215.1487,5490.7334,3279243.3091,3571704.6278,-4677861.1455,4318.1594,3215.0699,5490.779,0.0,0.0765,3.9732,0.0,0.0,1.0,0.0,1.0,0.0,0.0,1.172,-23.972,0.0,1.0,0.0,0.0,0.0,-1.0,3.2013442489054498,0.13776792079435618,-0.367445,2.9919815974131008,12.958093485284383,,
202.0933,73.476,0.49,3.135,69.503,0.565,3.141,-0.065,-0.022,-0.136,-0.065,-0.022,-0.136,-0.291,0.085,-0.025,0.008,0.001,0.0,0.0,0.0,0.0,844.222,-0.0,0.0,-0.0,0.0,0.0,0.0,0.0,0.0,-0.6727,0.7047,-0.2254,0.7349,0.6718,-0.093,0.0858,-0.2282,-0.9698,0.676,0.226,-0.7014,-0.7316,0.0917,-0.6755,-0.0884,0.9698,0.2273,0.0,0.0,0.0001,0.0,0.0,0.0,-0.1226,0.0787,-0.0455,36.1507,21.074,66.5551,0.0,0.0433,-0.3649,0.0,0.0,0.0,3280156.0124,3572378.3056,-4676679.7669,4317.169,3214.2035,5491.971,3280119.8617,3572357.2316,-4676746.3221,4317.2916,3214.1248,5492.0165,0.0,0.0765,3.9732,0.0,0.0,1.0,0.0,1.0,0.0,0.0,1.172,-23.972,0.0,1.0,0.0,0.0,0.0,-1.0,3.173062400899169,0.13776792079435618,-0.36738,2.971949491053777,12.955801234535173,,
202.3019,73.463,0.485,3.107,69.49,0.56,3.113,-0.065,-0.022,-0.136,-0.065,-0.022,-0.136,-0.289,0.085,-0.025,0.008,0.001,0.0,0.0,0.0,0.0,844.222,-0.0,0.0,-0.0,0.0,0.0,0.0,0.0,0.0,-0.6728,0.7047,-0.2253,0.7349,0.6718,-0.093,0.0858,-0.2282,-0.9698,0.676,0.226,-0.7014,-0.7316,0.0917,-0.6755,-0.0884,0.9698,0.2273,0.0,0.0,0.0001,0.0,0.0,0.0,-0.1226,0.0787,-0.0455,36.1252,21.0904,66.5457,0.0,0.0433,-0.3649,0.0,0.0,0.0,3281051.4065,3573044.9097,-4675540.4666,4316.2821,3213.2376,5493.2352,3281015.2812,3573023.8194,-4675607.0123,4316.4047,3213.159,5493.2807,0.0,0.0765,3.9732,0.0,0.0,1.0,0.0,1.0,0.0,0.0,1.172,-23.972,0.0,1.0,0.0,0.0,0.0,-1.0,3.1446262099015843,0.13776792079435618,-0.36731499999999995,2.9515290468843602,12.953508983785962,,
202.5088,73.449,0.48,3.079,69.476,0.555,3.085,-0.065,-0.023,-0.136,-0.065,-0.022,-0.136,-0.287,0.085,-0.025,0.008,0.001,0.0,0.0,0.0,0.0,844.222,-0.0,0.0,-0.0,0.0,0.0,0.0,0.0,0.0,-0.6728,0.7047,-0.2253,0.7349,0.6718,-0.093,0.0858,-0.2282,-0.9698,0.676,0.226,-0.7014,-0.7316,0.0917,-0.6755,-0.0884,0.9698,0.2273,0.0,0.0,0.0001,0.0,0.0,0.0,-0.1226,0.0787,-0.0455,36.0999,21.1066,66.5363,0.0,0.0433,-0.3649,0.0,0.0,0.0,3281944.2122,3573709.5238,-4674403.9644,4315.3973,3212.2742,5494.4956,3281908.1124,3573688.4172,-4674470.5007,4315.52,3212.1955,5494.5412,0.0,0.0765,3.9732,0.0,0.0,1.0,0.0,1.0,0.0,0.0,1.172,-23.972,0.0,1.0,0.0,0.0,0.0,-1.0,3.1161901418238265,0.1379311422413372,-0.367245,2.9311526856136503,12.951040406056043,,
202.7152,73.436,0.476,3.05,69.463,0.551,3.057,-0.065,-0.023,-0.136,-0.065,-0.022,-0.136,-0.286,0.085,-0.025,0.008,0.001,0.0,0.0,0.0,0.0,844.222,-0.0,0.0,-0.0,0.0,0.0,0.0,0.0,0.0,-0.6728,0.7047,-0.2253,0.7348,0.6718,-0.093,0.0858,-0.2282,-0.9698,0.676,0.226,-0.7014,-0.7316,0.0917,-0.6755,-0.0884,0.9698,0.2273,0.0,0.0,0.0001,0.0,0.0,0.0,-0.1227,0.0787,-0.0455,36.0745,21.1229,66.5268,0.0,0.0433,-0.3649,0.0,0.0,0.0,3282839.486,3574375.9114,-4673263.8276,4314.5097,3211.3077,5495.7595,3282803.4116,3574354.7884,-4673330.3544,4314.6324,3211.229,5495.8051,0.0,0.0765,3.9732,0.0,0.0,1.0,0.0,1.0,0.0,0.0,1.172,-23.972,0.0,1.0,0.0,0.0,0.0,-1.0,3.0869201479792117,0.1379311422413372,-0.36718000000000006,2.923492335948252,12.948748155306836,,
202.9175,73.423,0.471,3.022,69.45,0.546,3.029,-0.065,-0.023,-0.136,-0.065,-0.023,-0.136,-0.284,0.085,-0.025,0.008,0.001,0.0,0.0,0.0,0.0,844.222,-0.0,0.0,-0.0,0.0,0.0,0.0,0.0,0.0,-0.6728,0.7047,-0.2253,0.7348,0.6719,-0.093,0.0858,-0.2282,-0.9698,0.676,0.226,-0.7014,-0.7316,0.0917,-0.6755,-0.0884,0.9698,0.2273,0.0,0.0,0.0001,0.0,0.0,0.0,-0.1227,0.0786,-0.0456,36.0494,21.139,66.5175,0.0,0.0433,-0.3649,0.0,0.0,0.0,3283719.3396,3575030.7594,-4672142.843,4313.6369,3210.3575,5497.0016,3283683.2901,3575009.6204,-4672209.3605,4313.7596,3210.2788,5497.0472,0.0,0.0765,3.9732,0.0,0.0,1.0,0.0,1.0,0.0,0.0,1.172,-23.972,0.0,1.0,0.0,0.0,0.0,-1.0,3.058484101642511,0.1379311422413372,-0.367115,2.9030923411872482,12.946455904557624,,
203.1228,73.41,0.467,2.995,69.436,0.541,3.001,-0.065,-0.023,-0.136,-0.065,-0.023,-0.136,-0.282,0.085,-0.025,0.008,0.001,0.0,0.0,0.0,0.0,844.222,-0.0,0.0,-0.0,0.0,0.0,0.0,0.0,0.0,-0.6728,0.7046,-0.2253,0.7348,0.6719,-0.093,0.0858,-0.2282,-0.9698,0.676,0.226,-0.7014,-0.7316,0.0917,-0.6755,-0.0884,0.9698,0.2273,0.0,0.0,0.0001,0.0,0.0,0.0,-0.1227,0.0786,-0.0456,36.0244,21.1551,66.5082,0.0,0.0433,-0.3649,0.0,0.0,0.0,3284600.7613,3575686.7134,-4671019.3768,4312.7622,3209.4052,5498.2459,3284564.7369,3575665.5584,-4671085.885,4312.8849,3209.3266,5498.2914,0.0,0.0765,3.9732,0.0,0.0,1.0,0.0,1.0,0.0,0.0,1.172,-23.972,0.0,1.0,0.0,0.0,0.0,-1.0,3.031190195286334,0.1379311422413372,-0.36705,2.8627569124684227,12.944163653808413,,
203.3283,73.396,0.462,2.967,69.423,0.537,2.973,-0.065,-0.023,-0.136,-0.065,-0.023,-0.136,-0.281,0.086,-0.024,0.008,0.001,0.0,0.0,0.0,0.0,844.222,-0.0,0.0,-0.0,0.0,0.0,0.0,0.0,0.0,-0.6729,0.7046,-0.2253,0.7348,0.6719,-0.0931,0.0858,-0.2282,-0.9698,0.676,0.226,-0.7014,-0.7316,0.0917,-0.6755,-0.0884,0.9698,0.2273,0.0,0.0,0.0001,0.0,0.0,0.0,-0.1227,0.0786,-0.0456,35.9994,21.1711,66.4989,0.0,0.0433,-0.3649,0.0,0.0,0.0,3285480.1305,3576341.0781,-4669898.0491,4311.8891,3208.4548,5499.4872,3285444.1311,3576319.907,-4669964.548,4312.0118,3208.3761,5499.5328,0.0,0.0765,3.9732,0.0,0.0,1.0,0.0,1.0,0.0,0.0,1.172,-23.972,0.0,1.0,0.0,0.0,0.0,-1.0,3.0027542356976205,0.1379311422413372,-0.36698000000000003,2.8505140727468197,12.941695076078496,,
203.532,73.383,0.457,2.939,69.41,0.532,2.945,-0.065,-0.023,-0.136,-0.065,-0.023,-0.136,-0.279,0.086,-0.024,0.008,0.001,0.0,0.0,0.0,0.0,844.222,-0.0,0.0,-0.0,0.0,0.0,0.0,0.0,0.0,-0.6729,0.7046,-0.2253,0.7348,0.6719,-0.0931,0.0858,-0.2282,-0.9698,0.676,0.226,-0.7014,-0.7316,0.0917,-0.6755,-0.0884,0.9698,0.2273,0.0,0.0,0.0001,0.0,0.0,0.0,-0.1227,0.0786,-0.0456,35.9741,21.1873,66.4895,0.0,0.0433,-0.3649,0.0,0.0,0.0,3286369.3782,3577002.7314,-4668763.6359,4311.0058,3207.4933,5500.7424,3286333.4042,3576981.5441,-4668830.1254,4311.1285,3207.4147,5500.788,0.0,0.0765,3.9732,0.0,0.0,1.0,0.0,1.0,0.0,0.0,1.172,-23.972,0.0,1.0,0.0,0.0,0.0,-1.0,2.9743184093166626,0.1379311422413372,-0.366915,2.8301799050489986,12.939402825329285,,
203.7399,73.37,0.453,2.91,69.397,0.527,2.917,-0.065,-0.023,-0.136,-0.065,-0.023,-0.136,-0.277,0.086,-0.024,0.008,0.001,0.0,0.0,0.0,0.0,844.222,-0.0,0.0,-0.0,0.0,0.0,0.0,0.0,0.0,-0.6729,0.7046,-0.2253,0.7347,0.6719,-0.0931,0.0858,-0.2282,-0.9698,0.676,0.226,-0.7014,-0.7316,0.0917,-0.6755,-0.0884,0.9698,0.2273,0.0,0.0,0.0001,0.0,0.0,0.0,-0.1227,0.0786,-0.0456,35.9487,21.2035,66.4801,0.0,0.0433,-0.3649,0.0,0.0,0.0,3287259.7739,3577665.1762,-4667627.2637,4310.1209,3206.5302,5501.9992,3287223.8252,3577643.9727,-4667693.7439,4310.2437,3206.4516,5502.0448,0.0,0.0765,3.9732,0.0,0.0,1.0,0.0,1.0,0.0,0.0,1.172,-23.972,0.0,1.0,0.0,0.0,0.0,-1.0,2.9450482169227725,0.1379311422413372,-0.36685,2.814469559340276,12.937110574580077,,
203.9464,73.356,0.448,2.882,69.383,0.523,2.889,-0.065,-0.023,-0.136,-0.065,-0.023,-0.136,-0.276,0.086,-0.024,0.008,0.001,0.0,0.0,0.0,0.0,844.222,-0.0,0.0,-0.0,0.0,0.0,0.0,0.0,0.0,-0.6729,0.7046,-0.2253,0.7347,0.672,-0.0931,0.0858,-0.2282,-0.9698,0.676,0.226,-0.7014,-0.7316,0.0917,-0.6755,-0.0884,0.9698,0.2273,0.0,0.0,0.0001,0.0,0.0,0.0,-0.1228,0.0786,-0.0456,35.9234,21.2197,66.4707,0.0,0.0433,-0.3649,0.0,0.0,0.0,3288147.1133,3578325.2843,-4666494.3035,4309.2387,3205.57,5503.2516,3288111.1898,3578304.0646,-4666560.7742,4309.3614,3205.4914,5503.2972,0.0,0.0765,3.9732,0.0,0.0,1.0,0.0,1.0,0.0,0.0,1.172,-23.972,0.0,1.0,0.0,0.0,0.0,-1.0,2.9166124185431292,0.1379311422413372,-0.36678,2.802202928866636,12.934641996850155,,
204.1502,73.343,0.443,2.854,69.37,0.518,2.861,-0.065,-0.023,-0.136,-0.065,-0.023,-0.136,-0.274,0.086,-0.024,0.008,0.001,0.0,0.0,0.0,0.0,844.222,-0.0,0.0,-0.0,0.0,0.0,0.0,0.0,0.0,-0.6729,0.7045,-0.2253,0.7347,0.672,-0.0931,0.0859,-0.2282,-0.9698,0.676,0.226,-0.7014,-0.7316,0.0917,-0.6755,-0.0884,0.9698,0.2273,0.0,0.0,0.0001,0.0,0.0,0.0,-0.1228,0.0786,-0.0456,35.8983,21.2358,66.4614,0.0,0.0433,-0.3649,0.0,0.0,0.0,3289026.9999,3578979.7863,-4665370.376,4308.3634,3204.6175,5504.4935,3288991.1016,3578958.5505,-4665436.8374,4308.4862,3204.539,5504.5391,0.0,0.0765,3.9732,0.0,0.0,1.0,0.0,1.0,0.0,0.0,1.172,-23.972,0.0,1.0,0.0,0.0,0.0,-1.0,2.8881767605186495,0.1379311422413372,-0.366715,2.7818960868250415,12.932349746100947,,
204.3559,73.33,0.439,2.826,69.357,0.514,2.833,-0.065,-0.023,-0.136,-0.065,-0.023,-0.136,-0.273,0.086,-0.024,0.008,0.001,0.0,0.0,0.0,0.0,844.222,-0.0,0.0,-0.0,0.0,0.0,0.0,0.0,0.0,-0.673,0.7045,-0.2253,0.7347,0.672,-0.0931,0.0859,-0.2282,-0.9698,0.676,0.226,-0.7014,-0.7316,0.0917,-0.6755,-0.0884,0.9698,0.2273,0.0,0.0,0.0001,0.0,0.0,0.0,-0.1228,0.0786,-0.0456,35.8731,21.2519,66.452,0.0,0.0433,-0.3649,0.0,0.0,0.0,3289914.0773,3579639.5751,-4664236.7722,4307.4806,3203.6569,5505.7454,3289878.2042,3579618.3232,-4664303.2242,4307.6033,3203.5784,5505.791,0.0,0.0765,3.9732,0.0,0.0,1.0,0.0,1.0,0.0,0.0,1.172,-23.972,0.0,1.0,0.0,0.0,0.0,-1.0,2.8598945784766263,0.1379311422413372,-0.36665,2.762028857957132,12.930057495351736,,
204.5626,73.316,0.434,2.798,69.343,0.509,2.805,-0.065,-0.023,-0.136,-0.065,-0.023,-0.136,-0.271,0.087,-0.024,0.008,0.001,0.0,0.0,0.0,0.0,844.222,-0.0,0.0,-0.0,0.0,0.0,0.0,0.0,0.0,-0.673,0.7045,-0.2253,0.7347,0.672,-0.0931,0.0859,-0.2282,-0.9698,0.676,0.226,-0.7014,-0.7316,0.0917,-0.6755,-0.0884,0.9698,0.2273,0.0,0.0,0.0001,0.0,0.0,0.0,-0.1228,0.0785,-0.0456,35.8477,21.2681,66.4426,0.0,0.0433,-0.3649,0.0,0.0,0.0,3290803.1806,3580300.8079,-4663100.0886,4306.5953,3202.6937,5507.0002,3290767.3329,3580279.5398,-4663166.5312,4306.7181,3202.6152,5507.0458,0.0,0.0765,3.9732,0.0,0.0,1.0,0.0,1.0,0.0,0.0,1.172,-23.972,0.0,1.0,0.0,0.0,0.0,-1.0,2.8314589878718004,0.1379311422413372,-0.36658,2.7417868870718736,12.927588917621819,,
204.7658,73.303,0.429,2.771,69.33,0.504,2.777,-0.065,-0.023,-0.136,-0.065,-0.023,-0.136,-0.269,0.087,-0.024,0.008,0.001,0.0,0.0,0.0,0.0,844.222,-0.0,0.0,-0.0,0.0,0.0,0.0,0.0,0.0,-0.673,0.7045,-0.2253,0.7346,0.672,-0.0931,0.0859,-0.2281,-0.9698,0.676,0.226,-0.7014,-0.7316,0.0917,-0.6755,-0.0884,0.9698,0.2273,0.0,0.0,0.0001,0.0,0.0,0.0,-0.1228,0.0785,-0.0456,35.8228,21.2841,66.4333,0.0,0.0433,-0.3649,0.0,0.0,0.0,3291676.5723,3580950.2941,-4661983.0145,4305.7252,3201.7472,5508.2327,3291640.7495,3580929.01,-4662049.4478,4305.848,3201.6687,5508.2784,0.0,0.0765,3.9732,0.0,0.0,1.0,0.0,1.0,0.0,0.0,1.172,-23.972,0.0,1.0,0.0,0.0,0.0,-1.0,2.804011768876871,0.1379311422413372,-0.366515,2.7094364988950392,12.925296666872608,,
204.971,73.29,0.425,2.742,69.317,0.5,2.749,-0.065,-0.023,-0.136,-0.065,-0.023,-0.136,-0.268,0.087,-0.024,0.008,0.001,0.0,0.0,0.0,0.0,844.222,-0.0,0.0,-0.0,0.0,0.0,0.0,0.0,0.0,-0.673,0.7045,-0.2253,0.7346,0.6721,-0.0931,0.0859,-0.2281,-0.9698,0.676,0.226,-0.7014,-0.7316,0.0917,-0.6755,-0.0884,0.9698,0.2273,0.0,0.0,0.0001,0.0,0.0,0.0,-0.1228,0.0785,-0.0456,35.7975,21.3003,66.4239,0.0,0.0433,-0.3649,0.0,0.0,0.0,3292565.4451,3581611.2306,-4660845.6496,4304.8393,3200.7835,5509.4871,3292529.6476,3581589.9303,-4660912.0736,4304.9622,3200.705,5509.5327,0.0,0.0765,3.9732,0.0,0.0,1.0,0.0,1.0,0.0,0.0,1.172,-23.972,0.0,1.0,0.0,0.0,0.0,-1.0,2.7747412491978416,0.1379311422413372,-0.36645000000000005,2.7017296198367924,12.9230044161234,,
205.1788,73.277,0.42,2.714,69.303,0.495,2.721,-0.065,-0.023,-0.136,-0.065,-0.023,-0.136,-0.266,0.087,-0.024,0.008,0.001,0.0,0.0,0.0,0.0,844.222,-0.0,0.0,-0.0,0.0,0.0,0.0,0.0,0.0,-0.673,0.7044,-0.2253,0.7346,0.6721,-0.0931,0.0859,-0.2281,-0.9698,0.676,0.226,-0.7014,-0.7316,0.0917,-0.6755,-0.0884,0.9698,0.2273,0.0,0.0,0.0001,0.0,0.0,0.0,-0.1229,0.0785,-0.0456,35.7721,21.3165,66.4145,0.0,0.0433,-0.3649,0.0,0.0,0.0,3293454.7087,3582272.3946,-4659707.2912,4303.9527,3199.819,5510.7419,3293418.9366,3582251.078,-4659773.7057,4304.0755,3199.7405,5510.7876,0.0,0.0765,3.9732,0.0,0.0,1.0,0.0,1.0,0.0,0.0,1.172,-23.972,0.0,1.0,0.0,0.0,0.0,-1.0,2.746305882453737,0.1379311422413372,-0.366385,2.6813742938176213,12.920712165374189,,
205.3846,73.263,0.415,2.686,69.29,0.49,2.692,-0.065,-0.023,-0.136,-0.065,-0.023,-0.136,-0.264,0.087,-0.023,0.008,0.001,0.0,0.0,0.0,0.0,844.222,-0.0,0.0,-0.0,0.0,0.0,0.0,0.0,0.0,-0.6731,0.7044,-0.2253,0.7346,0.6721,-0.0931,0.0859,-0.2281,-0.9698,0.676,0.226,-0.7014,-0.7316,0.0917,-0.6755,-0.0884,0.9698,0.2273,0.0,0.0,0.0001,0.0,0.0,0.0,-0.1229,0.0785,-0.0457,35.7466,21.3328,66.405,0.0,0.0433,-0.3649,0.0,0.0,0.0,3294347.5768,3582936.1752,-4658563.8204,4303.0619,3198.8502,5512.0018,3294311.8303,3582914.8424,-4658630.2254,4303.1848,3198.7717,5512.0475,0.0,0.0765,3.9732,0.0,0.0,1.0,0.0,1.0,0.0,0.0,1.172,-23.972,0.0,1.0,0.0,0.0,0.0,-1.0,2.7178706738916034,0.1379311422413372,-0.366315,2.648677792249653,12.91824358764427,,
205.5933,73.25,0.411,2.658,69.277,0.485,2.664,-0.065,-0.023,-0.136,-0.065,-0.023,-0.136,-0.263,0.087,-0.023,0.008,0.001,0.0,0.0,0.0,0.0,844.222,-0.0,0.0,-0.0,0.0,0.0,0.0,0.0,0.0,-0.6731,0.7044,-0.2253,0.7346,0.6721,-0.0931,0.0859,-0.2281,-0.9698,0.676,0.226,-0.7014,-0.7316,0.0917,-0.6755,-0.0884,0.9698,0.2273,0.0,0.0,0.0001,0.0,0.0,0.0,-0.1229,0.0785,-0.0457,35.7213,21.3489,66.3956,0.0,0.0433,-0.3649,0.0,0.0,0.0,3295232.0462,3583593.6491,-4657430.6154,4302.1792,3197.8902,5513.2498,3295196.3249,3583572.3002,-4657497.011,4302.3021,3197.8117,5513.2955,0.0,0.0765,3.9732,0.0,0.0,1.0,0.0,1.0,0.0,0.0,1.172,-23.972,0.0,1.0,0.0,0.0,0.0,-1.0,2.689588258451468,0.1379311422413372,-0.36625,2.620538439420314,12.91595133689506,,
205.7972,73.236,0.406,2.63,69.263,0.481,2.636,-0.065,-0.023,-0.136,-0.065,-0.023,-0.136,-0.261,0.088,-0.023,0.008,0.001,0.0,0.0,0.0,0.0,844.222,-0.0,0.0,-0.0,0.0,0.0,0.0,0.0,0.0,-0.6731,0.7044,-0.2253,0.7345,0.6722,-0.0931,0.0859,-0.2281,-0.9698,0.676,0.226,-0.7014,-0.7316,0.0917,-0.6755,-0.0884,0.9698,0.2273,0.0,0.0,0.0001,0.0,0.0,0.0,-0.1229,0.0785,-0.0457,35.696,21.3651,66.3862,0.0,0.0433,-0.3649,0.0,0.0,0.0,3296117.8076,3584252.0206,-4656295.2659,4301.2947,3196.9283,5514.4996,3296082.1115,3584230.6556,-4656361.6521,4301.4176,3196.8499,5514.5453,0.0,0.0765,3.9732,0.0,0.0,1.0,0.0,1.0,0.0,0.0,1.172,-23.972,0.0,1.0,0.0,0.0,0.0,-1.0,2.6611531335118617,0.1379311422413372,-0.36618,2.6088783724748095,12.913482759165142,,
205.9975,73.223,0.401,2.602,69.25,0.476,2.609,-0.065,-0.023,-0.136,-0.065,-0.023,-0.136,-0.259,0.088,-0.023,0.008,0.001,0.0,0.0,0.0,0.0,844.222,-0.0,0.0,-0.0,0.0,0.0,0.0,0.0,0.0,-0.6731,0.7044,-0.2253,0.7345,0.6722,-0.0931,0.0859,-0.2281,-0.9698,0.676,0.226,-0.7014,-0.7316,0.0917,-0.6755,-0.0884,0.9698,0.2273,0.0,0.0,0.0001,0.0,0.0,0.0,-0.1229,0.0784,-0.0457,35.6715,21.3808,66.3771,0.0,0.0433,-0.3649,0.0,0.0,0.0,3296978.1804,3584891.4615,-4655191.9878,4300.4352,3195.9937,5515.7135,3296942.5089,3584870.0807,-4655258.3649,4300.5581,3195.9153,5515.7592,0.0,0.0765,3.9732,0.0,0.0,1.0,0.0,1.0,0.0,0.0,1.172,-23.972,0.0,1.0,0.0,0.0,0.0,-1.0,2.6327181770937806,0.1379311422413372,-0.36611499999999997,2.6013677434564038,12.911190508415931,,
206.2033,73.21,0.397,2.574,69.237,0.472,2.581,-0.065,-0.023,-0.136,-0.065,-0.023,-0.136,-0.258,0.088,-0.023,0.008,0.001,0.0,0.0,0.0,0.0,844.222,-0.0,0.0,-0.0,0.0,0.0,0.0,0.0,0.0,-0.6732,0.7044,-0.2253,0.7345,0.6722,-0.0931,0.0859,-0.2281,-0.9698,0.676,0.226,-0.7014,-0.7316,0.0917,-0.6755,-0.0884,0.9698,0.2273,0.0,0.0,0.0001,0.0,0.0,0.0,-0.1229,0.0784,-0.0457,35.6461,21.3969,66.3677,0.0,0.0433,-0.3649,0.0,0.0,0.0,3297864.7617,3585550.3189,-4654054.6171,4299.5491,3195.0303,5516.9643,3297829.1156,3585528.9219,-4654120.9848,4299.672,3194.9518,5517.01,0.0,0.0765,3.9732,0.0,0.0,1.0,0.0,1.0,0.0,0.0,1.172,-23.972,0.0,1.0,0.0,0.0,0.0,-1.0,2.604435639442833,0.1379311422413372,-0.36605,2.581707242086677,12.90889825766672,,
206.4034,73.197,0.392,2.547,69.224,0.467,2.553,-0.065,-0.023,-0.136,-0.065,-0.023,-0.136,-0.256,0.088,-0.023,0.008,0.001,0.0,0.0,0.0,0.0,844.222,-0.0,0.0,-0.0,0.0,0.0,0.0,0.0,0.0,-0.6732,0.7043,-0.2253,0.7345,0.6722,-0.0931,0.0859,-0.2281,-0.9698,0.676,0.226,-0.7014,-0.7316,0.0917,-0.6755,-0.0884,0.9698,0.2273,0.0,0.0,0.0001,0.0,0.0,0.0,-0.1229,0.0784,-0.0457,35.6215,21.4126,66.3585,0.0,0.0433,-0.3649,0.0,0.0,0.0,3298725.9249,3586190.2267,-4652949.3829,4298.688,3194.0941,5518.1793,3298690.3033,3586168.8141,-4653015.7414,4298.8109,3194.0157,5518.2249,0.0,0.0765,3.9732,0.0,0.0,1.0,0.0,1.0,0.0,0.0,1.172,-23.972,0.0,1.0,0.0,0.0,0.0,-1.0,2.5769891346297915,0.1379311422413372,-0.365985,2.549752207183657,12.906606006917512,,
206.6075,73.184,0.387,2.519,69.211,0.462,2.526,-0.065,-0.023,-0.136,-0.065,-0.023,-0.136,-0.255,0.088,-0.023,0.008,0.001,0.0,0.0,0.0,0.0,844.222,-0.0,0.0,-0.0,0.0,0.0,0.0,0.0,0.0,-0.6732,0.7043,-0.2253,0.7345,0.6722,-0.0931,0.0859,-0.2281,-0.9698,0.676,0.226,-0.7014,-0.7316,0.0917,-0.6755,-0.0884,0.9698,0.2273,0.0,0.0,0.0001,0.0,0.0,0.0,-0.123,0.0784,-0.0457,35.5966,21.4285,66.3493,0.0,0.0433,-0.3649,0.0,0.0,0.0,3299595.8937,3586836.6175,-4651832.3755,4297.8176,3193.1479,5519.4066,3299560.2971,3586815.189,-4651898.7248,4297.9406,3193.0695,5519.4523,0.0,0.0765,3.9732,0.0,0.0,1.0,0.0,1.0,0.0,0.0,1.172,-23.972,0.0,1.0,0.0,0.0,0.0,-1.0,2.5485544922563457,0.1379311422413372,-0.36591999999999997,2.5422237721001233,12.9043137561683,,
206.8142,73.17,0.383,2.491,69.197,0.458,2.498,-0.065,-0.023,-0.136,-0.065,-0.023,-0.136,-0.253,0.088,-0.023,0.008,0.001,0.0,0.0,0.0,0.0,844.222,-0.0,0.0,-0.0,0.0,0.0,0.0,0.0,0.0,-0.6732,0.7043,-0.2253,0.7344,0.6723,-0.0931,0.0859,-0.2281,-0.9698,0.676,0.226,-0.7014,-0.7316,0.0917,-0.6755,-0.0884,0.9698,0.2273,0.0,0.0,0.0001,0.0,0.0,0.0,-0.123,0.0784,-0.0457,35.5711,21.4448,66.3398,0.0,0.0433,-0.3649,0.0,0.0,0.0,3300487.992,3587499.3875,-4650686.4629,4296.9248,3192.1774,5520.665,3300452.4209,3587477.9427,-4650752.8027,4297.0477,3192.099,5520.7107,0.0,0.0765,3.9732,0.0,0.0,1.0,0.0,1.0,0.0,0.0,1.172,-23.972,0.0,1.0,0.0,0.0,0.0,-1.0,2.520271810737882,0.1379311422413372,-0.36585,2.522669732539242,12.901845178438382,,
207.0226,73.157,0.378,2.463,69.184,0.453,2.469,-0.065,-0.023,-0.136,-0.065,-0.023,-0.136,-0.251,0.089,-0.023,0.008,0.001,0.0,0.0,0.0,0.0,844.222,-0.0,0.0,-0.0,0.0,0.0,0.0,0.0,0.0,-0.6732,0.7043,-0.2253,0.7344,0.6723,-0.0931,0.0859,-0.2281,-0.9698,0.676,0.226,-0.7014,-0.7316,0.0917,-0.6755,-0.0884,0.9698,0.2273,0.0,0.0,0.0001,0.0,0.0,0.0,-0.123,0.0784,-0.0457,35.5455,21.4611,66.3303,0.0,0.0433,-0.3649,0.0,0.0,0.0,3301381.8469,3588163.3987,-4649537.7918,4296.0297,3191.2045,5521.9259,3301346.3014,3588141.9376,-4649604.122,4296.1527,3191.1261,5521.9717,0.0,0.0765,3.9732,0.0,0.0,1.0,0.0,1.0,0.0,0.0,1.172,-23.972,0.0,1.0,0.0,0.0,0.0,-1.0,2.4918372739807872,0.1379311422413372,-0.36578499999999997,2.490239079345856,12.899552927689172,,
207.2291,73.143,0.373,2.434,69.17,0.448,2.441,-0.065,-0.023,-0.136,-0.065,-0.023,-0.136,-0.25,0.089,-0.022,0.008,0.001,0.0,0.0,0.0,0.0,844.222,-0.0,0.0,-0.0,0.0,0.0,0.0,0.0,0.0,-0.6733,0.7043,-0.2253,0.7344,0.6723,-0.0931,0.0859,-0.2281,-0.9698,0.676,0.226,-0.7014,-0.7316,0.0917,-0.6755,-0.0884,0.9698,0.2273,0.0,0.0,0.0001,0.0,0.0,0.0,-0.123,0.0784,-0.0457,35.52,21.4773,66.3208,0.0,0.0433,-0.3649,0.0,0.0,0.0,3302272.2986,3588824.818,-4648392.9959,4295.1376,3190.235,5523.182,3302236.7787,3588803.3406,-4648459.3167,4295.2606,3190.1566,5523.2277,0.0,0.0765,3.9732,0.0,0.0,1.0,0.0,1.0,0.0,0.0,1.172,-23.972,0.0,1.0,0.0,0.0,0.0,-1.0,2.462414465519564,0.1379311422413372,-0.365715,2.482075505418721,12.897084349959254,,
207.4349,73.13,0.368,2.406,69.157,0.443,2.413,-0.065,-0.023,-0.136,-0.065,-0.023,-0.136,-0.248,0.089,-0.022,0.008,0.001,0.0,0.0,0.0,0.0,844.222,-0.0,0.0,-0.0,0.0,0.0,0.0,0.0,0.0,-0.6733,0.7042,-0.2253,0.7344,0.6723,-0.0931,0.0859,-0.2281,-0.9698,0.676,0.226,-0.7014,-0.7316,0.0917,-0.6755,-0.0884,0.9698,0.2273,0.0,0.0,0.0001,0.0,0.0,0.0,-0.123,0.0784,-0.0457,35.4947,21.4935,66.3114,0.0,0.0433,-0.3649,0.0,0.0,0.0,3303155.9073,3589481.0916,-4647256.5033,4294.252,3189.2725,5524.4284,3303120.4127,3589459.5982,-4647322.8147,4294.375,3189.1942,5524.4741,0.0,0.0765,3.9732,0.0,0.0,1.0,0.0,1.0,0.0,0.0,1.172,-23.972,0.0,1.0,0.0,0.0,0.0,-1.0,2.433980279295623,0.1379311422413372,-0.36565,2.4621301654943726,12.894792099210044,,
207.6373,73.117,0.364,2.379,69.144,0.439,2.385,-0.065,-0.023,-0.136,-0.065,-0.023,-0.136,-0.246,0.089,-0.022,0.008,0.001,0.0,0.0,0.0,0.0,844.222,-0.0,0.0,-0.0,0.0,0.0,0.0,0.0,0.0,-0.6733,0.7042,-0.2253,0.7344,0.6723,-0.0931,0.0859,-0.2281,-0.9698,0.676,0.226,-0.7014,-0.7316,0.0917,-0.6755,-0.0884,0.9698,0.2273,0.0,0.0,0.0001,0.0,0.0,0.0,-0.123,0.0783,-0.0457,35.4698,21.5093,66.3021,0.0,0.0433,-0.3649,0.0,0.0,0.0,3304025.1212,3590126.6126,-4646138.0476,4293.3803,3188.3254,5525.6544,3303989.6515,3590105.1033,-4646204.3497,4293.5034,3188.247,5525.7001,0.0,0.0765,3.9732,0.0,0.0,1.0,0.0,1.0,0.0,0.0,1.172,-23.972,0.0,1.0,0.0,0.0,0.0,-1.0,2.4066858955833847,0.1379311422413372,-0.36558500000000005,2.4309881820840373,12.892499848460835,,
207.8446,73.103,0.359,2.35,69.13,0.434,2.357,-0.065,-0.023,-0.136,-0.065,-0.023,-0.136,-0.245,0.089,-0.022,0.008,0.001,0.0,0.0,0.0,0.0,844.222,-0.0,0.0,-0.0,0.0,0.0,0.0,0.0,0.0,-0.6733,0.7042,-0.2253,0.7343,0.6724,-0.0931,0.0859,-0.2281,-0.9698,0.676,0.226,-0.7014,-0.7316,0.0917,-0.6755,-0.0884,0.9698,0.2273,0.0,0.0,0.0001,0.0,0.0,0.0,-0.1231,0.0783,-0.0458,35.4442,21.5256,66.2926,0.0,0.0433,-0.3649,0.0,0.0,0.0,3304915.975,3590788.1413,-4644991.2542,4292.4866,3187.3542,5526.9109,3304880.5307,3590766.6158,-4645057.5468,4292.6096,3187.2759,5526.9566,0.0,0.0765,3.9732,0.0,0.0,1.0,0.0,1.0,0.0,0.0,1.172,-23.972,0.0,1.0,0.0,0.0,0.0,-1.0,2.3772633425853353,0.1379311422413372,-0.365515,2.4228136234599624,12.890031270730914,,
208.0455,73.09,0.354,2.323,69.117,0.429,2.33,-0.065,-0.023,-0.136,-0.065,-0.023,-0.136,-0.243,0.089,-0.022,0.008,0.001,0.0,0.0,0.0,0.0,844.222,-0.0,0.0,-0.0,0.0,0.0,0.0,0.0,0.0,-0.6733,0.7042,-0.2253,0.7343,0.6724,-0.0931,0.0859,-0.2281,-0.9698,0.676,0.226,-0.7014,-0.7316,0.0917,-0.6755,-0.0884,0.9698,0.2273,0.0,0.0,0.0001,0.0,0.0,0.0,-0.1231,0.0783,-0.0458,35.4196,21.5412,66.2835,0.0,0.0433,-0.3649,0.0,0.0,0.0,3305774.2589,3591425.4246,-4643885.9118,4291.6251,3186.4183,5528.1214,3305738.8393,3591403.8833,-4643952.1952,4291.7481,3186.34,5528.1671,0.0,0.0765,3.9732,0.0,0.0,1.0,0.0,1.0,0.0,0.0,1.172,-23.972,0.0,1.0,0.0,0.0,0.0,-1.0,2.349818078064768,0.1379311422413372,-0.36545,2.4035958014357535,12.887739019981705,,
208.2516,73.077,0.35,2.295,69.104,0.425,2.301,-0.065,-0.023,-0.136,-0.065,-0.023,-0.136,-0.241,0.09,-0.022,0.008,0.001,0.0,0.0,0.0,0.0,844.222,-0.0,0.0,-0.0,0.0,0.0,0.0,0.0,0.0,-0.6734,0.7042,-0.2253,0.7343,0.6724,-0.0931,0.0859,-0.2281,-0.9698,0.676,0.226,-0.7014,-0.7316,0.0917,-0.6755,-0.0884,0.9698,0.2273,0.0,0.0,0.0001,0.0,0.0,0.0,-0.1231,0.0783,-0.0458,35.3942,21.5574,66.274,0.0,0.0433,-0.3649,0.0,0.0,0.0,3306659.8784,3592082.942,-4642744.8825,4290.7357,3185.4521,5529.3704,3306624.4842,3592061.3846,-4642811.1565,4290.8588,3185.3738,5529.4161,0.0,0.0765,3.9732,0.0,0.0,1.0,0.0,1.0,0.0,0.0,1.172,-23.972,0.0,1.0,0.0,0.0,0.0,-1.0,2.3215350525029765,0.1379311422413372,-0.365385,2.372025704893439,12.885446769232495,,
208.4594,73.063,0.345,2.267,69.09,0.42,2.273,-0.065,-0.023,-0.136,-0.065,-0.023,-0.136,-0.24,0.09,-0.022,0.008,0.001,0.0,0.0,0.0,0.0,844.222,-0.0,0.0,-0.0,0.0,0.0,0.0,0.0,0.0,-0.6734,0.7041,-0.2253,0.7343,0.6724,-0.0931,0.0859,-0.2281,-0.9698,0.676,0.226,-0.7014,-0.7316,0.0917,-0.6755,-0.0884,0.9698,0.2273,0.0,0.0,0.0001,0.0,0.0,0.0,-0.1231,0.0783,-0.0458,35.3686,21.5737,66.2645,0.0,0.0433,-0.3649,0.0,0.0,0.0,3307553.8636,3592746.6064,-4641592.5733,4289.8376,3184.4765,5530.6311,3307518.495,3592725.0327,-4641658.8378,4289.9607,3184.3982,5530.6769,0.0,0.0765,3.9732,0.0,0.0,1.0,0.0,1.0,0.0,0.0,1.172,-23.972,0.0,1.0,0.0,0.0,0.0,-1.0,2.2931013933099424,0.1379311422413372,-0.365315,2.352297494962536,12.882978191502577,,
208.6665,73.05,0.34,2.238,69.077,0.415,2.245,-0.065,-0.023,-0.136,-0.065,-0.023,-0.136,-0.238,0.09,-0.022,0.008,0.001,0.0,0.0,0.0,0.0,844.222,-0.0,0.0,-0.0,0.0,0.0,0.0,0.0,0.0,-0.6734,0.7041,-0.2252,0.7343,0.6725,-0.0931,0.0859,-0.2281,-0.9698,0.676,0.226,-0.7014,-0.7316,0.0917,-0.6755,-0.0884,0.9698,0.2273,0.0,0.0,0.0001,0.0,0.0,0.0,-0.1231,0.0783,-0.0458,35.3431,21.5899,66.255,0.0,0.0433,-0.3649,0.0,0.0,0.0,3308442.7586,3593406.4284,-4640446.3244,4288.9441,3183.506,5531.8846,3308407.4156,3593384.8385,-4640512.5794,4289.0672,3183.4277,5531.9304,0.0,0.0765,3.9732,0.0,0.0,1.0,0.0,1.0,0.0,0.0,1.172,-23.972,0.0,1.0,0.0,0.0,0.0,-1.0,2.263679305908856,0.1379311422413372,-0.36524999999999996,2.3440892089378176,12.880685940753366,,
208.8725,73.037,0.335,2.21,69.063,0.41,2.217,-0.065,-0.023,-0.136,-0.065,-0.023,-0.136,-0.236,0.09,-0.022,0.008,0.001,0.0,0.0,0.0,0.0,844.222,-0.0,0.0,-0.0,0.0,0.0,0.0,0.0,0.0,-0.6734,0.7041,-0.2252,0.7342,0.6725,-0.0931,0.0859,-0.2281,-0.9698,0.676,0.226,-0.7014,-0.7316,0.0917,-0.6755,-0.0884,0.9698,0.2273,0.0,0.0,0.0001,0.0,0.0,0.0,-0.1231,0.0783,-0.0458,35.3177,21.6061,66.2455,0.0,0.0433,-0.3649,0.0,0.0,0.0,3309326.8055,3594062.5886,-4639305.8312,4288.055,3182.5404,5533.1313,3309291.4877,3594040.9825,-4639372.0768,4288.1782,3182.4622,5533.1771,0.0,0.0765,3.9732,0.0,0.0,1.0,0.0,1.0,0.0,0.0,1.172,-23.972,0.0,1.0,0.0,0.0,0.0,-1.0,2.2352460714650637,0.1379311422413372,-0.36518500000000004,2.3242082622290803,12.878393690004158,,
209.075,73.023,0.331,2.183,69.05,0.406,2.189,-0.065,-0.023,-0.136,-0.065,-0.023,-0.136,-0.235,0.09,-0.022,0.008,0.001,0.0,0.0,0.0,0.0,844.222,-0.0,0.0,-0.0,0.0,0.0,0.0,0.0,0.0,-0.6734,0.7041,-0.2252,0.7342,0.6725,-0.0931,0.0859,-0.2281,-0.9698,0.676,0.226,-0.7014,-0.7316,0.0917,-0.6755,-0.0884,0.9698,0.2273,0.0,0.0,0.0001,0.0,0.0,0.0,-0.1232,0.0783,-0.0458,35.2928,21.6219,66.2363,0.0,0.0433,-0.3649,0.0,0.0,0.0,3310194.3932,3594706.4708,-4638186.0944,4287.1821,3181.5925,5534.3547,3310159.1004,3594684.8489,-4638252.3307,4287.3053,3181.5142,5534.4005,0.0,0.0765,3.9732,0.0,0.0,1.0,0.0,1.0,0.0,0.0,1.172,-23.972,0.0,1.0,0.0,0.0,0.0,-1.0,2.2079515393232705,0.1379311422413372,-0.36511499999999997,2.2937612967342784,12.875925112274237,,
209.2816,73.01,0.326,2.154,69.037,0.401,2.161,-0.065,-0.023,-0.136,-0.065,-0.023,-0.136,-0.233,0.09,-0.021,0.008,0.001,0.0,0.0,0.0,0.0,844.222,-0.0,0.0,-0.0,0.0,0.0,0.0,0.0,0.0,-0.6735,0.7041,-0.2252,0.7342,0.6725,-0.0931,0.0859,-0.2281,-0.9698,0.676,0.226,-0.7014,-0.7316,0.0917,-0.6755,-0.0884,0.9698,0.2273,0.0,0.0,0.0001,0.0,0.0,0.0,-0.1232,0.0782,-0.0458,35.2673,21.6381,66.2268,0.0,0.0433,-0.3649,0.0,0.0,0.0,3311083.3743,3595366.1675,-4637038.2513,4286.2873,3180.6207,5535.6082,3311048.107,3595344.5293,-4637104.4781,4286.4105,3180.5425,5535.654,0.0,0.0765,3.9732,0.0,0.0,1.0,0.0,1.0,0.0,0.0,1.172,-23.972,0.0,1.0,0.0,0.0,0.0,-1.0,2.178529779461369,0.1379311422413372,-0.36505000000000004,2.2855485303035414,12.873632861525028,,
209.4833,72.997,0.321,2.127,69.024,0.396,2.133,-0.065,-0.023,-0.136,-0.065,-0.023,-0.136,-0.232,0.091,-0.021,0.008,0.001,0.0,0.0,0.0,0.0,844.222,-0.0,0.0,-0.0,0.0,0.0,0.0,0.0,0.0,-0.6735,0.7041,-0.2252,0.7342,0.6725,-0.0931,0.0859,-0.2281,-0.9698,0.676,0.226,-0.7014,-0.7316,0.0917,-0.6755,-0.0884,0.9698,0.2273,0.0,0.0,0.0001,0.0,0.0,0.0,-0.1232,0.0782,-0.0458,35.2426,21.6538,66.2176,0.0,0.0433,-0.3649,0.0,0.0,0.0,3311942.6581,3596003.7655,-4635928.279,4285.4219,3179.6811,5536.8198,3311907.4155,3595982.1116,-4635994.4966,4285.5451,3179.6029,5536.8656,0.0,0.0765,3.9732,0.0,0.0,1.0,0.0,1.0,0.0,0.0,1.172,-23.972,0.0,1.0,0.0,0.0,0.0,-1.0,2.1510857723484667,0.1379311422413372,-0.364985,2.2545952765370996,12.871340610775817,,
209.6885,72.983,0.316,2.099,69.01,0.391,2.105,-0.065,-0.023,-0.136,-0.065,-0.023,-0.136,-0.23,0.091,-0.021,0.008,0.001,0.0,0.0,0.0,0.0,844.222,-0.0,0.0,-0.0,0.0,0.0,0.0,0.0,0.0,-0.6735,0.704,-0.2252,0.7342,0.6726,-0.0931,0.086,-0.228,-0.9698,0.676,0.226,-0.7014,-0.7316,0.0917,-0.6755,-0.0884,0.9698,0.2273,0.0,0.0,0.0001,0.0,0.0,0.0,-0.1232,0.0782,-0.0458,35.2171,21.67,66.2081,0.0,0.0433,-0.3649,0.0,0.0,0.0,3312828.3194,3596660.8736,-4634783.7436,4284.5296,3178.7123,5538.0685,3312793.1023,3596639.2036,-4634849.9517,4284.6528,3178.6341,5538.1144,0.0,0.0765,3.9732,0.0,0.0,1.0,0.0,1.0,0.0,0.0,1.172,-23.972,0.0,1.0,0.0,0.0,0.0,-1.0,2.1226532924620547,0.1379311422413372,-0.36491500000000004,2.235093385881055,12.8688720330459,,
209.891,72.97,0.312,2.071,68.997,0.387,2.078,-0.065,-0.023,-0.136,-0.065,-0.023,-0.136,-0.228,0.091,-0.021,0.008,0.001,0.0,0.0,0.0,0.0,844.222,-0.0,0.0,-0.0,0.0,0.0,0.0,0.0,0.0,-0.6735,0.704,-0.2252,0.7341,0.6726,-0.0931,0.086,-0.228,-0.9698,0.676,0.226,-0.7014,-0.7316,0.0917,-0.6755,-0.0884,0.9698,0.2273,0.0,0.0,0.0001,0.0,0.0,0.0,-0.1232,0.0782,-0.0458,35.1923,21.6857,66.1989,0.0,0.0433,-0.3649,0.0,0.0,0.0,3313689.8144,3597299.9905,-4633669.9643,4283.6612,3177.7695,5539.2831,3313654.622,3597278.3048,-4633736.1632,4283.7844,3177.6913,5539.329,0.0,0.0765,3.9732,0.0,0.0,1.0,0.0,1.0,0.0,0.0,1.172,-23.972,0.0,1.0,0.0,0.0,0.0,-1.0,2.0943698336253798,0.1379311422413372,-0.36485,2.227988680744601,12.86657978229669,,
210.0926,72.957,0.307,2.044,68.983,0.382,2.05,-0.071,-0.023,-0.136,-0.071,-0.023,-0.136,-0.227,0.091,-0.021,0.008,0.001,-0.0,-0.0,0.0,0.0,844.204,-0.0,0.0,-1.0,0.0,0.0,0.0,0.0,0.0,-0.6735,0.704,-0.2252,0.7341,0.6726,-0.0931,0.086,-0.228,-0.9698,0.676,0.226,-0.7014,-0.7316,0.0917,-0.6755,-0.0884,0.9698,0.2273,-0.0,0.0,0.0001,0.0,0.0,0.0,-0.1246,0.0776,-0.0515,35.1672,21.7015,66.1892,0.0,0.0433,-0.3649,0.0,0.0,0.0,3314558.2505,3597944.1967,-4632546.732,4282.7841,3176.8183,5540.5019,3314523.0833,3597922.4952,-4632612.9212,4282.9087,3176.7406,5540.5534,0.0,0.0765,3.9732,0.0,0.0,1.0,0.0,1.0,0.0,0.0,1.172,-23.972,0.0,1.0,0.0,0.0,0.0,-1.0,2.0669264621655024,0.1379311422413372,-0.36478499999999997,2.1971187273580024,12.864287531547479,,
210.2991,72.941,0.302,2.015,68.968,0.377,2.022,-0.078,-0.023,-0.136,-0.078,-0.023,-0.136,-0.225,0.091,-0.021,0.008,0.001,-0.001,-0.0,0.0,0.0,844.182,-0.0,0.0,-1.0,0.0,0.0,0.0,0.0,0.0,-0.6736,0.704,-0.2252,0.7341,0.6726,-0.0931,0.086,-0.228,-0.9698,0.676,0.226,-0.7014,-0.7316,0.0917,-0.6755,-0.0884,0.9698,0.2273,-0.0,0.0,0.0001,0.0,0.0,0.0,-0.1263,0.0769,-0.0587,35.1413,21.7175,66.1778,0.0,0.0433,-0.3649,0.0,0.0,0.0,3315443.5147,3598600.8229,-4631401.2453,4281.8892,3175.8481,5541.7427,3315408.3734,3598579.1055,-4631467.423,4282.0155,3175.7711,5541.8014,0.0,0.0765,3.9732,0.0,0.0,1.0,0.0,1.0,0.0,0.0,1.172,-23.972,0.0,1.0,0.0,0.0,0.0,-1.0,2.0375055828144375,0.1379311422413372,-0.364705,2.189132034057273,12.861466299856144,,
210.5012,72.925,0.298,1.988,68.951,0.373,1.994,-0.086,-0.023,-0.136,-0.086,-0.023,-0.136,-0.223,0.091,-0.021,0.008,0.001,-0.001,-0.0,0.0,0.0,844.16,-0.0,0.0,-1.0,0.0,0.0,0.0,0.0,0.0,-0.6736,0.704,-0.2252,0.7341,0.6726,-0.0931,0.086,-0.228,-0.9698,0.676,0.226,-0.7014,-0.7316,0.0917,-0.6755,-0.0884,0.9698,0.2273,-0.0,0.0,0.0001,0.0,0.0,0.0,-0.1279,0.0762,-0.0657,35.1156,21.733,66.1652,0.0,0.0433,-0.3649,0.0,0.0,0.0,3316310.1634,3599243.58,-4630279.366,4281.0127,3174.8979,5542.9574,3316275.0479,3599221.8471,-4630345.5311,4281.1407,3174.8217,5543.0232,0.0,0.0765,3.9732,0.0,0.0,1.0,0.0,1.0,0.0,0.0,1.172,-23.972,0.0,1.0,0.0,0.0,0.0,-1.0,2.010210934205662,0.1379311422413372,-0.364625,2.158999586676841,12.858645068164808,,
210.7054,72.906,0.293,1.96,68.933,0.368,1.967,-0.093,-0.023,-0.136,-0.093,-0.023,-0.136,-0.222,0.092,-0.022,0.008,0.001,-0.002,-0.0,0.0,0.0,844.138,-0.0,0.0,-1.0,0.0,0.0,0.0,0.0,0.0,-0.6736,0.7039,-0.2252,0.7341,0.6727,-0.0931,0.086,-0.228,-0.9698,0.676,0.226,-0.7014,-0.7316,0.0917,-0.6755,-0.0884,0.9698,0.2273,-0.0,0.0,0.0001,0.0,0.0,0.0,-0.1296,0.0755,-0.0729,35.0893,21.7485,66.151,0.0,0.0433,-0.3649,0.0,0.0,0.0,3317183.5079,3599891.2418,-4629148.3366,4280.1291,3173.94,5544.1814,3317148.4186,3599869.4933,-4629214.4877,4280.2587,3173.8645,5544.2543,0.0,0.0765,3.9732,0.0,0.0,1.0,0.0,1.0,0.0,0.0,1.172,-23.972,0.0,1.0,0.0,0.0,0.0,-1.0,1.9817792510771728,0.1379311422413372,-0.36453,2.1516807635115827,12.855294855531348,,
210.9092,72.887,0.288,1.932,68.913,0.363,1.939,-0.1,-0.023,-0.136,-0.1,-0.024,-0.136,-0.22,0.092,-0.022,0.008,0.001,-0.003,-0.0,0.0,0.0,844.116,-0.0,0.0,-1.0,0.0,0.0,0.0,0.0,0.0,-0.6736,0.7039,-0.2252,0.7341,0.6727,-0.0931,0.086,-0.228,-0.9698,0.676,0.226,-0.7014,-0.7316,0.0917,-0.6755,-0.0884,0.9698,0.2273,-0.0,0.0,0.0001,0.0,0.0,0.0,-0.1313,0.0748,-0.08,35.0628,21.7637,66.1355,0.0,0.0433,-0.3649,0.0,0.0,0.0,3318053.0879,3600536.0504,-4628021.7028,4279.2488,3172.9858,5545.4001,3318018.0251,3600514.2867,-4628087.8383,4279.3801,3172.911,5545.4801,0.0,0.0765,3.9732,0.0,0.0,1.0,0.0,1.0,0.0,0.0,1.172,-23.972,0.0,1.0,0.0,0.0,0.0,-1.0,1.9533478952813295,0.1379311422413372,-0.364435,2.132319532505553,12.851944642897887,,
211.1134,72.865,0.283,1.904,68.892,0.358,1.911,-0.108,-0.023,-0.136,-0.108,-0.024,-0.136,-0.219,0.092,-0.023,0.008,0.001,-0.003,-0.0,0.0,0.0,844.093,-0.0,0.0,-1.0,0.0,0.0,0.0,0.0,0.0,-0.6736,0.7039,-0.2252,0.734,0.6727,-0.0931,0.086,-0.2281,-0.9698,0.676,0.226,-0.7014,-0.7316,0.0917,-0.6755,-0.0884,0.9698,0.2273,-0.0001,0.0,0.0001,0.0,0.0,0.0,-0.133,0.0741,-0.0871,35.0357,21.779,66.1184,0.0,0.0433,-0.3649,0.0,0.0,0.0,3318929.9026,3601186.1617,-4626885.2101,4278.3608,3172.0234,5546.6289,3318894.8669,3601164.3827,-4626951.3285,4278.4938,3171.9493,5546.7161,0.0,0.0765,3.9732,0.0,0.0,1.0,0.0,1.0,0.0,0.0,1.172,-23.972,0.0,1.0,0.0,0.0,0.0,-1.0,1.9249168813224118,0.1379311422413372,-0.36432499999999995,2.1134103544849467,12.8480654493223,,
211.3167,72.843,0.278,1.876,68.869,0.353,1.883,-0.115,-0.023,-0.136,-0.115,-0.024,-0.136,-0.217,0.092,-0.023,0.008,0.001,-0.004,-0.0,0.0,0.0,844.071,-0.0,0.0,-1.0,0.0,0.0,0.0,0.0,0.0,-0.6737,0.7039,-0.2252,0.734,0.6727,-0.0931,0.086,-0.2281,-0.9698,0.676,0.226,-0.7014,-0.7316,0.0917,-0.6755,-0.0884,0.9698,0.2273,-0.0001,0.0,0.0001,0.0,0.0,0.0,-0.1346,0.0734,-0.0942,35.0085,21.794,66.0999,0.0,0.0433,-0.3649,0.0,0.0,0.0,3319800.1964,3601831.3761,-4625756.689,4277.479,3171.0677,5547.8485,3319765.188,3601809.5822,-4625822.789,4277.6136,3170.9943,5547.9428,0.0,0.0765,3.9732,0.0,0.0,1.0,0.0,1.0,0.0,0.0,1.172,-23.972,0.0,1.0,0.0,0.0,0.0,-1.0,1.8964862245742782,0.1379311422413372,-0.364215,2.0941938632688113,12.844186255746715,,
211.5237,72.818,0.274,1.848,68.845,0.348,1.855,-0.123,-0.023,-0.136,-0.123,-0.024,-0.136,-0.215,0.092,-0.024,0.008,0.001,-0.005,-0.0,0.0,0.0,844.049,-0.0,0.0,-1.0,0.0,0.0,0.0,0.0,0.0,-0.6737,0.7038,-0.2253,0.734,0.6727,-0.0931,0.086,-0.2281,-0.9698,0.676,0.226,-0.7014,-0.7316,0.0917,-0.6755,-0.0884,0.9698,0.2273,-0.0001,0.0,0.0001,0.0,0.0,0.0,-0.1363,0.0727,-0.1014,34.9805,21.809,66.0798,0.0,0.0433,-0.3649,0.0,0.0,0.0,3320682.452,3602485.3964,-4624612.1638,4276.5847,3170.0986,5549.0849,3320647.4715,3602463.5874,-4624678.2436,4276.721,3170.0259,5549.1863,0.0,0.0765,3.9732,0.0,0.0,1.0,0.0,1.0,0.0,0.0,1.172,-23.972,0.0,1.0,0.0,0.0,0.0,-1.0,1.868202344501259,0.1379311422413372,-0.36408999999999997,2.0660381765250215,12.839778081229003,,
211.7268,72.793,0.269,1.821,68.819,0.344,1.827,-0.13,-0.024,-0.136,-0.13,-0.024,-0.136,-0.214,0.093,-0.025,0.008,0.001,-0.005,-0.0,0.0,0.0,844.027,-0.0,0.0,-1.0,0.0,0.0,0.0,0.0,0.0,-0.6737,0.7038,-0.2253,0.734,0.6728,-0.0931,0.086,-0.2281,-0.9698,0.676,0.226,-0.7014,-0.7316,0.0917,-0.6755,-0.0884,0.9698,0.2273,-0.0001,0.0,0.0001,0.0,0.0,0.0,-0.138,0.072,-0.1085,34.9527,21.8237,66.0585,0.0,0.0433,-0.3649,0.0,0.0,0.0,3321550.6621,3603128.943,-4623485.3761,4275.7041,3169.1445,5550.3015,3321515.7094,3603107.1193,-4623551.4345,4275.8421,3169.0725,5550.41,0.0,0.0765,3.9732,0.0,0.0,1.0,0.0,1.0,0.0,0.0,1.172,-23.972,0.0,1.0,0.0,0.0,0.0,-1.0,1.8407612555679238,0.13810141201305656,-0.36396500000000004,2.04605311866537,12.835369906711293,,
211.9308,72.765,0.264,1.793,68.792,0.339,1.799,-0.137,-0.024,-0.136,-0.137,-0.024,-0.136,-0.212,0.093,-0.026,0.008,0.001,-0.006,-0.0,0.0,0.0,844.005,-0.0,0.0,-1.0,0.0,0.0,0.0,0.0,0.0,-0.6737,0.7038,-0.2253,0.734,0.6728,-0.0932,0.086,-0.2281,-0.9698,0.676,0.226,-0.7014,-0.7316,0.0917,-0.6755,-0.0884,0.9698,0.2273,-0.0001,0.0,0.0001,0.0,0.0,0.0,-0.1397,0.0713,-0.1156,34.9243,21.8384,66.0355,0.0,0.0433,-0.3649,0.0,0.0,0.0,3322425.7466,3603777.5228,-4622349.1849,4274.8162,3168.1824,5551.5277,3322390.8223,3603755.6844,-4622415.2204,4274.9559,3168.1111,5551.6433,0.0,0.0765,3.9732,0.0,0.0,1.0,0.0,1.0,0.0,0.0,1.172,-23.972,0.0,1.0,0.0,0.0,0.0,-1.0,1.812331371466046,0.13810141201305656,-0.363825,2.02749976757928,12.830432751251454,,
212.1344,72.737,0.259,1.765,68.763,0.334,1.772,-0.145,-0.024,-0.136,-0.145,-0.024,-0.136,-0.21,0.093,-0.028,0.008,0.001,-0.006,-0.0,0.0,0.0,843.983,-0.0,0.0,-1.0,0.0,0.0,0.0,0.0,0.0,-0.6738,0.7038,-0.2253,0.7339,0.6728,-0.0932,0.086,-0.2281,-0.9698,0.676,0.226,-0.7014,-0.7316,0.0917,-0.6755,-0.0884,0.9698,0.2273,-0.0001,0.0,0.0001,0.0,0.0,0.0,-0.1414,0.0706,-0.1227,34.8957,21.8528,66.0113,0.0,0.0433,-0.3649,0.0,0.0,0.0,3323294.1793,3604421.1117,-4621221.1441,4273.9346,3167.2273,5552.7445,3323259.2836,3604399.259,-4621287.1554,4274.076,3167.1568,5552.8672,0.0,0.0765,3.9732,0.0,0.0,1.0,0.0,1.0,0.0,0.0,1.172,-23.972,0.0,1.0,0.0,0.0,0.0,-1.0,1.7839019031325685,0.13810141201305656,-0.363685,2.0199513503578106,12.825495595791615,,
212.3362,72.707,0.254,1.737,68.733,0.329,1.744,-0.152,-0.024,-0.136,-0.152,-0.024,-0.136,-0.209,0.093,-0.029,0.008,0.001,-0.007,-0.0,0.0,0.0,843.961,-0.0,0.0,-1.0,0.0,0.0,0.0,0.0,0.0,-0.6738,0.7038,-0.2253,0.7339,0.6728,-0.0932,0.086,-0.2281,-0.9698,0.676,0.226,-0.7014,-0.7316,0.0917,-0.6755,-0.0884,0.9698,0.2273,-0.0001,0.0,0.0001,0.0,0.0,0.0,-0.143,0.0699,-0.1298,34.8669,21.867,65.9857,0.0,0.0433,-0.3649,0.0,0.0,0.0,3324159.7936,3605062.5505,-4620096.2892,4273.0555,3166.275,5553.9573,3324124.9267,3605040.6835,-4620162.275,4273.1985,3166.2051,5554.0871,0.0,0.0765,3.9732,0.0,0.0,1.0,0.0,1.0,0.0,0.0,1.172,-23.972,0.0,1.0,0.0,0.0,0.0,-1.0,1.7554728707673042,0.13810141201305656,-0.36353499999999994,2.001295379814778,12.820205786370362,,
212.5403,72.675,0.25,1.71,68.702,0.324,1.717,-0.159,-0.024,-0.136,-0.159,-0.024,-0.136,-0.207,0.093,-0.03,0.008,0.001,-0.008,-0.0,0.0,0.0,843.939,-0.0,0.0,-1.0,0.0,0.0,0.0,0.0,0.0,-0.6738,0.7037,-0.2253,0.7339,0.6728,-0.0932,0.086,-0.2282,-0.9698,0.676,0.226,-0.7014,-0.7316,0.0917,-0.6755,-0.0884,0.9698,0.2273,-0.0001,0.0,0.0001,0.0,0.0,0.0,-0.1447,0.0692,-0.1369,34.8377,21.8811,65.9586,0.0,0.0433,-0.3649,0.0,0.0,0.0,3325027.9674,3605705.8246,-4618967.629,4272.1733,3165.3194,5555.1736,3324993.1297,3605683.9435,-4619033.5877,4272.318,3165.2503,5555.3105,0.0,0.0765,3.9732,0.0,0.0,1.0,0.0,1.0,0.0,0.0,1.172,-23.972,0.0,1.0,0.0,0.0,0.0,-1.0,1.7281782315490493,0.13810141201305656,-0.363375,1.9737964582295189,12.814563322987691,,
212.7435,72.642,0.245,1.682,68.669,0.319,1.689,-0.166,-0.024,-0.136,-0.166,-0.024,-0.136,-0.206,0.093,-0.032,0.008,0.001,-0.007,-0.0,0.0,0.0,843.915,-0.0,0.0,-1.0,0.0,0.0,0.0,0.0,0.0,-0.6738,0.7037,-0.2253,0.7339,0.6729,-0.0932,0.086,-0.2282,-0.9698,0.676,0.226,-0.7014,-0.7316,0.0917,-0.6755,-0.0884,0.9698,0.2273,-0.0001,0.0,0.0001,0.0,0.0,0.0,-0.1464,0.0685,-0.144,34.8082,21.895,65.9302,0.0,0.0433,-0.3648,0.0,0.0,0.0,3325894.2852,3606347.6623,-4617840.9038,4271.2927,3164.3656,5556.3873,3325859.4771,3606325.7672,-4617906.834,4271.439,3164.2971,5556.5313,0.0,0.0765,3.9732,0.0,0.0,1.0,0.0,1.0,0.0,0.0,1.172,-23.972,0.0,1.0,0.0,0.0,0.0,-1.0,1.6997496874540086,0.13810141201305656,-0.36321,1.9552288949876893,12.808744532624312,,
212.9459,72.607,0.24,1.654,68.634,0.314,1.661,-0.174,-0.024,-0.136,-0.174,-0.024,-0.136,-0.204,0.094,-0.033,0.008,0.001,-0.007,-0.0,0.0,0.0,843.893,-0.0,0.0,-1.0,0.0,0.0,0.0,0.0,0.0,-0.6738,0.7037,-0.2253,0.7339,0.6729,-0.0933,0.086,-0.2282,-0.9698,0.676,0.226,-0.7014,-0.7316,0.0917,-0.6755,-0.0884,0.9698,0.2273,-0.0001,0.0,0.0001,0.0,0.0,0.0,-0.1481,0.0678,-0.1511,34.7782,21.9089,65.9002,0.0,0.0433,-0.3648,0.0,0.0,0.0,3326763.41,3606991.5183,-4616710.0456,4270.4087,3163.4082,5557.6049,3326728.6318,3606969.6094,-4616775.9457,4270.5568,3163.3405,5557.756,0.0,0.0765,3.9732,0.0,0.0,1.0,0.0,1.0,0.0,0.0,1.172,-23.972,0.0,1.0,0.0,0.0,0.0,-1.0,1.6713216327206442,0.13810141201305656,-0.363035,1.9367462114516028,12.802573088299516,,
213.1487,72.571,0.235,1.627,68.598,0.309,1.634,-0.181,-0.024,-0.136,-0.181,-0.024,-0.136,-0.202,0.094,-0.035,0.008,0.001,-0.008,-0.0,0.0,0.0,843.871,-0.0,0.0,-1.0,0.0,0.0,0.0,0.0,0.0,-0.6739,0.7037,-0.2254,0.7338,0.6729,-0.0933,0.086,-0.2282,-0.9698,0.676,0.226,-0.7014,-0.7316,0.0917,-0.6755,-0.0884,0.9698,0.2273,-0.0001,0.0,0.0001,0.0,0.0,0.0,-0.1497,0.067,-0.1582,34.748,21.9226,65.8688,0.0,0.0433,-0.3648,0.0,0.0,0.0,3327629.4282,3607633.0116,-4615582.7507,4269.5275,3162.4539,5558.8181,3327594.6802,3607611.0891,-4615648.6195,4269.6773,3162.3869,5558.9763,0.0,0.0765,3.9732,0.0,0.0,1.0,0.0,1.0,0.0,0.0,1.172,-23.972,0.0,1.0,0.0,0.0,0.0,-1.0,1.6438838158458766,0.13810141201305656,-0.362855,1.918912774705746,12.796225316994011,,
213.3546,72.534,0.23,1.599,68.56,0.304,1.606,-0.188,-0.024,-0.136,-0.188,-0.024,-0.136,-0.201,0.094,-0.036,0.008,0.001,-0.007,-0.0,0.0,0.0,843.847,-0.0,0.0,-1.0,0.0,0.0,0.0,0.0,0.0,-0.6739,0.7036,-0.2254,0.7338,0.6729,-0.0933,0.086,-0.2283,-0.9698,0.676,0.226,-0.7014,-0.7316,0.0917,-0.6755,-0.0884,0.9698,0.2273,-0.0001,0.0,0.0001,0.0,0.0,0.0,-0.1514,0.0663,-0.1653,34.7171,21.9362,65.8356,0.0,0.0433,-0.3648,0.0,0.0,0.0,3328504.1573,3608280.8956,-4614443.6295,4268.6371,3161.4897,5560.0435,3328469.4402,3608258.9593,-4614509.4652,4268.7885,3161.4234,5560.2088,0.0,0.0765,3.9732,0.0,0.0,1.0,0.0,1.0,0.0,0.0,1.172,-23.972,0.0,1.0,0.0,0.0,0.0,-1.0,1.615456901313062,0.13810141201305656,-0.36267000000000005,1.9003798601208355,12.7897012187078,,
213.5582,72.494,0.225,1.571,68.521,0.299,1.578,-0.196,-0.024,-0.136,-0.196,-0.024,-0.136,-0.199,0.094,-0.038,0.008,0.001,-0.007,-0.0,0.0,0.0,843.825,-0.0,0.0,-1.0,0.0,0.0,0.0,0.0,0.0,-0.6739,0.7036,-0.2254,0.7338,0.6729,-0.0933,0.086,-0.2283,-0.9698,0.676,0.226,-0.7014,-0.7316,0.0917,-0.6755,-0.0884,0.9698,0.2273,-0.0001,0.0,0.0001,0.0,0.0,0.0,-0.1531,0.0656,-0.1724,34.6861,21.9496,65.8013,0.0,0.0433,-0.3648,0.0,0.0,0.0,3329373.0793,3608924.4166,-4613311.5862,4267.7521,3160.5315,5561.2607,3329338.3932,3608902.467,-4613377.3875,4267.9052,3160.4659,5561.4331,0.0,0.0765,3.9732,0.0,0.0,1.0,0.0,1.0,0.0,0.0,1.172,-23.972,0.0,1.0,0.0,0.0,0.0,-1.0,1.5870305605123047,0.13810141201305656,-0.36247,1.88232538494642,12.782648139479459,,
213.7605,72.454,0.221,1.543,68.481,0.294,1.55,-0.203,-0.024,-0.136,-0.203,-0.024,-0.136,-0.197,0.094,-0.039,0.008,0.001,-0.008,-0.0,0.0,0.0,843.803,-0.0,0.0,-1.0,0.0,0.0,0.0,0.0,0.0,-0.6739,0.7036,-0.2254,0.7338,0.6729,-0.0933,0.086,-0.2283,-0.9698,0.676,0.226,-0.7014,-0.7316,0.0917,-0.6755,-0.0884,0.9698,0.2273,-0.0001,0.0,0.0001,0.0,0.0,0.0,-0.1548,0.0649,-0.1795,34.6548,21.9629,65.7655,0.0,0.0433,-0.3648,0.0,0.0,0.0,3330240.6682,3609566.8885,-4612180.7992,4266.8681,3159.5744,5562.4759,3330206.0133,3609544.9256,-4612246.5647,4267.0228,3159.5094,5562.6554,0.0,0.0765,3.9732,0.0,0.0,1.0,0.0,1.0,0.0,0.0,1.172,-23.972,0.0,1.0,0.0,0.0,0.0,-1.0,1.5587462910942242,0.13810141201305656,-0.36227,1.854109125551157,12.77559506025112,,
213.9667,72.411,0.216,1.515,68.438,0.289,1.522,-0.211,-0.024,-0.136,-0.211,-0.024,-0.136,-0.196,0.094,-0.041,0.008,0.001,-0.007,-0.0,0.0,0.0,843.78,-0.0,0.0,-1.0,0.0,0.0,0.0,0.0,0.0,-0.6739,0.7036,-0.2254,0.7338,0.673,-0.0934,0.086,-0.2283,-0.9698,0.676,0.226,-0.7014,-0.7316,0.0917,-0.6755,-0.0884,0.9698,0.2273,-0.0001,0.0,0.0001,0.0,0.0,0.0,-0.1565,0.0642,-0.1867,34.6229,21.9762,65.7279,0.0,0.0433,-0.3648,0.0,0.0,0.0,3331116.9469,3610215.7333,-4611038.197,4265.9747,3158.6073,5563.7033,3331082.3241,3610193.7571,-4611103.9249,4266.1312,3158.5431,5563.89,0.0,0.0765,3.9732,0.0,0.0,1.0,0.0,1.0,0.0,0.0,1.172,-23.972,0.0,1.0,0.0,0.0,0.0,-1.0,1.530320554655135,0.13810141201305656,-0.362055,1.8359598891996898,12.768013000080657,,
214.1699,72.368,0.211,1.488,68.394,0.284,1.495,-0.218,-0.024,-0.136,-0.218,-0.025,-0.136,-0.194,0.095,-0.042,0.008,0.001,-0.008,-0.0,0.0,0.0,843.758,-0.0,0.0,-1.0,0.0,0.0,0.0,0.0,0.0,-0.674,0.7035,-0.2254,0.7337,0.673,-0.0934,0.086,-0.2283,-0.9698,0.676,0.226,-0.7014,-0.7316,0.0917,-0.6755,-0.0884,0.9698,0.2273,-0.0001,0.0,0.0001,0.0,0.0,0.0,-0.1581,0.0635,-0.1938,34.5908,21.9892,65.6891,0.0,0.0433,-0.3648,0.0,0.0,0.0,3331985.9685,3610859.1421,-4609904.5742,4265.0884,3157.6479,5564.9204,3331951.3777,3610837.1529,-4609970.2633,4265.2466,3157.5844,5565.1142,0.0,0.0765,3.9732,0.0,0.0,1.0,0.0,1.0,0.0,0.0,1.172,-23.972,0.0,1.0,0.0,0.0,0.0,-1.0,1.502885557851961,0.13810141201305656,-0.36184,1.8182474532609614,12.760430939910192,,
214.3752,72.322,0.206,1.46,68.349,0.279,1.467,-0.225,-0.024,-0.136,-0.225,-0.025,-0.136,-0.193,0.095,-0.044,0.008,0.001,-0.007,-0.0,0.0,0.0,843.734,-0.0,0.0,-1.0,0.0,0.0,0.0,0.0,0.0,-0.674,0.7035,-0.2255,0.7337,0.673,-0.0934,0.086,-0.2284,-0.9698,0.676,0.226,-0.7014,-0.7316,0.0917,-0.6755,-0.0884,0.9698,0.2273,-0.0001,0.0,0.0001,0.0,0.0,0.0,-0.1598,0.0628,-0.201,34.5582,22.0021,65.6487,0.0,0.0433,-0.3648,0.0,0.0,0.0,3332860.2711,3611506.3988,-4608763.5721,4264.1963,3156.6822,5566.145,3332825.7129,3611484.3967,-4608829.2208,4264.3561,3156.6194,5566.3459,0.0,0.0765,3.9732,0.0,0.0,1.0,0.0,1.0,0.0,0.0,1.172,-23.972,0.0,1.0,0.0,0.0,0.0,-1.0,1.4744612575445988,0.13810141201305656,-0.36161,1.8004503362128723,12.752319898797605,,
214.58,72.275,0.201,1.432,68.302,0.274,1.439,-0.233,-0.024,-0.136,-0.233,-0.025,-0.136,-0.191,0.095,-0.045,0.008,0.001,-0.008,-0.0,0.0,0.0,843.712,-0.0,0.0,-1.0,0.0,0.0,0.0,0.0,0.0,-0.674,0.7035,-0.2255,0.7337,0.673,-0.0934,0.086,-0.2284,-0.9698,0.676,0.226,-0.7014,-0.7316,0.0917,-0.6755,-0.0884,0.9698,0.2273,-0.0001,0.0,0.0001,0.0,0.0,0.0,-0.1615,0.0621,-0.2081,34.5253,22.0149,65.6067,0.0,0.0433,-0.3648,0.0,0.0,0.0,3333734.583,3612153.5995,-4607622.0704,4263.3037,3155.7162,5567.3694,3333700.0578,3612131.5846,-4607687.6771,4263.4652,3155.6541,5567.5776,0.0,0.0765,3.9732,0.0,0.0,1.0,0.0,1.0,0.0,0.0,1.172,-23.972,0.0,1.0,0.0,0.0,0.0,-1.0,1.4460376896886196,0.13810141201305656,-0.361375,1.7825407742606931,12.744032530704308,,
214.7832,72.227,0.196,1.404,68.254,0.269,1.411,-0.24,-0.024,-0.136,-0.24,-0.025,-0.136,-0.189,0.095,-0.047,0.008,0.001,-0.007,-0.0,0.0,0.0,843.688,-0.0,0.0,-1.0,0.0,0.0,0.0,0.0,0.0,-0.674,0.7035,-0.2255,0.7337,0.673,-0.0934,0.086,-0.2284,-0.9698,0.676,0.226,-0.7014,-0.7316,0.0917,-0.6755,-0.0884,0.9698,0.2273,-0.0001,0.0,0.0001,0.0,0.0,0.0,-0.1632,0.0614,-0.2152,34.4922,22.0274,65.5637,0.0,0.0433,-0.3648,0.0,0.0,0.0,3334602.187,3612795.7735,-4606488.8376,4262.4176,3154.7572,5568.5845,3334567.6948,3612773.746,-4606554.4013,4262.5808,3154.6958,5568.7997,0.0,0.0765,3.9732,0.0,0.0,1.0,0.0,1.0,0.0,0.0,1.172,-23.972,0.0,1.0,0.0,0.0,0.0,-1.0,1.417614898341577,0.13810141201305656,-0.36113500000000004,1.7647111200798413,12.7355688356303,,
214.9879,72.177,0.191,1.376,68.204,0.264,1.383,-0.247,-0.024,-0.136,-0.247,-0.025,-0.136,-0.188,0.095,-0.048,0.008,0.001,-0.008,-0.0,0.0,0.0,843.666,-0.0,0.0,-1.0,0.0,0.0,0.0,0.0,0.0,-0.674,0.7034,-0.2255,0.7337,0.6731,-0.0935,0.086,-0.2284,-0.9697,0.676,0.226,-0.7014,-0.7316,0.0917,-0.6755,-0.0884,0.9698,0.2273,-0.0001,0.0,0.0001,0.0,0.0,0.0,-0.1649,0.0607,-0.2224,34.4586,22.0399,65.5189,0.0,0.0433,-0.3648,0.0,0.0,0.0,3335473.9459,3613440.9599,-4605349.6957,4261.5268,3153.7932,5569.8053,3335439.4872,3613418.92,-4605415.2146,4261.6917,3153.7326,5570.0276,0.0,0.0765,3.9732,0.0,0.0,1.0,0.0,1.0,0.0,0.0,1.172,-23.972,0.0,1.0,0.0,0.0,0.0,-1.0,1.3891929311654303,0.13810141201305656,-0.360885,1.7469763311900608,12.726752486594878,,
215.1919,72.126,0.186,1.349,68.153,0.259,1.355,-0.255,-0.024,-0.136,-0.255,-0.025,-0.136,-0.186,0.096,-0.049,0.008,0.001,-0.007,-0.0,0.0,0.0,843.642,-0.0,0.0,-1.0,0.0,0.0,0.0,0.0,0.0,-0.6741,0.7034,-0.2255,0.7336,0.6731,-0.0935,0.086,-0.2285,-0.9697,0.676,0.226,-0.7014,-0.7316,0.0917,-0.6755,-0.0884,0.9698,0.2273,-0.0001,0.0,0.0001,0.0,0.0,0.0,-0.1665,0.06,-0.2295,34.425,22.0522,65.473,0.0,0.0433,-0.3648,0.0,0.0,0.0,3336339.4063,3614081.4237,-4604218.2988,4260.642,3152.8359,5571.0172,3336304.9813,3614059.3715,-4604283.7718,4260.8086,3152.7759,5571.2467,0.0,0.0765,3.9732,0.0,0.0,1.0,0.0,1.0,0.0,0.0,1.172,-23.972,0.0,1.0,0.0,0.0,0.0,-1.0,1.3617624609306866,0.13810141201305656,-0.36063,1.7194787228011346,12.717759810578746,,
215.3954,72.074,0.181,1.321,68.101,0.254,1.328,-0.262,-0.024,-0.136,-0.262,-0.025,-0.136,-0.185,0.096,-0.051,0.008,0.001,-0.007,-0.0,0.0,0.0,843.62,-0.0,0.0,-1.0,0.0,0.0,0.0,0.0,0.0,-0.6741,0.7034,-0.2255,0.7336,0.6731,-0.0935,0.086,-0.2285,-0.9697,0.676,0.226,-0.7014,-0.7316,0.0917,-0.6755,-0.0884,0.9698,0.2273,-0.0001,0.0,0.0001,0.0,0.0,0.0,-0.1682,0.0593,-0.2366,34.3909,22.0643,65.4256,0.0,0.0433,-0.3648,0.0,0.0,0.0,3337207.4677,3614723.7505,-4603083.0182,4259.7542,3151.8753,5572.2328,3337173.0768,3614701.6862,-4603148.4437,4259.9224,3151.816,5572.4693,0.0,0.0765,3.9732,0.0,0.0,1.0,0.0,1.0,0.0,0.0,1.172,-23.972,0.0,1.0,0.0,0.0,0.0,-1.0,1.3333424166357268,0.13810141201305656,-0.36036999999999997,1.7123043283054513,12.708590807581905,,
215.5986,72.02,0.176,1.293,68.046,0.249,1.3,-0.269,-0.024,-0.136,-0.269,-0.025,-0.136,-0.183,0.096,-0.052,0.008,0.001,-0.006,-0.0,0.0,0.0,843.597,-0.0,0.0,-1.0,0.0,0.0,0.0,0.0,0.0,-0.6741,0.7034,-0.2256,0.7336,0.6731,-0.0935,0.0861,-0.2285,-0.9697,0.676,0.226,-0.7014,-0.7316,0.0917,-0.6755,-0.0884,0.9698,0.2273,-0.0001,0.0,0.0001,0.0,0.0,0.0,-0.1699,0.0586,-0.2437,34.3564,22.0763,65.3767,0.0,0.0433,-0.3648,0.0,0.0,0.0,3338075.004,3615365.6266,-4601947.9419,4258.8665,3150.9149,5573.4475,3338040.6476,3615343.5503,-4602013.3186,4259.0364,3150.8563,5573.6912,0.0,0.0765,3.9732,0.0,0.0,1.0,0.0,1.0,0.0,0.0,1.172,-23.972,0.0,1.0,0.0,0.0,0.0,-1.0,1.3049233693976057,0.13810141201305656,-0.3601,1.6946351462799463,12.699069150623647,,
215.8007,71.964,0.171,1.266,67.991,0.244,1.272,-0.277,-0.024,-0.136,-0.277,-0.025,-0.136,-0.181,0.096,-0.054,0.008,0.001,-0.007,-0.0,0.0,0.0,843.575,-0.0,0.0,-1.0,0.0,0.0,0.0,0.0,0.0,-0.6741,0.7033,-0.2256,0.7336,0.6731,-0.0935,0.0861,-0.2285,-0.9697,0.676,0.226,-0.7014,-0.7316,0.0917,-0.6755,-0.0884,0.9698,0.2273,-0.0001,0.0,0.0001,0.0,0.0,0.0,-0.1716,0.0578,-0.2507,34.3219,22.0881,65.3266,0.0,0.0433,-0.3648,0.0,0.0,0.0,3338936.9662,3616003.3171,-4600819.6808,4257.984,3149.9603,5574.6544,3338902.6443,3615981.229,-4600885.0075,4258.1556,3149.9024,5574.9051,0.0,0.0765,3.9732,0.0,0.0,1.0,0.0,1.0,0.0,0.0,1.172,-23.972,0.0,1.0,0.0,0.0,0.0,-1.0,1.2774963796426195,0.13810141201305656,-0.35982,1.6678711964483692,12.689194839703973,,
216.003,71.908,0.166,1.238,67.935,0.239,1.245,-0.284,-0.024,-0.136,-0.284,-0.025,-0.136,-0.18,0.096,-0.055,0.008,0.001,-0.008,-0.0,0.0,0.0,843.553,-0.0,0.0,-1.0,0.0,0.0,0.0,0.0,0.0,-0.6741,0.7033,-0.2256,0.7336,0.6731,-0.0936,0.0861,-0.2285,-0.9697,0.676,0.226,-0.7014,-0.7316,0.0917,-0.6755,-0.0884,0.9698,0.2273,-0.0001,0.0,0.0001,0.0,0.0,0.0,-0.1732,0.0572,-0.2578,34.2871,22.0997,65.2754,0.0,0.0433,-0.3648,0.0,0.0,0.0,3339795.229,3616638.2107,-4599695.7822,4257.105,3149.0094,5575.8561,3339760.9419,3616616.111,-4599761.0575,4257.2782,3148.9523,5576.1139,0.0,0.0765,3.9732,0.0,0.0,1.0,0.0,1.0,0.0,0.0,1.172,-23.972,0.0,1.0,0.0,0.0,0.0,-1.0,1.2490796611905903,0.13810141201305656,-0.35954,1.6607167862991115,12.6793205287843,,
216.2086,71.849,0.161,1.21,67.875,0.234,1.217,-0.291,-0.024,-0.136,-0.291,-0.025,-0.136,-0.178,0.096,-0.057,0.008,0.001,-0.007,-0.0,0.0,0.0,843.529,-0.0,0.0,-1.0,0.0,0.0,0.0,0.0,0.0,-0.6742,0.7033,-0.2256,0.7335,0.6732,-0.0936,0.0861,-0.2286,-0.9697,0.676,0.226,-0.7014,-0.7316,0.0917,-0.6755,-0.0884,0.9698,0.2273,-0.0001,0.0,0.0001,0.0,0.0,0.0,-0.1749,0.0564,-0.265,34.2513,22.1113,65.2216,0.0,0.0433,-0.3648,0.0,0.0,0.0,3340671.119,3617286.0809,-4598548.315,4256.2075,3148.0386,5577.0824,3340636.8677,3617263.9696,-4598613.5365,4256.3824,3147.9822,5577.3473,0.0,0.0765,3.9732,0.0,0.0,1.0,0.0,1.0,0.0,0.0,1.172,-23.972,0.0,1.0,0.0,0.0,0.0,-1.0,1.2206641634782271,0.13810141201305656,-0.35924500000000004,1.6433409314961285,12.6689172369225,,
216.4123,71.789,0.156,1.182,67.815,0.229,1.189,-0.299,-0.024,-0.136,-0.299,-0.025,-0.136,-0.176,0.097,-0.058,0.008,0.001,-0.007,-0.0,0.0,0.0,843.507,-0.0,0.0,-1.0,0.0,0.0,0.0,0.0,0.0,-0.6742,0.7033,-0.2256,0.7335,0.6732,-0.0936,0.0861,-0.2286,-0.9697,0.676,0.226,-0.7014,-0.7316,0.0917,-0.6755,-0.0884,0.9698,0.2273,-0.0001,0.0,0.0001,0.0,0.0,0.0,-0.1766,0.0557,-0.2721,34.2155,22.1227,65.1669,0.0,0.0433,-0.3647,0.0,0.0,0.0,3341537.1749,3617926.615,-4597413.2444,4255.3196,3147.0784,5578.2949,3341502.9593,3617904.4923,-4597478.4113,4255.4962,3147.0227,5578.5669,0.0,0.0765,3.9732,0.0,0.0,1.0,0.0,1.0,0.0,0.0,1.172,-23.972,0.0,1.0,0.0,0.0,0.0,-1.0,1.192249973789054,0.13810141201305656,-0.358945,1.626267429577351,12.658337618079992,,
216.6134,71.728,0.152,1.155,67.755,0.224,1.162,-0.306,-0.024,-0.136,-0.306,-0.025,-0.136,-0.175,0.097,-0.06,0.008,0.001,-0.006,-0.0,0.0,0.0,843.484,-0.0,0.0,-1.0,0.0,0.0,0.0,0.0,0.0,-0.6742,0.7032,-0.2256,0.7335,0.6732,-0.0936,0.0861,-0.2286,-0.9697,0.676,0.226,-0.7014,-0.7316,0.0917,-0.6755,-0.0884,0.9698,0.2273,-0.0001,0.0,0.0001,0.0,0.0,0.0,-0.1783,0.055,-0.2791,34.1799,22.1339,65.1115,0.0,0.0433,-0.3647,0.0,0.0,0.0,3342392.408,3618559.084,-4596291.8837,4254.4424,3146.1298,5579.4922,3342358.2281,3618536.9502,-4596356.9953,4254.6207,3146.0748,5579.7712,0.0,0.0765,3.9732,0.0,0.0,1.0,0.0,1.0,0.0,0.0,1.172,-23.972,0.0,1.0,0.0,0.0,0.0,-1.0,1.1649587975546603,0.13810141201305656,-0.35863999999999996,1.5990106008330653,12.647581672256775,,
216.8197,71.665,0.146,1.127,67.692,0.219,1.134,-0.306,-0.024,-0.136,-0.306,-0.025,-0.136,-0.173,0.097,-0.061,0.008,0.001,-0.007,-0.0,0.0,0.0,843.483,-0.0,0.0,-0.0,0.0,0.0,0.0,0.0,0.0,-0.6742,0.7032,-0.2256,0.7335,0.6732,-0.0936,0.0861,-0.2286,-0.9697,0.676,0.226,-0.7014,-0.7316,0.0917,-0.6755,-0.0884,0.9698,0.2273,-0.0001,0.0,0.0001,0.0,0.0,0.0,-0.1783,0.055,-0.2793,34.1431,22.1452,65.0541,0.0,0.0433,-0.3647,0.0,0.0,0.0,3343267.7085,3619206.3312,-4595143.7203,4253.5459,3145.1592,5580.7244,3343233.5654,3619184.186,-4595208.7743,4253.7242,3145.1042,5581.0038,0.0,0.0765,3.9732,0.0,0.0,1.0,0.0,1.0,0.0,0.0,1.172,-23.972,0.0,1.0,0.0,0.0,0.0,-1.0,1.1364176168997029,0.13810141201305656,-0.358325,1.5931616486911013,12.636473072472144,,
217.0205,71.603,0.142,1.1,67.63,0.214,1.107,-0.306,-0.024,-0.136,-0.306,-0.025,-0.136,-0.172,0.097,-0.062,0.008,0.001,-0.007,-0.0,0.0,0.0,843.483,-0.0,0.0,-0.0,0.0,0.0,0.0,0.0,0.0,-0.6742,0.7032,-0.2257,0.7335,0.6732,-0.0936,0.0861,-0.2287,-0.9697,0.676,0.226,-0.7014,-0.7316,0.0917,-0.6755,-0.0884,0.9698,0.2273,-0.0001,0.0,0.0001,0.0,0.0,0.0,-0.1783,0.055,-0.2794,34.1073,22.1562,64.998,0.0,0.0433,-0.3647,0.0,0.0,0.0,3344121.8051,3619837.8378,-4594022.8938,4252.6707,3144.2119,5581.927,3344087.6978,3619815.6816,-4594087.8917,4252.849,3144.1569,5582.2064,0.0,0.0765,3.9732,0.0,0.0,1.0,0.0,1.0,0.0,0.0,1.172,-23.972,0.0,1.0,0.0,0.0,0.0,-1.0,1.1091275850865852,0.13810141201305656,-0.35801499999999997,1.5657247970227788,12.625540799668217,,
217.222,71.542,0.137,1.072,67.568,0.209,1.079,-0.305,-0.024,-0.136,-0.305,-0.025,-0.136,-0.17,0.097,-0.064,0.008,0.001,-0.007,-0.0,0.0,0.0,843.478,-0.0,0.0,1.0,0.0,0.0,0.0,0.0,0.0,-0.6743,0.7032,-0.2257,0.7335,0.6733,-0.0937,0.0861,-0.2287,-0.9697,0.676,0.226,-0.7014,-0.7316,0.0917,-0.6755,-0.0884,0.9698,0.2273,-0.0001,0.0,0.0001,0.0,0.0,0.0,-0.178,0.0551,-0.2778,34.0713,22.1673,64.9416,0.0,0.0433,-0.3647,0.0,0.0,0.0,3344980.5602,3620472.7281,-4592895.4775,4251.7907,3143.2591,5583.1377,3344946.4889,3620450.5608,-4592960.4192,4251.9687,3143.204,5583.4155,0.0,0.0765,3.9732,0.0,0.0,1.0,0.0,1.0,0.0,0.0,1.172,-23.972,0.0,1.0,0.0,0.0,0.0,-1.0,1.080718742319203,0.13810141201305656,-0.35771000000000003,1.5487483229042969,12.614784853845002,,
217.429,71.48,0.132,1.044,67.506,0.204,1.051,-0.297,-0.024,-0.136,-0.297,-0.025,-0.136,-0.168,0.098,-0.065,0.008,0.001,-0.007,-0.0,0.0,0.0,843.455,-0.0,0.0,1.0,0.0,0.0,0.0,0.0,0.0,-0.6743,0.7031,-0.2257,0.7334,0.6733,-0.0937,0.0861,-0.2287,-0.9697,0.676,0.226,-0.7014,-0.7316,0.0917,-0.6755,-0.0884,0.9698,0.2273,-0.0001,0.0,0.0001,0.0,0.0,0.0,-0.1762,0.0559,-0.2703,34.0348,22.1787,64.8851,0.0,0.0433,-0.3647,0.0,0.0,0.0,3345857.0532,3621120.6689,-4591744.283,4250.8935,3142.2869,5584.3793,3345823.0184,3621098.4901,-4591809.1681,4251.0697,3142.231,5584.6496,0.0,0.0765,3.9732,0.0,0.0,1.0,0.0,1.0,0.0,0.0,1.172,-23.972,0.0,1.0,0.0,0.0,0.0,-1.0,1.0523117408829001,0.13810141201305656,-0.3574,1.5320974401535337,12.603852581041076,,
217.6346,71.419,0.127,1.016,67.445,0.198,1.023,-0.296,-0.024,-0.136,-0.296,-0.025,-0.136,-0.167,0.098,-0.066,0.008,0.001,-0.007,-0.0,0.0,0.0,843.453,-0.0,0.0,-0.0,0.0,0.0,0.0,0.0,0.0,-0.6743,0.7031,-0.2257,0.7334,0.6733,-0.0937,0.0861,-0.2287,-0.9697,0.676,0.226,-0.7014,-0.7316,0.0917,-0.6755,-0.0884,0.9698,0.2273,-0.0001,0.0,0.0001,0.0,0.0,0.0,-0.176,0.056,-0.2696,33.9985,22.1903,64.8295,0.0,0.0433,-0.3647,0.0,0.0,0.0,3346733.769,3621768.711,-4590592.2948,4249.9941,3141.3134,5585.6143,3346699.7705,3621746.5207,-4590657.1243,4250.1701,3141.2574,5585.8839,0.0,0.0765,3.9732,0.0,0.0,1.0,0.0,1.0,0.0,0.0,1.172,-23.972,0.0,1.0,0.0,0.0,0.0,-1.0,1.0239067340339159,0.13810141201305656,-0.357095,1.5035411374459082,12.59309663521786,,
217.8387,71.358,0.122,0.988,67.385,0.193,0.996,-0.296,-0.024,-0.136,-0.296,-0.025,-0.136,-0.165,0.098,-0.068,0.008,0.001,-0.007,-0.0,0.0,0.0,843.453,-0.0,0.0,-0.0,0.0,0.0,0.0,0.0,0.0,-0.6743,0.7031,-0.2257,0.7334,0.6733,-0.0937,0.0861,-0.2287,-0.9697,0.676,0.226,-0.7014,-0.7316,0.0917,-0.6755,-0.0884,0.9698,0.2273,-0.0001,0.0,0.0001,0.0,0.0,0.0,-0.176,0.056,-0.2696,33.9627,22.2017,64.7747,0.0,0.0433,-0.3647,0.0,0.0,0.0,3347597.4553,3622407.0597,-4589456.9407,4249.1074,3140.3539,5586.8302,3347563.4925,3622384.858,-4589521.7154,4249.2834,3140.2979,5587.0998,0.0,0.0765,3.9732,0.0,0.0,1.0,0.0,1.0,0.0,0.0,1.172,-23.972,0.0,1.0,0.0,0.0,0.0,-1.0,0.9955038925087134,0.13810141201305656,-0.35679,1.496550451997263,12.582340689394645,,
218.0448,71.298,0.117,0.961,67.325,0.188,0.968,-0.296,-0.024,-0.136,-0.296,-0.025,-0.136,-0.164,0.098,-0.069,0.008,0.001,-0.007,-0.0,0.0,0.0,843.453,-0.0,0.0,-0.0,0.0,0.0,0.0,0.0,0.0,-0.6744,0.7031,-0.2257,0.7334,0.6733,-0.0937,0.0861,-0.2288,-0.9697,0.676,0.226,-0.7014,-0.7316,0.0917,-0.6755,-0.0884,0.9698,0.2273,-0.0001,0.0,0.0001,0.0,0.0,0.0,-0.176,0.056,-0.2696,33.9267,22.2131,64.7195,0.0,0.0433,-0.3647,0.0,0.0,0.0,3348466.9183,3623049.6157,-4588313.5026,4248.2143,3139.3876,5588.0542,3348432.9916,3623027.4026,-4588378.2221,4248.3904,3139.3316,5588.3238,0.0,0.0765,3.9732,0.0,0.0,1.0,0.0,1.0,0.0,0.0,1.172,-23.972,0.0,1.0,0.0,0.0,0.0,-1.0,0.9680960696129284,0.13810141201305656,-0.35649000000000003,1.4713117554012154,12.571761070552137,,
218.25,71.236,0.112,0.932,67.263,0.183,0.939,-0.296,-0.024,-0.136,-0.296,-0.025,-0.136,-0.162,0.098,-0.071,0.008,0.001,-0.007,-0.0,0.0,0.0,843.453,-0.0,0.0,-0.0,0.0,0.0,0.0,0.0,0.0,-0.6744,0.703,-0.2257,0.7334,0.6733,-0.0938,0.0861,-0.2288,-0.9697,0.676,0.226,-0.7014,-0.7316,0.0917,-0.6755,-0.0884,0.9698,0.2273,-0.0001,0.0,0.0001,0.0,0.0,0.0,-0.1761,0.056,-0.2697,33.8902,22.2247,64.6635,0.0,0.0433,-0.3647,0.0,0.0,0.0,3349348.8759,3623701.3415,-4587153.1305,4247.308,3138.407,5589.2957,3349314.9857,3623679.1168,-4587217.794,4247.4841,3138.3511,5589.5654,0.0,0.0765,3.9732,0.0,0.0,1.0,0.0,1.0,0.0,0.0,1.172,-23.972,0.0,1.0,0.0,0.0,0.0,-1.0,0.9387054916213072,0.13810141201305656,-0.35618,1.454566627798826,12.560828797748211,,
218.4556,71.176,0.107,0.905,67.203,0.178,0.912,-0.296,-0.024,-0.136,-0.296,-0.025,-0.136,-0.16,0.099,-0.072,0.008,0.001,-0.007,-0.0,0.0,0.0,843.453,-0.0,0.0,-0.0,0.0,0.0,0.0,0.0,0.0,-0.6744,0.703,-0.2258,0.7333,0.6734,-0.0938,0.0861,-0.2288,-0.9697,0.676,0.226,-0.7014,-0.7316,0.0917,-0.6755,-0.0884,0.9698,0.2273,-0.0001,0.0,0.0001,0.0,0.0,0.0,-0.1761,0.0559,-0.2697,33.8542,22.2361,64.6084,0.0,0.0433,-0.3647,0.0,0.0,0.0,3350216.438,3624342.3664,-4586011.2074,4246.4161,3137.4421,5590.517,3350182.5839,3624320.1303,-4586075.8158,4246.5922,3137.3861,5590.7866,0.0,0.0765,3.9732,0.0,0.0,1.0,0.0,1.0,0.0,0.0,1.172,-23.972,0.0,1.0,0.0,0.0,0.0,-1.0,0.911303462080552,0.13810141201305656,-0.35588000000000003,1.4389000109479542,12.550249178905704,,
218.6603,71.115,0.102,0.877,67.142,0.173,0.884,-0.296,-0.024,-0.136,-0.296,-0.025,-0.136,-0.159,0.099,-0.073,0.008,0.001,-0.007,-0.0,0.0,0.0,843.453,-0.0,0.0,-0.0,0.0,0.0,0.0,0.0,0.0,-0.6744,0.703,-0.2258,0.7333,0.6734,-0.0938,0.0861,-0.2288,-0.9697,0.676,0.226,-0.7014,-0.7316,0.0917,-0.6755,-0.0884,0.9698,0.2273,-0.0001,0.0,0.0001,0.0,0.0,0.0,-0.1761,0.0559,-0.2697,33.8181,22.2476,64.5532,0.0,0.0433,-0.3647,0.0,0.0,0.0,3351086.5996,3624985.2496,-4584865.3685,4245.5211,3136.4738,5591.7418,3351052.7815,3624963.002,-4584929.9217,4245.6972,3136.4179,5592.0115,0.0,0.0765,3.9732,0.0,0.0,1.0,0.0,1.0,0.0,0.0,1.172,-23.972,0.0,1.0,0.0,0.0,0.0,-1.0,0.8829116603601971,0.13810141201305656,-0.355575,1.4229032082163122,12.539493233082485,,
218.867,71.054,0.097,0.849,67.08,0.168,0.856,-0.296,-0.024,-0.136,-0.296,-0.025,-0.136,-0.157,0.099,-0.075,0.008,0.001,-0.007,-0.0,0.0,0.0,843.453,-0.0,0.0,-0.0,0.0,0.0,0.0,0.0,0.0,-0.6744,0.703,-0.2258,0.7333,0.6734,-0.0938,0.0861,-0.2288,-0.9696,0.676,0.226,-0.7014,-0.7316,0.0917,-0.6755,-0.0884,0.9698,0.2273,-0.0001,0.0,0.0001,0.0,0.0,0.0,-0.1761,0.0559,-0.2697,33.7816,22.2592,64.4973,0.0,0.0433,-0.3647,0.0,0.0,0.0,3351966.0295,3625634.9161,-4583706.8261,4244.6161,3135.4949,5592.9797,3351932.2479,3625612.6569,-4583771.3234,4244.7922,3135.439,5593.2494,0.0,0.0765,3.9732,0.0,0.0,1.0,0.0,1.0,0.0,0.0,1.172,-23.972,0.0,1.0,0.0,0.0,0.0,-1.0,0.8545232588993701,0.13810141201305656,-0.35527000000000003,1.4068349547388603,12.52873728725927,,
219.0713,70.993,0.091,0.821,67.02,0.163,0.828,-0.296,-0.024,-0.136,-0.296,-0.025,-0.136,-0.155,0.099,-0.076,0.008,0.001,-0.007,-0.0,0.0,0.0,843.453,-0.0,0.0,-0.0,0.0,0.0,0.0,0.0,0.0,-0.6745,0.7029,-0.2258,0.7333,0.6734,-0.0938,0.0861,-0.2289,-0.9696,0.676,0.226,-0.7014,-0.7316,0.0917,-0.6755,-0.0884,0.9698,0.2273,-0.0001,0.0,0.0001,0.0,0.0,0.0,-0.1761,0.0559,-0.2697,33.7456,22.2706,64.4422,0.0,0.0433,-0.3647,0.0,0.0,0.0,3352833.9305,3626276.0024,-4582562.9796,4243.7226,3134.5285,5594.2012,3352800.1849,3626253.7319,-4582627.4217,4243.8987,3134.4726,5594.4709,0.0,0.0765,3.9732,0.0,0.0,1.0,0.0,1.0,0.0,0.0,1.172,-23.972,0.0,1.0,0.0,0.0,0.0,-1.0,0.8260278445669975,0.13810141201305656,-0.354965,1.4033639548186847,12.517981341436053,,
219.2766,70.933,0.086,0.793,66.959,0.158,0.8,-0.296,-0.025,-0.136,-0.296,-0.025,-0.136,-0.154,0.099,-0.077,0.008,0.001,-0.007,-0.0,0.0,0.0,843.453,-0.0,0.0,-0.0,0.0,0.0,0.0,0.0,0.0,-0.6745,0.7029,-0.2258,0.7333,0.6734,-0.0939,0.0861,-0.2289,-0.9696,0.676,0.226,-0.7014,-0.7316,0.0917,-0.6755,-0.0884,0.9698,0.2273,-0.0001,0.0,0.0001,0.0,0.0,0.0,-0.1761,0.0559,-0.2697,33.7096,22.282,64.3871,0.0,0.0433,-0.3647,0.0,0.0,0.0,3353699.8527,3626915.5654,-4581421.2473,4242.8307,3133.5639,5595.42,3353666.1431,3626893.2834,-4581485.6345,4243.0068,3133.508,5595.6897,0.0,0.0765,3.9732,0.0,0.0,1.0,0.0,1.0,0.0,0.0,1.172,-23.972,0.0,1.0,0.0,0.0,0.0,-1.0,0.7976496724753293,0.1382787040726084,-0.354665,1.3876924350828506,12.507401722593547,,
219.4833,70.871,0.081,0.765,66.898,0.152,0.772,-0.296,-0.025,-0.136,-0.296,-0.025,-0.136,-0.152,0.1,-0.079,0.008,0.001,-0.007,-0.0,0.0,0.0,843.453,-0.0,0.0,-0.0,0.0,0.0,0.0,0.0,0.0,-0.6745,0.7029,-0.2258,0.7332,0.6735,-0.0939,0.0861,-0.2289,-0.9696,0.676,0.226,-0.7014,-0.7316,0.0917,-0.6755,-0.0884,0.9698,0.2273,-0.0001,0.0,0.0001,0.0,0.0,0.0,-0.1761,0.0559,-0.2697,33.673,22.2936,64.331,0.0,0.0433,-0.3647,0.0,0.0,0.0,3354582.4598,3627567.3869,-4580257.0157,4241.9211,3132.5803,5596.6622,3354548.7868,3627545.0933,-4580321.3467,4242.0973,3132.5244,5596.9319,0.0,0.0765,3.9732,0.0,0.0,1.0,0.0,1.0,0.0,0.0,1.172,-23.972,0.0,1.0,0.0,0.0,0.0,-1.0,0.7692762832688916,0.1382787040726084,-0.354355,1.3597802386041462,12.49646944978962,,
219.6881,70.811,0.076,0.737,66.837,0.147,0.744,-0.296,-0.025,-0.136,-0.296,-0.025,-0.136,-0.151,0.1,-0.08,0.008,0.001,-0.007,-0.0,0.0,0.0,843.453,-0.0,0.0,-0.0,0.0,0.0,0.0,0.0,0.0,-0.6745,0.7029,-0.2258,0.7332,0.6735,-0.0939,0.0861,-0.2289,-0.9696,0.676,0.226,-0.7014,-0.7316,0.0917,-0.6755,-0.0884,0.9698,0.2273,-0.0001,0.0,0.0001,0.0,0.0,0.0,-0.1762,0.0559,-0.2697,33.6371,22.305,64.276,0.0,0.0433,-0.3647,0.0,0.0,0.0,3355447.8664,3628206.4423,-4579114.9812,4241.0289,3131.6155,5597.8801,3355414.2293,3628184.1373,-4579179.2572,4241.2051,3131.5596,5598.1498,0.0,0.0765,3.9732,0.0,0.0,1.0,0.0,1.0,0.0,0.0,1.172,-23.972,0.0,1.0,0.0,0.0,0.0,-1.0,0.7409082264356363,0.1382787040726084,-0.354055,1.34435727338628,12.485889830947114,,
219.8954,70.749,0.071,0.708,66.776,0.142,0.716,-0.296,-0.025,-0.136,-0.296,-0.025,-0.136,-0.149,0.1,-0.082,0.008,0.001,-0.007,-0.0,0.0,0.0,843.453,-0.0,0.0,-0.0,0.0,0.0,0.0,0.0,0.0,-0.6745,0.7028,-0.2259,0.7332,0.6735,-0.0939,0.0861,-0.2289,-0.9696,0.676,0.226,-0.7014,-0.7316,0.0917,-0.6755,-0.0884,0.9698,0.2273,-0.0001,0.0,0.0001,0.0,0.0,0.0,-0.1762,0.0559,-0.2697,33.6004,22.3166,64.2199,0.0,0.0433,-0.3647,0.0,0.0,0.0,3356329.9672,3628857.7617,-4577950.4097,4240.119,3130.6317,5599.1215,3356296.3668,3628835.4451,-4578014.6296,4240.2952,3130.5758,5599.3912,0.0,0.0765,3.9732,0.0,0.0,1.0,0.0,1.0,0.0,0.0,1.172,-23.972,0.0,1.0,0.0,0.0,0.0,-1.0,0.7115511225484785,0.1382787040726084,-0.353745,1.3370694007556214,12.474957558143188,,
220.0999,70.688,0.066,0.681,66.715,0.137,0.688,-0.296,-0.025,-0.136,-0.296,-0.025,-0.136,-0.147,0.1,-0.083,0.008,0.001,-0.007,-0.0,0.0,0.0,843.453,-0.0,0.0,-0.0,0.0,0.0,0.0,0.0,0.0,-0.6746,0.7028,-0.2259,0.7332,0.6735,-0.0939,0.0861,-0.229,-0.9696,0.676,0.226,-0.7014,-0.7316,0.0917,-0.6755,-0.0884,0.9698,0.2273,-0.0001,0.0,0.0001,0.0,0.0,0.0,-0.1762,0.0558,-0.2697,33.5642,22.3281,64.1645,0.0,0.0433,-0.3647,0.0,0.0,0.0,3357200.0923,3629500.1748,-4576801.1524,4239.2211,3129.6609,5600.3459,3357166.5281,3629477.8467,-4576865.3169,4239.3973,3129.605,5600.6157,0.0,0.0765,3.9732,0.0,0.0,1.0,0.0,1.0,0.0,0.0,1.172,-23.972,0.0,1.0,0.0,0.0,0.0,-1.0,0.684190762872461,0.1382787040726084,-0.35344000000000003,1.314772830953315,12.464201612319973,,
220.3068,70.627,0.061,0.653,66.654,0.132,0.66,-0.296,-0.025,-0.136,-0.296,-0.025,-0.136,-0.146,0.1,-0.084,0.008,0.001,-0.007,-0.0,0.0,0.0,843.453,-0.0,0.0,-0.0,0.0,0.0,0.0,0.0,0.0,-0.6746,0.7028,-0.2259,0.7332,0.6735,-0.0939,0.0861,-0.229,-0.9696,0.676,0.226,-0.7014,-0.7316,0.0917,-0.6755,-0.0884,0.9698,0.2273,-0.0001,0.0,0.0001,0.0,0.0,0.0,-0.1762,0.0558,-0.2697,33.528,22.3395,64.1091,0.0,0.0433,-0.3647,0.0,0.0,0.0,3358071.5239,3630143.4889,-4575649.674,4238.3214,3128.6882,5601.5722,3358037.9959,3630121.1494,-4575713.7831,4238.4976,3128.6324,5601.8419,0.0,0.0765,3.9732,0.0,0.0,1.0,0.0,1.0,0.0,0.0,1.172,-23.972,0.0,1.0,0.0,0.0,0.0,-1.0,0.655842969010113,0.1382787040726084,-0.353135,1.3001634837443776,12.453445666496755,,
220.511,70.567,0.056,0.625,66.594,0.127,0.632,-0.296,-0.025,-0.136,-0.296,-0.025,-0.136,-0.144,0.101,-0.086,0.008,0.001,-0.007,-0.0,0.0,0.0,843.453,-0.0,0.0,-0.0,0.0,0.0,0.0,0.0,0.0,-0.6746,0.7028,-0.2259,0.7331,0.6736,-0.094,0.0861,-0.229,-0.9696,0.676,0.226,-0.7014,-0.7316,0.0917,-0.6755,-0.0884,0.9698,0.2273,-0.0001,0.0,0.0001,0.0,0.0,0.0,-0.1762,0.0558,-0.2698,33.492,22.3509,64.054,0.0,0.0433,-0.3647,0.0,0.0,0.0,3358936.134,3630781.7051,-4574506.7153,4237.4283,3127.7228,5602.7888,3358902.6419,3630759.3542,-4574570.7693,4237.6045,3127.667,5603.0585,0.0,0.0765,3.9732,0.0,0.0,1.0,0.0,1.0,0.0,0.0,1.172,-23.972,0.0,1.0,0.0,0.0,0.0,-1.0,0.6275037848491434,0.1382787040726084,-0.35283499999999995,1.2857604942924967,12.442866047654247,,
220.7148,70.506,0.051,0.597,66.533,0.122,0.604,-0.296,-0.025,-0.136,-0.296,-0.025,-0.136,-0.142,0.101,-0.087,0.008,0.001,-0.007,-0.0,0.0,0.0,843.453,-0.0,0.0,-0.0,0.0,0.0,0.0,0.0,0.0,-0.6746,0.7027,-0.2259,0.7331,0.6736,-0.094,0.0861,-0.229,-0.9696,0.676,0.226,-0.7014,-0.7316,0.0917,-0.6755,-0.0884,0.9698,0.2273,-0.0001,0.0,0.0001,0.0,0.0,0.0,-0.1762,0.0558,-0.2698,33.4561,22.3623,63.999,0.0,0.0433,-0.3647,0.0,0.0,0.0,3359801.1398,3631420.1504,-4573362.7465,4236.5343,3126.7566,5604.0059,3359767.6837,3631397.7881,-4573426.7454,4236.7106,3126.7008,5604.2757,0.0,0.0765,3.9732,0.0,0.0,1.0,0.0,1.0,0.0,0.0,1.172,-23.972,0.0,1.0,0.0,0.0,0.0,-1.0,0.5991744320312742,0.1382787040726084,-0.35253,1.2715830781102735,12.432110101831032,,
220.9193,70.446,0.046,0.569,66.472,0.116,0.576,-0.296,-0.025,-0.136,-0.296,-0.025,-0.136,-0.141,0.101,-0.089,0.008,0.001,-0.007,-0.0,0.0,0.0,843.453,-0.0,0.0,-0.0,0.0,0.0,0.0,0.0,0.0,-0.6746,0.7027,-0.2259,0.7331,0.6736,-0.094,0.0861,-0.2291,-0.9696,0.676,0.226,-0.7014,-0.7316,0.0917,-0.6755,-0.0884,0.9698,0.2273,-0.0001,0.0,0.0001,0.0,0.0,0.0,-0.1762,0.0558,-0.2698,33.42,22.3737,63.9437,0.0,0.0433,-0.3647,0.0,0.0,0.0,3360669.2215,3632060.8032,-4572214.2166,4235.6368,3125.7865,5605.2273,3360635.8015,3632038.4295,-4572278.1603,4235.8131,3125.7307,5605.4971,0.0,0.0765,3.9732,0.0,0.0,1.0,0.0,1.0,0.0,0.0,1.172,-23.972,0.0,1.0,0.0,0.0,0.0,-1.0,0.5708563742308568,0.1382787040726084,-0.35223,1.2438541610482496,12.421530482988523,,
221.1251,70.385,0.041,0.541,66.412,0.111,0.549,-0.296,-0.025,-0.136,-0.296,-0.025,-0.136,-0.139,0.101,-0.09,0.008,0.001,-0.007,-0.0,0.0,0.0,843.453,-0.0,0.0,-0.0,0.0,0.0,0.0,0.0,0.0,-0.6747,0.7027,-0.226,0.7331,0.6736,-0.094,0.0861,-0.2291,-0.9696,0.676,0.226,-0.7014,-0.7316,0.0917,-0.6755,-0.0884,0.9698,0.2273,-0.0001,0.0,0.0001,0.0,0.0,0.0,-0.1763,0.0558,-0.2698,33.384,22.3851,63.8886,0.0,0.0433,-0.3647,0.0,0.0,0.0,3361534.534,3632699.3494,-4571068.8595,4234.7417,3124.8192,5606.4448,3361501.1501,3632676.9643,-4571132.7481,4234.918,3124.7634,5606.7146,0.0,0.0765,3.9732,0.0,0.0,1.0,0.0,1.0,0.0,0.0,1.172,-23.972,0.0,1.0,0.0,0.0,0.0,-1.0,0.5425513800553824,0.1382787040726084,-0.35192500000000004,1.2371683814252301,12.410774537165308,,
221.3307,70.324,0.036,0.513,66.351,0.106,0.521,-0.296,-0.025,-0.136,-0.296,-0.025,-0.136,-0.138,0.101,-0.091,0.008,0.001,-0.007,-0.0,0.0,0.0,843.453,-0.0,0.0,-0.0,0.0,0.0,0.0,0.0,0.0,-0.6747,0.7027,-0.226,0.7331,0.6736,-0.094,0.0861,-0.2291,-0.9696,0.676,0.226,-0.7014,-0.7316,0.0917,-0.6755,-0.0884,0.9698,0.2273,-0.0001,0.0,0.0001,0.0,0.0,0.0,-0.1763,0.0558,-0.2698,33.3477,22.3966,63.8332,0.0,0.0433,-0.3647,0.0,0.0,0.0,3362403.7719,3633340.7294,-4569917.8116,4233.8422,3123.8471,5607.6677,3362370.4242,3633318.3328,-4569981.6448,4234.0184,3123.7913,5607.9375,0.0,0.0765,3.9732,0.0,0.0,1.0,0.0,1.0,0.0,0.0,1.172,-23.972,0.0,1.0,0.0,0.0,0.0,-1.0,0.5142616065778195,0.1382787040726084,-0.35162,1.2234053996350673,12.400018591342091,,
221.5352,70.263,0.031,0.485,66.29,0.101,0.493,-0.296,-0.025,-0.136,-0.296,-0.025,-0.136,-0.136,0.102,-0.093,0.008,0.001,-0.007,-0.0,0.0,0.0,843.453,-0.0,0.0,-0.0,0.0,0.0,0.0,0.0,0.0,-0.6747,0.7026,-0.226,0.733,0.6736,-0.0941,0.0861,-0.2291,-0.9696,0.676,0.226,-0.7014,-0.7316,0.0917,-0.6755,-0.0884,0.9698,0.2273,-0.0001,0.0,0.0001,0.0,0.0,0.0,-0.1763,0.0558,-0.2698,33.3114,22.408,63.7776,0.0,0.0433,-0.3647,0.0,0.0,0.0,3363276.3014,3633984.474,-4568761.909,4232.9388,3122.8709,5608.8952,3363242.99,3633962.0659,-4568825.6866,4233.1151,3122.8152,5609.165,0.0,0.0765,3.9732,0.0,0.0,1.0,0.0,1.0,0.0,0.0,1.172,-23.972,0.0,1.0,0.0,0.0,0.0,-1.0,0.48598971182526074,0.1382787040726084,-0.35131500000000004,1.2098972905457006,12.389262645518876,,
221.74,70.203,0.026,0.458,66.229,0.096,0.465,-0.296,-0.025,-0.136,-0.296,-0.025,-0.136,-0.134,0.102,-0.094,0.008,0.001,-0.007,-0.0,0.0,0.0,843.453,-0.0,0.0,-0.0,0.0,0.0,0.0,0.0,0.0,-0.6747,0.7026,-0.226,0.733,0.6737,-0.0941,0.0861,-0.2291,-0.9696,0.676,0.226,-0.7014,-0.7316,0.0917,-0.6755,-0.0884,0.9698,0.2273,-0.0001,0.0,0.0001,0.0,0.0,0.0,-0.1763,0.0557,-0.2698,33.2754,22.4194,63.7224,0.0,0.0433,-0.3647,0.0,0.0,0.0,3364141.5443,3634622.7801,-4567615.1623,4232.0425,3121.9026,5610.1124,3364108.2689,3634600.3606,-4567678.8848,4232.2188,3121.8468,5610.3823,0.0,0.0765,3.9732,0.0,0.0,1.0,0.0,1.0,0.0,0.0,1.172,-23.972,0.0,1.0,0.0,0.0,0.0,-1.0,0.45873739764706345,0.1382787040726084,-0.351015,1.190488942552605,12.378683026676367,,
221.9439,70.142,0.021,0.43,66.169,0.091,0.437,-0.296,-0.025,-0.136,-0.296,-0.025,-0.136,-0.133,0.102,-0.095,0.008,0.001,-0.007,-0.0,0.0,0.0,843.453,-0.0,0.0,-0.0,0.0,0.0,0.0,0.0,0.0,-0.6747,0.7026,-0.226,0.733,0.6737,-0.0941,0.0861,-0.2292,-0.9696,0.676,0.226,-0.7014,-0.7316,0.0917,-0.6755,-0.0884,0.9698,0.2273,-0.0001,0.0,0.0001,0.0,0.0,0.0,-0.1763,0.0557,-0.2698,33.2395,22.4307,63.6676,0.0,0.0433,-0.3647,0.0,0.0,0.0,3365001.2565,3635256.9436,-4566475.2605,4231.1515,3120.94,5611.3218,3364968.017,3635234.5129,-4566538.9281,4231.3278,3120.8843,5611.5917,0.0,0.0765,3.9732,0.0,0.0,1.0,0.0,1.0,0.0,0.0,1.172,-23.972,0.0,1.0,0.0,0.0,0.0,-1.0,0.43051248530094915,0.1382787040726084,-0.35070999999999997,1.1779756879544934,12.36792708085315,,
222.1475,70.081,0.016,0.402,66.108,0.086,0.409,-0.296,-0.025,-0.136,-0.296,-0.025,-0.136,-0.131,0.102,-0.097,0.008,0.001,-0.007,-0.0,0.0,0.0,843.453,-0.0,0.0,-0.0,0.0,0.0,0.0,0.0,0.0,-0.6748,0.7026,-0.226,0.733,0.6737,-0.0941,0.0862,-0.2292,-0.9696,0.676,0.226,-0.7014,-0.7316,0.0917,-0.6755,-0.0884,0.9698,0.2273,-0.0001,0.0,0.0001,0.0,0.0,0.0,-0.1763,0.0557,-0.2698,33.2033,22.4422,63.6122,0.0,0.0433,-0.3647,0.0,0.0,0.0,3365869.8849,3635897.6211,-4565323.0433,4230.2509,3119.9671,5612.5437,3365836.6815,3635875.1789,-4565386.6555,4230.4272,3119.9114,5612.8135,0.0,0.0765,3.9732,0.0,0.0,1.0,0.0,1.0,0.0,0.0,1.172,-23.972,0.0,1.0,0.0,0.0,0.0,-1.0,0.40231828196093705,0.1382787040726084,-0.350405,1.1655183592944474,12.357171135029935,,
222.3526,70.02,0.011,0.374,66.047,0.08,0.381,-0.296,-0.025,-0.136,-0.296,-0.025,-0.136,-0.129,0.102,-0.098,0.008,0.001,-0.007,-0.0,0.0,0.0,843.453,-0.0,0.0,-0.0,0.0,0.0,0.0,0.0,0.0,-0.6748,0.7025,-0.226,0.733,0.6737,-0.0941,0.0862,-0.2292,-0.9696,0.676,0.226,-0.7014,-0.7316,0.0917,-0.6755,-0.0884,0.9698,0.2273,-0.0001,0.0,0.0001,0.0,0.0,0.0,-0.1764,0.0557,-0.2698,33.167,22.4536,63.5567,0.0,0.0433,-0.3647,0.0,0.0,0.0,3366740.5242,3636539.7185,-4564167.6584,4229.3477,3118.9915,5613.7684,3366707.3572,3636517.2648,-4564231.2151,4229.5241,3118.9358,5614.0382,0.0,0.0765,3.9732,0.0,0.0,1.0,0.0,1.0,0.0,0.0,1.172,-23.972,0.0,1.0,0.0,0.0,0.0,-1.0,0.3741617297372889,0.1382787040726084,-0.35009999999999997,1.1391609074800446,12.346415189206716,,
222.5575,69.96,0.006,0.346,65.987,0.075,0.354,-0.296,-0.025,-0.136,-0.296,-0.025,-0.136,-0.128,0.102,-0.1,0.008,0.001,-0.007,-0.0,0.0,0.0,843.453,-0.0,0.0,-0.0,0.0,0.0,0.0,0.0,0.0,-0.6748,0.7025,-0.2261,0.7329,0.6737,-0.0942,0.0862,-0.2292,-0.9696,0.676,0.226,-0.7014,-0.7316,0.0917,-0.6755,-0.0884,0.9698,0.2273,-0.0001,0.0,0.0001,0.0,0.0,0.0,-0.1764,0.0557,-0.2699,33.1312,22.4649,63.5019,0.0,0.0433,-0.3647,0.0,0.0,0.0,3367598.7814,3637172.6211,-4563028.2207,4228.457,3118.0295,5614.9756,3367565.6502,3637150.1562,-4563091.7226,4228.6334,3117.9738,5615.2454,0.0,0.0765,3.9732,0.0,0.0,1.0,0.0,1.0,0.0,0.0,1.172,-23.972,0.0,1.0,0.0,0.0,0.0,-1.0,0.34605201921098505,0.1382787040726084,-0.34979999999999994,1.1326256655735347,12.335835570364209,,
222.7625,69.899,0.001,0.318,65.926,0.07,0.326,-0.296,-0.025,-0.136,-0.296,-0.025,-0.136,-0.126,0.103,-0.101,0.008,0.001,-0.007,-0.0,0.0,0.0,843.453,-0.0,0.0,-0.0,0.0,0.0,0.0,0.0,0.0,-0.6748,0.7025,-0.2261,0.7329,0.6738,-0.0942,0.0862,-0.2292,-0.9695,0.676,0.226,-0.7014,-0.7316,0.0917,-0.6755,-0.0884,0.9698,0.2273,-0.0001,0.0,0.0001,0.0,0.0,0.0,-0.1764,0.0557,-0.2699,33.095,22.4764,63.4465,0.0,0.0433,-0.3647,0.0,0.0,0.0,3368467.2208,3637812.9699,-4561874.7667,4227.5553,3117.0556,5616.1971,3368434.1258,3637790.4936,-4561938.2132,4227.7317,3116.9999,5616.4669,0.0,0.0765,3.9732,0.0,0.0,1.0,0.0,1.0,0.0,0.0,1.172,-23.972,0.0,1.0,0.0,0.0,0.0,-1.0,0.31800157232315696,0.1382787040726084,-0.349495,1.1207791555436672,12.325079624540994,,
222.9649,69.839,-0.005,0.291,65.866,0.065,0.298,-0.296,-0.025,-0.136,-0.296,-0.025,-0.136,-0.125,0.103,-0.102,0.008,0.001,-0.007,-0.0,0.0,0.0,843.453,-0.0,0.0,-0.0,0.0,0.0,0.0,0.0,0.0,-0.6748,0.7025,-0.2261,0.7329,0.6738,-0.0942,0.0862,-0.2293,-0.9695,0.676,0.226,-0.7014,-0.7316,0.0917,-0.6755,-0.0884,0.9698,0.2273,-0.0001,0.0,0.0001,0.0,0.0,0.0,-0.1764,0.0557,-0.2699,33.0593,22.4876,63.3919,0.0,0.0433,-0.3647,0.0,0.0,0.0,3369322.8445,3638443.8063,-4560737.8526,4226.6665,3116.0958,5617.4005,3369289.7852,3638421.3187,-4560801.2445,4226.8429,3116.0401,5617.6703,0.0,0.0765,3.9732,0.0,0.0,1.0,0.0,1.0,0.0,0.0,1.172,-23.972,0.0,1.0,0.0,0.0,0.0,-1.0,0.29104295215655024,0.1382787040726084,-0.349195,1.1183494907036582,12.314500005698486,,
223.171,69.778,-0.01,0.263,65.805,0.06,0.27,-0.296,-0.025,-0.136,-0.297,-0.025,-0.136,-0.123,0.103,-0.104,0.008,0.001,-0.007,-0.0,0.0,0.0,843.453,-0.0,0.0,-0.0,0.0,0.0,0.0,0.0,0.0,-0.6749,0.7024,-0.2261,0.7329,0.6738,-0.0942,0.0862,-0.2293,-0.9695,0.676,0.226,-0.7014,-0.7316,0.0917,-0.6755,-0.0884,0.9698,0.2273,-0.0001,0.0,0.0001,0.0,0.0,0.0,-0.1764,0.0557,-0.2699,33.0229,22.4991,63.3363,0.0,0.0433,-0.3647,0.0,0.0,0.0,3370193.0797,3639085.3528,-4559581.024,4225.7621,3115.1192,5618.6244,3370160.0567,3639062.8538,-4559644.3603,4225.9385,3115.0635,5618.8943,0.0,0.0765,3.9732,0.0,0.0,1.0,0.0,1.0,0.0,0.0,1.172,-23.972,0.0,1.0,0.0,0.0,0.0,-1.0,0.2631900454044568,0.1382787040726084,-0.34889000000000003,1.107532655428134,12.30374405987527,,
223.3746,69.718,-0.015,0.235,65.744,0.055,0.242,-0.297,-0.025,-0.136,-0.297,-0.025,-0.136,-0.121,0.103,-0.105,0.008,0.001,-0.007,-0.0,0.0,0.0,843.453,-0.0,0.0,-0.0,0.0,0.0,0.0,0.0,0.0,-0.6749,0.7024,-0.2261,0.7329,0.6738,-0.0942,0.0862,-0.2293,-0.9695,0.676,0.226,-0.7014,-0.7316,0.0917,-0.6755,-0.0884,0.9698,0.2273,-0.0001,0.0,0.0001,0.0,0.0,0.0,-0.1764,0.0556,-0.2699,32.9869,22.5104,63.2811,0.0,0.0433,-0.3647,0.0,0.0,0.0,3371056.7734,3639722.0134,-4558432.4003,4224.8641,3114.1495,5619.839,3371023.7865,3639699.5029,-4558495.6814,4225.0405,3114.0939,5620.1089,0.0,0.0765,3.9732,0.0,0.0,1.0,0.0,1.0,0.0,0.0,1.172,-23.972,0.0,1.0,0.0,0.0,0.0,-1.0,0.23547823678633234,0.1382787040726084,-0.34859,1.0968348959908125,12.293164441032761,,
223.5804,69.657,-0.02,0.207,65.684,0.049,0.214,-0.297,-0.025,-0.136,-0.297,-0.025,-0.136,-0.12,0.103,-0.106,0.008,0.001,-0.007,-0.0,0.0,0.0,843.453,-0.0,0.0,-0.0,0.0,0.0,0.0,0.0,0.0,-0.6749,0.7024,-0.2261,0.7329,0.6738,-0.0942,0.0862,-0.2293,-0.9695,0.676,0.226,-0.7014,-0.7316,0.0917,-0.6755,-0.0884,0.9698,0.2273,-0.0001,0.0,0.0001,0.0,0.0,0.0,-0.1764,0.0556,-0.2699,32.9508,22.5218,63.2259,0.0,0.0433,-0.3647,0.0,0.0,0.0,3371921.164,3640359.1248,-4557282.3556,4223.9649,3113.1787,5621.0546,3371888.2132,3640336.603,-4557345.5815,4224.1413,3113.1231,5621.3245,0.0,0.0765,3.9732,0.0,0.0,1.0,0.0,1.0,0.0,0.0,1.172,-23.972,0.0,1.0,0.0,0.0,0.0,-1.0,0.20796393918177256,0.1382787040726084,-0.34828499999999996,1.0722914304792825,12.282408495209545,,
223.7862,69.596,-0.025,0.179,65.623,0.044,0.186,-0.297,-0.025,-0.136,-0.297,-0.025,-0.136,-0.118,0.104,-0.108,0.008,0.001,-0.007,-0.0,0.0,0.0,843.453,-0.0,0.0,-0.0,0.0,0.0,0.0,0.0,0.0,-0.6749,0.7024,-0.2261,0.7328,0.6739,-0.0943,0.0862,-0.2293,-0.9695,0.676,0.226,-0.7014,-0.7316,0.0917,-0.6755,-0.0884,0.9698,0.2273,-0.0001,0.0,0.0001,0.0,0.0,0.0,-0.1765,0.0556,-0.2699,32.9144,22.5333,63.1703,0.0,0.0433,-0.3647,0.0,0.0,0.0,3372792.1113,3641001.0052,-4556123.0875,4223.0584,3112.2001,5622.2794,3372759.1969,3640978.4719,-4556186.2578,4223.2349,3112.1445,5622.5493,0.0,0.0765,3.9732,0.0,0.0,1.0,0.0,1.0,0.0,0.0,1.172,-23.972,0.0,1.0,0.0,0.0,0.0,-1.0,0.1807373785358192,0.1382787040726084,-0.34798,1.062549659811235,12.27165254938633,,
223.9939,69.535,-0.03,0.151,65.561,0.039,0.158,-0.297,-0.025,-0.136,-0.297,-0.025,-0.136,-0.116,0.104,-0.109,0.008,0.001,-0.007,-0.0,0.0,0.0,843.453,-0.0,0.0,-0.0,0.0,0.0,0.0,0.0,0.0,-0.675,0.7023,-0.2262,0.7328,0.6739,-0.0943,0.0862,-0.2294,-0.9695,0.676,0.226,-0.7014,-0.7316,0.0917,-0.6755,-0.0884,0.9698,0.2273,-0.0001,0.0,0.0001,0.0,0.0,0.0,-0.1765,0.0556,-0.2699,32.878,22.5447,63.1146,0.0,0.0433,-0.3647,0.0,0.0,0.0,3373662.8316,3641642.6543,-4554963.6204,4222.1518,3111.2214,5623.5038,3373629.9536,3641620.1095,-4555026.735,4222.3283,3111.1658,5623.7737,0.0,0.0765,3.9732,0.0,0.0,1.0,0.0,1.0,0.0,0.0,1.172,-23.972,0.0,1.0,0.0,0.0,0.0,-1.0,0.15395129099815955,0.1382787040726084,-0.34767499999999996,1.0529738671274518,12.260896603563111,,
224.1947,69.475,-0.035,0.123,65.501,0.034,0.131,-0.297,-0.025,-0.136,-0.297,-0.025,-0.136,-0.115,0.104,-0.111,0.008,0.001,-0.007,-0.0,0.0,0.0,843.453,-0.0,0.0,-0.0,0.0,0.0,0.0,0.0,0.0,-0.675,0.7023,-0.2262,0.7328,0.6739,-0.0943,0.0862,-0.2294,-0.9695,0.676,0.226,-0.7014,-0.7316,0.0917,-0.6755,-0.0884,0.9698,0.2273,-0.0001,0.0,0.0001,0.0,0.0,0.0,-0.1765,0.0556,-0.2699,32.8422,22.556,63.0599,0.0,0.0433,-0.3647,0.0,0.0,0.0,3374518.1252,3642272.8726,-4553824.2087,4221.2608,3110.2597,5624.7065,3374485.283,3642250.3166,-4553887.2686,4221.4373,3110.2041,5624.9764,0.0,0.0765,3.9732,0.0,0.0,1.0,0.0,1.0,0.0,0.0,1.172,-23.972,0.0,1.0,0.0,0.0,0.0,-1.0,0.1278827588066507,0.1382787040726084,-0.347375,1.0472311817617568,12.250316984720603,,
224.3993,69.413,-0.04,0.095,65.44,0.029,0.103,-0.297,-0.025,-0.136,-0.297,-0.025,-0.136,-0.113,0.104,-0.112,0.008,0.001,-0.007,-0.0,0.0,0.0,843.453,-0.0,0.0,-0.0,0.0,0.0,0.0,0.0,0.0,-0.675,0.7023,-0.2262,0.7328,0.6739,-0.0943,0.0862,-0.2294,-0.9695,0.676,0.226,-0.7014,-0.7316,0.0917,-0.6755,-0.0884,0.9698,0.2273,-0.0001,0.0,0.0001,0.0,0.0,0.0,-0.1765,0.0556,-0.2699,32.8058,22.5675,63.0041,0.0,0.0433,-0.3647,0.0,0.0,0.0,3375390.5458,3642915.6475,-4552661.4785,4220.3516,3109.2784,5625.9332,3375357.74,3642893.0801,-4552724.4826,4220.5281,3109.2228,5626.2031,0.0,0.0765,3.9732,0.0,0.0,1.0,0.0,1.0,0.0,0.0,1.172,-23.972,0.0,1.0,0.0,0.0,0.0,-1.0,0.10307764064044152,0.1382787040726084,-0.34706499999999996,1.038711806974101,12.239384711916678,,
224.6002,69.354,-0.045,0.068,65.381,0.023,0.076,-0.297,-0.025,-0.136,-0.297,-0.025,-0.136,-0.112,0.104,-0.113,0.008,0.001,-0.007,-0.0,0.0,0.0,843.453,-0.0,0.0,-0.0,0.0,0.0,0.0,0.0,0.0,-0.675,0.7023,-0.2262,0.7328,0.6739,-0.0943,0.0862,-0.2294,-0.9695,0.676,0.226,-0.7014,-0.7316,0.0917,-0.6755,-0.0884,0.9698,0.2273,-0.0001,0.0,0.0001,0.0,0.0,0.0,-0.1765,0.0556,-0.2699,32.7707,22.5785,62.9505,0.0,0.0433,-0.3647,0.0,0.0,0.0,3376229.5939,3643533.7733,-4551542.7539,4219.4767,3108.3342,5627.1129,3376196.8233,3643511.1948,-4551605.7043,4219.6532,3108.2786,5627.3828,0.0,0.0765,3.9732,0.0,0.0,1.0,0.0,1.0,0.0,0.0,1.172,-23.972,0.0,1.0,0.0,0.0,0.0,-1.0,0.08154140052758477,0.1382787040726084,-0.34677,1.015519139781066,12.228981420054879,,
224.8024,69.294,-0.05,0.041,65.321,0.018,0.048,-0.297,-0.025,-0.136,-0.297,-0.025,-0.136,-0.11,0.105,-0.115,0.008,0.001,-0.007,-0.0,0.0,0.0,843.453,-0.0,0.0,-0.0,0.0,0.0,0.0,0.0,0.0,-0.675,0.7023,-0.2262,0.7327,0.6739,-0.0944,0.0862,-0.2294,-0.9695,0.676,0.226,-0.7014,-0.7316,0.0917,-0.6755,-0.0884,0.9698,0.2273,-0.0001,0.0,0.0001,0.0,0.0,0.0,-0.1765,0.0556,-0.27,32.7349,22.5898,62.8958,0.0,0.0433,-0.3647,0.0,0.0,0.0,3377084.7131,3644163.6776,-4550402.1196,4218.5846,3107.3716,5628.3152,3377051.9783,3644141.0878,-4550465.0153,4218.7612,3107.316,5628.5851,0.0,0.0765,3.9732,0.0,0.0,1.0,0.0,1.0,0.0,0.0,1.172,-23.972,0.0,1.0,0.0,0.0,0.0,-1.0,0.06466065264130885,0.1382787040726084,-0.34647,1.0054665741478628,12.218401801212371,,
225.0044,69.234,-0.055,0.013,65.261,0.013,0.021,-0.297,-0.025,-0.136,-0.297,-0.025,-0.136,-0.108,0.105,-0.116,0.008,0.001,-0.007,-0.0,0.0,0.0,843.453,-0.0,0.0,-0.0,0.0,0.0,0.0,0.0,0.0,-0.6751,0.7022,-0.2262,0.7327,0.674,-0.0944,0.0862,-0.2295,-0.9695,0.676,0.226,-0.7014,-0.7316,0.0917,-0.6755,-0.0884,0.9698,0.2273,-0.0001,0.0,0.0001,0.0,0.0,0.0,-0.1765,0.0555,-0.27,32.6992,22.601,62.8412,0.0,0.0433,-0.3647,0.0,0.0,0.0,3377937.5188,3644791.8162,-4549264.0869,4217.6946,3106.4112,5629.5141,3377904.8196,3644769.2152,-4549326.9281,4217.8711,3106.3556,5629.7841,0.0,0.0765,3.9732,0.0,0.0,1.0,0.0,1.0,0.0,0.0,1.172,-23.972,0.0,1.0,0.0,0.0,0.0,-1.0,0.05651548460377916,0.1382787040726084,-0.34617,1.0002510667040978,12.207822182369863,,
225.2104,69.174,-0.06,-0.015,65.2,0.008,-0.007,-0.297,-0.025,-0.136,-0.297,-0.025,-0.136,-0.107,0.105,-0.117,0.008,0.001,-0.007,-0.0,0.0,0.0,843.453,-0.0,0.0,-0.0,0.0,0.0,0.0,0.0,0.0,-0.6751,0.7022,-0.2262,0.7327,0.674,-0.0944,0.0862,-0.2295,-0.9695,0.676,0.226,-0.7014,-0.7316,0.0917,-0.6755,-0.0884,0.9698,0.2273,-0.0001,0.0,0.0001,0.0,0.0,0.0,-0.1766,0.0555,-0.27,32.663,22.6124,62.7859,0.0,0.0433,-0.3647,0.0,0.0,0.0,3378801.2587,3645427.9455,-4548110.9709,4216.7927,3105.4381,5630.7285,3378768.5957,3645405.3332,-4548173.7568,4216.9693,3105.3825,5630.9984,0.0,0.0765,3.9732,0.0,0.0,1.0,0.0,1.0,0.0,0.0,1.172,-23.972,0.0,1.0,0.0,0.0,0.0,-1.0,0.06184658438426491,0.1382787040726084,-0.34587,0.9930331516912916,12.197242563527357,,
225.412,69.113,-0.065,-0.042,65.14,0.003,-0.035,-0.297,-0.025,-0.136,-0.297,-0.025,-0.136,-0.105,0.105,-0.119,0.008,0.001,-0.007,-0.0,0.0,0.0,843.453,-0.0,0.0,-0.0,0.0,0.0,0.0,0.0,0.0,-0.6751,0.7022,-0.2263,0.7327,0.674,-0.0944,0.0862,-0.2295,-0.9695,0.676,0.226,-0.7014,-0.7316,0.0917,-0.6755,-0.0884,0.9698,0.2273,-0.0001,0.0,0.0001,0.0,0.0,0.0,-0.1766,0.0555,-0.27,32.6272,22.6236,62.7311,0.0,0.0433,-0.3647,0.0,0.0,0.0,3379656.4337,3646057.7042,-4546968.8041,4215.8994,3104.4743,5631.9307,3379623.8065,3646035.0806,-4547031.5352,4216.0759,3104.4187,5632.2006,0.0,0.0765,3.9732,0.0,0.0,1.0,0.0,1.0,0.0,0.0,1.172,-23.972,0.0,1.0,0.0,0.0,0.0,-1.0,0.07738862965578341,0.1382787040726084,-0.345565,0.9856681658230346,12.186486617704139,,
225.619,69.052,-0.071,-0.07,65.079,-0.002,-0.063,-0.297,-0.025,-0.136,-0.297,-0.025,-0.136,-0.104,0.105,-0.12,0.008,0.001,-0.007,-0.0,0.0,0.0,843.453,-0.0,0.0,-0.0,0.0,0.0,0.0,0.0,0.0,-0.6751,0.7022,-0.2263,0.7327,0.674,-0.0944,0.0862,-0.2295,-0.9695,0.676,0.226,-0.7014,-0.7316,0.0917,-0.6755,-0.0884,0.9698,0.2273,-0.0001,0.0,0.0001,0.0,0.0,0.0,-0.1766,0.0555,-0.27,32.5908,22.6351,62.6755,0.0,0.0433,-0.3647,0.0,0.0,0.0,3380525.8783,3646697.9078,-4545807.0795,4214.9907,3103.494,5633.1529,3380493.2875,3646675.2727,-4545869.755,4215.1673,3103.4385,5633.4229,0.0,0.0765,3.9732,0.0,0.0,1.0,0.0,1.0,0.0,0.0,1.172,-23.972,0.0,1.0,0.0,0.0,0.0,-1.0,0.09970456358662827,0.1382787040726084,-0.34526,0.9944688097984651,12.175730671880924,,
225.8201,68.992,-0.076,-0.098,65.019,-0.008,-0.09,-0.297,-0.025,-0.136,-0.297,-0.026,-0.136,-0.102,0.106,-0.121,0.008,0.001,-0.007,-0.0,0.0,0.0,843.453,-0.0,0.0,-0.0,0.0,0.0,0.0,0.0,0.0,-0.6751,0.7021,-0.2263,0.7326,0.674,-0.0944,0.0862,-0.2296,-0.9695,0.676,0.226,-0.7014,-0.7316,0.0917,-0.6755,-0.0884,0.9698,0.2273,-0.0001,0.0,0.0001,0.0,0.0,0.0,-0.1766,0.0555,-0.27,32.5552,22.6462,62.6211,0.0,0.0433,-0.3647,0.0,0.0,0.0,3381374.1537,3647322.462,-4544673.155,4214.1037,3102.5372,5634.3453,3381341.5985,3647299.8157,-4544735.7761,4214.2803,3102.4817,5634.6153,0.0,0.0765,3.9732,0.0,0.0,1.0,0.0,1.0,0.0,0.0,1.172,-23.972,0.0,1.0,0.0,0.0,0.0,-1.0,0.12401612798341997,0.1382787040726084,-0.34496000000000004,0.9746817839610895,12.165151053038416,,
226.0263,68.931,-0.081,-0.126,64.958,-0.013,-0.118,-0.297,-0.025,-0.136,-0.297,-0.026,-0.136,-0.1,0.106,-0.123,0.008,0.001,-0.007,-0.0,0.0,0.0,843.453,-0.0,0.0,-0.0,0.0,0.0,0.0,0.0,0.0,-0.6752,0.7021,-0.2263,0.7326,0.6741,-0.0945,0.0862,-0.2296,-0.9695,0.676,0.226,-0.7014,-0.7316,0.0917,-0.6755,-0.0884,0.9698,0.2273,-0.0001,0.0,0.0001,0.0,0.0,0.0,-0.1766,0.0555,-0.27,32.5189,22.6576,62.5656,0.0,0.0433,-0.3647,0.0,0.0,0.0,3382240.5732,3647960.3117,-4543514.483,4213.1973,3101.5596,5635.5632,3382208.0543,3647937.654,-4543577.0486,4213.3739,3101.5041,5635.8332,0.0,0.0765,3.9732,0.0,0.0,1.0,0.0,1.0,0.0,0.0,1.172,-23.972,0.0,1.0,0.0,0.0,0.0,-1.0,0.14978985279383916,0.1382787040726084,-0.344655,0.9698065056828916,12.1543951072152,,
226.2296,68.871,-0.086,-0.153,64.898,-0.018,-0.146,-0.297,-0.025,-0.136,-0.297,-0.026,-0.136,-0.099,0.106,-0.124,0.008,0.001,-0.007,-0.0,0.0,0.0,843.453,-0.0,0.0,-0.0,0.0,0.0,0.0,0.0,0.0,-0.6752,0.7021,-0.2263,0.7326,0.6741,-0.0945,0.0862,-0.2296,-0.9695,0.676,0.226,-0.7014,-0.7316,0.0917,-0.6755,-0.0884,0.9698,0.2273,-0.0001,0.0,0.0001,0.0,0.0,0.0,-0.1766,0.0555,-0.27,32.4831,22.6688,62.5109,0.0,0.0433,-0.3647,0.0,0.0,0.0,3383093.71,3648588.3206,-4542373.0848,4212.3044,3100.5966,5636.7624,3383061.2269,3648565.6517,-4542435.5957,4212.4811,3100.5411,5637.0324,0.0,0.0765,3.9732,0.0,0.0,1.0,0.0,1.0,0.0,0.0,1.172,-23.972,0.0,1.0,0.0,0.0,0.0,-1.0,0.1755135322418189,0.1382787040726084,-0.34435499999999997,0.965702936845045,12.14381548837269,,
226.4354,68.81,-0.091,-0.182,64.836,-0.023,-0.174,-0.297,-0.025,-0.136,-0.297,-0.026,-0.136,-0.097,0.106,-0.126,0.008,0.001,-0.007,-0.0,0.0,0.0,843.453,-0.0,0.0,-0.0,0.0,0.0,0.0,0.0,0.0,-0.6752,0.7021,-0.2263,0.7326,0.6741,-0.0945,0.0862,-0.2296,-0.9695,0.676,0.226,-0.7014,-0.7316,0.0917,-0.6755,-0.0884,0.9698,0.2273,-0.0001,0.0,0.0001,0.0,0.0,0.0,-0.1766,0.0555,-0.27,32.4464,22.6804,62.4548,0.0,0.0433,-0.3647,0.0,0.0,0.0,3383968.8455,3649232.4586,-4541201.7518,4211.3881,3099.6084,5637.9924,3383936.399,3649209.7783,-4541264.2066,4211.5647,3099.5529,5638.2624,0.0,0.0765,3.9732,0.0,0.0,1.0,0.0,1.0,0.0,0.0,1.172,-23.972,0.0,1.0,0.0,0.0,0.0,-1.0,0.20348218595248085,0.1382787040726084,-0.34405,0.9614982134086376,12.133059542549475,,
226.6427,68.749,-0.096,-0.21,64.775,-0.029,-0.202,-0.297,-0.025,-0.136,-0.297,-0.026,-0.136,-0.095,0.106,-0.127,0.008,0.001,-0.007,-0.0,0.0,0.0,843.453,-0.0,0.0,-0.0,0.0,0.0,0.0,0.0,0.0,-0.6752,0.702,-0.2263,0.7326,0.6741,-0.0945,0.0862,-0.2296,-0.9695,0.676,0.226,-0.7014,-0.7316,0.0917,-0.6755,-0.0884,0.9698,0.2273,-0.0001,0.0,0.0001,0.0,0.0,0.0,-0.1767,0.0554,-0.27,32.4101,22.6918,62.3993,0.0,0.0433,-0.3647,0.0,0.0,0.0,3384834.5289,3649869.5753,-4540042.5685,4210.4812,3098.6304,5639.2091,3384802.1188,3649846.8835,-4540104.9678,4210.6579,3098.575,5639.4791,0.0,0.0765,3.9732,0.0,0.0,1.0,0.0,1.0,0.0,0.0,1.172,-23.972,0.0,1.0,0.0,0.0,0.0,-1.0,0.23090257685872628,0.1382787040726084,-0.34374499999999997,0.9431042292167492,12.122303596726258,,
226.8427,68.689,-0.101,-0.237,64.716,-0.034,-0.229,-0.297,-0.025,-0.136,-0.297,-0.026,-0.136,-0.094,0.107,-0.128,0.008,0.001,-0.007,-0.0,0.0,0.0,843.453,-0.0,0.0,-0.0,0.0,0.0,0.0,0.0,0.0,-0.6752,0.702,-0.2264,0.7325,0.6741,-0.0945,0.0862,-0.2297,-0.9694,0.676,0.226,-0.7014,-0.7316,0.0917,-0.6755,-0.0884,0.9698,0.2273,-0.0001,0.0,0.0001,0.0,0.0,0.0,-0.1767,0.0554,-0.27,32.3747,22.7029,62.3453,0.0,0.0433,-0.3647,0.0,0.0,0.0,3385677.4632,3650489.8883,-4538913.3641,4209.5977,3097.6778,5640.3938,3385645.0885,3650467.1855,-4538975.7094,4209.7744,3097.6224,5640.6638,0.0,0.0765,3.9732,0.0,0.0,1.0,0.0,1.0,0.0,0.0,1.172,-23.972,0.0,1.0,0.0,0.0,0.0,-1.0,0.25762375666851844,0.1382787040726084,-0.34344499999999994,0.9407241849282555,12.111723977883749,,
227.0428,68.63,-0.106,-0.264,64.657,-0.039,-0.256,-0.297,-0.025,-0.136,-0.297,-0.026,-0.136,-0.092,0.107,-0.13,0.008,0.001,-0.007,-0.0,0.0,0.0,843.453,-0.0,0.0,-0.0,0.0,0.0,0.0,0.0,0.0,-0.6753,0.702,-0.2264,0.7325,0.6741,-0.0946,0.0862,-0.2297,-0.9694,0.676,0.226,-0.7014,-0.7316,0.0917,-0.6755,-0.0884,0.9698,0.2273,-0.0001,0.0,0.0001,0.0,0.0,0.0,-0.1767,0.0554,-0.2701,32.3395,22.7139,62.2914,0.0,0.0433,-0.3647,0.0,0.0,0.0,3386516.7431,3651107.4515,-4537788.5867,4208.7177,3096.729,5641.5733,3386484.4036,3651084.7376,-4537850.8781,4208.8944,3096.6736,5641.8433,0.0,0.0765,3.9732,0.0,0.0,1.0,0.0,1.0,0.0,0.0,1.172,-23.972,0.0,1.0,0.0,0.0,0.0,-1.0,0.2844855005092527,0.1382787040726084,-0.34314999999999996,0.9386673357808841,12.10132068602195,,
227.2463,68.569,-0.111,-0.292,64.596,-0.044,-0.284,-0.297,-0.025,-0.136,-0.297,-0.026,-0.136,-0.091,0.107,-0.131,0.008,0.001,-0.007,-0.0,0.0,0.0,843.453,-0.0,0.0,-0.0,0.0,0.0,0.0,0.0,0.0,-0.6753,0.702,-0.2264,0.7325,0.6742,-0.0946,0.0862,-0.2297,-0.9694,0.676,0.226,-0.7014,-0.7316,0.0917,-0.6755,-0.0884,0.9698,0.2273,-0.0001,0.0,0.0001,0.0,0.0,0.0,-0.1767,0.0554,-0.2701,32.3033,22.7252,62.2361,0.0,0.0433,-0.3647,0.0,0.0,0.0,3387378.0685,3651741.1742,-4536633.7731,4207.8141,3095.7549,5642.7837,3387345.7652,3651718.4489,-4536696.0092,4207.9908,3095.6995,5643.0538,0.0,0.0765,3.9732,0.0,0.0,1.0,0.0,1.0,0.0,0.0,1.172,-23.972,0.0,1.0,0.0,0.0,0.0,-1.0,0.312385979198811,0.1382787040726084,-0.342845,0.9372919128965835,12.090564740198735,,
227.4517,68.509,-0.117,-0.32,64.535,-0.049,-0.312,-0.297,-0.025,-0.136,-0.297,-0.026,-0.136,-0.089,0.107,-0.132,0.008,0.001,-0.007,-0.0,0.0,0.0,843.453,-0.0,0.0,-0.0,0.0,0.0,0.0,0.0,0.0,-0.6753,0.7019,-0.2264,0.7325,0.6742,-0.0946,0.0862,-0.2297,-0.9694,0.676,0.226,-0.7014,-0.7316,0.0917,-0.6755,-0.0884,0.9698,0.2273,-0.0001,0.0,0.0001,0.0,0.0,0.0,-0.1767,0.0554,-0.2701,32.2671,22.7366,62.1808,0.0,0.0433,-0.3647,0.0,0.0,0.0,3388240.8246,3652375.8858,-4535476.545,4206.9086,3094.7788,5643.9961,3388208.5575,3652353.1493,-4535538.7258,4207.0854,3094.7234,5644.2662,0.0,0.0765,3.9732,0.0,0.0,1.0,0.0,1.0,0.0,0.0,1.172,-23.972,0.0,1.0,0.0,0.0,0.0,-1.0,0.3407183587657114,0.1382787040726084,-0.342545,0.9505365689637915,12.079985121356227,,
227.6572,68.447,-0.122,-0.348,64.474,-0.055,-0.34,-0.297,-0.025,-0.135,-0.297,-0.026,-0.135,-0.087,0.107,-0.134,0.008,0.001,-0.007,-0.0,0.0,0.0,843.45,1.0,0.0,-0.0,0.0,0.0,0.0,0.0,0.0,-0.6753,0.7019,-0.2264,0.7325,0.6742,-0.0946,0.0862,-0.2297,-0.9694,0.676,0.226,-0.7014,-0.7316,0.0917,-0.6755,-0.0884,0.9698,0.2273,-0.0001,0.0,0.0001,0.0,0.0,0.0,-0.1762,0.0548,-0.2701,32.2305,22.748,62.1249,0.0,0.0433,-0.3647,0.0,0.0,0.0,3389111.236,3653016.1645,-4534308.5471,4205.9952,3093.793,5645.2192,3389079.0054,3652993.4165,-4534370.672,4206.1714,3093.7382,5645.4893,0.0,0.0765,3.9732,0.0,0.0,1.0,0.0,1.0,0.0,0.0,1.172,-23.972,0.0,1.0,0.0,0.0,0.0,-1.0,0.368765508148471,0.1372953021774598,-0.342235,0.935575086924167,12.069052848552303,,
227.8628,68.386,-0.127,-0.375,64.413,-0.06,-0.367,-0.297,-0.025,-0.129,-0.297,-0.026,-0.128,-0.086,0.107,-0.135,0.008,0.001,-0.007,-0.0,0.0,0.0,843.422,1.0,0.0,-0.0,0.0,0.0,0.0,0.0,0.0,-0.6753,0.7019,-0.2264,0.7324,0.6742,-0.0946,0.0862,-0.2298,-0.9694,0.676,0.226,-0.7014,-0.7316,0.0917,-0.6755,-0.0884,0.9698,0.2273,-0.0001,0.0,0.0001,0.0,0.0,0.0,-0.1716,0.0498,-0.2707,32.1947,22.7588,62.0692,0.0,0.0433,-0.3647,0.0,0.0,0.0,3389976.5488,3653652.6278,-4533146.8867,4205.0907,3092.8083,5646.4345,3389944.3541,3653629.869,-4533208.9559,4205.2624,3092.7584,5646.7052,0.0,0.0765,3.9732,0.0,0.0,1.0,0.0,1.0,0.0,0.0,1.172,-23.972,0.0,1.0,0.0,0.0,0.0,-1.0,0.3959217094325594,0.13140015220691337,-0.34192999999999996,0.9358990600066484,12.058296902729085,,
228.0697,68.325,-0.132,-0.401,64.351,-0.065,-0.393,-0.297,-0.025,-0.122,-0.297,-0.026,-0.122,-0.084,0.108,-0.137,0.008,0.001,-0.007,-0.0,0.0,0.0,843.394,1.0,0.0,-0.0,0.0,0.0,0.0,0.0,0.0,-0.6754,0.7019,-0.2264,0.7324,0.6742,-0.0947,0.0862,-0.2298,-0.9694,0.676,0.226,-0.7014,-0.7316,0.0917,-0.6755,-0.0884,0.9698,0.2273,-0.0001,0.0,0.0001,0.0,0.0,0.0,-0.167,0.0448,-0.2713,32.1598,22.7686,62.0132,0.0,0.0433,-0.3647,0.0,0.0,0.0,3390845.1003,3654291.4071,-4531980.3754,4204.1825,3091.8194,5647.6543,3390812.9405,3654268.6385,-4532042.3886,4204.3495,3091.7746,5647.9256,0.0,0.0765,3.9732,0.0,0.0,1.0,0.0,1.0,0.0,0.0,1.172,-23.972,0.0,1.0,0.0,0.0,0.0,-1.0,0.4221670285562339,0.12453513560437472,-0.341625,0.936386387666491,12.04754095690587,,
228.2715,68.265,-0.137,-0.425,64.291,-0.07,-0.417,-0.297,-0.025,-0.115,-0.297,-0.026,-0.115,-0.083,0.108,-0.138,0.008,0.001,-0.007,-0.0,0.0,0.0,843.366,1.0,0.0,-0.0,0.0,0.0,0.0,0.0,0.0,-0.6754,0.7018,-0.2265,0.7324,0.6743,-0.0947,0.0862,-0.2298,-0.9694,0.676,0.226,-0.7014,-0.7316,0.0917,-0.6755,-0.0884,0.9698,0.2273,-0.0001,0.0,0.0001,0.0,0.0,0.0,-0.1625,0.0399,-0.2719,32.1264,22.7771,61.9583,0.0,0.0433,-0.3647,0.0,0.0,0.0,3391695.6722,3654916.8991,-4530837.5219,4203.2926,3090.8506,5648.8488,3391663.5457,3654894.122,-4530899.4802,4203.4551,3090.8108,5649.1207,0.0,0.0765,3.9732,0.0,0.0,1.0,0.0,1.0,0.0,0.0,1.172,-23.972,0.0,1.0,0.0,0.0,0.0,-1.0,0.44653555289584723,0.1176860229593982,-0.341325,0.9372246790693636,12.036961338063362,,
228.475,68.204,-0.142,-0.448,64.231,-0.076,-0.44,-0.297,-0.025,-0.108,-0.297,-0.026,-0.108,-0.081,0.108,-0.139,0.008,0.001,-0.006,-0.0,0.0,0.0,843.339,1.0,0.0,-0.0,0.0,0.0,0.0,0.0,0.0,-0.6754,0.7018,-0.2265,0.7324,0.6743,-0.0947,0.0863,-0.2298,-0.9694,0.676,0.226,-0.7014,-0.7316,0.0917,-0.6755,-0.0884,0.9698,0.2273,-0.0001,0.0,0.0001,0.0,0.0,0.0,-0.158,0.0349,-0.2725,32.0938,22.7847,61.9029,0.0,0.0433,-0.3647,0.0,0.0,0.0,3392550.4212,3655545.3987,-4529688.5694,4202.398,3089.8767,5650.0491,3392518.3274,3655522.614,-4529750.4723,4202.556,3089.8418,5650.3216,0.0,0.0765,3.9732,0.0,0.0,1.0,0.0,1.0,0.0,0.0,1.172,-23.972,0.0,1.0,0.0,0.0,0.0,-1.0,0.46996595621385173,0.11085576214162257,-0.34102,0.9238591184196875,12.026205392240144,,
228.678,68.144,-0.148,-0.469,64.171,-0.081,-0.461,-0.297,-0.025,-0.101,-0.297,-0.026,-0.101,-0.079,0.108,-0.14,0.008,0.001,-0.006,-0.0,0.0,0.0,843.311,1.0,0.0,-0.0,0.0,0.0,0.0,0.0,0.0,-0.6754,0.7018,-0.2265,0.7324,0.6743,-0.0947,0.0863,-0.2298,-0.9694,0.676,0.226,-0.7014,-0.7316,0.0917,-0.6755,-0.0884,0.9698,0.2273,-0.0001,0.0,0.0001,0.0,0.0,0.0,-0.1534,0.03,-0.2731,32.0623,22.7913,61.8478,0.0,0.0433,-0.3647,0.0,0.0,0.0,3393399.8366,3656169.9126,-4528546.3033,4201.5085,3088.9085,5651.2419,3393367.7743,3656147.1214,-4528608.1511,4201.662,3088.8786,5651.515,0.0,0.0765,3.9732,0.0,0.0,1.0,0.0,1.0,0.0,0.0,1.172,-23.972,0.0,1.0,0.0,0.0,0.0,-1.0,0.4917977226462115,0.10404806581575653,-0.34072,0.9387371919683556,12.015625773397637,,
228.8796,68.084,-0.153,-0.489,64.111,-0.086,-0.481,-0.297,-0.025,-0.095,-0.297,-0.026,-0.095,-0.078,0.108,-0.142,0.008,0.001,-0.006,-0.0,0.0,0.0,843.284,1.0,0.0,-0.0,0.0,0.0,0.0,0.0,0.0,-0.6754,0.7018,-0.2265,0.7323,0.6743,-0.0947,0.0863,-0.2299,-0.9694,0.676,0.226,-0.7014,-0.7316,0.0917,-0.6755,-0.0884,0.9698,0.2273,-0.0001,0.0,0.0001,0.0,0.0,0.0,-0.1489,0.025,-0.2737,32.0317,22.7968,61.7924,0.0,0.0433,-0.3647,0.0,0.0,0.0,3394250.9136,3656795.5843,-4527401.3195,4200.6169,3087.9381,5652.437,3394218.8819,3656772.7875,-4527463.1119,4200.7658,3087.9131,5652.7107,0.0,0.0765,3.9732,0.0,0.0,1.0,0.0,1.0,0.0,0.0,1.172,-23.972,0.0,1.0,0.0,0.0,0.0,-1.0,0.5123768144637304,0.09823441352194251,-0.34042,0.9398649281943383,12.00504615455513,,
229.0837,68.024,-0.158,-0.507,64.05,-0.091,-0.5,-0.297,-0.025,-0.088,-0.297,-0.026,-0.088,-0.076,0.109,-0.143,0.008,0.001,-0.006,-0.0,0.0,0.0,843.256,1.0,0.0,-0.0,0.0,0.0,0.0,0.0,0.0,-0.6755,0.7017,-0.2265,0.7323,0.6743,-0.0947,0.0863,-0.2299,-0.9694,0.676,0.226,-0.7014,-0.7316,0.0917,-0.6755,-0.0884,0.9698,0.2273,-0.0001,0.0,0.0001,0.0,0.0,0.0,-0.1444,0.02,-0.2743,32.0018,22.8014,61.7365,0.0,0.0433,-0.3647,0.0,0.0,0.0,3395108.2897,3657425.8228,-4526247.3664,4199.7182,3086.9601,5653.6408,3395076.2879,3657403.0214,-4526309.1029,4199.8626,3086.94,5653.9151,0.0,0.0765,3.9732,0.0,0.0,1.0,0.0,1.0,0.0,0.0,1.172,-23.972,0.0,1.0,0.0,0.0,0.0,-1.0,0.5310489619611359,0.09148223871331528,-0.34012,0.9456661276802129,11.994466535712622,,
229.2856,67.964,-0.163,-0.524,63.99,-0.097,-0.517,-0.297,-0.025,-0.081,-0.297,-0.026,-0.081,-0.075,0.109,-0.144,0.008,0.001,-0.006,-0.0,0.0,0.0,843.228,1.0,0.0,-0.0,0.0,0.0,0.0,0.0,0.0,-0.6755,0.7017,-0.2265,0.7323,0.6743,-0.0948,0.0863,-0.2299,-0.9694,0.676,0.226,-0.7014,-0.7316,0.0917,-0.6755,-0.0884,0.9698,0.2273,-0.0001,0.0,0.0001,0.0,0.0,0.0,-0.1399,0.0151,-0.2749,31.9731,22.8049,61.6811,0.0,0.0433,-0.3647,0.0,0.0,0.0,3395955.6432,3658048.6299,-4525106.4207,4198.8297,3085.9931,5654.8306,3395923.6701,3658025.825,-4525168.1018,4198.9695,3085.978,5655.1055,0.0,0.0765,3.9732,0.0,0.0,1.0,0.0,1.0,0.0,0.0,1.172,-23.972,0.0,1.0,0.0,0.0,0.0,-1.0,0.5487667992872747,0.08477027781009096,-0.33982,0.9325613109494575,11.983886916870114,,
229.4859,67.904,-0.168,-0.54,63.931,-0.102,-0.532,-0.297,-0.025,-0.075,-0.297,-0.026,-0.075,-0.073,0.109,-0.146,0.008,0.001,-0.006,-0.0,0.0,0.0,843.201,1.0,0.0,-0.0,0.0,0.0,0.0,0.0,0.0,-0.6755,0.7017,-0.2265,0.7323,0.6744,-0.0948,0.0863,-0.2299,-0.9694,0.676,0.226,-0.7014,-0.7316,0.0917,-0.6755,-0.0884,0.9698,0.2273,-0.0001,0.0,0.0001,0.0,0.0,0.0,-0.1354,0.0102,-0.2755,31.9455,22.8075,61.6259,0.0,0.0433,-0.3647,0.0,0.0,0.0,3396796.8076,3658666.8251,-4523973.3345,4197.9472,3085.0329,5656.0116,3396764.8621,3658644.0176,-4524034.9604,4198.0826,3085.0226,5656.2871,0.0,0.0765,3.9732,0.0,0.0,1.0,0.0,1.0,0.0,0.0,1.172,-23.972,0.0,1.0,0.0,0.0,0.0,-1.0,0.5655298400615126,0.07905694150420949,-0.33952,0.9282802882703567,11.973307298027605,,
229.6891,67.844,-0.173,-0.554,63.871,-0.107,-0.547,-0.297,-0.025,-0.068,-0.297,-0.026,-0.068,-0.071,0.109,-0.147,0.008,0.001,-0.006,-0.0,0.0,0.0,843.173,1.0,0.0,-0.0,0.0,0.0,0.0,0.0,0.0,-0.6755,0.7017,-0.2266,0.7323,0.6744,-0.0948,0.0863,-0.2299,-0.9694,0.676,0.226,-0.7014,-0.7316,0.0917,-0.6755,-0.0884,0.9698,0.2273,-0.0001,0.0,0.0001,0.0,0.0,0.0,-0.1308,0.0053,-0.276,31.9185,22.809,61.57,0.0,0.0433,-0.3647,0.0,0.0,0.0,3397648.6883,3659292.8328,-4522825.3249,4197.0531,3084.06,5657.2076,3397616.7698,3659270.0238,-4522886.8948,4197.1839,3084.0547,5657.4837,0.0,0.0765,3.9732,0.0,0.0,1.0,0.0,1.0,0.0,0.0,1.172,-23.972,0.0,1.0,0.0,0.0,0.0,-1.0,0.5803834939072613,0.07244998274671982,-0.33921999999999997,0.9346520974264183,11.962727679185097,,
229.8938,67.783,-0.179,-0.568,63.81,-0.112,-0.56,-0.297,-0.026,-0.061,-0.297,-0.026,-0.061,-0.07,0.109,-0.148,0.008,0.001,-0.006,-0.0,0.0,0.0,843.146,1.0,0.0,-0.0,0.0,0.0,0.0,0.0,0.0,-0.6755,0.7016,-0.2266,0.7323,0.6744,-0.0948,0.0863,-0.23,-0.9694,0.676,0.226,-0.7014,-0.7316,0.0917,-0.6755,-0.0884,0.9698,0.2273,-0.0001,0.0,0.0001,0.0,0.0,0.0,-0.1263,0.0003,-0.2766,31.8921,22.8096,61.5133,0.0,0.0433,-0.3647,0.0,0.0,0.0,3398509.6392,3659925.4404,-4521664.5989,4196.149,3083.0764,5658.4163,3398477.7471,3659902.6308,-4521726.1122,4196.2753,3083.0761,5658.6929,0.0,0.0765,3.9732,0.0,0.0,1.0,0.0,1.0,0.0,0.0,1.172,-23.972,0.0,1.0,0.0,0.0,0.0,-1.0,0.5955375722823876,0.06630987860040162,-0.338915,0.9428121414712033,11.951971733361882,,
230.1001,67.722,-0.184,-0.58,63.749,-0.118,-0.572,-0.297,-0.026,-0.054,-0.297,-0.026,-0.054,-0.068,0.109,-0.149,0.008,0.001,-0.006,-0.0,0.0,0.0,843.118,1.0,0.0,-0.0,0.0,0.0,0.0,0.0,0.0,-0.6756,0.7016,-0.2266,0.7322,0.6744,-0.0948,0.0863,-0.23,-0.9694,0.676,0.226,-0.7014,-0.7316,0.0917,-0.6755,-0.0884,0.9698,0.2273,-0.0001,0.0,0.0001,0.0,0.0,0.0,-0.1217,-0.0048,-0.2772,31.8665,22.8091,61.4561,0.0,0.0433,-0.3647,0.0,0.0,0.0,3399375.0473,3660561.2568,-4520497.3628,4195.2398,3082.0873,5659.6312,3399343.1808,3660538.4477,-4520558.819,4195.3615,3082.0921,5659.9084,0.0,0.0765,3.9732,0.0,0.0,1.0,0.0,1.0,0.0,0.0,1.172,-23.972,0.0,1.0,0.0,0.0,0.0,-1.0,0.6084866473473349,0.05993329625508678,-0.33860999999999997,0.9289434830521862,11.941215787538663,,
230.3012,67.662,-0.189,-0.59,63.689,-0.123,-0.582,-0.297,-0.026,-0.048,-0.297,-0.026,-0.048,-0.067,0.11,-0.15,0.008,0.001,-0.006,-0.0,0.0,0.0,843.09,1.0,0.0,-0.0,0.0,0.0,0.0,0.0,0.0,-0.6756,0.7016,-0.2266,0.7322,0.6744,-0.0948,0.0863,-0.23,-0.9694,0.676,0.226,-0.7014,-0.7316,0.0917,-0.6755,-0.0884,0.9698,0.2273,-0.0001,0.0,0.0001,0.0,0.0,0.0,-0.1172,-0.0096,-0.2778,31.8426,22.8077,61.4004,0.0,0.0433,-0.3646,0.0,0.0,0.0,3400217.0286,3661179.7983,-4519361.2385,4194.3548,3081.1247,5660.8132,3400185.186,3661156.9906,-4519422.6389,4194.472,3081.1343,5661.091,0.0,0.0765,3.9732,0.0,0.0,1.0,0.0,1.0,0.0,0.0,1.172,-23.972,0.0,1.0,0.0,0.0,0.0,-1.0,0.6195328885539492,0.054589376255824724,-0.33831000000000006,0.9285982579165487,11.930636168696159,,
230.5022,67.603,-0.194,-0.599,63.629,-0.128,-0.591,-0.297,-0.026,-0.041,-0.297,-0.026,-0.041,-0.065,0.11,-0.152,0.008,0.001,-0.006,-0.0,0.0,0.0,843.063,1.0,0.0,-0.0,0.0,0.0,0.0,0.0,0.0,-0.6756,0.7016,-0.2266,0.7322,0.6745,-0.0949,0.0863,-0.23,-0.9694,0.676,0.226,-0.7014,-0.7316,0.0917,-0.6755,-0.0884,0.9698,0.2273,-0.0001,0.0,0.0001,0.0,0.0,0.0,-0.1127,-0.0146,-0.2784,31.8195,22.8052,61.3445,0.0,0.0433,-0.3646,0.0,0.0,0.0,3401060.8821,3661799.6518,-4518222.1117,4193.4675,3080.1595,5661.9977,3401029.0627,3661776.8466,-4518283.4562,4193.5801,3080.174,5662.2761,0.0,0.0765,3.9732,0.0,0.0,1.0,0.0,1.0,0.0,0.0,1.172,-23.972,0.0,1.0,0.0,0.0,0.0,-1.0,0.6296324324556352,0.048548944375753425,-0.33801499999999995,0.9277959801262916,11.920232876834357,,
230.7058,67.543,-0.199,-0.606,63.569,-0.133,-0.599,-0.297,-0.026,-0.034,-0.297,-0.026,-0.034,-0.064,0.11,-0.153,0.008,0.001,-0.006,-0.0,0.0,0.0,843.035,1.0,0.0,-0.0,0.0,0.0,0.0,0.0,0.0,-0.6756,0.7016,-0.2266,0.7322,0.6745,-0.0949,0.0863,-0.23,-0.9694,0.676,0.226,-0.7014,-0.7316,0.0917,-0.6755,-0.0884,0.9698,0.2273,-0.0001,0.0,0.0001,0.0,0.0,0.0,-0.1081,-0.0195,-0.279,31.7971,22.8018,61.288,0.0,0.0433,-0.3646,0.0,0.0,0.0,3401910.9399,3662423.9995,-4517074.121,4192.5732,3079.1868,5663.1909,3401879.1429,3662401.1977,-4517135.409,4192.6813,3079.2063,5663.4699,0.0,0.0765,3.9732,0.0,0.0,1.0,0.0,1.0,0.0,0.0,1.172,-23.972,0.0,1.0,0.0,0.0,0.0,-1.0,0.6378377536646761,0.0428018691180654,-0.33771500000000004,0.933184028672826,11.90965325799185,,
230.9087,67.482,-0.205,-0.613,63.509,-0.139,-0.605,-0.297,-0.026,-0.027,-0.297,-0.026,-0.027,-0.062,0.11,-0.154,0.008,0.001,-0.006,-0.0,0.0,0.0,843.008,1.0,0.0,-0.0,0.0,0.0,0.0,0.0,0.0,-0.6756,0.7015,-0.2266,0.7322,0.6745,-0.0949,0.0863,-0.23,-0.9693,0.676,0.226,-0.7014,-0.7316,0.0917,-0.6755,-0.0884,0.9698,0.2273,-0.0001,0.0,0.0001,0.0,0.0,0.0,-0.1036,-0.0245,-0.2796,31.7755,22.7973,61.2311,0.0,0.0433,-0.3646,0.0,0.0,0.0,3402764.2453,3663050.6676,-4515921.2577,4191.675,3078.2101,5664.3886,3402732.4698,3663027.8703,-4515982.4888,4191.7786,3078.2346,5664.6682,0.0,0.0765,3.9732,0.0,0.0,1.0,0.0,1.0,0.0,0.0,1.172,-23.972,0.0,1.0,0.0,0.0,0.0,-1.0,0.6463698631588574,0.03748332962798263,-0.33741,0.924817330183356,11.898897312168634,,
231.1143,67.421,-0.21,-0.617,63.448,-0.144,-0.61,-0.297,-0.024,-0.021,-0.297,-0.024,-0.021,-0.06,0.11,-0.155,0.008,0.001,-0.006,-0.0,0.0,0.0,842.96,1.0,1.0,-0.0,0.0,0.0,0.0,0.0,0.0,-0.6757,0.7015,-0.2266,0.7321,0.6745,-0.0949,0.0863,-0.2301,-0.9693,0.676,0.226,-0.7014,-0.7316,0.0917,-0.6755,-0.0884,0.9698,0.2273,-0.0001,0.0,0.0001,0.0,0.0,0.0,-0.0982,-0.028,-0.2805,31.7547,22.7918,61.1736,0.0,0.0433,-0.3646,0.0,0.0,0.0,3403625.8922,3663683.3964,-4514756.6255,4190.7685,3077.2249,5665.5977,3403594.1375,3663660.6046,-4514817.7991,4190.8667,3077.2529,5665.8782,0.0,0.0765,3.9732,0.0,0.0,1.0,0.0,1.0,0.0,0.0,1.172,-23.972,0.0,1.0,0.0,0.0,0.0,-1.0,0.6517583908167197,0.03189043743820395,-0.33710500000000004,0.9293994883433727,11.888141366345419,,
231.3201,67.36,-0.214,-0.621,63.386,-0.148,-0.614,-0.297,-0.018,-0.016,-0.297,-0.019,-0.016,-0.059,0.11,-0.156,0.007,0.001,-0.006,-0.0,0.0,0.0,842.862,1.0,1.0,-0.0,0.0,0.0,0.0,0.0,0.0,-0.6757,0.7015,-0.2267,0.7321,0.6745,-0.0949,0.0863,-0.2301,-0.9693,0.676,0.226,-0.7014,-0.7316,0.0917,-0.6755,-0.0884,0.9698,0.2273,-0.0001,0.0,0.0001,0.0,0.0,0.0,-0.0907,-0.0277,-0.2823,31.7352,22.7861,61.1156,0.0,0.0433,-0.3646,0.0,0.0,0.0,3404489.6846,3664317.635,-4513588.5912,4189.8614,3076.2407,5666.8088,3404457.9493,3664294.8489,-4513649.7068,4189.9521,3076.2684,5667.0911,0.0,0.0765,3.9732,0.0,0.0,1.0,0.0,1.0,0.0,0.0,1.172,-23.972,0.0,1.0,0.0,0.0,0.0,-1.0,0.6568386407634679,0.024083189157584593,-0.3368,0.9278281899954115,11.8773854205222,,
231.5232,67.3,-0.217,-0.624,63.326,-0.152,-0.616,-0.297,-0.012,-0.011,-0.297,-0.013,-0.011,-0.057,0.11,-0.158,0.007,0.001,-0.006,-0.0,0.0,0.0,842.767,1.0,1.0,-0.0,0.0,0.0,0.0,0.0,0.0,-0.6757,0.7015,-0.2267,0.7321,0.6745,-0.0949,0.0863,-0.2301,-0.9693,0.676,0.226,-0.7014,-0.7316,0.0917,-0.6755,-0.0884,0.9698,0.2273,-0.0001,0.0,0.0001,0.0,0.0,0.0,-0.0833,-0.0274,-0.2841,31.7177,22.7805,61.0583,0.0,0.0433,-0.3646,0.0,0.0,0.0,3405336.8085,3664939.5708,-4512442.6105,4188.9714,3075.2751,5667.9965,3405305.0909,3664916.7903,-4512503.6688,4189.0547,3075.3026,5668.2806,0.0,0.0765,3.9732,0.0,0.0,1.0,0.0,1.0,0.0,0.0,1.172,-23.972,0.0,1.0,0.0,0.0,0.0,-1.0,0.6606549780331636,0.016278820596099707,-0.33649999999999997,0.9062658580555417,11.866805801679693,,
231.7297,67.238,-0.219,-0.626,63.265,-0.154,-0.618,-0.297,-0.006,-0.006,-0.297,-0.007,-0.006,-0.056,0.111,-0.159,0.007,0.001,-0.006,-0.0,0.0,0.0,842.669,1.0,1.0,-0.0,0.0,0.0,0.0,0.0,0.0,-0.6757,0.7014,-0.2267,0.7321,0.6746,-0.095,0.0863,-0.2301,-0.9693,0.676,0.226,-0.7014,-0.7316,0.0917,-0.6755,-0.0884,0.9698,0.2273,-0.0001,0.0,0.0001,0.0,0.0,0.0,-0.0757,-0.0271,-0.2859,31.7012,22.7748,60.9993,0.0,0.0433,-0.3645,0.0,0.0,0.0,3406203.8973,3665576.0993,-4511269.1174,4188.06,3074.2864,5669.2122,3406172.1961,3665553.3245,-4511330.1167,4188.1357,3074.3136,5669.4981,0.0,0.0765,3.9732,0.0,0.0,1.0,0.0,1.0,0.0,0.0,1.172,-23.972,0.0,1.0,0.0,0.0,0.0,-1.0,0.663202080817001,0.00848528137423857,-0.33619,0.9058345061449438,11.855873528875767,,
231.9344,67.178,-0.22,-0.627,63.204,-0.154,-0.619,-0.297,-0.001,-0.001,-0.297,-0.001,-0.001,-0.054,0.111,-0.16,0.007,0.001,-0.006,-0.0,0.0,0.0,842.572,1.0,1.0,-0.0,0.0,0.0,0.0,0.0,0.0,-0.6757,0.7014,-0.2267,0.7321,0.6746,-0.095,0.0863,-0.2301,-0.9693,0.676,0.226,-0.7014,-0.7316,0.0917,-0.6755,-0.0884,0.9698,0.2273,-0.0001,0.0,0.0001,0.0,0.0,0.0,-0.0682,-0.0269,-0.2877,31.6865,22.7693,60.9406,0.0,0.0433,-0.3645,0.0,0.0,0.0,3407061.7385,3666205.774,-4510107.6406,4187.1578,3073.3079,5670.4148,3407030.052,3666183.0047,-4510168.5811,4187.2261,3073.3347,5670.7025,0.0,0.0765,3.9732,0.0,0.0,1.0,0.0,1.0,0.0,0.0,1.172,-23.972,0.0,1.0,0.0,0.0,0.0,-1.0,0.6644764856637141,0.001414213562373095,-0.33588999999999997,0.9189721975505614,11.84529391003326,,
232.1344,67.118,-0.22,-0.626,63.145,-0.154,-0.618,-0.297,0.001,0.003,-0.297,0.0,0.003,-0.053,0.111,-0.161,0.007,0.001,-0.006,-0.0,0.0,0.0,842.537,-0.0,0.0,-0.0,0.0,0.0,0.0,0.0,0.0,-0.6758,0.7014,-0.2267,0.7321,0.6746,-0.095,0.0863,-0.2301,-0.9693,0.676,0.226,-0.7014,-0.7316,0.0917,-0.6755,-0.0884,0.9698,0.2273,-0.0001,0.0,0.0001,0.0,0.0,0.0,-0.0646,-0.0286,-0.2884,31.6734,22.7637,60.8832,0.0,0.0433,-0.3645,0.0,0.0,0.0,3407895.2409,3666817.5209,-4508978.6442,4186.2772,3072.3547,5671.5843,3407863.5675,3666794.7572,-4509039.5274,4186.3419,3072.3833,5671.8727,0.0,0.0765,3.9732,0.0,0.0,1.0,0.0,1.0,0.0,0.0,1.172,-23.972,0.0,1.0,0.0,0.0,0.0,-1.0,0.663532968284169,0.0031622776601683794,-0.33559,0.918891796395795,11.834714291190751,,
232.3425,67.057,-0.22,-0.626,63.083,-0.154,-0.618,-0.297,0.001,0.003,-0.297,0.0,0.003,-0.052,0.111,-0.162,0.007,0.001,-0.006,-0.0,0.0,0.0,842.537,-0.0,0.0,-0.0,0.0,0.0,0.0,0.0,0.0,-0.6758,0.7014,-0.2267,0.732,0.6746,-0.095,0.0863,-0.2302,-0.9693,0.676,0.226,-0.7014,-0.7316,0.0917,-0.6755,-0.0884,0.9698,0.2273,-0.0001,0.0,0.0001,0.0,0.0,0.0,-0.0646,-0.0286,-0.2884,31.66,22.7578,60.8233,0.0,0.0433,-0.3645,0.0,0.0,0.0,3408763.9894,3667455.0726,-4507801.4016,4185.3552,3071.3626,5672.804,3408732.3294,3667432.3148,-4507862.225,4185.4198,3071.3913,5673.0924,0.0,0.0765,3.9732,0.0,0.0,1.0,0.0,1.0,0.0,0.0,1.172,-23.972,0.0,1.0,0.0,0.0,0.0,-1.0,0.663532968284169,0.0031622776601683794,-0.335285,0.9188058926328576,11.823958345367537,,
232.5481,66.996,-0.219,-0.625,63.022,-0.154,-0.617,-0.297,0.001,0.003,-0.297,0.0,0.003,-0.05,0.111,-0.163,0.007,0.001,-0.006,-0.0,0.0,0.0,842.537,-0.0,0.0,-0.0,0.0,0.0,0.0,0.0,0.0,-0.6758,0.7014,-0.2267,0.732,0.6746,-0.095,0.0863,-0.2302,-0.9693,0.676,0.226,-0.7014,-0.7316,0.0917,-0.6755,-0.0884,0.9698,0.2273,-0.0001,0.0,0.0001,0.0,0.0,0.0,-0.0647,-0.0286,-0.2884,31.6466,22.7519,60.7639,0.0,0.0433,-0.3645,0.0,0.0,0.0,3409625.8931,3668087.5361,-4506632.9294,4184.44,3070.378,5674.014,3409594.2464,3668064.7842,-4506693.6933,4184.5046,3070.4066,5674.3024,0.0,0.0765,3.9732,0.0,0.0,1.0,0.0,1.0,0.0,0.0,1.172,-23.972,0.0,1.0,0.0,0.0,0.0,-1.0,0.6622582577816603,0.0031622776601683794,-0.33498,0.9057034787809826,11.813202399544318,,
232.7538,66.935,-0.219,-0.625,62.961,-0.154,-0.617,-0.297,0.001,0.003,-0.297,0.0,0.003,-0.049,0.111,-0.165,0.007,0.001,-0.006,-0.0,0.0,0.0,842.537,-0.0,0.0,-0.0,0.0,0.0,0.0,0.0,0.0,-0.6758,0.7013,-0.2267,0.732,0.6746,-0.095,0.0863,-0.2302,-0.9693,0.676,0.226,-0.7014,-0.7316,0.0917,-0.6755,-0.0884,0.9698,0.2273,-0.0001,0.0,0.0001,0.0,0.0,0.0,-0.0647,-0.0287,-0.2884,31.6333,22.746,60.7045,0.0,0.0433,-0.3645,0.0,0.0,0.0,3410487.7408,3668719.8941,-4505464.0275,4183.5244,3069.3931,5675.2238,3410456.1074,3668697.1482,-4505524.7321,4183.5891,3069.4217,5675.5122,0.0,0.0765,3.9732,0.0,0.0,1.0,0.0,1.0,0.0,0.0,1.172,-23.972,0.0,1.0,0.0,0.0,0.0,-1.0,0.6622582577816603,0.0031622776601683794,-0.334675,0.9058197573127342,11.802446453721103,,
232.9565,66.875,-0.219,-0.624,62.901,-0.154,-0.616,-0.297,0.001,0.003,-0.297,0.0,0.003,-0.048,0.111,-0.166,0.007,0.001,-0.006,-0.0,0.0,0.0,842.537,-0.0,0.0,-0.0,0.0,0.0,0.0,0.0,0.0,-0.6758,0.7013,-0.2268,0.732,0.6747,-0.095,0.0863,-0.2302,-0.9693,0.676,0.226,-0.7014,-0.7316,0.0917,-0.6755,-0.0884,0.9698,0.2273,-0.0001,0.0,0.0001,0.0,0.0,0.0,-0.0647,-0.0287,-0.2884,31.6203,22.7402,60.6464,0.0,0.0433,-0.3645,0.0,0.0,0.0,3411330.5977,3669338.2558,-4504320.3939,4182.6286,3068.4294,5676.407,3411298.9774,3669315.5156,-4504381.0404,4182.6933,3068.4581,5676.6954,0.0,0.0765,3.9732,0.0,0.0,1.0,0.0,1.0,0.0,0.0,1.172,-23.972,0.0,1.0,0.0,0.0,0.0,-1.0,0.6613145998690789,0.0031622776601683794,-0.334375,0.9055373690358178,11.791866834878595,,
233.1638,66.813,-0.219,-0.623,62.84,-0.154,-0.616,-0.297,0.001,0.003,-0.297,0.0,0.003,-0.046,0.112,-0.167,0.007,0.001,-0.006,-0.0,0.0,0.0,842.537,-0.0,0.0,-0.0,0.0,0.0,0.0,0.0,0.0,-0.6758,0.7013,-0.2268,0.732,0.6747,-0.0951,0.0863,-0.2302,-0.9693,0.676,0.226,-0.7014,-0.7316,0.0917,-0.6755,-0.0884,0.9698,0.2273,-0.0001,0.0,0.0001,0.0,0.0,0.0,-0.0647,-0.0287,-0.2884,31.6069,22.7343,60.5868,0.0,0.0433,-0.3645,0.0,0.0,0.0,3412194.8849,3669972.2759,-4503147.179,4181.7095,3067.4409,5677.6201,3412163.278,3669949.5416,-4503207.7658,4181.7742,3067.4696,5677.9086,0.0,0.0765,3.9732,0.0,0.0,1.0,0.0,1.0,0.0,0.0,1.172,-23.972,0.0,1.0,0.0,0.0,0.0,-1.0,0.660371107787129,0.0031622776601683794,-0.334065,0.9125759009965863,11.780934562074671,,
233.3698,66.752,-0.219,-0.623,62.778,-0.154,-0.615,-0.297,0.001,0.004,-0.297,0.0,0.004,-0.045,0.112,-0.168,0.007,0.001,-0.006,-0.0,0.0,0.0,842.533,1.0,0.0,-0.0,0.0,0.0,0.0,0.0,0.0,-0.6759,0.7013,-0.2268,0.732,0.6747,-0.0951,0.0863,-0.2303,-0.9693,0.676,0.226,-0.7014,-0.7316,0.0917,-0.6755,-0.0884,0.9698,0.2273,-0.0001,0.0,0.0001,0.0,0.0,0.0,-0.0642,-0.0293,-0.2885,31.5934,22.7283,60.5268,0.0,0.0433,-0.3645,0.0,0.0,0.0,3413065.4248,3670610.8168,-4501964.9643,4180.7839,3066.4443,5678.842,3413033.8314,3670588.0885,-4502025.4911,4180.8481,3066.4736,5679.1305,0.0,0.0765,3.9732,0.0,0.0,1.0,0.0,1.0,0.0,0.0,1.172,-23.972,0.0,1.0,0.0,0.0,0.0,-1.0,0.660371107787129,0.00412310562561766,-0.33376,0.9053745153596482,11.770178616251453,,
233.5731,66.691,-0.219,-0.621,62.718,-0.154,-0.614,-0.297,0.001,0.01,-0.297,0.0,0.01,-0.043,0.112,-0.169,0.007,0.001,-0.006,-0.0,0.0,0.0,842.506,1.0,0.0,-0.0,0.0,0.0,0.0,0.0,0.0,-0.6759,0.7012,-0.2268,0.7319,0.6747,-0.0951,0.0863,-0.2303,-0.9693,0.676,0.226,-0.7014,-0.7316,0.0917,-0.6755,-0.0884,0.9698,0.2273,-0.0001,0.0,0.0001,0.0,0.0,0.0,-0.0596,-0.0342,-0.2891,31.5808,22.7218,60.468,0.0,0.0433,-0.3645,0.0,0.0,0.0,3413916.5949,3671235.0853,-4500808.5544,4179.8826,3065.4651,5680.0361,3413885.0141,3671212.3635,-4500869.0223,4179.9422,3065.4993,5680.3252,0.0,0.0765,3.9732,0.0,0.0,1.0,0.0,1.0,0.0,0.0,1.172,-23.972,0.0,1.0,0.0,0.0,0.0,-1.0,0.6584846239662699,0.01004987562112089,-0.333455,0.9120054162162755,11.759422670428238,,
233.7735,66.632,-0.218,-0.619,62.658,-0.154,-0.611,-0.297,0.001,0.017,-0.297,0.0,0.017,-0.042,0.112,-0.17,0.007,0.001,-0.006,-0.0,0.0,0.0,842.478,1.0,0.0,-0.0,0.0,0.0,0.0,0.0,0.0,-0.6759,0.7012,-0.2268,0.7319,0.6747,-0.0951,0.0863,-0.2303,-0.9693,0.676,0.226,-0.7014,-0.7316,0.0917,-0.6755,-0.0884,0.9698,0.2273,-0.0001,0.0,0.0001,0.0,0.0,0.0,-0.0552,-0.0391,-0.2897,31.5693,22.7145,60.41,0.0,0.0433,-0.3645,0.0,0.0,0.0,3414753.4601,3671848.7989,-4499671.1002,4178.9959,3064.502,5681.21,3414721.8908,3671826.0844,-4499731.5103,4179.0511,3064.5411,5681.4997,0.0,0.0765,3.9732,0.0,0.0,1.0,0.0,1.0,0.0,0.0,1.172,-23.972,0.0,1.0,0.0,0.0,0.0,-1.0,0.6562659521870687,0.017029386365926404,-0.33316,0.8912234348445226,11.74901937856644,,
233.9748,66.572,-0.218,-0.615,62.598,-0.154,-0.607,-0.297,0.001,0.024,-0.297,0.0,0.024,-0.041,0.112,-0.172,0.007,0.001,-0.006,-0.0,0.0,0.0,842.451,1.0,0.0,-0.0,0.0,0.0,0.0,0.0,0.0,-0.6759,0.7012,-0.2268,0.7319,0.6747,-0.0951,0.0863,-0.2303,-0.9693,0.676,0.226,-0.7014,-0.7316,0.0917,-0.6755,-0.0884,0.9698,0.2273,-0.0001,0.0,0.0001,0.0,0.0,0.0,-0.0507,-0.044,-0.2903,31.5587,22.7061,60.3517,0.0,0.0433,-0.3645,0.0,0.0,0.0,3415594.0113,3672465.1525,-4498528.1567,4178.105,3063.5342,5682.3891,3415562.4527,3672442.4464,-4498588.5085,4178.1556,3063.5782,5682.6794,0.0,0.0765,3.9732,0.0,0.0,1.0,0.0,1.0,0.0,0.0,1.172,-23.972,0.0,1.0,0.0,0.0,0.0,-1.0,0.6524944444207935,0.024020824298928628,-0.33286,0.8897319485409243,11.738439759723931,,
234.1801,66.511,-0.218,-0.609,62.537,-0.154,-0.601,-0.297,0.001,0.03,-0.297,0.0,0.03,-0.039,0.112,-0.173,0.007,0.001,-0.006,-0.0,0.0,0.0,842.423,1.0,0.0,-0.0,0.0,0.0,0.0,0.0,0.0,-0.6759,0.7012,-0.2268,0.7319,0.6748,-0.0951,0.0863,-0.2303,-0.9693,0.676,0.226,-0.7014,-0.7316,0.0917,-0.6755,-0.0884,0.9698,0.2273,-0.0001,0.0,0.0001,0.0,0.0,0.0,-0.0461,-0.049,-0.2909,31.5487,22.6965,60.2918,0.0,0.0433,-0.3645,0.0,0.0,0.0,3416454.862,3673096.3259,-4497357.1104,4177.1921,3062.5427,5683.5967,3416423.3133,3673073.6293,-4497417.4022,4177.2381,3062.5918,5683.8875,0.0,0.0765,3.9732,0.0,0.0,1.0,0.0,1.0,0.0,0.0,1.172,-23.972,0.0,1.0,0.0,0.0,0.0,-1.0,0.6468423300928905,0.03001666203960727,-0.332555,0.8874511078643686,11.727683813900713,,
234.3802,66.451,-0.218,-0.602,62.478,-0.154,-0.594,-0.297,0.001,0.037,-0.297,0.0,0.037,-0.038,0.112,-0.174,0.007,0.001,-0.005,-0.0,0.0,0.0,842.396,1.0,0.0,-0.0,0.0,0.0,0.0,0.0,0.0,-0.6759,0.7012,-0.2268,0.7319,0.6748,-0.0952,0.0864,-0.2303,-0.9693,0.676,0.226,-0.7014,-0.7316,0.0917,-0.6755,-0.0884,0.9698,0.2273,-0.0001,0.0,0.0001,0.0,0.0,0.0,-0.0416,-0.0539,-0.2914,31.5399,22.6862,60.2335,0.0,0.0433,-0.3645,0.0,0.0,0.0,3417291.4563,3673709.6508,-4496218.5778,4176.3045,3061.5788,5684.7701,3417259.9164,3673686.9646,-4496278.8113,4176.3461,3061.6327,5685.0616,0.0,0.0765,3.9732,0.0,0.0,1.0,0.0,1.0,0.0,0.0,1.172,-23.972,0.0,1.0,0.0,0.0,0.0,-1.0,0.6402561987204809,0.037013511046643494,-0.33225499999999997,0.8849820530755798,11.717104195058205,,
234.5809,66.392,-0.218,-0.595,62.419,-0.154,-0.587,-0.297,0.001,0.039,-0.297,0.0,0.039,-0.037,0.112,-0.175,0.007,0.001,-0.005,-0.0,0.0,0.0,842.387,-0.0,0.0,-0.0,0.0,0.0,0.0,0.0,0.0,-0.676,0.7011,-0.2269,0.7319,0.6748,-0.0952,0.0864,-0.2304,-0.9693,0.676,0.226,-0.7014,-0.7316,0.0917,-0.6755,-0.0884,0.9698,0.2273,-0.0001,0.0,0.0001,0.0,0.0,0.0,-0.0401,-0.0555,-0.2916,31.532,22.6752,60.1758,0.0,0.0433,-0.3645,0.0,0.0,0.0,3418118.5643,3674315.9598,-4495092.4856,4175.4236,3060.6287,5685.9306,3418087.0324,3674293.2846,-4495152.6614,4175.4637,3060.6842,5686.2222,0.0,0.0765,3.9732,0.0,0.0,1.0,0.0,1.0,0.0,0.0,1.172,-23.972,0.0,1.0,0.0,0.0,0.0,-1.0,0.633678940789419,0.03901281840626232,-0.33196,0.8823428665794137,11.706700903196406,,
234.7812,66.333,-0.218,-0.587,62.359,-0.153,-0.579,-0.297,0.001,0.039,-0.297,0.0,0.039,-0.035,0.112,-0.176,0.007,0.001,-0.005,-0.0,0.0,0.0,842.387,-0.0,0.0,-0.0,0.0,0.0,0.0,0.0,0.0,-0.676,0.7011,-0.2269,0.7318,0.6748,-0.0952,0.0864,-0.2304,-0.9693,0.676,0.226,-0.7014,-0.7316,0.0917,-0.6755,-0.0884,0.9698,0.2273,-0.0001,0.0,0.0001,0.0,0.0,0.0,-0.0401,-0.0556,-0.2917,31.5239,22.6641,60.1172,0.0,0.0433,-0.3645,0.0,0.0,0.0,3418957.3559,3674930.7722,-4493950.0091,4174.5284,3059.6664,5687.1076,3418925.832,3674908.1081,-4494010.1263,4174.5685,3059.7219,5687.3993,0.0,0.0765,3.9732,0.0,0.0,1.0,0.0,1.0,0.0,0.0,1.172,-23.972,0.0,1.0,0.0,0.0,0.0,-1.0,0.6261732986961357,0.03901281840626232,-0.331665,0.8928839073340098,11.696297611334607,,
234.988,66.271,-0.218,-0.578,62.298,-0.153,-0.571,-0.297,0.001,0.039,-0.297,0.0,0.039,-0.034,0.113,-0.177,0.007,0.001,-0.005,-0.0,0.0,0.0,842.387,-0.0,0.0,-0.0,0.0,0.0,0.0,0.0,0.0,-0.676,0.7011,-0.2269,0.7318,0.6748,-0.0952,0.0864,-0.2304,-0.9693,0.676,0.226,-0.7014,-0.7316,0.0917,-0.6755,-0.0884,0.9698,0.2273,-0.0001,0.0,0.0001,0.0,0.0,0.0,-0.0401,-0.0556,-0.2917,31.5156,22.6526,60.0567,0.0,0.0433,-0.3645,0.0,0.0,0.0,3419822.4542,3675564.8023,-4492771.1972,4173.6046,3058.6735,5688.3215,3419790.9386,3675542.1498,-4492831.2539,4173.6448,3058.7291,5688.6131,0.0,0.0765,3.9732,0.0,0.0,1.0,0.0,1.0,0.0,0.0,1.172,-23.972,0.0,1.0,0.0,0.0,0.0,-1.0,0.6177442836643654,0.03901281840626232,-0.331355,0.8964467781964511,11.685365338530682,,
235.1947,66.21,-0.218,-0.57,62.236,-0.153,-0.563,-0.297,0.001,0.039,-0.297,0.0,0.039,-0.033,0.113,-0.178,0.007,0.001,-0.005,-0.0,0.0,0.0,842.387,-0.0,0.0,-0.0,0.0,0.0,0.0,0.0,0.0,-0.676,0.7011,-0.2269,0.7318,0.6748,-0.0952,0.0864,-0.2304,-0.9693,0.676,0.226,-0.7014,-0.7316,0.0917,-0.6755,-0.0884,0.9698,0.2273,-0.0001,0.0,0.0001,0.0,0.0,0.0,-0.0401,-0.0556,-0.2917,31.5073,22.6411,59.9965,0.0,0.0433,-0.3645,0.0,0.0,0.0,3420684.6183,3676196.6168,-4491595.8734,4172.6836,3057.6836,5689.5312,3420653.111,3676173.9757,-4491655.8699,4172.7237,3057.7392,5689.8229,0.0,0.0765,3.9732,0.0,0.0,1.0,0.0,1.0,0.0,0.0,1.172,-23.972,0.0,1.0,0.0,0.0,0.0,-1.0,0.6102655159846408,0.03901281840626232,-0.33104999999999996,0.8932743236722102,11.674609392707465,,
235.3982,66.149,-0.217,-0.562,62.176,-0.153,-0.554,-0.297,0.001,0.039,-0.297,0.0,0.039,-0.031,0.113,-0.179,0.007,0.001,-0.005,-0.0,0.0,0.0,842.387,-0.0,0.0,-0.0,0.0,0.0,0.0,0.0,0.0,-0.676,0.7011,-0.2269,0.7318,0.6748,-0.0952,0.0864,-0.2304,-0.9692,0.676,0.226,-0.7014,-0.7316,0.0917,-0.6755,-0.0884,0.9698,0.2273,-0.0001,0.0,0.0001,0.0,0.0,0.0,-0.0401,-0.0556,-0.2917,31.499,22.6297,59.9368,0.0,0.0433,-0.3645,0.0,0.0,0.0,3421538.3163,3676822.1629,-4490431.59,4171.7711,3056.703,5690.729,3421506.8173,3676799.5332,-4490491.5268,4171.8113,3056.7586,5691.0207,0.0,0.0765,3.9732,0.0,0.0,1.0,0.0,1.0,0.0,0.0,1.172,-23.972,0.0,1.0,0.0,0.0,0.0,-1.0,0.6024392085513691,0.03901281840626232,-0.330745,0.8709692204081636,11.66385344688425,,
235.6061,66.088,-0.217,-0.554,62.114,-0.153,-0.546,-0.297,0.001,0.039,-0.297,0.0,0.039,-0.03,0.113,-0.18,0.007,0.001,-0.005,-0.0,0.0,0.0,842.387,-0.0,0.0,-0.0,0.0,0.0,0.0,0.0,0.0,-0.6761,0.701,-0.2269,0.7318,0.6749,-0.0952,0.0864,-0.2304,-0.9692,0.676,0.226,-0.7014,-0.7316,0.0917,-0.6755,-0.0884,0.9698,0.2273,-0.0001,0.0,0.0001,0.0,0.0,0.0,-0.0402,-0.0556,-0.2917,31.4908,22.6182,59.8767,0.0,0.0433,-0.3645,0.0,0.0,0.0,3422397.1294,3677451.3927,-4489259.8248,4170.8528,3055.7162,5691.9339,3422365.6386,3677428.7745,-4489319.7015,4170.893,3055.7718,5692.2256,0.0,0.0765,3.9732,0.0,0.0,1.0,0.0,1.0,0.0,0.0,1.172,-23.972,0.0,1.0,0.0,0.0,0.0,-1.0,0.594983193039938,0.03901281840626232,-0.33043999999999996,0.8679151421738132,11.653097501061032,,
235.8109,66.026,-0.217,-0.546,62.053,-0.153,-0.538,-0.297,0.004,0.039,-0.297,0.004,0.039,-0.029,0.113,-0.182,0.007,0.001,-0.005,-0.0,0.0,0.0,842.347,-0.0,1.0,-0.0,0.0,0.0,0.0,0.0,0.0,-0.6761,0.701,-0.2269,0.7318,0.6749,-0.0953,0.0864,-0.2305,-0.9692,0.676,0.226,-0.7014,-0.7316,0.0917,-0.6755,-0.0884,0.9698,0.2273,-0.0001,0.0,0.0001,0.0,0.0,0.0,-0.0375,-0.053,-0.2926,31.4826,22.6069,59.8165,0.0,0.0433,-0.3645,0.0,0.0,0.0,3423257.817,3678081.931,-4488084.9953,4169.9347,3054.7294,5693.1405,3423226.3344,3678059.3241,-4488144.8117,4169.9722,3054.7825,5693.4331,0.0,0.0765,3.9732,0.0,0.0,1.0,0.0,1.0,0.0,0.0,1.172,-23.972,0.0,1.0,0.0,0.0,0.0,-1.0,0.5875414878968123,0.03920459156782532,-0.33013,0.8652925483447078,11.642165228257108,,
236.014,65.966,-0.215,-0.538,61.993,-0.152,-0.53,-0.297,0.011,0.039,-0.297,0.01,0.039,-0.027,0.113,-0.183,0.006,0.001,-0.005,-0.0,0.0,0.0,842.28,-0.0,1.0,-0.0,0.0,0.0,0.0,0.0,0.0,-0.6761,0.701,-0.2269,0.7317,0.6749,-0.0953,0.0864,-0.2305,-0.9692,0.676,0.226,-0.7014,-0.7316,0.0917,-0.6755,-0.0884,0.9698,0.2273,-0.0001,0.0,0.0001,0.0,0.0,0.0,-0.033,-0.0487,-0.2941,31.4755,22.5965,59.7567,0.0,0.0433,-0.3645,0.0,0.0,0.0,3424107.282,3678704.1842,-4486924.9867,4169.03,3053.7569,5694.3307,3424075.8065,3678681.5877,-4486984.7434,4169.063,3053.8057,5694.6248,0.0,0.0765,3.9732,0.0,0.0,1.0,0.0,1.0,0.0,0.0,1.172,-23.972,0.0,1.0,0.0,0.0,0.0,-1.0,0.5793694848712694,0.040521599178709615,-0.32982999999999996,0.8501353075523863,11.6315856094146,,
236.2154,65.906,-0.213,-0.53,61.933,-0.149,-0.522,-0.297,0.017,0.039,-0.297,0.017,0.039,-0.026,0.113,-0.184,0.006,0.001,-0.005,-0.0,0.0,0.0,842.214,-0.0,1.0,-0.0,0.0,0.0,0.0,0.0,0.0,-0.6761,0.701,-0.227,0.7317,0.6749,-0.0953,0.0864,-0.2305,-0.9692,0.676,0.226,-0.7014,-0.7316,0.0917,-0.6755,-0.0884,0.9698,0.2273,-0.0001,0.0,0.0001,0.0,0.0,0.0,-0.0286,-0.0445,-0.2955,31.4692,22.5872,59.6975,0.0,0.0433,-0.3644,0.0,0.0,0.0,3424945.2241,3679317.935,-4485780.227,4168.1371,3052.7972,5695.5048,3424913.7548,3679295.3479,-4485839.9245,4168.1658,3052.8417,5695.8003,0.0,0.0765,3.9732,0.0,0.0,1.0,0.0,1.0,0.0,0.0,1.172,-23.972,0.0,1.0,0.0,0.0,0.0,-1.0,0.5711996148458085,0.042544094772365294,-0.32953000000000005,0.8629705468041152,11.621005990572094,,
236.4209,65.845,-0.209,-0.522,61.872,-0.145,-0.514,-0.297,0.021,0.039,-0.297,0.021,0.039,-0.025,0.113,-0.185,0.006,0.001,-0.005,-0.0,0.0,0.0,842.171,-0.0,0.0,-0.0,0.0,0.0,0.0,0.0,0.0,-0.6761,0.701,-0.227,0.7317,0.6749,-0.0953,0.0864,-0.2305,-0.9692,0.676,0.226,-0.7014,-0.7316,0.0917,-0.6755,-0.0884,0.9698,0.2273,-0.0001,0.0,0.0001,0.0,0.0,0.0,-0.0257,-0.0417,-0.2965,31.4638,22.5784,59.6368,0.0,0.0433,-0.3644,0.0,0.0,0.0,3425799.292,3679943.4334,-4484612.9448,4167.2251,3051.8172,5696.7019,3425767.8282,3679920.855,-4484672.5816,4167.2508,3051.8589,5696.9984,0.0,0.0765,3.9732,0.0,0.0,1.0,0.0,1.0,0.0,0.0,1.172,-23.972,0.0,1.0,0.0,0.0,0.0,-1.0,0.5622855146631469,0.0442944691807002,-0.329225,0.8635007995240411,11.610250044748875,,
236.6227,65.786,-0.204,-0.514,61.813,-0.141,-0.506,-0.297,0.021,0.039,-0.297,0.021,0.039,-0.024,0.114,-0.186,0.006,0.001,-0.005,-0.0,0.0,0.0,842.171,-0.0,0.0,-0.0,0.0,0.0,0.0,0.0,0.0,-0.6761,0.7009,-0.227,0.7317,0.6749,-0.0953,0.0864,-0.2305,-0.9692,0.676,0.226,-0.7014,-0.7316,0.0917,-0.6755,-0.0884,0.9698,0.2273,-0.0001,0.0,0.0001,0.0,0.0,0.0,-0.0257,-0.0417,-0.2965,31.4586,22.5701,59.5775,0.0,0.0433,-0.3644,0.0,0.0,0.0,3426632.5029,3680553.595,-4483473.6845,4166.3321,3050.8579,5697.8706,3426601.0443,3680531.025,-4483533.262,4166.3578,3050.8996,5698.1671,0.0,0.0765,3.9732,0.0,0.0,1.0,0.0,1.0,0.0,0.0,1.172,-23.972,0.0,1.0,0.0,0.0,0.0,-1.0,0.5530027124707436,0.0442944691807002,-0.32893,0.8507777946259517,11.599846752887077,,
236.8286,65.724,-0.2,-0.506,61.751,-0.136,-0.498,-0.297,0.021,0.039,-0.297,0.021,0.039,-0.022,0.114,-0.187,0.006,0.001,-0.005,-0.0,0.0,0.0,842.171,-0.0,0.0,-0.0,0.0,0.0,0.0,0.0,0.0,-0.6761,0.7009,-0.227,0.7317,0.6749,-0.0953,0.0864,-0.2305,-0.9692,0.676,0.226,-0.7014,-0.7316,0.0917,-0.6755,-0.0884,0.9698,0.2273,-0.0001,0.0,0.0001,0.0,0.0,0.0,-0.0258,-0.0417,-0.2965,31.4533,22.5614,59.5161,0.0,0.0433,-0.3644,0.0,0.0,0.0,3427494.4032,3681184.702,-4482294.6915,4165.4078,3049.8652,5699.0796,3427462.9499,3681162.1406,-4482354.2077,4165.4336,3049.907,5699.3761,0.0,0.0765,3.9732,0.0,0.0,1.0,0.0,1.0,0.0,0.0,1.172,-23.972,0.0,1.0,0.0,0.0,0.0,-1.0,0.5440919040015206,0.0442944691807002,-0.32862,0.8655690247433772,11.588914480083153,,
237.0331,65.664,-0.196,-0.498,61.69,-0.132,-0.49,-0.297,0.021,0.039,-0.297,0.021,0.039,-0.021,0.114,-0.188,0.006,0.001,-0.005,-0.0,0.0,0.0,842.171,-0.0,0.0,-0.0,0.0,0.0,0.0,0.0,0.0,-0.6762,0.7009,-0.227,0.7317,0.675,-0.0953,0.0864,-0.2306,-0.9692,0.676,0.226,-0.7014,-0.7316,0.0917,-0.6755,-0.0884,0.9698,0.2273,-0.0001,0.0,0.0001,0.0,0.0,0.0,-0.0258,-0.0417,-0.2965,31.4481,22.5529,59.4555,0.0,0.0433,-0.3644,0.0,0.0,0.0,3428345.9088,3681808.133,-4481129.4186,4164.4943,3048.8842,5700.2739,3428314.4608,3681785.5801,-4481188.8741,4164.5201,3048.9259,5700.5704,0.0,0.0765,3.9732,0.0,0.0,1.0,0.0,1.0,0.0,0.0,1.172,-23.972,0.0,1.0,0.0,0.0,0.0,-1.0,0.5351822119614964,0.0442944691807002,-0.32832,0.8660908368418146,11.578334861240645,,
237.2401,65.602,-0.191,-0.49,61.629,-0.128,-0.482,-0.297,0.021,0.039,-0.297,0.021,0.039,-0.02,0.114,-0.189,0.006,0.001,-0.005,-0.0,0.0,0.0,842.171,-0.0,0.0,-0.0,0.0,0.0,0.0,0.0,0.0,-0.6762,0.7009,-0.227,0.7317,0.675,-0.0954,0.0864,-0.2306,-0.9692,0.676,0.226,-0.7014,-0.7316,0.0917,-0.6755,-0.0884,0.9698,0.2273,-0.0001,0.0,0.0001,0.0,0.0,0.0,-0.0258,-0.0417,-0.2965,31.4427,22.5443,59.3942,0.0,0.0433,-0.3644,0.0,0.0,0.0,3429206.7967,3682438.368,-4479950.7994,4163.5703,3047.8919,5701.4814,3429175.3539,3682415.8237,-4480010.1937,4163.5961,3047.9336,5701.7779,0.0,0.0765,3.9732,0.0,0.0,1.0,0.0,1.0,0.0,0.0,1.172,-23.972,0.0,1.0,0.0,0.0,0.0,-1.0,0.5259096880644052,0.0442944691807002,-0.32801,0.8536323663417789,11.56740258843672,,
237.4451,65.541,-0.187,-0.482,61.568,-0.124,-0.474,-0.297,0.021,0.039,-0.297,0.021,0.039,-0.019,0.114,-0.191,0.006,0.001,-0.005,-0.0,0.0,0.0,842.171,-0.0,0.0,-0.0,0.0,0.0,0.0,0.0,0.0,-0.6762,0.7009,-0.227,0.7316,0.675,-0.0954,0.0864,-0.2306,-0.9692,0.676,0.226,-0.7014,-0.7316,0.0917,-0.6755,-0.0884,0.9698,0.2273,-0.0001,0.0,0.0001,0.0,0.0,0.0,-0.0258,-0.0418,-0.2965,31.4374,22.5357,59.3331,0.0,0.0433,-0.3644,0.0,0.0,0.0,3430064.6832,3683066.3412,-4478775.7785,4162.6491,3046.9027,5702.6845,3430033.2458,3683043.8055,-4478835.1116,4162.6749,3046.9444,5702.9811,0.0,0.0765,3.9732,0.0,0.0,1.0,0.0,1.0,0.0,0.0,1.172,-23.972,0.0,1.0,0.0,0.0,0.0,-1.0,0.5170038684574807,0.0442944691807002,-0.32770499999999997,0.8544456816088666,11.556646642613503,,
237.6509,65.48,-0.183,-0.474,61.507,-0.119,-0.466,-0.297,0.021,0.039,-0.297,0.021,0.039,-0.017,0.114,-0.192,0.006,0.001,-0.005,-0.0,0.0,0.0,842.171,-0.0,0.0,-0.0,0.0,0.0,0.0,0.0,0.0,-0.6762,0.7009,-0.227,0.7316,0.675,-0.0954,0.0864,-0.2306,-0.9692,0.676,0.226,-0.7014,-0.7316,0.0917,-0.6755,-0.0884,0.9698,0.2273,-0.0001,0.0,0.0001,0.0,0.0,0.0,-0.0258,-0.0418,-0.2965,31.4321,22.5271,59.2723,0.0,0.0433,-0.3644,0.0,0.0,0.0,3430918.9065,3683691.5678,-4477605.274,4161.7314,3045.9173,5703.8825,3430887.4744,3683669.0407,-4477664.5462,4161.7572,3045.9591,5704.1791,0.0,0.0765,3.9732,0.0,0.0,1.0,0.0,1.0,0.0,0.0,1.172,-23.972,0.0,1.0,0.0,0.0,0.0,-1.0,0.5080993997241091,0.0442944691807002,-0.3274,0.8696983817787968,11.545890696790288,,
237.8553,65.419,-0.178,-0.466,61.446,-0.115,-0.458,-0.297,0.021,0.039,-0.297,0.021,0.039,-0.016,0.114,-0.193,0.006,0.001,-0.005,-0.0,0.0,0.0,842.171,-0.0,0.0,-0.0,0.0,0.0,0.0,0.0,0.0,-0.6762,0.7008,-0.2271,0.7316,0.675,-0.0954,0.0864,-0.2306,-0.9692,0.676,0.226,-0.7014,-0.7316,0.0917,-0.6755,-0.0884,0.9698,0.2273,-0.0001,0.0,0.0001,0.0,0.0,0.0,-0.0258,-0.0418,-0.2966,31.4268,22.5185,59.2116,0.0,0.0433,-0.3644,0.0,0.0,0.0,3431769.8176,3684314.3063,-4476438.8056,4160.8168,3044.9354,5705.0758,3431738.3908,3684291.7878,-4476498.0172,4160.8426,3044.9772,5705.3724,0.0,0.0765,3.9732,0.0,0.0,1.0,0.0,1.0,0.0,0.0,1.172,-23.972,0.0,1.0,0.0,0.0,0.0,-1.0,0.4988386512691253,0.0442944691807002,-0.32709499999999997,0.8571022406510721,11.53513475096707,,
238.0616,65.358,-0.174,-0.458,61.384,-0.111,-0.45,-0.297,0.021,0.039,-0.297,0.021,0.039,-0.015,0.114,-0.194,0.006,0.001,-0.005,-0.0,0.0,0.0,842.171,-0.0,0.0,-0.0,0.0,0.0,0.0,0.0,0.0,-0.6762,0.7008,-0.2271,0.7316,0.675,-0.0954,0.0864,-0.2306,-0.9692,0.676,0.226,-0.7014,-0.7316,0.0917,-0.6755,-0.0884,0.9698,0.2273,-0.0001,0.0,0.0001,0.0,0.0,0.0,-0.0258,-0.0418,-0.2966,31.4214,22.5099,59.1502,0.0,0.0433,-0.3644,0.0,0.0,0.0,3432631.1248,3684944.5885,-4475257.5734,4159.8906,3043.9411,5706.2836,3432599.7034,3684922.0786,-4475316.7236,4159.9165,3043.9829,5706.5802,0.0,0.0765,3.9732,0.0,0.0,1.0,0.0,1.0,0.0,0.0,1.172,-23.972,0.0,1.0,0.0,0.0,0.0,-1.0,0.4899387716847892,0.0442944691807002,-0.32679,0.8579125330204908,11.524378805143854,,
238.2676,65.296,-0.17,-0.45,61.323,-0.107,-0.442,-0.297,0.021,0.039,-0.297,0.021,0.039,-0.014,0.114,-0.195,0.006,0.001,-0.005,-0.0,0.0,0.0,842.171,-0.0,0.0,-0.0,0.0,0.0,0.0,0.0,0.0,-0.6763,0.7008,-0.2271,0.7316,0.675,-0.0954,0.0864,-0.2307,-0.9692,0.676,0.226,-0.7014,-0.7316,0.0917,-0.6755,-0.0884,0.9698,0.2273,-0.0001,0.0,0.0001,0.0,0.0,0.0,-0.0258,-0.0418,-0.2966,31.4161,22.5013,59.0892,0.0,0.0433,-0.3644,0.0,0.0,0.0,3433487.2245,3685570.9943,-4474082.9786,4158.9696,3042.9524,5707.4841,3433455.8084,3685548.4931,-4474142.0677,4158.9954,3042.9942,5707.7807,0.0,0.0765,3.9732,0.0,0.0,1.0,0.0,1.0,0.0,0.0,1.172,-23.972,0.0,1.0,0.0,0.0,0.0,-1.0,0.48104053883222775,0.0442944691807002,-0.32648000000000005,0.8592014940441652,11.51344653233993,,
238.4751,65.235,-0.165,-0.441,61.262,-0.102,-0.433,-0.297,0.021,0.039,-0.297,0.021,0.039,-0.012,0.115,-0.196,0.006,0.001,-0.005,-0.0,0.0,0.0,842.171,-0.0,0.0,-0.0,0.0,0.0,0.0,0.0,0.0,-0.6763,0.7008,-0.2271,0.7316,0.6751,-0.0954,0.0864,-0.2307,-0.9692,0.676,0.226,-0.7014,-0.7316,0.0917,-0.6755,-0.0884,0.9698,0.2273,-0.0001,0.0,0.0001,0.0,0.0,0.0,-0.0259,-0.0418,-0.2966,31.4108,22.4926,59.028,0.0,0.0433,-0.3644,0.0,0.0,0.0,3434345.0199,3686198.5765,-4472905.5442,4158.0463,3041.9614,5708.6869,3434313.6091,3686176.0839,-4472964.5722,4158.0722,3042.0032,5708.9835,0.0,0.0765,3.9732,0.0,0.0,1.0,0.0,1.0,0.0,0.0,1.172,-23.972,0.0,1.0,0.0,0.0,0.0,-1.0,0.4708566660885242,0.0442944691807002,-0.326175,0.8609160374521884,11.502690586516712,,
238.6779,65.175,-0.161,-0.433,61.201,-0.098,-0.425,-0.297,0.021,0.039,-0.297,0.021,0.039,-0.011,0.115,-0.197,0.006,0.001,-0.005,-0.0,0.0,0.0,842.171,-0.0,0.0,-0.0,0.0,0.0,0.0,0.0,0.0,-0.6763,0.7008,-0.2271,0.7316,0.6751,-0.0955,0.0864,-0.2307,-0.9692,0.676,0.226,-0.7014,-0.7316,0.0917,-0.6755,-0.0884,0.9698,0.2273,-0.0001,0.0,0.0001,0.0,0.0,0.0,-0.0259,-0.0418,-0.2966,31.4055,22.4841,58.9676,0.0,0.0433,-0.3644,0.0,0.0,0.0,3435192.3819,3686818.461,-4471741.9339,4157.1338,3040.982,5709.875,3435160.9763,3686795.9769,-4471800.9015,4157.1597,3041.0238,5710.1716,0.0,0.0765,3.9732,0.0,0.0,1.0,0.0,1.0,0.0,0.0,1.172,-23.972,0.0,1.0,0.0,0.0,0.0,-1.0,0.4619632019977349,0.0442944691807002,-0.32587499999999997,0.8619336290294158,11.492110967674204,,
238.8835,65.113,-0.157,-0.425,61.14,-0.094,-0.417,-0.297,0.021,0.039,-0.297,0.021,0.039,-0.01,0.115,-0.198,0.006,0.001,-0.005,-0.0,0.0,0.0,842.171,-0.0,0.0,-0.0,0.0,0.0,0.0,0.0,0.0,-0.6763,0.7007,-0.2271,0.7315,0.6751,-0.0955,0.0864,-0.2307,-0.9692,0.676,0.226,-0.7014,-0.7316,0.0917,-0.6755,-0.0884,0.9698,0.2273,-0.0001,0.0,0.0001,0.0,0.0,0.0,-0.0259,-0.0418,-0.2966,31.4002,22.4755,58.9064,0.0,0.0433,-0.3644,0.0,0.0,0.0,3436049.9169,3687445.723,-4470563.8454,4156.2099,3039.9905,5711.0774,3436018.5167,3687423.2476,-4470622.7517,4156.2358,3040.0323,5711.374,0.0,0.0765,3.9732,0.0,0.0,1.0,0.0,1.0,0.0,0.0,1.172,-23.972,0.0,1.0,0.0,0.0,0.0,-1.0,0.4530717382490327,0.0442944691807002,-0.325565,0.8634362707590095,11.48117869487028,,
239.0913,65.052,-0.152,-0.417,61.079,-0.09,-0.409,-0.297,0.021,0.039,-0.297,0.021,0.039,-0.009,0.115,-0.2,0.006,0.001,-0.005,-0.0,0.0,0.0,842.171,-0.0,0.0,-0.0,0.0,0.0,0.0,0.0,0.0,-0.6763,0.7007,-0.2271,0.7315,0.6751,-0.0955,0.0864,-0.2307,-0.9692,0.676,0.226,-0.7014,-0.7316,0.0917,-0.6755,-0.0884,0.9698,0.2273,-0.0001,0.0,0.0001,0.0,0.0,0.0,-0.0259,-0.0418,-0.2966,31.3948,22.4668,58.8453,0.0,0.0433,-0.3644,0.0,0.0,0.0,3436906.2456,3688072.0378,-4469386.9046,4155.2869,3039.0,5712.278,3436874.8507,3688049.5709,-4469445.7498,4155.3128,3039.0418,5712.5746,0.0,0.0765,3.9732,0.0,0.0,1.0,0.0,1.0,0.0,0.0,1.172,-23.972,0.0,1.0,0.0,0.0,0.0,-1.0,0.44383893474998337,0.0442944691807002,-0.32526000000000005,0.8509932071512607,11.470422749047065,,
239.2927,64.992,-0.148,-0.409,61.018,-0.086,-0.401,-0.297,0.021,0.039,-0.297,0.021,0.039,-0.008,0.115,-0.201,0.006,0.001,-0.005,-0.0,0.0,0.0,842.171,-0.0,0.0,-0.0,0.0,0.0,0.0,0.0,0.0,-0.6763,0.7007,-0.2271,0.7315,0.6751,-0.0955,0.0864,-0.2307,-0.9692,0.676,0.226,-0.7014,-0.7316,0.0917,-0.6755,-0.0884,0.9698,0.2273,-0.0001,0.0,0.0001,0.0,0.0,0.0,-0.0259,-0.0419,-0.2966,31.3896,22.4584,58.7851,0.0,0.0433,-0.3644,0.0,0.0,0.0,3437748.2357,3688687.8015,-4468229.1776,4154.3789,3038.0257,5713.4584,3437716.8462,3688665.3432,-4468287.9628,4154.4049,3038.0675,5713.7551,0.0,0.0765,3.9732,0.0,0.0,1.0,0.0,1.0,0.0,0.0,1.172,-23.972,0.0,1.0,0.0,0.0,0.0,-1.0,0.43495402055849536,0.0442944691807002,-0.32496,0.8521777859518554,11.459843130204556,,
239.4984,64.931,-0.144,-0.401,60.957,-0.081,-0.393,-0.297,0.021,0.039,-0.297,0.021,0.039,-0.006,0.115,-0.202,0.006,0.001,-0.005,-0.0,0.0,0.0,842.171,-0.0,0.0,-0.0,0.0,0.0,0.0,0.0,0.0,-0.6763,0.7007,-0.2272,0.7315,0.6751,-0.0955,0.0864,-0.2308,-0.9692,0.676,0.226,-0.7014,-0.7316,0.0917,-0.6755,-0.0884,0.9698,0.2273,-0.0001,0.0,0.0001,0.0,0.0,0.0,-0.0259,-0.0419,-0.2966,31.3842,22.4497,58.7242,0.0,0.0433,-0.3644,0.0,0.0,0.0,3438602.145,3689312.2183,-4467054.5546,4153.4577,3037.0372,5714.6556,3438570.7608,3689289.7686,-4467113.2787,4153.4836,3037.0791,5714.9522,0.0,0.0765,3.9732,0.0,0.0,1.0,0.0,1.0,0.0,0.0,1.172,-23.972,0.0,1.0,0.0,0.0,0.0,-1.0,0.4260715902286845,0.0442944691807002,-0.32465499999999997,0.8683639380166522,11.449087184381339,,
239.7007,64.871,-0.14,-0.393,60.897,-0.077,-0.385,-0.297,0.021,0.039,-0.297,0.021,0.039,-0.005,0.115,-0.203,0.006,0.001,-0.005,-0.0,0.0,0.0,842.171,-0.0,0.0,-0.0,0.0,0.0,0.0,0.0,0.0,-0.6764,0.7007,-0.2272,0.7315,0.6751,-0.0955,0.0864,-0.2308,-0.9692,0.676,0.226,-0.7014,-0.7316,0.0917,-0.6755,-0.0884,0.9698,0.2273,-0.0001,0.0,0.0001,0.0,0.0,0.0,-0.0259,-0.0419,-0.2967,31.379,22.4413,58.6643,0.0,0.0433,-0.3644,0.0,0.0,0.0,3439440.2076,3689924.9839,-4465901.2406,4152.5531,3036.0667,5715.8304,3439408.8286,3689902.5426,-4465959.9049,4152.579,3036.1086,5716.1271,0.0,0.0765,3.9732,0.0,0.0,1.0,0.0,1.0,0.0,0.0,1.172,-23.972,0.0,1.0,0.0,0.0,0.0,-1.0,0.4171918024122718,0.0442944691807002,-0.32435499999999995,0.869927956159147,11.438507565538831,,
239.9082,64.809,-0.135,-0.385,60.836,-0.073,-0.377,-0.297,0.021,0.039,-0.297,0.021,0.039,-0.004,0.115,-0.204,0.006,0.001,-0.005,-0.0,0.0,0.0,842.171,-0.0,0.0,-0.0,0.0,0.0,0.0,0.0,0.0,-0.6764,0.7006,-0.2272,0.7315,0.6752,-0.0955,0.0864,-0.2308,-0.9692,0.676,0.226,-0.7014,-0.7316,0.0917,-0.6755,-0.0884,0.9698,0.2273,-0.0001,0.0,0.0001,0.0,0.0,0.0,-0.026,-0.0419,-0.2967,31.3737,22.4326,58.6029,0.0,0.0433,-0.3644,0.0,0.0,0.0,3440299.7179,3690553.367,-4464717.901,4151.6249,3035.071,5717.0353,3440268.3443,3690530.9344,-4464776.5039,4151.6509,3035.1128,5717.3319,0.0,0.0765,3.9732,0.0,0.0,1.0,0.0,1.0,0.0,0.0,1.172,-23.972,0.0,1.0,0.0,0.0,0.0,-1.0,0.4079828427765069,0.0442944691807002,-0.32404499999999997,0.8578323685179111,11.427575292734906,,
240.1135,64.748,-0.131,-0.377,60.774,-0.069,-0.369,-0.297,0.021,0.039,-0.297,0.021,0.039,-0.003,0.116,-0.205,0.006,0.001,-0.005,-0.0,0.0,0.0,842.171,-0.0,0.0,-0.0,0.0,0.0,0.0,0.0,0.0,-0.6764,0.7006,-0.2272,0.7315,0.6752,-0.0956,0.0864,-0.2308,-0.9692,0.676,0.226,-0.7014,-0.7316,0.0917,-0.6755,-0.0884,0.9698,0.2273,-0.0001,0.0,0.0001,0.0,0.0,0.0,-0.026,-0.0419,-0.2967,31.3683,22.424,58.5416,0.0,0.0433,-0.3644,0.0,0.0,0.0,3441156.7932,3691179.904,-4463537.4048,4150.6989,3034.0777,5718.2367,3441125.4249,3691157.4801,-4463595.9465,4150.7249,3034.1196,5718.5333,0.0,0.0765,3.9732,0.0,0.0,1.0,0.0,1.0,0.0,0.0,1.172,-23.972,0.0,1.0,0.0,0.0,0.0,-1.0,0.39911151323909466,0.0442944691807002,-0.32374,0.8592904242130427,11.41681934691169,,
240.3195,64.686,-0.127,-0.369,60.713,-0.064,-0.361,-0.297,0.021,0.039,-0.297,0.021,0.039,-0.001,0.116,-0.206,0.006,0.001,-0.005,-0.0,0.0,0.0,842.171,-0.0,0.0,-0.0,0.0,0.0,0.0,0.0,0.0,-0.6764,0.7006,-0.2272,0.7314,0.6752,-0.0956,0.0864,-0.2308,-0.9691,0.676,0.226,-0.7014,-0.7316,0.0917,-0.6755,-0.0884,0.9698,0.2273,-0.0001,0.0,0.0001,0.0,0.0,0.0,-0.026,-0.0419,-0.2967,31.3629,22.4153,58.4805,0.0,0.0433,-0.3644,0.0,0.0,0.0,3442012.0469,3691805.0446,-4462358.9062,4149.7745,3033.0861,5719.4355,3441980.684,3691782.6292,-4462417.3867,4149.8005,3033.128,5719.7322,0.0,0.0765,3.9732,0.0,0.0,1.0,0.0,1.0,0.0,0.0,1.172,-23.972,0.0,1.0,0.0,0.0,0.0,-1.0,0.3902435137193186,0.0442944691807002,-0.32343000000000005,0.8761074929996387,11.405887074107767,,
240.5259,64.625,-0.122,-0.361,60.652,-0.06,-0.353,-0.297,0.021,0.039,-0.297,0.02,0.039,-0.0,0.116,-0.207,0.006,0.001,-0.005,-0.0,0.0,0.0,842.171,-0.0,0.0,-0.0,0.0,0.0,0.0,0.0,0.0,-0.6764,0.7006,-0.2272,0.7314,0.6752,-0.0956,0.0864,-0.2309,-0.9691,0.676,0.226,-0.7014,-0.7316,0.0917,-0.6755,-0.0884,0.9698,0.2273,-0.0001,0.0,0.0001,0.0,0.0,0.0,-0.026,-0.0419,-0.2967,31.3576,22.4067,58.4195,0.0,0.0433,-0.3644,0.0,0.0,0.0,3442865.3606,3692428.7021,-4461182.5729,4148.8517,3032.0964,5720.6315,3442834.0031,3692406.2954,-4461240.9924,4148.8777,3032.1383,5720.9282,0.0,0.0765,3.9732,0.0,0.0,1.0,0.0,1.0,0.0,0.0,1.172,-23.972,0.0,1.0,0.0,0.0,0.0,-1.0,0.3810577384071868,0.0442944691807002,-0.323125,0.8639119351114823,11.395131128284548,,
240.7319,64.563,-0.118,-0.353,60.59,-0.056,-0.344,-0.297,0.021,0.039,-0.297,0.02,0.039,0.001,0.116,-0.209,0.006,0.001,-0.005,-0.0,0.0,0.0,842.171,-0.0,0.0,-0.0,0.0,0.0,0.0,0.0,0.0,-0.6764,0.7006,-0.2272,0.7314,0.6752,-0.0956,0.0864,-0.2309,-0.9691,0.676,0.226,-0.7014,-0.7316,0.0917,-0.6755,-0.0884,0.9698,0.2273,-0.0001,0.0,0.0001,0.0,0.0,0.0,-0.026,-0.0419,-0.2967,31.3522,22.398,58.358,0.0,0.0433,-0.3644,0.0,0.0,0.0,3443724.5933,3693056.6203,-4459997.5655,4147.9221,3031.0994,5721.8358,3443693.2411,3693034.2223,-4460055.9236,4147.9481,3031.1413,5722.1325,0.0,0.0765,3.9732,0.0,0.0,1.0,0.0,1.0,0.0,0.0,1.172,-23.972,0.0,1.0,0.0,0.0,0.0,-1.0,0.3722002149381432,0.0442944691807002,-0.322815,0.8624995974330156,11.384198855480625,,
240.9356,64.503,-0.114,-0.345,60.53,-0.052,-0.337,-0.297,0.021,0.039,-0.297,0.02,0.039,0.002,0.116,-0.21,0.006,0.001,-0.005,-0.0,0.0,0.0,842.171,-0.0,0.0,-0.0,0.0,0.0,0.0,0.0,0.0,-0.6765,0.7005,-0.2272,0.7314,0.6752,-0.0956,0.0865,-0.2309,-0.9691,0.676,0.226,-0.7014,-0.7316,0.0917,-0.6755,-0.0884,0.9698,0.2273,-0.0001,0.0,0.0001,0.0,0.0,0.0,-0.026,-0.0419,-0.2967,31.3469,22.3895,58.2978,0.0,0.0433,-0.3644,0.0,0.0,0.0,3444566.3394,3693671.6952,-4458836.1783,4147.0109,3030.1223,5723.0155,3444534.9924,3693649.3057,-4458894.4762,4147.0369,3030.1642,5723.3122,0.0,0.0765,3.9732,0.0,0.0,1.0,0.0,1.0,0.0,0.0,1.172,-23.972,0.0,1.0,0.0,0.0,0.0,-1.0,0.36334694164118125,0.0442944691807002,-0.322515,0.8677318328029485,11.373619236638117,,
241.1397,64.442,-0.109,-0.337,60.469,-0.048,-0.328,-0.297,0.021,0.039,-0.297,0.02,0.039,0.003,0.116,-0.211,0.006,0.001,-0.005,-0.0,0.0,0.0,842.171,-0.0,0.0,-0.0,0.0,0.0,0.0,0.0,0.0,-0.6765,0.7005,-0.2273,0.7314,0.6752,-0.0956,0.0865,-0.2309,-0.9691,0.676,0.226,-0.7014,-0.7316,0.0917,-0.6755,-0.0884,0.9698,0.2273,-0.0001,0.0,0.0001,0.0,0.0,0.0,-0.026,-0.042,-0.2967,31.3416,22.3809,58.2372,0.0,0.0433,-0.3644,0.0,0.0,0.0,3445413.1838,3694290.4321,-4457667.2552,4146.0938,3029.1389,5724.2023,3445381.8422,3694268.0512,-4457725.4925,4146.1199,3029.1809,5724.4991,0.0,0.0765,3.9732,0.0,0.0,1.0,0.0,1.0,0.0,0.0,1.172,-23.972,0.0,1.0,0.0,0.0,0.0,-1.0,0.35418921496849676,0.0442944691807002,-0.32220999999999994,0.8525606715454432,11.362863290814898,,
241.3425,64.382,-0.105,-0.329,60.409,-0.043,-0.32,-0.297,0.021,0.039,-0.298,0.02,0.039,0.005,0.116,-0.212,0.006,0.001,-0.005,-0.0,0.0,0.0,842.171,-0.0,0.0,-0.0,0.0,0.0,0.0,0.0,0.0,-0.6765,0.7005,-0.2273,0.7314,0.6752,-0.0957,0.0865,-0.2309,-0.9691,0.676,0.226,-0.7014,-0.7316,0.0917,-0.6755,-0.0884,0.9698,0.2273,-0.0001,0.0,0.0001,0.0,0.0,0.0,-0.026,-0.042,-0.2967,31.3363,22.3724,58.1771,0.0,0.0433,-0.3644,0.0,0.0,0.0,3446253.0794,3694904.0287,-4456507.4295,4145.1839,3028.1633,5725.3794,3446221.7431,3694881.6562,-4456565.6066,4145.2099,3028.2052,5725.6761,0.0,0.0765,3.9732,0.0,0.0,1.0,0.0,1.0,0.0,0.0,1.172,-23.972,0.0,1.0,0.0,0.0,0.0,-1.0,0.34534909873923225,0.0442944691807002,-0.32191000000000003,0.8698039945231006,11.352283671972392,,
241.547,64.321,-0.101,-0.321,60.348,-0.039,-0.312,-0.298,0.021,0.039,-0.298,0.02,0.039,0.006,0.116,-0.213,0.006,0.001,-0.005,-0.0,0.0,0.0,842.171,-0.0,0.0,-0.0,0.0,0.0,0.0,0.0,0.0,-0.6765,0.7005,-0.2273,0.7313,0.6753,-0.0957,0.0865,-0.2309,-0.9691,0.676,0.226,-0.7014,-0.7316,0.0917,-0.6755,-0.0884,0.9698,0.2273,-0.0001,0.0,0.0001,0.0,0.0,0.0,-0.0261,-0.042,-0.2967,31.331,22.3638,58.1163,0.0,0.0433,-0.3644,0.0,0.0,0.0,3447102.2795,3695524.3588,-4455334.2523,4144.2634,3027.1764,5726.5694,3447070.9486,3695501.995,-4455392.3686,4144.2894,3027.2184,5726.8662,0.0,0.0765,3.9732,0.0,0.0,1.0,0.0,1.0,0.0,0.0,1.172,-23.972,0.0,1.0,0.0,0.0,0.0,-1.0,0.33651448705813547,0.0442944691807002,-0.321605,0.8720828494200277,11.341527726149176,,
241.7533,64.26,-0.097,-0.312,60.286,-0.035,-0.304,-0.298,0.021,0.039,-0.298,0.02,0.039,0.007,0.116,-0.214,0.006,0.001,-0.005,-0.0,0.0,0.0,842.171,-0.0,0.0,-0.0,0.0,0.0,0.0,0.0,0.0,-0.6765,0.7005,-0.2273,0.7313,0.6753,-0.0957,0.0865,-0.231,-0.9691,0.676,0.226,-0.7014,-0.7316,0.0917,-0.6755,-0.0884,0.9698,0.2273,-0.0001,0.0,0.0001,0.0,0.0,0.0,-0.0261,-0.042,-0.2968,31.3256,22.3551,58.055,0.0,0.0433,-0.3644,0.0,0.0,0.0,3447958.9158,3696150.0556,-4454150.2919,4143.3344,3026.1805,5727.7698,3447927.5902,3696127.7005,-4454208.3469,4143.3604,3026.2225,5728.0666,0.0,0.0765,3.9732,0.0,0.0,1.0,0.0,1.0,0.0,0.0,1.172,-23.972,0.0,1.0,0.0,0.0,0.0,-1.0,0.3267307760220944,0.0442944691807002,-0.32130000000000003,0.8766941235532503,11.33077178032596,,
241.954,64.2,-0.093,-0.304,60.227,-0.031,-0.296,-0.298,0.021,0.039,-0.298,0.02,0.039,0.008,0.117,-0.215,0.006,0.001,-0.005,-0.0,0.0,0.0,842.171,-0.0,0.0,-0.0,0.0,0.0,0.0,0.0,0.0,-0.6765,0.7005,-0.2273,0.7313,0.6753,-0.0957,0.0865,-0.231,-0.9691,0.676,0.226,-0.7014,-0.7316,0.0917,-0.6755,-0.0884,0.9698,0.2273,-0.0001,0.0,0.0001,0.0,0.0,0.0,-0.0261,-0.042,-0.2968,31.3204,22.3467,57.9957,0.0,0.0433,-0.3644,0.0,0.0,0.0,3448787.1872,3696754.9718,-4453005.0469,4142.4357,3025.2172,5728.9304,3448755.8668,3696732.6251,-4453063.0426,4142.4618,3025.2592,5729.2272,0.0,0.0765,3.9732,0.0,0.0,1.0,0.0,1.0,0.0,0.0,1.172,-23.972,0.0,1.0,0.0,0.0,0.0,-1.0,0.3179072191693671,0.0442944691807002,-0.321,0.8792030179168903,11.320192161483451,,
242.1546,64.14,-0.088,-0.297,60.167,-0.027,-0.288,-0.298,0.021,0.039,-0.298,0.02,0.039,0.01,0.117,-0.216,0.006,0.001,-0.005,-0.0,0.0,0.0,842.171,-0.0,0.0,-0.0,0.0,0.0,0.0,0.0,0.0,-0.6765,0.7004,-0.2273,0.7313,0.6753,-0.0957,0.0865,-0.231,-0.9691,0.676,0.226,-0.7014,-0.7316,0.0917,-0.6755,-0.0884,0.9698,0.2273,-0.0001,0.0,0.0001,0.0,0.0,0.0,-0.0261,-0.042,-0.2968,31.3151,22.3383,57.9359,0.0,0.0433,-0.3644,0.0,0.0,0.0,3449621.8142,3697364.4679,-4451850.5262,4141.5298,3024.2461,5730.0999,3449590.4991,3697342.1297,-4451908.462,4141.5558,3024.2881,5730.3967,0.0,0.0765,3.9732,0.0,0.0,1.0,0.0,1.0,0.0,0.0,1.172,-23.972,0.0,1.0,0.0,0.0,0.0,-1.0,0.3097628124872319,0.0442944691807002,-0.3207,0.8650661843047304,11.309612542640943,,
242.3579,64.079,-0.084,-0.289,60.106,-0.023,-0.281,-0.298,0.021,0.035,-0.298,0.02,0.035,0.011,0.117,-0.217,0.006,0.001,-0.006,-0.0,0.0,0.0,842.156,-1.0,0.0,-0.0,0.0,0.0,0.0,0.0,0.0,-0.6766,0.7004,-0.2273,0.7313,0.6753,-0.0957,0.0865,-0.231,-0.9691,0.676,0.226,-0.7014,-0.7316,0.0917,-0.6755,-0.0884,0.9698,0.2273,-0.0001,0.0,0.0001,0.0,0.0,0.0,-0.0287,-0.0392,-0.2964,31.3096,22.3298,57.8753,0.0,0.0433,-0.3644,0.0,0.0,0.0,3450467.2299,3697981.779,-4450680.5852,4140.609,3023.265,5731.2848,3450435.9203,3697959.4491,-4450738.4605,4140.6378,3023.3041,5731.5812,0.0,0.0765,3.9732,0.0,0.0,1.0,0.0,1.0,0.0,0.0,1.172,-23.972,0.0,1.0,0.0,0.0,0.0,-1.0,0.30096013024983886,0.040816663263917106,-0.320395,0.8698937809192395,11.298856596817727,,
242.5615,64.019,-0.08,-0.282,60.046,-0.019,-0.274,-0.298,0.021,0.029,-0.298,0.02,0.029,0.012,0.117,-0.219,0.006,0.001,-0.006,-0.0,0.0,0.0,842.129,-1.0,0.0,-0.0,0.0,0.0,0.0,0.0,0.0,-0.6766,0.7004,-0.2273,0.7313,0.6753,-0.0957,0.0865,-0.231,-0.9691,0.676,0.226,-0.7014,-0.7316,0.0917,-0.6755,-0.0884,0.9698,0.2273,-0.0001,0.0,0.0001,0.0,0.0,0.0,-0.0333,-0.0342,-0.2959,31.3033,22.3224,57.8152,0.0,0.0433,-0.3644,0.0,0.0,0.0,3451307.5271,3698595.2908,-4449517.2283,4139.6915,3022.2915,5732.4627,3451276.2237,3698572.9684,-4449575.0435,4139.7248,3022.3257,5732.7585,0.0,0.0765,3.9732,0.0,0.0,1.0,0.0,1.0,0.0,0.0,1.172,-23.972,0.0,1.0,0.0,0.0,0.0,-1.0,0.29312795840724576,0.03580502757993632,-0.320095,0.8724990039881788,11.28827697797522,,
242.7622,63.959,-0.076,-0.277,59.986,-0.015,-0.269,-0.298,0.017,0.022,-0.298,0.016,0.022,0.013,0.117,-0.22,0.006,0.001,-0.006,-0.0,0.0,0.0,842.089,-1.0,-1.0,-0.0,0.0,0.0,0.0,0.0,0.0,-0.6766,0.7004,-0.2273,0.7313,0.6753,-0.0958,0.0865,-0.231,-0.9691,0.676,0.226,-0.7014,-0.7316,0.0917,-0.6755,-0.0884,0.9698,0.2273,-0.0001,0.0,0.0001,0.0,0.0,0.0,-0.0407,-0.0321,-0.2944,31.296,22.3158,57.7558,0.0,0.0433,-0.3644,0.0,0.0,0.0,3452139.4248,3699202.6094,-4448365.0103,4138.7799,3021.3246,5733.6297,3452108.1288,3699180.2936,-4448422.7662,4138.8206,3021.3567,5733.924,0.0,0.0765,3.9732,0.0,0.0,1.0,0.0,1.0,0.0,0.0,1.172,-23.972,0.0,1.0,0.0,0.0,0.0,-1.0,0.28723683607782624,0.027802877548915687,-0.319795,0.8754196048776166,11.277697359132713,,
242.964,63.899,-0.073,-0.273,59.926,-0.012,-0.265,-0.298,0.009,0.015,-0.298,0.008,0.015,0.014,0.117,-0.221,0.006,0.001,-0.006,-0.0,0.0,0.0,842.037,-1.0,-1.0,-0.0,0.0,0.0,0.0,0.0,0.0,-0.6766,0.7004,-0.2274,0.7312,0.6754,-0.0958,0.0865,-0.2311,-0.9691,0.676,0.226,-0.7014,-0.7316,0.0917,-0.6755,-0.0884,0.9698,0.2273,-0.0001,0.0,0.0001,0.0,0.0,0.0,-0.0507,-0.0325,-0.292,31.2868,22.3093,57.6968,0.0,0.0433,-0.3644,0.0,0.0,0.0,3452972.6806,3699810.8587,-4447210.4203,4137.8637,3020.3533,5734.7994,3452941.3938,3699788.5493,-4447268.1171,4137.9144,3020.3858,5735.0914,0.0,0.0765,3.9732,0.0,0.0,1.0,0.0,1.0,0.0,0.0,1.172,-23.972,0.0,1.0,0.0,0.0,0.0,-1.0,0.282591578076913,0.017492855684535902,-0.31949500000000003,0.8776042239308387,11.267117740290203,,
243.1652,63.839,-0.072,-0.271,59.866,-0.011,-0.263,-0.298,0.001,0.009,-0.298,0.001,0.009,0.016,0.118,-0.222,0.006,0.001,-0.006,-0.0,0.0,0.0,841.986,-1.0,0.0,-0.0,0.0,0.0,0.0,0.0,0.0,-0.6766,0.7003,-0.2274,0.7312,0.6754,-0.0958,0.0865,-0.2311,-0.9691,0.676,0.226,-0.7014,-0.7316,0.0917,-0.6755,-0.0884,0.9698,0.2273,-0.0001,0.0,0.0001,0.0,0.0,0.0,-0.0604,-0.0326,-0.2897,31.2756,22.3027,57.638,0.0,0.0433,-0.3644,0.0,0.0,0.0,3453808.7935,3700421.1319,-4446051.3804,4136.9443,3019.3785,5735.973,3453777.5179,3700398.8291,-4446109.0184,4137.0047,3019.4111,5736.2627,0.0,0.0765,3.9732,0.0,0.0,1.0,0.0,1.0,0.0,0.0,1.172,-23.972,0.0,1.0,0.0,0.0,0.0,-1.0,0.28040149785619906,0.009055385138137416,-0.319195,0.8782674200483627,11.256538121447695,,
243.3719,63.778,-0.072,-0.269,59.805,-0.011,-0.261,-0.298,0.001,0.008,-0.298,0.001,0.008,0.017,0.118,-0.223,0.006,0.001,-0.006,-0.0,0.0,0.0,841.984,-0.0,0.0,-0.0,0.0,0.0,0.0,0.0,0.0,-0.6766,0.7003,-0.2274,0.7312,0.6754,-0.0958,0.0865,-0.2311,-0.9691,0.676,0.226,-0.7014,-0.7316,0.0917,-0.6755,-0.0884,0.9698,0.2273,-0.0001,0.0,0.0001,0.0,0.0,0.0,-0.0608,-0.0322,-0.2897,31.2632,22.2961,57.5788,0.0,0.0433,-0.3644,0.0,0.0,0.0,3454654.359,3701038.2416,-4444878.7338,4136.0236,3018.3929,5737.1576,3454623.0959,3701015.9455,-4444936.3126,4136.0844,3018.425,5737.4473,0.0,0.0765,3.9732,0.0,0.0,1.0,0.0,1.0,0.0,0.0,1.172,-23.972,0.0,1.0,0.0,0.0,0.0,-1.0,0.27846902879853624,0.00806225774829855,-0.31889,0.878038654673845,11.245782175624479,,
243.5781,63.717,-0.072,-0.268,59.743,-0.011,-0.259,-0.298,0.001,0.008,-0.298,0.001,0.008,0.018,0.118,-0.224,0.006,0.001,-0.006,-0.0,0.0,0.0,841.984,-0.0,0.0,-0.0,0.0,0.0,0.0,0.0,0.0,-0.6767,0.7003,-0.2274,0.7312,0.6754,-0.0958,0.0865,-0.2311,-0.9691,0.676,0.226,-0.7014,-0.7316,0.0917,-0.6755,-0.0884,0.9698,0.2273,-0.0001,0.0,0.0001,0.0,0.0,0.0,-0.0608,-0.0322,-0.2897,31.2506,22.2895,57.5189,0.0,0.0433,-0.3644,0.0,0.0,0.0,3455509.3779,3701662.1855,-4443692.4639,4135.0924,3017.3954,5738.3553,3455478.1273,3701639.8961,-4443749.9828,4135.1532,3017.4276,5738.645,0.0,0.0765,3.9732,0.0,0.0,1.0,0.0,1.0,0.0,0.0,1.172,-23.972,0.0,1.0,0.0,0.0,0.0,-1.0,0.27750315313523916,0.00806225774829855,-0.318585,0.8757517405821181,11.235026229801262,,
243.786,63.655,-0.072,-0.266,59.682,-0.011,-0.258,-0.298,0.001,0.008,-0.298,0.001,0.008,0.019,0.118,-0.225,0.006,0.001,-0.006,-0.0,0.0,0.0,841.984,-0.0,0.0,-0.0,0.0,0.0,0.0,0.0,0.0,-0.6767,0.7003,-0.2274,0.7312,0.6754,-0.0958,0.0865,-0.2311,-0.9691,0.676,0.226,-0.7014,-0.7316,0.0917,-0.6755,-0.0884,0.9698,0.2273,-0.0001,0.0,0.0001,0.0,0.0,0.0,-0.0608,-0.0322,-0.2897,31.2379,22.2828,57.4589,0.0,0.0433,-0.3644,0.0,0.0,0.0,3456366.3106,3702287.46,-4442503.0222,4134.1588,3016.3953,5739.5556,3456335.0727,3702265.1772,-4442560.4811,4134.2196,3016.4275,5739.8453,0.0,0.0765,3.9732,0.0,0.0,1.0,0.0,1.0,0.0,0.0,1.172,-23.972,0.0,1.0,0.0,0.0,0.0,-1.0,0.27557213211789033,0.00806225774829855,-0.31827500000000003,0.8777107730318437,11.224093956997338,,
243.9918,63.594,-0.071,-0.264,59.62,-0.01,-0.256,-0.298,0.001,0.008,-0.298,0.001,0.008,0.021,0.119,-0.227,0.006,0.001,-0.006,-0.0,0.0,0.0,841.984,-0.0,0.0,-0.0,0.0,0.0,0.0,0.0,0.0,-0.6767,0.7003,-0.2274,0.7312,0.6754,-0.0959,0.0865,-0.2311,-0.9691,0.676,0.226,-0.7014,-0.7316,0.0917,-0.6755,-0.0884,0.9698,0.2273,-0.0001,0.0,0.0001,0.0,0.0,0.0,-0.0608,-0.0322,-0.2897,31.2254,22.2762,57.3992,0.0,0.0433,-0.3644,0.0,0.0,0.0,3457217.3441,3702908.3644,-4441321.258,4133.2311,3015.4016,5740.7477,3457186.1187,3702886.0883,-4441378.6573,4133.292,3015.4338,5741.0374,0.0,0.0765,3.9732,0.0,0.0,1.0,0.0,1.0,0.0,0.0,1.172,-23.972,0.0,1.0,0.0,0.0,0.0,-1.0,0.2733806869550225,0.00806225774829855,-0.31797000000000003,0.8781725177392575,11.213338011174121,,
244.1979,63.532,-0.071,-0.263,59.559,-0.01,-0.254,-0.298,0.001,0.008,-0.298,0.001,0.008,0.022,0.119,-0.228,0.006,0.001,-0.006,-0.0,0.0,0.0,841.984,-0.0,0.0,-0.0,0.0,0.0,0.0,0.0,0.0,-0.6767,0.7002,-0.2274,0.7312,0.6754,-0.0959,0.0865,-0.2312,-0.9691,0.676,0.226,-0.7014,-0.7316,0.0917,-0.6755,-0.0884,0.9698,0.2273,-0.0001,0.0,0.0001,0.0,0.0,0.0,-0.0609,-0.0322,-0.2897,31.2128,22.2695,57.3393,0.0,0.0433,-0.3644,0.0,0.0,0.0,3458072.8321,3703532.4531,-4440132.7928,4132.2982,3014.4024,5741.9459,3458041.6193,3703510.1836,-4440190.1321,4132.359,3014.4346,5742.2356,0.0,0.0765,3.9732,0.0,0.0,1.0,0.0,1.0,0.0,0.0,1.172,-23.972,0.0,1.0,0.0,0.0,0.0,-1.0,0.2724151243965724,0.00806225774829855,-0.31766,0.8763875123669098,11.202405738370196,,
244.3995,63.472,-0.071,-0.261,59.498,-0.01,-0.253,-0.298,0.001,0.013,-0.298,0.001,0.013,0.023,0.119,-0.229,0.006,0.001,-0.006,-0.0,0.0,0.0,841.966,1.0,0.0,-0.0,0.0,0.0,0.0,0.0,0.0,-0.6767,0.7002,-0.2274,0.7311,0.6755,-0.0959,0.0865,-0.2312,-0.9691,0.676,0.226,-0.7014,-0.7316,0.0917,-0.6755,-0.0884,0.9698,0.2273,-0.0001,0.0,0.0001,0.0,0.0,0.0,-0.0578,-0.0355,-0.2901,31.2007,22.2627,57.2805,0.0,0.0433,-0.3644,0.0,0.0,0.0,3458910.9528,3704143.8076,-4438967.955,4131.3867,3013.4198,5743.1193,3458879.7521,3704121.5449,-4439025.2355,4131.4446,3013.4553,5743.4095,0.0,0.0765,3.9732,0.0,0.0,1.0,0.0,1.0,0.0,0.0,1.172,-23.972,0.0,1.0,0.0,0.0,0.0,-1.0,0.2704847500322338,0.013038404810405297,-0.31736000000000003,0.8778539656714561,11.19182611952769,,
244.5995,63.412,-0.07,-0.258,59.439,-0.01,-0.249,-0.298,0.001,0.019,-0.298,0.001,0.019,0.025,0.119,-0.23,0.006,0.001,-0.006,-0.0,0.0,0.0,841.939,1.0,0.0,-0.0,0.0,0.0,0.0,0.0,0.0,-0.6767,0.7002,-0.2275,0.7311,0.6755,-0.0959,0.0865,-0.2312,-0.9691,0.676,0.226,-0.7014,-0.7316,0.0917,-0.6755,-0.0884,0.9698,0.2273,-0.0001,0.0,0.0001,0.0,0.0,0.0,-0.0534,-0.0403,-0.2907,31.1896,22.2552,57.2225,0.0,0.0433,-0.3644,0.0,0.0,0.0,3459736.0827,3704745.623,-4437820.6872,4130.4905,3012.4505,5744.2744,3459704.8932,3704723.3679,-4437877.9097,4130.5439,3012.4908,5744.5651,0.0,0.0765,3.9732,0.0,0.0,1.0,0.0,1.0,0.0,0.0,1.172,-23.972,0.0,1.0,0.0,0.0,0.0,-1.0,0.26732751448363856,0.019026297590440448,-0.31706,0.8615775709658452,11.18124650068518,,
244.8003,63.353,-0.07,-0.253,59.379,-0.01,-0.245,-0.298,0.001,0.026,-0.298,0.001,0.026,0.026,0.119,-0.231,0.006,0.001,-0.005,-0.0,0.0,0.0,841.911,1.0,0.0,-0.0,0.0,0.0,0.0,0.0,0.0,-0.6768,0.7002,-0.2275,0.7311,0.6755,-0.0959,0.0865,-0.2312,-0.9691,0.676,0.226,-0.7014,-0.7316,0.0917,-0.6755,-0.0884,0.9698,0.2273,-0.0001,0.0,0.0001,0.0,0.0,0.0,-0.0489,-0.0452,-0.2913,31.1793,22.2466,57.1641,0.0,0.0433,-0.3644,0.0,0.0,0.0,3460565.1386,3705350.2382,-4436667.4782,4129.5897,3011.4761,5745.4348,3460533.9593,3705327.9916,-4436724.6423,4129.6385,3011.5214,5745.7261,0.0,0.0765,3.9732,0.0,0.0,1.0,0.0,1.0,0.0,0.0,1.172,-23.972,0.0,1.0,0.0,0.0,0.0,-1.0,0.262505238042977,0.026019223662515373,-0.316765,0.8626633501066685,11.170843208823381,,
245.0083,63.291,-0.07,-0.247,59.318,-0.009,-0.239,-0.298,0.001,0.03,-0.298,0.001,0.03,0.027,0.12,-0.232,0.006,0.001,-0.005,-0.0,0.0,0.0,841.893,-0.0,0.0,-0.0,0.0,0.0,0.0,0.0,0.0,-0.6768,0.7002,-0.2275,0.7311,0.6755,-0.0959,0.0865,-0.2312,-0.969,0.676,0.226,-0.7014,-0.7316,0.0917,-0.6755,-0.0884,0.9698,0.2273,-0.0001,0.0,0.0001,0.0,0.0,0.0,-0.0459,-0.0485,-0.2917,31.1697,22.2368,57.104,0.0,0.0433,-0.3644,0.0,0.0,0.0,3461415.0763,3705970.0159,-4435484.721,4128.664,3010.4786,5746.6247,3461383.9066,3705947.7791,-4435541.8251,4128.7099,3010.5271,5746.9164,0.0,0.0765,3.9732,0.0,0.0,1.0,0.0,1.0,0.0,0.0,1.172,-23.972,0.0,1.0,0.0,0.0,0.0,-1.0,0.25672748197261624,0.03001666203960727,-0.316455,0.8774478891955647,11.159910936019456,,
245.2138,63.23,-0.07,-0.241,59.256,-0.009,-0.233,-0.298,0.001,0.03,-0.298,0.001,0.03,0.028,0.12,-0.233,0.006,0.001,-0.005,-0.0,0.0,0.0,841.893,-0.0,0.0,-0.0,0.0,0.0,0.0,0.0,0.0,-0.6768,0.7001,-0.2275,0.7311,0.6755,-0.0959,0.0865,-0.2312,-0.969,0.676,0.226,-0.7014,-0.7316,0.0917,-0.6755,-0.0884,0.9698,0.2273,-0.0001,0.0,0.0001,0.0,0.0,0.0,-0.0459,-0.0485,-0.2917,31.1602,22.2268,57.0437,0.0,0.0433,-0.3644,0.0,0.0,0.0,3462268.5864,3706592.3327,-4434296.477,4127.7311,3009.4798,5747.8199,3462237.4263,3706570.1059,-4434353.5207,4127.777,3009.5283,5748.1116,0.0,0.0765,3.9732,0.0,0.0,1.0,0.0,1.0,0.0,0.0,1.172,-23.972,0.0,1.0,0.0,0.0,0.0,-1.0,0.25096015620014267,0.03001666203960727,-0.31615,0.8766224098316997,11.149154990196239,,
245.4202,63.168,-0.069,-0.235,59.195,-0.009,-0.226,-0.298,0.001,0.03,-0.298,0.001,0.03,0.03,0.12,-0.234,0.006,0.001,-0.005,-0.0,0.0,0.0,841.893,-0.0,0.0,-0.0,0.0,0.0,0.0,0.0,0.0,-0.6768,0.7001,-0.2275,0.7311,0.6755,-0.096,0.0865,-0.2313,-0.969,0.676,0.226,-0.7014,-0.7316,0.0917,-0.6755,-0.0884,0.9698,0.2273,-0.0001,0.0,0.0001,0.0,0.0,0.0,-0.0459,-0.0485,-0.2917,31.1507,22.2167,56.9836,0.0,0.0433,-0.3644,0.0,0.0,0.0,3463119.6243,3707212.7814,-4433111.1607,4126.8004,3008.4834,5749.0116,3463088.4736,3707190.5646,-4433168.1443,4126.8463,3008.5319,5749.3033,0.0,0.0765,3.9732,0.0,0.0,1.0,0.0,1.0,0.0,0.0,1.172,-23.972,0.0,1.0,0.0,0.0,0.0,-1.0,0.24492039523077697,0.03001666203960727,-0.31584,0.8604183977145218,11.138222717392315,,
245.6205,63.109,-0.069,-0.229,59.136,-0.009,-0.22,-0.298,0.001,0.03,-0.298,0.001,0.03,0.031,0.12,-0.236,0.006,0.001,-0.005,-0.0,0.0,0.0,841.893,-0.0,0.0,-0.0,0.0,0.0,0.0,0.0,0.0,-0.6768,0.7001,-0.2275,0.731,0.6755,-0.096,0.0865,-0.2313,-0.969,0.676,0.226,-0.7014,-0.7316,0.0917,-0.6755,-0.0884,0.9698,0.2273,-0.0001,0.0,0.0001,0.0,0.0,0.0,-0.0459,-0.0485,-0.2917,31.1415,22.2071,56.9254,0.0,0.0433,-0.3644,0.0,0.0,0.0,3463942.5582,3707812.6785,-4431964.4996,4125.9,3007.5196,5750.1639,3463911.4167,3707790.4715,-4432021.425,4125.9459,3007.5681,5750.4556,0.0,0.0765,3.9732,0.0,0.0,1.0,0.0,1.0,0.0,0.0,1.172,-23.972,0.0,1.0,0.0,0.0,0.0,-1.0,0.2391693960355296,0.03001666203960727,-0.315545,0.8599538992375,11.127819425530516,,
245.8226,63.049,-0.069,-0.222,59.076,-0.009,-0.214,-0.298,0.001,0.03,-0.298,0.001,0.03,0.032,0.12,-0.237,0.006,0.001,-0.005,-0.0,0.0,0.0,841.893,-0.0,0.0,-0.0,0.0,0.0,0.0,0.0,0.0,-0.6768,0.7001,-0.2275,0.731,0.6756,-0.096,0.0865,-0.2313,-0.969,0.676,0.226,-0.7014,-0.7316,0.0917,-0.6755,-0.0884,0.9698,0.2273,-0.0001,0.0,0.0001,0.0,0.0,0.0,-0.0459,-0.0485,-0.2917,31.1323,22.1973,56.8666,0.0,0.0433,-0.3644,0.0,0.0,0.0,3464773.789,3708418.5616,-4430805.7899,4124.9901,3006.5457,5751.3278,3464742.6567,3708396.3644,-4430862.6565,4125.036,3006.5943,5751.6195,0.0,0.0765,3.9732,0.0,0.0,1.0,0.0,1.0,0.0,0.0,1.172,-23.972,0.0,1.0,0.0,0.0,0.0,-1.0,0.2324758051927125,0.03001666203960727,-0.315245,0.8607529839544499,11.117239806688008,,
246.028,62.987,-0.069,-0.216,59.014,-0.009,-0.208,-0.298,0.001,0.03,-0.298,0.001,0.03,0.033,0.121,-0.238,0.006,0.001,-0.005,-0.0,0.0,0.0,841.893,-0.0,0.0,-0.0,0.0,0.0,0.0,0.0,0.0,-0.6769,0.7001,-0.2275,0.731,0.6756,-0.096,0.0865,-0.2313,-0.969,0.676,0.226,-0.7014,-0.7316,0.0917,-0.6755,-0.0884,0.9698,0.2273,-0.0001,0.0,0.0001,0.0,0.0,0.0,-0.0459,-0.0486,-0.2917,31.1227,22.1871,56.8059,0.0,0.0433,-0.3644,0.0,0.0,0.0,3465633.2341,3709044.9442,-4429607.2359,4124.0489,3005.5384,5752.5311,3465602.1114,3709022.757,-4429664.0418,4124.0948,3005.5869,5752.8228,0.0,0.0765,3.9732,0.0,0.0,1.0,0.0,1.0,0.0,0.0,1.172,-23.972,0.0,1.0,0.0,0.0,0.0,-1.0,0.22675316976836288,0.03001666203960727,-0.314935,0.8602637559704001,11.106307533884083,,
246.2349,62.926,-0.068,-0.21,58.952,-0.008,-0.202,-0.298,0.001,0.03,-0.298,0.001,0.03,0.035,0.121,-0.239,0.006,0.001,-0.005,-0.0,0.0,0.0,841.893,-0.0,0.0,-0.0,0.0,0.0,0.0,0.0,0.0,-0.6769,0.7001,-0.2275,0.731,0.6756,-0.096,0.0865,-0.2313,-0.969,0.676,0.226,-0.7014,-0.7316,0.0917,-0.6755,-0.0884,0.9698,0.2273,-0.0001,0.0,0.0001,0.0,0.0,0.0,-0.0459,-0.0486,-0.2918,31.1133,22.1772,56.7459,0.0,0.0433,-0.3644,0.0,0.0,0.0,3466480.8802,3709662.662,-4428424.6206,4123.1202,3004.5444,5753.7178,3466449.7669,3709640.4848,-4428481.3665,4123.1661,3004.593,5754.0096,0.0,0.0765,3.9732,0.0,0.0,1.0,0.0,1.0,0.0,0.0,1.172,-23.972,0.0,1.0,0.0,0.0,0.0,-1.0,0.22073513539987238,0.03001666203960727,-0.31463,0.8605063444963861,11.095551588060868,,
246.4382,62.865,-0.068,-0.204,58.892,-0.008,-0.195,-0.298,0.001,0.03,-0.298,0.001,0.03,0.036,0.121,-0.24,0.006,0.001,-0.005,-0.0,0.0,0.0,841.893,-0.0,0.0,-0.0,0.0,0.0,0.0,0.0,0.0,-0.6769,0.7,-0.2276,0.731,0.6756,-0.096,0.0865,-0.2313,-0.969,0.676,0.226,-0.7014,-0.7316,0.0917,-0.6755,-0.0884,0.9698,0.2273,-0.0001,0.0,0.0001,0.0,0.0,0.0,-0.046,-0.0486,-0.2918,31.1039,22.1673,56.6867,0.0,0.0433,-0.3644,0.0,0.0,0.0,3467317.6462,3710272.3866,-4427256.6871,4122.203,3003.5629,5754.8893,3467286.5423,3710250.2193,-4427313.3738,4122.2489,3003.6115,5755.181,0.0,0.0765,3.9732,0.0,0.0,1.0,0.0,1.0,0.0,0.0,1.172,-23.972,0.0,1.0,0.0,0.0,0.0,-1.0,0.2150348808914498,0.03001666203960727,-0.314325,0.8592783637042113,11.084795642237651,,
246.6398,62.805,-0.068,-0.198,58.832,-0.008,-0.189,-0.298,0.001,0.03,-0.298,0.001,0.03,0.037,0.121,-0.241,0.006,0.001,-0.005,-0.0,0.0,0.0,841.893,-0.0,0.0,-0.0,0.0,0.0,0.0,0.0,0.0,-0.6769,0.7,-0.2276,0.731,0.6756,-0.0961,0.0865,-0.2314,-0.969,0.676,0.226,-0.7014,-0.7316,0.0917,-0.6755,-0.0884,0.9698,0.2273,-0.0001,0.0,0.0001,0.0,0.0,0.0,-0.046,-0.0486,-0.2918,31.0947,22.1575,56.6278,0.0,0.0433,-0.3644,0.0,0.0,0.0,3468149.0534,3710878.1438,-4426095.7383,4121.2912,3002.5873,5756.0532,3468117.9588,3710855.9863,-4426152.3661,4121.3371,3002.6359,5756.345,0.0,0.0765,3.9732,0.0,0.0,1.0,0.0,1.0,0.0,0.0,1.172,-23.972,0.0,1.0,0.0,0.0,0.0,-1.0,0.20935137926462297,0.03001666203960727,-0.314025,0.858980821202383,11.074216023395143,,
246.8471,62.744,-0.068,-0.191,58.771,-0.008,-0.183,-0.298,0.001,0.03,-0.298,0.001,0.03,0.038,0.121,-0.242,0.006,0.001,-0.005,-0.0,0.0,0.0,841.893,-0.0,0.0,-0.0,0.0,0.0,0.0,0.0,0.0,-0.6769,0.7,-0.2276,0.731,0.6756,-0.0961,0.0865,-0.2314,-0.969,0.676,0.226,-0.7014,-0.7316,0.0917,-0.6755,-0.0884,0.9698,0.2273,-0.0001,0.0,0.0001,0.0,0.0,0.0,-0.046,-0.0486,-0.2918,31.0852,22.1475,56.5678,0.0,0.0433,-0.3644,0.0,0.0,0.0,3468996.5313,3711495.5449,-4424911.8454,4120.3613,3001.5924,5757.2396,3468965.446,3711473.3974,-4424968.4132,4120.4073,3001.641,5757.5313,0.0,0.0765,3.9732,0.0,0.0,1.0,0.0,1.0,0.0,0.0,1.172,-23.972,0.0,1.0,0.0,0.0,0.0,-1.0,0.20274368054269903,0.03001666203960727,-0.31372,0.8594864740891521,11.063460077571927,,
247.0492,62.684,-0.067,-0.185,58.71,-0.008,-0.177,-0.298,0.001,0.03,-0.298,0.001,0.03,0.039,0.122,-0.243,0.006,0.001,-0.005,-0.0,0.0,0.0,841.893,-0.0,0.0,-0.0,0.0,0.0,0.0,0.0,0.0,-0.6769,0.7,-0.2276,0.7309,0.6756,-0.0961,0.0865,-0.2314,-0.969,0.676,0.226,-0.7014,-0.7316,0.0917,-0.6755,-0.0884,0.9698,0.2273,-0.0001,0.0,0.0001,0.0,0.0,0.0,-0.046,-0.0486,-0.2918,31.0759,22.1376,56.5087,0.0,0.0433,-0.3644,0.0,0.0,0.0,3469831.3173,3712103.6363,-4423745.1799,4119.445,3000.612,5758.4081,3469800.2414,3712081.4987,-4423801.6886,4119.491,3000.6606,5758.6999,0.0,0.0765,3.9732,0.0,0.0,1.0,0.0,1.0,0.0,0.0,1.172,-23.972,0.0,1.0,0.0,0.0,0.0,-1.0,0.1967587355112855,0.03001666203960727,-0.31342,0.8445572318563248,11.052880458729419,,
247.2552,62.622,-0.067,-0.179,58.649,-0.007,-0.171,-0.298,0.001,0.03,-0.298,0.001,0.03,0.041,0.122,-0.244,0.006,0.001,-0.005,-0.0,0.0,0.0,841.893,-0.0,0.0,-0.0,0.0,0.0,0.0,0.0,0.0,-0.677,0.7,-0.2276,0.7309,0.6757,-0.0961,0.0865,-0.2314,-0.969,0.676,0.226,-0.7014,-0.7316,0.0917,-0.6755,-0.0884,0.9698,0.2273,-0.0001,0.0,0.0001,0.0,0.0,0.0,-0.046,-0.0486,-0.2918,31.0663,22.1276,56.4483,0.0,0.0433,-0.3644,0.0,0.0,0.0,3470684.0266,3712724.7184,-4422552.9525,4118.5085,2999.6102,5759.6017,3470652.9602,3712702.5909,-4422609.4008,4118.5546,2999.6589,5759.8935,0.0,0.0765,3.9732,0.0,0.0,1.0,0.0,1.0,0.0,0.0,1.172,-23.972,0.0,1.0,0.0,0.0,0.0,-1.0,0.191128229207514,0.03001666203960727,-0.31311,0.8597969589163261,11.041948185925493,,
247.4603,62.561,-0.067,-0.173,58.587,-0.007,-0.164,-0.298,0.001,0.03,-0.298,0.001,0.03,0.042,0.122,-0.245,0.006,0.001,-0.005,-0.0,0.0,0.0,841.893,-0.0,0.0,-0.0,0.0,0.0,0.0,0.0,0.0,-0.677,0.6999,-0.2276,0.7309,0.6757,-0.0961,0.0865,-0.2314,-0.969,0.676,0.226,-0.7014,-0.7316,0.0917,-0.6755,-0.0884,0.9698,0.2273,-0.0001,0.0,0.0001,0.0,0.0,0.0,-0.046,-0.0486,-0.2918,31.0569,22.1176,56.3885,0.0,0.0433,-0.3644,0.0,0.0,0.0,3471528.2976,3713339.5887,-4421372.0156,4117.5809,2998.618,5760.7834,3471497.2407,3713317.4711,-4421428.4041,4117.6269,2998.6666,5761.0752,0.0,0.0765,3.9732,0.0,0.0,1.0,0.0,1.0,0.0,0.0,1.172,-23.972,0.0,1.0,0.0,0.0,0.0,-1.0,0.1855208883118017,0.03001666203960727,-0.312805,0.8588018936092371,11.031192240102277,,
247.6671,62.499,-0.067,-0.167,58.526,-0.007,-0.158,-0.298,0.001,0.03,-0.298,0.001,0.03,0.043,0.122,-0.247,0.006,0.001,-0.005,-0.0,0.0,0.0,841.893,-0.0,0.0,-0.0,0.0,0.0,0.0,0.0,0.0,-0.677,0.6999,-0.2276,0.7309,0.6757,-0.0961,0.0865,-0.2314,-0.969,0.676,0.226,-0.7014,-0.7316,0.0917,-0.6755,-0.0884,0.9698,0.2273,-0.0001,0.0,0.0001,0.0,0.0,0.0,-0.046,-0.0486,-0.2918,31.0474,22.1075,56.328,0.0,0.0433,-0.3644,0.0,0.0,0.0,3472381.7911,3713961.1099,-4420177.6595,4116.6427,2997.6144,5761.978,3472350.7437,3713939.0024,-4420233.9875,4116.6888,2997.6631,5762.2698,0.0,0.0765,3.9732,0.0,0.0,1.0,0.0,1.0,0.0,0.0,1.172,-23.972,0.0,1.0,0.0,0.0,0.0,-1.0,0.1799388785115657,0.03001666203960727,-0.312495,0.858893446180249,11.020259967298353,,
247.8697,62.439,-0.066,-0.16,58.465,-0.007,-0.152,-0.298,0.001,0.03,-0.298,0.001,0.03,0.045,0.123,-0.248,0.006,0.001,-0.005,-0.0,0.0,0.0,841.893,-0.0,0.0,-0.0,0.0,0.0,0.0,0.0,0.0,-0.677,0.6999,-0.2276,0.7309,0.6757,-0.0962,0.0865,-0.2315,-0.969,0.676,0.226,-0.7014,-0.7316,0.0917,-0.6755,-0.0884,0.9698,0.2273,-0.0001,0.0,0.0001,0.0,0.0,0.0,-0.046,-0.0486,-0.2918,31.038,22.0976,56.2686,0.0,0.0433,-0.3644,0.0,0.0,0.0,3473218.8696,3714570.6128,-4419005.7705,4115.7221,2996.6299,5763.1496,3473187.8316,3714548.5152,-4419062.0392,4115.7682,2996.6785,5763.4414,0.0,0.0765,3.9732,0.0,0.0,1.0,0.0,1.0,0.0,0.0,1.172,-23.972,0.0,1.0,0.0,0.0,0.0,-1.0,0.1730780170905595,0.03001666203960727,-0.312195,0.8444803303954828,11.009680348455845,,
248.0774,62.377,-0.066,-0.154,58.404,-0.007,-0.146,-0.298,0.001,0.03,-0.298,0.001,0.03,0.046,0.123,-0.249,0.006,0.001,-0.005,-0.0,0.0,0.0,841.893,-0.0,0.0,-0.0,0.0,0.0,0.0,0.0,0.0,-0.677,0.6999,-0.2276,0.7309,0.6757,-0.0962,0.0865,-0.2315,-0.969,0.676,0.226,-0.7014,-0.7316,0.0917,-0.6755,-0.0884,0.9698,0.2273,-0.0001,0.0,0.0001,0.0,0.0,0.0,-0.0461,-0.0487,-0.2918,31.0285,22.0876,56.2085,0.0,0.0433,-0.3644,0.0,0.0,0.0,3474066.5444,3715187.7663,-4417818.5349,4114.7895,2995.6324,5764.3359,3474035.5159,3715165.6788,-4417874.7434,4114.8355,2995.6811,5764.6278,0.0,0.0765,3.9732,0.0,0.0,1.0,0.0,1.0,0.0,0.0,1.172,-23.972,0.0,1.0,0.0,0.0,0.0,-1.0,0.167547008329006,0.03001666203960727,-0.311885,0.8445425259580505,10.99874807565192,,
248.282,62.316,-0.066,-0.148,58.343,-0.007,-0.14,-0.298,0.001,0.03,-0.298,0.001,0.03,0.047,0.123,-0.25,0.006,0.001,-0.005,-0.0,0.0,0.0,841.893,-0.0,0.0,-0.0,0.0,0.0,0.0,0.0,0.0,-0.677,0.6999,-0.2277,0.7309,0.6757,-0.0962,0.0865,-0.2315,-0.969,0.676,0.226,-0.7014,-0.7316,0.0917,-0.6755,-0.0884,0.9698,0.2273,-0.0001,0.0,0.0001,0.0,0.0,0.0,-0.0461,-0.0487,-0.2919,31.0191,22.0776,56.1487,0.0,0.0433,-0.3644,0.0,0.0,0.0,3474909.9536,3715801.7492,-4416636.7639,4113.861,2994.6396,5765.5163,3474878.9346,3715779.6716,-4416692.9126,4113.9071,2994.6883,5765.8081,0.0,0.0765,3.9732,0.0,0.0,1.0,0.0,1.0,0.0,0.0,1.172,-23.972,0.0,1.0,0.0,0.0,0.0,-1.0,0.1620493751916372,0.03001666203960727,-0.31158,0.8444261583583803,10.987992129828704,,
248.4841,62.256,-0.066,-0.142,58.282,-0.007,-0.133,-0.298,0.001,0.03,-0.298,0.001,0.03,0.048,0.123,-0.251,0.006,0.001,-0.005,-0.0,0.0,0.0,841.893,-0.0,0.0,-0.0,0.0,0.0,0.0,0.0,0.0,-0.677,0.6998,-0.2277,0.7308,0.6757,-0.0962,0.0865,-0.2315,-0.969,0.676,0.226,-0.7014,-0.7316,0.0917,-0.6755,-0.0884,0.9698,0.2273,-0.0001,0.0,0.0001,0.0,0.0,0.0,-0.0461,-0.0487,-0.2919,31.0097,22.0677,56.0895,0.0,0.0433,-0.3644,0.0,0.0,0.0,3475743.8348,3716408.7316,-4415467.845,4112.9427,2993.6576,5766.6832,3475712.8251,3716386.6639,-4415523.9345,4112.9888,2993.7063,5766.9751,0.0,0.0765,3.9732,0.0,0.0,1.0,0.0,1.0,0.0,0.0,1.172,-23.972,0.0,1.0,0.0,0.0,0.0,-1.0,0.15658863304850706,0.03001666203960727,-0.31128,0.8441064590741824,10.977412510986195,,
248.6878,62.195,-0.065,-0.136,58.222,-0.006,-0.127,-0.298,0.001,0.03,-0.298,0.001,0.03,0.05,0.123,-0.252,0.006,0.001,-0.005,-0.0,0.0,0.0,841.893,-0.0,0.0,-0.0,0.0,0.0,0.0,0.0,0.0,-0.6771,0.6998,-0.2277,0.7308,0.6758,-0.0962,0.0865,-0.2315,-0.969,0.676,0.226,-0.7014,-0.7316,0.0917,-0.6755,-0.0884,0.9698,0.2273,-0.0001,0.0,0.0001,0.0,0.0,0.0,-0.0461,-0.0487,-0.2919,31.0004,22.0578,56.0303,0.0,0.0433,-0.3644,0.0,0.0,0.0,3476578.7788,3717016.4242,-4414296.9365,4112.0227,2992.674,5767.8516,3476547.7784,3716994.3664,-4414352.9668,4112.0688,2992.7227,5768.1435,0.0,0.0765,3.9732,0.0,0.0,1.0,0.0,1.0,0.0,0.0,1.172,-23.972,0.0,1.0,0.0,0.0,0.0,-1.0,0.1507348665704123,0.03001666203960727,-0.310975,0.8453019406416982,10.96665656516298,,
248.8943,62.134,-0.065,-0.129,58.16,-0.006,-0.121,-0.298,0.001,0.03,-0.298,0.001,0.03,0.051,0.124,-0.253,0.006,0.001,-0.005,-0.0,0.0,0.0,841.893,-0.0,0.0,-0.0,0.0,0.0,0.0,0.0,0.0,-0.6771,0.6998,-0.2277,0.7308,0.6758,-0.0962,0.0865,-0.2315,-0.969,0.676,0.226,-0.7014,-0.7316,0.0917,-0.6755,-0.0884,0.9698,0.2273,-0.0001,0.0,0.0001,0.0,0.0,0.0,-0.0461,-0.0487,-0.2919,30.9909,22.0478,55.97,0.0,0.0433,-0.3644,0.0,0.0,0.0,3477427.9231,3717634.3865,-4413105.6032,4111.0867,2991.6732,5769.0398,3477396.9322,3717612.3387,-4413161.5732,4111.1328,2991.7219,5769.3317,0.0,0.0765,3.9732,0.0,0.0,1.0,0.0,1.0,0.0,0.0,1.172,-23.972,0.0,1.0,0.0,0.0,0.0,-1.0,0.1444506836259351,0.03001666203960727,-0.31067,0.8450045809300725,10.955900619339763,,
249.0988,62.073,-0.065,-0.123,58.099,-0.006,-0.115,-0.298,0.001,0.03,-0.298,0.001,0.03,0.052,0.124,-0.254,0.006,0.001,-0.005,-0.0,0.0,0.0,841.893,-0.0,0.0,-0.0,0.0,0.0,0.0,0.0,0.0,-0.6771,0.6998,-0.2277,0.7308,0.6758,-0.0962,0.0865,-0.2316,-0.969,0.676,0.226,-0.7014,-0.7316,0.0917,-0.6755,-0.0884,0.9698,0.2273,-0.0001,0.0,0.0001,0.0,0.0,0.0,-0.0461,-0.0487,-0.2919,30.9814,22.0378,55.9102,0.0,0.0433,-0.3644,0.0,0.0,0.0,3478269.3706,3718246.6825,-4411924.5568,4110.1587,2990.6812,5770.2172,3478238.3892,3718224.6448,-4411980.467,4110.2048,2990.7299,5770.5091,0.0,0.0765,3.9732,0.0,0.0,1.0,0.0,1.0,0.0,0.0,1.172,-23.972,0.0,1.0,0.0,0.0,0.0,-1.0,0.13911865439257237,0.03001666203960727,-0.310365,0.8450352406063406,10.945144673516547,,
249.3052,62.011,-0.065,-0.117,58.038,-0.006,-0.109,-0.298,0.001,0.028,-0.298,0.001,0.028,0.053,0.124,-0.255,0.006,0.001,-0.005,-0.0,0.0,0.0,841.882,-1.0,0.0,-0.0,0.0,0.0,0.0,0.0,0.0,-0.6771,0.6998,-0.2277,0.7308,0.6758,-0.0963,0.0865,-0.2316,-0.969,0.676,0.226,-0.7014,-0.7316,0.0917,-0.6755,-0.0884,0.9698,0.2273,-0.0001,0.0,0.0001,0.0,0.0,0.0,-0.048,-0.0467,-0.2917,30.9718,22.0278,55.8498,0.0,0.0433,-0.3644,0.0,0.0,0.0,3479120.5844,3718866.0193,-4410729.286,4109.2176,2989.6792,5771.4084,3479089.6125,3718843.9915,-4410785.1358,4109.2656,2989.7259,5771.7001,0.0,0.0765,3.9732,0.0,0.0,1.0,0.0,1.0,0.0,0.0,1.172,-23.972,0.0,1.0,0.0,0.0,0.0,-1.0,0.13384319183283103,0.0280178514522438,-0.310055,0.8453159981066425,10.934212400712623,,
249.5114,61.95,-0.064,-0.112,57.976,-0.006,-0.104,-0.298,0.001,0.021,-0.298,0.001,0.021,0.055,0.124,-0.257,0.006,0.001,-0.006,-0.0,0.0,0.0,841.855,-0.0,0.0,-0.0,0.0,0.0,0.0,0.0,0.0,-0.6771,0.6997,-0.2277,0.7308,0.6758,-0.0963,0.0865,-0.2316,-0.969,0.676,0.226,-0.7014,-0.7316,0.0917,-0.6755,-0.0884,0.9698,0.2273,-0.0001,0.0,0.0001,0.0,0.0,0.0,-0.0526,-0.0417,-0.2911,30.9614,22.0186,55.7897,0.0,0.0433,-0.3643,0.0,0.0,0.0,3479968.5588,3719482.9346,-4409538.045,4108.2769,2988.6837,5772.5955,3479937.5974,3719460.916,-4409593.8347,4108.3295,2988.7254,5772.8865,0.0,0.0765,3.9732,0.0,0.0,1.0,0.0,1.0,0.0,0.0,1.172,-23.972,0.0,1.0,0.0,0.0,0.0,-1.0,0.1289961239727768,0.02102379604162864,-0.30975,0.8307716012070352,10.923456454889406,,
249.7177,61.888,-0.064,-0.108,57.915,-0.006,-0.099,-0.298,0.001,0.021,-0.298,0.001,0.021,0.056,0.125,-0.258,0.006,0.001,-0.006,-0.0,0.0,0.0,841.855,-0.0,0.0,-0.0,0.0,0.0,0.0,0.0,0.0,-0.6771,0.6997,-0.2277,0.7307,0.6758,-0.0963,0.0865,-0.2316,-0.969,0.676,0.226,-0.7014,-0.7316,0.0917,-0.6755,-0.0884,0.9698,0.2273,-0.0001,0.0,0.0001,0.0,0.0,0.0,-0.0526,-0.0417,-0.2911,30.9506,22.01,55.7295,0.0,0.0433,-0.3643,0.0,0.0,0.0,3480817.1532,3720100.2355,-4408345.4171,4107.3397,2987.682,5773.7827,3480786.2026,3720078.2255,-4408401.1467,4107.3924,2987.7237,5774.0738,0.0,0.0765,3.9732,0.0,0.0,1.0,0.0,1.0,0.0,0.0,1.172,-23.972,0.0,1.0,0.0,0.0,0.0,-1.0,0.12553883861180173,0.02102379604162864,-0.30944,0.8316137880929046,10.91252418208548,,
249.9195,61.828,-0.064,-0.104,57.855,-0.005,-0.095,-0.298,0.001,0.021,-0.298,0.001,0.021,0.057,0.125,-0.259,0.006,0.001,-0.006,-0.0,0.0,0.0,841.855,-0.0,0.0,-0.0,0.0,0.0,0.0,0.0,0.0,-0.6772,0.6997,-0.2277,0.7307,0.6758,-0.0963,0.0865,-0.2316,-0.9689,0.676,0.226,-0.7014,-0.7316,0.0917,-0.6755,-0.0884,0.9698,0.2273,-0.0001,0.0,0.0001,0.0,0.0,0.0,-0.0527,-0.0417,-0.2911,30.94,22.0016,55.6712,0.0,0.0433,-0.3643,0.0,0.0,0.0,3481640.9763,3720699.4536,-4407187.1089,4106.4294,2986.7092,5774.9352,3481610.0364,3720677.4519,-4407242.7801,4106.4821,2986.751,5775.2263,0.0,0.0765,3.9732,0.0,0.0,1.0,0.0,1.0,0.0,0.0,1.172,-23.972,0.0,1.0,0.0,0.0,0.0,-1.0,0.12211470017978998,0.02102379604162864,-0.30914,0.8471142809202123,10.901944563242973,,
250.1205,61.768,-0.064,-0.1,57.795,-0.005,-0.091,-0.294,0.001,0.021,-0.294,0.001,0.021,0.058,0.125,-0.26,0.006,0.001,-0.006,-0.0,0.0,0.0,841.842,-0.0,0.0,1.0,0.0,0.0,0.0,0.0,0.0,-0.6772,0.6997,-0.2277,0.7307,0.6759,-0.0963,0.0865,-0.2317,-0.9689,0.676,0.226,-0.7014,-0.7316,0.0917,-0.6755,-0.0884,0.9698,0.2273,-0.0001,0.0,0.0001,0.0,0.0,0.0,-0.0516,-0.0413,-0.2868,30.9294,21.9932,55.6126,0.0,0.0433,-0.3643,0.0,0.0,0.0,3482470.4047,3721302.686,-4406020.4235,4105.5136,2985.7299,5776.0999,3482439.4753,3721280.6928,-4406076.0361,4105.5652,2985.7712,5776.3867,0.0,0.0765,3.9732,0.0,0.0,1.0,0.0,1.0,0.0,0.0,1.172,-23.972,0.0,1.0,0.0,0.0,0.0,-1.0,0.11872657663724664,0.02102379604162864,-0.30884,0.8472945529352331,10.891364944400465,,
250.3228,61.709,-0.064,-0.095,57.736,-0.005,-0.087,-0.29,0.001,0.021,-0.29,0.001,0.021,0.06,0.125,-0.261,0.006,0.001,-0.006,-0.0,0.0,0.0,841.83,-0.0,0.0,1.0,0.0,0.0,0.0,0.0,0.0,-0.6772,0.6997,-0.2278,0.7307,0.6759,-0.0963,0.0865,-0.2317,-0.9689,0.676,0.226,-0.7014,-0.7316,0.0917,-0.6755,-0.0884,0.9698,0.2273,-0.0001,0.0,0.0001,0.0,0.0,0.0,-0.0507,-0.0408,-0.2829,30.919,21.9849,55.555,0.0,0.0433,-0.3643,0.0,0.0,0.0,3483299.0127,3721905.2583,-4404854.399,4104.5982,2984.7511,5777.2629,3483268.0937,3721883.2734,-4404909.9541,4104.6488,2984.792,5777.5458,0.0,0.0765,3.9732,0.0,0.0,1.0,0.0,1.0,0.0,0.0,1.172,-23.972,0.0,1.0,0.0,0.0,0.0,-1.0,0.11454693361238441,0.02102379604162864,-0.308545,0.8467912531285997,10.880961652538666,,
250.5285,61.65,-0.063,-0.091,57.677,-0.005,-0.082,-0.283,0.001,0.021,-0.283,0.001,0.021,0.061,0.126,-0.262,0.006,0.001,-0.006,-0.0,0.0,0.0,841.811,-0.0,0.0,1.0,0.0,0.0,0.0,0.0,0.0,-0.6772,0.6996,-0.2278,0.7307,0.6759,-0.0964,0.0865,-0.2317,-0.9689,0.676,0.226,-0.7014,-0.7316,0.0917,-0.6755,-0.0884,0.9698,0.2273,-0.0001,0.0,0.0001,0.0,0.0,0.0,-0.0492,-0.0402,-0.2768,30.9087,21.9766,55.4973,0.0,0.0433,-0.3643,0.0,0.0,0.0,3484145.1762,3722520.5321,-4403663.1576,4103.6634,2983.7514,5778.4527,3484114.2675,3722498.5556,-4403718.6549,4103.7126,2983.7916,5778.7295,0.0,0.0765,3.9732,0.0,0.0,1.0,0.0,1.0,0.0,0.0,1.172,-23.972,0.0,1.0,0.0,0.0,0.0,-1.0,0.11067971810589328,0.02102379604162864,-0.30824999999999997,0.8333723626217736,10.870558360676865,,
250.7328,61.592,-0.063,-0.087,57.619,-0.005,-0.078,-0.279,0.001,0.021,-0.279,0.001,0.021,0.062,0.126,-0.263,0.006,0.001,-0.006,-0.0,0.0,0.0,841.8,-0.0,0.0,1.0,0.0,0.0,0.0,0.0,0.0,-0.6772,0.6996,-0.2278,0.7307,0.6759,-0.0964,0.0865,-0.2317,-0.9689,0.676,0.226,-0.7014,-0.7316,0.0917,-0.6755,-0.0884,0.9698,0.2273,-0.0001,0.0,0.0001,0.0,0.0,0.0,-0.0483,-0.0398,-0.2732,30.8987,21.9684,55.4408,0.0,0.0433,-0.3643,0.0,0.0,0.0,3484985.5121,3723131.5033,-4402479.6088,4102.7341,2982.758,5779.6318,3484954.6134,3723109.5349,-4402535.0497,4102.7824,2982.7978,5779.905,0.0,0.0765,3.9732,0.0,0.0,1.0,0.0,1.0,0.0,0.0,1.172,-23.972,0.0,1.0,0.0,0.0,0.0,-1.0,0.10741508273980893,0.02102379604162864,-0.30796,0.8336097511867547,10.860331395795775,,
250.9377,61.536,-0.063,-0.083,57.563,-0.005,-0.074,-0.275,0.001,0.021,-0.275,0.001,0.021,0.063,0.126,-0.265,0.006,0.001,-0.006,-0.0,0.0,0.0,841.787,-0.0,0.0,1.0,0.0,0.0,0.0,0.0,0.0,-0.6772,0.6996,-0.2278,0.7307,0.6759,-0.0964,0.0865,-0.2317,-0.9689,0.676,0.226,-0.7014,-0.7316,0.0917,-0.6755,-0.0884,0.9698,0.2273,-0.0001,0.0,0.0001,0.0,0.0,0.0,-0.0473,-0.0393,-0.269,30.889,21.9603,55.3858,0.0,0.0433,-0.3643,0.0,0.0,0.0,3485820.884,3723738.8002,-4401302.5496,4101.8099,2981.7701,5780.8044,3485789.9949,3723716.8399,-4401357.9353,4101.8572,2981.8094,5781.0734,0.0,0.0765,3.9732,0.0,0.0,1.0,0.0,1.0,0.0,0.0,1.172,-23.972,0.0,1.0,0.0,0.0,0.0,-1.0,0.10420172743289816,0.02102379604162864,-0.30768,0.8338641149071838,10.850457084876101,,
251.1387,61.482,-0.063,-0.079,57.508,-0.004,-0.07,-0.269,0.002,0.021,-0.269,0.001,0.021,0.065,0.127,-0.266,0.006,0.001,-0.006,-0.0,0.0,0.0,841.767,-0.0,0.0,-0.0,0.0,0.0,0.0,0.0,0.0,-0.6773,0.6996,-0.2278,0.7306,0.6759,-0.0964,0.0865,-0.2317,-0.9689,0.676,0.226,-0.7014,-0.7316,0.0917,-0.6755,-0.0884,0.9698,0.2273,-0.0001,0.0,0.0001,0.0,0.0,0.0,-0.0457,-0.0386,-0.2626,30.8797,21.9525,55.3325,0.0,0.0433,-0.3643,0.0,0.0,0.0,3486644.0894,3724337.19,-4400142.1359,4100.8994,2980.7965,5781.9622,3486613.2096,3724315.2375,-4400197.4684,4100.9451,2980.8351,5782.2248,0.0,0.0765,3.9732,0.0,0.0,1.0,0.0,1.0,0.0,0.0,1.172,-23.972,0.0,1.0,0.0,0.0,0.0,-1.0,0.10104454463255302,0.021095023109728987,-0.30741,0.8492327069740796,10.840935427917843,,
251.3433,61.427,-0.062,-0.074,57.453,-0.004,-0.066,-0.269,0.002,0.021,-0.269,0.001,0.021,0.066,0.127,-0.267,0.006,0.001,-0.006,-0.0,0.0,0.0,841.767,-0.0,0.0,-0.0,0.0,0.0,0.0,0.0,0.0,-0.6773,0.6996,-0.2278,0.7306,0.6759,-0.0964,0.0865,-0.2318,-0.9689,0.676,0.226,-0.7014,-0.7316,0.0917,-0.6755,-0.0884,0.9698,0.2273,-0.0001,0.0,0.0001,0.0,0.0,0.0,-0.0457,-0.0386,-0.2626,30.8704,21.9446,55.2788,0.0,0.0433,-0.3643,0.0,0.0,0.0,3487482.0549,3724946.2445,-4398960.4147,4099.9705,2979.8043,5783.1342,3487451.1845,3724924.2999,-4399015.6935,4100.0162,2979.8429,5783.3968,0.0,0.0765,3.9732,0.0,0.0,1.0,0.0,1.0,0.0,0.0,1.172,-23.972,0.0,1.0,0.0,0.0,0.0,-1.0,0.09654014708917735,0.021095023109728987,-0.307135,0.8341041794244697,10.831237443978878,,
251.5476,61.372,-0.062,-0.07,57.398,-0.004,-0.061,-0.269,0.002,0.021,-0.269,0.001,0.021,0.067,0.127,-0.268,0.006,0.001,-0.006,-0.0,0.0,0.0,841.767,-0.0,0.0,-0.0,0.0,0.0,0.0,0.0,0.0,-0.6773,0.6995,-0.2278,0.7306,0.676,-0.0965,0.0865,-0.2318,-0.9689,0.676,0.226,-0.7014,-0.7316,0.0917,-0.6755,-0.0884,0.9698,0.2273,-0.0001,0.0,0.0001,0.0,0.0,0.0,-0.0457,-0.0386,-0.2626,30.861,21.9367,55.2252,0.0,0.0433,-0.3643,0.0,0.0,0.0,3488319.3177,3725554.7235,-4397779.1773,4099.0419,2978.8125,5784.3052,3488288.4567,3725532.7868,-4397834.4025,4099.0876,2978.8512,5784.5678,0.0,0.0765,3.9732,0.0,0.0,1.0,0.0,1.0,0.0,0.0,1.172,-23.972,0.0,1.0,0.0,0.0,0.0,-1.0,0.09350935782048768,0.021095023109728987,-0.30686,0.8355347733904215,10.821539460039913,,
251.7513,61.317,-0.062,-0.066,57.344,-0.004,-0.057,-0.269,0.001,0.021,-0.269,0.001,0.021,0.069,0.127,-0.27,0.006,0.001,-0.006,-0.0,0.0,0.0,841.767,-0.0,0.0,-0.0,0.0,0.0,0.0,0.0,0.0,-0.6773,0.6995,-0.2278,0.7306,0.676,-0.0965,0.0865,-0.2318,-0.9689,0.676,0.226,-0.7014,-0.7316,0.0917,-0.6755,-0.0884,0.9698,0.2273,-0.0001,0.0,0.0001,0.0,0.0,0.0,-0.0457,-0.0387,-0.2626,30.8517,21.9288,55.1718,0.0,0.0433,-0.3643,0.0,0.0,0.0,3489151.898,3726159.7351,-4396604.0449,4098.1181,2977.8259,5785.4695,3489121.0462,3726137.8063,-4396659.2168,4098.1638,2977.8646,5785.7321,0.0,0.0765,3.9732,0.0,0.0,1.0,0.0,1.0,0.0,0.0,1.172,-23.972,0.0,1.0,0.0,0.0,0.0,-1.0,0.09055385138137417,0.02102379604162864,-0.306585,0.8360740147612477,10.811841476100946,,
251.9575,61.262,-0.061,-0.062,57.288,-0.004,-0.053,-0.269,0.001,0.021,-0.269,0.001,0.021,0.07,0.128,-0.271,0.006,0.001,-0.006,-0.0,0.0,0.0,841.767,-0.0,0.0,-0.0,0.0,0.0,0.0,0.0,0.0,-0.6773,0.6995,-0.2279,0.7306,0.676,-0.0965,0.0865,-0.2318,-0.9689,0.676,0.226,-0.7014,-0.7316,0.0917,-0.6755,-0.0884,0.9698,0.2273,-0.0001,0.0,0.0001,0.0,0.0,0.0,-0.0457,-0.0387,-0.2626,30.8423,21.9208,55.1176,0.0,0.0433,-0.3643,0.0,0.0,0.0,3489998.3792,3726774.7824,-4395408.7781,4097.1785,2976.8225,5786.6533,3489967.5368,3726752.8616,-4395463.8957,4097.2242,2976.8611,5786.9159,0.0,0.0765,3.9732,0.0,0.0,1.0,0.0,1.0,0.0,0.0,1.172,-23.972,0.0,1.0,0.0,0.0,0.0,-1.0,0.08697700845625814,0.02102379604162864,-0.30631,0.8218572452047572,10.802143492161981,,
252.1585,61.207,-0.061,-0.058,57.234,-0.003,-0.049,-0.269,0.001,0.015,-0.269,0.001,0.015,0.071,0.128,-0.272,0.006,0.002,-0.006,-0.0,0.0,0.0,841.744,-1.0,0.0,-0.0,0.0,0.0,0.0,0.0,0.0,-0.6773,0.6995,-0.2279,0.7306,0.676,-0.0965,0.0865,-0.2318,-0.9689,0.676,0.226,-0.7014,-0.7316,0.0917,-0.6755,-0.0884,0.9698,0.2273,-0.0001,0.0,0.0001,0.0,0.0,0.0,-0.0497,-0.0344,-0.2622,30.8327,21.9134,55.0644,0.0,0.0433,-0.3643,0.0,0.0,0.0,3490828.5638,3727377.9254,-4394236.0156,4096.2525,2975.8422,5787.8147,3490797.731,3727356.012,-4394291.08,4096.3022,2975.8766,5788.0768,0.0,0.0765,3.9732,0.0,0.0,1.0,0.0,1.0,0.0,0.0,1.172,-23.972,0.0,1.0,0.0,0.0,0.0,-1.0,0.08417244204607587,0.015033296378372907,-0.306035,0.8377175414215129,10.792445508223016,,
252.3623,61.153,-0.061,-0.056,57.179,-0.003,-0.047,-0.269,0.001,0.008,-0.269,0.001,0.008,0.072,0.128,-0.273,0.006,0.002,-0.006,-0.0,0.0,0.0,841.717,-1.0,0.0,-0.0,0.0,0.0,0.0,0.0,0.0,-0.6774,0.6995,-0.2279,0.7305,0.676,-0.0965,0.0865,-0.2319,-0.9689,0.676,0.226,-0.7014,-0.7316,0.0917,-0.6755,-0.0884,0.9698,0.2273,-0.0001,0.0,0.0001,0.0,0.0,0.0,-0.0543,-0.0295,-0.2616,30.8221,21.9068,55.0111,0.0,0.0433,-0.3643,0.0,0.0,0.0,3491662.9445,3727984.0538,-4393056.8244,4095.3208,2974.8573,5788.982,3491632.1224,3727962.147,-4393111.8354,4095.3751,2974.8868,5789.2436,0.0,0.0765,3.9732,0.0,0.0,1.0,0.0,1.0,0.0,0.0,1.172,-23.972,0.0,1.0,0.0,0.0,0.0,-1.0,0.08280700453464067,0.00806225774829855,-0.305765,0.8376885684377933,10.782923851264758,,
252.5636,61.099,-0.06,-0.055,57.125,-0.003,-0.046,-0.269,0.001,0.005,-0.269,0.001,0.005,0.074,0.129,-0.275,0.006,0.002,-0.006,-0.0,0.0,0.0,841.704,-0.0,0.0,-0.0,0.0,0.0,0.0,0.0,0.0,-0.6774,0.6994,-0.2279,0.7305,0.676,-0.0965,0.0865,-0.2319,-0.9689,0.676,0.226,-0.7014,-0.7316,0.0917,-0.6755,-0.0884,0.9698,0.2273,-0.0001,0.0,0.0001,0.0,0.0,0.0,-0.0565,-0.0271,-0.2613,30.8109,21.9013,54.9588,0.0,0.0433,-0.3643,0.0,0.0,0.0,3492482.431,3728579.3016,-4391898.1865,4094.4077,2973.8871,5790.1281,3492451.6201,3728557.4003,-4391953.1453,4094.4642,2973.9142,5790.3894,0.0,0.0765,3.9732,0.0,0.0,1.0,0.0,1.0,0.0,0.0,1.172,-23.972,0.0,1.0,0.0,0.0,0.0,-1.0,0.08139410298049853,0.005099019513592785,-0.30549499999999996,0.8234422058845846,10.7734021943065,,
252.7645,61.045,-0.06,-0.054,57.071,-0.003,-0.045,-0.269,0.001,0.005,-0.269,0.001,0.005,0.075,0.129,-0.276,0.006,0.002,-0.006,-0.0,0.0,0.0,841.704,-0.0,0.0,-0.0,0.0,0.0,0.0,0.0,0.0,-0.6774,0.6994,-0.2279,0.7305,0.676,-0.0966,0.0865,-0.2319,-0.9689,0.676,0.226,-0.7014,-0.7316,0.0917,-0.6755,-0.0884,0.9698,0.2273,-0.0001,0.0,0.0001,0.0,0.0,0.0,-0.0565,-0.0271,-0.2613,30.7995,21.8958,54.906,0.0,0.0433,-0.3643,0.0,0.0,0.0,3493309.908,3729180.2904,-4390727.7577,4093.4874,2972.9046,5791.2851,3493279.1085,3729158.3945,-4390782.6637,4093.5439,2972.9317,5791.5464,0.0,0.0765,3.9732,0.0,0.0,1.0,0.0,1.0,0.0,0.0,1.172,-23.972,0.0,1.0,0.0,0.0,0.0,-1.0,0.08072174428244226,0.005099019513592785,-0.305225,0.8235352568747932,10.763880537348244,,
252.9703,60.99,-0.06,-0.053,57.017,-0.003,-0.044,-0.269,0.001,0.005,-0.269,0.001,0.005,0.076,0.129,-0.277,0.006,0.002,-0.006,-0.0,0.0,0.0,841.704,-0.0,0.0,-0.0,0.0,0.0,0.0,0.0,0.0,-0.6774,0.6994,-0.2279,0.7305,0.6761,-0.0966,0.0865,-0.2319,-0.9689,0.676,0.226,-0.7014,-0.7316,0.0917,-0.6755,-0.0884,0.9698,0.2273,-0.0001,0.0,0.0001,0.0,0.0,0.0,-0.0565,-0.0271,-0.2613,30.788,21.8903,54.853,0.0,0.0433,-0.3643,0.0,0.0,0.0,3494139.7021,3729782.8981,-4389553.553,4092.5641,2971.919,5792.4453,3494108.9142,3729761.0078,-4389608.406,4092.6206,2971.9462,5792.7066,0.0,0.0765,3.9732,0.0,0.0,1.0,0.0,1.0,0.0,0.0,1.172,-23.972,0.0,1.0,0.0,0.0,0.0,-1.0,0.08005623023850174,0.005099019513592785,-0.30495,0.8238385764223165,10.75418255340928,,
253.1761,60.934,-0.06,-0.052,56.961,-0.002,-0.043,-0.269,0.001,0.005,-0.269,0.001,0.005,0.078,0.13,-0.278,0.006,0.002,-0.006,-0.0,0.0,0.0,841.704,-0.0,0.0,-0.0,0.0,0.0,0.0,0.0,0.0,-0.6774,0.6994,-0.2279,0.7305,0.6761,-0.0966,0.0865,-0.2319,-0.9689,0.676,0.226,-0.7014,-0.7316,0.0917,-0.6755,-0.0884,0.9698,0.2273,-0.0001,0.0,0.0001,0.0,0.0,0.0,-0.0565,-0.0271,-0.2613,30.7762,21.8847,54.7986,0.0,0.0433,-0.3643,0.0,0.0,0.0,3494990.793,3730400.9054,-4388348.6926,4091.6167,2970.9078,5793.6352,3494960.0167,3730379.0208,-4388403.4913,4091.6732,2970.9349,5793.8965,0.0,0.0765,3.9732,0.0,0.0,1.0,0.0,1.0,0.0,0.0,1.172,-23.972,0.0,1.0,0.0,0.0,0.0,-1.0,0.07939773296511683,0.005099019513592785,-0.30467,0.8392117367509926,10.744308242489604,,
253.3781,60.881,-0.059,-0.051,56.907,-0.002,-0.042,-0.269,0.001,0.005,-0.269,0.001,0.005,0.079,0.13,-0.28,0.006,0.002,-0.006,-0.0,0.0,0.0,841.704,-0.0,0.0,-0.0,0.0,0.0,0.0,0.0,0.0,-0.6775,0.6994,-0.2279,0.7305,0.6761,-0.0966,0.0865,-0.232,-0.9689,0.676,0.226,-0.7014,-0.7316,0.0917,-0.6755,-0.0884,0.9698,0.2273,-0.0001,0.0,0.0001,0.0,0.0,0.0,-0.0565,-0.0271,-0.2613,30.765,21.8792,54.7464,0.0,0.0433,-0.3643,0.0,0.0,0.0,3495808.9448,3730994.9312,-4387189.9661,4090.7055,2969.9352,5794.779,3495778.1799,3730973.052,-4387244.7125,4090.762,2969.9624,5795.0403,0.0,0.0765,3.9732,0.0,0.0,1.0,0.0,1.0,0.0,0.0,1.172,-23.972,0.0,1.0,0.0,0.0,0.0,-1.0,0.07798717843338095,0.005099019513592785,-0.304405,0.8247644345034815,10.734962912512056,,
253.587,60.824,-0.059,-0.05,56.851,-0.002,-0.041,-0.269,0.001,0.005,-0.269,0.001,0.005,0.08,0.131,-0.281,0.006,0.002,-0.006,-0.0,0.0,0.0,841.704,-0.0,0.0,-0.0,0.0,0.0,0.0,0.0,0.0,-0.6775,0.6993,-0.2279,0.7304,0.6761,-0.0966,0.0865,-0.232,-0.9689,0.676,0.226,-0.7014,-0.7316,0.0917,-0.6755,-0.0884,0.9698,0.2273,-0.0001,0.0,0.0001,0.0,0.0,0.0,-0.0566,-0.0271,-0.2614,30.7531,21.8735,54.6917,0.0,0.0433,-0.3643,0.0,0.0,0.0,3496665.3688,3731616.678,-4385976.5156,4089.7512,2968.9168,5795.9762,3496634.6157,3731594.8044,-4386031.2072,4089.8078,2968.944,5796.2376,0.0,0.0765,3.9732,0.0,0.0,1.0,0.0,1.0,0.0,0.0,1.172,-23.972,0.0,1.0,0.0,0.0,0.0,-1.0,0.07733692520394123,0.005099019513592785,-0.30412,0.8250718199700771,10.724912274611674,,
253.7873,60.77,-0.059,-0.049,56.797,-0.002,-0.04,-0.269,0.001,0.005,-0.269,0.001,0.005,0.082,0.131,-0.282,0.006,0.002,-0.006,-0.0,0.0,0.0,841.704,-0.0,0.0,-0.0,0.134,0.0,0.0,0.0,0.0,-0.6775,0.6993,-0.228,0.7304,0.6761,-0.0967,0.0865,-0.232,-0.9689,0.676,0.226,-0.7014,-0.7316,0.0917,-0.6755,-0.0884,0.9698,0.2273,-0.0001,0.0,0.0001,0.0,0.0,0.0,-0.0566,-0.0272,-0.2614,30.7418,21.8681,54.6392,0.0,0.0433,-0.3643,0.0,0.0,0.0,3497486.5102,3732212.7464,-4384812.5535,4088.8359,2967.94,5797.1241,3497455.7685,3732190.8783,-4384867.1927,4088.8924,2967.9672,5797.3855,0.0,0.0765,3.9732,0.0,0.0,1.0,0.0,1.0,0.0,0.0,1.172,-23.972,0.0,1.0,0.0,0.0,0.0,-1.0,0.07669419795525605,0.005099019513592785,-0.30385,0.8251714606457571,10.715390617653417,,
253.9922,60.715,-0.058,-0.048,56.741,-0.001,-0.039,-0.269,0.002,0.005,-0.269,0.004,0.005,0.083,0.131,-0.279,0.006,0.002,0.041,0.001,0.0,0.0,841.661,-0.0,0.0,-0.0,1.0,0.0,0.0,0.0,0.0,-0.6775,0.6993,-0.2279,0.7304,0.6761,-0.0966,0.0865,-0.2319,-0.9689,0.676,0.226,-0.7014,-0.7316,0.0917,-0.6755,-0.0884,0.9698,0.2273,0.0007,0.0,0.0001,0.0,0.0,0.0,-0.0566,-0.0271,-0.2614,30.7301,21.8625,54.5852,0.0,0.0433,-0.3643,0.0,0.0,0.0,3498331.0812,3732825.757,-4383614.8676,4087.8939,2966.9349,5798.3047,3498300.3511,3732803.8945,-4383669.4527,4087.9505,2966.9621,5798.5661,0.0,0.0765,3.9732,0.0,0.0,1.0,0.0,1.0,0.0,0.0,1.172,-23.972,0.0,1.0,0.0,0.0,0.0,-1.0,0.07528612089887485,0.005385164807134504,-0.30357500000000004,0.8260084793587957,10.705692633714452,,
254.1975,60.66,-0.058,-0.047,56.686,0.0,-0.038,-0.269,0.002,0.005,-0.269,0.008,0.005,0.084,0.132,-0.265,0.006,0.002,0.089,0.002,0.0,0.0,841.617,-0.0,0.0,-0.0,1.0,0.0,0.0,0.0,0.0,-0.6775,0.6994,-0.2277,0.7304,0.6762,-0.0965,0.0865,-0.2317,-0.9689,0.676,0.226,-0.7014,-0.7316,0.0917,-0.6755,-0.0884,0.9698,0.2273,0.0016,0.0,0.0001,0.0,0.0,0.0,-0.0566,-0.0271,-0.2614,30.7185,21.857,54.5314,0.0,0.0433,-0.3643,0.0,0.0,0.0,3499171.3793,3733435.6003,-4382422.7256,4086.9563,2965.9346,5799.4793,3499140.6608,3733413.7433,-4382477.257,4087.0129,2965.9617,5799.7407,0.0,0.0765,3.9732,0.0,0.0,1.0,0.0,1.0,0.0,0.0,1.172,-23.972,0.0,1.0,0.0,0.0,0.0,-1.0,0.07465252842335617,0.005385164807134504,-0.30329999999999996,0.841381088782795,10.695994649775486,,
254.4005,60.605,-0.058,-0.046,56.632,0.002,-0.037,-0.269,0.002,0.005,-0.269,0.012,0.005,0.085,0.132,-0.243,0.006,0.002,0.135,0.002,0.0,0.0,841.575,-0.0,0.0,-0.0,1.0,0.0,0.0,0.0,0.0,-0.6775,0.6994,-0.2275,0.7304,0.6762,-0.0962,0.0865,-0.2313,-0.969,0.676,0.226,-0.7014,-0.7316,0.0917,-0.6755,-0.0884,0.9698,0.2273,0.0024,0.0,0.0001,0.0,0.0,0.0,-0.0567,-0.0271,-0.2614,30.7071,21.8515,54.4783,0.0,0.0433,-0.3643,0.0,0.0,0.0,3500001.409,3734037.9269,-4381244.6441,4086.0297,2964.946,5800.6394,3499970.7019,3734016.0754,-4381299.1223,4086.0864,2964.9731,5800.9008,0.0,0.0765,3.9732,0.0,0.0,1.0,0.0,1.0,0.0,0.0,1.172,-23.972,0.0,1.0,0.0,0.0,0.0,-1.0,0.07402702209328699,0.005385164807134504,-0.303025,0.8722518353290715,10.686296665836519,,
254.6025,60.551,-0.057,-0.045,56.577,0.005,-0.036,-0.269,0.003,0.005,-0.269,0.015,0.005,0.087,0.133,-0.211,0.006,0.002,0.183,0.003,0.0,0.0,841.532,-0.0,0.0,-0.0,1.0,0.0,0.0,0.0,0.0,-0.6776,0.6995,-0.2271,0.7304,0.6763,-0.0958,0.0865,-0.2308,-0.9692,0.676,0.226,-0.7014,-0.7316,0.0917,-0.6755,-0.0884,0.9698,0.2273,0.0032,0.0,0.0001,0.0,0.0,0.0,-0.0567,-0.0271,-0.2614,30.6958,21.8462,54.4255,0.0,0.0433,-0.3643,0.0,0.0,0.0,3500824.7239,3734635.3173,-4380075.5968,4085.1102,2963.9651,5801.7902,3500794.0281,3734613.4711,-4380130.0224,4085.1669,2963.9922,5802.0516,0.0,0.0765,3.9732,0.0,0.0,1.0,0.0,1.0,0.0,0.0,1.172,-23.972,0.0,1.0,0.0,0.0,0.0,-1.0,0.07262231062146123,0.0058309518948453,-0.302755,0.9036413770966816,10.676775008878263,,
254.8028,60.497,-0.057,-0.044,56.524,0.008,-0.035,-0.269,0.002,0.005,-0.269,0.015,0.005,0.088,0.133,-0.173,0.006,0.002,0.173,0.003,0.0,0.0,841.474,-0.0,0.0,-0.0,0.0,0.0,0.0,0.0,0.0,-0.6776,0.6997,-0.2266,0.7304,0.6764,-0.0954,0.0865,-0.2301,-0.9693,0.676,0.226,-0.7014,-0.7316,0.0917,-0.6755,-0.0884,0.9698,0.2273,0.003,0.0,0.0001,0.0,0.0,0.0,-0.0567,-0.0271,-0.2614,30.6846,21.841,54.3731,0.0,0.0433,-0.3643,0.0,0.0,0.0,3501642.436,3735228.5797,-4378914.0163,4084.1965,2962.9905,5802.933,3501611.7514,3735206.7387,-4378968.3894,4084.2532,2963.0175,5803.1944,0.0,0.0765,3.9732,0.0,0.0,1.0,0.0,1.0,0.0,0.0,1.172,-23.972,0.0,1.0,0.0,0.0,0.0,-1.0,0.07200694410957877,0.005385164807134504,-0.302485,0.9498384332266201,10.667253351920005,,
255.0048,60.443,-0.056,-0.043,56.469,0.011,-0.034,-0.269,0.002,0.005,-0.269,0.011,0.005,0.089,0.133,-0.142,0.006,0.002,0.127,0.002,0.0,0.0,841.409,-0.0,0.0,-0.0,0.0,0.0,0.0,0.0,0.0,-0.6776,0.6998,-0.2262,0.7303,0.6764,-0.095,0.0865,-0.2296,-0.9694,0.676,0.226,-0.7014,-0.7316,0.0917,-0.6755,-0.0884,0.9698,0.2273,0.0022,0.0,0.0001,0.0,0.0,0.0,-0.0567,-0.0271,-0.2614,30.6733,21.8356,54.3203,0.0,0.0433,-0.3642,0.0,0.0,0.0,3502466.7672,3735826.581,-4377742.5388,4083.275,2962.0075,5804.0851,3502436.0939,3735804.7454,-4377796.8591,4083.3318,2962.0346,5804.3465,0.0,0.0765,3.9732,0.0,0.0,1.0,0.0,1.0,0.0,0.0,1.172,-23.972,0.0,1.0,0.0,0.0,0.0,-1.0,0.0706045324324154,0.005385164807134504,-0.302215,0.9812354585330857,10.657731694961749,,
255.2056,60.389,-0.056,-0.042,56.415,0.012,-0.033,-0.269,0.002,0.005,-0.269,0.007,0.005,0.09,0.134,-0.122,0.006,0.002,0.078,0.001,0.0,0.0,841.341,-0.0,0.0,-0.0,0.0,0.0,0.0,0.0,0.0,-0.6776,0.6999,-0.226,0.7303,0.6765,-0.0948,0.0865,-0.2293,-0.9695,0.676,0.226,-0.7014,-0.7316,0.0917,-0.6755,-0.0884,0.9698,0.2273,0.0014,0.0,0.0001,0.0,0.0,0.0,-0.0567,-0.0271,-0.2614,30.662,21.8303,54.2678,0.0,0.0433,-0.3642,0.0,0.0,0.0,3503284.705,3736419.8819,-4376579.6534,4082.3603,2961.0319,5805.2282,3503254.043,3736398.0516,-4376633.9212,4082.417,2961.0589,5805.4896,0.0,0.0765,3.9732,0.0,0.0,1.0,0.0,1.0,0.0,0.0,1.172,-23.972,0.0,1.0,0.0,0.0,0.0,-1.0,0.07,0.005385164807134504,-0.301945,0.9966315096653754,10.648210038003493,,
255.4118,60.333,-0.055,-0.041,56.36,0.013,-0.032,-0.269,0.002,0.005,-0.269,0.004,0.005,0.091,0.134,-0.11,0.006,0.002,0.03,0.001,0.0,0.0,841.274,-0.0,0.0,-0.0,0.0,0.0,0.0,0.0,0.0,-0.6776,0.6999,-0.2258,0.7303,0.6765,-0.0947,0.0865,-0.2291,-0.9696,0.676,0.226,-0.7014,-0.7316,0.0917,-0.6755,-0.0884,0.9698,0.2273,0.0005,0.0,0.0001,0.0,0.0,0.0,-0.0567,-0.0271,-0.2614,30.6503,21.8247,54.2136,0.0,0.0433,-0.3642,0.0,0.0,0.0,3504131.2383,3737033.8588,-4375375.5982,4081.4131,2960.0217,5806.4112,3504100.588,3737012.034,-4375429.8118,4081.4698,2960.0488,5806.6726,0.0,0.0765,3.9732,0.0,0.0,1.0,0.0,1.0,0.0,0.0,1.172,-23.972,0.0,1.0,0.0,0.0,0.0,-1.0,0.06860029154456998,0.005385164807134504,-0.301665,0.9979355164381684,10.638335727083817,,
255.6134,60.279,-0.055,-0.04,56.305,0.014,-0.031,-0.269,0.001,0.005,-0.269,0.002,0.005,0.092,0.135,-0.108,0.005,0.002,0.014,0.0,0.0,0.0,841.236,-0.0,0.0,-0.0,0.409,0.0,0.0,0.0,0.0,-0.6776,0.6999,-0.2258,0.7303,0.6765,-0.0947,0.0865,-0.229,-0.9696,0.676,0.226,-0.7014,-0.7316,0.0917,-0.6755,-0.0884,0.9698,0.2273,0.0003,0.0,0.0001,0.0,0.0,0.0,-0.0568,-0.0271,-0.2615,30.6389,21.8193,54.1607,0.0,0.0433,-0.3642,0.0,0.0,0.0,3504956.4644,3737632.3173,-4374201.3442,4080.4893,2959.0366,5807.5643,3504925.8256,3737610.498,-4374255.5049,4080.5461,2959.0637,5807.8258,0.0,0.0765,3.9732,0.0,0.0,1.0,0.0,1.0,0.0,0.0,1.172,-23.972,0.0,1.0,0.0,0.0,0.0,-1.0,0.06800735254367722,0.005099019513592785,-0.301395,1.013086589222708,10.62881407012556,,
255.8192,60.224,-0.055,-0.039,56.25,0.015,-0.03,-0.269,0.002,0.005,-0.269,0.006,0.005,0.094,0.135,-0.1,0.005,0.002,0.062,0.001,0.0,0.0,841.192,-0.0,0.0,-0.0,1.0,0.0,0.0,0.0,0.0,-0.6776,0.6999,-0.2257,0.7303,0.6766,-0.0946,0.0865,-0.2289,-0.9696,0.676,0.226,-0.7014,-0.7316,0.0917,-0.6755,-0.0884,0.9698,0.2273,0.0011,0.0,0.0001,0.0,0.0,0.0,-0.0568,-0.0271,-0.2615,30.6273,21.8137,54.1072,0.0,0.0433,-0.3642,0.0,0.0,0.0,3505790.756,3738237.2852,-4373013.6842,4079.5549,2958.0403,5808.7301,3505760.1287,3738215.4714,-4373067.7915,4079.6117,2958.0673,5808.9916,0.0,0.0765,3.9732,0.0,0.0,1.0,0.0,1.0,0.0,0.0,1.172,-23.972,0.0,1.0,0.0,0.0,0.0,-1.0,0.06742403132415029,0.005385164807134504,-0.30112,1.0284885457447226,10.619116086186594,,
256.0251,60.168,-0.054,-0.038,56.195,0.016,-0.029,-0.269,0.002,0.005,-0.269,0.01,0.005,0.095,0.136,-0.082,0.005,0.002,0.109,0.002,0.0,0.0,841.149,-0.0,0.0,-0.0,1.0,0.0,0.0,0.0,0.0,-0.6777,0.7,-0.2255,0.7303,0.6766,-0.0944,0.0865,-0.2286,-0.9697,0.676,0.226,-0.7014,-0.7316,0.0917,-0.6755,-0.0884,0.9698,0.2273,0.0019,0.0,0.0001,0.0,0.0,0.0,-0.0568,-0.027,-0.2615,30.6157,21.8082,54.0533,0.0,0.0433,-0.3642,0.0,0.0,0.0,3506631.1514,3738846.6136,-4371816.8166,4078.6133,2957.0363,5809.9044,3506600.5357,3738824.8053,-4371870.8699,4078.6701,2957.0633,5810.1658,0.0,0.0765,3.9732,0.0,0.0,1.0,0.0,1.0,0.0,0.0,1.172,-23.972,0.0,1.0,0.0,0.0,0.0,-1.0,0.0660302960768767,0.005385164807134504,-0.30084,1.0298053151545372,10.60924177526692,,
256.227,60.114,-0.054,-0.037,56.14,0.019,-0.028,-0.269,0.002,0.004,-0.269,0.013,0.005,0.096,0.136,-0.055,0.005,0.002,0.157,0.003,0.0,0.0,841.106,-0.0,0.0,-0.0,1.0,0.0,0.0,0.0,0.0,-0.6777,0.7001,-0.2251,0.7303,0.6767,-0.0941,0.0865,-0.2281,-0.9698,0.676,0.226,-0.7014,-0.7316,0.0917,-0.6755,-0.0884,0.9698,0.2273,0.0027,0.0,0.0001,0.0,0.0,0.0,-0.0569,-0.027,-0.2615,30.6042,21.8029,54.0002,0.0,0.0433,-0.3642,0.0,0.0,0.0,3507458.8347,3739446.6601,-4370637.5485,4077.6854,2956.0471,5811.0608,3507428.2305,3739424.8572,-4370691.5487,4077.7423,2956.0741,5811.3223,0.0,0.0765,3.9732,0.0,0.0,1.0,0.0,1.0,0.0,0.0,1.172,-23.972,0.0,1.0,0.0,0.0,0.0,-1.0,0.06545991139621257,0.004472135954999579,-0.30057,1.0755580459191671,10.599720118308664,,
256.429,60.059,-0.053,-0.037,56.086,0.021,-0.027,-0.269,0.002,0.004,-0.269,0.012,0.005,0.097,0.136,-0.023,0.005,0.002,0.144,0.003,0.0,0.0,841.049,-0.0,0.0,-0.0,0.0,0.0,0.0,0.0,0.0,-0.6777,0.7002,-0.2247,0.7302,0.6767,-0.0937,0.0865,-0.2276,-0.9699,0.676,0.226,-0.7014,-0.7316,0.0917,-0.6755,-0.0884,0.9698,0.2273,0.0025,0.0,0.0001,0.0,0.0,0.0,-0.0569,-0.027,-0.2615,30.5929,21.7976,53.9475,0.0,0.0433,-0.3642,0.0,0.0,0.0,3508279.5039,3740041.5582,-4369467.7769,4076.765,2955.0659,5812.2074,3508248.9109,3740019.7606,-4369521.7244,4076.8219,2955.0929,5812.4689,0.0,0.0765,3.9732,0.0,0.0,1.0,0.0,1.0,0.0,0.0,1.172,-23.972,0.0,1.0,0.0,0.0,0.0,-1.0,0.06463745044476925,0.004472135954999579,-0.300295,1.0936607822987057,10.590022134369697,,
256.6315,60.005,-0.053,-0.036,56.032,0.024,-0.026,-0.269,0.002,0.004,-0.269,0.008,0.005,0.098,0.137,0.002,0.005,0.002,0.095,0.002,0.0,0.0,840.98,-0.0,0.0,-0.0,0.0,0.0,0.0,0.0,0.0,-0.6777,0.7003,-0.2244,0.7302,0.6768,-0.0934,0.0865,-0.2272,-0.97,0.676,0.226,-0.7014,-0.7316,0.0917,-0.6755,-0.0884,0.9698,0.2273,0.0017,0.0,0.0001,0.0,0.0,0.0,-0.0569,-0.027,-0.2615,30.5815,21.7922,53.8942,0.0,0.0433,-0.3641,0.0,0.0,0.0,3509109.6445,3740643.2575,-4368284.0023,4075.8336,2954.0729,5813.3672,3509079.063,3740621.4653,-4368337.8965,4075.8905,2954.0999,5813.6287,0.0,0.0765,3.9732,0.0,0.0,1.0,0.0,1.0,0.0,0.0,1.172,-23.972,0.0,1.0,0.0,0.0,0.0,-1.0,0.06407027391856539,0.004472135954999579,-0.300025,1.1396541467711974,10.58050047741144,,
256.833,59.951,-0.053,-0.035,55.977,0.025,-0.025,-0.269,0.002,0.004,-0.269,0.005,0.005,0.099,0.137,0.016,0.005,0.002,0.047,0.001,0.0,0.0,840.912,-0.0,0.0,-0.0,0.0,0.0,0.0,0.0,0.0,-0.6777,0.7003,-0.2242,0.7302,0.6768,-0.0932,0.0865,-0.2269,-0.9701,0.676,0.226,-0.7014,-0.7316,0.0917,-0.6755,-0.0884,0.9698,0.2273,0.0008,0.0,0.0001,0.0,0.0,0.0,-0.0569,-0.027,-0.2615,30.5701,21.7868,53.8415,0.0,0.0433,-0.3641,0.0,0.0,0.0,3509930.52,3741238.178,-4367112.9387,4074.9121,2953.0907,5814.514,3509899.95,3741216.3913,-4367166.7802,4074.969,2953.1177,5814.7755,0.0,0.0765,3.9732,0.0,0.0,1.0,0.0,1.0,0.0,0.0,1.172,-23.972,0.0,1.0,0.0,0.0,0.0,-1.0,0.06351377803280167,0.004472135954999579,-0.299755,1.1547840000691882,10.570978820453185,,
257.042,59.895,-0.052,-0.034,55.922,0.026,-0.024,-0.269,0.001,0.004,-0.269,0.002,0.005,0.1,0.138,0.021,0.005,0.002,0.008,0.0,0.0,0.0,840.857,-0.0,0.0,-0.0,0.0,0.0,0.0,0.0,0.0,-0.6777,0.7003,-0.2242,0.7302,0.6768,-0.0932,0.0865,-0.2268,-0.9701,0.676,0.226,-0.7014,-0.7316,0.0917,-0.6755,-0.0884,0.9698,0.2273,0.0001,0.0,0.0001,0.0,0.0,0.0,-0.0569,-0.027,-0.2615,30.5584,21.7813,53.7878,0.0,0.0433,-0.3641,0.0,0.0,0.0,3510765.9932,3741843.613,-4365920.5409,4073.9738,2952.0906,5815.6811,3510735.4348,3741821.8317,-4365974.3288,4074.0308,2952.1176,5815.9427,0.0,0.0765,3.9732,0.0,0.0,1.0,0.0,1.0,0.0,0.0,1.172,-23.972,0.0,1.0,0.0,0.0,0.0,-1.0,0.06212889826803627,0.00412310562561766,-0.299475,1.1561491222824223,10.56110450953351,,
257.2473,59.84,-0.052,-0.033,55.866,0.026,-0.023,-0.269,0.001,0.004,-0.269,0.002,0.005,0.101,0.138,0.022,0.005,0.002,0.008,0.0,0.0,0.0,840.857,-0.0,0.0,-0.0,0.0,0.0,0.0,0.0,0.0,-0.6777,0.7003,-0.2241,0.7302,0.6769,-0.0932,0.0865,-0.2268,-0.9701,0.676,0.226,-0.7014,-0.7316,0.0917,-0.6755,-0.0884,0.9698,0.2273,0.0001,0.0,0.0001,0.0,0.0,0.0,-0.0569,-0.027,-0.2615,30.5466,21.7757,53.7336,0.0,0.0433,-0.3641,0.0,0.0,0.0,3511611.0325,3742455.913,-4364713.9694,4073.0244,2951.0787,5816.8616,3511580.4859,3742434.1374,-4364767.703,4073.0813,2951.1057,5817.1231,0.0,0.0765,3.9732,0.0,0.0,1.0,0.0,1.0,0.0,0.0,1.172,-23.972,0.0,1.0,0.0,0.0,0.0,-1.0,0.061587336360651286,0.00412310562561766,-0.2992,1.1559866577243814,10.551406525594544,,
257.4505,59.785,-0.052,-0.032,55.812,0.026,-0.023,-0.269,0.001,0.004,-0.269,0.002,0.005,0.102,0.139,0.024,0.005,0.002,0.008,0.0,0.0,0.0,840.857,-0.0,0.0,-0.0,0.0,0.0,0.0,0.0,0.0,-0.6778,0.7003,-0.2241,0.7302,0.6769,-0.0932,0.0865,-0.2268,-0.9701,0.676,0.226,-0.7014,-0.7316,0.0917,-0.6755,-0.0884,0.9698,0.2273,0.0001,0.0,0.0001,0.0,0.0,0.0,-0.0569,-0.0271,-0.2615,30.535,21.7702,53.6804,0.0,0.0433,-0.3641,0.0,0.0,0.0,3512439.9547,3743056.4701,-4363529.8952,4072.0925,2950.0856,5818.0195,3512409.4196,3743034.6999,-4363583.5756,4072.1495,2950.1127,5818.281,0.0,0.0765,3.9732,0.0,0.0,1.0,0.0,1.0,0.0,0.0,1.172,-23.972,0.0,1.0,0.0,0.0,0.0,-1.0,0.06105735008989499,0.00412310562561766,-0.298925,1.1548609821198619,10.541708541655577,,
257.6579,59.73,-0.052,-0.031,55.756,0.027,-0.022,-0.269,0.001,0.004,-0.269,0.002,0.005,0.103,0.139,0.025,0.005,0.002,0.008,0.0,0.0,0.0,840.857,-0.0,0.0,-0.0,0.0,0.0,0.0,0.0,0.0,-0.6778,0.7003,-0.2241,0.7302,0.6769,-0.0931,0.0865,-0.2268,-0.9701,0.676,0.226,-0.7014,-0.7316,0.0917,-0.6755,-0.0884,0.9698,0.2273,0.0001,0.0,0.0001,0.0,0.0,0.0,-0.0569,-0.0271,-0.2616,30.5233,21.7646,53.6267,0.0,0.0433,-0.3641,0.0,0.0,0.0,3513274.9451,3743661.3575,-4362336.6455,4071.1535,2949.0849,5819.1858,3513244.4218,3743639.5929,-4362390.2722,4071.2104,2949.112,5819.4474,0.0,0.0765,3.9732,0.0,0.0,1.0,0.0,1.0,0.0,0.0,1.172,-23.972,0.0,1.0,0.0,0.0,0.0,-1.0,0.060539243470661246,0.00412310562561766,-0.29864999999999997,1.1700006545768527,10.532010557716612,,
257.8614,59.674,-0.051,-0.03,55.701,0.027,-0.021,-0.269,0.001,0.004,-0.269,0.002,0.005,0.104,0.14,0.027,0.005,0.002,0.008,0.0,0.0,0.0,840.857,-0.0,0.0,-0.0,0.0,0.0,0.0,0.0,0.0,-0.6778,0.7003,-0.2241,0.7302,0.6769,-0.0931,0.0864,-0.2267,-0.9701,0.676,0.226,-0.7014,-0.7316,0.0917,-0.6755,-0.0884,0.9698,0.2273,0.0001,0.0,0.0001,0.0,0.0,0.0,-0.057,-0.0271,-0.2616,30.5117,21.759,53.573,0.0,0.0433,-0.3641,0.0,0.0,0.0,3514111.3381,3744267.1956,-4361140.8717,4070.2124,2948.0822,5820.354,3514080.8264,3744245.4365,-4361194.4447,4070.2693,2948.1092,5820.6156,0.0,0.0765,3.9732,0.0,0.0,1.0,0.0,1.0,0.0,0.0,1.172,-23.972,0.0,1.0,0.0,0.0,0.0,-1.0,0.05916924876994806,0.00412310562561766,-0.29837,1.156049853533326,10.522136246796938,,
258.0665,59.619,-0.051,-0.029,55.646,0.027,-0.02,-0.269,0.001,0.004,-0.269,0.002,0.005,0.105,0.14,0.029,0.005,0.002,0.008,0.0,0.0,0.0,840.857,-0.0,0.0,-0.0,0.0,0.0,0.0,0.0,0.0,-0.6778,0.7003,-0.224,0.7301,0.6769,-0.0931,0.0864,-0.2267,-0.9701,0.676,0.226,-0.7014,-0.7316,0.0917,-0.6755,-0.0884,0.9698,0.2273,0.0001,0.0,0.0001,0.0,0.0,0.0,-0.057,-0.0271,-0.2616,30.5,21.7535,53.5193,0.0,0.0433,-0.3641,0.0,0.0,0.0,3514945.76,3744871.5401,-4359947.4018,4069.2731,2947.0814,5821.5195,3514915.26,3744849.7866,-4360000.9212,4069.33,2947.1084,5821.781,0.0,0.0765,3.9732,0.0,0.0,1.0,0.0,1.0,0.0,0.0,1.172,-23.972,0.0,1.0,0.0,0.0,0.0,-1.0,0.05866856057549051,0.00412310562561766,-0.298095,1.1561644154437227,10.512438262857973,,
258.2704,59.565,-0.051,-0.028,55.592,0.028,-0.019,-0.269,0.001,0.004,-0.269,0.002,0.005,0.106,0.141,0.03,0.005,0.002,0.008,0.0,0.0,0.0,840.857,-0.0,0.0,-0.0,0.0,0.0,0.0,0.0,0.0,-0.6778,0.7003,-0.224,0.7301,0.6769,-0.0931,0.0864,-0.2267,-0.9701,0.676,0.226,-0.7014,-0.7316,0.0917,-0.6755,-0.0884,0.9698,0.2273,0.0001,0.0,0.0001,0.0,0.0,0.0,-0.057,-0.0271,-0.2616,30.4885,21.748,53.4663,0.0,0.0433,-0.3641,0.0,0.0,0.0,3515770.3333,3745468.6868,-4358767.5139,4068.3444,2946.092,5822.6711,3515739.8448,3745446.9388,-4358820.9803,4068.4014,2946.1191,5822.9327,0.0,0.0765,3.9732,0.0,0.0,1.0,0.0,1.0,0.0,0.0,1.172,-23.972,0.0,1.0,0.0,0.0,0.0,-1.0,0.058180752831155425,0.00412310562561766,-0.297825,1.1715946629078038,10.502916605899715,,
258.4752,59.51,-0.051,-0.028,55.536,0.028,-0.018,-0.269,0.001,0.004,-0.269,0.002,0.005,0.107,0.141,0.032,0.005,0.002,0.008,0.0,0.0,0.0,840.857,-0.0,0.0,-0.0,0.0,0.0,0.0,0.0,0.0,-0.6778,0.7003,-0.224,0.7301,0.6769,-0.0931,0.0864,-0.2266,-0.9701,0.676,0.226,-0.7014,-0.7316,0.0917,-0.6755,-0.0884,0.9698,0.2273,0.0001,0.0,0.0001,0.0,0.0,0.0,-0.057,-0.0271,-0.2616,30.4768,21.7425,53.4128,0.0,0.0433,-0.3641,0.0,0.0,0.0,3516602.8391,3746071.5132,-4357575.7642,4067.4064,2945.0927,5823.8337,3516572.3623,3746049.7707,-4357629.177,4067.4634,2945.1198,5824.0953,0.0,0.0765,3.9732,0.0,0.0,1.0,0.0,1.0,0.0,0.0,1.172,-23.972,0.0,1.0,0.0,0.0,0.0,-1.0,0.058180752831155425,0.00412310562561766,-0.29755,1.1728918018440522,10.49321862196075,,
258.6798,59.454,-0.05,-0.027,55.481,0.029,-0.017,-0.269,0.001,0.004,-0.269,0.002,0.005,0.108,0.142,0.033,0.005,0.002,0.008,0.0,0.0,0.0,840.857,-0.0,0.0,-0.0,0.0,0.0,0.0,0.0,0.0,-0.6778,0.7003,-0.224,0.7301,0.677,-0.0931,0.0864,-0.2266,-0.9701,0.676,0.226,-0.7014,-0.7316,0.0917,-0.6755,-0.0884,0.9698,0.2273,0.0001,0.0,0.0001,0.0,0.0,0.0,-0.057,-0.0271,-0.2616,30.465,21.7369,53.3585,0.0,0.0433,-0.3641,0.0,0.0,0.0,3517446.2104,3746682.1406,-4356367.9367,4066.4557,2944.08,5825.0115,3517415.7454,3746660.4037,-4356421.2952,4066.5127,2944.1071,5825.2731,0.0,0.0765,3.9732,0.0,0.0,1.0,0.0,1.0,0.0,0.0,1.172,-23.972,0.0,1.0,0.0,0.0,0.0,-1.0,0.05682429058070149,0.00412310562561766,-0.29727,1.1742755672872518,10.483344311041076,,
258.8852,59.399,-0.05,-0.026,55.426,0.029,-0.016,-0.269,0.001,0.004,-0.269,0.002,0.005,0.108,0.142,0.035,0.005,0.002,0.008,0.0,0.0,0.0,840.857,-0.0,0.0,-0.0,0.0,0.0,0.0,0.0,0.0,-0.6779,0.7003,-0.2239,0.7301,0.677,-0.0931,0.0864,-0.2266,-0.9701,0.676,0.226,-0.7014,-0.7316,0.0917,-0.6755,-0.0884,0.9698,0.2273,0.0001,0.0,0.0001,0.0,0.0,0.0,-0.057,-0.0271,-0.2616,30.4534,21.7313,53.3052,0.0,0.0433,-0.3641,0.0,0.0,0.0,3518275.2523,3747282.3273,-4355180.1193,4065.5206,2943.0841,5826.1692,3518244.7989,3747260.5959,-4355233.4245,4065.5777,2943.1112,5826.4309,0.0,0.0765,3.9732,0.0,0.0,1.0,0.0,1.0,0.0,0.0,1.172,-23.972,0.0,1.0,0.0,0.0,0.0,-1.0,0.056356011214421485,0.00412310562561766,-0.296995,1.1744062070860055,10.473646327102111,,
259.0934,59.343,-0.05,-0.025,55.37,0.029,-0.015,-0.269,0.001,0.004,-0.269,0.002,0.005,0.109,0.143,0.036,0.005,0.002,0.008,0.0,0.0,0.0,840.857,-0.0,0.0,-0.0,0.0,0.0,0.0,0.0,0.0,-0.6779,0.7003,-0.2239,0.7301,0.677,-0.0931,0.0864,-0.2266,-0.9702,0.676,0.226,-0.7014,-0.7316,0.0917,-0.6755,-0.0884,0.9698,0.2273,0.0001,0.0,0.0001,0.0,0.0,0.0,-0.057,-0.0271,-0.2616,30.4416,21.7257,53.2508,0.0,0.0433,-0.3641,0.0,0.0,0.0,3519119.2726,3747893.2907,-4353970.3184,4064.5683,2942.0698,5827.3478,3519088.8311,3747871.565,-4354023.5693,4064.6253,2942.0969,5827.6095,0.0,0.0765,3.9732,0.0,0.0,1.0,0.0,1.0,0.0,0.0,1.172,-23.972,0.0,1.0,0.0,0.0,0.0,-1.0,0.05590169943749475,0.00412310562561766,-0.296715,1.1745383091725126,10.463772016182437,,
259.2982,59.288,-0.05,-0.024,55.315,0.03,-0.014,-0.269,0.001,0.004,-0.269,0.002,0.005,0.11,0.143,0.038,0.005,0.002,0.008,0.0,0.0,0.0,840.857,-0.0,0.0,-0.0,0.0,0.0,0.0,0.0,0.0,-0.6779,0.7003,-0.2239,0.7301,0.677,-0.0931,0.0864,-0.2265,-0.9702,0.676,0.226,-0.7014,-0.7316,0.0917,-0.6755,-0.0884,0.9698,0.2273,0.0001,0.0,0.0001,0.0,0.0,0.0,-0.057,-0.0271,-0.2616,30.4299,21.7201,53.197,0.0,0.0433,-0.3641,0.0,0.0,0.0,3519955.2143,3748498.3399,-4352771.5749,4063.6246,2941.0648,5828.5151,3519924.7844,3748476.6198,-4352824.7719,4063.6816,2941.0919,5828.7767,0.0,0.0765,3.9732,0.0,0.0,1.0,0.0,1.0,0.0,0.0,1.172,-23.972,0.0,1.0,0.0,0.0,0.0,-1.0,0.05546169849544819,0.00412310562561766,-0.29644,1.1899669541669742,10.45407403224347,,
259.5035,59.233,-0.049,-0.023,55.259,0.03,-0.013,-0.269,0.001,0.004,-0.269,0.002,0.005,0.111,0.144,0.039,0.005,0.002,0.008,0.0,0.0,0.0,840.857,-0.0,0.0,-0.0,0.0,0.0,0.0,0.0,0.0,-0.6779,0.7002,-0.2239,0.7301,0.677,-0.093,0.0864,-0.2265,-0.9702,0.676,0.226,-0.7014,-0.7316,0.0917,-0.6755,-0.0884,0.9698,0.2273,0.0001,0.0,0.0001,0.0,0.0,0.0,-0.057,-0.0271,-0.2617,30.4182,21.7146,53.1434,0.0,0.0433,-0.3641,0.0,0.0,0.0,3520787.6808,3749100.808,-4351577.2995,4062.6844,2940.0636,5829.6774,3520757.2626,3749079.0934,-4351630.4429,4062.7415,2940.0907,5829.9391,0.0,0.0765,3.9732,0.0,0.0,1.0,0.0,1.0,0.0,0.0,1.172,-23.972,0.0,1.0,0.0,0.0,0.0,-1.0,0.05412947441089744,0.00412310562561766,-0.296165,1.1754857549551938,10.444376048304505,,
259.7063,59.178,-0.049,-0.022,55.205,0.03,-0.012,-0.269,0.001,0.004,-0.269,0.002,0.005,0.112,0.144,0.041,0.005,0.002,0.008,0.0,0.0,0.0,840.857,-0.0,0.0,-0.0,0.0,0.0,0.0,0.0,0.0,-0.6779,0.7002,-0.2238,0.7301,0.677,-0.093,0.0864,-0.2265,-0.9702,0.676,0.226,-0.7014,-0.7316,0.0917,-0.6755,-0.0884,0.9698,0.2273,0.0001,0.0,0.0001,0.0,0.0,0.0,-0.0571,-0.0272,-0.2617,30.4066,21.7091,53.0904,0.0,0.0433,-0.3641,0.0,0.0,0.0,3521610.5809,3749696.2879,-4350396.2443,4061.7546,2939.0735,5830.8264,3521580.1743,3749674.5788,-4350449.3347,4061.8116,2939.1007,5831.088,0.0,0.0765,3.9732,0.0,0.0,1.0,0.0,1.0,0.0,0.0,1.172,-23.972,0.0,1.0,0.0,0.0,0.0,-1.0,0.053712196007983146,0.00412310562561766,-0.29589,1.1759096530477389,10.43467806436554,,
259.9063,59.124,-0.049,-0.021,55.151,0.031,-0.011,-0.269,0.001,0.004,-0.269,0.002,0.005,0.113,0.145,0.042,0.005,0.002,0.008,0.0,0.0,0.0,840.857,-0.0,0.0,-0.0,0.0,0.0,0.0,0.0,0.0,-0.6779,0.7002,-0.2238,0.73,0.677,-0.093,0.0864,-0.2265,-0.9702,0.676,0.226,-0.7014,-0.7316,0.0917,-0.6755,-0.0884,0.9698,0.2273,0.0001,0.0,0.0001,0.0,0.0,0.0,-0.0571,-0.0272,-0.2617,30.3952,21.7037,53.0381,0.0,0.0433,-0.3641,0.0,0.0,0.0,3522421.9822,3750283.3843,-4349231.1966,4060.8373,2938.0969,5831.9592,3522391.587,3750261.6807,-4349284.2347,4060.8944,2938.124,5832.2209,0.0,0.0765,3.9732,0.0,0.0,1.0,0.0,1.0,0.0,0.0,1.172,-23.972,0.0,1.0,0.0,0.0,0.0,-1.0,0.053310411741047364,0.00412310562561766,-0.29562,1.1913404283028024,10.425156407407284,,
260.1118,59.069,-0.049,-0.02,55.096,0.031,-0.01,-0.269,0.001,0.004,-0.269,0.002,0.005,0.114,0.145,0.044,0.005,0.002,0.008,0.0,0.0,0.0,840.857,-0.0,0.0,-0.0,0.0,0.0,0.0,0.0,0.0,-0.6779,0.7002,-0.2238,0.73,0.6771,-0.093,0.0864,-0.2264,-0.9702,0.676,0.226,-0.7014,-0.7316,0.0917,-0.6755,-0.0884,0.9698,0.2273,0.0001,0.0,0.0001,0.0,0.0,0.0,-0.0571,-0.0272,-0.2617,30.3835,21.698,52.9841,0.0,0.0433,-0.3641,0.0,0.0,0.0,3523260.2882,3750889.882,-4348027.0053,4059.8892,2937.0875,5833.1296,3523229.9047,3750868.1839,-4348079.9894,4059.9463,2937.1147,5833.3912,0.0,0.0765,3.9732,0.0,0.0,1.0,0.0,1.0,0.0,0.0,1.172,-23.972,0.0,1.0,0.0,0.0,0.0,-1.0,0.05292447448959697,0.00412310562561766,-0.295345,1.1914775378649456,10.415458423468317,,
260.3173,59.013,-0.048,-0.019,55.04,0.031,-0.009,-0.269,0.001,0.004,-0.269,0.002,0.005,0.115,0.146,0.046,0.005,0.002,0.008,0.0,0.0,0.0,840.857,-0.0,0.0,-0.0,0.0,0.0,0.0,0.0,0.0,-0.6779,0.7002,-0.2238,0.73,0.6771,-0.093,0.0864,-0.2264,-0.9702,0.676,0.226,-0.7014,-0.7316,0.0917,-0.6755,-0.0884,0.9698,0.2273,0.0001,0.0,0.0001,0.0,0.0,0.0,-0.0571,-0.0272,-0.2617,30.3718,21.6925,52.9303,0.0,0.0433,-0.3641,0.0,0.0,0.0,3524094.1365,3751493.0883,-4346828.6983,4058.9457,2936.083,5834.2936,3524063.7647,3751471.3958,-4346881.6286,4059.0028,2936.1102,5834.5553,0.0,0.0765,3.9732,0.0,0.0,1.0,0.0,1.0,0.0,0.0,1.172,-23.972,0.0,1.0,0.0,0.0,0.0,-1.0,0.05162363799656122,0.00412310562561766,-0.29506499999999997,1.1772952207880738,10.405584112548643,,
260.5205,58.959,-0.048,-0.018,54.986,0.032,-0.008,-0.269,0.001,0.004,-0.269,0.002,0.005,0.116,0.146,0.047,0.005,0.002,0.008,0.0,0.0,0.0,840.857,-0.0,0.0,-0.0,0.0,0.0,0.0,0.0,0.0,-0.678,0.7002,-0.2237,0.73,0.6771,-0.093,0.0864,-0.2264,-0.9702,0.676,0.226,-0.7014,-0.7316,0.0917,-0.6755,-0.0884,0.9698,0.2273,0.0001,0.0,0.0001,0.0,0.0,0.0,-0.0571,-0.0272,-0.2617,30.3602,21.687,52.8773,0.0,0.0433,-0.3641,0.0,0.0,0.0,3524916.4204,3752087.8639,-4345646.5053,4058.0149,2935.0922,5835.4415,3524886.0602,3752066.1769,-4345699.3826,4058.072,2935.1193,5835.7032,0.0,0.0765,3.9732,0.0,0.0,1.0,0.0,1.0,0.0,0.0,1.172,-23.972,0.0,1.0,0.0,0.0,0.0,-1.0,0.05126402247190519,0.00412310562561766,-0.29479500000000003,1.1927285600585569,10.396062455590387,,
260.7268,58.904,-0.048,-0.017,54.93,0.032,-0.007,-0.269,0.001,0.004,-0.269,0.002,0.005,0.117,0.147,0.049,0.005,0.002,0.008,0.0,0.0,0.0,840.857,-0.0,0.0,-0.0,0.0,0.0,0.0,0.0,0.0,-0.678,0.7002,-0.2237,0.73,0.6771,-0.093,0.0864,-0.2263,-0.9702,0.676,0.226,-0.7014,-0.7316,0.0917,-0.6755,-0.0884,0.9698,0.2273,0.0001,0.0,0.0001,0.0,0.0,0.0,-0.0571,-0.0272,-0.2617,30.3484,21.6814,52.8235,0.0,0.0433,-0.3641,0.0,0.0,0.0,3525750.4156,3752691.045,-4344446.9586,4057.0703,2934.0868,5836.6057,3525720.0672,3752669.3636,-4344499.7821,4057.1274,2934.114,5836.8674,0.0,0.0765,3.9732,0.0,0.0,1.0,0.0,1.0,0.0,0.0,1.172,-23.972,0.0,1.0,0.0,0.0,0.0,-1.0,0.05092150822589606,0.00412310562561766,-0.29452,1.1925776848449816,10.386364471651422,,
260.9305,58.848,-0.048,-0.017,54.875,0.032,-0.007,-0.269,0.001,0.004,-0.269,0.002,0.005,0.118,0.147,0.05,0.005,0.002,0.008,0.0,0.0,0.0,840.857,-0.0,0.0,-0.0,0.0,0.0,0.0,0.0,0.0,-0.678,0.7002,-0.2237,0.73,0.6771,-0.093,0.0864,-0.2263,-0.9702,0.676,0.226,-0.7014,-0.7316,0.0917,-0.6755,-0.0884,0.9698,0.2273,0.0001,0.0,0.0001,0.0,0.0,0.0,-0.0571,-0.0272,-0.2617,30.3367,21.6758,52.7697,0.0,0.0433,-0.3641,0.0,0.0,0.0,3526583.91,3753293.798,-4343247.6116,4056.1259,2933.0816,5837.7692,3526553.5732,3753272.1222,-4343300.3813,4056.183,2933.1088,5838.0309,0.0,0.0765,3.9732,0.0,0.0,1.0,0.0,1.0,0.0,0.0,1.172,-23.972,0.0,1.0,0.0,0.0,0.0,-1.0,0.05092150822589606,0.00412310562561766,-0.29424,1.1928987767524306,10.376490160731747,,
261.1326,58.794,-0.047,-0.016,54.821,0.033,-0.006,-0.269,0.001,0.004,-0.269,0.002,0.005,0.119,0.148,0.052,0.005,0.002,0.008,0.0,0.0,0.0,840.857,-0.0,0.0,-0.0,0.0,0.0,0.0,0.0,0.0,-0.678,0.7002,-0.2237,0.73,0.6771,-0.0929,0.0864,-0.2263,-0.9702,0.676,0.226,-0.7014,-0.7316,0.0917,-0.6755,-0.0884,0.9698,0.2273,0.0001,0.0,0.0001,0.0,0.0,0.0,-0.0571,-0.0272,-0.2617,30.3252,21.6703,52.7169,0.0,0.0433,-0.3641,0.0,0.0,0.0,3527401.545,3753885.0172,-4342070.5853,4055.199,2932.0951,5838.9104,3527371.2197,3753863.3469,-4342123.3023,4055.2561,2932.1223,5839.1722,0.0,0.0765,3.9732,0.0,0.0,1.0,0.0,1.0,0.0,0.0,1.172,-23.972,0.0,1.0,0.0,0.0,0.0,-1.0,0.04964876634922564,0.00412310562561766,-0.29397,1.194016788505795,10.366968503773489,,
261.3382,58.739,-0.047,-0.015,54.766,0.033,-0.005,-0.269,0.001,0.004,-0.269,0.002,0.005,0.12,0.148,0.053,0.005,0.002,0.008,0.0,0.0,0.0,840.857,-0.0,0.0,-0.0,0.0,0.0,0.0,0.0,0.0,-0.678,0.7002,-0.2236,0.73,0.6771,-0.0929,0.0864,-0.2263,-0.9702,0.676,0.226,-0.7014,-0.7316,0.0917,-0.6755,-0.0884,0.9698,0.2273,0.0001,0.0,0.0001,0.0,0.0,0.0,-0.0571,-0.0272,-0.2618,30.3135,21.6647,52.6633,0.0,0.0433,-0.3641,0.0,0.0,0.0,3528232.5032,3754485.8051,-4340873.8663,4054.2565,2931.0922,5840.0702,3528202.1896,3754464.1404,-4340926.5297,4054.3137,2931.1194,5840.332,0.0,0.0765,3.9732,0.0,0.0,1.0,0.0,1.0,0.0,0.0,1.172,-23.972,0.0,1.0,0.0,0.0,0.0,-1.0,0.04933558553417604,0.00412310562561766,-0.293695,1.1941609157950255,10.357270519834524,,
261.5382,58.685,-0.047,-0.014,54.711,0.033,-0.004,-0.269,0.001,0.004,-0.269,0.002,0.005,0.121,0.149,0.055,0.005,0.002,0.008,0.0,0.0,0.0,840.857,-0.0,0.0,-0.0,0.0,0.0,0.0,0.0,0.0,-0.678,0.7002,-0.2236,0.7299,0.6772,-0.0929,0.0864,-0.2262,-0.9702,0.676,0.226,-0.7014,-0.7316,0.0917,-0.6755,-0.0884,0.9698,0.2273,0.0001,0.0,0.0001,0.0,0.0,0.0,-0.0571,-0.0272,-0.2618,30.302,21.6593,52.6106,0.0,0.0433,-0.3641,0.0,0.0,0.0,3529048.1702,3755075.4734,-4339698.6665,4053.331,2930.1074,5841.2086,3529017.8682,3755053.8142,-4339751.2771,4053.3882,2930.1346,5841.4704,0.0,0.0765,3.9732,0.0,0.0,1.0,0.0,1.0,0.0,0.0,1.172,-23.972,0.0,1.0,0.0,0.0,0.0,-1.0,0.04904079934095691,0.00412310562561766,-0.293425,1.194013657171531,10.347748862876267,,
261.7443,58.629,-0.047,-0.013,54.656,0.034,-0.003,-0.269,0.001,0.004,-0.269,0.002,0.005,0.122,0.149,0.056,0.005,0.002,0.008,0.0,0.0,0.0,840.857,-0.0,0.0,-0.0,0.0,0.0,0.0,0.0,0.0,-0.678,0.7002,-0.2236,0.7299,0.6772,-0.0929,0.0864,-0.2262,-0.9702,0.676,0.226,-0.7014,-0.7316,0.0917,-0.6755,-0.0884,0.9698,0.2273,0.0001,0.0,0.0001,0.0,0.0,0.0,-0.0572,-0.0272,-0.2618,30.2903,21.6537,52.5567,0.0,0.0433,-0.3641,0.0,0.0,0.0,3529883.3429,3755679.1767,-4338494.8501,4052.3829,2929.0986,5842.3742,3529853.0526,3755657.5231,-4338547.4067,4052.4401,2929.1258,5842.636,0.0,0.0765,3.9732,0.0,0.0,1.0,0.0,1.0,0.0,0.0,1.172,-23.972,0.0,1.0,0.0,0.0,0.0,-1.0,0.04876474136094643,0.00412310562561766,-0.293145,1.2097466625697721,10.337874551956592,,
261.9477,58.575,-0.047,-0.012,54.602,0.034,-0.002,-0.269,0.001,0.004,-0.269,0.002,0.005,0.123,0.149,0.058,0.005,0.002,0.008,0.0,0.0,0.0,840.857,-0.0,0.0,-0.0,0.0,0.0,0.0,0.0,0.0,-0.6781,0.7002,-0.2236,0.7299,0.6772,-0.0929,0.0864,-0.2262,-0.9703,0.676,0.226,-0.7014,-0.7316,0.0917,-0.6755,-0.0884,0.9698,0.2273,0.0001,0.0,0.0001,0.0,0.0,0.0,-0.0572,-0.0272,-0.2618,30.2787,21.6482,52.5038,0.0,0.0433,-0.3641,0.0,0.0,0.0,3530701.2621,3756270.344,-4337315.3956,4051.454,2928.1103,5843.5157,3530670.9834,3756248.6958,-4337367.8995,4051.5111,2928.1375,5843.7775,0.0,0.0765,3.9732,0.0,0.0,1.0,0.0,1.0,0.0,0.0,1.172,-23.972,0.0,1.0,0.0,0.0,0.0,-1.0,0.04850773134253961,0.00412310562561766,-0.292875,1.2098928696036078,10.328352894998336,,
262.1518,58.519,-0.046,-0.011,54.546,0.034,-0.001,-0.269,0.001,0.004,-0.269,0.002,0.005,0.124,0.15,0.059,0.005,0.002,0.008,0.0,0.0,0.0,840.857,-0.0,0.0,-0.0,0.0,0.0,0.0,0.0,0.0,-0.6781,0.7002,-0.2235,0.7299,0.6772,-0.0929,0.0864,-0.2262,-0.9703,0.676,0.226,-0.7014,-0.7316,0.0917,-0.6755,-0.0884,0.9698,0.2273,0.0001,0.0,0.0001,0.0,0.0,0.0,-0.0572,-0.0273,-0.2618,30.267,21.6426,52.45,0.0,0.0433,-0.3641,0.0,0.0,0.0,3531534.1435,3756872.2596,-4336113.8503,4050.5076,2927.1035,5844.678,3531503.8765,3756850.6171,-4336166.3003,4050.5648,2927.1307,5844.9398,0.0,0.0765,3.9732,0.0,0.0,1.0,0.0,1.0,0.0,0.0,1.172,-23.972,0.0,1.0,0.0,0.0,0.0,-1.0,0.047296934361541865,0.00412310562561766,-0.292595,1.1957285220613518,10.318478584078662,,
262.3531,58.466,-0.046,-0.01,54.493,0.035,0.0,-0.269,0.001,0.004,-0.269,0.002,0.005,0.125,0.15,0.061,0.005,0.002,0.008,0.0,0.0,0.0,840.857,-0.0,0.0,-0.0,0.0,0.0,0.0,0.0,0.0,-0.6781,0.7002,-0.2235,0.7299,0.6772,-0.0929,0.0863,-0.2261,-0.9703,0.676,0.226,-0.7014,-0.7316,0.0917,-0.6755,-0.0884,0.9698,0.2273,0.0001,0.0,0.0001,0.0,0.0,0.0,-0.0572,-0.0273,-0.2618,30.2556,21.6371,52.3978,0.0,0.0433,-0.3641,0.0,0.0,0.0,3532341.8683,3757455.9318,-4334948.0985,4049.5894,2926.1267,5845.8051,3532311.6128,3757434.2946,-4335000.4963,4049.6465,2926.154,5846.0669,0.0,0.0765,3.9732,0.0,0.0,1.0,0.0,1.0,0.0,0.0,1.172,-23.972,0.0,1.0,0.0,0.0,0.0,-1.0,0.047074409183759276,0.00412310562561766,-0.29233,1.2111704718570147,10.309133254101113,,
262.5591,58.41,-0.046,-0.009,54.437,0.035,0.001,-0.269,0.001,0.004,-0.269,0.002,0.005,0.126,0.151,0.062,0.005,0.002,0.008,0.0,0.0,0.0,840.857,-0.0,0.0,-0.0,0.0,0.0,0.0,0.0,0.0,-0.6781,0.7002,-0.2235,0.7299,0.6772,-0.0929,0.0863,-0.2261,-0.9703,0.676,0.226,-0.7014,-0.7316,0.0917,-0.6755,-0.0884,0.9698,0.2273,0.0001,0.0,0.0001,0.0,0.0,0.0,-0.0572,-0.0273,-0.2618,30.2439,21.6315,52.3441,0.0,0.0433,-0.3641,0.0,0.0,0.0,3533171.9566,3758055.6983,-4333749.5651,4048.6453,2925.1225,5846.9634,3533141.7127,3758034.0667,-4333801.9092,4048.7025,2925.1498,5847.2252,0.0,0.0765,3.9732,0.0,0.0,1.0,0.0,1.0,0.0,0.0,1.172,-23.972,0.0,1.0,0.0,0.0,0.0,-1.0,0.04687216658103186,0.00412310562561766,-0.29205,1.2113218796712162,10.299258943181439,,
262.766,58.354,-0.046,-0.008,54.381,0.035,0.002,-0.269,0.001,0.004,-0.269,0.002,0.005,0.127,0.151,0.064,0.005,0.002,0.008,0.0,0.0,0.0,840.857,-0.0,0.0,-0.0,0.0,0.0,0.0,0.0,0.0,-0.6781,0.7002,-0.2235,0.7299,0.6773,-0.0928,0.0863,-0.2261,-0.9703,0.676,0.226,-0.7014,-0.7316,0.0917,-0.6755,-0.0884,0.9698,0.2273,0.0001,0.0,0.0001,0.0,0.0,0.0,-0.0572,-0.0273,-0.2618,30.232,21.6259,52.2896,0.0,0.0433,-0.3641,0.0,0.0,0.0,3534014.8636,3758664.6596,-4332531.9903,4047.6862,2924.1024,5848.1395,3533984.6316,3758643.0338,-4332584.2799,4047.7434,2924.1296,5848.4013,0.0,0.0765,3.9732,0.0,0.0,1.0,0.0,1.0,0.0,0.0,1.172,-23.972,0.0,1.0,0.0,0.0,0.0,-1.0,0.04669047011971501,0.00412310562561766,-0.29177,1.2114743728644193,10.289384632261765,,
262.9715,58.299,-0.046,-0.008,54.326,0.036,0.003,-0.269,0.001,0.004,-0.269,0.002,0.005,0.128,0.152,0.066,0.005,0.002,0.008,0.0,0.0,0.0,840.857,-0.0,0.0,-0.0,0.0,0.0,0.0,0.0,0.0,-0.6781,0.7002,-0.2234,0.7299,0.6773,-0.0928,0.0863,-0.226,-0.9703,0.676,0.226,-0.7014,-0.7316,0.0917,-0.6755,-0.0884,0.9698,0.2273,0.0001,0.0,0.0001,0.0,0.0,0.0,-0.0572,-0.0273,-0.2618,30.2203,21.6203,52.2362,0.0,0.0433,-0.3641,0.0,0.0,0.0,3534840.0638,3759260.7627,-4331339.4763,4046.7468,2923.1033,5849.2909,3534809.8435,3759239.1423,-4331391.7125,4046.804,2923.1306,5849.5527,0.0,0.0765,3.9732,0.0,0.0,1.0,0.0,1.0,0.0,0.0,1.172,-23.972,0.0,1.0,0.0,0.0,0.0,-1.0,0.04669047011971501,0.00412310562561766,-0.291495,1.2287335825903438,10.2796866483228,,
263.1793,58.243,-0.045,-0.007,54.27,0.036,0.004,-0.269,0.001,0.004,-0.269,0.002,0.005,0.129,0.152,0.067,0.005,0.002,0.008,0.0,0.0,0.0,840.857,-0.0,0.0,-0.0,0.0,0.0,0.0,0.0,0.0,-0.6781,0.7001,-0.2234,0.7298,0.6773,-0.0928,0.0863,-0.226,-0.9703,0.676,0.226,-0.7014,-0.7316,0.0917,-0.6755,-0.0884,0.9698,0.2273,0.0001,0.0,0.0001,0.0,0.0,0.0,-0.0572,-0.0273,-0.2619,30.2083,21.6146,52.1812,0.0,0.0433,-0.3641,0.0,0.0,0.0,3535689.1443,3759874.0475,-4330111.9208,4045.7797,2922.0749,5850.4755,3535658.9359,3759852.4329,-4330164.102,4045.8369,2922.1022,5850.7374,0.0,0.0765,3.9732,0.0,0.0,1.0,0.0,1.0,0.0,0.0,1.172,-23.972,0.0,1.0,0.0,0.0,0.0,-1.0,0.0455411901469428,0.00412310562561766,-0.291215,1.2146122503819956,10.269812337403126,,
263.3841,58.188,-0.045,-0.006,54.215,0.036,0.005,-0.263,0.001,0.004,-0.263,0.002,0.005,0.13,0.153,0.069,0.005,0.002,0.007,0.0,0.0,0.0,840.839,-0.0,0.0,1.0,0.0,0.0,0.0,0.0,0.0,-0.6782,0.7001,-0.2234,0.7298,0.6773,-0.0928,0.0863,-0.226,-0.9703,0.676,0.226,-0.7014,-0.7316,0.0917,-0.6755,-0.0884,0.9698,0.2273,0.0001,0.0,0.0001,0.0,0.0,0.0,-0.0558,-0.0267,-0.2558,30.1967,21.609,52.1279,0.0,0.0433,-0.3641,0.0,0.0,0.0,3536521.1568,3760474.9373,-4328908.514,4044.8331,2921.0674,5851.6424,3536490.9601,3760453.3283,-4328960.6419,4044.8889,2921.094,5851.8982,0.0,0.0765,3.9732,0.0,0.0,1.0,0.0,1.0,0.0,0.0,1.172,-23.972,0.0,1.0,0.0,0.0,0.0,-1.0,0.045398237851264664,0.00412310562561766,-0.29094000000000003,1.214779856364103,10.26011435346416,,
263.5844,58.136,-0.045,-0.005,54.163,0.037,0.006,-0.262,0.001,0.004,-0.262,0.002,0.005,0.131,0.153,0.07,0.005,0.002,0.007,0.0,0.0,0.0,840.836,-0.0,0.0,-0.0,0.0,0.0,0.0,0.0,0.0,-0.6782,0.7001,-0.2234,0.7298,0.6773,-0.0928,0.0863,-0.226,-0.9703,0.676,0.226,-0.7014,-0.7316,0.0917,-0.6755,-0.0884,0.9698,0.2273,0.0001,0.0,0.0001,0.0,0.0,0.0,-0.0555,-0.0266,-0.2548,30.1857,21.6038,52.0773,0.0,0.0433,-0.3641,0.0,0.0,0.0,3537323.278,3761054.1765,-4327747.8449,4043.9189,2920.0952,5852.7624,3537293.0923,3761032.5727,-4327799.9222,4043.9745,2920.1218,5853.0172,0.0,0.0765,3.9732,0.0,0.0,1.0,0.0,1.0,0.0,0.0,1.172,-23.972,0.0,1.0,0.0,0.0,0.0,-1.0,0.04527692569068708,0.00412310562561766,-0.29068,1.2302156769514783,10.25094535046732,,
263.7846,58.083,-0.045,-0.004,54.11,0.037,0.007,-0.262,0.001,0.004,-0.262,0.002,0.005,0.132,0.154,0.072,0.005,0.002,0.007,0.0,0.0,0.0,840.836,-0.0,0.0,-0.0,0.0,0.0,0.0,0.0,0.0,-0.6782,0.7001,-0.2234,0.7298,0.6773,-0.0928,0.0863,-0.2259,-0.9703,0.676,0.226,-0.7014,-0.7316,0.0917,-0.6755,-0.0884,0.9698,0.2273,0.0001,0.0,0.0001,0.0,0.0,0.0,-0.0556,-0.0266,-0.2548,30.1745,21.5984,52.026,0.0,0.0433,-0.3641,0.0,0.0,0.0,3538137.1934,3761641.8687,-4326569.6193,4042.9907,2919.1082,5853.8978,3538107.0189,3761620.2702,-4326621.6454,4043.0462,2919.1348,5854.1527,0.0,0.0765,3.9732,0.0,0.0,1.0,0.0,1.0,0.0,0.0,1.172,-23.972,0.0,1.0,0.0,0.0,0.0,-1.0,0.04517742799230607,0.00412310562561766,-0.290415,1.2303834747955078,10.241600020489772,,
263.9881,58.03,-0.044,-0.003,54.057,0.037,0.008,-0.262,0.001,0.004,-0.262,0.002,0.005,0.133,0.154,0.073,0.005,0.002,0.007,0.0,0.0,0.0,840.836,-0.0,0.0,-0.0,0.0,0.0,0.0,0.0,0.0,-0.6782,0.7001,-0.2233,0.7298,0.6773,-0.0928,0.0863,-0.2259,-0.9703,0.676,0.226,-0.7014,-0.7316,0.0917,-0.6755,-0.0884,0.9698,0.2273,0.0001,0.0,0.0001,0.0,0.0,0.0,-0.0556,-0.0266,-0.2548,30.1632,21.593,51.9744,0.0,0.0433,-0.3641,0.0,0.0,0.0,3538956.996,3762233.7478,-4325382.3633,4042.0552,2918.1137,5855.0414,3538926.8328,3762212.1548,-4325434.3376,4042.1108,2918.1403,5855.2963,0.0,0.0765,3.9732,0.0,0.0,1.0,0.0,1.0,0.0,0.0,1.172,-23.972,0.0,1.0,0.0,0.0,0.0,-1.0,0.04410215414239989,0.00412310562561766,-0.29015,1.2162715184933832,10.232254690512223,,
264.1942,57.976,-0.044,-0.002,54.003,0.037,0.008,-0.262,0.001,0.004,-0.262,0.002,0.005,0.134,0.155,0.075,0.005,0.002,0.007,0.0,0.0,0.0,840.836,-0.0,0.0,-0.0,0.0,0.0,0.0,0.0,0.0,-0.6782,0.7001,-0.2233,0.7298,0.6774,-0.0928,0.0863,-0.2259,-0.9703,0.676,0.226,-0.7014,-0.7316,0.0917,-0.6755,-0.0884,0.9698,0.2273,0.0001,0.0,0.0001,0.0,0.0,0.0,-0.0556,-0.0266,-0.2548,30.1518,21.5876,51.9219,0.0,0.0433,-0.3641,0.0,0.0,0.0,3539788.573,3762834.0616,-4324177.5373,4041.1059,2917.1046,5856.2014,3539758.4212,3762812.4741,-4324229.4592,4041.1615,2917.1312,5856.4562,0.0,0.0765,3.9732,0.0,0.0,1.0,0.0,1.0,0.0,0.0,1.172,-23.972,0.0,1.0,0.0,0.0,0.0,-1.0,0.04404543109109048,0.00412310562561766,-0.28987999999999997,1.2144164821650703,10.222733033553965,,
264.3949,57.923,-0.044,-0.001,53.95,0.038,0.009,-0.262,0.001,0.004,-0.262,0.002,0.005,0.135,0.155,0.076,0.005,0.002,0.007,0.0,0.0,0.0,840.836,-0.0,0.0,-0.0,0.0,0.0,0.0,0.0,0.0,-0.6782,0.7001,-0.2233,0.7298,0.6774,-0.0928,0.0863,-0.2259,-0.9703,0.676,0.226,-0.7014,-0.7316,0.0917,-0.6755,-0.0884,0.9698,0.2273,0.0001,0.0,0.0001,0.0,0.0,0.0,-0.0556,-0.0266,-0.2549,30.1407,21.5822,51.8707,0.0,0.0433,-0.3641,0.0,0.0,0.0,3540600.9306,3763420.4365,-4323000.0548,4040.1781,2916.1183,5857.3345,3540570.7899,3763398.8543,-4323051.9255,4040.2337,2916.1449,5857.5894,0.0,0.0765,3.9732,0.0,0.0,1.0,0.0,1.0,0.0,0.0,1.172,-23.972,0.0,1.0,0.0,0.0,0.0,-1.0,0.04401136216933077,0.00412310562561766,-0.289615,1.2298680422715396,10.213387703576418,,
264.597,57.87,-0.044,-0.0,53.897,0.038,0.01,-0.262,0.001,0.004,-0.262,0.002,0.005,0.136,0.156,0.078,0.005,0.002,0.007,0.0,0.0,0.0,840.836,-0.0,0.0,-0.0,0.0,0.0,0.0,0.0,0.0,-0.6782,0.7001,-0.2233,0.7298,0.6774,-0.0927,0.0863,-0.2258,-0.9703,0.676,0.226,-0.7014,-0.7316,0.0917,-0.6755,-0.0884,0.9698,0.2273,0.0001,0.0,0.0001,0.0,0.0,0.0,-0.0556,-0.0266,-0.2549,30.1293,21.5768,51.8187,0.0,0.0433,-0.3641,0.0,0.0,0.0,3541424.1019,3764014.5521,-4321806.3887,4039.2375,2915.1186,5858.4827,3541393.9725,3763992.9753,-4321858.2074,4039.2931,2915.1452,5858.7375,0.0,0.0765,3.9732,0.0,0.0,1.0,0.0,1.0,0.0,0.0,1.172,-23.972,0.0,1.0,0.0,0.0,0.0,-1.0,0.044,0.00412310562561766,-0.28935,1.2300286216217347,10.204042373598867,,
264.7999,57.817,-0.044,0.001,53.844,0.038,0.011,-0.262,0.001,0.004,-0.262,0.002,0.005,0.137,0.156,0.079,0.005,0.002,0.007,0.0,0.0,0.0,840.836,-0.0,0.0,-0.0,0.0,0.0,0.0,0.0,0.0,-0.6782,0.7001,-0.2232,0.7297,0.6774,-0.0927,0.0863,-0.2258,-0.9703,0.676,0.226,-0.7014,-0.7316,0.0917,-0.6755,-0.0884,0.9698,0.2273,0.0001,0.0,0.0001,0.0,0.0,0.0,-0.0556,-0.0266,-0.2549,30.1182,21.5715,51.7677,0.0,0.0433,-0.3641,0.0,0.0,0.0,3542233.4152,3764598.6019,-4320632.3197,4038.3123,2914.1353,5859.6114,3542203.297,3764577.0304,-4320684.0874,4038.3679,2914.1619,5859.8663,0.0,0.0765,3.9732,0.0,0.0,1.0,0.0,1.0,0.0,0.0,1.172,-23.972,0.0,1.0,0.0,0.0,0.0,-1.0,0.04401136216933077,0.00412310562561766,-0.289085,1.23019030446039,10.19469704362132,,
265.0033,57.764,-0.043,0.002,53.791,0.039,0.012,-0.256,0.001,0.004,-0.256,0.002,0.005,0.137,0.157,0.081,0.005,0.002,0.007,0.0,0.0,0.0,840.816,-0.0,0.0,-0.0,0.0,0.0,0.0,0.0,0.0,-0.6783,0.7001,-0.2232,0.7297,0.6774,-0.0927,0.0863,-0.2258,-0.9704,0.676,0.226,-0.7014,-0.7316,0.0917,-0.6755,-0.0884,0.9698,0.2273,0.0001,0.0,0.0001,0.0,0.0,0.0,-0.0541,-0.026,-0.2486,30.1069,21.5661,51.7159,0.0,0.0433,-0.3641,0.0,0.0,0.0,3543062.7488,3765197.0339,-4319428.6936,4037.3653,2913.1279,5860.7744,3543032.6419,3765175.4678,-4319480.4094,4037.4194,2913.1539,5861.023,0.0,0.0765,3.9732,0.0,0.0,1.0,0.0,1.0,0.0,0.0,1.172,-23.972,0.0,1.0,0.0,0.0,0.0,-1.0,0.043046486500061765,0.00412310562561766,-0.28882,1.231345595603435,10.18535171364377,,
265.2073,57.712,-0.043,0.002,53.739,0.039,0.013,-0.256,0.001,0.004,-0.256,0.002,0.005,0.138,0.157,0.082,0.005,0.002,0.007,0.0,0.0,0.0,840.816,-0.0,0.0,-0.0,0.0,0.0,0.0,0.0,0.0,-0.6783,0.7001,-0.2232,0.7297,0.6774,-0.0927,0.0863,-0.2257,-0.9704,0.676,0.226,-0.7014,-0.7316,0.0917,-0.6755,-0.0884,0.9698,0.2273,0.0001,0.0,0.0001,0.0,0.0,0.0,-0.0541,-0.026,-0.2486,30.096,21.5608,51.6656,0.0,0.0433,-0.3641,0.0,0.0,0.0,3543879.1696,3765786.0833,-4318243.2981,4036.4312,2912.1352,5861.913,3543849.0736,3765764.5225,-4318294.9637,4036.4853,2912.1612,5862.1616,0.0,0.0765,3.9732,0.0,0.0,1.0,0.0,1.0,0.0,0.0,1.172,-23.972,0.0,1.0,0.0,0.0,0.0,-1.0,0.043046486500061765,0.00412310562561766,-0.28856000000000004,1.2334327158062832,10.17618271064693,,
265.4109,57.66,-0.043,0.003,53.687,0.039,0.014,-0.256,0.001,0.004,-0.256,0.002,0.005,0.139,0.158,0.084,0.005,0.002,0.007,0.0,0.0,0.0,840.816,-0.0,0.0,-0.0,0.0,0.0,0.0,0.0,0.0,-0.6783,0.7001,-0.2232,0.7297,0.6774,-0.0927,0.0863,-0.2257,-0.9704,0.676,0.226,-0.7014,-0.7316,0.0917,-0.6755,-0.0884,0.9698,0.2273,0.0001,0.0,0.0001,0.0,0.0,0.0,-0.0541,-0.026,-0.2486,30.085,21.5555,51.6148,0.0,0.0433,-0.3641,0.0,0.0,0.0,3544702.9395,3766380.3697,-4317046.7211,4035.4881,2911.1332,5863.0618,3544672.8545,3766358.8142,-4317098.3359,4035.5422,2911.1592,5863.3104,0.0,0.0765,3.9732,0.0,0.0,1.0,0.0,1.0,0.0,0.0,1.172,-23.972,0.0,1.0,0.0,0.0,0.0,-1.0,0.043104524124504606,0.00412310562561766,-0.2883,1.2336094400847417,10.16701370765009,,
265.6112,57.609,-0.043,0.004,53.636,0.04,0.015,-0.256,0.001,0.004,-0.256,0.002,0.005,0.14,0.158,0.085,0.005,0.002,0.007,0.0,0.0,0.0,840.816,-0.0,0.0,-0.0,0.0,0.0,0.0,0.0,0.0,-0.6783,0.7001,-0.2231,0.7297,0.6775,-0.0927,0.0863,-0.2257,-0.9704,0.676,0.226,-0.7014,-0.7316,0.0917,-0.6755,-0.0884,0.9698,0.2273,0.0001,0.0,0.0001,0.0,0.0,0.0,-0.0541,-0.026,-0.2486,30.0741,21.5503,51.565,0.0,0.0433,-0.3641,0.0,0.0,0.0,3545512.1623,3766964.0979,-4315870.7721,4034.5613,2910.1485,5864.1902,3545482.0882,3766942.5476,-4315922.3371,4034.6155,2910.1745,5864.4388,0.0,0.0765,3.9732,0.0,0.0,1.0,0.0,1.0,0.0,0.0,1.172,-23.972,0.0,1.0,0.0,0.0,0.0,-1.0,0.04318564576337836,0.00412310562561766,-0.288045,1.249053235579057,10.15802103163396,,
265.8121,57.558,-0.043,0.005,53.585,0.04,0.016,-0.256,0.001,0.004,-0.256,0.002,0.005,0.141,0.159,0.087,0.005,0.002,0.007,0.0,0.0,0.0,840.816,-0.0,0.0,-0.0,0.0,0.0,0.0,0.0,0.0,-0.6783,0.7001,-0.2231,0.7297,0.6775,-0.0927,0.0863,-0.2257,-0.9704,0.676,0.226,-0.7014,-0.7316,0.0917,-0.6755,-0.0884,0.9698,0.2273,0.0001,0.0,0.0001,0.0,0.0,0.0,-0.0541,-0.026,-0.2486,30.0634,21.5452,51.5154,0.0,0.0433,-0.3641,0.0,0.0,0.0,3546315.4489,3767543.4809,-4314702.9607,4033.6409,2909.1706,5865.3103,3546285.3856,3767521.9358,-4314754.4761,4033.695,2909.1966,5865.559,0.0,0.0765,3.9732,0.0,0.0,1.0,0.0,1.0,0.0,0.0,1.172,-23.972,0.0,1.0,0.0,0.0,0.0,-1.0,0.043289721643826724,0.00412310562561766,-0.28779,1.249230648933108,10.149028355617826,,
266.0135,57.506,-0.042,0.006,53.533,0.04,0.017,-0.256,0.001,0.004,-0.256,0.002,0.005,0.142,0.159,0.088,0.005,0.002,0.007,0.0,0.0,0.0,840.816,-0.0,0.0,-0.0,0.0,0.0,0.0,0.0,0.0,-0.6783,0.7001,-0.2231,0.7297,0.6775,-0.0927,0.0863,-0.2256,-0.9704,0.676,0.226,-0.7014,-0.7316,0.0917,-0.6755,-0.0884,0.9698,0.2273,0.0001,0.0,0.0001,0.0,0.0,0.0,-0.0541,-0.026,-0.2487,30.0523,21.5399,51.4649,0.0,0.0433,-0.3641,0.0,0.0,0.0,3547136.0241,3768135.2692,-4313509.508,4032.7002,2908.1713,5866.4545,3547105.9718,3768113.7294,-4313560.9728,4032.7544,2908.1973,5866.7032,0.0,0.0765,3.9732,0.0,0.0,1.0,0.0,1.0,0.0,0.0,1.172,-23.972,0.0,1.0,0.0,0.0,0.0,-1.0,0.042426406871192854,0.00412310562561766,-0.28753,1.2351398753680605,10.139859352620986,,
266.2204,57.453,-0.042,0.007,53.48,0.041,0.018,-0.256,0.001,0.004,-0.256,0.002,0.005,0.143,0.16,0.089,0.005,0.002,0.007,0.0,0.0,0.0,840.816,-0.0,0.0,-0.0,0.0,0.0,0.0,0.0,0.0,-0.6783,0.7001,-0.2231,0.7297,0.6775,-0.0927,0.0863,-0.2256,-0.9704,0.676,0.226,-0.7014,-0.7316,0.0917,-0.6755,-0.0884,0.9698,0.2273,0.0001,0.0,0.0001,0.0,0.0,0.0,-0.0542,-0.026,-0.2487,30.0412,21.5345,51.4135,0.0,0.0433,-0.3641,0.0,0.0,0.0,3547969.0643,3768735.9804,-4312297.4029,4031.7448,2907.1564,5867.616,3547939.0231,3768714.4459,-4312348.8164,4031.799,2907.1824,5867.8647,0.0,0.0765,3.9732,0.0,0.0,1.0,0.0,1.0,0.0,0.0,1.172,-23.972,0.0,1.0,0.0,0.0,0.0,-1.0,0.04257933771208754,0.00412310562561766,-0.287265,1.2505870366770107,10.130514022643439,,
266.4255,57.401,-0.042,0.008,53.428,0.041,0.019,-0.256,0.001,0.004,-0.256,0.002,0.005,0.144,0.16,0.091,0.005,0.002,0.007,0.0,0.0,0.0,840.816,-0.0,0.0,-0.0,0.0,0.0,0.0,0.0,0.0,-0.6784,0.7001,-0.223,0.7297,0.6775,-0.0926,0.0863,-0.2256,-0.9704,0.676,0.226,-0.7014,-0.7316,0.0917,-0.6755,-0.0884,0.9698,0.2273,0.0001,0.0,0.0001,0.0,0.0,0.0,-0.0542,-0.026,-0.2487,30.0301,21.5292,51.3626,0.0,0.0433,-0.3641,0.0,0.0,0.0,3548793.6364,3769330.5187,-4311097.1004,4030.7987,2906.1514,5868.7657,3548763.6063,3769308.9895,-4311148.463,4030.8529,2906.1774,5869.0144,0.0,0.0765,3.9732,0.0,0.0,1.0,0.0,1.0,0.0,0.0,1.172,-23.972,0.0,1.0,0.0,0.0,0.0,-1.0,0.042755116652863905,0.00412310562561766,-0.287005,1.250769392906978,10.121345019646599,,
266.6348,57.347,-0.042,0.009,53.374,0.041,0.02,-0.256,0.001,0.004,-0.256,0.002,0.005,0.145,0.161,0.092,0.005,0.002,0.007,0.0,0.0,0.0,840.816,-0.0,0.0,-0.0,0.0,0.0,0.0,0.0,0.0,-0.6784,0.7001,-0.223,0.7296,0.6775,-0.0926,0.0863,-0.2256,-0.9704,0.676,0.226,-0.7014,-0.7316,0.0917,-0.6755,-0.0884,0.9698,0.2273,0.0001,0.0,0.0001,0.0,0.0,0.0,-0.0542,-0.026,-0.2487,30.0188,21.5238,51.3106,0.0,0.0433,-0.3641,0.0,0.0,0.0,3549636.5129,3769938.1866,-4309869.6192,4029.8311,2905.1238,5869.9408,3549606.4941,3769916.6629,-4309920.9298,4029.8853,2905.1498,5870.1895,0.0,0.0765,3.9732,0.0,0.0,1.0,0.0,1.0,0.0,0.0,1.172,-23.972,0.0,1.0,0.0,0.0,0.0,-1.0,0.04295346318982906,0.00412310562561766,-0.286735,1.2509544371803762,10.111823362688341,,
266.8349,57.295,-0.041,0.01,53.322,0.042,0.021,-0.256,0.001,0.004,-0.256,0.002,0.005,0.146,0.161,0.094,0.005,0.002,0.007,0.0,0.0,0.0,840.816,-0.0,0.0,-0.0,0.0,0.0,0.0,0.0,0.0,-0.6784,0.7,-0.223,0.7296,0.6775,-0.0926,0.0862,-0.2255,-0.9704,0.676,0.226,-0.7014,-0.7316,0.0917,-0.6755,-0.0884,0.9698,0.2273,0.0001,0.0,0.0001,0.0,0.0,0.0,-0.0542,-0.026,-0.2487,30.0078,21.5185,51.2601,0.0,0.0433,-0.3641,0.0,0.0,0.0,3550454.4601,3770527.8159,-4308677.9252,4028.8917,2904.1261,5871.0812,3550424.4523,3770506.2974,-4308729.1853,4028.9459,2904.1521,5871.3299,0.0,0.0765,3.9732,0.0,0.0,1.0,0.0,1.0,0.0,0.0,1.172,-23.972,0.0,1.0,0.0,0.0,0.0,-1.0,0.04220189569201839,0.00412310562561766,-0.28647500000000004,1.2521374915593266,10.1026543596915,,
267.0431,57.243,-0.041,0.011,53.27,0.042,0.022,-0.256,0.001,0.004,-0.256,0.001,0.005,0.147,0.162,0.095,0.005,0.002,0.007,0.0,0.0,0.0,840.816,-0.0,0.0,-0.0,0.0,0.0,0.0,0.0,0.0,-0.6784,0.7,-0.223,0.7296,0.6776,-0.0926,0.0862,-0.2255,-0.9704,0.676,0.226,-0.7014,-0.7316,0.0917,-0.6755,-0.0884,0.9698,0.2273,0.0001,0.0,0.0001,0.0,0.0,0.0,-0.0542,-0.026,-0.2487,29.9966,21.5131,51.2089,0.0,0.0433,-0.3641,0.0,0.0,0.0,3551284.2489,3771125.9149,-4307468.4587,4027.9382,2903.1135,5872.2379,3551254.2523,3771104.4017,-4307519.6675,4027.9924,2903.1396,5872.4867,0.0,0.0765,3.9732,0.0,0.0,1.0,0.0,1.0,0.0,0.0,1.172,-23.972,0.0,1.0,0.0,0.0,0.0,-1.0,0.04244997055358225,0.00412310562561766,-0.286215,1.2523241117107464,10.09348535669466,,
267.2484,57.19,-0.041,0.011,53.217,0.042,0.022,-0.256,0.001,0.004,-0.256,0.001,0.005,0.148,0.162,0.097,0.005,0.002,0.007,0.0,0.0,0.0,840.816,-0.0,0.0,-0.0,0.0,0.0,0.0,0.0,0.0,-0.6784,0.7,-0.2229,0.7296,0.6776,-0.0926,0.0862,-0.2255,-0.9704,0.676,0.226,-0.7014,-0.7316,0.0917,-0.6755,-0.0884,0.9698,0.2273,0.0001,0.0,0.0001,0.0,0.0,0.0,-0.0542,-0.026,-0.2487,29.9855,21.5078,51.1578,0.0,0.0433,-0.3641,0.0,0.0,0.0,3552111.6601,3771722.2334,-4306261.9341,4026.9871,2902.1035,5873.3914,3552081.6746,3771700.7257,-4306313.0919,4027.0413,2902.1296,5873.6401,0.0,0.0765,3.9732,0.0,0.0,1.0,0.0,1.0,0.0,0.0,1.172,-23.972,0.0,1.0,0.0,0.0,0.0,-1.0,0.04244997055358225,0.00412310562561766,-0.28595,1.2523663467197748,10.084140026717112,,
267.4519,57.138,-0.041,0.012,53.165,0.042,0.023,-0.26,0.001,0.004,-0.26,0.001,0.005,0.149,0.163,0.098,0.005,0.002,0.007,0.0,0.0,0.0,840.804,-0.0,0.0,-1.0,0.0,0.0,0.0,0.0,0.0,-0.6784,0.7,-0.2229,0.7296,0.6776,-0.0926,0.0862,-0.2255,-0.9704,0.676,0.226,-0.7014,-0.7316,0.0917,-0.6755,-0.0884,0.9698,0.2273,0.0001,0.0,0.0001,0.0,0.0,0.0,-0.0551,-0.0264,-0.2527,29.9744,21.5024,51.1067,0.0,0.0433,-0.3641,0.0,0.0,0.0,3552935.4158,3772315.8513,-4305060.2214,4026.0387,2901.0972,5874.5357,3552905.4415,3772294.3489,-4305111.3281,4026.0939,2901.1236,5874.7884,0.0,0.0765,3.9732,0.0,0.0,1.0,0.0,1.0,0.0,0.0,1.172,-23.972,0.0,1.0,0.0,0.0,0.0,-1.0,0.04272001872658766,0.00412310562561766,-0.28569,1.2525543573578206,10.074971023720272,,
267.6546,57.085,-0.041,0.013,53.112,0.043,0.024,-0.263,0.001,0.004,-0.263,0.001,0.005,0.15,0.163,0.1,0.005,0.002,0.007,0.0,0.0,0.0,840.795,-0.0,0.0,-0.0,0.0,0.0,0.0,0.0,0.0,-0.6784,0.7,-0.2229,0.7296,0.6776,-0.0926,0.0862,-0.2254,-0.9704,0.676,0.226,-0.7014,-0.7316,0.0917,-0.6755,-0.0884,0.9698,0.2273,0.0001,0.0,0.0001,0.0,0.0,0.0,-0.0558,-0.0267,-0.2555,29.9632,21.4971,51.0555,0.0,0.0433,-0.3641,0.0,0.0,0.0,3553743.8692,3772898.3774,-4303880.3309,4025.1078,2900.1092,5875.6598,3553713.906,3772876.8803,-4303931.3864,4025.1636,2900.136,5875.9153,0.0,0.0765,3.9732,0.0,0.0,1.0,0.0,1.0,0.0,0.0,1.172,-23.972,0.0,1.0,0.0,0.0,0.0,-1.0,0.04301162633521313,0.00412310562561766,-0.285425,1.2680084119464443,10.065625693742723,,
267.8591,57.031,-0.041,0.014,53.058,0.043,0.025,-0.263,0.001,0.004,-0.263,0.001,0.005,0.151,0.164,0.101,0.005,0.002,0.007,0.0,0.0,0.0,840.795,-0.0,0.0,-0.0,0.0,0.0,0.0,0.0,0.0,-0.6785,0.7,-0.2229,0.7296,0.6776,-0.0926,0.0862,-0.2254,-0.9704,0.676,0.226,-0.7014,-0.7316,0.0917,-0.6755,-0.0884,0.9698,0.2273,0.0001,0.0,0.0001,0.0,0.0,0.0,-0.0558,-0.0267,-0.2555,29.9517,21.4916,51.003,0.0,0.0433,-0.3641,0.0,0.0,0.0,3554569.6555,3773493.327,-4302674.6279,4024.1572,2899.1,5876.8108,3554539.7038,3773471.8354,-4302725.631,4024.213,2899.1267,5877.0663,0.0,0.0765,3.9732,0.0,0.0,1.0,0.0,1.0,0.0,0.0,1.172,-23.972,0.0,1.0,0.0,0.0,0.0,-1.0,0.04332435804486894,0.00412310562561766,-0.285155,1.2681995354052844,10.056104036784467,,
268.0598,56.978,-0.04,0.015,53.005,0.043,0.026,-0.263,0.001,0.004,-0.263,0.001,0.005,0.152,0.164,0.103,0.005,0.002,0.007,0.0,0.0,0.0,840.795,-0.0,0.0,-0.0,0.0,0.0,0.0,0.0,0.0,-0.6785,0.7,-0.2229,0.7296,0.6776,-0.0926,0.0862,-0.2254,-0.9704,0.676,0.226,-0.7014,-0.7316,0.0917,-0.6755,-0.0884,0.9698,0.2273,0.0001,0.0,0.0001,0.0,0.0,0.0,-0.0558,-0.0267,-0.2555,29.9405,21.4862,50.9515,0.0,0.0433,-0.3641,0.0,0.0,0.0,3555381.9883,3774078.5188,-4301488.0598,4023.2216,2898.1068,5877.943,3555352.0478,3774057.0326,-4301539.0113,4023.2774,2898.1336,5878.1985,0.0,0.0765,3.9732,0.0,0.0,1.0,0.0,1.0,0.0,0.0,1.172,-23.972,0.0,1.0,0.0,0.0,0.0,-1.0,0.04272001872658766,0.00412310562561766,-0.28489000000000003,1.2541321050529484,10.046758706806918,,
268.2636,56.924,-0.04,0.016,52.951,0.044,0.027,-0.263,0.001,0.004,-0.263,0.001,0.005,0.153,0.165,0.104,0.005,0.002,0.007,0.0,0.0,0.0,840.795,-0.0,0.0,-0.0,0.0,0.0,0.0,0.0,0.0,-0.6785,0.7,-0.2228,0.7295,0.6776,-0.0925,0.0862,-0.2254,-0.9705,0.676,0.226,-0.7014,-0.7316,0.0917,-0.6755,-0.0884,0.9698,0.2273,0.0001,0.0,0.0001,0.0,0.0,0.0,-0.0558,-0.0267,-0.2556,29.9291,21.4808,50.8995,0.0,0.0433,-0.3641,0.0,0.0,0.0,3556199.623,3774667.4652,-4300293.2355,4022.2795,2897.1068,5879.0825,3556169.6939,3774645.9844,-4300344.135,4022.3353,2897.1335,5879.3381,0.0,0.0765,3.9732,0.0,0.0,1.0,0.0,1.0,0.0,0.0,1.172,-23.972,0.0,1.0,0.0,0.0,0.0,-1.0,0.04308131845707603,0.00412310562561766,-0.28462,1.2695890311467253,10.03723704984866,,
268.4711,56.87,-0.04,0.017,52.897,0.044,0.028,-0.263,0.001,0.004,-0.263,0.001,0.005,0.154,0.165,0.105,0.005,0.002,0.007,0.0,0.0,0.0,840.795,-0.0,0.0,-0.0,0.0,0.0,0.0,0.0,0.0,-0.6785,0.7,-0.2228,0.7295,0.6777,-0.0925,0.0862,-0.2253,-0.9705,0.676,0.226,-0.7014,-0.7316,0.0917,-0.6755,-0.0884,0.9698,0.2273,0.0001,0.0,0.0001,0.0,0.0,0.0,-0.0558,-0.0267,-0.2556,29.9176,21.4752,50.8466,0.0,0.0433,-0.3641,0.0,0.0,0.0,3557031.9539,3775266.93,-4299076.4115,4021.3199,2896.0884,5880.2425,3557002.0363,3775245.4547,-4299127.2581,4021.3758,2896.1151,5880.4981,0.0,0.0765,3.9732,0.0,0.0,1.0,0.0,1.0,0.0,0.0,1.172,-23.972,0.0,1.0,0.0,0.0,0.0,-1.0,0.043462627624201465,0.00412310562561766,-0.28435,1.2697845711202564,10.027715392890403,,
268.6774,56.816,-0.04,0.018,52.843,0.044,0.029,-0.263,0.001,0.004,-0.263,0.001,0.005,0.155,0.166,0.107,0.005,0.002,0.007,0.0,0.0,0.0,840.795,-0.0,0.0,-0.0,0.0,0.0,0.0,0.0,0.0,-0.6785,0.7,-0.2228,0.7295,0.6777,-0.0925,0.0862,-0.2253,-0.9705,0.676,0.226,-0.7014,-0.7316,0.0917,-0.6755,-0.0884,0.9698,0.2273,0.0001,0.0,0.0001,0.0,0.0,0.0,-0.0559,-0.0268,-0.2556,29.9061,21.4697,50.7941,0.0,0.0433,-0.3641,0.0,0.0,0.0,3557857.7901,3775861.65,-4297868.5593,4020.3675,2895.0775,5881.3934,3557827.884,3775840.1803,-4297919.3534,4020.4233,2895.1043,5881.649,0.0,0.0765,3.9732,0.0,0.0,1.0,0.0,1.0,0.0,0.0,1.172,-23.972,0.0,1.0,0.0,0.0,0.0,-1.0,0.043863424398922615,0.00412310562561766,-0.28408,1.269981315816579,10.018193735932147,,
268.8827,56.762,-0.04,0.019,52.789,0.044,0.03,-0.263,0.001,0.004,-0.263,0.001,0.005,0.156,0.166,0.108,0.005,0.002,0.007,0.0,0.0,0.0,840.795,-0.0,0.0,1.0,0.0,0.0,0.0,0.0,0.0,-0.6785,0.7,-0.2228,0.7295,0.6777,-0.0925,0.0862,-0.2253,-0.9705,0.676,0.226,-0.7014,-0.7316,0.0917,-0.6755,-0.0884,0.9698,0.2273,0.0001,0.0,0.0001,0.0,0.0,0.0,-0.0559,-0.0268,-0.2556,29.8947,21.4642,50.7415,0.0,0.0433,-0.3641,0.0,0.0,0.0,3558685.2103,3776457.4442,-4296657.8629,4019.4127,2894.0643,5882.5464,3558655.3156,3776435.9799,-4296708.6044,4019.4686,2894.0911,5882.802,0.0,0.0765,3.9732,0.0,0.0,1.0,0.0,1.0,0.0,0.0,1.172,-23.972,0.0,1.0,0.0,0.0,0.0,-1.0,0.044283179650969055,0.00412310562561766,-0.28381,1.2701792707087944,10.00867207897389,,
269.0844,56.709,-0.039,0.02,52.736,0.045,0.031,-0.255,0.001,0.004,-0.255,0.001,0.005,0.157,0.167,0.109,0.005,0.002,0.007,0.0,0.0,0.0,840.772,-0.0,0.0,1.0,0.0,0.0,0.0,0.0,0.0,-0.6785,0.7,-0.2227,0.7295,0.6777,-0.0925,0.0862,-0.2253,-0.9705,0.676,0.226,-0.7014,-0.7316,0.0917,-0.6755,-0.0884,0.9698,0.2273,0.0001,0.0,0.0001,0.0,0.0,0.0,-0.0541,-0.026,-0.2482,29.8835,21.4589,50.6902,0.0,0.0433,-0.3641,0.0,0.0,0.0,3559504.3774,3777047.2293,-4295458.7267,4018.4688,2893.0616,5883.6953,3559474.494,3777025.7704,-4295509.4169,4018.5229,2893.0876,5883.9435,0.0,0.0765,3.9732,0.0,0.0,1.0,0.0,1.0,0.0,0.0,1.172,-23.972,0.0,1.0,0.0,0.0,0.0,-1.0,0.04382921400162225,0.00412310562561766,-0.283545,1.2713854567366805,9.99932674899634,,
269.2922,56.657,-0.039,0.02,52.684,0.045,0.032,-0.25,0.001,0.004,-0.25,0.001,0.005,0.158,0.167,0.111,0.005,0.002,0.006,0.0,0.0,0.0,840.757,-0.0,0.0,-0.0,0.0,0.0,0.0,0.0,0.0,-0.6786,0.7,-0.2227,0.7295,0.6777,-0.0925,0.0862,-0.2252,-0.9705,0.676,0.226,-0.7014,-0.7316,0.0917,-0.6755,-0.0884,0.9698,0.2273,0.0001,0.0,0.0001,0.0,0.0,0.0,-0.0529,-0.0255,-0.2432,29.8725,21.4536,50.6398,0.0,0.0433,-0.3641,0.0,0.0,0.0,3560330.0566,3777641.6362,-4294249.5361,4017.5164,2892.0502,5884.8508,3560300.1841,3777620.1826,-4294300.1759,4017.5693,2892.0757,5885.094,0.0,0.0765,3.9732,0.0,0.0,1.0,0.0,1.0,0.0,0.0,1.172,-23.972,0.0,1.0,0.0,0.0,0.0,-1.0,0.04382921400162225,0.00412310562561766,-0.283285,1.2738328593043253,9.9901577459995,,
269.4936,56.607,-0.039,0.021,52.634,0.045,0.033,-0.25,0.001,0.004,-0.25,0.001,0.005,0.159,0.168,0.112,0.005,0.002,0.006,0.0,0.0,0.0,840.757,-0.0,0.0,-0.0,0.0,0.0,0.0,0.0,0.0,-0.6786,0.7,-0.2227,0.7295,0.6777,-0.0925,0.0862,-0.2252,-0.9705,0.676,0.226,-0.7014,-0.7316,0.0917,-0.6755,-0.0884,0.9698,0.2273,0.0001,0.0,0.0001,0.0,0.0,0.0,-0.0529,-0.0255,-0.2432,29.8618,21.4485,50.5909,0.0,0.0433,-0.3641,0.0,0.0,0.0,3561139.0516,3778223.9672,-4293064.2717,4016.5816,2891.0584,5885.978,3561109.1897,3778202.5188,-4293114.8625,4016.6345,2891.0839,5886.2212,0.0,0.0765,3.9732,0.0,0.0,1.0,0.0,1.0,0.0,0.0,1.172,-23.972,0.0,1.0,0.0,0.0,0.0,-1.0,0.0442944691807002,0.00412310562561766,-0.283035,1.2740432430513144,9.981341396964076,,
269.6982,56.556,-0.039,0.022,52.583,0.046,0.034,-0.25,0.001,0.004,-0.25,0.001,0.005,0.16,0.168,0.113,0.005,0.002,0.006,0.0,0.0,0.0,840.757,-0.0,0.0,-0.0,0.0,0.0,0.0,0.0,0.0,-0.6786,0.7,-0.2227,0.7295,0.6777,-0.0925,0.0862,-0.2252,-0.9705,0.676,0.226,-0.7014,-0.7316,0.0917,-0.6755,-0.0884,0.9698,0.2273,0.0001,0.0,0.0001,0.0,0.0,0.0,-0.0529,-0.0255,-0.2432,29.851,21.4432,50.5409,0.0,0.0433,-0.3641,0.0,0.0,0.0,3561963.8811,3778817.6304,-4291855.2883,4015.6281,2890.0468,5887.1272,3561934.0301,3778796.1871,-4291905.8292,4015.681,2890.0723,5887.3705,0.0,0.0765,3.9732,0.0,0.0,1.0,0.0,1.0,0.0,0.0,1.172,-23.972,0.0,1.0,0.0,0.0,0.0,-1.0,0.04477722635447622,0.00412310562561766,-0.28278,1.2894883716428733,9.972348720947945,,
269.899,56.505,-0.039,0.023,52.532,0.046,0.035,-0.25,0.001,0.004,-0.25,0.001,0.005,0.161,0.169,0.115,0.005,0.002,0.006,0.0,0.0,0.0,840.757,-0.0,0.0,-0.0,0.0,0.0,0.0,0.0,0.0,-0.6786,0.7,-0.2226,0.7294,0.6778,-0.0925,0.0862,-0.2252,-0.9705,0.676,0.226,-0.7014,-0.7316,0.0917,-0.6755,-0.0884,0.9698,0.2273,0.0001,0.0,0.0001,0.0,0.0,0.0,-0.0529,-0.0255,-0.2432,29.8404,21.4381,50.4919,0.0,0.0433,-0.3641,0.0,0.0,0.0,3562772.1921,3779399.3395,-4290670.0102,4014.6932,2889.055,5888.2534,3562742.3517,3779377.9013,-4290720.5021,4014.7461,2889.0805,5888.4966,0.0,0.0765,3.9732,0.0,0.0,1.0,0.0,1.0,0.0,0.0,1.172,-23.972,0.0,1.0,0.0,0.0,0.0,-1.0,0.04527692569068708,0.00412310562561766,-0.282525,1.289700995602718,9.963356044931814,,
270.1003,56.455,-0.038,0.024,52.482,0.046,0.036,-0.25,0.001,0.004,-0.25,0.001,0.005,0.162,0.169,0.116,0.005,0.002,0.006,0.0,0.0,0.0,840.757,-0.0,0.0,-0.0,0.0,0.0,0.0,0.0,0.0,-0.6786,0.7,-0.2226,0.7294,0.6778,-0.0925,0.0862,-0.2251,-0.9705,0.676,0.226,-0.7014,-0.7316,0.0917,-0.6755,-0.0884,0.9698,0.2273,0.0001,0.0,0.0001,0.0,0.0,0.0,-0.0529,-0.0255,-0.2433,29.8297,21.433,50.4431,0.0,0.0433,-0.3641,0.0,0.0,0.0,3563577.4198,3779978.7657,-4289488.7536,4013.7615,2888.0667,5889.3752,3563547.5901,3779957.3327,-4289539.1967,4013.8144,2888.0922,5889.6185,0.0,0.0765,3.9732,0.0,0.0,1.0,0.0,1.0,0.0,0.0,1.172,-23.972,0.0,1.0,0.0,0.0,0.0,-1.0,0.044944410108488465,0.00412310562561766,-0.282275,1.2756935459043426,9.95453969589639,,
270.3092,56.403,-0.038,0.025,52.43,0.047,0.036,-0.25,0.001,0.004,-0.25,0.001,0.005,0.163,0.169,0.117,0.005,0.002,0.006,0.0,0.0,0.0,840.757,-0.0,0.0,-0.0,0.0,0.0,0.0,0.0,0.0,-0.6786,0.6999,-0.2226,0.7294,0.6778,-0.0924,0.0862,-0.2251,-0.9705,0.676,0.226,-0.7014,-0.7316,0.0917,-0.6755,-0.0884,0.9698,0.2273,0.0001,0.0,0.0001,0.0,0.0,0.0,-0.0529,-0.0255,-0.2433,29.8188,21.4277,50.3925,0.0,0.0433,-0.3641,0.0,0.0,0.0,3564412.0868,3780579.3089,-4288263.7809,4012.7952,2887.0418,5890.538,3564382.2681,3780557.8811,-4288314.1734,4012.8481,2887.0673,5890.7813,0.0,0.0765,3.9732,0.0,0.0,1.0,0.0,1.0,0.0,0.0,1.172,-23.972,0.0,1.0,0.0,0.0,0.0,-1.0,0.04548626166217664,0.00412310562561766,-0.282015,1.2887084464381724,9.94537069289955,,
270.5141,56.351,-0.038,0.026,52.378,0.047,0.037,-0.25,0.001,0.004,-0.25,0.001,0.005,0.164,0.17,0.119,0.005,0.002,0.006,0.0,0.0,0.0,840.757,-0.0,0.0,-0.0,0.0,0.0,0.0,0.0,0.0,-0.6786,0.6999,-0.2226,0.7294,0.6778,-0.0924,0.0862,-0.2251,-0.9705,0.676,0.226,-0.7014,-0.7316,0.0917,-0.6755,-0.0884,0.9698,0.2273,0.0001,0.0,0.0001,0.0,0.0,0.0,-0.053,-0.0255,-0.2433,29.8078,21.4225,50.3424,0.0,0.0433,-0.3641,0.0,0.0,0.0,3565239.7775,3781174.7643,-4287048.5198,4011.8366,2886.0251,5891.691,3565209.9697,3781153.3419,-4287098.8622,4011.8895,2886.0506,5891.9343,0.0,0.0765,3.9732,0.0,0.0,1.0,0.0,1.0,0.0,0.0,1.172,-23.972,0.0,1.0,0.0,0.0,0.0,-1.0,0.04604345773288535,0.00412310562561766,-0.281755,1.288914046455192,9.93620168990271,,
270.7156,56.301,-0.038,0.027,52.328,0.047,0.038,-0.25,0.001,0.004,-0.25,0.001,0.005,0.165,0.17,0.12,0.005,0.002,0.006,0.0,0.0,0.0,840.757,-0.0,0.0,-0.0,0.0,0.0,0.0,0.0,0.0,-0.6786,0.6999,-0.2226,0.7294,0.6778,-0.0924,0.0862,-0.2251,-0.9705,0.676,0.226,-0.7014,-0.7316,0.0917,-0.6755,-0.0884,0.9698,0.2273,0.0001,0.0,0.0001,0.0,0.0,0.0,-0.053,-0.0255,-0.2433,29.7972,21.4173,50.2935,0.0,0.0433,-0.3641,0.0,0.0,0.0,3566045.2468,3781754.169,-4285865.3751,4010.9032,2885.0352,5892.813,3566015.4496,3781732.7517,-4285915.6686,4010.9562,2885.0608,5893.0563,0.0,0.0765,3.9732,0.0,0.0,1.0,0.0,1.0,0.0,0.0,1.172,-23.972,0.0,1.0,0.0,0.0,0.0,-1.0,0.04661544808322666,0.00412310562561766,-0.281505,1.2891189488639658,9.927385340867287,,
270.9234,56.249,-0.038,0.028,52.276,0.047,0.039,-0.25,0.001,0.004,-0.25,0.001,0.005,0.166,0.171,0.121,0.005,0.002,0.006,0.0,0.0,0.0,840.757,-0.0,0.0,-0.0,0.0,0.0,0.0,0.0,0.0,-0.6787,0.6999,-0.2225,0.7294,0.6778,-0.0924,0.0862,-0.225,-0.9705,0.676,0.226,-0.7014,-0.7316,0.0917,-0.6755,-0.0884,0.9698,0.2273,0.0001,0.0,0.0001,0.0,0.0,0.0,-0.053,-0.0255,-0.2433,29.7862,21.412,50.243,0.0,0.0433,-0.3641,0.0,0.0,0.0,3566878.0457,3782353.1654,-4284641.5617,4009.9378,2884.0114,5893.973,3566848.2595,3782331.7533,-4284691.8047,4009.9908,2884.037,5894.2163,0.0,0.0765,3.9732,0.0,0.0,1.0,0.0,1.0,0.0,0.0,1.172,-23.972,0.0,1.0,0.0,0.0,0.0,-1.0,0.047201694884823786,0.00412310562561766,-0.281245,1.2893269965299008,9.918216337870447,,
271.1239,56.199,-0.037,0.029,52.226,0.048,0.04,-0.25,0.001,0.004,-0.25,0.001,0.005,0.167,0.171,0.123,0.005,0.002,0.006,0.0,0.0,0.0,840.757,-0.0,0.0,-0.0,0.0,0.0,0.0,0.0,0.0,-0.6787,0.6999,-0.2225,0.7294,0.6778,-0.0924,0.0862,-0.225,-0.9705,0.676,0.226,-0.7014,-0.7316,0.0917,-0.6755,-0.0884,0.9698,0.2273,0.0001,0.0,0.0001,0.0,0.0,0.0,-0.053,-0.0255,-0.2433,29.7756,21.4069,50.1941,0.0,0.0433,-0.3641,0.0,0.0,0.0,3567682.8366,3782931.952,-4283458.3951,4009.0044,2883.0217,5895.094,3567653.061,3782910.5451,-4283508.5893,4009.0574,2883.0472,5895.3373,0.0,0.0765,3.9732,0.0,0.0,1.0,0.0,1.0,0.0,0.0,1.172,-23.972,0.0,1.0,0.0,0.0,0.0,-1.0,0.04701063709417263,0.00412310562561766,-0.280995,1.2905506339698087,9.909399988835023,,
271.327,56.148,-0.037,0.029,52.175,0.048,0.041,-0.25,0.001,0.004,-0.25,0.001,0.005,0.167,0.172,0.124,0.005,0.002,0.006,0.0,0.0,0.0,840.757,-0.0,0.0,-0.0,0.0,0.0,0.0,0.0,0.0,-0.6787,0.6999,-0.2225,0.7294,0.6779,-0.0924,0.0861,-0.225,-0.9705,0.676,0.226,-0.7014,-0.7316,0.0917,-0.6755,-0.0884,0.9698,0.2273,0.0001,0.0,0.0001,0.0,0.0,0.0,-0.053,-0.0255,-0.2433,29.7649,21.4018,50.145,0.0,0.0433,-0.3641,0.0,0.0,0.0,3568492.9426,3783514.4964,-4282266.9107,4008.0644,2882.025,5896.2223,3568463.1777,3783493.0947,-4282317.0556,4008.1174,2882.0505,5896.4656,0.0,0.0765,3.9732,0.0,0.0,1.0,0.0,1.0,0.0,0.0,1.172,-23.972,0.0,1.0,0.0,0.0,0.0,-1.0,0.04701063709417263,0.00412310562561766,-0.28074,1.293082237105655,9.900407312818892,,
271.5301,56.097,-0.037,0.03,52.124,0.048,0.042,-0.25,0.001,0.004,-0.25,0.001,0.005,0.168,0.172,0.125,0.005,0.002,0.006,0.0,0.0,0.0,840.757,-0.0,0.0,-0.0,0.0,0.0,0.0,0.0,0.0,-0.6787,0.6999,-0.2225,0.7293,0.6779,-0.0924,0.0861,-0.225,-0.9706,0.676,0.226,-0.7014,-0.7316,0.0917,-0.6755,-0.0884,0.9698,0.2273,0.0001,0.0,0.0001,0.0,0.0,0.0,-0.053,-0.0255,-0.2433,29.7541,21.3965,50.0953,0.0,0.0433,-0.3641,0.0,0.0,0.0,3569311.1388,3784102.7928,-4281063.0114,4007.1145,2881.0179,5897.3619,3569281.3847,3784081.3962,-4281113.1066,4007.1675,2881.0435,5897.6052,0.0,0.0765,3.9732,0.0,0.0,1.0,0.0,1.0,0.0,0.0,1.172,-23.972,0.0,1.0,0.0,0.0,0.0,-1.0,0.04763402145525821,0.00412310562561766,-0.280485,1.2933053581542007,9.89141463680276,,
271.7388,56.045,-0.037,0.031,52.072,0.049,0.043,-0.25,0.001,0.004,-0.25,0.001,0.005,0.169,0.173,0.127,0.005,0.002,0.006,0.0,0.0,0.0,840.757,-0.0,0.0,-0.0,0.0,0.0,0.0,0.0,0.0,-0.6787,0.6999,-0.2225,0.7293,0.6779,-0.0924,0.0861,-0.2249,-0.9706,0.676,0.226,-0.7014,-0.7316,0.0917,-0.6755,-0.0884,0.9698,0.2273,0.0001,0.0,0.0001,0.0,0.0,0.0,-0.053,-0.0256,-0.2433,29.743,21.3912,50.0446,0.0,0.0433,-0.3641,0.0,0.0,0.0,3570145.399,3784702.5708,-4279834.9445,4006.1456,2879.9907,5898.5237,3570115.6559,3784681.1796,-4279884.9891,4006.1986,2880.0163,5898.7671,0.0,0.0765,3.9732,0.0,0.0,1.0,0.0,1.0,0.0,0.0,1.172,-23.972,0.0,1.0,0.0,0.0,0.0,-1.0,0.048270073544588676,0.00412310562561766,-0.280225,1.308759663117968,9.882245633805919,,
271.9393,55.995,-0.037,0.032,52.022,0.049,0.044,-0.25,0.001,0.004,-0.25,0.001,0.005,0.17,0.173,0.128,0.005,0.002,0.006,0.0,0.0,0.0,840.757,-0.0,0.0,-0.0,0.0,0.0,0.0,0.0,0.0,-0.6787,0.6999,-0.2224,0.7293,0.6779,-0.0924,0.0861,-0.2249,-0.9706,0.676,0.226,-0.7014,-0.7316,0.0917,-0.6755,-0.0884,0.9698,0.2273,0.0001,0.0,0.0001,0.0,0.0,0.0,-0.053,-0.0256,-0.2434,29.7324,21.3861,49.9956,0.0,0.0433,-0.3641,0.0,0.0,0.0,3570951.8195,3785282.2688,-4278647.3441,4005.2085,2878.9974,5899.6468,3570922.0871,3785260.8827,-4278697.3397,4005.2616,2879.023,5899.8901,0.0,0.0765,3.9732,0.0,0.0,1.0,0.0,1.0,0.0,0.0,1.172,-23.972,0.0,1.0,0.0,0.0,0.0,-1.0,0.04891829923454003,0.00412310562561766,-0.279975,1.308983123369801,9.873429284770495,,
272.1466,55.943,-0.036,0.033,51.97,0.049,0.045,-0.25,0.001,0.004,-0.25,0.001,0.005,0.171,0.174,0.129,0.005,0.002,0.006,0.0,0.0,0.0,840.757,-0.0,0.0,-0.0,0.0,0.0,0.0,0.0,0.0,-0.6787,0.6999,-0.2224,0.7293,0.6779,-0.0924,0.0861,-0.2249,-0.9706,0.676,0.226,-0.7014,-0.7316,0.0917,-0.6755,-0.0884,0.9698,0.2273,0.0001,0.0,0.0001,0.0,0.0,0.0,-0.053,-0.0256,-0.2434,29.7214,21.3808,49.9452,0.0,0.0433,-0.3641,0.0,0.0,0.0,3571781.2668,3785878.4526,-4277425.3068,4004.2443,2877.9753,5900.8018,3571751.5454,3785857.0718,-4277475.252,4004.2973,2878.0009,5901.0452,0.0,0.0765,3.9732,0.0,0.0,1.0,0.0,1.0,0.0,0.0,1.172,-23.972,0.0,1.0,0.0,0.0,0.0,-1.0,0.04883646178829912,0.00412310562561766,-0.279715,1.295001805467363,9.864260281773655,,
272.3538,55.891,-0.036,0.034,51.918,0.049,0.046,-0.25,0.001,0.004,-0.25,0.001,0.005,0.172,0.174,0.131,0.005,0.002,0.006,0.0,0.0,0.0,840.757,-0.0,0.0,-0.0,0.0,0.0,0.0,0.0,0.0,-0.6788,0.6999,-0.2224,0.7293,0.6779,-0.0924,0.0861,-0.2249,-0.9706,0.676,0.226,-0.7014,-0.7316,0.0917,-0.6755,-0.0884,0.9698,0.2273,0.0001,0.0,0.0001,0.0,0.0,0.0,-0.053,-0.0256,-0.2434,29.7105,21.3755,49.895,0.0,0.0433,-0.3641,0.0,0.0,0.0,3572607.5155,3786472.2695,-4276207.4514,4003.2833,2876.9567,5901.9524,3572577.8051,3786450.894,-4276257.3464,4003.3363,2876.9823,5902.1957,0.0,0.0765,3.9732,0.0,0.0,1.0,0.0,1.0,0.0,0.0,1.172,-23.972,0.0,1.0,0.0,0.0,0.0,-1.0,0.04951767361255979,0.00412310562561766,-0.279455,1.2952318431105707,9.855091278776815,,
272.5592,55.84,-0.036,0.035,51.867,0.05,0.047,-0.25,0.001,0.004,-0.25,0.001,0.005,0.173,0.175,0.132,0.005,0.002,0.006,0.0,0.0,0.0,840.757,-0.0,0.0,-0.0,0.0,0.0,0.0,0.0,0.0,-0.6788,0.6999,-0.2224,0.7293,0.678,-0.0923,0.0861,-0.2248,-0.9706,0.676,0.226,-0.7014,-0.7316,0.0917,-0.6755,-0.0884,0.9698,0.2273,0.0001,0.0,0.0001,0.0,0.0,0.0,-0.0531,-0.0256,-0.2434,29.6996,21.3703,49.8449,0.0,0.0433,-0.3641,0.0,0.0,0.0,3573431.0112,3787064.0402,-4274993.1283,4002.325,2875.9412,5903.099,3573401.3116,3787042.6699,-4275042.9732,4002.3781,2875.9668,5903.3424,0.0,0.0765,3.9732,0.0,0.0,1.0,0.0,1.0,0.0,0.0,1.172,-23.972,0.0,1.0,0.0,0.0,0.0,-1.0,0.050209560842532766,0.00412310562561766,-0.2792,1.310686718051658,9.846098602760685,,
272.7623,55.789,-0.036,0.036,51.816,0.05,0.048,-0.25,0.001,0.004,-0.25,0.001,0.005,0.174,0.175,0.133,0.005,0.002,0.006,0.0,0.0,0.0,840.757,-0.0,0.0,-0.0,0.0,0.0,0.0,0.0,0.0,-0.6788,0.6999,-0.2223,0.7293,0.678,-0.0923,0.0861,-0.2248,-0.9706,0.676,0.226,-0.7014,-0.7316,0.0917,-0.6755,-0.0884,0.9698,0.2273,0.0001,0.0,0.0001,0.0,0.0,0.0,-0.0531,-0.0256,-0.2434,29.6888,21.365,49.7953,0.0,0.0433,-0.3641,0.0,0.0,0.0,3574246.5681,3787650.0401,-4273789.9901,4001.3756,2874.935,5904.2346,3574216.8794,3787628.6751,-4273839.7854,4001.4287,2874.9606,5904.478,0.0,0.0765,3.9732,0.0,0.0,1.0,0.0,1.0,0.0,0.0,1.172,-23.972,0.0,1.0,0.0,0.0,0.0,-1.0,0.05091168824543142,0.00412310562561766,-0.278945,1.310917084160506,9.837105926744552,,
272.9635,55.738,-0.036,0.037,51.765,0.05,0.049,-0.25,0.001,0.004,-0.25,0.001,0.005,0.175,0.176,0.135,0.005,0.002,0.006,0.0,0.0,0.0,840.757,-0.0,0.0,-0.0,0.0,0.0,0.0,0.0,0.0,-0.6788,0.6999,-0.2223,0.7293,0.678,-0.0923,0.0861,-0.2248,-0.9706,0.676,0.226,-0.7014,-0.7316,0.0917,-0.6755,-0.0884,0.9698,0.2273,0.0001,0.0,0.0001,0.0,0.0,0.0,-0.0531,-0.0256,-0.2434,29.6781,21.3599,49.7464,0.0,0.0433,-0.3641,0.0,0.0,0.0,3575049.8947,3788227.1876,-4272604.3891,4000.44,2873.9435,5905.3531,3575020.2165,3788205.8277,-4272654.1355,4000.493,2873.9691,5905.5965,0.0,0.0765,3.9732,0.0,0.0,1.0,0.0,1.0,0.0,0.0,1.172,-23.972,0.0,1.0,0.0,0.0,0.0,-1.0,0.05162363799656122,0.00412310562561766,-0.27869,1.3111487307551375,9.828113250728421,,
273.1651,55.688,-0.035,0.038,51.715,0.05,0.05,-0.25,0.001,0.004,-0.25,0.001,0.005,0.176,0.176,0.136,0.005,0.002,0.006,0.0,0.0,0.0,840.757,-0.0,0.0,-0.0,0.0,0.0,0.0,0.0,0.0,-0.6788,0.6999,-0.2223,0.7292,0.678,-0.0923,0.0861,-0.2248,-0.9706,0.676,0.226,-0.7014,-0.7316,0.0917,-0.6755,-0.0884,0.9698,0.2273,0.0001,0.0,0.0001,0.0,0.0,0.0,-0.0531,-0.0256,-0.2434,29.6674,21.3547,49.6971,0.0,0.0433,-0.3641,0.0,0.0,0.0,3575860.7652,3788809.6896,-4271407.1473,3999.4951,2872.9424,5906.482,3575831.0978,3788788.3349,-4271456.8444,3999.5482,2872.968,5906.7254,0.0,0.0765,3.9732,0.0,0.0,1.0,0.0,1.0,0.0,0.0,1.172,-23.972,0.0,1.0,0.0,0.0,0.0,-1.0,0.05166236541235796,0.00412310562561766,-0.27844,1.2971821093357534,9.819296901692997,,
273.3685,55.637,-0.035,0.038,51.664,0.051,0.05,-0.25,0.001,0.004,-0.25,0.001,0.005,0.177,0.177,0.137,0.005,0.002,0.006,0.0,0.0,0.0,840.757,-0.0,0.0,-0.0,0.0,0.0,0.0,0.0,0.0,-0.6788,0.6999,-0.2223,0.7292,0.678,-0.0923,0.0861,-0.2248,-0.9706,0.676,0.226,-0.7014,-0.7316,0.0917,-0.6755,-0.0884,0.9698,0.2273,0.0001,0.0,0.0001,0.0,0.0,0.0,-0.0531,-0.0256,-0.2434,29.6566,21.3495,49.6478,0.0,0.0433,-0.3641,0.0,0.0,0.0,3576670.3889,3789391.2311,-4270211.2337,3998.5512,2871.9423,5907.6092,3576640.7323,3789369.8816,-4270260.8815,3998.6043,2871.968,5907.8526,0.0,0.0765,3.9732,0.0,0.0,1.0,0.0,1.0,0.0,0.0,1.172,-23.972,0.0,1.0,0.0,0.0,0.0,-1.0,0.05166236541235796,0.00412310562561766,-0.278185,1.3124599140131203,9.810304225676866,,
273.5693,55.587,-0.035,0.039,51.614,0.051,0.051,-0.25,0.001,0.004,-0.25,0.001,0.005,0.178,0.177,0.139,0.005,0.002,0.006,0.0,0.0,0.0,840.757,-0.0,0.0,-0.0,0.0,0.0,0.0,0.0,0.0,-0.6788,0.6998,-0.2223,0.7292,0.678,-0.0923,0.0861,-0.2247,-0.9706,0.676,0.226,-0.7014,-0.7316,0.0917,-0.6755,-0.0884,0.9698,0.2273,0.0001,0.0,0.0001,0.0,0.0,0.0,-0.0531,-0.0256,-0.2434,29.646,21.3444,49.599,0.0,0.0433,-0.3641,0.0,0.0,0.0,3577472.1012,3789967.0254,-4269026.5043,3997.6162,2870.9517,5908.7253,3577442.4552,3789945.681,-4269076.1032,3997.6693,2870.9773,5908.9687,0.0,0.0765,3.9732,0.0,0.0,1.0,0.0,1.0,0.0,0.0,1.172,-23.972,0.0,1.0,0.0,0.0,0.0,-1.0,0.05240229002629561,0.00412310562561766,-0.27793500000000004,1.3126941209691485,9.801487876641444,,
273.7775,55.535,-0.035,0.04,51.562,0.051,0.052,-0.25,0.001,0.004,-0.25,0.001,0.005,0.179,0.178,0.14,0.005,0.002,0.006,0.0,0.0,0.0,840.757,-0.0,0.0,-0.0,0.0,0.0,0.0,0.0,0.0,-0.6789,0.6998,-0.2222,0.7292,0.678,-0.0923,0.0861,-0.2247,-0.9706,0.676,0.226,-0.7014,-0.7316,0.0917,-0.6755,-0.0884,0.9698,0.2273,0.0001,0.0,0.0001,0.0,0.0,0.0,-0.0531,-0.0256,-0.2435,29.635,21.3391,49.5485,0.0,0.0433,-0.3641,0.0,0.0,0.0,3578301.0938,3790562.3454,-4267800.9344,3996.6489,2869.927,5909.8793,3578271.4589,3790541.0063,-4267850.4829,3996.702,2869.9526,5910.1227,0.0,0.0765,3.9732,0.0,0.0,1.0,0.0,1.0,0.0,0.0,1.172,-23.972,0.0,1.0,0.0,0.0,0.0,-1.0,0.05315072906367325,0.00412310562561766,-0.277675,1.312931856951924,9.792318873644602,,
273.9776,55.485,-0.035,0.041,51.512,0.051,0.053,-0.25,0.001,0.004,-0.25,0.001,0.005,0.18,0.178,0.141,0.005,0.002,0.006,0.0,0.0,0.0,840.757,-0.0,0.0,-0.0,0.0,0.0,0.0,0.0,0.0,-0.6789,0.6998,-0.2222,0.7292,0.6781,-0.0923,0.0861,-0.2247,-0.9706,0.676,0.226,-0.7014,-0.7316,0.0917,-0.6755,-0.0884,0.9698,0.2273,0.0001,0.0,0.0001,0.0,0.0,0.0,-0.0531,-0.0256,-0.2435,29.6243,21.334,49.4996,0.0,0.0433,-0.3641,0.0,0.0,0.0,3579102.5739,3791137.8431,-4266615.526,3995.7132,2868.9358,5910.9949,3579072.9495,3791116.5092,-4266665.0256,3995.7663,2868.9615,5911.2384,0.0,0.0765,3.9732,0.0,0.0,1.0,0.0,1.0,0.0,0.0,1.172,-23.972,0.0,1.0,0.0,0.0,0.0,-1.0,0.05390732788777423,0.00412310562561766,-0.277425,1.313168657617847,9.78350252460918,,
274.1832,55.433,-0.035,0.042,51.46,0.052,0.054,-0.25,0.001,0.004,-0.25,0.001,0.005,0.181,0.179,0.143,0.005,0.002,0.006,0.0,0.0,0.0,840.757,-0.0,0.0,-0.0,0.0,0.0,0.0,0.0,0.0,-0.6789,0.6998,-0.2222,0.7292,0.6781,-0.0923,0.0861,-0.2247,-0.9706,0.676,0.226,-0.7014,-0.7316,0.0917,-0.6755,-0.0884,0.9698,0.2273,0.0001,0.0,0.0001,0.0,0.0,0.0,-0.0531,-0.0256,-0.2435,29.6135,21.3287,49.4496,0.0,0.0433,-0.3641,0.0,0.0,0.0,3579923.7937,3791727.4479,-4265400.4061,3994.754,2867.9199,5912.138,3579894.1803,3791706.1192,-4265449.8556,3994.8072,2867.9455,5912.3815,0.0,0.0765,3.9732,0.0,0.0,1.0,0.0,1.0,0.0,0.0,1.172,-23.972,0.0,1.0,0.0,0.0,0.0,-1.0,0.05467174773134659,0.00412310562561766,-0.277165,1.3286316140287675,9.77433352161234,,
274.3897,55.381,-0.034,0.043,51.408,0.052,0.055,-0.251,0.001,0.004,-0.25,0.001,0.005,0.182,0.179,0.144,0.005,0.002,0.006,0.0,0.0,0.0,840.757,-0.0,0.0,-0.0,0.0,0.0,0.0,0.0,0.0,-0.6789,0.6998,-0.2222,0.7292,0.6781,-0.0923,0.0861,-0.2246,-0.9706,0.676,0.226,-0.7014,-0.7316,0.0917,-0.6755,-0.0884,0.9698,0.2273,0.0001,0.0,0.0001,0.0,0.0,0.0,-0.0531,-0.0257,-0.2435,29.6025,21.3234,49.3992,0.0,0.0433,-0.3641,0.0,0.0,0.0,3580749.9749,3792320.5473,-4264177.41,3993.7886,2866.8974,5913.288,3580720.3725,3792299.2239,-4264226.8092,3993.8418,2866.9231,5913.5315,0.0,0.0765,3.9732,0.0,0.0,1.0,0.0,1.0,0.0,0.0,1.172,-23.972,0.0,1.0,0.0,0.0,0.0,-1.0,0.05481788029466298,0.00412310562561766,-0.276905,1.3146785765448115,9.7651645186155,,
274.5969,55.329,-0.034,0.044,51.356,0.052,0.056,-0.251,0.001,0.004,-0.251,0.001,0.005,0.183,0.18,0.145,0.005,0.002,0.006,0.0,0.0,0.0,840.757,-0.0,0.0,-0.0,0.0,0.0,0.0,0.0,0.0,-0.6789,0.6998,-0.2221,0.7292,0.6781,-0.0922,0.0861,-0.2246,-0.9706,0.676,0.226,-0.7014,-0.7316,0.0917,-0.6755,-0.0884,0.9698,0.2273,0.0001,0.0,0.0001,0.0,0.0,0.0,-0.0531,-0.0257,-0.2435,29.5914,21.318,49.3485,0.0,0.0433,-0.3641,0.0,0.0,0.0,3581580.8247,3792916.929,-4262946.9681,3992.8173,2865.8688,5914.4444,3581551.2333,3792895.6109,-4262996.3167,3992.8705,2865.8944,5914.6879,0.0,0.0765,3.9732,0.0,0.0,1.0,0.0,1.0,0.0,0.0,1.172,-23.972,0.0,1.0,0.0,0.0,0.0,-1.0,0.055605755097831375,0.00412310562561766,-0.27664500000000003,1.3149224301506033,9.75599551561866,,
274.8044,55.277,-0.034,0.045,51.304,0.052,0.057,-0.251,0.001,0.004,-0.251,0.001,0.005,0.184,0.18,0.147,0.005,0.002,0.006,0.0,0.0,0.0,840.757,-0.0,0.0,-0.0,0.0,0.0,0.0,0.0,0.0,-0.6789,0.6998,-0.2221,0.7291,0.6781,-0.0922,0.0861,-0.2246,-0.9706,0.676,0.226,-0.7014,-0.7316,0.0917,-0.6755,-0.0884,0.9698,0.2273,0.0001,0.0,0.0001,0.0,0.0,0.0,-0.0532,-0.0257,-0.2435,29.5804,21.3127,49.2979,0.0,0.0433,-0.3641,0.0,0.0,0.0,3582410.8925,3793512.6809,-4261717.1417,3991.8465,2864.8406,5915.5997,3582381.3121,3793491.3682,-4261766.4396,3991.8996,2864.8663,5915.8432,0.0,0.0765,3.9732,0.0,0.0,1.0,0.0,1.0,0.0,0.0,1.172,-23.972,0.0,1.0,0.0,0.0,0.0,-1.0,0.0564003546088143,0.00412310562561766,-0.276385,1.315167625069052,9.74682651262182,,
275.0079,55.226,-0.034,0.046,51.253,0.053,0.058,-0.251,0.001,0.004,-0.251,0.001,0.005,0.185,0.181,0.148,0.005,0.002,0.006,0.0,0.0,0.0,840.757,-0.0,0.0,-0.0,0.0,0.0,0.0,0.0,0.0,-0.6789,0.6998,-0.2221,0.7291,0.6781,-0.0922,0.0861,-0.2246,-0.9707,0.676,0.226,-0.7014,-0.7316,0.0917,-0.6755,-0.0884,0.9698,0.2273,0.0001,0.0,0.0001,0.0,0.0,0.0,-0.0532,-0.0257,-0.2435,29.5697,21.3075,49.2487,0.0,0.0433,-0.3641,0.0,0.0,0.0,3583216.7399,3794090.9832,-4260522.6874,3990.9035,2863.8421,5916.7212,3583187.1703,3794069.6756,-4260571.9362,3990.9567,2863.8678,5916.9647,0.0,0.0765,3.9732,0.0,0.0,1.0,0.0,1.0,0.0,0.0,1.172,-23.972,0.0,1.0,0.0,0.0,0.0,-1.0,0.057201398584300366,0.00412310562561766,-0.27613,1.3306310381347728,9.737833836605686,,
275.2122,55.175,-0.034,0.047,51.202,0.053,0.059,-0.251,0.001,0.004,-0.251,0.001,0.005,0.186,0.181,0.149,0.005,0.002,0.006,0.0,0.0,0.0,840.757,-0.0,0.0,-0.0,0.0,0.0,0.0,0.0,0.0,-0.6789,0.6998,-0.2221,0.7291,0.6781,-0.0922,0.0861,-0.2245,-0.9707,0.676,0.226,-0.7014,-0.7316,0.0917,-0.6755,-0.0884,0.9698,0.2273,0.0001,0.0,0.0001,0.0,0.0,0.0,-0.0532,-0.0257,-0.2435,29.5587,21.3023,49.1987,0.0,0.0433,-0.3641,0.0,0.0,0.0,3584036.4573,3794679.1727,-4259307.1493,3989.9438,2862.826,5917.8619,3584006.8985,3794657.8704,-4259356.348,3989.997,2862.8517,5918.1055,0.0,0.0765,3.9732,0.0,0.0,1.0,0.0,1.0,0.0,0.0,1.172,-23.972,0.0,1.0,0.0,0.0,0.0,-1.0,0.058008620049092706,0.00412310562561766,-0.275875,1.3308764738248677,9.728841160589555,,
275.4128,55.125,-0.034,0.047,51.152,0.053,0.06,-0.251,0.001,0.004,-0.251,0.001,0.005,0.187,0.182,0.151,0.005,0.002,0.006,0.0,0.0,0.0,840.757,-0.0,0.0,-0.0,0.0,0.0,0.0,0.0,0.0,-0.679,0.6998,-0.2221,0.7291,0.6782,-0.0922,0.0861,-0.2245,-0.9707,0.676,0.226,-0.7014,-0.7316,0.0917,-0.6755,-0.0884,0.9698,0.2273,0.0001,0.0,0.0001,0.0,0.0,0.0,-0.0532,-0.0257,-0.2436,29.5481,21.2971,49.1498,0.0,0.0433,-0.3641,0.0,0.0,0.0,3584837.6264,3795253.9877,-4258118.6083,3989.0055,2861.8326,5918.9768,3584808.0783,3795232.6906,-4258167.7581,3989.0586,2861.8582,5919.2204,0.0,0.0765,3.9732,0.0,0.0,1.0,0.0,1.0,0.0,0.0,1.172,-23.972,0.0,1.0,0.0,0.0,0.0,-1.0,0.058008620049092706,0.00412310562561766,-0.275625,1.3337528588490024,9.720024811554131,,
275.6135,55.075,-0.034,0.048,51.102,0.053,0.061,-0.251,0.001,0.004,-0.251,0.001,0.005,0.188,0.182,0.152,0.005,0.002,0.006,0.0,0.0,0.0,840.757,-0.0,0.0,-0.0,0.0,0.0,0.0,0.0,0.0,-0.679,0.6998,-0.222,0.7291,0.6782,-0.0922,0.0861,-0.2245,-0.9707,0.676,0.226,-0.7014,-0.7316,0.0917,-0.6755,-0.0884,0.9698,0.2273,0.0001,0.0,0.0001,0.0,0.0,0.0,-0.0532,-0.0257,-0.2436,29.5375,21.292,49.1012,0.0,0.0433,-0.3641,0.0,0.0,0.0,3585632.8514,3795824.4743,-4256938.387,3988.0736,2860.8461,5920.0834,3585603.3139,3795803.1824,-4256987.4882,3988.1268,2860.8718,5920.3269,0.0,0.0765,3.9732,0.0,0.0,1.0,0.0,1.0,0.0,0.0,1.172,-23.972,0.0,1.0,0.0,0.0,0.0,-1.0,0.05882176467941097,0.00412310562561766,-0.27537500000000004,1.3340112338518535,9.711208462518709,,
275.8144,55.024,-0.033,0.049,51.051,0.054,0.062,-0.251,0.001,0.004,-0.251,0.001,0.005,0.189,0.183,0.153,0.005,0.002,0.006,0.0,0.0,0.0,840.757,-0.0,0.0,-0.0,0.0,0.0,0.0,0.0,0.0,-0.679,0.6998,-0.222,0.7291,0.6782,-0.0922,0.086,-0.2245,-0.9707,0.676,0.226,-0.7014,-0.7316,0.0917,-0.6755,-0.0884,0.9698,0.2273,0.0001,0.0,0.0001,0.0,0.0,0.0,-0.0532,-0.0257,-0.2436,29.5267,21.2868,49.0519,0.0,0.0433,-0.3641,0.0,0.0,0.0,3586439.8117,3796403.315,-4255740.2414,3987.1276,2859.8446,5921.2062,3586410.285,3796382.0282,-4255789.2934,3987.1808,2859.8703,5921.4498,0.0,0.0765,3.9732,0.0,0.0,1.0,0.0,1.0,0.0,0.0,1.172,-23.972,0.0,1.0,0.0,0.0,0.0,-1.0,0.05907622195096772,0.00412310562561766,-0.27512000000000003,1.335304070485922,9.702215786502578,,
276.0146,54.974,-0.033,0.05,51.001,0.054,0.062,-0.251,0.001,0.004,-0.251,0.001,0.005,0.19,0.183,0.155,0.005,0.002,0.006,0.0,0.0,0.0,840.757,-0.0,0.0,-0.0,0.0,0.0,0.0,0.0,0.0,-0.679,0.6998,-0.222,0.7291,0.6782,-0.0922,0.086,-0.2244,-0.9707,0.676,0.226,-0.7014,-0.7316,0.0917,-0.6755,-0.0884,0.9698,0.2273,0.0001,0.0,0.0001,0.0,0.0,0.0,-0.0532,-0.0257,-0.2436,29.5161,21.2817,49.0034,0.0,0.0433,-0.3641,0.0,0.0,0.0,3587233.5292,3796972.5925,-4254561.2601,3986.1967,2858.8592,5922.3106,3587204.0131,3796951.3109,-4254610.2635,3986.2499,2858.8849,5922.5542,0.0,0.0765,3.9732,0.0,0.0,1.0,0.0,1.0,0.0,0.0,1.172,-23.972,0.0,1.0,0.0,0.0,0.0,-1.0,0.05990826320300064,0.00412310562561766,-0.27487,1.3327142494497892,9.693399437467153,,
276.2158,54.923,-0.033,0.051,50.95,0.054,0.063,-0.251,0.001,0.004,-0.251,0.001,0.005,0.191,0.184,0.156,0.005,0.002,0.006,0.0,0.0,0.0,840.757,-0.0,0.0,-0.0,0.0,0.0,0.0,0.0,0.0,-0.679,0.6998,-0.222,0.7291,0.6782,-0.0922,0.086,-0.2244,-0.9707,0.676,0.226,-0.7014,-0.7316,0.0917,-0.6755,-0.0884,0.9698,0.2273,0.0001,0.0,0.0001,0.0,0.0,0.0,-0.0532,-0.0257,-0.2436,29.5053,21.2765,48.9542,0.0,0.0433,-0.3641,0.0,0.0,0.0,3588039.9868,3797550.9428,-4253362.8478,3985.2504,2857.8576,5923.4327,3588010.4814,3797529.6663,-4253411.802,3985.3036,2857.8833,5923.6763,0.0,0.0765,3.9732,0.0,0.0,1.0,0.0,1.0,0.0,0.0,1.172,-23.972,0.0,1.0,0.0,0.0,0.0,-1.0,0.06074537019394976,0.00412310562561766,-0.274615,1.3329661869124714,9.684406761451022,,
276.4181,54.873,-0.033,0.052,50.9,0.054,0.064,-0.251,0.001,0.004,-0.251,0.001,0.005,0.192,0.184,0.157,0.005,0.002,0.006,0.0,0.0,0.0,840.757,-0.0,0.0,-0.0,0.0,0.0,0.0,0.0,0.0,-0.679,0.6998,-0.2219,0.7291,0.6782,-0.0922,0.086,-0.2244,-0.9707,0.676,0.226,-0.7014,-0.7316,0.0917,-0.6755,-0.0884,0.9698,0.2273,0.0001,0.0,0.0001,0.0,0.0,0.0,-0.0532,-0.0257,-0.2436,29.4947,21.2713,48.9052,0.0,0.0433,-0.3641,0.0,0.0,0.0,3588840.7729,3798125.1613,-4252172.3553,3984.3103,2856.8627,5924.5468,3588811.2782,3798103.89,-4252221.2605,3984.3635,2856.8884,5924.7904,0.0,0.0765,3.9732,0.0,0.0,1.0,0.0,1.0,0.0,0.0,1.172,-23.972,0.0,1.0,0.0,0.0,0.0,-1.0,0.061587336360651286,0.00412310562561766,-0.27436499999999997,1.333218231396205,9.675590412415598,,
276.6232,54.822,-0.033,0.053,50.849,0.055,0.065,-0.251,0.001,0.004,-0.251,0.001,0.005,0.193,0.185,0.159,0.005,0.002,0.006,0.0,0.0,0.0,840.757,-0.0,0.0,-0.0,0.0,0.0,0.0,0.0,0.0,-0.679,0.6998,-0.2219,0.729,0.6782,-0.0922,0.086,-0.2244,-0.9707,0.676,0.226,-0.7014,-0.7316,0.0917,-0.6755,-0.0884,0.9698,0.2273,0.0001,0.0,0.0001,0.0,0.0,0.0,-0.0532,-0.0257,-0.2436,29.4838,21.2661,48.8555,0.0,0.0433,-0.3641,0.0,0.0,0.0,3589654.1613,3798708.3503,-4250962.6118,3983.355,2855.8517,5925.6784,3589624.6775,3798687.0843,-4251011.4673,3983.4082,2855.8774,5925.922,0.0,0.0765,3.9732,0.0,0.0,1.0,0.0,1.0,0.0,0.0,1.172,-23.972,0.0,1.0,0.0,0.0,0.0,-1.0,0.06243396511515186,0.00412310562561766,-0.27411,1.3486887267721943,9.666597736399467,,
276.8258,54.771,-0.033,0.054,50.798,0.055,0.066,-0.251,0.001,0.004,-0.251,0.001,0.005,0.194,0.185,0.16,0.005,0.002,0.006,0.0,0.0,0.0,840.757,-0.0,0.0,-0.0,0.0,0.0,0.0,0.0,0.0,-0.6791,0.6997,-0.2219,0.729,0.6783,-0.0921,0.086,-0.2243,-0.9707,0.676,0.226,-0.7014,-0.7316,0.0917,-0.6755,-0.0884,0.9698,0.2273,0.0001,0.0,0.0001,0.0,0.0,0.0,-0.0532,-0.0257,-0.2436,29.473,21.2608,48.8058,0.0,0.0433,-0.3641,0.0,0.0,0.0,3590466.6706,3799290.8427,-4249753.654,3982.4002,2854.8414,5926.8087,3590437.1976,3799269.5819,-4249802.4598,3982.4535,2854.8671,5927.0524,0.0,0.0765,3.9732,0.0,0.0,1.0,0.0,1.0,0.0,0.0,1.172,-23.972,0.0,1.0,0.0,0.0,0.0,-1.0,0.06328506932918695,0.00412310562561766,-0.273855,1.3489434557659812,9.657605060383336,,
277.0291,54.72,-0.033,0.054,50.747,0.055,0.067,-0.251,0.001,0.004,-0.251,0.001,0.005,0.194,0.186,0.161,0.005,0.002,0.006,0.0,0.0,0.0,840.757,-0.0,0.0,-0.0,0.0,0.0,0.0,0.0,0.0,-0.6791,0.6997,-0.2219,0.729,0.6783,-0.0921,0.086,-0.2243,-0.9707,0.676,0.226,-0.7014,-0.7316,0.0917,-0.6755,-0.0884,0.9698,0.2273,0.0001,0.0,0.0001,0.0,0.0,0.0,-0.0533,-0.0257,-0.2436,29.4621,21.2556,48.7563,0.0,0.0433,-0.3641,0.0,0.0,0.0,3591275.5188,3799870.6442,-4248549.6288,3981.4494,2853.8353,5927.9339,3591246.0567,3799849.3886,-4248598.385,3981.5026,2853.861,5928.1775,0.0,0.0765,3.9732,0.0,0.0,1.0,0.0,1.0,0.0,0.0,1.172,-23.972,0.0,1.0,0.0,0.0,0.0,-1.0,0.06328506932918695,0.00412310562561766,-0.2736,1.3518790736987196,9.648612384367203,,
277.2314,54.669,-0.032,0.055,50.696,0.055,0.068,-0.251,0.001,0.004,-0.251,0.001,0.005,0.195,0.186,0.163,0.005,0.002,0.006,0.0,0.0,0.0,840.757,-0.0,0.0,-0.0,0.0,0.0,0.0,0.0,0.0,-0.6791,0.6997,-0.2219,0.729,0.6783,-0.0921,0.086,-0.2243,-0.9707,0.676,0.226,-0.7014,-0.7316,0.0917,-0.6755,-0.0884,0.9698,0.2273,0.0001,0.0,0.0001,0.0,0.0,0.0,-0.0533,-0.0258,-0.2437,29.4514,21.2504,48.707,0.0,0.0433,-0.3641,0.0,0.0,0.0,3592080.4429,3800447.5676,-4247350.9295,3980.5027,2852.8336,5929.0536,3592050.9915,3800426.3172,-4247399.6365,3980.5559,2852.8594,5929.2972,0.0,0.0765,3.9732,0.0,0.0,1.0,0.0,1.0,0.0,0.0,1.172,-23.972,0.0,1.0,0.0,0.0,0.0,-1.0,0.06363175307973214,0.00412310562561766,-0.273345,1.3380044488678928,9.639619708351072,,
277.4371,54.618,-0.032,0.056,50.645,0.056,0.069,-0.251,0.001,0.004,-0.251,0.001,0.005,0.196,0.187,0.164,0.005,0.002,0.006,0.0,0.0,0.0,840.757,-0.0,0.0,-0.0,0.0,0.0,0.0,0.0,0.0,-0.6791,0.6997,-0.2218,0.729,0.6783,-0.0921,0.086,-0.2243,-0.9707,0.676,0.226,-0.7014,-0.7316,0.0917,-0.6755,-0.0884,0.9698,0.2273,0.0001,0.0,0.0001,0.0,0.0,0.0,-0.0533,-0.0258,-0.2437,29.4404,21.2451,48.6569,0.0,0.0433,-0.3641,0.0,0.0,0.0,3592899.3222,3801034.4258,-4246130.9263,3979.5391,2851.8142,5930.1926,3592869.8818,3801013.1808,-4246179.5832,3979.5924,2851.84,5930.4363,0.0,0.0765,3.9732,0.0,0.0,1.0,0.0,1.0,0.0,0.0,1.172,-23.972,0.0,1.0,0.0,0.0,0.0,-1.0,0.0644980619863884,0.00412310562561766,-0.27309,1.3534573068559,9.63062703233494,,
277.641,54.566,-0.032,0.057,50.594,0.056,0.07,-0.251,0.001,0.004,-0.251,0.001,0.005,0.197,0.187,0.165,0.005,0.002,0.006,0.0,0.0,0.0,840.757,-0.0,0.0,-0.0,0.0,0.0,0.0,0.0,0.0,-0.6791,0.6997,-0.2218,0.729,0.6783,-0.0921,0.086,-0.2242,-0.9707,0.676,0.226,-0.7014,-0.7316,0.0917,-0.6755,-0.0884,0.9698,0.2273,0.0001,0.0,0.0001,0.0,0.0,0.0,-0.0533,-0.0258,-0.2437,29.4296,21.2398,48.6072,0.0,0.0433,-0.3641,0.0,0.0,0.0,3593709.5494,3801615.0172,-4244923.2894,3978.5853,2850.8051,5931.3196,3593680.1198,3801593.7774,-4244971.8966,3978.6386,2850.8309,5931.5633,0.0,0.0765,3.9732,0.0,0.0,1.0,0.0,1.0,0.0,0.0,1.172,-23.972,0.0,1.0,0.0,0.0,0.0,-1.0,0.06536818798161687,0.00412310562561766,-0.27283,1.3540523008735255,9.6214580293381,,
277.845,54.515,-0.032,0.058,50.542,0.056,0.071,-0.251,0.001,0.004,-0.251,0.001,0.005,0.198,0.188,0.167,0.005,0.002,0.006,0.0,0.0,0.0,840.757,-0.0,0.0,-0.0,0.0,0.0,0.0,0.0,0.0,-0.6791,0.6997,-0.2218,0.729,0.6783,-0.0921,0.086,-0.2242,-0.9707,0.676,0.226,-0.7014,-0.7316,0.0917,-0.6755,-0.0884,0.9698,0.2273,0.0001,0.0,0.0001,0.0,0.0,0.0,-0.0533,-0.0258,-0.2437,29.4188,21.2346,48.5576,0.0,0.0433,-0.3641,0.0,0.0,0.0,3594519.3658,3802195.2478,-4243715.7465,3977.6315,2849.7962,5932.4459,3594489.947,3802174.0132,-4243764.3041,3977.6848,2849.822,5932.6896,0.0,0.0765,3.9732,0.0,0.0,1.0,0.0,1.0,0.0,0.0,1.172,-23.972,0.0,1.0,0.0,0.0,0.0,-1.0,0.06624198064671678,0.00412310562561766,-0.272575,1.3540051666572988,9.612465353321967,,
278.0499,54.464,-0.032,0.059,50.491,0.056,0.072,-0.251,0.001,0.004,-0.251,0.001,0.005,0.199,0.188,0.168,0.005,0.002,0.006,0.0,0.0,0.0,840.757,-0.0,0.0,-0.0,0.0,0.0,0.0,0.0,0.0,-0.6791,0.6997,-0.2218,0.729,0.6783,-0.0921,0.086,-0.2242,-0.9707,0.676,0.226,-0.7014,-0.7316,0.0917,-0.6755,-0.0884,0.9698,0.2273,0.0001,0.0,0.0001,0.0,0.0,0.0,-0.0533,-0.0258,-0.2437,29.4078,21.2293,48.5075,0.0,0.0433,-0.3641,0.0,0.0,0.0,3595337.818,3802781.5987,-4242494.7986,3976.6671,2848.7761,5933.5842,3595308.4102,3802760.3694,-4242543.3061,3976.7204,2848.8019,5933.8279,0.0,0.0765,3.9732,0.0,0.0,1.0,0.0,1.0,0.0,0.0,1.172,-23.972,0.0,1.0,0.0,0.0,0.0,-1.0,0.06711929677819933,0.00412310562561766,-0.27232,1.3542805430840317,9.603472677305836,,
278.2532,54.413,-0.032,0.06,50.44,0.056,0.073,-0.251,0.001,0.004,-0.251,0.001,0.005,0.2,0.189,0.169,0.005,0.002,0.006,0.0,0.0,0.0,840.757,-0.0,0.0,-0.0,0.0,0.0,0.0,0.0,0.0,-0.6792,0.6997,-0.2217,0.7289,0.6784,-0.0921,0.086,-0.2242,-0.9707,0.676,0.226,-0.7014,-0.7316,0.0917,-0.6755,-0.0884,0.9698,0.2273,0.0001,0.0,0.0001,0.0,0.0,0.0,-0.0533,-0.0258,-0.2437,29.3969,21.224,48.4578,0.0,0.0433,-0.3641,0.0,0.0,0.0,3596147.5817,3803361.6583,-4241286.29,3975.7125,2847.7665,5934.7104,3596118.1847,3803340.4342,-4241334.7478,3975.7658,2847.7923,5934.9541,0.0,0.0765,3.9732,0.0,0.0,1.0,0.0,1.0,0.0,0.0,1.172,-23.972,0.0,1.0,0.0,0.0,0.0,-1.0,0.06799999999999999,0.00412310562561766,-0.272065,1.3545573368380621,9.594480001289703,,
278.4577,54.362,-0.032,0.061,50.389,0.057,0.074,-0.245,0.001,0.004,-0.245,0.001,0.005,0.201,0.189,0.17,0.005,0.002,0.006,0.0,0.0,0.0,840.739,-0.0,0.0,1.0,0.0,0.0,0.0,0.0,0.0,-0.6792,0.6997,-0.2217,0.7289,0.6784,-0.0921,0.086,-0.2242,-0.9708,0.676,0.226,-0.7014,-0.7316,0.0917,-0.6755,-0.0884,0.9698,0.2273,0.0001,0.0,0.0001,0.0,0.0,0.0,-0.0519,-0.0252,-0.238,29.3861,21.2188,48.4084,0.0,0.0433,-0.3641,0.0,0.0,0.0,3596961.6424,3803944.7288,-4240070.8457,3974.7537,2846.7517,5935.8482,3596932.2563,3803923.51,-4240119.2541,3974.8057,2846.7768,5936.0862,0.0,0.0765,3.9732,0.0,0.0,1.0,0.0,1.0,0.0,0.0,1.172,-23.972,0.0,1.0,0.0,0.0,0.0,-1.0,0.06888396039717809,0.00412310562561766,-0.27181,1.370015039773307,9.585487325273574,,
278.666,54.311,-0.031,0.062,50.338,0.057,0.075,-0.244,0.001,0.004,-0.244,0.001,0.005,0.202,0.19,0.172,0.005,0.002,0.006,0.0,0.0,0.0,840.736,-0.0,0.0,-0.0,0.0,0.0,0.0,0.0,0.0,-0.6792,0.6997,-0.2217,0.7289,0.6784,-0.0921,0.086,-0.2241,-0.9708,0.676,0.226,-0.7014,-0.7316,0.0917,-0.6755,-0.0884,0.9698,0.2273,0.0001,0.0,0.0001,0.0,0.0,0.0,-0.0517,-0.0251,-0.237,29.3755,21.2136,48.3592,0.0,0.0433,-0.3641,0.0,0.0,0.0,3597786.1445,3804535.2098,-4238839.2736,3973.7811,2845.7229,5936.9958,3597756.769,3804513.9962,-4238887.6328,3973.8328,2845.748,5937.2327,0.0,0.0765,3.9732,0.0,0.0,1.0,0.0,1.0,0.0,0.0,1.172,-23.972,0.0,1.0,0.0,0.0,0.0,-1.0,0.06931810730249348,0.00412310562561766,-0.271555,1.3561590941892998,9.576494649257441,,
278.8732,54.261,-0.031,0.063,50.288,0.057,0.075,-0.244,0.001,0.004,-0.244,0.001,0.005,0.203,0.19,0.173,0.005,0.002,0.006,0.0,0.0,0.0,840.736,-0.0,0.0,-0.0,0.0,0.0,0.0,0.0,0.0,-0.6792,0.6997,-0.2217,0.7289,0.6784,-0.0921,0.086,-0.2241,-0.9708,0.676,0.226,-0.7014,-0.7316,0.0917,-0.6755,-0.0884,0.9698,0.2273,0.0001,0.0,0.0001,0.0,0.0,0.0,-0.0517,-0.0251,-0.237,29.3647,21.2084,48.3103,0.0,0.0433,-0.3641,0.0,0.0,0.0,3598606.1964,3805122.4349,-4237613.8166,3972.8129,2844.6992,5938.1361,3598576.8316,3805101.2265,-4237662.1269,3972.8647,2844.7243,5938.3731,0.0,0.0765,3.9732,0.0,0.0,1.0,0.0,1.0,0.0,0.0,1.172,-23.972,0.0,1.0,0.0,0.0,0.0,-1.0,0.07021395872616784,0.00412310562561766,-0.271305,1.3534608960620012,9.567678300222019,,
279.0751,54.212,-0.031,0.063,50.239,0.057,0.076,-0.244,0.001,0.004,-0.244,0.001,0.005,0.204,0.19,0.174,0.005,0.002,0.006,0.0,0.0,0.0,840.736,-0.0,0.0,-0.0,0.0,0.0,0.0,0.0,0.0,-0.6792,0.6997,-0.2217,0.7289,0.6784,-0.092,0.086,-0.2241,-0.9708,0.676,0.226,-0.7014,-0.7316,0.0917,-0.6755,-0.0884,0.9698,0.2273,0.0001,0.0,0.0001,0.0,0.0,0.0,-0.0517,-0.0251,-0.237,29.3543,21.2034,48.2623,0.0,0.0433,-0.3641,0.0,0.0,0.0,3599410.1522,3805698.068,-4236411.8917,3971.8634,2843.6952,5939.254,3599380.7979,3805676.8646,-4236460.154,3971.9151,2843.7203,5939.491,0.0,0.0765,3.9732,0.0,0.0,1.0,0.0,1.0,0.0,0.0,1.172,-23.972,0.0,1.0,0.0,0.0,0.0,-1.0,0.07021395872616784,0.00412310562561766,-0.27106,1.3565085401449588,9.559038278167304,,
279.2803,54.161,-0.031,0.064,50.188,0.058,0.077,-0.244,0.001,0.004,-0.244,0.001,0.005,0.205,0.191,0.176,0.005,0.002,0.006,0.0,0.0,0.0,840.736,-0.0,0.0,-0.0,0.0,0.0,0.0,0.0,0.0,-0.6792,0.6997,-0.2216,0.7289,0.6784,-0.092,0.086,-0.2241,-0.9708,0.676,0.226,-0.7014,-0.7316,0.0917,-0.6755,-0.0884,0.9698,0.2273,0.0001,0.0,0.0001,0.0,0.0,0.0,-0.0517,-0.0251,-0.237,29.3436,21.1982,48.2135,0.0,0.0433,-0.3641,0.0,0.0,0.0,3600228.0451,3806283.6124,-4235188.6058,3970.8969,2842.6734,5940.3912,3600198.7014,3806262.4142,-4235236.8193,3970.9487,2842.6985,5940.6282,0.0,0.0765,3.9732,0.0,0.0,1.0,0.0,1.0,0.0,0.0,1.172,-23.972,0.0,1.0,0.0,0.0,0.0,-1.0,0.0711125867902441,0.00412310562561766,-0.270805,1.3719685549355713,9.550045602151172,,
279.4812,54.112,-0.031,0.065,50.139,0.058,0.078,-0.244,0.001,0.004,-0.244,0.001,0.005,0.206,0.191,0.177,0.005,0.002,0.006,0.0,0.0,0.0,840.736,-0.0,0.0,-0.0,0.0,0.0,0.0,0.0,0.0,-0.6792,0.6997,-0.2216,0.7289,0.6784,-0.092,0.086,-0.224,-0.9708,0.676,0.226,-0.7014,-0.7316,0.0917,-0.6755,-0.0884,0.9698,0.2273,0.0001,0.0,0.0001,0.0,0.0,0.0,-0.0517,-0.0251,-0.237,29.3333,21.1931,48.1658,0.0,0.0433,-0.3641,0.0,0.0,0.0,3601027.2124,3806855.6855,-4233992.8109,3969.9521,2841.6746,5941.5023,3600997.8791,3806834.4923,-4234040.9767,3970.0039,2841.6997,5941.7393,0.0,0.0765,3.9732,0.0,0.0,1.0,0.0,1.0,0.0,0.0,1.172,-23.972,0.0,1.0,0.0,0.0,0.0,-1.0,0.07201388754955533,0.00412310562561766,-0.27056,1.3722493295667653,9.541405580096457,,
279.6844,54.063,-0.031,0.066,50.09,0.058,0.079,-0.244,0.001,0.004,-0.244,0.001,0.005,0.207,0.192,0.178,0.005,0.002,0.006,0.0,0.0,0.0,840.736,-0.0,0.0,-0.0,0.0,0.0,0.0,0.0,0.0,-0.6792,0.6997,-0.2216,0.7289,0.6785,-0.092,0.086,-0.224,-0.9708,0.676,0.226,-0.7014,-0.7316,0.0917,-0.6755,-0.0884,0.9698,0.2273,0.0001,0.0,0.0001,0.0,0.0,0.0,-0.0518,-0.0251,-0.237,29.3228,21.188,48.1177,0.0,0.0433,-0.3641,0.0,0.0,0.0,3601832.5049,3807432.0776,-4232787.3361,3968.9997,2840.6677,5942.6219,3601803.1821,3807410.8895,-4232835.4539,3969.0514,2840.6928,5942.8589,0.0,0.0765,3.9732,0.0,0.0,1.0,0.0,1.0,0.0,0.0,1.172,-23.972,0.0,1.0,0.0,0.0,0.0,-1.0,0.07291776189653656,0.00412310562561766,-0.270315,1.372531518451983,9.532765558041742,,
279.8881,54.013,-0.031,0.067,50.04,0.058,0.08,-0.244,0.001,0.004,-0.244,0.001,0.005,0.208,0.192,0.18,0.005,0.002,0.006,0.0,0.0,0.0,840.736,-0.0,0.0,-0.0,0.0,0.0,0.0,0.0,0.0,-0.6793,0.6997,-0.2216,0.7288,0.6785,-0.092,0.086,-0.224,-0.9708,0.676,0.226,-0.7014,-0.7316,0.0917,-0.6755,-0.0884,0.9698,0.2273,0.0001,0.0,0.0001,0.0,0.0,0.0,-0.0518,-0.0251,-0.237,29.3123,21.1829,48.0696,0.0,0.0433,-0.3641,0.0,0.0,0.0,3602638.2097,3808008.6984,-4231580.7293,3968.0463,2839.6599,5943.742,3602608.8974,3807987.5155,-4231628.7989,3968.0981,2839.685,5943.9791,0.0,0.0765,3.9732,0.0,0.0,1.0,0.0,1.0,0.0,0.0,1.172,-23.972,0.0,1.0,0.0,0.0,0.0,-1.0,0.073824115301167,0.00412310562561766,-0.270065,1.3728165831529313,9.523949209006318,,
280.0889,53.964,-0.03,0.068,49.991,0.059,0.081,-0.244,0.001,0.004,-0.244,0.001,0.005,0.209,0.193,0.181,0.005,0.002,0.006,0.0,0.0,0.0,840.736,-0.0,0.0,-0.0,0.0,0.0,0.0,0.0,0.0,-0.6793,0.6996,-0.2216,0.7288,0.6785,-0.092,0.086,-0.224,-0.9708,0.676,0.226,-0.7014,-0.7316,0.0917,-0.6755,-0.0884,0.9698,0.2273,0.0001,0.0,0.0001,0.0,0.0,0.0,-0.0518,-0.0251,-0.237,29.3019,21.1779,48.0221,0.0,0.0433,-0.3641,0.0,0.0,0.0,3603433.9345,3808578.1122,-4230388.5586,3967.1043,2838.6642,5944.8482,3603404.6326,3808556.9343,-4230436.5807,3967.156,2838.6894,5945.0853,0.0,0.0765,3.9732,0.0,0.0,1.0,0.0,1.0,0.0,0.0,1.172,-23.972,0.0,1.0,0.0,0.0,0.0,-1.0,0.07432361670424818,0.00412310562561766,-0.26982,1.3741517577613553,9.515309186951603,,
280.2892,53.915,-0.03,0.069,49.943,0.059,0.082,-0.244,0.001,0.004,-0.244,0.001,0.005,0.21,0.193,0.182,0.005,0.002,0.006,0.0,0.0,0.0,840.736,-0.0,0.0,-0.0,0.0,0.0,0.0,0.0,0.0,-0.6793,0.6996,-0.2215,0.7288,0.6785,-0.092,0.0859,-0.2239,-0.9708,0.676,0.226,-0.7014,-0.7316,0.0917,-0.6755,-0.0884,0.9698,0.2273,0.0001,0.0,0.0001,0.0,0.0,0.0,-0.0518,-0.0251,-0.2371,29.2915,21.1729,47.9745,0.0,0.0433,-0.3641,0.0,0.0,0.0,3604229.5106,3809147.355,-4229196.1068,3966.162,2837.6684,5945.9542,3604200.2191,3809126.1822,-4229244.0813,3966.2138,2837.6935,5946.1912,0.0,0.0765,3.9732,0.0,0.0,1.0,0.0,1.0,0.0,0.0,1.172,-23.972,0.0,1.0,0.0,0.0,0.0,-1.0,0.07523961722390672,0.00412310562561766,-0.269575,1.3747634029169171,9.50666916489689,,
280.4928,53.866,-0.03,0.07,49.893,0.059,0.083,-0.244,0.001,0.004,-0.244,0.001,0.005,0.211,0.194,0.183,0.005,0.002,0.006,0.0,0.0,0.0,840.736,-0.0,0.0,-0.0,0.0,0.0,0.0,0.0,0.0,-0.6793,0.6996,-0.2215,0.7288,0.6785,-0.092,0.0859,-0.2239,-0.9708,0.676,0.226,-0.7014,-0.7316,0.0917,-0.6755,-0.0884,0.9698,0.2273,0.0001,0.0,0.0001,0.0,0.0,0.0,-0.0518,-0.0252,-0.2371,29.2809,21.1677,47.9261,0.0,0.0433,-0.3641,0.0,0.0,0.0,3605038.851,3809726.38,-4227982.5062,3965.203,2836.6548,5947.0792,3605009.57,3809705.2123,-4228030.4324,3965.2548,2836.68,5947.3163,0.0,0.0765,3.9732,0.0,0.0,1.0,0.0,1.0,0.0,0.0,1.172,-23.972,0.0,1.0,0.0,0.0,0.0,-1.0,0.07615773105863909,0.00412310562561766,-0.26933,1.374727722319917,9.498029142842174,,
280.6999,53.815,-0.03,0.071,49.842,0.059,0.084,-0.244,0.001,0.004,-0.244,0.001,0.005,0.212,0.194,0.185,0.005,0.002,0.006,0.0,0.0,0.0,840.736,-0.0,0.0,-0.0,0.0,0.0,0.0,0.0,0.0,-0.6793,0.6996,-0.2215,0.7288,0.6785,-0.092,0.0859,-0.2239,-0.9708,0.676,0.226,-0.7014,-0.7316,0.0917,-0.6755,-0.0884,0.9698,0.2273,0.0001,0.0,0.0001,0.0,0.0,0.0,-0.0518,-0.0252,-0.2371,29.2702,21.1625,47.8769,0.0,0.0433,-0.3641,0.0,0.0,0.0,3605862.6877,3810315.7078,-4226746.6288,3964.2263,2835.6228,5948.2243,3605833.4176,3810294.5453,-4226794.5057,3964.2781,2835.6479,5948.4614,0.0,0.0765,3.9732,0.0,0.0,1.0,0.0,1.0,0.0,0.0,1.172,-23.972,0.0,1.0,0.0,0.0,0.0,-1.0,0.07707788269017253,0.00412310562561766,-0.269075,1.3750208812952214,9.489036466826041,,
280.9073,53.765,-0.03,0.071,49.792,0.059,0.085,-0.244,0.001,0.004,-0.244,0.001,0.005,0.213,0.195,0.186,0.005,0.002,0.006,0.0,0.0,0.0,840.736,-0.0,0.0,-0.0,0.0,0.0,0.0,0.0,0.0,-0.6793,0.6996,-0.2215,0.7288,0.6785,-0.092,0.0859,-0.2239,-0.9708,0.676,0.226,-0.7014,-0.7316,0.0917,-0.6755,-0.0884,0.9698,0.2273,0.0001,0.0,0.0001,0.0,0.0,0.0,-0.0518,-0.0252,-0.2371,29.2595,21.1573,47.8279,0.0,0.0433,-0.3641,0.0,0.0,0.0,3606681.4569,3810901.3414,-4225517.8187,3963.2552,2834.5966,5949.3623,3606652.1974,3810880.1841,-4225565.6466,3963.307,2834.6218,5949.5994,0.0,0.0765,3.9732,0.0,0.0,1.0,0.0,1.0,0.0,0.0,1.172,-23.972,0.0,1.0,0.0,0.0,0.0,-1.0,0.07707788269017253,0.00412310562561766,-0.268825,1.37830938419876,9.48022011779062,,
281.1089,53.715,-0.03,0.072,49.743,0.06,0.086,-0.244,0.001,0.004,-0.244,0.001,0.005,0.214,0.195,0.187,0.005,0.002,0.006,0.0,0.0,0.0,840.736,-0.0,0.0,-0.0,0.0,0.0,0.0,0.0,0.0,-0.6793,0.6996,-0.2214,0.7288,0.6786,-0.092,0.0859,-0.2239,-0.9708,0.676,0.226,-0.7014,-0.7316,0.0917,-0.6755,-0.0884,0.9698,0.2273,0.0001,0.0,0.0001,0.0,0.0,0.0,-0.0518,-0.0252,-0.2371,29.2491,21.1522,47.7801,0.0,0.0433,-0.3641,0.0,0.0,0.0,3607479.6701,3811472.2063,-4224319.3418,3962.3081,2833.5959,5950.4717,3607450.4211,3811451.0541,-4224367.122,3962.3599,2833.621,5950.7088,0.0,0.0765,3.9732,0.0,0.0,1.0,0.0,1.0,0.0,0.0,1.172,-23.972,0.0,1.0,0.0,0.0,0.0,-1.0,0.078,0.00412310562561766,-0.268575,1.3940808243861964,9.471403768755197,,
281.3133,53.666,-0.03,0.073,49.693,0.06,0.087,-0.244,0.001,0.004,-0.244,0.001,0.005,0.215,0.196,0.189,0.005,0.002,0.006,0.0,0.0,0.0,840.736,-0.0,0.0,-0.0,0.0,0.0,0.0,0.0,0.0,-0.6794,0.6996,-0.2214,0.7288,0.6786,-0.0919,0.0859,-0.2238,-0.9708,0.676,0.226,-0.7014,-0.7316,0.0917,-0.6755,-0.0884,0.9698,0.2273,0.0001,0.0,0.0001,0.0,0.0,0.0,-0.0518,-0.0252,-0.2371,29.2385,21.1471,47.7316,0.0,0.0433,-0.3641,0.0,0.0,0.0,3608291.182,3812052.5155,-4223100.3743,3961.3447,2832.578,5951.5996,3608261.9435,3812031.3684,-4223148.1059,3961.3965,2832.6032,5951.8367,0.0,0.0765,3.9732,0.0,0.0,1.0,0.0,1.0,0.0,0.0,1.172,-23.972,0.0,1.0,0.0,0.0,0.0,-1.0,0.07892401408950256,0.00412310562561766,-0.26832999999999996,1.3940567841876377,9.46276374670048,,
281.5174,53.616,-0.03,0.074,49.643,0.06,0.087,-0.244,0.001,0.004,-0.244,0.001,0.005,0.216,0.196,0.19,0.005,0.002,0.006,0.0,0.0,0.0,840.736,-0.0,0.0,-0.0,0.0,0.0,0.0,0.0,0.0,-0.6794,0.6996,-0.2214,0.7287,0.6786,-0.0919,0.0859,-0.2238,-0.9708,0.676,0.226,-0.7014,-0.7316,0.0917,-0.6755,-0.0884,0.9698,0.2273,0.0001,0.0,0.0001,0.0,0.0,0.0,-0.0518,-0.0252,-0.2371,29.2279,21.142,47.6834,0.0,0.0433,-0.3641,0.0,0.0,0.0,3609096.2259,3812628.1326,-4221890.6021,3960.3885,2831.5679,5952.7184,3609066.998,3812606.9906,-4221938.2854,3960.4403,2831.5931,5952.9555,0.0,0.0765,3.9732,0.0,0.0,1.0,0.0,1.0,0.0,0.0,1.172,-23.972,0.0,1.0,0.0,0.0,0.0,-1.0,0.07984985911070851,0.00412310562561766,-0.26808,1.3911487036254515,9.453947397665058,,
281.7176,53.567,-0.03,0.075,49.594,0.06,0.088,-0.244,0.001,0.004,-0.244,0.001,0.005,0.217,0.197,0.191,0.005,0.002,0.006,0.0,0.0,0.0,840.736,-0.0,0.0,-0.0,0.0,0.0,0.0,0.0,0.0,-0.6794,0.6996,-0.2214,0.7287,0.6786,-0.0919,0.0859,-0.2238,-0.9708,0.676,0.226,-0.7014,-0.7316,0.0917,-0.6755,-0.0884,0.9698,0.2273,0.0001,0.0,0.0001,0.0,0.0,0.0,-0.0518,-0.0252,-0.2371,29.2175,21.1369,47.6357,0.0,0.0433,-0.3641,0.0,0.0,0.0,3609891.5889,3813196.7627,-4220694.8669,3959.4434,2830.5695,5953.8237,3609862.3714,3813175.6258,-4220742.5027,3959.4952,2830.5947,5954.0608,0.0,0.0765,3.9732,0.0,0.0,1.0,0.0,1.0,0.0,0.0,1.172,-23.972,0.0,1.0,0.0,0.0,0.0,-1.0,0.08077747210701756,0.00412310562561766,-0.267835,1.3914435260956652,9.445307375610343,,
281.9214,53.517,-0.029,0.076,49.544,0.06,0.089,-0.244,0.001,0.004,-0.244,0.001,0.005,0.218,0.197,0.193,0.005,0.002,0.006,0.0,0.0,0.0,840.736,-0.0,0.0,-0.0,0.0,0.0,0.0,0.0,0.0,-0.6794,0.6996,-0.2214,0.7287,0.6786,-0.0919,0.0859,-0.2238,-0.9709,0.676,0.226,-0.7014,-0.7316,0.0917,-0.6755,-0.0884,0.9698,0.2273,0.0001,0.0,0.0001,0.0,0.0,0.0,-0.0519,-0.0252,-0.2371,29.207,21.1318,47.5875,0.0,0.0433,-0.3641,0.0,0.0,0.0,3610696.1357,3813771.8929,-4219484.8059,3958.4869,2829.5593,5954.9417,3610666.9286,3813750.7611,-4219532.3934,3958.5388,2829.5845,5955.1788,0.0,0.0765,3.9732,0.0,0.0,1.0,0.0,1.0,0.0,0.0,1.172,-23.972,0.0,1.0,0.0,0.0,0.0,-1.0,0.08134494452638098,0.00412310562561766,-0.267585,1.3776332397128566,9.43649102657492,,
282.1263,53.467,-0.029,0.077,49.495,0.061,0.09,-0.244,0.001,0.004,-0.244,0.001,0.005,0.219,0.198,0.194,0.005,0.002,0.006,0.0,0.0,0.0,840.736,-0.0,0.0,-0.0,0.0,0.0,0.0,0.0,0.0,-0.6794,0.6996,-0.2213,0.7287,0.6786,-0.0919,0.0859,-0.2237,-0.9709,0.676,0.226,-0.7014,-0.7316,0.0917,-0.6755,-0.0884,0.9698,0.2273,0.0001,0.0,0.0001,0.0,0.0,0.0,-0.0519,-0.0252,-0.2372,29.1964,21.1267,47.539,0.0,0.0433,-0.3641,0.0,0.0,0.0,3611505.3983,3814350.3266,-4218267.1326,3957.5244,2828.5426,5956.0662,3611476.2019,3814329.1999,-4218314.6717,3957.5763,2828.5679,5956.3034,0.0,0.0765,3.9732,0.0,0.0,1.0,0.0,1.0,0.0,0.0,1.172,-23.972,0.0,1.0,0.0,0.0,0.0,-1.0,0.08228000972289685,0.00412310562561766,-0.267335,1.393427370555122,9.427674677539496,,
282.3297,53.418,-0.029,0.078,49.445,0.061,0.091,-0.244,0.001,0.004,-0.244,0.001,0.005,0.22,0.198,0.195,0.005,0.002,0.006,0.0,0.0,0.0,840.736,-0.0,0.0,-0.0,0.0,0.0,0.0,0.0,0.0,-0.6794,0.6996,-0.2213,0.7287,0.6786,-0.0919,0.0859,-0.2237,-0.9709,0.676,0.226,-0.7014,-0.7316,0.0917,-0.6755,-0.0884,0.9698,0.2273,0.0001,0.0,0.0001,0.0,0.0,0.0,-0.0519,-0.0252,-0.2372,29.1858,21.1215,47.4906,0.0,0.0433,-0.3641,0.0,0.0,0.0,3612313.5187,3814927.8772,-4217050.6505,3956.5628,2827.5271,5957.1891,3612284.3329,3814906.7557,-4217098.1411,3956.6147,2827.5523,5957.4262,0.0,0.0765,3.9732,0.0,0.0,1.0,0.0,1.0,0.0,0.0,1.172,-23.972,0.0,1.0,0.0,0.0,0.0,-1.0,0.08321658488546618,0.00412310562561766,-0.26709,1.3933996759526446,9.419034655484783,,
282.5319,53.368,-0.029,0.079,49.395,0.061,0.092,-0.244,0.001,0.004,-0.244,0.001,0.005,0.221,0.199,0.196,0.005,0.002,0.006,0.0,0.0,0.0,840.736,-0.0,0.0,-0.0,0.0,0.0,0.0,0.0,0.0,-0.6794,0.6996,-0.2213,0.7287,0.6787,-0.0919,0.0859,-0.2237,-0.9709,0.676,0.226,-0.7014,-0.7316,0.0917,-0.6755,-0.0884,0.9698,0.2273,0.0001,0.0,0.0001,0.0,0.0,0.0,-0.0519,-0.0252,-0.2372,29.1753,21.1164,47.4425,0.0,0.0433,-0.3641,0.0,0.0,0.0,3613116.1342,3815501.4272,-4215841.9341,3955.6073,2826.518,5958.3042,3613086.9589,3815480.3108,-4215889.3766,3955.6592,2826.5432,5958.5414,0.0,0.0765,3.9732,0.0,0.0,1.0,0.0,1.0,0.0,0.0,1.172,-23.972,0.0,1.0,0.0,0.0,0.0,-1.0,0.08415461959987698,0.00412310562561766,-0.26684,1.3937028238290101,9.410218306449359,,
282.7357,53.319,-0.029,0.079,49.346,0.061,0.093,-0.244,0.001,0.004,-0.244,0.001,0.005,0.222,0.199,0.198,0.005,0.002,0.006,0.0,0.0,0.0,840.736,-0.0,0.0,-0.0,0.0,0.0,0.0,0.0,0.0,-0.6795,0.6996,-0.2213,0.7287,0.6787,-0.0919,0.0859,-0.2237,-0.9709,0.676,0.226,-0.7014,-0.7316,0.0917,-0.6755,-0.0884,0.9698,0.2273,0.0001,0.0,0.0001,0.0,0.0,0.0,-0.0519,-0.0252,-0.2372,29.1648,21.1113,47.3944,0.0,0.0433,-0.3641,0.0,0.0,0.0,3613917.3459,3816073.9082,-4214634.8144,3954.653,2825.5103,5959.4174,3613888.1812,3816052.7969,-4214682.2088,3954.7049,2825.5355,5959.6546,0.0,0.0765,3.9732,0.0,0.0,1.0,0.0,1.0,0.0,0.0,1.172,-23.972,0.0,1.0,0.0,0.0,0.0,-1.0,0.08415461959987698,0.00412310562561766,-0.266595,1.3970586601559523,9.401578284394644,,
282.9373,53.269,-0.029,0.08,49.296,0.061,0.094,-0.244,0.001,0.004,-0.244,0.001,0.005,0.223,0.2,0.199,0.005,0.002,0.006,0.0,0.0,0.0,840.736,-0.0,0.0,-0.0,0.0,0.0,0.0,0.0,0.0,-0.6795,0.6996,-0.2212,0.7287,0.6787,-0.0919,0.0859,-0.2236,-0.9709,0.676,0.226,-0.7014,-0.7316,0.0917,-0.6755,-0.0884,0.9698,0.2273,0.0001,0.0,0.0001,0.0,0.0,0.0,-0.0519,-0.0252,-0.2372,29.1543,21.1062,47.3466,0.0,0.0433,-0.3641,0.0,0.0,0.0,3614715.3413,3816644.0251,-4213432.0285,3953.7021,2824.5063,5960.5261,3614686.187,3816622.9189,-4213479.375,3953.754,2824.5315,5960.7633,0.0,0.0765,3.9732,0.0,0.0,1.0,0.0,1.0,0.0,0.0,1.172,-23.972,0.0,1.0,0.0,0.0,0.0,-1.0,0.08509406559801923,0.00412310562561766,-0.266345,1.3973763413156504,9.392761935359221,,
283.1393,53.22,-0.029,0.081,49.247,0.062,0.095,-0.244,0.001,0.004,-0.244,0.001,0.005,0.223,0.2,0.2,0.005,0.002,0.006,0.0,0.0,0.0,840.736,-0.0,0.0,-0.0,0.0,0.0,0.0,0.0,0.0,-0.6795,0.6995,-0.2212,0.7287,0.6787,-0.0919,0.0859,-0.2236,-0.9709,0.676,0.226,-0.7014,-0.7316,0.0917,-0.6755,-0.0884,0.9698,0.2273,0.0001,0.0,0.0001,0.0,0.0,0.0,-0.0519,-0.0252,-0.2372,29.1438,21.1011,47.2984,0.0,0.0433,-0.3641,0.0,0.0,0.0,3615517.8511,3817217.3013,-4212221.9195,3952.7454,2823.4962,5961.641,3615488.7073,3817196.2002,-4212269.2179,3952.7973,2823.5214,5961.8782,0.0,0.0765,3.9732,0.0,0.0,1.0,0.0,1.0,0.0,0.0,1.172,-23.972,0.0,1.0,0.0,0.0,0.0,-1.0,0.08603487664894975,0.00412310562561766,-0.2661,1.4128245286795844,9.384121913304506,,
283.3431,53.17,-0.029,0.082,49.198,0.062,0.096,-0.244,0.001,0.004,-0.244,0.001,0.005,0.224,0.201,0.202,0.005,0.002,0.006,0.0,0.0,0.0,840.736,-0.0,0.0,-0.0,0.0,0.0,0.0,0.0,0.0,-0.6795,0.6995,-0.2212,0.7286,0.6787,-0.0919,0.0859,-0.2236,-0.9709,0.676,0.226,-0.7014,-0.7316,0.0917,-0.6755,-0.0884,0.9698,0.2273,0.0001,0.0,0.0001,0.0,0.0,0.0,-0.0519,-0.0252,-0.2372,29.1333,21.096,47.2504,0.0,0.0433,-0.3641,0.0,0.0,0.0,3616317.5725,3817788.5195,-4211015.4992,3951.7916,2822.4892,5962.7519,3616288.4391,3817767.4235,-4211062.7496,3951.8435,2822.5144,5962.9891,0.0,0.0765,3.9732,0.0,0.0,1.0,0.0,1.0,0.0,0.0,1.172,-23.972,0.0,1.0,0.0,0.0,0.0,-1.0,0.08697700845625814,0.00412310562561766,-0.26585000000000003,1.4134752392861554,9.375305564269084,,
283.5476,53.12,-0.029,0.083,49.147,0.062,0.097,-0.244,0.0,0.004,-0.244,0.001,0.005,0.225,0.201,0.203,0.005,0.002,0.006,0.0,0.0,0.0,840.736,-0.0,0.0,-0.0,0.0,-0.134,0.0,0.0,0.0,-0.6795,0.6995,-0.2212,0.7286,0.6787,-0.0918,0.0859,-0.2236,-0.9709,0.676,0.226,-0.7014,-0.7316,0.0917,-0.6755,-0.0884,0.9698,0.2273,0.0001,0.0,0.0001,0.0,0.0,0.0,-0.0519,-0.0253,-0.2372,29.1227,21.0908,47.2017,0.0,0.0433,-0.3641,0.0,0.0,0.0,3617129.434,3818368.3414,-4209790.2386,3950.8229,2821.4665,5963.8797,3617100.3113,3818347.2506,-4209837.4403,3950.8748,2821.4917,5964.1169,0.0,0.0765,3.9732,0.0,0.0,1.0,0.0,1.0,0.0,0.0,1.172,-23.972,0.0,1.0,0.0,0.0,0.0,-1.0,0.08792041856133308,0.004,-0.2656,1.413464082079541,9.36648921523366,,
283.7481,53.071,-0.028,0.084,49.098,0.062,0.097,-0.244,0.0,0.004,-0.244,0.001,0.001,0.226,0.197,0.204,0.005,-0.043,0.006,0.0,-0.001,0.0,840.709,-0.0,0.0,-0.0,0.0,-0.993,0.0,0.0,0.0,-0.6795,0.6995,-0.2212,0.7286,0.6787,-0.0918,0.0859,-0.2235,-0.9709,0.676,0.226,-0.7014,-0.7316,0.0917,-0.6755,-0.0884,0.9698,0.2273,0.0001,-0.0008,0.0001,0.0,0.0,0.0,-0.0519,-0.0253,-0.2373,29.1122,21.0857,47.1537,0.0,0.0433,-0.3641,0.0,0.0,0.0,3617928.4451,3818938.9196,-4208583.8502,3949.869,2820.4596,5964.9896,3617899.3329,3818917.8338,-4208631.0039,3949.9209,2820.4849,5965.2268,0.0,0.0765,3.9732,0.0,0.0,1.0,0.0,1.0,0.0,0.0,1.172,-23.972,0.0,1.0,0.0,0.0,0.0,-1.0,0.08854377448471464,0.004,-0.265355,1.396384801910136,9.357849193178945,,
283.9511,53.021,-0.028,0.085,49.049,0.062,0.097,-0.244,0.0,0.004,-0.244,0.001,-0.002,0.227,0.184,0.205,0.005,-0.09,0.006,0.0,-0.002,0.0,840.68,-0.0,0.0,-0.0,0.0,-0.993,0.0,0.0,0.0,-0.6795,0.6995,-0.2214,0.7286,0.6788,-0.0916,0.0862,-0.2235,-0.9709,0.676,0.226,-0.7014,-0.7316,0.0917,-0.6755,-0.0884,0.9698,0.2273,0.0001,-0.0016,0.0001,0.0,0.0,0.0,-0.0519,-0.0253,-0.2373,29.1016,21.0807,47.1056,0.0,0.0433,-0.3641,0.0,0.0,0.0,3618728.9988,3819510.5335,-4207374.6138,3948.9129,2819.4504,5966.1015,3618699.8973,3819489.4529,-4207421.7194,3948.9648,2819.4756,5966.3388,0.0,0.0765,3.9732,0.0,0.0,1.0,0.0,1.0,0.0,0.0,1.172,-23.972,0.0,1.0,0.0,0.0,0.0,-1.0,0.08949301648732153,0.004,-0.265105,1.3938398382920743,9.349032844143522,,
284.1518,52.973,-0.028,0.085,49.0,0.063,0.096,-0.244,0.0,0.003,-0.244,0.001,-0.006,0.228,0.161,0.207,0.005,-0.136,0.006,0.0,-0.002,0.0,840.653,-0.0,0.0,-0.0,0.0,-0.993,0.0,0.0,0.0,-0.6794,0.6995,-0.2216,0.7287,0.6788,-0.0913,0.0866,-0.2235,-0.9709,0.676,0.226,-0.7014,-0.7316,0.0917,-0.6755,-0.0884,0.9698,0.2273,0.0001,-0.0024,0.0001,0.0,0.0,0.0,-0.0519,-0.0253,-0.2373,29.0911,21.0757,47.0581,0.0,0.0433,-0.3641,0.0,0.0,0.0,3619519.6628,3820075.0206,-4206179.8105,3947.9681,2818.4532,5967.1997,3619490.5717,3820053.9449,-4206226.8686,3948.02,2818.4785,5967.437,0.0,0.0765,3.9732,0.0,0.0,1.0,0.0,1.0,0.0,0.0,1.172,-23.972,0.0,1.0,0.0,0.0,0.0,-1.0,0.08949301648732153,0.003,-0.264865,1.405799706037819,9.340569149069514,,
284.3573,52.922,-0.028,0.086,48.949,0.063,0.095,-0.244,0.0,0.003,-0.244,0.001,-0.01,0.229,0.128,0.208,0.005,-0.184,0.006,0.0,-0.003,0.0,840.624,-0.0,0.0,-0.0,0.0,-0.362,0.0,0.0,0.0,-0.6793,0.6995,-0.222,0.7287,0.6788,-0.0909,0.0871,-0.2235,-0.9708,0.676,0.226,-0.7014,-0.7316,0.0917,-0.6755,-0.0884,0.9698,0.2273,0.0001,-0.0032,0.0001,0.0,0.0,0.0,-0.052,-0.0253,-0.2373,29.0802,21.0707,47.0092,0.0,0.0433,-0.3641,0.0,0.0,0.0,3620332.5149,3820655.2817,-4204950.947,3946.9964,2817.4277,5968.3286,3620303.4347,3820634.2111,-4204997.9563,3947.0483,2817.4529,5968.5659,0.0,0.0765,3.9732,0.0,0.0,1.0,0.0,1.0,0.0,0.0,1.172,-23.972,0.0,1.0,0.0,0.0,0.0,-1.0,0.0904433524367601,0.003,-0.26461,1.4005837614886616,9.331576473053383,,
284.558,52.873,-0.028,0.087,48.9,0.063,0.093,-0.244,0.0,0.003,-0.244,0.001,-0.008,0.23,0.091,0.209,0.005,-0.162,0.006,0.0,-0.003,0.0,840.596,-0.0,0.0,-0.0,0.0,0.0,0.0,0.0,0.0,-0.6791,0.6995,-0.2224,0.7287,0.6788,-0.0904,0.0878,-0.2235,-0.9708,0.676,0.226,-0.7014,-0.7316,0.0917,-0.6755,-0.0884,0.9698,0.2273,0.0001,-0.0028,0.0001,0.0,0.0,0.0,-0.052,-0.0253,-0.2373,29.0697,21.0658,46.9618,0.0,0.0433,-0.364,0.0,0.0,0.0,3621122.0567,3821218.8371,-4203756.8127,3946.052,2816.4311,5969.4252,3621092.987,3821197.7713,-4203803.7745,3946.104,2816.4564,5969.6625,0.0,0.0765,3.9732,0.0,0.0,1.0,0.0,1.0,0.0,0.0,1.172,-23.972,0.0,1.0,0.0,0.0,0.0,-1.0,0.09139474820797965,0.003,-0.26436499999999996,1.3938027256149852,9.322936450998668,,
284.7618,52.823,-0.028,0.087,48.85,0.063,0.091,-0.244,0.0,0.004,-0.244,0.001,-0.004,0.231,0.063,0.21,0.005,-0.117,0.006,0.0,-0.002,0.0,840.568,-0.0,0.0,-0.0,0.0,0.0,0.0,0.0,0.0,-0.679,0.6995,-0.2227,0.7288,0.6788,-0.09,0.0882,-0.2234,-0.9707,0.676,0.226,-0.7014,-0.7316,0.0917,-0.6755,-0.0884,0.9698,0.2273,0.0001,-0.002,0.0001,0.0,0.0,0.0,-0.052,-0.0253,-0.2373,29.0589,21.0607,46.9132,0.0,0.0433,-0.364,0.0,0.0,0.0,3621930.546,3821795.8498,-4202533.4974,3945.0846,2815.4103,5970.548,3621901.4871,3821774.789,-4202580.4105,3945.1366,2815.4356,5970.7853,0.0,0.0765,3.9732,0.0,0.0,1.0,0.0,1.0,0.0,0.0,1.172,-23.972,0.0,1.0,0.0,0.0,0.0,-1.0,0.09139474820797965,0.004,-0.264115,1.3900289339368435,9.314120101963246,,
284.9663,52.774,-0.028,0.088,48.801,0.063,0.091,-0.244,0.0,0.004,-0.244,0.001,-0.001,0.232,0.044,0.211,0.005,-0.069,0.006,0.0,-0.001,0.0,840.54,-0.0,0.0,-0.0,0.0,0.0,0.0,0.0,0.0,-0.679,0.6995,-0.2229,0.7288,0.6788,-0.0897,0.0886,-0.2234,-0.9707,0.676,0.226,-0.7014,-0.7316,0.0917,-0.6755,-0.0884,0.9698,0.2273,0.0001,-0.0012,0.0001,0.0,0.0,0.0,-0.052,-0.0253,-0.2373,29.0483,21.0557,46.8649,0.0,0.0433,-0.364,0.0,0.0,0.0,3622732.897,3822368.4142,-4201318.9485,3944.1241,2814.3968,5971.6622,3622703.8487,3822347.3585,-4201365.8134,3944.1761,2814.4221,5971.8995,0.0,0.0765,3.9732,0.0,0.0,1.0,0.0,1.0,0.0,0.0,1.172,-23.972,0.0,1.0,0.0,0.0,0.0,-1.0,0.09234717104492156,0.004,-0.26387,1.3885450162606567,9.30548007990853,,
285.1711,52.724,-0.028,0.089,48.751,0.063,0.091,-0.244,0.0,0.004,-0.244,0.001,0.003,0.233,0.035,0.213,0.005,-0.024,0.006,0.0,-0.0,0.0,840.513,-0.0,0.0,-0.0,0.0,0.0,0.0,0.0,0.0,-0.679,0.6995,-0.223,0.7288,0.6788,-0.0896,0.0887,-0.2234,-0.9707,0.676,0.226,-0.7014,-0.7316,0.0917,-0.6755,-0.0884,0.9698,0.2273,0.0001,-0.0004,0.0001,0.0,0.0,0.0,-0.052,-0.0253,-0.2373,29.0376,21.0505,46.8162,0.0,0.0433,-0.364,0.0,0.0,0.0,3623542.4577,3822946.0565,-4200092.9516,3943.1545,2813.3738,5972.7863,3623513.4201,3822925.006,-4200139.7677,3943.2065,2813.3991,5973.0237,0.0,0.0765,3.9732,0.0,0.0,1.0,0.0,1.0,0.0,0.0,1.172,-23.972,0.0,1.0,0.0,0.0,0.0,-1.0,0.09330058949438637,0.004,-0.26361999999999997,1.3872090326694704,9.296663730873107,,
285.3744,52.674,-0.028,0.09,48.701,0.064,0.092,-0.244,0.0,0.004,-0.244,0.001,0.004,0.234,0.033,0.214,0.005,-0.007,0.006,0.0,-0.0,0.0,840.503,-0.0,0.0,-0.0,0.0,0.0,0.0,0.0,0.0,-0.679,0.6995,-0.223,0.7288,0.6789,-0.0896,0.0888,-0.2234,-0.9707,0.676,0.226,-0.7014,-0.7316,0.0917,-0.6755,-0.0884,0.9698,0.2273,0.0001,-0.0001,0.0001,0.0,0.0,0.0,-0.052,-0.0253,-0.2373,29.0271,21.0454,46.7684,0.0,0.0433,-0.364,0.0,0.0,0.0,3624336.6628,3823512.6755,-4198889.6961,3942.2028,2812.3698,5973.8891,3624307.6357,3823491.6301,-4198936.4644,3942.2548,2812.3951,5974.1265,0.0,0.0765,3.9732,0.0,0.0,1.0,0.0,1.0,0.0,0.0,1.172,-23.972,0.0,1.0,0.0,0.0,0.0,-1.0,0.09425497334358543,0.004,-0.26337,1.4028306945424975,9.287847381837684,,
285.5758,52.625,-0.028,0.091,48.652,0.064,0.093,-0.244,0.0,0.004,-0.244,0.001,0.004,0.235,0.031,0.215,0.005,-0.007,0.006,0.0,-0.0,0.0,840.503,-0.0,0.0,-0.0,0.0,0.0,0.0,0.0,0.0,-0.679,0.6995,-0.223,0.7288,0.6789,-0.0895,0.0888,-0.2233,-0.9707,0.676,0.226,-0.7014,-0.7316,0.0917,-0.6755,-0.0884,0.9698,0.2273,0.0001,-0.0001,0.0001,0.0,0.0,0.0,-0.052,-0.0253,-0.2374,29.0166,21.0403,46.7204,0.0,0.0433,-0.364,0.0,0.0,0.0,3625132.5683,3824080.4423,-4197683.347,3941.2487,2811.3633,5974.9942,3625103.5518,3824059.4019,-4197730.0674,3941.3007,2811.3886,5975.2316,0.0,0.0765,3.9732,0.0,0.0,1.0,0.0,1.0,0.0,0.0,1.172,-23.972,0.0,1.0,0.0,0.0,0.0,-1.0,0.0952102935611481,0.004,-0.263125,1.403007526095523,9.27920735978297,,
285.7804,52.575,-0.028,0.092,48.602,0.064,0.093,-0.244,0.0,0.004,-0.244,0.001,0.004,0.236,0.03,0.216,0.005,-0.007,0.006,0.0,-0.0,0.0,840.503,-0.0,0.0,-0.0,0.0,0.0,0.0,0.0,0.0,-0.679,0.6995,-0.223,0.7288,0.6789,-0.0895,0.0888,-0.2233,-0.9707,0.676,0.226,-0.7014,-0.7316,0.0917,-0.6755,-0.0884,0.9698,0.2273,0.0001,-0.0001,0.0001,0.0,0.0,0.0,-0.052,-0.0253,-0.2374,29.0059,21.0352,46.6718,0.0,0.0433,-0.364,0.0,0.0,0.0,3625940.3247,3824656.5953,-4196458.5114,3940.2799,2810.3414,5976.1158,3625911.3188,3824635.5602,-4196505.1831,3940.3319,2810.3667,5976.3531,0.0,0.0765,3.9732,0.0,0.0,1.0,0.0,1.0,0.0,0.0,1.172,-23.972,0.0,1.0,0.0,0.0,0.0,-1.0,0.09616652224137046,0.004,-0.262875,1.4018096259973247,9.270391010747547,,
285.9819,52.526,-0.027,0.092,48.553,0.064,0.094,-0.244,0.0,0.004,-0.244,0.001,0.004,0.237,0.028,0.218,0.005,-0.007,0.006,0.0,-0.0,0.0,840.503,-0.0,0.0,-0.0,0.0,0.0,0.0,0.0,0.0,-0.679,0.6995,-0.223,0.7288,0.6789,-0.0895,0.0888,-0.2233,-0.9707,0.676,0.226,-0.7014,-0.7316,0.0917,-0.6755,-0.0884,0.9698,0.2273,0.0001,-0.0001,0.0001,0.0,0.0,0.0,-0.052,-0.0253,-0.2374,28.9954,21.0301,46.6239,0.0,0.0433,-0.364,0.0,0.0,0.0,3626734.8763,3825223.2639,-4195253.1779,3939.3265,2809.3357,5977.2189,3626705.8809,3825202.2338,-4195299.8018,3939.3785,2809.3611,5977.4563,0.0,0.0765,3.9732,0.0,0.0,1.0,0.0,1.0,0.0,0.0,1.172,-23.972,0.0,1.0,0.0,0.0,0.0,-1.0,0.09588013350011565,0.004,-0.26263000000000003,1.388913743265794,9.261750988692832,,
286.1885,52.475,-0.027,0.093,48.503,0.064,0.095,-0.244,0.0,0.004,-0.244,0.001,0.004,0.238,0.027,0.219,0.005,-0.007,0.006,0.0,-0.0,0.0,840.503,-0.0,0.0,-0.0,0.0,0.0,0.0,0.0,0.0,-0.679,0.6995,-0.223,0.7288,0.6789,-0.0894,0.0889,-0.2233,-0.9707,0.676,0.226,-0.7014,-0.7316,0.0917,-0.6755,-0.0884,0.9698,0.2273,0.0001,-0.0001,0.0001,0.0,0.0,0.0,-0.052,-0.0253,-0.2374,28.9847,21.0249,46.5751,0.0,0.0433,-0.364,0.0,0.0,0.0,3627544.6383,3825800.7124,-4194024.2438,3938.3544,2808.3105,5978.3431,3627515.6536,3825779.6876,-4194070.8189,3938.4064,2808.3358,5978.5805,0.0,0.0765,3.9732,0.0,0.0,1.0,0.0,1.0,0.0,0.0,1.172,-23.972,0.0,1.0,0.0,0.0,0.0,-1.0,0.09684007434941384,0.004,-0.262375,1.3894256750393215,9.2527583126767,,
286.3905,52.426,-0.027,0.094,48.453,0.064,0.096,-0.244,0.0,0.004,-0.244,0.001,0.004,0.239,0.026,0.22,0.005,-0.007,0.006,0.0,-0.0,0.0,840.503,-0.0,0.0,-0.0,0.0,0.0,0.0,0.0,0.0,-0.679,0.6994,-0.223,0.7287,0.6789,-0.0894,0.0889,-0.2232,-0.9707,0.676,0.226,-0.7014,-0.7316,0.0917,-0.6755,-0.0884,0.9698,0.2273,0.0001,-0.0001,0.0001,0.0,0.0,0.0,-0.052,-0.0253,-0.2374,28.9742,21.0198,46.5271,0.0,0.0433,-0.364,0.0,0.0,0.0,3628340.3597,3826368.0823,-4192816.0953,3937.3987,2807.3026,5979.4478,3628311.3855,3826347.0625,-4192862.6224,3937.4507,2807.3279,5979.6852,0.0,0.0765,3.9732,0.0,0.0,1.0,0.0,1.0,0.0,0.0,1.172,-23.972,0.0,1.0,0.0,0.0,0.0,-1.0,0.0978008179924892,0.004,-0.26213000000000003,1.3892801972383042,9.244118290621985,,
286.5978,52.375,-0.027,0.095,48.402,0.065,0.096,-0.244,0.0,0.004,-0.244,0.001,0.004,0.24,0.024,0.222,0.005,-0.007,0.006,0.0,-0.0,0.0,840.503,-0.0,0.0,-0.0,0.0,0.0,0.0,0.0,0.0,-0.679,0.6994,-0.223,0.7287,0.6789,-0.0894,0.0889,-0.2232,-0.9707,0.676,0.226,-0.7014,-0.7316,0.0917,-0.6755,-0.0884,0.9698,0.2273,0.0001,-0.0001,0.0001,0.0,0.0,0.0,-0.052,-0.0253,-0.2374,28.9634,21.0145,46.4777,0.0,0.0433,-0.364,0.0,0.0,0.0,3629159.5818,3826952.1397,-4191571.7263,3936.4143,2806.2645,5980.585,3629130.6184,3826931.1252,-4191618.2041,3936.4664,2806.2899,5980.8224,0.0,0.0765,3.9732,0.0,0.0,1.0,0.0,1.0,0.0,0.0,1.172,-23.972,0.0,1.0,0.0,0.0,0.0,-1.0,0.09876234100101111,0.004,-0.261875,1.4034942236531445,9.235125614605852,,
286.806,52.324,-0.027,0.096,48.352,0.065,0.097,-0.244,0.0,0.004,-0.244,0.001,0.004,0.241,0.023,0.223,0.005,-0.007,0.006,0.0,-0.0,0.0,840.503,-0.0,0.0,-0.0,0.0,0.0,0.0,0.0,0.0,-0.679,0.6994,-0.223,0.7287,0.679,-0.0893,0.089,-0.2232,-0.9707,0.676,0.226,-0.7014,-0.7316,0.0917,-0.6755,-0.0884,0.9698,0.2273,0.0001,-0.0001,0.0001,0.0,0.0,0.0,-0.0521,-0.0254,-0.2374,28.9526,21.0092,46.4284,0.0,0.0433,-0.364,0.0,0.0,0.0,3629977.624,3827535.2862,-4190328.6018,3935.4309,2805.2275,5981.7205,3629948.6714,3827514.277,-4190375.0301,3935.483,2805.2529,5981.9579,0.0,0.0765,3.9732,0.0,0.0,1.0,0.0,1.0,0.0,0.0,1.172,-23.972,0.0,1.0,0.0,0.0,0.0,-1.0,0.09972462083156797,0.004,-0.26161999999999996,1.40400030507357,9.226132938589721,,
287.0092,52.274,-0.027,0.097,48.301,0.065,0.098,-0.244,0.0,0.004,-0.244,0.001,0.004,0.242,0.021,0.224,0.027,-0.007,0.006,0.0,-0.0,0.0,840.497,-0.0,0.0,-0.0,0.0,0.0,0.628,0.0,0.0,-0.679,0.6994,-0.223,0.7287,0.679,-0.0893,0.089,-0.2232,-0.9707,0.676,0.226,-0.7014,-0.7316,0.0917,-0.6755,-0.0884,0.9698,0.2273,0.0001,-0.0001,0.0005,0.0,0.0,0.0,-0.0521,-0.0254,-0.2374,28.9419,21.0041,46.3797,0.0,0.0433,-0.364,0.0,0.0,0.0,3630784.071,3828110.0983,-4189102.5658,3934.4609,2804.2048,5982.8399,3630755.1291,3828089.0942,-4189148.9455,3934.513,2804.2302,5983.0774,0.0,0.0765,3.9732,0.0,0.0,1.0,0.0,1.0,0.0,0.0,1.172,-23.972,0.0,1.0,0.0,0.0,0.0,-1.0,0.10068763578513501,0.004,-0.26137,1.4038434986502681,9.217316589554299,,
287.2109,52.225,-0.027,0.098,48.252,0.065,0.099,-0.244,0.0,0.004,-0.244,0.001,0.004,0.255,0.02,0.225,0.095,-0.007,0.006,0.0,-0.0,0.002,840.48,-0.0,0.0,-0.0,0.0,0.0,1.0,0.0,0.0,-0.6792,0.6993,-0.223,0.7286,0.6791,-0.0893,0.0891,-0.2231,-0.9707,0.676,0.226,-0.7014,-0.7316,0.0917,-0.6755,-0.0884,0.9698,0.2273,0.0001,-0.0001,0.0017,0.0,0.0,0.0,-0.0521,-0.0254,-0.2375,28.9314,20.9989,46.3318,0.0,0.0433,-0.364,0.0,0.0,0.0,3631577.9347,3828675.8754,-4187895.1369,3933.5057,2803.1977,5983.9418,3631549.0033,3828654.8764,-4187941.4687,3933.5578,2803.223,5984.1792,0.0,0.0765,3.9732,0.0,0.0,1.0,0.0,1.0,0.0,0.0,1.172,-23.972,0.0,1.0,0.0,0.0,0.0,-1.0,0.10165136496870075,0.004,-0.261125,1.4040178294531158,9.208676567499584,,
287.4129,52.176,-0.027,0.099,48.203,0.065,0.1,-0.244,0.0,0.004,-0.244,0.001,0.004,0.281,0.018,0.227,0.157,-0.006,0.006,0.0,-0.0,0.003,840.462,-0.0,0.0,-0.0,0.0,0.0,0.045,0.0,0.0,-0.6795,0.699,-0.2231,0.7283,0.6795,-0.0892,0.0892,-0.2231,-0.9707,0.676,0.226,-0.7014,-0.7316,0.0917,-0.6755,-0.0884,0.9698,0.2273,0.0001,-0.0001,0.0027,0.0,0.0,0.0,-0.0521,-0.0254,-0.2375,28.9209,20.9938,46.284,0.0,0.0433,-0.364,0.0,0.0,0.0,3632369.7931,3829240.1574,-4186690.2465,3932.5524,2802.1927,5985.0408,3632340.8721,3829219.1636,-4186736.5305,3932.6045,2802.2181,5985.2783,0.0,0.0765,3.9732,0.0,0.0,1.0,0.0,1.0,0.0,0.0,1.172,-23.972,0.0,1.0,0.0,0.0,0.0,-1.0,0.10261578825892242,0.004,-0.26088,1.4041935187336336,9.200036545444869,,
287.6171,52.126,-0.027,0.1,48.153,0.065,0.1,-0.244,0.0,0.004,-0.244,0.001,0.004,0.305,0.017,0.228,0.079,-0.007,0.006,0.0,-0.0,0.001,840.445,-0.0,0.0,-0.0,0.0,0.0,0.0,0.0,0.0,-0.6798,0.6987,-0.2231,0.728,0.6798,-0.0892,0.0893,-0.223,-0.9707,0.676,0.226,-0.7014,-0.7316,0.0917,-0.6755,-0.0884,0.9698,0.2273,0.0001,-0.0001,0.0014,0.0,0.0,0.0,-0.0521,-0.0254,-0.2375,28.9103,20.9887,46.2355,0.0,0.0433,-0.364,0.0,0.0,0.0,3633172.35,3829811.9966,-4185468.5512,3931.5858,2801.1737,5986.1547,3633143.4397,3829791.008,-4185514.7867,3931.6379,2801.1991,5986.3921,0.0,0.0765,3.9732,0.0,0.0,1.0,0.0,1.0,0.0,0.0,1.172,-23.972,0.0,1.0,0.0,0.0,0.0,-1.0,0.10358088626768938,0.004,-0.26063,1.4030585160860254,9.191220196409445,,
287.8227,52.076,-0.027,0.1,48.103,0.066,0.101,-0.244,0.0,0.004,-0.244,0.001,0.004,0.315,0.015,0.229,0.007,-0.007,0.006,0.0,-0.0,0.0,840.429,-0.0,0.0,-0.0,0.0,0.0,0.0,0.0,0.0,-0.6799,0.6986,-0.2231,0.7279,0.6799,-0.0892,0.0894,-0.223,-0.9707,0.676,0.226,-0.7014,-0.7316,0.0917,-0.6755,-0.0884,0.9698,0.2273,0.0001,-0.0001,0.0001,0.0,0.0,0.0,-0.0521,-0.0254,-0.2375,28.8996,20.9835,46.1868,0.0,0.0433,-0.364,0.0,0.0,0.0,3633979.0071,3830386.689,-4184240.0848,3930.6138,2800.1491,5987.2742,3633950.1075,3830365.7055,-4184286.2716,3930.6659,2800.1745,5987.5116,0.0,0.0765,3.9732,0.0,0.0,1.0,0.0,1.0,0.0,0.0,1.172,-23.972,0.0,1.0,0.0,0.0,0.0,-1.0,0.10358088626768938,0.004,-0.26038,1.4199134741311932,9.182403847374022,,
288.0288,52.026,-0.027,0.101,48.053,0.066,0.102,-0.244,0.0,0.004,-0.244,0.001,0.004,0.316,0.014,0.231,0.007,-0.007,0.006,0.0,-0.0,0.0,840.429,-0.0,0.0,-0.0,0.0,0.0,0.0,0.0,0.0,-0.6799,0.6986,-0.2231,0.7278,0.6799,-0.0891,0.0894,-0.2229,-0.9707,0.676,0.226,-0.7014,-0.7316,0.0917,-0.6755,-0.0884,0.9698,0.2273,0.0001,-0.0001,0.0001,0.0,0.0,0.0,-0.0521,-0.0254,-0.2375,28.8889,20.9782,46.1379,0.0,0.0433,-0.364,0.0,0.0,0.0,3634787.2062,3830962.4117,-4183008.7346,3929.6394,2799.1222,5988.3957,3634758.3173,3830941.4334,-4183054.8725,3929.6915,2799.1476,5988.6332,0.0,0.0765,3.9732,0.0,0.0,1.0,0.0,1.0,0.0,0.0,1.172,-23.972,0.0,1.0,0.0,0.0,0.0,-1.0,0.10454664030948102,0.004,-0.26013000000000003,1.4200937160257856,9.1735874983386,,
288.234,51.975,-0.027,0.102,48.002,0.066,0.103,-0.244,0.0,0.004,-0.244,0.001,0.004,0.317,0.013,0.232,0.007,-0.007,0.006,0.0,-0.0,0.0,840.429,-0.0,0.0,-0.0,0.0,0.0,0.0,0.0,0.0,-0.6799,0.6986,-0.2231,0.7278,0.6799,-0.0891,0.0894,-0.2229,-0.9707,0.676,0.226,-0.7014,-0.7316,0.0917,-0.6755,-0.0884,0.9698,0.2273,0.0001,-0.0001,0.0001,0.0,0.0,0.0,-0.0521,-0.0254,-0.2375,28.8782,20.973,46.089,0.0,0.0433,-0.364,0.0,0.0,0.0,3635596.5822,3831538.9042,-4181775.0534,3928.6632,2798.0933,5989.5189,3635567.704,3831517.9312,-4181821.1424,3928.7154,2798.1187,5989.7564,0.0,0.0765,3.9732,0.0,0.0,1.0,0.0,1.0,0.0,0.0,1.172,-23.972,0.0,1.0,0.0,0.0,0.0,-1.0,0.10551303237041385,0.004,-0.259875,1.420276964779255,9.164594822322467,,
288.4427,51.925,-0.027,0.103,47.952,0.066,0.103,-0.244,0.0,0.004,-0.244,0.001,0.004,0.319,0.011,0.233,0.007,-0.007,0.006,0.0,-0.0,0.0,840.429,-0.0,0.0,-0.0,0.0,0.0,0.0,0.0,0.0,-0.6799,0.6985,-0.2231,0.7278,0.68,-0.0891,0.0895,-0.2229,-0.9707,0.676,0.226,-0.7014,-0.7316,0.0917,-0.6755,-0.0884,0.9698,0.2273,0.0001,-0.0001,0.0001,0.0,0.0,0.0,-0.0521,-0.0254,-0.2375,28.8674,20.9678,46.0398,0.0,0.0433,-0.364,0.0,0.0,0.0,3636409.6934,3832117.9879,-4180535.1369,3927.6821,2797.0593,5990.6472,3636380.826,3832097.0202,-4180581.1767,3927.7342,2797.0847,5990.8847,0.0,0.0765,3.9732,0.0,0.0,1.0,0.0,1.0,0.0,0.0,1.172,-23.972,0.0,1.0,0.0,0.0,0.0,-1.0,0.10648004507887851,0.004,-0.259625,1.4191195195881519,9.155778473287043,,
288.6427,51.876,-0.027,0.104,47.903,0.066,0.104,-0.244,0.0,0.004,-0.244,0.001,0.004,0.32,0.01,0.235,0.007,-0.007,0.006,0.0,-0.0,0.0,840.429,-0.0,0.0,-0.0,0.0,0.0,0.0,0.0,0.0,-0.6799,0.6985,-0.2231,0.7278,0.68,-0.089,0.0895,-0.2229,-0.9707,0.676,0.226,-0.7014,-0.7316,0.0917,-0.6755,-0.0884,0.9698,0.2273,0.0001,-0.0001,0.0001,0.0,0.0,0.0,-0.0521,-0.0254,-0.2375,28.857,20.9627,45.9923,0.0,0.0433,-0.364,0.0,0.0,0.0,3637195.4533,3832677.5267,-4179336.4121,3926.7334,2796.0597,5991.7374,3637166.5964,3832656.5639,-4179382.4044,3926.7856,2796.0851,5991.975,0.0,0.0765,3.9732,0.0,0.0,1.0,0.0,1.0,0.0,0.0,1.172,-23.972,0.0,1.0,0.0,0.0,0.0,-1.0,0.10744766167767449,0.004,-0.25938,1.419288971065137,9.147138451232328,,
288.8476,51.825,-0.026,0.105,47.852,0.066,0.105,-0.244,0.0,0.004,-0.244,0.001,0.004,0.326,0.008,0.236,0.061,-0.007,0.006,0.0,-0.0,0.001,840.415,-0.0,0.0,-0.0,0.0,0.0,0.802,0.0,0.0,-0.68,0.6985,-0.2231,0.7277,0.6801,-0.089,0.0895,-0.2228,-0.9707,0.676,0.226,-0.7014,-0.7316,0.0917,-0.6755,-0.0884,0.9698,0.2273,0.0001,-0.0001,0.0011,0.0,0.0,0.0,-0.0521,-0.0254,-0.2375,28.8462,20.9574,45.943,0.0,0.0433,-0.364,0.0,0.0,0.0,3638009.7661,3833257.3292,-4178093.5934,3925.7499,2795.0233,5992.8673,3637980.92,3833236.3718,-4178139.5365,3925.802,2795.0487,5993.1048,0.0,0.0765,3.9732,0.0,0.0,1.0,0.0,1.0,0.0,0.0,1.172,-23.972,0.0,1.0,0.0,0.0,0.0,-1.0,0.1081711606667877,0.004,-0.259125,1.4050992959449045,9.138145775216199,,
289.0542,51.775,-0.026,0.106,47.802,0.067,0.106,-0.245,0.0,0.004,-0.244,0.001,0.004,0.346,0.007,0.237,0.134,-0.006,0.006,0.0,-0.0,0.002,840.397,-0.0,0.0,-0.0,0.0,0.0,1.0,0.0,0.0,-0.6802,0.6982,-0.2231,0.7275,0.6803,-0.089,0.0896,-0.2228,-0.9707,0.676,0.226,-0.7014,-0.7316,0.0917,-0.6755,-0.0884,0.9698,0.2273,0.0001,-0.0001,0.0023,0.0,0.0,0.0,-0.0521,-0.0254,-0.2376,28.8354,20.9522,45.8942,0.0,0.0433,-0.364,0.0,0.0,0.0,3638817.3234,3833832.2534,-4176860.5424,3924.7741,2793.9951,5993.9877,3638788.488,3833811.3012,-4176906.4365,3924.8262,2794.0206,5994.2253,0.0,0.0765,3.9732,0.0,0.0,1.0,0.0,1.0,0.0,0.0,1.172,-23.972,0.0,1.0,0.0,0.0,0.0,-1.0,0.10914210919713802,0.004,-0.25887499999999997,1.420750425842777,9.129329426180774,,
289.2604,51.724,-0.026,0.107,47.751,0.067,0.107,-0.245,0.0,0.004,-0.245,0.001,0.004,0.381,0.005,0.238,0.206,-0.006,0.006,0.0,-0.0,0.004,840.379,-0.0,0.0,-0.0,0.0,0.0,0.665,0.0,0.0,-0.6806,0.6978,-0.2231,0.7271,0.6808,-0.0889,0.0898,-0.2227,-0.9707,0.676,0.226,-0.7014,-0.7316,0.0917,-0.6755,-0.0884,0.9698,0.2273,0.0001,-0.0001,0.0036,0.0,0.0,0.0,-0.0522,-0.0254,-0.2376,28.8247,20.9469,45.845,0.0,0.0433,-0.364,0.0,0.0,0.0,3639629.3118,3834410.2626,-4175620.1869,3923.7924,2792.9609,5995.1142,3639600.4871,3834389.3156,-4175666.0319,3923.8446,2792.9863,5995.3518,0.0,0.0765,3.9732,0.0,0.0,1.0,0.0,1.0,0.0,0.0,1.172,-23.972,0.0,1.0,0.0,0.0,0.0,-1.0,0.1101135777277262,0.004,-0.25861999999999996,1.4209283099917207,9.120336750164642,,
289.4652,51.674,-0.026,0.108,47.701,0.067,0.107,-0.245,0.0,0.004,-0.245,0.001,0.004,0.43,0.004,0.24,0.246,-0.006,0.006,0.0,-0.0,0.004,840.363,-0.0,0.0,-0.0,0.0,0.0,0.144,0.0,0.0,-0.6812,0.6973,-0.2231,0.7265,0.6814,-0.0889,0.09,-0.2226,-0.9707,0.676,0.226,-0.7014,-0.7316,0.0917,-0.6755,-0.0884,0.9698,0.2273,0.0001,-0.0001,0.0043,0.0,0.0,0.0,-0.0522,-0.0254,-0.2376,28.814,20.9417,45.7961,0.0,0.0433,-0.364,0.0,0.0,0.0,3640436.77,3834984.9779,-4174386.2141,3922.8158,2791.932,5996.2344,3640407.9561,3834964.0362,-4174432.0102,3922.8679,2791.9575,5996.472,0.0,0.0765,3.9732,0.0,0.0,1.0,0.0,1.0,0.0,0.0,1.172,-23.972,0.0,1.0,0.0,0.0,0.0,-1.0,0.11108555261599053,0.004,-0.25837,1.4198681543978422,9.11152040112922,,
289.6697,51.624,-0.026,0.109,47.651,0.067,0.108,-0.245,0.0,0.004,-0.245,0.001,0.004,0.473,0.003,0.241,0.171,-0.006,0.006,0.0,-0.0,0.003,840.346,-0.0,0.0,-0.0,0.0,0.0,0.0,0.0,0.0,-0.6817,0.6968,-0.2231,0.726,0.6819,-0.0889,0.0902,-0.2225,-0.9707,0.676,0.226,-0.7014,-0.7316,0.0917,-0.6755,-0.0884,0.9698,0.2273,0.0001,-0.0001,0.003,0.0,0.0,0.0,-0.0522,-0.0254,-0.2376,28.8033,20.9365,45.7478,0.0,0.0433,-0.364,0.0,0.0,0.0,3641234.8929,3835552.9817,-4173165.9753,3921.85,2790.9146,5997.3416,3641206.0896,3835532.0452,-4173211.7231,3921.9021,2790.9401,5997.5792,0.0,0.0765,3.9732,0.0,0.0,1.0,0.0,1.0,0.0,0.0,1.172,-23.972,0.0,1.0,0.0,0.0,0.0,-1.0,0.11205802068571441,0.004,-0.25812,1.4200337159516638,9.102704052093797,,
289.8741,51.574,-0.026,0.109,47.601,0.067,0.109,-0.245,0.0,0.004,-0.245,0.001,0.004,0.5,0.001,0.242,0.092,-0.007,0.006,0.0,-0.0,0.002,840.329,-0.0,0.0,-0.0,0.0,0.0,0.0,0.0,0.0,-0.6821,0.6964,-0.2231,0.7257,0.6823,-0.0888,0.0903,-0.2225,-0.9707,0.676,0.226,-0.7014,-0.7316,0.0917,-0.6755,-0.0884,0.9698,0.2273,0.0001,-0.0001,0.0016,0.0,0.0,0.0,-0.0522,-0.0254,-0.2376,28.7927,20.9313,45.699,0.0,0.0433,-0.364,0.0,0.0,0.0,3642038.7903,3836125.027,-4171936.3777,3920.8767,2789.8895,5998.4567,3642009.9976,3836104.0957,-4171982.0767,3920.9289,2789.9149,5998.6943,0.0,0.0765,3.9732,0.0,0.0,1.0,0.0,1.0,0.0,0.0,1.172,-23.972,0.0,1.0,0.0,0.0,0.0,-1.0,0.11205802068571441,0.004,-0.25787,1.4213685177974391,9.093887703058373,,
290.0775,51.524,-0.026,0.11,47.551,0.067,0.11,-0.245,0.0,0.004,-0.245,0.001,0.004,0.511,-0.0,0.244,0.015,-0.007,0.006,0.0,-0.0,0.0,840.312,-0.0,0.0,-0.0,0.0,0.0,0.0,0.0,0.0,-0.6822,0.6963,-0.2231,0.7256,0.6824,-0.0888,0.0904,-0.2224,-0.9708,0.676,0.226,-0.7014,-0.7316,0.0917,-0.6755,-0.0884,0.9698,0.2273,0.0001,-0.0001,0.0003,0.0,0.0,0.0,-0.0522,-0.0255,-0.2376,28.782,20.9261,45.6507,0.0,0.0433,-0.364,0.0,0.0,0.0,3642836.9652,3836692.9326,-4170715.0061,3919.9099,2788.8712,5999.5639,3642808.1832,3836672.0064,-4170760.6568,3919.9621,2788.8967,5999.8015,0.0,0.0765,3.9732,0.0,0.0,1.0,0.0,1.0,0.0,0.0,1.172,-23.972,0.0,1.0,0.0,0.0,0.0,-1.0,0.11303096920755833,0.004,-0.25762,1.421549334829051,9.085071354022949,,
290.2835,51.474,-0.026,0.111,47.501,0.067,0.11,-0.245,0.0,0.004,-0.245,0.001,0.004,0.512,-0.002,0.245,0.007,-0.007,0.006,0.0,-0.0,0.0,840.31,-0.0,0.0,-0.0,0.0,0.0,0.0,0.0,0.0,-0.6822,0.6963,-0.2231,0.7255,0.6824,-0.0888,0.0904,-0.2224,-0.9708,0.676,0.226,-0.7014,-0.7316,0.0917,-0.6755,-0.0884,0.9698,0.2273,0.0001,-0.0001,0.0001,0.0,0.0,0.0,-0.0522,-0.0255,-0.2376,28.7714,20.9209,45.6022,0.0,0.0433,-0.364,0.0,0.0,0.0,3643635.8857,3837261.3016,-4169491.9632,3918.9418,2787.8516,6000.672,3643607.1143,3837240.3806,-4169537.5655,3918.994,2787.8771,6000.9096,0.0,0.0765,3.9732,0.0,0.0,1.0,0.0,1.0,0.0,0.0,1.172,-23.972,0.0,1.0,0.0,0.0,0.0,-1.0,0.11400438588054408,0.004,-0.25737,1.4204519134535398,9.076255004987525,,
290.4867,51.425,-0.026,0.112,47.452,0.068,0.111,-0.245,0.0,0.004,-0.245,0.001,0.004,0.514,-0.003,0.246,0.007,-0.007,0.006,0.0,-0.0,0.0,840.31,-0.0,0.0,-0.0,0.0,0.0,0.0,0.0,0.0,-0.6822,0.6963,-0.2231,0.7255,0.6825,-0.0887,0.0905,-0.2224,-0.9708,0.676,0.226,-0.7014,-0.7316,0.0917,-0.6755,-0.0884,0.9698,0.2273,0.0001,-0.0001,0.0001,0.0,0.0,0.0,-0.0522,-0.0255,-0.2376,28.7608,20.9158,45.554,0.0,0.0433,-0.364,0.0,0.0,0.0,3644430.7604,3837826.7249,-4168274.5932,3917.9781,2786.8368,6001.7745,3644401.9996,3837805.8092,-4168320.1472,3918.0303,2786.8622,6002.0121,0.0,0.0765,3.9732,0.0,0.0,1.0,0.0,1.0,0.0,0.0,1.172,-23.972,0.0,1.0,0.0,0.0,0.0,-1.0,0.11497825881443849,0.004,-0.257125,1.4361122458742357,9.067614982932811,,
290.6878,51.375,-0.026,0.113,47.402,0.068,0.112,-0.245,0.0,0.004,-0.245,0.001,0.004,0.515,-0.005,0.247,0.007,-0.007,0.006,0.0,-0.0,0.0,840.31,-0.0,0.0,-0.0,0.0,0.0,0.0,0.0,0.0,-0.6822,0.6963,-0.2231,0.7255,0.6825,-0.0887,0.0905,-0.2223,-0.9708,0.676,0.226,-0.7014,-0.7316,0.0917,-0.6755,-0.0884,0.9698,0.2273,0.0001,-0.0001,0.0001,0.0,0.0,0.0,-0.0522,-0.0255,-0.2377,28.7503,20.9107,45.506,0.0,0.0433,-0.364,0.0,0.0,0.0,3645222.1739,3838389.6202,-4167062.0017,3917.0182,2785.8259,6002.8721,3645193.4236,3838368.7095,-4167107.5077,3917.0704,2785.8514,6003.1098,0.0,0.0765,3.9732,0.0,0.0,1.0,0.0,1.0,0.0,0.0,1.172,-23.972,0.0,1.0,0.0,0.0,0.0,-1.0,0.11595257651298656,0.004,-0.256875,1.436283809874181,9.058798633897387,,
290.89,51.326,-0.026,0.114,47.353,0.068,0.113,-0.245,0.0,0.004,-0.245,0.001,0.004,0.516,-0.006,0.249,0.007,-0.007,0.006,0.0,-0.0,0.0,840.31,-0.0,0.0,-0.0,0.0,0.0,0.0,0.0,0.0,-0.6822,0.6963,-0.2231,0.7255,0.6825,-0.0887,0.0905,-0.2223,-0.9708,0.676,0.226,-0.7014,-0.7316,0.0917,-0.6755,-0.0884,0.9698,0.2273,0.0001,-0.0001,0.0001,0.0,0.0,0.0,-0.0522,-0.0255,-0.2377,28.7397,20.9055,45.458,0.0,0.0433,-0.364,0.0,0.0,0.0,3646012.4461,3838951.6375,-4165850.6406,3916.0592,2784.8162,6003.9681,3645983.7064,3838930.732,-4165896.0987,3916.1114,2784.8417,6004.2058,0.0,0.0765,3.9732,0.0,0.0,1.0,0.0,1.0,0.0,0.0,1.172,-23.972,0.0,1.0,0.0,0.0,0.0,-1.0,0.11692732785794774,0.004,-0.25663,1.436455083046878,9.050158611842674,,
291.0904,51.277,-0.026,0.115,47.304,0.068,0.113,-0.245,0.0,0.004,-0.245,0.001,0.004,0.518,-0.007,0.25,0.007,-0.007,0.006,0.0,-0.0,0.0,840.31,-0.0,0.0,-0.0,0.0,0.0,0.0,0.0,0.0,-0.6823,0.6963,-0.2231,0.7255,0.6825,-0.0886,0.0905,-0.2223,-0.9708,0.676,0.226,-0.7014,-0.7316,0.0917,-0.6755,-0.0884,0.9698,0.2273,0.0001,-0.0001,0.0001,0.0,0.0,0.0,-0.0522,-0.0255,-0.2377,28.7292,20.9004,45.4102,0.0,0.0433,-0.364,0.0,0.0,0.0,3646799.9643,3839511.6302,-4164642.988,3915.1031,2783.8095,6005.0602,3646771.2351,3839490.7298,-4164688.3982,3915.1554,2783.835,6005.2979,0.0,0.0765,3.9732,0.0,0.0,1.0,0.0,1.0,0.0,0.0,1.172,-23.972,0.0,1.0,0.0,0.0,0.0,-1.0,0.11790250209389112,0.004,-0.25638500000000003,1.4354752502635642,9.041518589787959,,
291.2916,51.228,-0.026,0.116,47.255,0.068,0.114,-0.245,0.0,0.004,-0.245,0.001,0.004,0.519,-0.009,0.251,0.007,-0.007,0.006,0.0,-0.0,0.0,840.31,-0.0,0.0,-0.0,0.0,0.0,0.0,0.0,0.0,-0.6823,0.6962,-0.2231,0.7255,0.6825,-0.0886,0.0906,-0.2223,-0.9708,0.676,0.226,-0.7014,-0.7316,0.0917,-0.6755,-0.0884,0.9698,0.2273,0.0001,-0.0001,0.0001,0.0,0.0,0.0,-0.0522,-0.0255,-0.2377,28.7188,20.8953,45.3626,0.0,0.0433,-0.364,0.0,0.0,0.0,3647584.1626,3840069.197,-4163439.9136,3914.1506,2782.8067,6006.1477,3647555.4438,3840048.3017,-4163485.2762,3914.2029,2782.8322,6006.3854,0.0,0.0765,3.9732,0.0,0.0,1.0,0.0,1.0,0.0,0.0,1.172,-23.972,0.0,1.0,0.0,0.0,0.0,-1.0,0.11887808881370865,0.004,-0.25614000000000003,1.4356358218769325,9.032878567733244,,
291.4985,51.177,-0.026,0.116,47.204,0.068,0.115,-0.245,0.0,0.004,-0.245,0.001,0.004,0.52,-0.01,0.253,0.007,-0.007,0.006,0.0,-0.0,0.0,840.31,-0.0,0.0,-0.0,0.0,0.0,0.0,0.0,0.0,-0.6823,0.6962,-0.2231,0.7255,0.6825,-0.0886,0.0906,-0.2223,-0.9708,0.676,0.226,-0.7014,-0.7316,0.0917,-0.6755,-0.0884,0.9698,0.2273,0.0001,-0.0001,0.0001,0.0,0.0,0.0,-0.0522,-0.0255,-0.2377,28.7079,20.8901,45.3135,0.0,0.0433,-0.364,0.0,0.0,0.0,3648393.3703,3840644.4773,-4162197.9345,3913.1673,2781.7716,6007.2698,3648364.6624,3840623.5873,-4162243.248,3913.2196,2781.7971,6007.5075,0.0,0.0765,3.9732,0.0,0.0,1.0,0.0,1.0,0.0,0.0,1.172,-23.972,0.0,1.0,0.0,0.0,0.0,-1.0,0.11887808881370865,0.004,-0.255885,1.4368894025720014,9.023885891717113,,
291.6987,51.128,-0.026,0.117,47.155,0.068,0.116,-0.245,0.0,0.004,-0.245,0.001,0.004,0.522,-0.012,0.254,0.007,-0.007,0.006,0.0,-0.0,0.0,840.31,-0.0,0.0,-0.0,0.0,0.0,0.0,0.0,0.0,-0.6823,0.6962,-0.2231,0.7254,0.6826,-0.0885,0.0906,-0.2222,-0.9708,0.676,0.226,-0.7014,-0.7316,0.0917,-0.6755,-0.0884,0.9698,0.2273,0.0001,-0.0001,0.0001,0.0,0.0,0.0,-0.0523,-0.0255,-0.2377,28.6974,20.8849,45.2657,0.0,0.0433,-0.364,0.0,0.0,0.0,3649180.0709,3841203.69,-4160989.98,3912.2109,2780.7648,6008.3606,3649151.3734,3841182.805,-4161035.2457,3912.2632,2780.7903,6008.5983,0.0,0.0765,3.9732,0.0,0.0,1.0,0.0,1.0,0.0,0.0,1.172,-23.972,0.0,1.0,0.0,0.0,0.0,-1.0,0.11985407794480754,0.004,-0.25564,1.4370652737286616,9.015245869662397,,
291.899,51.079,-0.026,0.118,47.106,0.068,0.117,-0.245,0.0,0.004,-0.245,0.001,0.004,0.523,-0.013,0.255,0.007,-0.007,0.006,0.0,-0.0,0.0,840.31,-0.0,0.0,-0.0,0.0,0.0,0.0,0.0,0.0,-0.6823,0.6962,-0.2231,0.7254,0.6826,-0.0885,0.0907,-0.2222,-0.9708,0.676,0.226,-0.7014,-0.7316,0.0917,-0.6755,-0.0884,0.9698,0.2273,0.0001,-0.0001,0.0001,0.0,0.0,0.0,-0.0523,-0.0255,-0.2377,28.687,20.8799,45.2183,0.0,0.0433,-0.364,0.0,0.0,0.0,3649959.9621,3841757.9974,-4159791.9729,3911.2623,2779.7663,6009.442,3649931.275,3841737.1175,-4159837.1912,3911.3146,2779.7918,6009.6797,0.0,0.0765,3.9732,0.0,0.0,1.0,0.0,1.0,0.0,0.0,1.172,-23.972,0.0,1.0,0.0,0.0,0.0,-1.0,0.12083045973594571,0.004,-0.255395,1.4372425712838222,9.006605847607682,,
292.1062,51.028,-0.026,0.119,47.055,0.069,0.117,-0.245,0.0,0.004,-0.245,0.001,0.004,0.524,-0.015,0.256,0.007,-0.007,0.006,0.0,-0.0,0.0,840.31,-0.0,0.0,-0.0,0.0,0.0,0.0,0.0,0.0,-0.6823,0.6962,-0.2231,0.7254,0.6826,-0.0885,0.0907,-0.2222,-0.9708,0.676,0.226,-0.7014,-0.7316,0.0917,-0.6755,-0.0884,0.9698,0.2273,0.0001,-0.0001,0.0001,0.0,0.0,0.0,-0.0523,-0.0255,-0.2377,28.6761,20.8746,45.1687,0.0,0.0433,-0.364,0.0,0.0,0.0,3650775.0485,3842337.2508,-4158539.3593,3910.2705,2778.7224,6010.5721,3650746.3723,3842316.3763,-4158584.528,3910.3227,2778.7479,6010.8098,0.0,0.0765,3.9732,0.0,0.0,1.0,0.0,1.0,0.0,0.0,1.172,-23.972,0.0,1.0,0.0,0.0,0.0,-1.0,0.12180722474467595,0.004,-0.25514,1.451723407930767,8.997613171591551,,
292.3064,50.979,-0.026,0.12,47.006,0.069,0.118,-0.245,0.0,0.004,-0.245,0.001,0.004,0.526,-0.016,0.258,0.007,-0.007,0.006,0.0,-0.0,0.0,840.31,-0.0,0.0,-0.0,0.0,0.0,0.0,0.0,0.0,-0.6823,0.6962,-0.2231,0.7254,0.6826,-0.0884,0.0907,-0.2222,-0.9708,0.676,0.226,-0.7014,-0.7316,0.0917,-0.6755,-0.0884,0.9698,0.2273,0.0001,-0.0001,0.0001,0.0,0.0,0.0,-0.0523,-0.0255,-0.2377,28.6657,20.8695,45.1211,0.0,0.0433,-0.364,0.0,0.0,0.0,3651557.6148,3842893.3268,-4157336.2019,3909.3178,2777.7197,6011.657,3651528.9491,3842872.4573,-4157381.323,3909.37,2777.7452,6011.8948,0.0,0.0765,3.9732,0.0,0.0,1.0,0.0,1.0,0.0,0.0,1.172,-23.972,0.0,1.0,0.0,0.0,0.0,-1.0,0.12278436382536662,0.004,-0.254895,1.4518900885896824,8.988973149536836,,
292.511,50.929,-0.026,0.121,46.956,0.069,0.119,-0.245,0.0,0.004,-0.245,0.001,0.004,0.527,-0.017,0.259,0.007,-0.007,0.006,0.0,-0.0,0.0,840.31,-0.0,0.0,-0.0,0.0,0.0,0.0,0.0,0.0,-0.6823,0.6962,-0.2231,0.7254,0.6826,-0.0884,0.0907,-0.2221,-0.9708,0.676,0.226,-0.7014,-0.7316,0.0917,-0.6755,-0.0884,0.9698,0.2273,0.0001,-0.0001,0.0001,0.0,0.0,0.0,-0.0523,-0.0255,-0.2378,28.6549,20.8642,45.0724,0.0,0.0433,-0.364,0.0,0.0,0.0,3652359.1927,3843462.8445,-4156103.2848,3908.3414,2776.6923,6012.7683,3652330.5377,3843441.9803,-4156148.3572,3908.3937,2776.7178,6013.006,0.0,0.0765,3.9732,0.0,0.0,1.0,0.0,1.0,0.0,0.0,1.172,-23.972,0.0,1.0,0.0,0.0,0.0,-1.0,0.1237618681177688,0.004,-0.254645,1.452059927841117,8.980156800501414,,
292.7113,50.88,-0.026,0.122,46.907,0.069,0.12,-0.245,0.0,0.004,-0.245,0.001,0.004,0.529,-0.019,0.26,0.007,-0.007,0.006,0.0,-0.0,0.0,840.31,-0.0,0.0,-0.0,0.0,0.0,0.0,0.0,0.0,-0.6823,0.6962,-0.2231,0.7254,0.6827,-0.0884,0.0908,-0.2221,-0.9708,0.676,0.226,-0.7014,-0.7316,0.0917,-0.6755,-0.0884,0.9698,0.2273,0.0001,-0.0001,0.0001,0.0,0.0,0.0,-0.0523,-0.0255,-0.2378,28.6444,20.8591,45.0245,0.0,0.0433,-0.364,0.0,0.0,0.0,3653146.7054,3844022.3024,-4154891.4794,3907.3818,2775.6825,6013.86,3653118.061,3844001.4433,-4154936.5039,3907.4341,2775.708,6014.0978,0.0,0.0765,3.9732,0.0,0.0,1.0,0.0,1.0,0.0,0.0,1.172,-23.972,0.0,1.0,0.0,0.0,0.0,-1.0,0.12473972903610141,0.004,-0.2544,1.452229446216304,8.971516778446698,,
292.9139,50.83,-0.026,0.123,46.857,0.069,0.12,-0.245,0.0,0.004,-0.245,0.001,0.004,0.53,-0.02,0.262,0.007,-0.007,0.006,0.0,-0.0,0.0,840.31,-0.0,0.0,-0.0,0.0,0.0,0.0,0.0,0.0,-0.6824,0.6962,-0.2231,0.7254,0.6827,-0.0883,0.0908,-0.2221,-0.9708,0.676,0.226,-0.7014,-0.7316,0.0917,-0.6755,-0.0884,0.9698,0.2273,0.0001,-0.0001,0.0001,0.0,0.0,0.0,-0.0523,-0.0255,-0.2378,28.6339,20.854,44.9766,0.0,0.0433,-0.364,0.0,0.0,0.0,3653933.1206,3844580.9144,-4153680.8474,3906.4231,2774.6737,6014.9501,3653904.4868,3844560.0604,-4153725.824,3906.4754,2774.6992,6015.1879,0.0,0.0765,3.9732,0.0,0.0,1.0,0.0,1.0,0.0,0.0,1.172,-23.972,0.0,1.0,0.0,0.0,0.0,-1.0,0.1257179382586272,0.004,-0.25415,1.4513183208938993,8.962700429411274,,
293.1168,50.781,-0.025,0.123,46.808,0.069,0.121,-0.245,0.0,0.004,-0.245,0.001,0.004,0.531,-0.022,0.263,0.007,-0.007,0.006,0.0,-0.0,0.0,840.31,-0.0,0.0,-0.0,0.0,0.0,0.0,0.0,0.0,-0.6824,0.6961,-0.2231,0.7253,0.6827,-0.0883,0.0908,-0.2221,-0.9708,0.676,0.226,-0.7014,-0.7316,0.0917,-0.6755,-0.0884,0.9698,0.2273,0.0001,-0.0001,0.0001,0.0,0.0,0.0,-0.0523,-0.0255,-0.2378,28.6234,20.8488,44.9286,0.0,0.0433,-0.364,0.0,0.0,0.0,3654720.8375,3845140.3848,-4152467.6939,3905.4623,2773.6628,6016.042,3654692.2142,3845119.5359,-4152512.6225,3905.5146,2773.6883,6016.2798,0.0,0.0765,3.9732,0.0,0.0,1.0,0.0,1.0,0.0,0.0,1.172,-23.972,0.0,1.0,0.0,0.0,0.0,-1.0,0.12551493934986385,0.004,-0.253905,1.4381165178573934,8.95406040735656,,
293.3224,50.73,-0.025,0.124,46.757,0.069,0.122,-0.242,0.0,0.004,-0.242,0.001,0.004,0.533,-0.023,0.264,0.007,-0.007,0.006,0.0,-0.0,0.0,840.303,-0.0,0.0,1.0,0.0,0.0,0.0,0.0,0.0,-0.6824,0.6961,-0.2231,0.7253,0.6827,-0.0883,0.0909,-0.222,-0.9708,0.676,0.226,-0.7014,-0.7316,0.0917,-0.6755,-0.0884,0.9698,0.2273,0.0001,-0.0001,0.0001,0.0,0.0,0.0,-0.0518,-0.0253,-0.2355,28.6125,20.8436,44.8794,0.0,0.0433,-0.364,0.0,0.0,0.0,3655530.5847,3845715.4332,-4151220.0692,3904.4747,2772.6235,6017.1667,3655501.9722,3845694.5896,-4151264.9487,3904.5265,2772.6488,6017.4022,0.0,0.0765,3.9732,0.0,0.0,1.0,0.0,1.0,0.0,0.0,1.172,-23.972,0.0,1.0,0.0,0.0,0.0,-1.0,0.12649505919204906,0.004,-0.25365,1.4382937743002056,8.945067731340428,,
293.5275,50.681,-0.025,0.125,46.708,0.07,0.123,-0.235,0.0,0.004,-0.235,0.001,0.004,0.534,-0.025,0.265,0.007,-0.007,0.006,0.0,-0.0,0.0,840.281,-0.0,0.0,-0.0,0.0,0.0,0.0,0.0,0.0,-0.6824,0.6961,-0.2231,0.7253,0.6827,-0.0882,0.0909,-0.222,-0.9708,0.676,0.226,-0.7014,-0.7316,0.0917,-0.6755,-0.0884,0.9698,0.2273,0.0001,-0.0001,0.0001,0.0,0.0,0.0,-0.05,-0.0246,-0.2283,28.6021,20.8385,44.8319,0.0,0.0433,-0.364,0.0,0.0,0.0,3656331.6137,3846284.221,-4149985.3386,3903.4986,2771.5955,6018.2842,3656303.0116,3846263.3825,-4150030.1704,3903.5486,2771.62,6018.5125,0.0,0.0765,3.9732,0.0,0.0,1.0,0.0,1.0,0.0,0.0,1.172,-23.972,0.0,1.0,0.0,0.0,0.0,-1.0,0.12747548783981963,0.004,-0.253405,1.4539775143970888,8.936427709285713,,
293.728,50.634,-0.025,0.126,46.661,0.07,0.124,-0.235,0.0,0.004,-0.235,0.001,0.004,0.535,-0.026,0.267,0.007,-0.007,0.006,0.0,-0.0,0.0,840.281,-0.0,0.0,-0.0,0.0,0.0,0.0,0.0,0.0,-0.6824,0.6961,-0.2231,0.7253,0.6828,-0.0882,0.0909,-0.222,-0.9708,0.676,0.226,-0.7014,-0.7316,0.0917,-0.6755,-0.0884,0.9698,0.2273,0.0001,-0.0001,0.0001,0.0,0.0,0.0,-0.05,-0.0246,-0.2283,28.592,20.8335,44.7859,0.0,0.0433,-0.364,0.0,0.0,0.0,3657116.7654,3846841.6681,-4148774.56,3902.5396,2770.5867,6019.3724,3657088.1733,3846820.8346,-4148819.3459,3902.5896,2770.6113,6019.6007,0.0,0.0765,3.9732,0.0,0.0,1.0,0.0,1.0,0.0,0.0,1.172,-23.972,0.0,1.0,0.0,0.0,0.0,-1.0,0.1284562182223967,0.004,-0.25317,1.4541505863022244,8.928140341192416,,
293.9307,50.587,-0.025,0.127,46.614,0.07,0.124,-0.235,0.0,0.004,-0.235,0.001,0.004,0.537,-0.027,0.268,0.007,-0.007,0.006,0.0,-0.0,0.0,840.281,-0.0,0.0,-0.0,0.0,0.0,0.0,0.0,0.0,-0.6824,0.6961,-0.2231,0.7253,0.6828,-0.0882,0.0909,-0.222,-0.9708,0.676,0.226,-0.7014,-0.7316,0.0917,-0.6755,-0.0884,0.9698,0.2273,0.0001,-0.0001,0.0001,0.0,0.0,0.0,-0.05,-0.0246,-0.2283,28.582,20.8286,44.7401,0.0,0.0433,-0.364,0.0,0.0,0.0,3657899.8844,3847397.6064,-4147566.4009,3901.5826,2769.5801,6020.4577,3657871.3025,3847376.7778,-4147611.141,3901.6327,2769.6047,6020.686,0.0,0.0765,3.9732,0.0,0.0,1.0,0.0,1.0,0.0,0.0,1.172,-23.972,0.0,1.0,0.0,0.0,0.0,-1.0,0.12943724348115576,0.004,-0.252935,1.453186174495275,8.919852973099118,,
294.1389,50.538,-0.025,0.128,46.565,0.07,0.125,-0.235,0.0,0.004,-0.235,0.001,0.004,0.538,-0.029,0.269,0.007,-0.007,0.006,0.0,-0.0,0.0,840.281,-0.0,0.0,-0.0,0.0,0.0,0.0,0.0,0.0,-0.6824,0.6961,-0.2231,0.7253,0.6828,-0.0881,0.091,-0.2219,-0.9708,0.676,0.226,-0.7014,-0.7316,0.0917,-0.6755,-0.0884,0.9698,0.2273,0.0001,-0.0001,0.0001,0.0,0.0,0.0,-0.05,-0.0246,-0.2283,28.5716,20.8235,44.6928,0.0,0.0433,-0.364,0.0,0.0,0.0,3658708.9895,3847971.9235,-4146317.6092,3900.5935,2768.5398,6021.579,3658680.4179,3847951.1,-4146362.3019,3900.6435,2768.5644,6021.8073,0.0,0.0765,3.9732,0.0,0.0,1.0,0.0,1.0,0.0,0.0,1.172,-23.972,0.0,1.0,0.0,0.0,0.0,-1.0,0.13041855696180663,0.004,-0.25268999999999997,1.453352063156085,8.911212951044403,,
294.3459,50.489,-0.025,0.129,46.516,0.07,0.126,-0.235,0.0,0.004,-0.235,0.001,0.004,0.539,-0.03,0.27,0.007,-0.007,0.006,0.0,-0.0,0.0,840.281,-0.0,0.0,-0.0,0.0,0.0,0.0,0.0,0.0,-0.6824,0.6961,-0.2231,0.7253,0.6828,-0.0881,0.091,-0.2219,-0.9708,0.676,0.226,-0.7014,-0.7316,0.0917,-0.6755,-0.0884,0.9698,0.2273,0.0001,-0.0001,0.0001,0.0,0.0,0.0,-0.0501,-0.0246,-0.2283,28.5612,20.8184,44.6453,0.0,0.0433,-0.364,0.0,0.0,0.0,3659520.303,3848547.7377,-4145064.8584,3899.6011,2767.4961,6022.7033,3659491.7419,3848526.9193,-4145109.5036,3899.6512,2767.5207,6022.9316,0.0,0.0765,3.9732,0.0,0.0,1.0,0.0,1.0,0.0,0.0,1.172,-23.972,0.0,1.0,0.0,0.0,0.0,-1.0,0.13140015220691337,0.004,-0.252445,1.4535193996214681,8.902572928989688,,
294.5512,50.441,-0.025,0.13,46.468,0.07,0.127,-0.235,0.0,0.004,-0.235,0.001,0.004,0.541,-0.032,0.272,0.007,-0.007,0.006,0.0,-0.0,0.0,840.281,-0.0,0.0,-0.0,0.0,0.0,0.0,0.0,0.0,-0.6824,0.6961,-0.2231,0.7252,0.6828,-0.0881,0.091,-0.2219,-0.9708,0.676,0.226,-0.7014,-0.7316,0.0917,-0.6755,-0.0884,0.9698,0.2273,0.0001,-0.0001,0.0001,0.0,0.0,0.0,-0.0501,-0.0246,-0.2283,28.5509,20.8134,44.5983,0.0,0.0433,-0.364,0.0,0.0,0.0,3660322.0589,3849116.6989,-4143826.3244,3898.62,2766.4644,6023.8143,3660293.508,3849095.8855,-4143870.9227,3898.6701,2766.489,6024.0426,0.0,0.0765,3.9732,0.0,0.0,1.0,0.0,1.0,0.0,0.0,1.172,-23.972,0.0,1.0,0.0,0.0,0.0,-1.0,0.13238202294873727,0.004,-0.252205,1.453686381263565,8.894109233915682,,
294.7519,50.394,-0.025,0.13,46.421,0.07,0.127,-0.235,0.0,0.004,-0.235,0.001,0.004,0.542,-0.033,0.273,0.007,-0.007,0.006,0.0,-0.0,0.0,840.281,-0.0,0.0,-0.0,0.0,0.0,0.0,0.0,0.0,-0.6825,0.696,-0.2231,0.7252,0.6829,-0.088,0.0911,-0.2219,-0.9708,0.676,0.226,-0.7014,-0.7316,0.0917,-0.6755,-0.0884,0.9698,0.2273,0.0001,-0.0001,0.0001,0.0,0.0,0.0,-0.0501,-0.0246,-0.2284,28.5408,20.8084,44.5523,0.0,0.0433,-0.364,0.0,0.0,0.0,3661107.6598,3849674.1292,-4142612.2194,3897.6582,2765.453,6024.9029,3661079.119,3849653.3208,-4142656.7716,3897.7083,2765.4776,6025.1312,0.0,0.0765,3.9732,0.0,0.0,1.0,0.0,1.0,0.0,0.0,1.172,-23.972,0.0,1.0,0.0,0.0,0.0,-1.0,0.13238202294873727,0.004,-0.25196999999999997,1.4537715265250386,8.885821865822384,,
294.9547,50.346,-0.025,0.131,46.374,0.07,0.128,-0.235,0.0,0.004,-0.235,0.001,0.004,0.543,-0.035,0.274,0.007,-0.007,0.006,0.0,-0.0,0.0,840.281,-0.0,0.0,-0.0,0.0,0.0,0.0,0.0,0.0,-0.6825,0.696,-0.2231,0.7252,0.6829,-0.088,0.0911,-0.2218,-0.9708,0.676,0.226,-0.7014,-0.7316,0.0917,-0.6755,-0.0884,0.9698,0.2273,0.0001,-0.0001,0.0001,0.0,0.0,0.0,-0.0501,-0.0246,-0.2284,28.5307,20.8035,44.5064,0.0,0.0433,-0.364,0.0,0.0,0.0,3661890.5607,3850229.5776,-4141401.7717,3896.6993,2764.4447,6025.9876,3661862.03,3850208.7741,-4141446.2781,3896.7494,2764.4693,6026.216,0.0,0.0765,3.9732,0.0,0.0,1.0,0.0,1.0,0.0,0.0,1.172,-23.972,0.0,1.0,0.0,0.0,0.0,-1.0,0.1333641631023867,0.004,-0.25173,1.4542815554990405,8.877358170748376,,
295.1601,50.298,-0.025,0.132,46.325,0.071,0.129,-0.235,0.0,0.004,-0.235,0.001,0.004,0.545,-0.036,0.275,0.007,-0.007,0.006,0.0,-0.0,0.0,840.281,-0.0,0.0,-0.0,0.0,0.0,0.0,0.0,0.0,-0.6825,0.696,-0.2231,0.7252,0.6829,-0.088,0.0911,-0.2218,-0.9708,0.676,0.226,-0.7014,-0.7316,0.0917,-0.6755,-0.0884,0.9698,0.2273,0.0001,-0.0001,0.0001,0.0,0.0,0.0,-0.0501,-0.0246,-0.2284,28.5204,20.7984,44.4591,0.0,0.0433,-0.364,0.0,0.0,0.0,3662698.3755,3850802.6325,-4140152.2648,3895.7094,2763.4039,6027.1069,3662669.8552,3850781.8341,-4140196.7238,3895.7595,2763.4286,6027.3352,0.0,0.0765,3.9732,0.0,0.0,1.0,0.0,1.0,0.0,0.0,1.172,-23.972,0.0,1.0,0.0,0.0,0.0,-1.0,0.13434656675925888,0.004,-0.25149,1.4696337844016782,8.868894475674372,,
295.3625,50.25,-0.025,0.133,46.277,0.071,0.13,-0.235,0.0,0.004,-0.235,0.001,0.004,0.546,-0.037,0.277,0.007,-0.007,0.006,0.0,-0.0,0.0,840.281,-0.0,0.0,-0.0,0.0,0.0,0.0,0.0,0.0,-0.6825,0.696,-0.2231,0.7252,0.6829,-0.0879,0.0912,-0.2218,-0.9708,0.676,0.226,-0.7014,-0.7316,0.0917,-0.6755,-0.0884,0.9698,0.2273,0.0001,-0.0001,0.0001,0.0,0.0,0.0,-0.0501,-0.0246,-0.2284,28.5103,20.7934,44.413,0.0,0.0433,-0.364,0.0,0.0,0.0,3663484.5558,3851360.2728,-4138935.6933,3894.7455,2762.3906,6028.1961,3663456.0455,3851339.4793,-4138980.1063,3894.7956,2762.4153,6028.4245,0.0,0.0765,3.9732,0.0,0.0,1.0,0.0,1.0,0.0,0.0,1.172,-23.972,0.0,1.0,0.0,0.0,0.0,-1.0,0.13532922818075926,0.004,-0.25125,1.4698056081018824,8.860430780600366,,
295.5643,50.203,-0.025,0.134,46.23,0.071,0.131,-0.235,0.0,0.004,-0.235,0.001,0.004,0.548,-0.039,0.278,0.007,-0.007,0.006,0.0,-0.0,0.0,840.281,-0.0,0.0,-0.0,0.0,0.0,0.0,0.0,0.0,-0.6825,0.696,-0.2231,0.7252,0.6829,-0.0879,0.0912,-0.2218,-0.9708,0.676,0.226,-0.7014,-0.7316,0.0917,-0.6755,-0.0884,0.9698,0.2273,0.0001,-0.0001,0.0001,0.0,0.0,0.0,-0.0501,-0.0246,-0.2284,28.5002,20.7885,44.3673,0.0,0.0433,-0.364,0.0,0.0,0.0,3664262.9211,3851912.3042,-4137730.7024,3893.7908,2761.387,6029.2744,3664234.4209,3851891.5157,-4137775.0697,3893.8409,2761.4116,6029.5028,0.0,0.0765,3.9732,0.0,0.0,1.0,0.0,1.0,0.0,0.0,1.172,-23.972,0.0,1.0,0.0,0.0,0.0,-1.0,0.13631214179228499,0.004,-0.251015,1.469977026425381,8.852143412507068,,
295.7687,50.155,-0.025,0.135,46.182,0.071,0.131,-0.235,0.0,0.004,-0.235,0.001,0.004,0.549,-0.04,0.279,0.007,-0.007,0.006,0.0,-0.0,0.0,840.281,-0.0,0.0,-0.0,0.0,0.0,0.0,0.0,0.0,-0.6825,0.696,-0.2231,0.7252,0.6829,-0.0879,0.0912,-0.2218,-0.9708,0.676,0.226,-0.7014,-0.7316,0.0917,-0.6755,-0.0884,0.9698,0.2273,0.0001,-0.0001,0.0001,0.0,0.0,0.0,-0.0501,-0.0246,-0.2284,28.4899,20.7834,44.3201,0.0,0.0433,-0.364,0.0,0.0,0.0,3665067.4245,3852482.805,-4136484.7066,3892.8036,2760.3493,6030.3889,3665038.9346,3852462.0216,-4136529.0267,3892.8537,2760.3739,6030.6173,0.0,0.0765,3.9732,0.0,0.0,1.0,0.0,1.0,0.0,0.0,1.172,-23.972,0.0,1.0,0.0,0.0,0.0,-1.0,0.1372953021774598,0.004,-0.250775,1.4690784312118519,8.84367971743306,,
295.9742,50.106,-0.025,0.136,46.133,0.071,0.132,-0.232,0.0,0.004,-0.232,0.001,0.004,0.55,-0.042,0.28,0.007,-0.007,0.006,0.0,-0.0,0.0,840.272,-0.0,0.0,1.0,0.0,0.0,0.0,0.0,0.0,-0.6825,0.696,-0.2231,0.7251,0.683,-0.0878,0.0912,-0.2217,-0.9708,0.676,0.226,-0.7014,-0.7316,0.0917,-0.6755,-0.0884,0.9698,0.2273,0.0001,-0.0001,0.0001,0.0,0.0,0.0,-0.0495,-0.0244,-0.2257,28.4796,20.7784,44.2732,0.0,0.0433,-0.364,0.0,0.0,0.0,3665868.9782,3853051.1444,-4135242.7381,3891.8202,2759.3152,6031.502,3665840.4986,3853030.3661,-4135287.0113,3891.8696,2759.3395,6031.7277,0.0,0.0765,3.9732,0.0,0.0,1.0,0.0,1.0,0.0,0.0,1.172,-23.972,0.0,1.0,0.0,0.0,0.0,-1.0,0.1382787040726084,0.004,-0.25053000000000003,1.4692427481530506,8.835039695378347,,
296.1799,50.06,-0.025,0.137,46.087,0.071,0.133,-0.227,0.0,0.004,-0.227,0.001,0.004,0.552,-0.043,0.282,0.007,-0.007,0.006,0.0,-0.0,0.0,840.256,-0.0,0.0,-0.0,0.0,0.0,0.0,0.0,0.0,-0.6825,0.696,-0.2231,0.7251,0.683,-0.0878,0.0913,-0.2217,-0.9708,0.676,0.226,-0.7014,-0.7316,0.0917,-0.6755,-0.0884,0.9698,0.2273,0.0001,-0.0001,0.0001,0.0,0.0,0.0,-0.0482,-0.0239,-0.2205,28.4696,20.7735,44.2278,0.0,0.0433,-0.364,0.0,0.0,0.0,3666663.485,3853614.4186,-4134011.1534,3890.8456,2758.29,6032.6078,3666635.0154,3853593.6451,-4134055.3812,3890.8938,2758.3139,6032.8282,0.0,0.0765,3.9732,0.0,0.0,1.0,0.0,1.0,0.0,0.0,1.172,-23.972,0.0,1.0,0.0,0.0,0.0,-1.0,0.13926234236145824,0.004,-0.2503,1.4694029698709123,8.826928654265757,,
296.3851,50.013,-0.025,0.138,46.04,0.071,0.134,-0.227,0.0,0.004,-0.227,0.001,0.004,0.553,-0.045,0.283,0.007,-0.007,0.006,0.0,-0.0,0.0,840.256,-0.0,0.0,-0.0,0.0,0.0,0.0,0.0,0.0,-0.6825,0.696,-0.2231,0.7251,0.683,-0.0878,0.0913,-0.2217,-0.9708,0.676,0.226,-0.7014,-0.7316,0.0917,-0.6755,-0.0884,0.9698,0.2273,0.0001,-0.0001,0.0001,0.0,0.0,0.0,-0.0482,-0.0239,-0.2205,28.4598,20.7686,44.1826,0.0,0.0433,-0.364,0.0,0.0,0.0,3667460.45,3854179.3674,-4132775.2186,3889.8662,2757.2608,6033.7117,3667431.9902,3854158.5988,-4132819.4012,3889.9144,2757.2846,6033.9322,0.0,0.0765,3.9732,0.0,0.0,1.0,0.0,1.0,0.0,0.0,1.172,-23.972,0.0,1.0,0.0,0.0,0.0,-1.0,0.14024621207005913,0.004,-0.250065,1.469566487809717,8.818641286172458,,
296.586,49.967,-0.025,0.138,45.995,0.071,0.134,-0.227,0.0,0.004,-0.227,0.001,0.004,0.554,-0.046,0.284,0.007,-0.007,0.006,0.0,-0.0,0.0,840.256,-0.0,0.0,-0.0,0.0,0.0,0.0,0.0,0.0,-0.6826,0.6959,-0.2231,0.7251,0.683,-0.0877,0.0913,-0.2217,-0.9708,0.676,0.226,-0.7014,-0.7316,0.0917,-0.6755,-0.0884,0.9698,0.2273,0.0001,-0.0001,0.0001,0.0,0.0,0.0,-0.0482,-0.0239,-0.2205,28.4501,20.7638,44.1383,0.0,0.0433,-0.364,0.0,0.0,0.0,3668241.3596,3854732.8678,-4131563.6646,3888.9061,2756.2519,6034.7933,3668212.9095,3854712.104,-4131607.8029,3888.9544,2756.2757,6035.0138,0.0,0.0765,3.9732,0.0,0.0,1.0,0.0,1.0,0.0,0.0,1.172,-23.972,0.0,1.0,0.0,0.0,0.0,-1.0,0.14024621207005913,0.004,-0.249835,1.469997036546758,8.81053024505987,,
296.792,49.92,-0.025,0.139,45.948,0.072,0.135,-0.227,0.0,0.004,-0.227,0.001,0.004,0.556,-0.047,0.285,0.007,-0.007,0.006,0.0,-0.0,0.0,840.256,-0.0,0.0,-0.0,0.0,0.0,0.0,0.0,0.0,-0.6826,0.6959,-0.2231,0.7251,0.683,-0.0877,0.0914,-0.2216,-0.9708,0.676,0.226,-0.7014,-0.7316,0.0917,-0.6755,-0.0884,0.9698,0.2273,0.0001,-0.0001,0.0001,0.0,0.0,0.0,-0.0482,-0.0239,-0.2205,28.4401,20.7589,44.0925,0.0,0.0433,-0.364,0.0,0.0,0.0,3669049.7708,3855305.7922,-4130308.894,3887.9118,2755.207,6035.9129,3669021.3307,3855285.0334,-4130352.9865,3887.96,2755.2309,6036.1334,0.0,0.0765,3.9732,0.0,0.0,1.0,0.0,1.0,0.0,0.0,1.172,-23.972,0.0,1.0,0.0,0.0,0.0,-1.0,0.14123030836190936,0.004,-0.24960000000000002,1.4857032486292088,8.802242876966572,,
296.995,49.874,-0.025,0.14,45.902,0.072,0.136,-0.227,0.0,0.004,-0.227,0.001,0.004,0.557,-0.049,0.286,0.007,-0.007,0.006,0.0,-0.0,0.0,840.256,-0.0,0.0,-0.0,0.0,0.0,0.0,0.0,0.0,-0.6826,0.6959,-0.2231,0.7251,0.6831,-0.0877,0.0914,-0.2216,-0.9708,0.676,0.226,-0.7014,-0.7316,0.0917,-0.6755,-0.0884,0.9698,0.2273,0.0001,-0.0001,0.0001,0.0,0.0,0.0,-0.0482,-0.0239,-0.2205,28.4303,20.7541,44.048,0.0,0.0433,-0.364,0.0,0.0,0.0,3669834.8195,3855862.0914,-4129089.8583,3886.9457,2754.1919,6037.0002,3669806.3892,3855841.3373,-4129133.9063,3886.994,2754.2158,6037.2207,0.0,0.0765,3.9732,0.0,0.0,1.0,0.0,1.0,0.0,0.0,1.172,-23.972,0.0,1.0,0.0,0.0,0.0,-1.0,0.14221462653327893,0.004,-0.24937,1.4858682782912527,8.794131835853982,,
297.1952,49.829,-0.025,0.141,45.856,0.072,0.137,-0.227,0.0,0.004,-0.227,0.001,0.004,0.558,-0.05,0.288,0.007,-0.007,0.006,0.0,-0.0,0.0,840.256,-0.0,0.0,-0.0,0.0,0.0,0.0,0.0,0.0,-0.6826,0.6959,-0.2231,0.7251,0.6831,-0.0876,0.0914,-0.2216,-0.9708,0.676,0.226,-0.7014,-0.7316,0.0917,-0.6755,-0.0884,0.9698,0.2273,0.0001,-0.0001,0.0001,0.0,0.0,0.0,-0.0482,-0.0239,-0.2205,28.4207,20.7493,44.0038,0.0,0.0433,-0.364,0.0,0.0,0.0,3670612.6208,3856413.1891,-4127881.5614,3885.9881,2753.1858,6038.0773,3670584.2001,3856392.4398,-4127925.5652,3886.0364,2753.2097,6038.2979,0.0,0.0765,3.9732,0.0,0.0,1.0,0.0,1.0,0.0,0.0,1.172,-23.972,0.0,1.0,0.0,0.0,0.0,-1.0,0.14319916200872126,0.004,-0.249145,1.485684594200984,8.786197121722102,,
297.4024,49.782,-0.025,0.142,45.81,0.072,0.138,-0.227,0.0,0.004,-0.227,0.001,0.004,0.56,-0.052,0.289,0.007,-0.007,0.006,0.0,-0.0,0.0,840.256,-0.0,0.0,-0.0,0.0,0.0,0.0,0.0,0.0,-0.6826,0.6959,-0.2231,0.725,0.6831,-0.0876,0.0914,-0.2216,-0.9708,0.676,0.226,-0.7014,-0.7316,0.0917,-0.6755,-0.0884,0.9698,0.2273,0.0001,-0.0001,0.0001,0.0,0.0,0.0,-0.0482,-0.0239,-0.2206,28.4107,20.7444,43.9584,0.0,0.0433,-0.364,0.0,0.0,0.0,3671413.2822,3856980.4154,-4126637.2155,3885.0019,2752.1498,6039.1861,3671384.8714,3856959.671,-4126681.1739,3885.0502,2752.1736,6039.4066,0.0,0.0765,3.9732,0.0,0.0,1.0,0.0,1.0,0.0,0.0,1.172,-23.972,0.0,1.0,0.0,0.0,0.0,-1.0,0.144183910336764,0.004,-0.24891,1.4862026785917206,8.777909753628803,,
297.6027,49.737,-0.025,0.143,45.764,0.072,0.138,-0.227,0.0,0.004,-0.227,0.001,0.004,0.561,-0.053,0.29,0.007,-0.007,0.006,0.0,-0.0,0.0,840.256,-0.0,0.0,-0.0,0.0,0.0,0.0,0.0,0.0,-0.6826,0.6959,-0.2231,0.725,0.6831,-0.0876,0.0915,-0.2215,-0.9709,0.676,0.226,-0.7014,-0.7316,0.0917,-0.6755,-0.0884,0.9698,0.2273,0.0001,-0.0001,0.0001,0.0,0.0,0.0,-0.0483,-0.0239,-0.2206,28.4011,20.7396,43.9141,0.0,0.0433,-0.364,0.0,0.0,0.0,3672192.3978,3857532.3113,-4125425.8292,3884.0418,2751.1412,6040.2649,3672163.9967,3857511.5717,-4125469.7434,3884.0901,2751.165,6040.4855,0.0,0.0765,3.9732,0.0,0.0,1.0,0.0,1.0,0.0,0.0,1.172,-23.972,0.0,1.0,0.0,0.0,0.0,-1.0,0.1451688671857709,0.004,-0.24868500000000002,1.4850116775277646,8.769975039496924,,
297.81,49.69,-0.025,0.144,45.717,0.072,0.139,-0.227,0.0,0.004,-0.227,0.001,0.004,0.562,-0.055,0.291,0.007,-0.007,0.006,0.0,-0.0,0.0,840.256,-0.0,0.0,-0.0,0.0,0.0,0.0,0.0,0.0,-0.6826,0.6959,-0.2231,0.725,0.6831,-0.0875,0.0915,-0.2215,-0.9709,0.676,0.226,-0.7014,-0.7316,0.0917,-0.6755,-0.0884,0.9698,0.2273,0.0001,-0.0001,0.0001,0.0,0.0,0.0,-0.0483,-0.0239,-0.2206,28.391,20.7346,43.8682,0.0,0.0433,-0.364,0.0,0.0,0.0,3673000.249,3858104.4921,-4124169.2241,3883.0459,2750.095,6041.3836,3672971.858,3858083.7575,-4124213.0923,3883.0941,2750.1188,6041.6041,0.0,0.0765,3.9732,0.0,0.0,1.0,0.0,1.0,0.0,0.0,1.172,-23.972,0.0,1.0,0.0,0.0,0.0,-1.0,0.1461540283399674,0.004,-0.24844999999999998,1.4851707053170988,8.761687671403624,,
298.0107,49.644,-0.024,0.145,45.671,0.072,0.14,-0.227,0.0,0.004,-0.227,0.001,0.004,0.564,-0.056,0.293,0.007,-0.007,0.006,0.0,-0.0,0.0,840.256,-0.0,0.0,-0.0,0.0,0.0,0.0,0.0,0.0,-0.6826,0.6959,-0.2231,0.725,0.6832,-0.0875,0.0915,-0.2215,-0.9709,0.676,0.226,-0.7014,-0.7316,0.0917,-0.6755,-0.0884,0.9698,0.2273,0.0001,-0.0001,0.0001,0.0,0.0,0.0,-0.0483,-0.0239,-0.2206,28.3814,20.7299,43.8241,0.0,0.0433,-0.364,0.0,0.0,0.0,3673777.0557,3858654.6186,-4122960.3805,3882.0877,2749.0885,6042.4591,3673748.6743,3858633.8887,-4123004.2046,3882.136,2749.1124,6042.6797,0.0,0.0765,3.9732,0.0,0.0,1.0,0.0,1.0,0.0,0.0,1.172,-23.972,0.0,1.0,0.0,0.0,0.0,-1.0,0.146972786596703,0.004,-0.24822,1.4709439339602908,8.753576630291034,,
298.2111,49.598,-0.024,0.145,45.626,0.072,0.141,-0.224,0.0,0.004,-0.224,0.001,0.004,0.565,-0.057,0.294,0.007,-0.007,0.006,0.0,-0.0,0.0,840.248,-0.0,0.0,1.0,0.0,0.0,0.0,0.0,0.0,-0.6826,0.6959,-0.2231,0.725,0.6832,-0.0875,0.0916,-0.2215,-0.9709,0.676,0.226,-0.7014,-0.7316,0.0917,-0.6755,-0.0884,0.9698,0.2273,0.0001,-0.0001,0.0001,0.0,0.0,0.0,-0.0476,-0.0236,-0.2179,28.3716,20.7251,43.7796,0.0,0.0433,-0.364,0.0,0.0,0.0,3674562.6378,3859210.8926,-4121737.3611,3881.1189,2748.0706,6043.5495,3674534.2662,3859190.1676,-4121781.1407,3881.1666,2748.0943,6043.7674,0.0,0.0765,3.9732,0.0,0.0,1.0,0.0,1.0,0.0,0.0,1.172,-23.972,0.0,1.0,0.0,0.0,0.0,-1.0,0.146972786596703,0.004,-0.24799,1.4724259818615202,8.745465589178446,,
298.4185,49.553,-0.024,0.146,45.58,0.073,0.141,-0.22,0.0,0.004,-0.22,0.001,0.004,0.567,-0.059,0.295,0.007,-0.007,0.006,0.0,-0.0,0.0,840.235,-0.0,0.0,-0.0,0.0,0.0,0.0,0.0,0.0,-0.6827,0.6958,-0.2231,0.725,0.6832,-0.0874,0.0916,-0.2215,-0.9709,0.676,0.226,-0.7014,-0.7316,0.0917,-0.6755,-0.0884,0.9698,0.2273,0.0001,-0.0001,0.0001,0.0,0.0,0.0,-0.0466,-0.0232,-0.2136,28.362,20.7203,43.7356,0.0,0.0433,-0.364,0.0,0.0,0.0,3675357.5183,3859773.6824,-4120499.33,3880.1386,2747.0404,6044.6543,3675329.1563,3859752.9621,-4120543.0656,3880.1852,2747.0636,6044.8679,0.0,0.0765,3.9732,0.0,0.0,1.0,0.0,1.0,0.0,0.0,1.172,-23.972,0.0,1.0,0.0,0.0,0.0,-1.0,0.14795945390545343,0.004,-0.24776499999999999,1.4867414729937358,8.737530875046565,,
298.6194,49.509,-0.024,0.147,45.536,0.073,0.142,-0.22,0.0,0.004,-0.22,0.001,0.004,0.568,-0.06,0.296,0.007,-0.007,0.006,0.0,-0.0,0.0,840.235,-0.0,0.0,-0.0,0.0,0.0,0.0,0.0,0.0,-0.6827,0.6958,-0.2231,0.725,0.6832,-0.0874,0.0916,-0.2214,-0.9709,0.676,0.226,-0.7014,-0.7316,0.0917,-0.6755,-0.0884,0.9698,0.2273,0.0001,-0.0001,0.0001,0.0,0.0,0.0,-0.0466,-0.0232,-0.2136,28.3526,20.7156,43.6925,0.0,0.0433,-0.364,0.0,0.0,0.0,3676139.4387,3860327.2292,-4119280.9578,3879.1728,2746.0262,6045.7368,3676111.0861,3860306.5136,-4119324.6503,3879.2194,2746.0494,6045.9504,0.0,0.0765,3.9732,0.0,0.0,1.0,0.0,1.0,0.0,0.0,1.172,-23.972,0.0,1.0,0.0,0.0,0.0,-1.0,0.1489462990476769,0.004,-0.24754500000000002,1.4869004595423685,8.729772487895392,,
298.8264,49.463,-0.024,0.148,45.49,0.073,0.143,-0.22,0.0,0.004,-0.22,0.001,0.004,0.569,-0.062,0.297,0.007,-0.007,0.006,0.0,-0.0,0.0,840.235,-0.0,0.0,-0.0,0.0,0.0,0.0,0.0,0.0,-0.6827,0.6958,-0.2231,0.725,0.6832,-0.0874,0.0917,-0.2214,-0.9709,0.676,0.226,-0.7014,-0.7316,0.0917,-0.6755,-0.0884,0.9698,0.2273,0.0001,-0.0001,0.0001,0.0,0.0,0.0,-0.0466,-0.0232,-0.2136,28.343,20.7108,43.6482,0.0,0.0433,-0.364,0.0,0.0,0.0,3676943.4461,3860896.3429,-4118027.6239,3878.1793,2744.9829,6046.8499,3676915.1032,3860875.6321,-4118071.2721,3878.2259,2745.0061,6047.0635,0.0,0.0765,3.9732,0.0,0.0,1.0,0.0,1.0,0.0,0.0,1.172,-23.972,0.0,1.0,0.0,0.0,0.0,-1.0,0.14993331851193048,0.004,-0.247315,1.4870648078909006,8.721661446782804,,
299.0321,49.417,-0.024,0.149,45.445,0.073,0.144,-0.22,0.0,0.004,-0.22,0.001,0.004,0.571,-0.063,0.299,0.007,-0.007,0.006,0.0,-0.0,0.0,840.235,-0.0,0.0,-0.0,0.0,0.0,0.0,0.0,0.0,-0.6827,0.6958,-0.2231,0.7249,0.6833,-0.0873,0.0917,-0.2214,-0.9709,0.676,0.226,-0.7014,-0.7316,0.0917,-0.6755,-0.0884,0.9698,0.2273,0.0001,-0.0001,0.0001,0.0,0.0,0.0,-0.0466,-0.0232,-0.2136,28.3333,20.706,43.6039,0.0,0.0433,-0.364,0.0,0.0,0.0,3677748.1482,3861465.8772,-4116772.6576,3877.1844,2743.9383,6047.9638,3677719.8149,3861445.1712,-4116816.2615,3877.231,2743.9615,6048.1774,0.0,0.0765,3.9732,0.0,0.0,1.0,0.0,1.0,0.0,0.0,1.172,-23.972,0.0,1.0,0.0,0.0,0.0,-1.0,0.1509205088780183,0.004,-0.247085,1.487578719069614,8.713550405670214,,
299.2322,49.374,-0.024,0.15,45.401,0.073,0.145,-0.22,0.0,0.004,-0.22,0.001,0.004,0.572,-0.065,0.3,0.007,-0.007,0.006,0.0,-0.0,0.0,840.235,-0.0,0.0,-0.0,0.0,0.0,0.0,0.0,0.0,-0.6827,0.6958,-0.2231,0.7249,0.6833,-0.0873,0.0917,-0.2214,-0.9709,0.676,0.226,-0.7014,-0.7316,0.0917,-0.6755,-0.0884,0.9698,0.2273,0.0001,-0.0001,0.0001,0.0,0.0,0.0,-0.0466,-0.0232,-0.2137,28.3241,20.7014,43.5616,0.0,0.0433,-0.364,0.0,0.0,0.0,3678514.5045,3862008.2066,-4115576.9769,3876.2365,2742.9431,6049.0246,3678486.1804,3861987.5052,-4115620.5386,3876.2831,2742.9663,6049.2383,0.0,0.0765,3.9732,0.0,0.0,1.0,0.0,1.0,0.0,0.0,1.172,-23.972,0.0,1.0,0.0,0.0,0.0,-1.0,0.15190786681406596,0.004,-0.24687,1.4873920253356678,8.70596834549975,,
299.4366,49.329,-0.024,0.151,45.356,0.073,0.145,-0.22,0.0,0.004,-0.22,0.001,0.004,0.573,-0.066,0.301,0.007,-0.007,0.006,0.0,-0.0,0.0,840.235,-0.0,0.0,-0.0,0.0,0.0,0.0,0.0,0.0,-0.6827,0.6958,-0.2231,0.7249,0.6833,-0.0873,0.0917,-0.2213,-0.9709,0.676,0.226,-0.7014,-0.7316,0.0917,-0.6755,-0.0884,0.9698,0.2273,0.0001,-0.0001,0.0001,0.0,0.0,0.0,-0.0466,-0.0232,-0.2137,28.3145,20.6967,43.5179,0.0,0.0433,-0.364,0.0,0.0,0.0,3679308.0664,3862569.7212,-4114338.3195,3875.2544,2741.9121,6050.123,3679279.7518,3862549.0245,-4114381.8374,3875.3011,2741.9353,6050.3367,0.0,0.0765,3.9732,0.0,0.0,1.0,0.0,1.0,0.0,0.0,1.172,-23.972,0.0,1.0,0.0,0.0,0.0,-1.0,0.1528953890737062,0.004,-0.246645,1.4865998381493974,8.698033631367869,,
299.6426,49.283,-0.024,0.152,45.311,0.073,0.146,-0.22,0.0,0.004,-0.22,0.001,0.004,0.575,-0.067,0.302,0.007,-0.007,0.006,0.0,-0.0,0.0,840.235,-0.0,0.0,-0.0,0.0,0.0,0.0,0.0,0.0,-0.6827,0.6958,-0.2231,0.7249,0.6833,-0.0872,0.0918,-0.2213,-0.9709,0.676,0.226,-0.7014,-0.7316,0.0917,-0.6755,-0.0884,0.9698,0.2273,0.0001,-0.0001,0.0001,0.0,0.0,0.0,-0.0466,-0.0232,-0.2137,28.3049,20.6919,43.4736,0.0,0.0433,-0.364,0.0,0.0,0.0,3680110.5146,3863137.4533,-4113085.2454,3874.261,2740.8692,6051.2337,3680082.2097,3863116.7614,-4113128.719,3874.3076,2740.8924,6051.4474,0.0,0.0765,3.9732,0.0,0.0,1.0,0.0,1.0,0.0,0.0,1.172,-23.972,0.0,1.0,0.0,0.0,0.0,-1.0,0.15388307249337077,0.004,-0.246415,1.4871043498639485,8.68992259025528,,
299.8428,49.24,-0.024,0.152,45.267,0.073,0.147,-0.22,0.0,0.004,-0.22,0.001,0.004,0.576,-0.069,0.303,0.007,-0.007,0.006,0.0,-0.0,0.0,840.235,-0.0,0.0,-0.0,0.0,0.0,0.0,0.0,0.0,-0.6827,0.6958,-0.2231,0.7249,0.6833,-0.0872,0.0918,-0.2213,-0.9709,0.676,0.226,-0.7014,-0.7316,0.0917,-0.6755,-0.0884,0.9698,0.2273,0.0001,-0.0001,0.0001,0.0,0.0,0.0,-0.0466,-0.0232,-0.2137,28.2955,20.6873,43.4309,0.0,0.0433,-0.364,0.0,0.0,0.0,3680884.4908,3863684.9746,-4111876.1107,3873.3023,2739.8628,6052.3049,3680856.1953,3863664.2873,-4111919.5416,3873.3489,2739.8861,6052.5186,0.0,0.0765,3.9732,0.0,0.0,1.0,0.0,1.0,0.0,0.0,1.172,-23.972,0.0,1.0,0.0,0.0,0.0,-1.0,0.15388307249337077,0.004,-0.2462,1.4878148837645282,8.682340530084815,,
300.0437,49.195,-0.024,0.153,45.223,0.074,0.148,-0.22,0.0,0.004,-0.22,0.001,0.004,0.577,-0.07,0.304,0.007,-0.007,0.006,0.0,-0.0,0.0,840.235,-0.0,0.0,-0.0,0.0,0.0,0.0,0.0,0.0,-0.6827,0.6958,-0.2231,0.7249,0.6833,-0.0872,0.0918,-0.2213,-0.9709,0.676,0.226,-0.7014,-0.7316,0.0917,-0.6755,-0.0884,0.9698,0.2273,0.0001,-0.0001,0.0001,0.0,0.0,0.0,-0.0467,-0.0232,-0.2137,28.2862,20.6826,43.3879,0.0,0.0433,-0.364,0.0,0.0,0.0,3681663.7364,3864236.1574,-4110658.224,3872.3366,2738.8492,6053.3833,3681635.4502,3864215.4748,-4110701.612,3872.3833,2738.8725,6053.597,0.0,0.0765,3.9732,0.0,0.0,1.0,0.0,1.0,0.0,0.0,1.172,-23.972,0.0,1.0,0.0,0.0,0.0,-1.0,0.15487091398968367,0.004,-0.245975,1.5038894879222415,8.674405815952934,,
300.2512,49.15,-0.024,0.154,45.177,0.074,0.148,-0.22,0.0,0.004,-0.22,0.001,0.004,0.579,-0.072,0.306,0.007,-0.007,0.006,0.0,-0.0,0.0,840.235,-0.0,0.0,-0.0,0.0,0.0,0.0,0.0,0.0,-0.6828,0.6957,-0.2231,0.7249,0.6834,-0.0871,0.0919,-0.2212,-0.9709,0.676,0.226,-0.7014,-0.7316,0.0917,-0.6755,-0.0884,0.9698,0.2273,0.0001,-0.0001,0.0001,0.0,0.0,0.0,-0.0467,-0.0233,-0.2137,28.2765,20.6778,43.3438,0.0,0.0433,-0.364,0.0,0.0,0.0,3682464.3593,3864802.392,-4109406.3825,3871.344,2737.8074,6054.4913,3682436.0828,3864781.7142,-4109449.7262,3871.3907,2737.8307,6054.705,0.0,0.0765,3.9732,0.0,0.0,1.0,0.0,1.0,0.0,0.0,1.172,-23.972,0.0,1.0,0.0,0.0,0.0,-1.0,0.1558589105569521,0.004,-0.24575,1.5027176153246753,8.666471101821053,,
300.4579,49.104,-0.024,0.155,45.132,0.074,0.149,-0.22,0.0,0.004,-0.22,0.001,0.004,0.58,-0.073,0.307,0.007,-0.007,0.006,0.0,-0.0,0.0,840.235,-0.0,0.0,-0.0,0.0,0.0,0.0,0.0,0.0,-0.6828,0.6957,-0.2231,0.7248,0.6834,-0.0871,0.0919,-0.2212,-0.9709,0.676,0.226,-0.7014,-0.7316,0.0917,-0.6755,-0.0884,0.9698,0.2273,0.0001,-0.0001,0.0001,0.0,0.0,0.0,-0.0467,-0.0233,-0.2137,28.2669,20.673,43.2995,0.0,0.0433,-0.364,0.0,0.0,0.0,3683265.7055,3865369.0674,-4108152.8613,3870.35,2736.7643,6055.6002,3683237.4386,3865348.3944,-4108196.1608,3870.3967,2736.7875,6055.814,0.0,0.0765,3.9732,0.0,0.0,1.0,0.0,1.0,0.0,0.0,1.172,-23.972,0.0,1.0,0.0,0.0,0.0,-1.0,0.15684705926475,0.004,-0.24552,1.5032307072109348,8.658360060708464,,
300.6586,49.06,-0.024,0.156,45.088,0.074,0.15,-0.22,0.0,0.004,-0.22,0.001,0.004,0.581,-0.075,0.308,0.007,-0.007,0.006,0.0,-0.0,0.0,840.235,-0.0,0.0,-0.0,0.0,0.0,0.0,0.0,0.0,-0.6828,0.6957,-0.2232,0.7248,0.6834,-0.0871,0.0919,-0.2212,-0.9709,0.676,0.226,-0.7014,-0.7316,0.0917,-0.6755,-0.0884,0.9698,0.2273,0.0001,-0.0001,0.0001,0.0,0.0,0.0,-0.0467,-0.0233,-0.2137,28.2575,20.6684,43.2568,0.0,0.0433,-0.364,0.0,0.0,0.0,3684038.4941,3865915.4815,-4106943.4887,3869.391,2735.7579,6056.6696,3684010.2365,3865894.8131,-4106986.7456,3869.4377,2735.7812,6056.8833,0.0,0.0765,3.9732,0.0,0.0,1.0,0.0,1.0,0.0,0.0,1.172,-23.972,0.0,1.0,0.0,0.0,0.0,-1.0,0.15783535725559086,0.004,-0.24530000000000002,1.5033895500110748,8.650601673557292,,
300.8634,49.015,-0.024,0.157,45.043,0.074,0.151,-0.22,0.0,0.004,-0.22,0.001,0.004,0.583,-0.076,0.309,0.007,-0.007,0.006,0.0,-0.0,0.0,840.235,-0.0,0.0,-0.0,0.0,0.0,0.0,0.0,0.0,-0.6828,0.6957,-0.2232,0.7248,0.6834,-0.0871,0.0919,-0.2212,-0.9709,0.676,0.226,-0.7014,-0.7316,0.0917,-0.6755,-0.0884,0.9698,0.2273,0.0001,-0.0001,0.0001,0.0,0.0,0.0,-0.0467,-0.0233,-0.2138,28.248,20.6636,43.213,0.0,0.0433,-0.364,0.0,0.0,0.0,3684831.2355,3866475.9355,-4105702.3574,3868.4068,2734.7251,6057.7665,3684802.9875,3866455.2719,-4105745.5704,3868.4535,2734.7484,6057.9803,0.0,0.0765,3.9732,0.0,0.0,1.0,0.0,1.0,0.0,0.0,1.172,-23.972,0.0,1.0,0.0,0.0,0.0,-1.0,0.1588238017426859,0.004,-0.24507500000000002,1.5035518861539354,8.64266695942541,,
301.0635,48.971,-0.024,0.158,44.998,0.074,0.152,-0.22,0.0,0.004,-0.22,0.001,0.004,0.584,-0.077,0.31,0.007,-0.007,0.006,0.0,-0.0,0.0,840.235,-0.0,0.0,-0.0,0.0,0.0,0.0,0.0,0.0,-0.6828,0.6957,-0.2232,0.7248,0.6834,-0.087,0.092,-0.2212,-0.9709,0.676,0.226,-0.7014,-0.7316,0.0917,-0.6755,-0.0884,0.9698,0.2273,0.0001,-0.0001,0.0001,0.0,0.0,0.0,-0.0467,-0.0233,-0.2138,28.2386,20.6589,43.17,0.0,0.0433,-0.364,0.0,0.0,0.0,3685610.1855,3867026.5722,-4104482.2895,3867.4392,2733.7099,6058.8443,3685581.9469,3867005.9133,-4104525.4595,3867.4859,2733.7332,6059.0581,0.0,0.0765,3.9732,0.0,0.0,1.0,0.0,1.0,0.0,0.0,1.172,-23.972,0.0,1.0,0.0,0.0,0.0,-1.0,0.15981239000778383,0.004,-0.244855,1.5033621546741804,8.634908572274238,,
301.2656,48.927,-0.024,0.159,44.954,0.074,0.152,-0.22,0.0,0.004,-0.22,0.001,0.004,0.586,-0.079,0.311,0.007,-0.007,0.006,0.0,-0.0,0.0,840.235,-0.0,0.0,-0.0,0.0,0.0,0.0,0.0,0.0,-0.6828,0.6957,-0.2232,0.7248,0.6835,-0.087,0.092,-0.2211,-0.9709,0.676,0.226,-0.7014,-0.7316,0.0917,-0.6755,-0.0884,0.9698,0.2273,0.0001,-0.0001,0.0001,0.0,0.0,0.0,-0.0467,-0.0233,-0.2138,28.2291,20.6542,43.1268,0.0,0.0433,-0.364,0.0,0.0,0.0,3686391.0155,3867578.4705,-4103258.7555,3866.4689,2732.6919,6059.9246,3686362.7864,3867557.8163,-4103301.8823,3866.5156,2732.7151,6060.1384,0.0,0.0765,3.9732,0.0,0.0,1.0,0.0,1.0,0.0,0.0,1.172,-23.972,0.0,1.0,0.0,0.0,0.0,-1.0,0.16080111939908875,0.004,-0.244635,1.50262502497115,8.627150185123066,,
301.467,48.882,-0.024,0.159,44.91,0.074,0.153,-0.22,0.0,0.004,-0.22,0.001,0.004,0.587,-0.08,0.313,0.007,-0.007,0.006,0.0,-0.0,0.0,840.235,-0.0,0.0,-0.0,0.0,0.0,0.0,0.0,0.0,-0.6828,0.6957,-0.2232,0.7248,0.6835,-0.087,0.092,-0.2211,-0.9709,0.676,0.226,-0.7014,-0.7316,0.0917,-0.6755,-0.0884,0.9698,0.2273,0.0001,-0.0001,0.0001,0.0,0.0,0.0,-0.0467,-0.0233,-0.2138,28.2198,20.6496,43.0839,0.0,0.0433,-0.364,0.0,0.0,0.0,3687166.5873,3868126.5858,-4102042.941,3865.5047,2731.6803,6060.9977,3687138.3676,3868105.9363,-4102086.0249,3865.5514,2731.7035,6061.2114,0.0,0.0765,3.9732,0.0,0.0,1.0,0.0,1.0,0.0,0.0,1.172,-23.972,0.0,1.0,0.0,0.0,0.0,-1.0,0.16080111939908875,0.004,-0.24441,1.5039688280504193,8.619215470991184,,
301.6673,48.838,-0.024,0.16,44.865,0.075,0.154,-0.22,0.0,0.004,-0.22,0.001,0.004,0.588,-0.082,0.314,0.007,-0.007,0.006,0.0,-0.0,0.0,840.235,-0.0,0.0,-0.0,0.0,0.0,0.0,0.0,0.0,-0.6828,0.6957,-0.2232,0.7248,0.6835,-0.0869,0.0921,-0.2211,-0.9709,0.676,0.226,-0.7014,-0.7316,0.0917,-0.6755,-0.0884,0.9698,0.2273,0.0001,-0.0001,0.0001,0.0,0.0,0.0,-0.0467,-0.0233,-0.2138,28.2104,20.6449,43.0408,0.0,0.0433,-0.364,0.0,0.0,0.0,3687945.2813,3868676.8414,-4100821.7068,3864.5361,2730.6642,6062.0749,3687917.0709,3868656.1965,-4100864.7477,3864.5828,2730.6875,6062.2887,0.0,0.0765,3.9732,0.0,0.0,1.0,0.0,1.0,0.0,0.0,1.172,-23.972,0.0,1.0,0.0,0.0,0.0,-1.0,0.16178998732925348,0.004,-0.24419000000000002,1.5193488223385536,8.611457083840012,,
301.8721,48.793,-0.024,0.161,44.82,0.075,0.155,-0.22,0.0,0.004,-0.22,0.001,0.004,0.59,-0.083,0.315,0.007,-0.007,0.006,0.0,-0.0,0.0,840.235,-0.0,0.0,-0.0,0.0,0.0,0.0,0.0,0.0,-0.6828,0.6956,-0.2232,0.7247,0.6835,-0.0869,0.0921,-0.2211,-0.9709,0.676,0.226,-0.7014,-0.7316,0.0917,-0.6755,-0.0884,0.9698,0.2273,0.0001,-0.0001,0.0001,0.0,0.0,0.0,-0.0467,-0.0233,-0.2138,28.2008,20.6401,42.9969,0.0,0.0433,-0.364,0.0,0.0,0.0,3688738.8243,3869237.5206,-4099576.6508,3863.5486,2729.6283,6063.1727,3688710.6236,3869216.8805,-4099619.6477,3863.5953,2729.6516,6063.3865,0.0,0.0765,3.9732,0.0,0.0,1.0,0.0,1.0,0.0,0.0,1.172,-23.972,0.0,1.0,0.0,0.0,0.0,-1.0,0.16277899127344414,0.004,-0.243965,1.5195178050108356,8.60352236970813,,
302.0735,48.749,-0.024,0.162,44.776,0.075,0.155,-0.22,0.0,0.004,-0.22,0.001,0.004,0.591,-0.084,0.316,0.007,-0.007,0.006,0.0,-0.0,0.0,840.235,-0.0,0.0,-0.0,0.0,0.0,0.0,0.0,0.0,-0.6828,0.6956,-0.2232,0.7247,0.6835,-0.0869,0.0921,-0.221,-0.9709,0.676,0.226,-0.7014,-0.7316,0.0917,-0.6755,-0.0884,0.9698,0.2273,0.0001,-0.0001,0.0001,0.0,0.0,0.0,-0.0467,-0.0233,-0.2138,28.1915,20.6355,42.9543,0.0,0.0433,-0.364,0.0,0.0,0.0,3689509.2133,3869781.7743,-4098367.3996,3862.5895,2728.6223,6064.2384,3689481.0219,3869761.1388,-4098410.3539,3862.6362,2728.6456,6064.4522,0.0,0.0765,3.9732,0.0,0.0,1.0,0.0,1.0,0.0,0.0,1.172,-23.972,0.0,1.0,0.0,0.0,0.0,-1.0,0.16376812876747418,0.004,-0.24374500000000002,1.518751626273199,8.59576398255696,,
302.2784,48.704,-0.024,0.163,44.731,0.075,0.156,-0.22,0.0,0.004,-0.22,0.001,0.004,0.592,-0.086,0.317,0.007,-0.007,0.006,0.0,-0.0,0.0,840.235,-0.0,0.0,-0.0,0.0,0.0,0.0,0.0,0.0,-0.6829,0.6956,-0.2232,0.7247,0.6836,-0.0868,0.0921,-0.221,-0.9709,0.676,0.226,-0.7014,-0.7316,0.0917,-0.6755,-0.0884,0.9698,0.2273,0.0001,-0.0001,0.0001,0.0,0.0,0.0,-0.0467,-0.0233,-0.2138,28.1818,20.6307,42.9102,0.0,0.0433,-0.364,0.0,0.0,0.0,3690304.6285,3870343.639,-4097118.3294,3861.5987,2727.5832,6065.3387,3690276.4467,3870323.0083,-4097161.2397,3861.6454,2727.6065,6065.5525,0.0,0.0765,3.9732,0.0,0.0,1.0,0.0,1.0,0.0,0.0,1.172,-23.972,0.0,1.0,0.0,0.0,0.0,-1.0,0.1647573974060042,0.004,-0.24352000000000001,1.5189096919842446,8.587829268425079,,
302.4799,48.66,-0.024,0.164,44.687,0.075,0.157,-0.22,0.0,0.004,-0.22,0.001,0.004,0.594,-0.087,0.319,0.007,-0.007,0.006,0.0,-0.0,0.0,840.235,-0.0,0.0,-0.0,0.0,0.0,0.0,0.0,0.0,-0.6829,0.6956,-0.2232,0.7247,0.6836,-0.0868,0.0922,-0.221,-0.9709,0.676,0.226,-0.7014,-0.7316,0.0917,-0.6755,-0.0884,0.9698,0.2273,0.0001,-0.0001,0.0001,0.0,0.0,0.0,-0.0467,-0.0233,-0.2138,28.1725,20.626,42.8674,0.0,0.0433,-0.364,0.0,0.0,0.0,3691078.578,3870890.2741,-4095902.4405,3860.6342,2726.5717,6066.4092,3691050.4056,3870869.648,-4095945.3079,3860.681,2726.595,6066.623,0.0,0.0765,3.9732,0.0,0.0,1.0,0.0,1.0,0.0,0.0,1.172,-23.972,0.0,1.0,0.0,0.0,0.0,-1.0,0.1657467948408053,0.004,-0.2433,1.5190671936730973,8.580070881273905,,
302.6811,48.615,-0.024,0.165,44.642,0.075,0.158,-0.22,0.0,0.004,-0.22,0.001,0.004,0.595,-0.089,0.32,0.007,-0.007,0.006,0.0,-0.0,0.0,840.235,-0.0,0.0,-0.0,0.0,0.0,0.0,0.0,0.0,-0.6829,0.6956,-0.2232,0.7247,0.6836,-0.0868,0.0922,-0.221,-0.9709,0.676,0.226,-0.7014,-0.7316,0.0917,-0.6755,-0.0884,0.9698,0.2273,0.0001,-0.0001,0.0001,0.0,0.0,0.0,-0.0467,-0.0233,-0.2139,28.163,20.6213,42.8242,0.0,0.0433,-0.364,0.0,0.0,0.0,3691858.3225,3871440.9348,-4094676.9255,3859.6621,2725.5522,6067.4877,3691830.1595,3871420.3134,-4094719.7497,3859.7088,2725.5755,6067.7015,0.0,0.0765,3.9732,0.0,0.0,1.0,0.0,1.0,0.0,0.0,1.172,-23.972,0.0,1.0,0.0,0.0,0.0,-1.0,0.16673631877908304,0.004,-0.243075,1.51922826804601,8.572136167142025,,
302.8861,48.57,-0.024,0.166,44.597,0.075,0.159,-0.22,0.0,0.004,-0.22,0.001,0.004,0.596,-0.09,0.321,0.007,-0.007,0.006,0.0,-0.0,0.0,840.235,-0.0,0.0,-0.0,0.0,0.0,0.0,0.0,0.0,-0.6829,0.6956,-0.2232,0.7247,0.6836,-0.0867,0.0922,-0.221,-0.9709,0.676,0.226,-0.7014,-0.7316,0.0917,-0.6755,-0.0884,0.9698,0.2273,0.0001,-0.0001,0.0001,0.0,0.0,0.0,-0.0468,-0.0233,-0.2139,28.1534,20.6166,42.7801,0.0,0.0433,-0.364,0.0,0.0,0.0,3692653.0937,3872002.1383,-4093427.2497,3858.6708,2724.5127,6068.5869,3692624.9403,3871981.5218,-4093470.0299,3858.7175,2724.536,6068.8008,0.0,0.0765,3.9732,0.0,0.0,1.0,0.0,1.0,0.0,0.0,1.172,-23.972,0.0,1.0,0.0,0.0,0.0,-1.0,0.16772596698186004,0.004,-0.24285,1.5193908618962353,8.564201453010144,,
303.0861,48.526,-0.024,0.166,44.553,0.075,0.159,-0.215,0.0,0.004,-0.215,0.001,0.004,0.598,-0.092,0.322,0.007,-0.007,0.006,0.0,-0.0,0.0,840.219,-0.0,0.0,1.0,0.0,0.0,0.0,0.0,0.0,-0.6829,0.6956,-0.2232,0.7247,0.6836,-0.0867,0.0923,-0.2209,-0.9709,0.676,0.226,-0.7014,-0.7316,0.0917,-0.6755,-0.0884,0.9698,0.2273,0.0001,-0.0001,0.0001,0.0,0.0,0.0,-0.0456,-0.0228,-0.2089,28.1441,20.6119,42.7377,0.0,0.0433,-0.364,0.0,0.0,0.0,3693424.2318,3872546.5875,-4092214.2086,3857.7097,2723.5042,6069.6583,3693396.0877,3872525.9756,-4092256.9463,3857.7552,2723.527,6069.8672,0.0,0.0765,3.9732,0.0,0.0,1.0,0.0,1.0,0.0,0.0,1.172,-23.972,0.0,1.0,0.0,0.0,0.0,-1.0,0.16772596698186004,0.004,-0.24263,1.5194827582824972,8.556443065858971,,
303.2917,48.482,-0.024,0.167,44.51,0.075,0.16,-0.213,0.0,0.004,-0.213,0.001,0.004,0.599,-0.093,0.323,0.007,-0.007,0.006,0.0,-0.0,0.0,840.213,-0.0,0.0,-0.0,0.0,0.0,0.0,0.0,0.0,-0.6829,0.6956,-0.2232,0.7246,0.6837,-0.0867,0.0923,-0.2209,-0.9709,0.676,0.226,-0.7014,-0.7316,0.0917,-0.6755,-0.0884,0.9698,0.2273,0.0001,-0.0001,0.0001,0.0,0.0,0.0,-0.045,-0.0226,-0.2067,28.1349,20.6073,42.6953,0.0,0.0433,-0.364,0.0,0.0,0.0,3694214.942,3873104.7865,-4090969.8448,3856.723,2722.4694,6070.754,3694186.8071,3873084.1792,-4091012.54,3856.768,2722.492,6070.9607,0.0,0.0765,3.9732,0.0,0.0,1.0,0.0,1.0,0.0,0.0,1.172,-23.972,0.0,1.0,0.0,0.0,0.0,-1.0,0.16871573726241426,0.004,-0.24241,1.5200001486747579,8.548684678707799,,
303.4984,48.438,-0.023,0.168,44.466,0.076,0.161,-0.213,0.0,0.004,-0.213,0.001,0.004,0.6,-0.094,0.324,0.007,-0.007,0.006,0.0,-0.0,0.0,840.213,-0.0,0.0,-0.0,0.0,0.0,0.0,0.0,0.0,-0.6829,0.6956,-0.2232,0.7246,0.6837,-0.0866,0.0923,-0.2209,-0.9709,0.676,0.226,-0.7014,-0.7316,0.0917,-0.6755,-0.0884,0.9698,0.2273,0.0001,-0.0001,0.0001,0.0,0.0,0.0,-0.045,-0.0226,-0.2067,28.1256,20.6027,42.6526,0.0,0.0433,-0.364,0.0,0.0,0.0,3695011.4532,3873667.0103,-4089715.8049,3855.7281,2721.4263,6071.8555,3694983.3276,3873646.4076,-4089758.4575,3855.7731,2721.4489,6072.0622,0.0,0.0765,3.9732,0.0,0.0,1.0,0.0,1.0,0.0,0.0,1.172,-23.972,0.0,1.0,0.0,0.0,0.0,-1.0,0.1695670958647343,0.004,-0.24219000000000002,1.5213570861320582,8.540926291556627,,
303.6988,48.396,-0.023,0.169,44.423,0.076,0.162,-0.213,0.0,0.004,-0.213,0.001,0.004,0.602,-0.096,0.326,0.007,-0.007,0.006,0.0,-0.0,0.0,840.213,-0.0,0.0,-0.0,0.0,0.0,0.0,0.0,0.0,-0.6829,0.6955,-0.2232,0.7246,0.6837,-0.0866,0.0924,-0.2209,-0.9709,0.676,0.226,-0.7014,-0.7316,0.0917,-0.6755,-0.0884,0.9698,0.2273,0.0001,-0.0001,0.0001,0.0,0.0,0.0,-0.045,-0.0226,-0.2067,28.1166,20.5981,42.6113,0.0,0.0433,-0.364,0.0,0.0,0.0,3695781.6716,3874210.6086,-4088502.6335,3854.7656,2720.4173,6072.9206,3695753.555,3874190.0104,-4088545.2447,3854.8106,2720.4399,6073.1273,0.0,0.0765,3.9732,0.0,0.0,1.0,0.0,1.0,0.0,0.0,1.172,-23.972,0.0,1.0,0.0,0.0,0.0,-1.0,0.17055790805471321,0.004,-0.24198,1.5211643828623735,8.53352055836687,,
303.9024,48.352,-0.023,0.17,44.38,0.076,0.162,-0.213,0.0,0.004,-0.213,0.001,0.004,0.603,-0.097,0.327,0.007,-0.007,0.006,0.0,-0.0,0.0,840.213,-0.0,0.0,-0.0,0.0,0.0,0.0,0.0,0.0,-0.6829,0.6955,-0.2232,0.7246,0.6837,-0.0866,0.0924,-0.2208,-0.9709,0.676,0.226,-0.7014,-0.7316,0.0917,-0.6755,-0.0884,0.9698,0.2273,0.0001,-0.0001,0.0001,0.0,0.0,0.0,-0.0451,-0.0226,-0.2067,28.1074,20.5935,42.5689,0.0,0.0433,-0.364,0.0,0.0,0.0,3696571.5815,3874768.0357,-4087257.9132,3853.778,2719.3821,6074.0128,3696543.4742,3874747.4422,-4087300.4821,3853.8231,2719.4047,6074.2195,0.0,0.0765,3.9732,0.0,0.0,1.0,0.0,1.0,0.0,0.0,1.172,-23.972,0.0,1.0,0.0,0.0,0.0,-1.0,0.17154882686862072,0.004,-0.24175999999999997,1.520799557042341,8.525762171215698,,
304.108,48.309,-0.023,0.171,44.336,0.076,0.163,-0.213,0.0,0.004,-0.213,0.001,0.004,0.604,-0.099,0.328,0.007,-0.007,0.006,0.0,-0.0,0.0,840.213,-0.0,0.0,-0.0,0.0,0.0,0.0,0.0,0.0,-0.683,0.6955,-0.2232,0.7246,0.6837,-0.0865,0.0924,-0.2208,-0.9709,0.676,0.226,-0.7014,-0.7316,0.0917,-0.6755,-0.0884,0.9698,0.2273,0.0001,-0.0001,0.0001,0.0,0.0,0.0,-0.0451,-0.0226,-0.2068,28.0981,20.5889,42.5265,0.0,0.0433,-0.364,0.0,0.0,0.0,3697362.1191,3875325.8365,-4086011.659,3852.7892,2718.3457,6075.1058,3697334.021,3875305.2476,-4086054.1855,3852.8343,2718.3683,6075.3126,0.0,0.0765,3.9732,0.0,0.0,1.0,0.0,1.0,0.0,0.0,1.172,-23.972,0.0,1.0,0.0,0.0,0.0,-1.0,0.17253985046939158,0.004,-0.24154499999999998,1.5205977468381227,8.518180111045234,,
304.309,48.266,-0.023,0.172,44.293,0.076,0.164,-0.213,0.0,0.004,-0.213,0.001,0.004,0.606,-0.1,0.329,0.007,-0.007,0.006,0.0,-0.0,0.0,840.213,-0.0,0.0,-0.0,0.0,0.0,0.0,0.0,0.0,-0.683,0.6955,-0.2232,0.7246,0.6837,-0.0865,0.0924,-0.2208,-0.9709,0.676,0.226,-0.7014,-0.7316,0.0917,-0.6755,-0.0884,0.9698,0.2273,0.0001,-0.0001,0.0001,0.0,0.0,0.0,-0.0451,-0.0226,-0.2068,28.0891,20.5844,42.485,0.0,0.0433,-0.364,0.0,0.0,0.0,3698134.7646,3875870.9455,-4084793.0848,3851.8223,2717.3323,6076.1741,3698106.6756,3875850.3612,-4084835.5699,3851.8674,2717.3549,6076.3809,0.0,0.0765,3.9732,0.0,0.0,1.0,0.0,1.0,0.0,0.0,1.172,-23.972,0.0,1.0,0.0,0.0,0.0,-1.0,0.17353097706173384,0.004,-0.24133,1.520752572021326,8.510598050874771,,
304.509,48.223,-0.023,0.173,44.251,0.076,0.165,-0.213,0.0,0.004,-0.213,0.001,0.004,0.607,-0.102,0.33,0.007,-0.007,0.006,0.0,-0.0,0.0,840.213,-0.0,0.0,-0.0,0.0,0.0,0.0,0.0,0.0,-0.683,0.6955,-0.2232,0.7246,0.6838,-0.0865,0.0925,-0.2208,-0.9709,0.676,0.226,-0.7014,-0.7316,0.0917,-0.6755,-0.0884,0.9698,0.2273,0.0001,-0.0001,0.0001,0.0,0.0,0.0,-0.0451,-0.0226,-0.2068,28.08,20.5798,42.4436,0.0,0.0433,-0.364,0.0,0.0,0.0,3698906.2038,3876415.1372,-4083575.8939,3850.8565,2716.32,6077.2406,3698878.1238,3876394.5574,-4083618.3375,3850.9015,2716.3427,6077.4474,0.0,0.0765,3.9732,0.0,0.0,1.0,0.0,1.0,0.0,0.0,1.172,-23.972,0.0,1.0,0.0,0.0,0.0,-1.0,0.17452220489095363,0.004,-0.241115,1.5212638836085832,8.503015990704306,,
304.7155,48.18,-0.023,0.174,44.207,0.076,0.166,-0.213,0.0,0.004,-0.213,0.001,0.004,0.609,-0.103,0.331,0.007,-0.007,0.006,0.0,-0.0,0.0,840.213,-0.0,0.0,-0.0,0.0,0.0,0.0,0.0,0.0,-0.683,0.6955,-0.2232,0.7245,0.6838,-0.0864,0.0925,-0.2208,-0.9709,0.676,0.226,-0.7014,-0.7316,0.0917,-0.6755,-0.0884,0.9698,0.2273,0.0001,-0.0001,0.0001,0.0,0.0,0.0,-0.0451,-0.0226,-0.2068,28.0707,20.5752,42.401,0.0,0.0433,-0.364,0.0,0.0,0.0,3699699.1939,3876974.4624,-4082324.1581,3849.8632,2715.2791,6078.3369,3699671.1232,3876953.8872,-4082366.5591,3849.9083,2715.3018,6078.5437,0.0,0.0765,3.9732,0.0,0.0,1.0,0.0,1.0,0.0,0.0,1.172,-23.972,0.0,1.0,0.0,0.0,0.0,-1.0,0.1755135322418189,0.004,-0.2409,1.5210667730204144,8.495433930533842,,
304.9191,48.136,-0.023,0.174,44.164,0.076,0.166,-0.213,0.0,0.004,-0.213,0.001,0.004,0.61,-0.104,0.332,0.007,-0.007,0.006,0.0,-0.0,0.0,840.213,-0.0,0.0,-0.0,0.0,0.0,0.0,0.0,0.0,-0.683,0.6955,-0.2232,0.7245,0.6838,-0.0864,0.0925,-0.2207,-0.9709,0.676,0.226,-0.7014,-0.7316,0.0917,-0.6755,-0.0884,0.9698,0.2273,0.0001,-0.0001,0.0001,0.0,0.0,0.0,-0.0451,-0.0226,-0.2068,28.0616,20.5706,42.3591,0.0,0.0433,-0.364,0.0,0.0,0.0,3700479.2976,3877524.63,-4081092.2268,3848.8856,2714.2547,6079.4153,3700451.2359,3877504.0594,-4081134.5859,3848.9307,2714.2774,6079.6221,0.0,0.0765,3.9732,0.0,0.0,1.0,0.0,1.0,0.0,0.0,1.172,-23.972,0.0,1.0,0.0,0.0,0.0,-1.0,0.1755135322418189,0.004,-0.24068,1.521516112840842,8.48767554338267,,
305.1276,48.092,-0.023,0.175,44.119,0.076,0.167,-0.213,0.0,0.004,-0.213,0.001,0.004,0.611,-0.106,0.334,0.007,-0.007,0.006,0.0,-0.0,0.0,840.213,-0.0,0.0,-0.0,0.0,0.0,0.0,0.0,0.0,-0.683,0.6955,-0.2232,0.7245,0.6838,-0.0864,0.0926,-0.2207,-0.9709,0.676,0.226,-0.7014,-0.7316,0.0917,-0.6755,-0.0884,0.9698,0.2273,0.0001,-0.0001,0.0001,0.0,0.0,0.0,-0.0451,-0.0227,-0.2068,28.0522,20.5659,42.316,0.0,0.0433,-0.364,0.0,0.0,0.0,3701281.4953,3878090.3082,-4079824.8534,3847.8799,2713.2009,6080.5242,3701253.443,3878069.7423,-4079867.1693,3847.9249,2713.2236,6080.7311,0.0,0.0765,3.9732,0.0,0.0,1.0,0.0,1.0,0.0,0.0,1.172,-23.972,0.0,1.0,0.0,0.0,0.0,-1.0,0.17650495743746122,0.004,-0.24046,1.521323147142792,8.479917156231497,,
305.3321,48.048,-0.023,0.176,44.076,0.076,0.168,-0.213,0.0,0.004,-0.213,0.001,0.004,0.613,-0.107,0.335,0.007,-0.007,0.006,0.0,-0.0,0.0,840.213,-0.0,0.0,-0.0,0.0,0.0,0.0,0.0,0.0,-0.683,0.6955,-0.2232,0.7245,0.6838,-0.0864,0.0926,-0.2207,-0.9709,0.676,0.226,-0.7014,-0.7316,0.0917,-0.6755,-0.0884,0.9698,0.2273,0.0001,-0.0001,0.0001,0.0,0.0,0.0,-0.0451,-0.0227,-0.2068,28.0429,20.5613,42.2735,0.0,0.0433,-0.364,0.0,0.0,0.0,3702072.7435,3878648.1952,-4078574.2257,3846.8874,2712.161,6081.618,3702044.7006,3878627.634,-4078616.4991,3846.9325,2712.1837,6081.8248,0.0,0.0765,3.9732,0.0,0.0,1.0,0.0,1.0,0.0,0.0,1.172,-23.972,0.0,1.0,0.0,0.0,0.0,-1.0,0.17749647883831385,0.004,-0.24024,1.521841448815589,8.472158769080325,,
305.54,48.004,-0.023,0.177,44.032,0.077,0.169,-0.213,0.0,0.004,-0.213,0.001,0.004,0.614,-0.109,0.336,0.007,-0.007,0.006,0.0,-0.0,0.0,840.213,-0.0,0.0,-0.0,0.0,0.0,0.0,0.0,0.0,-0.683,0.6954,-0.2232,0.7245,0.6839,-0.0863,0.0926,-0.2207,-0.9709,0.676,0.226,-0.7014,-0.7316,0.0917,-0.6755,-0.0884,0.9698,0.2273,0.0001,-0.0001,0.0001,0.0,0.0,0.0,-0.0451,-0.0227,-0.2068,28.0336,20.5566,42.2306,0.0,0.0433,-0.364,0.0,0.0,0.0,3702869.0081,3879209.5482,-4077315.1184,3845.8881,2711.1141,6082.7186,3702840.9745,3879188.9916,-4077357.349,3845.9332,2711.1368,6082.9254,0.0,0.0765,3.9732,0.0,0.0,1.0,0.0,1.0,0.0,0.0,1.172,-23.972,0.0,1.0,0.0,0.0,0.0,-1.0,0.17848809484108455,0.004,-0.24001999999999998,1.537602311112025,8.464400381929153,,
305.7463,47.96,-0.023,0.178,43.987,0.077,0.17,-0.213,0.0,0.004,-0.213,0.0,0.004,0.615,-0.11,0.337,0.007,-0.007,0.006,0.0,-0.0,0.0,840.213,-0.0,0.0,-0.0,0.0,0.0,0.0,0.0,0.0,-0.683,0.6954,-0.2232,0.7245,0.6839,-0.0863,0.0926,-0.2206,-0.9709,0.676,0.226,-0.7014,-0.7316,0.0917,-0.6755,-0.0884,0.9698,0.2273,0.0001,-0.0001,0.0001,0.0,0.0,0.0,-0.0451,-0.0227,-0.2069,28.0242,20.5519,42.1877,0.0,0.0433,-0.364,0.0,0.0,0.0,3703667.8654,3879772.6581,-4076051.3501,3844.8851,2710.0634,6083.8227,3703639.8412,3879752.1062,-4076093.5378,3844.9302,2710.0861,6084.0295,0.0,0.0765,3.9732,0.0,0.0,1.0,0.0,1.0,0.0,0.0,1.172,-23.972,0.0,1.0,0.0,0.0,0.0,-1.0,0.17947980387776225,0.004,-0.2398,1.5374108675295204,8.45664199477798,,
305.9486,47.917,-0.023,0.179,43.944,0.077,0.17,-0.213,0.0,-0.0,-0.213,0.0,-0.001,0.617,-0.112,0.338,0.007,-0.007,0.006,0.0,-0.0,0.0,840.195,-1.0,0.0,-0.0,0.0,0.0,0.0,0.0,0.0,-0.6831,0.6954,-0.2232,0.7245,0.6839,-0.0863,0.0927,-0.2206,-0.9709,0.676,0.226,-0.7014,-0.7316,0.0917,-0.6755,-0.0884,0.9698,0.2273,0.0001,-0.0001,0.0001,0.0,0.0,0.0,-0.0481,-0.0195,-0.2065,28.0149,20.5475,42.1457,0.0,0.0433,-0.3639,0.0,0.0,0.0,3704448.4668,3880322.8305,-4074815.9242,3843.9016,2709.0395,6084.9019,3704420.4519,3880302.283,-4074858.0699,3843.9497,2709.059,6085.1084,0.0,0.0765,3.9732,0.0,0.0,1.0,0.0,1.0,0.0,0.0,1.172,-23.972,0.0,1.0,0.0,0.0,0.0,-1.0,0.18047160441465576,0.0,-0.23958500000000002,1.5367280479517693,8.449059934607517,,
306.1535,47.873,-0.023,0.178,43.901,0.077,0.169,-0.213,-0.0,-0.007,-0.213,0.0,-0.007,0.618,-0.113,0.339,0.007,-0.007,0.006,0.0,-0.0,0.0,840.168,-1.0,0.0,-0.0,0.0,0.0,0.0,0.0,0.0,-0.6831,0.6954,-0.2232,0.7244,0.6839,-0.0862,0.0927,-0.2206,-0.9709,0.676,0.226,-0.7014,-0.7316,0.0917,-0.6755,-0.0884,0.9698,0.2273,0.0001,-0.0001,0.0001,0.0,0.0,0.0,-0.0528,-0.0146,-0.2058,28.0046,20.544,42.1036,0.0,0.0433,-0.3639,0.0,0.0,0.0,3705232.4762,3880875.3381,-4073574.5629,3842.9116,2708.0124,6085.9861,3705204.4716,3880854.7941,-4073616.6665,3842.9644,2708.027,6086.1919,0.0,0.0765,3.9732,0.0,0.0,1.0,0.0,1.0,0.0,0.0,1.172,-23.972,0.0,1.0,0.0,0.0,0.0,-1.0,0.17947980387776225,0.007,-0.239365,1.5371232397505095,8.441301547456343,,
306.3548,47.83,-0.023,0.176,43.858,0.077,0.167,-0.213,-0.0,-0.014,-0.213,0.0,-0.014,0.619,-0.114,0.341,0.007,-0.006,0.006,0.0,-0.0,0.0,840.142,-1.0,0.0,-0.0,0.0,0.0,0.0,0.0,0.0,-0.6831,0.6954,-0.2232,0.7244,0.6839,-0.0862,0.0927,-0.2206,-0.9709,0.676,0.226,-0.7014,-0.7316,0.0917,-0.6755,-0.0884,0.9698,0.2273,0.0001,-0.0001,0.0001,0.0,0.0,0.0,-0.0574,-0.0097,-0.2052,27.9935,20.5416,42.0621,0.0,0.0433,-0.3639,0.0,0.0,0.0,3706009.1802,3881422.6307,-4072344.2382,3841.9305,2706.9945,6087.0601,3705981.1867,3881402.0891,-4072386.3003,3841.9879,2707.0041,6087.2653,0.0,0.0765,3.9732,0.0,0.0,1.0,0.0,1.0,0.0,0.0,1.172,-23.972,0.0,1.0,0.0,0.0,0.0,-1.0,0.17749647883831385,0.014,-0.23915,1.5371009543172662,8.43371948728588,,
306.56,47.787,-0.023,0.172,43.814,0.077,0.163,-0.213,-0.0,-0.02,-0.213,0.0,-0.021,0.621,-0.116,0.342,0.007,-0.006,0.005,0.0,-0.0,0.0,840.115,-1.0,0.0,-0.0,0.0,0.0,0.0,0.0,0.0,-0.6831,0.6954,-0.2232,0.7244,0.684,-0.0862,0.0928,-0.2206,-0.971,0.676,0.226,-0.7014,-0.7316,0.0917,-0.6755,-0.0884,0.9698,0.2273,0.0001,-0.0001,0.0001,0.0,0.0,0.0,-0.0621,-0.0047,-0.2046,27.9812,20.5401,42.0199,0.0,0.0433,-0.3639,0.0,0.0,0.0,3706799.0079,3881979.1034,-4071092.5769,3840.9323,2705.9589,6088.1521,3706771.0267,3881958.5633,-4071134.5969,3840.9944,2705.9636,6088.3567,0.0,0.0765,3.9732,0.0,0.0,1.0,0.0,1.0,0.0,0.0,1.172,-23.972,0.0,1.0,0.0,0.0,0.0,-1.0,0.17353097706173384,0.02,-0.238935,1.5366144152255534,8.426137427115416,,
306.7644,47.743,-0.023,0.168,43.771,0.077,0.159,-0.213,-0.0,-0.025,-0.213,0.0,-0.026,0.622,-0.117,0.343,0.007,-0.006,0.005,0.0,-0.0,0.0,840.096,-0.0,0.0,-0.0,0.0,0.0,0.0,0.0,0.0,-0.6831,0.6954,-0.2232,0.7244,0.684,-0.0861,0.0928,-0.2205,-0.971,0.676,0.226,-0.7014,-0.7316,0.0917,-0.6755,-0.0884,0.9698,0.2273,0.0001,-0.0001,0.0001,0.0,0.0,0.0,-0.0653,-0.0013,-0.2042,27.9682,20.5396,41.9785,0.0,0.0433,-0.3639,0.0,0.0,0.0,3707577.6892,3882527.6557,-4069858.0433,3839.9491,2704.9361,6089.2286,3707549.721,3882507.1161,-4069900.0218,3840.0144,2704.9374,6089.4328,0.0,0.0765,3.9732,0.0,0.0,1.0,0.0,1.0,0.0,0.0,1.172,-23.972,0.0,1.0,0.0,0.0,0.0,-1.0,0.1695670958647343,0.025,-0.238715,1.536861751278527,8.418379039964243,,
306.97,47.7,-0.023,0.162,43.727,0.077,0.153,-0.213,-0.0,-0.025,-0.213,0.0,-0.026,0.624,-0.118,0.344,0.007,-0.006,0.005,0.0,-0.0,0.0,840.096,-0.0,0.0,-0.0,0.0,0.0,0.0,0.0,0.0,-0.6831,0.6954,-0.2232,0.7244,0.684,-0.0861,0.0928,-0.2205,-0.971,0.676,0.226,-0.7014,-0.7316,0.0917,-0.6755,-0.0884,0.9698,0.2273,0.0001,-0.0001,0.0001,0.0,0.0,0.0,-0.0653,-0.0013,-0.2042,27.9547,20.5394,41.9365,0.0,0.0433,-0.3639,0.0,0.0,0.0,3708366.8125,3883083.4952,-4068606.4086,3838.9555,2703.8957,6090.3189,3708338.8578,3883062.9558,-4068648.3451,3839.0208,2703.897,6090.5231,0.0,0.0765,3.9732,0.0,0.0,1.0,0.0,1.0,0.0,0.0,1.172,-23.972,0.0,1.0,0.0,0.0,0.0,-1.0,0.16362457028209423,0.025,-0.23850000000000002,1.5363125637373216,8.41079697979378,,
307.1706,47.657,-0.023,0.157,43.685,0.077,0.148,-0.213,-0.0,-0.025,-0.213,0.0,-0.026,0.625,-0.119,0.345,0.007,-0.006,0.005,0.0,-0.0,0.0,840.096,-0.0,0.0,-0.0,0.0,0.0,0.0,0.0,0.0,-0.6831,0.6953,-0.2232,0.7244,0.684,-0.0861,0.0928,-0.2205,-0.971,0.676,0.226,-0.7014,-0.7316,0.0917,-0.6755,-0.0884,0.9698,0.2273,0.0001,-0.0001,0.0001,0.0,0.0,0.0,-0.0653,-0.0013,-0.2042,27.9417,20.5391,41.8958,0.0,0.0433,-0.3639,0.0,0.0,0.0,3709132.6853,3883622.8903,-4067391.1291,3837.9908,2702.8855,6091.3771,3709104.7436,3883602.3511,-4067433.0249,3838.0561,2702.8868,6091.5813,0.0,0.0765,3.9732,0.0,0.0,1.0,0.0,1.0,0.0,0.0,1.172,-23.972,0.0,1.0,0.0,0.0,0.0,-1.0,0.15867577004697345,0.025,-0.23828499999999997,1.536553594023952,8.403214919623315,,
307.3734,47.614,-0.023,0.152,43.641,0.077,0.143,-0.213,-0.0,-0.025,-0.213,0.0,-0.026,0.627,-0.12,0.346,0.007,-0.006,0.005,0.0,-0.0,0.0,840.096,-0.0,0.0,-0.0,0.0,0.0,0.0,0.0,0.0,-0.6831,0.6953,-0.2232,0.7244,0.684,-0.086,0.0929,-0.2205,-0.971,0.676,0.226,-0.7014,-0.7316,0.0917,-0.6755,-0.0884,0.9698,0.2273,0.0001,-0.0001,0.0001,0.0,0.0,0.0,-0.0653,-0.0013,-0.2042,27.9284,20.5389,41.8542,0.0,0.0433,-0.3639,0.0,0.0,0.0,3709913.9709,3884173.0723,-4066150.8615,3837.0062,2701.8546,6092.4566,3709886.0425,3884152.5334,-4066192.7157,3837.0715,2701.8559,6092.6608,0.0,0.0765,3.9732,0.0,0.0,1.0,0.0,1.0,0.0,0.0,1.172,-23.972,0.0,1.0,0.0,0.0,0.0,-1.0,0.1537302832886221,0.025,-0.23806999999999998,1.5360982106768841,8.395632859452851,,
307.5734,47.571,-0.023,0.147,43.598,0.077,0.138,-0.213,-0.0,-0.025,-0.213,0.0,-0.026,0.628,-0.122,0.347,0.007,-0.006,0.005,0.0,-0.0,0.0,840.096,-0.0,0.0,-0.0,0.0,0.0,0.0,0.0,0.0,-0.6832,0.6953,-0.2232,0.7243,0.6841,-0.086,0.0929,-0.2205,-0.971,0.676,0.226,-0.7014,-0.7316,0.0917,-0.6755,-0.0884,0.9698,0.2273,0.0001,-0.0001,0.0001,0.0,0.0,0.0,-0.0653,-0.0013,-0.2042,27.9153,20.5386,41.813,0.0,0.0433,-0.3639,0.0,0.0,0.0,3710687.5366,3884717.7508,-4064922.3147,3836.0308,2700.8335,6093.5253,3710659.6214,3884697.2122,-4064964.1277,3836.0962,2700.8348,6093.7295,0.0,0.0765,3.9732,0.0,0.0,1.0,0.0,1.0,0.0,0.0,1.172,-23.972,0.0,1.0,0.0,0.0,0.0,-1.0,0.14878844041120937,0.025,-0.23785499999999998,1.5360249761505966,8.388050799282388,,
307.776,47.528,-0.023,0.142,43.556,0.077,0.133,-0.213,-0.0,-0.025,-0.213,0.0,-0.026,0.629,-0.123,0.348,0.007,-0.006,0.005,0.0,-0.0,0.0,840.096,-0.0,0.0,-0.0,0.0,0.0,0.0,0.0,0.0,-0.6832,0.6953,-0.2232,0.7243,0.6841,-0.086,0.0929,-0.2204,-0.971,0.676,0.226,-0.7014,-0.7316,0.0917,-0.6755,-0.0884,0.9698,0.2273,0.0001,-0.0001,0.0001,0.0,0.0,0.0,-0.0653,-0.0013,-0.2042,27.9022,20.5384,41.7722,0.0,0.0433,-0.3639,0.0,0.0,0.0,3711454.6398,3885257.8119,-4063703.5131,3835.0632,2699.8205,6094.585,3711426.7376,3885237.2735,-4063745.2853,3835.1285,2699.8219,6094.7893,0.0,0.0765,3.9732,0.0,0.0,1.0,0.0,1.0,0.0,0.0,1.172,-23.972,0.0,1.0,0.0,0.0,0.0,-1.0,0.14385061696079024,0.025,-0.23764,1.5363345494878244,8.380468739111922,,
307.9764,47.485,-0.023,0.137,43.512,0.077,0.128,-0.213,-0.0,-0.025,-0.213,0.0,-0.026,0.631,-0.124,0.349,0.007,-0.006,0.005,0.0,-0.0,0.0,840.096,-0.0,0.0,-0.0,0.0,0.0,0.0,0.0,0.0,-0.6832,0.6953,-0.2232,0.7243,0.6841,-0.086,0.0929,-0.2204,-0.971,0.676,0.226,-0.7014,-0.7316,0.0917,-0.6755,-0.0884,0.9698,0.2273,0.0001,-0.0001,0.0001,0.0,0.0,0.0,-0.0653,-0.0013,-0.2043,27.8889,20.5381,41.7306,0.0,0.0433,-0.3639,0.0,0.0,0.0,3712235.8359,3885807.7266,-4062461.7857,3834.0773,2698.7885,6095.6642,3712207.947,3885787.1885,-4062503.5163,3834.1427,2698.7899,6095.8684,0.0,0.0765,3.9732,0.0,0.0,1.0,0.0,1.0,0.0,0.0,1.172,-23.972,0.0,1.0,0.0,0.0,0.0,-1.0,0.13891724155050014,0.025,-0.237425,1.535947032293284,8.372886678941459,,
308.1809,47.442,-0.024,0.132,43.469,0.077,0.122,-0.213,-0.0,-0.025,-0.213,0.0,-0.026,0.632,-0.125,0.35,0.007,-0.006,0.005,0.0,-0.0,0.0,840.096,-0.0,0.0,-0.0,0.0,0.0,0.0,0.0,0.0,-0.6832,0.6953,-0.2232,0.7243,0.6841,-0.0859,0.093,-0.2204,-0.971,0.676,0.226,-0.7014,-0.7316,0.0917,-0.6755,-0.0884,0.9698,0.2273,0.0001,-0.0001,0.0001,0.0,0.0,0.0,-0.0653,-0.0013,-0.2043,27.8757,20.5378,41.6892,0.0,0.0433,-0.3639,0.0,0.0,0.0,3713011.9941,3886354.0268,-4061227.5314,3833.0974,2697.7628,6096.7363,3712984.1184,3886333.489,-4061269.2207,3833.1627,2697.7641,6096.9406,0.0,0.0765,3.9732,0.0,0.0,1.0,0.0,1.0,0.0,0.0,1.172,-23.972,0.0,1.0,0.0,0.0,0.0,-1.0,0.1341640786499874,0.025,-0.23721,1.550226154812938,8.365304618770995,,
308.3816,47.399,-0.024,0.127,43.426,0.077,0.117,-0.213,-0.0,-0.025,-0.213,0.0,-0.026,0.634,-0.126,0.351,0.007,-0.006,0.005,0.0,-0.0,0.0,840.096,-0.0,0.0,-0.0,0.0,0.0,0.0,0.0,0.0,-0.6832,0.6953,-0.2232,0.7243,0.6841,-0.0859,0.093,-0.2204,-0.971,0.676,0.226,-0.7014,-0.7316,0.0917,-0.6755,-0.0884,0.9698,0.2273,0.0001,-0.0001,0.0001,0.0,0.0,0.0,-0.0653,-0.0013,-0.2043,27.8625,20.5376,41.6482,0.0,0.0433,-0.3639,0.0,0.0,0.0,3713782.1256,3886896.0178,-4060002.3348,3832.1246,2696.7446,6097.8001,3713754.2631,3886875.4802,-4060043.9829,3832.1899,2696.7459,6098.0044,0.0,0.0765,3.9732,0.0,0.0,1.0,0.0,1.0,0.0,0.0,1.172,-23.972,0.0,1.0,0.0,0.0,0.0,-1.0,0.12924782396620843,0.025,-0.236995,1.5503057459283645,8.357722558600532,,
308.5827,47.356,-0.024,0.122,43.383,0.077,0.112,-0.213,-0.0,-0.025,-0.213,0.0,-0.026,0.635,-0.128,0.353,0.007,-0.006,0.005,0.0,-0.0,0.0,840.096,-0.0,0.0,-0.0,0.0,0.0,0.0,0.0,0.0,-0.6832,0.6953,-0.2232,0.7243,0.6842,-0.0859,0.093,-0.2204,-0.971,0.676,0.226,-0.7014,-0.7316,0.0917,-0.6755,-0.0884,0.9698,0.2273,0.0001,-0.0001,0.0001,0.0,0.0,0.0,-0.0654,-0.0013,-0.2043,27.8494,20.5373,41.6071,0.0,0.0433,-0.3639,0.0,0.0,0.0,3714553.0147,3887438.4749,-4058775.4064,3831.1503,2695.725,6098.8649,3714525.1653,3887417.9376,-4058817.0135,3831.2157,2695.7263,6099.0692,0.0,0.0765,3.9732,0.0,0.0,1.0,0.0,1.0,0.0,0.0,1.172,-23.972,0.0,1.0,0.0,0.0,0.0,-1.0,0.12433824833895642,0.025,-0.23678000000000002,1.550408546024833,8.350140498430068,,
308.7889,47.312,-0.024,0.117,43.34,0.077,0.107,-0.213,-0.0,-0.025,-0.213,0.0,-0.026,0.637,-0.129,0.354,0.007,-0.006,0.005,0.0,-0.0,0.0,840.096,-0.0,0.0,-0.0,0.0,0.0,0.0,0.0,0.0,-0.6832,0.6952,-0.2232,0.7242,0.6842,-0.0859,0.093,-0.2203,-0.971,0.676,0.226,-0.7014,-0.7316,0.0917,-0.6755,-0.0884,0.9698,0.2273,0.0001,-0.0001,0.0001,0.0,0.0,0.0,-0.0654,-0.0013,-0.2043,27.8359,20.5371,41.5651,0.0,0.0433,-0.3639,0.0,0.0,0.0,3715340.6465,3887992.6442,-4057521.2864,3830.1545,2694.6828,6099.9527,3715312.8106,3887972.1071,-4057562.8514,3830.2199,2694.6842,6100.157,0.0,0.0765,3.9732,0.0,0.0,1.0,0.0,1.0,0.0,0.0,1.172,-23.972,0.0,1.0,0.0,0.0,0.0,-1.0,0.11943617542436631,0.025,-0.23656,1.5509014392969176,8.342382111278894,,
308.9915,47.269,-0.024,0.112,43.297,0.077,0.102,-0.213,-0.0,-0.025,-0.213,0.0,-0.026,0.638,-0.13,0.355,0.007,-0.006,0.005,0.0,-0.0,0.0,840.096,-0.0,0.0,-0.0,0.0,0.0,0.0,0.0,0.0,-0.6832,0.6952,-0.2232,0.7242,0.6842,-0.0858,0.0931,-0.2203,-0.971,0.676,0.226,-0.7014,-0.7316,0.0917,-0.6755,-0.0884,0.9698,0.2273,0.0001,-0.0001,0.0001,0.0,0.0,0.0,-0.0654,-0.0013,-0.2043,27.8227,20.5368,41.5237,0.0,0.0433,-0.3639,0.0,0.0,0.0,3716115.9663,3888538.082,-4056286.2342,3829.1738,2693.6566,6101.0235,3716088.1436,3888517.5453,-4056327.7579,3829.2391,2693.6579,6101.2278,0.0,0.0765,3.9732,0.0,0.0,1.0,0.0,1.0,0.0,0.0,1.172,-23.972,0.0,1.0,0.0,0.0,0.0,-1.0,0.11454256850621083,0.025,-0.236345,1.5510511516077379,8.33480005110843,,
309.1966,47.225,-0.024,0.106,43.252,0.077,0.096,-0.213,-0.0,-0.024,-0.213,0.0,-0.024,0.639,-0.131,0.356,0.007,-0.006,0.005,0.0,-0.0,0.0,840.091,1.0,0.0,-0.0,0.0,0.0,0.0,0.0,0.0,-0.6833,0.6952,-0.2232,0.7242,0.6842,-0.0858,0.0931,-0.2203,-0.971,0.676,0.226,-0.7014,-0.7316,0.0917,-0.6755,-0.0884,0.9698,0.2273,0.0001,-0.0001,0.0001,0.0,0.0,0.0,-0.0645,-0.0022,-0.2044,27.8092,20.5365,41.4814,0.0,0.0433,-0.3639,0.0,0.0,0.0,3716909.1324,3889096.0043,-4055022.2018,3828.1708,2692.6054,6102.1188,3716881.3233,3889075.4678,-4055063.6831,3828.2353,2692.6076,6102.3232,0.0,0.0765,3.9732,0.0,0.0,1.0,0.0,1.0,0.0,0.0,1.172,-23.972,0.0,1.0,0.0,0.0,0.0,-1.0,0.1086830253535482,0.024,-0.236125,1.5508818468317669,8.327041663957258,,
309.4033,47.181,-0.024,0.102,43.209,0.077,0.092,-0.213,-0.0,-0.017,-0.213,0.0,-0.018,0.641,-0.133,0.357,0.007,-0.006,0.005,0.0,-0.0,0.0,840.063,1.0,0.141,-0.0,0.0,0.0,0.0,0.0,0.0,-0.6833,0.6952,-0.2232,0.7242,0.6842,-0.0858,0.0931,-0.2203,-0.971,0.676,0.226,-0.7014,-0.7316,0.0917,-0.6755,-0.0884,0.9698,0.2273,0.0001,-0.0001,0.0001,0.0,0.0,0.0,-0.0599,-0.0072,-0.2051,27.7964,20.5356,41.4392,0.0,0.0433,-0.3639,0.0,0.0,0.0,3717696.4747,3889649.7582,-4053766.9003,3827.1786,2691.5574,6103.2054,3717668.6783,3889629.2227,-4053808.3395,3827.2385,2691.5646,6103.4105,0.0,0.0765,3.9732,0.0,0.0,1.0,0.0,1.0,0.0,0.0,1.172,-23.972,0.0,1.0,0.0,0.0,0.0,-1.0,0.10478549517943787,0.017,-0.23590499999999998,1.5514253630869284,8.319283276806086,,
309.6111,47.137,-0.024,0.099,43.165,0.077,0.089,-0.213,-0.0,-0.012,-0.213,0.0,-0.013,0.642,-0.134,0.358,0.007,-0.006,0.006,0.0,-0.0,0.0,840.043,-0.0,0.0,-0.0,0.0,0.0,0.0,0.0,0.0,-0.6833,0.6952,-0.2232,0.7242,0.6843,-0.0857,0.0931,-0.2202,-0.971,0.676,0.226,-0.7014,-0.7316,0.0917,-0.6755,-0.0884,0.9698,0.2273,0.0001,-0.0001,0.0001,0.0,0.0,0.0,-0.0565,-0.0108,-0.2056,27.7844,20.5336,41.3968,0.0,0.0433,-0.3639,0.0,0.0,0.0,3718487.413,3890205.9693,-4052505.3088,3826.1801,2690.5055,6104.2972,3718459.6286,3890185.4357,-4052546.7056,3826.2366,2690.5164,6104.5027,0.0,0.0765,3.9732,0.0,0.0,1.0,0.0,1.0,0.0,0.0,1.172,-23.972,0.0,1.0,0.0,0.0,0.0,-1.0,0.10186756107809787,0.012,-0.235685,1.5515909032955548,8.311524889654914,,
309.8119,47.094,-0.024,0.097,43.122,0.077,0.087,-0.213,-0.0,-0.012,-0.213,0.0,-0.013,0.644,-0.135,0.359,0.007,-0.006,0.006,0.0,-0.0,0.0,840.043,-0.0,0.0,-0.0,0.0,0.0,0.0,0.0,0.0,-0.6833,0.6952,-0.2232,0.7242,0.6843,-0.0857,0.0932,-0.2202,-0.971,0.676,0.226,-0.7014,-0.7316,0.0917,-0.6755,-0.0884,0.9698,0.2273,0.0001,-0.0001,0.0001,0.0,0.0,0.0,-0.0565,-0.0108,-0.2056,27.7731,20.5314,41.3553,0.0,0.0433,-0.3639,0.0,0.0,0.0,3719259.076,3890748.5562,-4051273.9293,3825.2021,2689.4824,6105.3627,3719231.3029,3890728.0247,-4051315.2846,3825.2586,2689.4933,6105.5683,0.0,0.0765,3.9732,0.0,0.0,1.0,0.0,1.0,0.0,0.0,1.172,-23.972,0.0,1.0,0.0,0.0,0.0,-1.0,0.09992497185388646,0.012,-0.23547,1.5517330294485032,8.30394282948445,,
310.0122,47.052,-0.024,0.094,43.079,0.078,0.084,-0.213,-0.0,-0.012,-0.213,0.0,-0.013,0.645,-0.136,0.36,0.007,-0.006,0.006,0.0,-0.0,0.0,840.043,-0.0,0.0,-0.0,0.0,0.0,0.0,0.0,0.0,-0.6833,0.6952,-0.2232,0.7242,0.6843,-0.0857,0.0932,-0.2202,-0.971,0.676,0.226,-0.7014,-0.7316,0.0917,-0.6755,-0.0884,0.9698,0.2273,0.0001,-0.0001,0.0001,0.0,0.0,0.0,-0.0565,-0.0108,-0.2056,27.7617,20.5293,41.3142,0.0,0.0433,-0.3639,0.0,0.0,0.0,3720024.8931,3891286.9652,-4050051.3572,3824.2312,2688.4667,6106.4201,3719997.1313,3891266.436,-4050092.6713,3824.2876,2688.4776,6106.6257,0.0,0.0765,3.9732,0.0,0.0,1.0,0.0,1.0,0.0,0.0,1.172,-23.972,0.0,1.0,0.0,0.0,0.0,-1.0,0.09701546268507923,0.012,-0.23526,1.567180938454423,8.296537096294694,,
310.2201,47.007,-0.024,0.092,43.035,0.078,0.081,-0.213,-0.0,-0.012,-0.213,0.0,-0.013,0.647,-0.138,0.362,0.007,-0.006,0.006,0.0,-0.0,0.0,840.043,-0.0,0.0,-0.0,0.0,0.0,0.0,0.0,0.0,-0.6833,0.6952,-0.2232,0.7241,0.6843,-0.0856,0.0932,-0.2202,-0.971,0.676,0.226,-0.7014,-0.7316,0.0917,-0.6755,-0.0884,0.9698,0.2273,0.0001,-0.0001,0.0001,0.0,0.0,0.0,-0.0565,-0.0108,-0.2056,27.7501,20.527,41.2716,0.0,0.0433,-0.3639,0.0,0.0,0.0,3720816.5224,3891843.4522,-4048787.0238,3823.227,2687.4163,6107.5131,3720788.7723,3891822.9252,-4048828.2954,3823.2834,2687.4272,6107.7187,0.0,0.0765,3.9732,0.0,0.0,1.0,0.0,1.0,0.0,0.0,1.172,-23.972,0.0,1.0,0.0,0.0,0.0,-1.0,0.0950789145920377,0.012,-0.235035,1.5682148028304443,8.288602382162813,,
310.4237,46.964,-0.024,0.089,42.991,0.078,0.079,-0.213,-0.0,-0.012,-0.213,0.0,-0.013,0.648,-0.139,0.363,0.007,-0.006,0.006,0.0,-0.0,0.0,840.043,-0.0,0.0,-0.0,0.0,0.0,0.0,0.0,0.0,-0.6833,0.6951,-0.2232,0.7241,0.6843,-0.0856,0.0933,-0.2202,-0.971,0.676,0.226,-0.7014,-0.7316,0.0917,-0.6755,-0.0884,0.9698,0.2273,0.0001,-0.0001,0.0001,0.0,0.0,0.0,-0.0565,-0.0108,-0.2056,27.7385,20.5248,41.2296,0.0,0.0433,-0.3639,0.0,0.0,0.0,3721597.3831,3892392.299,-4047539.3444,3822.236,2686.3798,6108.5911,3721569.6445,3892371.7741,-4047580.5739,3822.2925,2686.3907,6108.7968,0.0,0.0765,3.9732,0.0,0.0,1.0,0.0,1.0,0.0,0.0,1.172,-23.972,0.0,1.0,0.0,0.0,0.0,-1.0,0.09217917335276987,0.012,-0.23482,1.5675295460376193,8.281020321992349,,
310.6282,46.92,-0.024,0.087,42.947,0.078,0.076,-0.213,0.003,-0.009,-0.213,0.003,-0.01,0.649,-0.14,0.364,0.007,-0.006,0.006,0.0,-0.0,0.0,839.99,1.0,1.0,-0.0,0.0,0.0,0.0,0.0,0.0,-0.6833,0.6951,-0.2232,0.7241,0.6844,-0.0856,0.0933,-0.2201,-0.971,0.676,0.226,-0.7014,-0.7316,0.0917,-0.6755,-0.0884,0.9698,0.2273,0.0001,-0.0001,0.0001,0.0,0.0,0.0,-0.0524,-0.0106,-0.2066,27.7271,20.5226,41.1872,0.0,0.0433,-0.3639,0.0,0.0,0.0,3722384.4801,3892945.4585,-4046281.1515,3821.2407,2685.3348,6109.6768,3722356.753,3892924.9359,-4046322.3387,3821.2931,2685.3455,6109.8834,0.0,0.0765,3.9732,0.0,0.0,1.0,0.0,1.0,0.0,0.0,1.172,-23.972,0.0,1.0,0.0,0.0,0.0,-1.0,0.09024965373894794,0.009486832980505138,-0.2346,1.5682613914094836,8.273261934841177,,
310.8322,46.877,-0.023,0.086,42.904,0.079,0.075,-0.213,0.009,-0.005,-0.213,0.009,-0.005,0.651,-0.141,0.365,0.007,-0.006,0.006,0.0,-0.0,0.0,839.893,1.0,0.375,-0.0,0.0,0.0,0.0,0.0,0.0,-0.6834,0.6951,-0.2232,0.7241,0.6844,-0.0856,0.0933,-0.2201,-0.971,0.676,0.226,-0.7014,-0.7316,0.0917,-0.6755,-0.0884,0.9698,0.2273,0.0001,-0.0001,0.0001,0.0,0.0,0.0,-0.045,-0.0102,-0.2084,27.7172,20.5205,41.1449,0.0,0.0433,-0.3639,0.0,0.0,0.0,3723162.6926,3893492.3039,-4045036.6192,3820.2596,2684.3014,6110.7494,3723134.9755,3893471.7834,-4045077.7641,3820.3045,2684.3116,6110.9577,0.0,0.0765,3.9732,0.0,0.0,1.0,0.0,1.0,0.0,0.0,1.172,-23.972,0.0,1.0,0.0,0.0,0.0,-1.0,0.08902246907382427,0.010295630140987,-0.234385,1.5696328614137376,8.265679874670713,,
311.0349,46.834,-0.021,0.085,42.861,0.081,0.074,-0.213,0.009,-0.004,-0.213,0.009,-0.004,0.652,-0.142,0.366,0.007,-0.006,0.006,0.0,-0.0,0.0,839.891,-0.0,0.0,-0.0,0.0,0.0,0.0,0.0,0.0,-0.6834,0.6951,-0.2232,0.7241,0.6844,-0.0855,0.0933,-0.2201,-0.971,0.676,0.226,-0.7014,-0.7316,0.0917,-0.6755,-0.0884,0.9698,0.2273,0.0001,-0.0001,0.0001,0.0,0.0,0.0,-0.0446,-0.0106,-0.2084,27.7082,20.5184,41.103,0.0,0.0433,-0.3639,0.0,0.0,0.0,3723931.1289,3894032.2114,-4043807.1896,3819.2833,2683.2797,6111.8101,3723903.4207,3894011.693,-4043848.2926,3819.3279,2683.2904,6112.0185,0.0,0.0765,3.9732,0.0,0.0,1.0,0.0,1.0,0.0,0.0,1.172,-23.972,0.0,1.0,0.0,0.0,0.0,-1.0,0.08755569655939013,0.009848857801796104,-0.23417000000000002,1.5722431403856185,8.25809781450025,,
311.2418,46.789,-0.019,0.084,42.817,0.083,0.073,-0.213,0.009,-0.004,-0.213,0.009,-0.004,0.654,-0.144,0.367,0.007,-0.006,0.006,0.0,-0.0,0.0,839.891,-0.0,0.0,-0.0,0.0,0.0,0.0,0.0,0.0,-0.6834,0.6951,-0.2232,0.7241,0.6844,-0.0855,0.0934,-0.2201,-0.971,0.676,0.226,-0.7014,-0.7316,0.0917,-0.6755,-0.0884,0.9698,0.2273,0.0001,-0.0001,0.0001,0.0,0.0,0.0,-0.0446,-0.0106,-0.2084,27.699,20.5162,41.0598,0.0,0.0433,-0.3639,0.0,0.0,0.0,3724723.0436,3894588.5442,-4042539.6464,3818.2764,2682.2269,6112.9032,3724695.3446,3894568.028,-4042580.7061,3818.321,2682.2375,6113.1116,0.0,0.0765,3.9732,0.0,0.0,1.0,0.0,1.0,0.0,0.0,1.172,-23.972,0.0,1.0,0.0,0.0,0.0,-1.0,0.08612200647918046,0.009848857801796104,-0.23394500000000001,1.5752325615448897,8.250163100368368,,
311.4443,46.746,-0.017,0.083,42.774,0.085,0.072,-0.213,0.009,-0.004,-0.213,0.009,-0.004,0.655,-0.145,0.368,0.007,-0.006,0.006,0.0,-0.0,0.0,839.891,-0.0,0.0,-0.0,0.0,0.0,0.0,0.0,0.0,-0.6834,0.6951,-0.2232,0.7241,0.6844,-0.0855,0.0934,-0.2201,-0.971,0.676,0.226,-0.7014,-0.7316,0.0917,-0.6755,-0.0884,0.9698,0.2273,0.0001,-0.0001,0.0001,0.0,0.0,0.0,-0.0446,-0.0106,-0.2084,27.6899,20.514,41.0176,0.0,0.0433,-0.3639,0.0,0.0,0.0,3725495.0756,3895130.84,-4041303.3872,3817.2943,2681.2,6113.9688,3725467.3856,3895110.326,-4041344.4049,3817.3389,2681.2107,6114.1773,0.0,0.0765,3.9732,0.0,0.0,1.0,0.0,1.0,0.0,0.0,1.172,-23.972,0.0,1.0,0.0,0.0,0.0,-1.0,0.08472307831990054,0.009848857801796104,-0.23373000000000002,1.5778540059355948,8.242581040197905,,
311.6478,46.703,-0.015,0.082,42.73,0.087,0.071,-0.213,0.011,-0.003,-0.213,0.012,-0.003,0.656,-0.146,0.369,0.007,-0.006,0.006,0.0,-0.0,0.0,839.858,1.0,1.0,-0.0,0.0,0.0,0.0,0.0,0.0,-0.6834,0.6951,-0.2232,0.724,0.6844,-0.0854,0.0934,-0.22,-0.971,0.676,0.226,-0.7014,-0.7316,0.0917,-0.6755,-0.0884,0.9698,0.2273,0.0001,-0.0001,0.0001,0.0,0.0,0.0,-0.0422,-0.0097,-0.2091,27.6809,20.5119,40.9749,0.0,0.0433,-0.3639,0.0,0.0,0.0,3726276.7807,3895679.8613,-4040051.093,3816.3018,2680.1608,6115.0471,3726249.0998,3895659.3494,-4040092.0679,3816.3441,2680.1705,6115.2562,0.0,0.0765,3.9732,0.0,0.0,1.0,0.0,1.0,0.0,0.0,1.172,-23.972,0.0,1.0,0.0,0.0,0.0,-1.0,0.08336066218546972,0.011401754250991379,-0.23351500000000003,1.5801117639991455,8.23499898002744,,
311.849,46.66,-0.012,0.082,42.687,0.09,0.071,-0.213,0.017,0.002,-0.213,0.018,0.001,0.658,-0.147,0.371,0.006,-0.006,0.006,0.0,-0.0,0.0,839.763,1.0,1.0,-0.0,0.0,0.0,0.0,0.0,0.0,-0.6834,0.6951,-0.2232,0.724,0.6845,-0.0854,0.0934,-0.22,-0.971,0.676,0.226,-0.7014,-0.7316,0.0917,-0.6755,-0.0884,0.9698,0.2273,0.0001,-0.0001,0.0001,0.0,0.0,0.0,-0.0349,-0.0093,-0.2108,27.6732,20.51,40.9327,0.0,0.0433,-0.3638,0.0,0.0,0.0,3727044.5078,3896218.9964,-4038820.6617,3815.3317,2679.1393,6116.105,3727016.8346,3896198.4864,-4038861.5943,3815.3665,2679.1486,6116.3158,0.0,0.0765,3.9732,0.0,0.0,1.0,0.0,1.0,0.0,0.0,1.172,-23.972,0.0,1.0,0.0,0.0,0.0,-1.0,0.08287339742040264,0.01711724276862369,-0.23329999999999998,1.5839286871664853,8.227416919856974,,
312.0509,46.617,-0.009,0.083,42.645,0.094,0.072,-0.213,0.019,0.005,-0.213,0.019,0.004,0.659,-0.149,0.372,0.006,-0.006,0.006,0.0,-0.0,0.0,839.729,-0.0,0.0,-0.0,0.0,0.0,0.0,0.0,0.0,-0.6834,0.695,-0.2232,0.724,0.6845,-0.0854,0.0935,-0.22,-0.971,0.676,0.226,-0.7014,-0.7316,0.0917,-0.6755,-0.0884,0.9698,0.2273,0.0001,-0.0001,0.0001,0.0,0.0,0.0,-0.0318,-0.0101,-0.2115,27.6667,20.5081,40.8904,0.0,0.0433,-0.3638,0.0,0.0,0.0,3727806.7346,3896754.2014,-4037598.5241,3814.3637,2678.1235,6117.1563,3727779.0679,3896733.6934,-4037639.4146,3814.3956,2678.1336,6117.3677,0.0,0.0765,3.9732,0.0,0.0,1.0,0.0,1.0,0.0,0.0,1.172,-23.972,0.0,1.0,0.0,0.0,0.0,-1.0,0.08348652585896721,0.0196468827043885,-0.233085,1.6037101589092093,8.219834859686511,,
312.2522,46.574,-0.005,0.084,42.601,0.098,0.073,-0.213,0.019,0.005,-0.213,0.019,0.004,0.66,-0.15,0.373,0.006,-0.006,0.006,0.0,-0.0,0.0,839.729,-0.0,0.0,-0.0,0.0,0.0,0.0,0.0,0.0,-0.6834,0.695,-0.2232,0.724,0.6845,-0.0854,0.0935,-0.22,-0.971,0.676,0.226,-0.7014,-0.7316,0.0917,-0.6755,-0.0884,0.9698,0.2273,0.0001,-0.0001,0.0001,0.0,0.0,0.0,-0.0318,-0.0101,-0.2115,27.6602,20.506,40.8477,0.0,0.0433,-0.3638,0.0,0.0,0.0,3728577.1785,3897295.1079,-4036362.6846,3813.3819,2677.0971,6118.2195,3728549.5182,3897274.6019,-4036403.5323,3813.4137,2677.1072,6118.431,0.0,0.0765,3.9732,0.0,0.0,1.0,0.0,1.0,0.0,0.0,1.172,-23.972,0.0,1.0,0.0,0.0,0.0,-1.0,0.0841486779456457,0.0196468827043885,-0.23287,1.6083597096795208,8.212252799516047,,
312.4524,46.532,-0.001,0.085,42.559,0.101,0.074,-0.213,0.019,0.005,-0.213,0.019,0.004,0.661,-0.151,0.374,0.006,-0.006,0.006,0.0,-0.0,0.0,839.729,-0.0,0.0,-0.0,0.0,0.0,0.0,0.0,0.0,-0.6835,0.695,-0.2232,0.724,0.6845,-0.0853,0.0935,-0.2199,-0.971,0.676,0.226,-0.7014,-0.7316,0.0917,-0.6755,-0.0884,0.9698,0.2273,0.0001,-0.0001,0.0001,0.0,0.0,0.0,-0.0318,-0.0101,-0.2115,27.6539,20.504,40.8055,0.0,0.0433,-0.3638,0.0,0.0,0.0,3729338.5198,3897829.5573,-4035140.9186,3812.4111,2676.0825,6119.2701,3729310.8659,3897809.0533,-4035181.7241,3812.4429,2676.0926,6119.4816,0.0,0.0765,3.9732,0.0,0.0,1.0,0.0,1.0,0.0,0.0,1.172,-23.972,0.0,1.0,0.0,0.0,0.0,-1.0,0.08500588214941364,0.0196468827043885,-0.23265999999999998,1.5977471508833672,8.204847066326291,,
312.6556,46.488,0.003,0.086,42.515,0.105,0.074,-0.213,0.014,0.005,-0.213,0.015,0.004,0.663,-0.152,0.375,0.006,-0.006,0.006,0.0,-0.0,0.0,839.712,-0.0,-1.0,-0.0,0.0,0.0,0.0,0.0,0.0,-0.6835,0.695,-0.2232,0.724,0.6845,-0.0853,0.0935,-0.2199,-0.971,0.676,0.226,-0.7014,-0.7316,0.0917,-0.6755,-0.0884,0.9698,0.2273,0.0001,-0.0001,0.0001,0.0,0.0,0.0,-0.0351,-0.0133,-0.2105,27.6472,20.5018,40.7621,0.0,0.0433,-0.3638,0.0,0.0,0.0,3730121.7219,3898379.2829,-4033883.5299,3811.4088,2675.0351,6120.3518,3730094.0748,3898358.7811,-4033924.292,3811.4439,2675.0484,6120.5623,0.0,0.0765,3.9732,0.0,0.0,1.0,0.0,1.0,0.0,0.0,1.172,-23.972,0.0,1.0,0.0,0.0,0.0,-1.0,0.08605230967266364,0.014866068747318507,-0.23244,1.6035043633151191,8.19708867917512,,
312.8589,46.444,0.005,0.087,42.472,0.107,0.075,-0.213,0.006,0.005,-0.213,0.007,0.004,0.664,-0.153,0.376,0.006,-0.006,0.007,0.0,-0.0,0.0,839.682,-0.0,-1.0,-0.0,0.0,0.0,0.0,0.0,0.0,-0.6835,0.695,-0.2232,0.724,0.6846,-0.0853,0.0936,-0.2199,-0.971,0.676,0.226,-0.7014,-0.7316,0.0917,-0.6755,-0.0884,0.9698,0.2273,0.0001,-0.0001,0.0001,0.0,0.0,0.0,-0.0406,-0.0188,-0.2087,27.6395,20.4985,40.7195,0.0,0.0433,-0.3638,0.0,0.0,0.0,3730895.7184,3898922.4774,-4032640.3768,3810.4155,2673.9973,6121.4215,3730868.079,3898901.9789,-4032681.0963,3810.4561,2674.0161,6121.6303,0.0,0.0765,3.9732,0.0,0.0,1.0,0.0,1.0,0.0,0.0,1.172,-23.972,0.0,1.0,0.0,0.0,0.0,-1.0,0.08714355971613737,0.0078102496759066544,-0.23222,1.606422902551086,8.189330292023948,,
313.0625,46.401,0.005,0.088,42.428,0.108,0.076,-0.213,-0.002,0.005,-0.213,-0.001,0.004,0.665,-0.155,0.378,0.006,-0.006,0.008,0.0,-0.0,0.0,839.653,-0.0,-1.0,-0.0,0.0,0.0,0.0,0.0,0.0,-0.6835,0.695,-0.2232,0.7239,0.6846,-0.0852,0.0936,-0.2199,-0.971,0.676,0.226,-0.7014,-0.7316,0.0917,-0.6755,-0.0884,0.9698,0.2273,0.0001,-0.0001,0.0001,0.0,0.0,0.0,-0.0461,-0.0242,-0.207,27.6307,20.4941,40.6773,0.0,0.0433,-0.3638,0.0,0.0,0.0,3731669.5481,3899465.4857,-4031396.9497,3809.4219,2672.9594,6122.491,3731641.9174,3899444.9916,-4031437.627,3809.468,2672.9836,6122.698,0.0,0.0765,3.9732,0.0,0.0,1.0,0.0,1.0,0.0,0.0,1.172,-23.972,0.0,1.0,0.0,0.0,0.0,-1.0,0.08814193099768122,0.005385164807134504,-0.23200500000000002,1.6217547298992854,8.181748231853485,,
313.2663,46.358,0.004,0.089,42.385,0.107,0.077,-0.213,-0.005,0.005,-0.213,-0.005,0.004,0.667,-0.156,0.379,0.006,-0.006,0.007,0.0,-0.0,0.0,839.639,-0.0,0.0,-0.0,0.0,0.0,0.0,0.0,0.0,-0.6835,0.695,-0.2232,0.7239,0.6846,-0.0852,0.0936,-0.2198,-0.971,0.676,0.226,-0.7014,-0.7316,0.0917,-0.6755,-0.0884,0.9698,0.2273,0.0001,-0.0001,0.0001,0.0,0.0,0.0,-0.0485,-0.0265,-0.2063,27.6209,20.4889,40.6354,0.0,0.0433,-0.3638,0.0,0.0,0.0,3732442.4851,3900007.7987,-4030154.4157,3808.4322,2671.9253,6123.5581,3732414.8642,3899987.3098,-4030195.0511,3808.4806,2671.9519,6123.7644,0.0,0.0765,3.9732,0.0,0.0,1.0,0.0,1.0,0.0,0.0,1.172,-23.972,0.0,1.0,0.0,0.0,0.0,-1.0,0.08908984229416954,0.007071067811865475,-0.23179,1.6205689814433488,8.17416617168302,,
313.4731,46.314,0.003,0.09,42.341,0.106,0.078,-0.213,-0.005,0.005,-0.213,-0.005,0.004,0.668,-0.157,0.381,0.006,-0.006,0.007,0.0,-0.0,0.0,839.639,-0.0,0.0,-0.0,0.0,0.0,0.0,0.0,0.0,-0.6835,0.695,-0.2232,0.7239,0.6846,-0.0852,0.0936,-0.2198,-0.971,0.676,0.226,-0.7014,-0.7316,0.0917,-0.6755,-0.0884,0.9698,0.2273,0.0001,-0.0001,0.0001,0.0,0.0,0.0,-0.0485,-0.0265,-0.2063,27.6109,20.4834,40.5927,0.0,0.0433,-0.3638,0.0,0.0,0.0,3733231.3824,3900561.2388,-4028885.6695,3807.4239,2670.8719,6124.6465,3733203.7715,3900540.7554,-4028926.2622,3807.4724,2670.8984,6124.8528,0.0,0.0765,3.9732,0.0,0.0,1.0,0.0,1.0,0.0,0.0,1.172,-23.972,0.0,1.0,0.0,0.0,0.0,-1.0,0.09004998611882181,0.007071067811865475,-0.23157,1.619384817818686,8.166407784531847,,
313.6731,46.271,0.002,0.091,42.298,0.105,0.079,-0.213,-0.005,0.005,-0.213,-0.005,0.004,0.669,-0.158,0.382,0.006,-0.006,0.007,0.0,-0.0,0.0,839.639,-0.0,0.0,-0.0,0.0,0.0,0.0,0.0,0.0,-0.6835,0.695,-0.2232,0.7239,0.6846,-0.0851,0.0937,-0.2198,-0.971,0.676,0.226,-0.7014,-0.7316,0.0917,-0.6755,-0.0884,0.9698,0.2273,0.0001,-0.0001,0.0001,0.0,0.0,0.0,-0.0485,-0.0265,-0.2063,27.6012,20.4781,40.5515,0.0,0.0433,-0.3638,0.0,0.0,0.0,3733990.2527,3901093.5461,-4027664.6847,3806.4536,2669.8581,6125.6934,3733962.6515,3901073.068,-4027705.2362,3806.5021,2669.8846,6125.8997,0.0,0.0765,3.9732,0.0,0.0,1.0,0.0,1.0,0.0,0.0,1.172,-23.972,0.0,1.0,0.0,0.0,0.0,-1.0,0.09102197536858887,0.007071067811865475,-0.231355,1.6181966366070002,8.158825724361384,,
313.8776,46.227,0.001,0.092,42.255,0.104,0.08,-0.213,-0.005,0.005,-0.213,-0.005,0.004,0.67,-0.16,0.384,0.006,-0.006,0.007,0.0,-0.0,0.0,839.639,-0.0,0.0,-0.0,0.0,0.0,0.0,0.0,0.0,-0.6835,0.695,-0.2232,0.7239,0.6846,-0.0851,0.0937,-0.2198,-0.971,0.676,0.226,-0.7014,-0.7316,0.0917,-0.6755,-0.0884,0.9698,0.2273,0.0001,-0.0001,0.0001,0.0,0.0,0.0,-0.0485,-0.0265,-0.2063,27.5912,20.4727,40.5092,0.0,0.0433,-0.3638,0.0,0.0,0.0,3734771.4244,3901641.4276,-4026407.2724,3805.4543,2668.8141,6126.771,3734743.8332,3901620.955,-4026447.7816,3805.5028,2668.8406,6126.9773,0.0,0.0765,3.9732,0.0,0.0,1.0,0.0,1.0,0.0,0.0,1.172,-23.972,0.0,1.0,0.0,0.0,0.0,-1.0,0.09200543462209175,0.007071067811865475,-0.23113499999999998,1.6173825444769294,8.15106733721021,,
314.0847,46.183,0.0,0.093,42.21,0.103,0.081,-0.213,-0.005,0.005,-0.213,-0.005,0.004,0.672,-0.161,0.385,0.006,-0.006,0.007,0.0,-0.0,0.0,839.639,-0.0,0.0,-0.0,0.0,0.0,0.0,0.0,0.0,-0.6835,0.6949,-0.2232,0.7239,0.6847,-0.0851,0.0937,-0.2197,-0.971,0.676,0.226,-0.7014,-0.7316,0.0917,-0.6755,-0.0884,0.9698,0.2273,0.0001,-0.0001,0.0001,0.0,0.0,0.0,-0.0485,-0.0266,-0.2063,27.5812,20.4672,40.4666,0.0,0.0433,-0.3638,0.0,0.0,0.0,3735557.417,3902192.619,-4025141.5452,3804.4484,2667.7632,6127.8552,3735529.8358,3902172.1518,-4025182.0118,3804.4969,2667.7898,6128.0616,0.0,0.0765,3.9732,0.0,0.0,1.0,0.0,1.0,0.0,0.0,1.172,-23.972,0.0,1.0,0.0,0.0,0.0,-1.0,0.093,0.007071067811865475,-0.230915,1.615822120535089,8.143308950059039,,
314.2906,46.139,-0.001,0.094,42.167,0.102,0.082,-0.214,-0.005,0.005,-0.213,-0.005,0.004,0.673,-0.162,0.386,0.006,-0.006,0.007,0.0,-0.0,0.0,839.639,-0.0,0.0,-0.0,0.0,0.0,0.0,0.0,0.0,-0.6835,0.6949,-0.2232,0.7239,0.6847,-0.085,0.0937,-0.2197,-0.9711,0.676,0.226,-0.7014,-0.7316,0.0917,-0.6755,-0.0884,0.9698,0.2273,0.0001,-0.0001,0.0001,0.0,0.0,0.0,-0.0485,-0.0266,-0.2063,27.5713,20.4617,40.4242,0.0,0.0433,-0.3638,0.0,0.0,0.0,3736339.2107,3902740.7947,-4023882.0265,3803.4473,2666.7176,6128.9336,3736311.6394,3902720.333,-4023922.4507,3803.4958,2666.7441,6129.1399,0.0,0.0765,3.9732,0.0,0.0,1.0,0.0,1.0,0.0,0.0,1.172,-23.972,0.0,1.0,0.0,0.0,0.0,-1.0,0.09400531899844816,0.007071067811865475,-0.230695,1.6150055410969646,8.135550562907866,,
314.4978,46.095,-0.002,0.095,42.122,0.102,0.082,-0.214,-0.005,0.005,-0.214,-0.005,0.004,0.674,-0.163,0.388,0.006,-0.006,0.007,0.0,-0.0,0.0,839.639,-0.0,0.0,-0.0,0.0,0.0,0.0,0.0,0.0,-0.6836,0.6949,-0.2232,0.7238,0.6847,-0.085,0.0938,-0.2197,-0.9711,0.676,0.226,-0.7014,-0.7316,0.0917,-0.6755,-0.0884,0.9698,0.2273,0.0001,-0.0001,0.0001,0.0,0.0,0.0,-0.0485,-0.0266,-0.2063,27.5612,20.4563,40.3815,0.0,0.0433,-0.3638,0.0,0.0,0.0,3737125.4398,3903292.0093,-4022614.8042,3802.4401,2665.6656,6130.018,3737097.8786,3903271.5531,-4022655.1857,3802.4886,2665.6921,6130.2244,0.0,0.0765,3.9732,0.0,0.0,1.0,0.0,1.0,0.0,0.0,1.172,-23.972,0.0,1.0,0.0,0.0,0.0,-1.0,0.09502105029939419,0.007071067811865475,-0.23047499999999999,1.6298322185101513,8.127792175756692,,
314.7026,46.051,-0.003,0.096,42.079,0.101,0.083,-0.214,-0.005,0.005,-0.214,-0.005,0.004,0.676,-0.165,0.389,0.006,-0.006,0.007,0.0,-0.0,0.0,839.639,-0.0,0.0,-0.0,0.0,0.0,0.0,0.0,0.0,-0.6836,0.6949,-0.2232,0.7238,0.6847,-0.085,0.0938,-0.2197,-0.9711,0.676,0.226,-0.7014,-0.7316,0.0917,-0.6755,-0.0884,0.9698,0.2273,0.0001,-0.0001,0.0001,0.0,0.0,0.0,-0.0485,-0.0266,-0.2064,27.5513,20.4508,40.3392,0.0,0.0433,-0.3638,0.0,0.0,0.0,3737905.0448,3903838.5096,-4021357.7019,3801.4409,2664.622,6131.0933,3737877.4935,3903818.0588,-4021398.0411,3801.4895,2664.6485,6131.2996,0.0,0.0765,3.9732,0.0,0.0,1.0,0.0,1.0,0.0,0.0,1.172,-23.972,0.0,1.0,0.0,0.0,0.0,-1.0,0.09604686356149274,0.007071067811865475,-0.23025500000000002,1.6290064641641724,8.120033788605522,,
314.903,46.008,-0.004,0.097,42.036,0.1,0.084,-0.214,-0.005,0.005,-0.214,-0.005,0.004,0.677,-0.166,0.391,0.006,-0.006,0.007,0.0,-0.0,0.0,839.639,-0.0,0.0,-0.0,0.0,0.0,0.0,0.0,0.0,-0.6836,0.6949,-0.2232,0.7238,0.6847,-0.0849,0.0938,-0.2196,-0.9711,0.676,0.226,-0.7014,-0.7316,0.0917,-0.6755,-0.0884,0.9698,0.2273,0.0001,-0.0001,0.0001,0.0,0.0,0.0,-0.0485,-0.0266,-0.2064,27.5415,20.4455,40.2976,0.0,0.0433,-0.3638,0.0,0.0,0.0,3738671.1137,3904375.452,-4020121.894,3800.4586,2663.5961,6132.1498,3738643.5722,3904355.0065,-4020162.1916,3800.5072,2663.6227,6132.3562,0.0,0.0765,3.9732,0.0,0.0,1.0,0.0,1.0,0.0,0.0,1.172,-23.972,0.0,1.0,0.0,0.0,0.0,-1.0,0.097082439194738,0.007071067811865475,-0.23004000000000002,1.6278001952859487,8.112451728435056,,
315.1062,45.965,-0.005,0.098,41.992,0.099,0.085,-0.214,-0.005,0.005,-0.214,-0.005,0.004,0.678,-0.167,0.392,0.006,-0.006,0.007,0.0,-0.0,0.0,839.639,-0.0,0.0,-0.0,0.0,0.0,0.0,0.0,0.0,-0.6836,0.6949,-0.2232,0.7238,0.6848,-0.0849,0.0938,-0.2196,-0.9711,0.676,0.226,-0.7014,-0.7316,0.0917,-0.6755,-0.0884,0.9698,0.2273,0.0001,-0.0001,0.0001,0.0,0.0,0.0,-0.0485,-0.0266,-0.2064,27.5317,20.4401,40.2558,0.0,0.0433,-0.3638,0.0,0.0,0.0,3739439.6941,3904914.0868,-4018881.4959,3799.4726,2662.5665,6133.2097,3739412.1624,3904893.6467,-4018921.7518,3799.5212,2662.593,6133.4161,0.0,0.0765,3.9732,0.0,0.0,1.0,0.0,1.0,0.0,0.0,1.172,-23.972,0.0,1.0,0.0,0.0,0.0,-1.0,0.09812746812182613,0.007071067811865475,-0.22982500000000003,1.626216105151329,8.104869668264593,,
315.3076,45.922,-0.006,0.099,41.949,0.098,0.086,-0.214,-0.005,0.005,-0.214,-0.005,0.004,0.679,-0.168,0.394,0.006,-0.006,0.007,0.0,-0.0,0.0,839.639,-0.0,0.0,-0.0,0.0,0.0,0.0,0.0,0.0,-0.6836,0.6949,-0.2232,0.7238,0.6848,-0.0849,0.0939,-0.2196,-0.9711,0.676,0.226,-0.7014,-0.7316,0.0917,-0.6755,-0.0884,0.9698,0.2273,0.0001,-0.0001,0.0001,0.0,0.0,0.0,-0.0486,-0.0266,-0.2064,27.5219,20.4348,40.2141,0.0,0.0433,-0.3638,0.0,0.0,0.0,3740208.7757,3905453.0042,-4017639.753,3798.4856,2661.5357,6134.2703,3740181.2538,3905432.5694,-4017679.967,3798.5341,2661.5623,6134.4767,0.0,0.0765,3.9732,0.0,0.0,1.0,0.0,1.0,0.0,0.0,1.172,-23.972,0.0,1.0,0.0,0.0,0.0,-1.0,0.09918165152889924,0.007071067811865475,-0.22960999999999998,1.6250073531905451,8.097287608094128,,
315.5103,45.879,-0.007,0.1,41.906,0.097,0.087,-0.21,-0.005,0.005,-0.21,-0.005,0.004,0.681,-0.17,0.395,0.006,-0.006,0.007,0.0,-0.0,0.0,839.629,-0.0,0.0,1.0,0.0,0.0,0.0,0.0,0.0,-0.6836,0.6949,-0.2232,0.7238,0.6848,-0.0848,0.0939,-0.2196,-0.9711,0.676,0.226,-0.7014,-0.7316,0.0917,-0.6755,-0.0884,0.9698,0.2273,0.0001,-0.0001,0.0001,0.0,0.0,0.0,-0.0478,-0.0263,-0.2033,27.512,20.4294,40.1723,0.0,0.0433,-0.3638,0.0,0.0,0.0,3740979.8605,3905993.2559,-4016394.2385,3797.4962,2660.5022,6135.3366,3740952.3485,3905972.8266,-4016434.4108,3797.544,2660.5285,6135.54,0.0,0.0765,3.9732,0.0,0.0,1.0,0.0,1.0,0.0,0.0,1.172,-23.972,0.0,1.0,0.0,0.0,0.0,-1.0,0.10024470060806208,0.007071067811865475,-0.229395,1.6237973622034418,8.089705547923664,,
315.7146,45.836,-0.008,0.101,41.864,0.096,0.088,-0.206,-0.005,0.005,-0.206,-0.005,0.004,0.682,-0.171,0.396,0.006,-0.006,0.007,0.0,-0.0,0.0,839.616,-0.0,0.0,-0.0,0.0,0.0,0.0,0.0,0.0,-0.6836,0.6949,-0.2232,0.7238,0.6848,-0.0848,0.0939,-0.2195,-0.9711,0.676,0.226,-0.7014,-0.7316,0.0917,-0.6755,-0.0884,0.9698,0.2273,0.0001,-0.0001,0.0001,0.0,0.0,0.0,-0.0468,-0.0259,-0.199,27.5025,20.4241,40.1316,0.0,0.0433,-0.3638,0.0,0.0,0.0,3741750.8629,3906533.3814,-4015148.3115,3796.5068,2659.4685,6136.4041,3741723.3605,3906512.9573,-4015188.4431,3796.5535,2659.4944,6136.6031,0.0,0.0765,3.9732,0.0,0.0,1.0,0.0,1.0,0.0,0.0,1.172,-23.972,0.0,1.0,0.0,0.0,0.0,-1.0,0.10131633629380803,0.007071067811865475,-0.22918,1.6229627089790375,8.0821234877532,,
315.9173,45.795,-0.009,0.102,41.822,0.095,0.089,-0.206,-0.005,0.005,-0.206,-0.005,0.004,0.683,-0.172,0.398,0.006,-0.006,0.007,0.0,-0.0,0.0,839.616,-0.0,0.0,-0.0,0.0,0.0,0.0,0.0,0.0,-0.6836,0.6949,-0.2232,0.7238,0.6848,-0.0848,0.0939,-0.2195,-0.9711,0.676,0.226,-0.7014,-0.7316,0.0917,-0.6755,-0.0884,0.9698,0.2273,0.0001,-0.0001,0.0001,0.0,0.0,0.0,-0.0468,-0.0259,-0.199,27.493,20.4189,40.0912,0.0,0.0433,-0.3638,0.0,0.0,0.0,3742521.8678,3907073.4389,-4013901.8437,3795.5158,2658.434,6137.4672,3742494.3748,3907053.02,-4013941.9349,3795.5626,2658.4598,6137.6662,0.0,0.0765,3.9732,0.0,0.0,1.0,0.0,1.0,0.0,0.0,1.172,-23.972,0.0,1.0,0.0,0.0,0.0,-1.0,0.10239628899525606,0.007071067811865475,-0.228975,1.6213685990214097,8.074894081544153,,
316.1176,45.753,-0.01,0.103,41.781,0.094,0.09,-0.205,-0.005,0.005,-0.205,-0.005,0.004,0.685,-0.173,0.399,0.006,-0.006,0.007,0.0,-0.0,0.0,839.612,-0.0,0.0,1.0,0.0,0.0,0.0,0.0,0.0,-0.6836,0.6948,-0.2232,0.7237,0.6848,-0.0847,0.094,-0.2195,-0.9711,0.676,0.226,-0.7014,-0.7316,0.0917,-0.6755,-0.0884,0.9698,0.2273,0.0001,-0.0001,0.0001,0.0,0.0,0.0,-0.0465,-0.0257,-0.1977,27.4836,20.4137,40.0513,0.0,0.0433,-0.3638,0.0,0.0,0.0,3743283.3948,3907606.7897,-4012670.1663,3794.5369,2657.4119,6138.5185,3743255.9112,3907586.376,-4012710.2176,3794.5834,2657.4376,6138.7161,0.0,0.0765,3.9732,0.0,0.0,1.0,0.0,1.0,0.0,0.0,1.172,-23.972,0.0,1.0,0.0,0.0,0.0,-1.0,0.1034842983258813,0.007071067811865475,-0.228765,1.620529005090749,8.067488348354399,,
316.323,45.712,-0.011,0.103,41.74,0.093,0.09,-0.198,-0.005,0.005,-0.198,-0.004,0.004,0.686,-0.174,0.4,0.006,-0.006,0.007,0.0,-0.0,0.0,839.591,-0.0,0.0,-0.0,0.0,0.0,0.0,0.0,0.0,-0.6837,0.6948,-0.2232,0.7237,0.6849,-0.0847,0.094,-0.2194,-0.9711,0.676,0.226,-0.7014,-0.7316,0.0917,-0.6755,-0.0884,0.9698,0.2273,0.0001,-0.0001,0.0001,0.0,0.0,0.0,-0.0449,-0.0251,-0.1911,27.4743,20.4085,40.0117,0.0,0.0433,-0.3638,0.0,0.0,0.0,3744058.7832,3908149.7789,-4011415.5274,3793.541,2656.3713,6139.594,3744031.3089,3908129.3704,-4011455.5391,3793.5859,2656.3964,6139.7852,0.0,0.0765,3.9732,0.0,0.0,1.0,0.0,1.0,0.0,0.0,1.172,-23.972,0.0,1.0,0.0,0.0,0.0,-1.0,0.10358571330062848,0.007071067811865475,-0.22856,1.6193661523097884,8.060258942145351,,
316.5296,45.671,-0.012,0.105,41.699,0.092,0.091,-0.198,-0.005,0.005,-0.198,-0.004,0.004,0.687,-0.176,0.402,0.006,-0.006,0.007,0.0,-0.0,0.0,839.591,-0.0,0.0,-0.0,0.0,0.0,0.0,0.0,0.0,-0.6837,0.6948,-0.2232,0.7237,0.6849,-0.0847,0.094,-0.2194,-0.9711,0.676,0.226,-0.7014,-0.7316,0.0917,-0.6755,-0.0884,0.9698,0.2273,0.0001,-0.0001,0.0001,0.0,0.0,0.0,-0.0449,-0.0251,-0.1911,27.465,20.4033,39.972,0.0,0.0433,-0.3638,0.0,0.0,0.0,3744846.3718,3908701.2396,-4010140.5883,3792.5274,2655.3132,6140.6798,3744818.9069,3908680.8363,-4010180.5603,3792.5723,2655.3383,6140.8709,0.0,0.0765,3.9732,0.0,0.0,1.0,0.0,1.0,0.0,0.0,1.172,-23.972,0.0,1.0,0.0,0.0,0.0,-1.0,0.10568348972285121,0.007071067811865475,-0.228355,1.6188495749664644,8.053029535936304,,
316.7303,45.632,-0.013,0.105,41.659,0.091,0.092,-0.198,-0.005,0.005,-0.198,-0.004,0.004,0.688,-0.177,0.403,0.006,-0.006,0.007,0.0,-0.0,0.0,839.591,-0.0,0.0,-0.0,0.0,0.0,0.0,0.0,0.0,-0.6837,0.6948,-0.2232,0.7237,0.6849,-0.0847,0.094,-0.2194,-0.9711,0.676,0.226,-0.7014,-0.7316,0.0917,-0.6755,-0.0884,0.9698,0.2273,0.0001,-0.0001,0.0001,0.0,0.0,0.0,-0.0449,-0.0251,-0.1911,27.456,20.3983,39.9336,0.0,0.0433,-0.3638,0.0,0.0,0.0,3745606.6951,3909233.5413,-4008909.2449,3791.5483,2654.2914,6141.7279,3745579.2392,3909213.143,-4008949.1786,3791.5932,2654.3165,6141.9191,0.0,0.0765,3.9732,0.0,0.0,1.0,0.0,1.0,0.0,0.0,1.172,-23.972,0.0,1.0,0.0,0.0,0.0,-1.0,0.10580170130957252,0.007071067811865475,-0.22816,1.6165395994386182,8.046152783688674,,
316.9316,45.592,-0.014,0.106,41.619,0.09,0.093,-0.198,-0.005,0.005,-0.198,-0.004,0.004,0.69,-0.178,0.405,0.006,-0.006,0.007,0.0,-0.0,0.0,839.591,-0.0,0.0,-0.0,0.0,0.0,0.0,0.0,0.0,-0.6837,0.6948,-0.2232,0.7237,0.6849,-0.0846,0.0941,-0.2194,-0.9711,0.676,0.226,-0.7014,-0.7316,0.0917,-0.6755,-0.0884,0.9698,0.2273,0.0001,-0.0001,0.0001,0.0,0.0,0.0,-0.0449,-0.0251,-0.1911,27.4469,20.3932,39.895,0.0,0.0433,-0.3638,0.0,0.0,0.0,3746372.4328,3909769.5649,-4007668.6027,3790.5619,2653.2618,6142.7835,3746344.9859,3909749.1717,-4007708.4977,3790.6068,2653.2869,6142.9746,0.0,0.0765,3.9732,0.0,0.0,1.0,0.0,1.0,0.0,0.0,1.172,-23.972,0.0,1.0,0.0,0.0,0.0,-1.0,0.10692053123698927,0.007071067811865475,-0.22796,1.6153129769970438,8.039099704460336,,
317.1319,45.552,-0.015,0.107,41.58,0.09,0.094,-0.198,-0.005,0.005,-0.198,-0.004,0.004,0.691,-0.179,0.406,0.006,-0.006,0.007,0.0,-0.0,0.0,839.591,-0.0,0.0,-0.0,0.0,0.0,0.0,0.0,0.0,-0.6837,0.6948,-0.2232,0.7237,0.6849,-0.0846,0.0941,-0.2193,-0.9711,0.676,0.226,-0.7014,-0.7316,0.0917,-0.6755,-0.0884,0.9698,0.2273,0.0001,-0.0001,0.0001,0.0,0.0,0.0,-0.0449,-0.0251,-0.1912,27.4379,20.3883,39.8569,0.0,0.0433,-0.3638,0.0,0.0,0.0,3747127.8911,3910298.3261,-4006444.086,3789.5882,2652.2457,6143.8248,3747100.4531,3910277.9379,-4006483.9429,3789.6331,2652.2708,6144.016,0.0,0.0765,3.9732,0.0,0.0,1.0,0.0,1.0,0.0,0.0,1.172,-23.972,0.0,1.0,0.0,0.0,0.0,-1.0,0.10804628637764464,0.007071067811865475,-0.22776,1.6301347234049284,8.032046625231997,,
317.3389,45.511,-0.016,0.108,41.539,0.089,0.095,-0.198,-0.005,0.005,-0.198,-0.004,0.004,0.692,-0.181,0.407,0.006,-0.006,0.007,0.0,-0.0,0.0,839.591,-0.0,0.0,-0.0,0.0,0.0,0.0,0.0,0.0,-0.6837,0.6948,-0.2232,0.7237,0.685,-0.0846,0.0941,-0.2193,-0.9711,0.676,0.226,-0.7014,-0.7316,0.0917,-0.6755,-0.0884,0.9698,0.2273,0.0001,-0.0001,0.0001,0.0,0.0,0.0,-0.0449,-0.0251,-0.1912,27.4286,20.3831,39.8174,0.0,0.0433,-0.3638,0.0,0.0,0.0,3747910.9661,3910846.346,-4005174.258,3788.5784,2651.1921,6144.9042,3747883.5374,3910825.963,-4005214.0754,3788.6233,2651.2172,6145.0953,0.0,0.0765,3.9732,0.0,0.0,1.0,0.0,1.0,0.0,0.0,1.172,-23.972,0.0,1.0,0.0,0.0,0.0,-1.0,0.10917875251164944,0.007071067811865475,-0.227555,1.6289099841647876,8.02481721902295,,
317.539,45.472,-0.017,0.109,41.5,0.088,0.096,-0.198,-0.005,0.005,-0.198,-0.005,0.004,0.693,-0.182,0.409,0.006,-0.006,0.007,0.0,-0.0,0.0,839.591,-0.0,0.0,-0.0,0.0,0.0,0.0,0.0,0.0,-0.6837,0.6948,-0.2232,0.7236,0.685,-0.0845,0.0941,-0.2193,-0.9711,0.676,0.226,-0.7014,-0.7316,0.0917,-0.6755,-0.0884,0.9698,0.2273,0.0001,-0.0001,0.0001,0.0,0.0,0.0,-0.0449,-0.0251,-0.1912,27.4198,20.3781,39.7798,0.0,0.0433,-0.3638,0.0,0.0,0.0,3748656.1085,3911367.7533,-4003965.4163,3787.6172,2650.189,6145.9312,3748628.6886,3911347.3752,-4004005.1961,3787.6621,2650.2141,6146.1223,0.0,0.0765,3.9732,0.0,0.0,1.0,0.0,1.0,0.0,0.0,1.172,-23.972,0.0,1.0,0.0,0.0,0.0,-1.0,0.11031772296417289,0.007071067811865475,-0.22736,1.6276793405930166,8.01794046677532,,
317.743,45.432,-0.018,0.11,41.459,0.087,0.097,-0.198,-0.005,0.005,-0.198,-0.005,0.004,0.695,-0.183,0.41,0.006,-0.006,0.007,0.0,-0.0,0.0,839.591,-0.0,-0.405,-0.0,0.0,0.0,0.0,0.0,0.0,-0.6837,0.6948,-0.2232,0.7236,0.685,-0.0845,0.0942,-0.2193,-0.9711,0.676,0.226,-0.7014,-0.7316,0.0917,-0.6755,-0.0884,0.9698,0.2273,0.0001,-0.0001,0.0001,0.0,0.0,0.0,-0.0449,-0.0251,-0.1912,27.4107,20.373,39.7408,0.0,0.0433,-0.3638,0.0,0.0,0.0,3749428.3757,3911908.072,-4002712.0359,3786.6204,2649.1491,6146.9955,3749400.965,3911887.699,-4002751.7767,3786.6653,2649.1742,6147.1867,0.0,0.0765,3.9732,0.0,0.0,1.0,0.0,1.0,0.0,0.0,1.172,-23.972,0.0,1.0,0.0,0.0,0.0,-1.0,0.11146299834474219,0.007071067811865475,-0.22716,1.6260698564948657,8.010887387546981,,
317.9449,45.392,-0.02,0.111,41.419,0.085,0.098,-0.198,-0.012,0.001,-0.198,-0.012,0.001,0.696,-0.184,0.411,0.006,-0.006,0.007,0.0,-0.0,0.0,839.553,-1.0,-1.0,-0.0,0.0,0.0,0.0,0.0,0.0,-0.6837,0.6948,-0.2232,0.7236,0.685,-0.0845,0.0942,-0.2192,-0.9711,0.676,0.226,-0.7014,-0.7316,0.0917,-0.6755,-0.0884,0.9698,0.2273,0.0001,-0.0001,0.0001,0.0,0.0,0.0,-0.0523,-0.0273,-0.1893,27.401,20.3676,39.7021,0.0,0.0433,-0.3638,0.0,0.0,0.0,3750198.2238,3912446.6291,-4001462.033,3785.619,2648.1097,6148.0583,3750170.8229,3912426.2615,-4001501.7351,3785.6713,2648.1371,6148.2477,0.0,0.0765,3.9732,0.0,0.0,1.0,0.0,1.0,0.0,0.0,1.172,-23.972,0.0,1.0,0.0,0.0,0.0,-1.0,0.11278741064498289,0.012041594578792296,-0.22696000000000002,1.623564030572726,8.003834308318643,,
318.149,45.351,-0.023,0.111,41.379,0.082,0.097,-0.198,-0.02,-0.005,-0.198,-0.02,-0.006,0.697,-0.186,0.413,0.006,-0.006,0.007,0.0,-0.0,0.0,839.5,-1.0,-1.0,-0.0,0.0,0.0,0.0,0.0,0.0,-0.6838,0.6947,-0.2232,0.7236,0.685,-0.0844,0.0942,-0.2192,-0.9711,0.676,0.226,-0.7014,-0.7316,0.0917,-0.6755,-0.0884,0.9698,0.2273,0.0001,-0.0001,0.0001,0.0,0.0,0.0,-0.0625,-0.0279,-0.187,27.3892,20.362,39.6637,0.0,0.0433,-0.3638,0.0,0.0,0.0,3750971.3739,3912987.4269,-4000206.1208,3784.61,2647.0672,6149.1262,3750943.9847,3912967.0649,-4000245.7845,3784.6725,2647.0951,6149.3131,0.0,0.0765,3.9732,0.0,0.0,1.0,0.0,1.0,0.0,0.0,1.172,-23.972,0.0,1.0,0.0,0.0,0.0,-1.0,0.11335784048754634,0.020615528128088305,-0.22675499999999998,1.6208878452526054,7.996604902109595,,
318.3522,45.311,-0.028,0.109,41.339,0.077,0.095,-0.198,-0.028,-0.011,-0.198,-0.028,-0.012,0.699,-0.187,0.414,0.006,-0.006,0.007,0.0,-0.0,0.0,839.449,-0.0,-1.0,-0.0,0.0,0.0,0.0,0.0,0.0,-0.6838,0.6947,-0.2232,0.7236,0.6851,-0.0844,0.0942,-0.2192,-0.9711,0.676,0.226,-0.7014,-0.7316,0.0917,-0.6755,-0.0884,0.9698,0.2273,0.0001,-0.0001,0.0001,0.0,0.0,0.0,-0.0721,-0.0289,-0.1847,27.3756,20.3563,39.626,0.0,0.0433,-0.3638,0.0,0.0,0.0,3751738.2376,3913523.7598,-3998959.872,3783.6092,2646.0323,6150.1852,3751710.8621,3913503.4035,-3998999.498,3783.6813,2646.0612,6150.3699,0.0,0.0765,3.9732,0.0,0.0,1.0,0.0,1.0,0.0,0.0,1.172,-23.972,0.0,1.0,0.0,0.0,0.0,-1.0,0.11253888216967503,0.03008321791298265,-0.226555,1.6147156030513663,7.989551822881256,,
318.5586,45.271,-0.034,0.107,41.298,0.072,0.093,-0.198,-0.029,-0.011,-0.198,-0.028,-0.012,0.7,-0.188,0.416,0.006,-0.006,0.007,0.0,-0.0,0.0,839.446,-0.0,0.0,-0.0,0.0,0.0,0.0,0.0,0.0,-0.6838,0.6947,-0.2232,0.7236,0.6851,-0.0844,0.0943,-0.2192,-0.9711,0.676,0.226,-0.7014,-0.7316,0.0917,-0.6755,-0.0884,0.9698,0.2273,0.0001,-0.0001,0.0001,0.0,0.0,0.0,-0.0727,-0.0294,-0.1845,27.3607,20.3503,39.5881,0.0,0.0433,-0.3638,0.0,0.0,0.0,3752514.7167,3914066.7477,-3997697.4434,3782.6046,2644.9844,6151.2553,3752487.356,3914046.3974,-3997737.0316,3782.6773,2645.0138,6151.4398,0.0,0.0765,3.9732,0.0,0.0,1.0,0.0,1.0,0.0,0.0,1.172,-23.972,0.0,1.0,0.0,0.0,0.0,-1.0,0.11227199116431488,0.031016124838541645,-0.226355,1.6225479536073388,7.9824987436529184,,
318.7647,45.23,-0.04,0.104,41.257,0.066,0.09,-0.198,-0.029,-0.011,-0.198,-0.028,-0.012,0.701,-0.189,0.417,0.006,-0.006,0.007,0.0,-0.0,0.0,839.446,-0.0,0.0,-0.0,0.0,0.0,0.0,0.0,0.0,-0.6838,0.6947,-0.2232,0.7236,0.6851,-0.0843,0.0943,-0.2191,-0.9711,0.676,0.226,-0.7014,-0.7316,0.0917,-0.6755,-0.0884,0.9698,0.2273,0.0001,-0.0001,0.0001,0.0,0.0,0.0,-0.0727,-0.0294,-0.1845,27.3457,20.3442,39.55,0.0,0.0433,-0.3638,0.0,0.0,0.0,3753296.0295,3914613.0439,-3996426.5986,3781.5938,2643.9301,6152.3319,3753268.6838,3914592.6997,-3996466.1486,3781.6665,2643.9596,6152.5164,0.0,0.0765,3.9732,0.0,0.0,1.0,0.0,1.0,0.0,0.0,1.172,-23.972,0.0,1.0,0.0,0.0,0.0,-1.0,0.11142710621747295,0.031016124838541645,-0.22615,1.6151524056729243,7.97526933744387,,
318.9705,45.189,-0.046,0.102,41.217,0.06,0.088,-0.198,-0.029,-0.011,-0.198,-0.028,-0.012,0.702,-0.191,0.419,0.006,-0.006,0.007,0.0,-0.0,0.0,839.446,-0.0,0.0,-0.0,0.0,0.0,0.0,0.0,0.0,-0.6838,0.6947,-0.2232,0.7235,0.6851,-0.0843,0.0943,-0.2191,-0.9711,0.676,0.226,-0.7014,-0.7316,0.0917,-0.6755,-0.0884,0.9698,0.2273,0.0001,-0.0001,0.0001,0.0,0.0,0.0,-0.0727,-0.0294,-0.1845,27.3308,20.3382,39.5123,0.0,0.0433,-0.3638,0.0,0.0,0.0,3754069.6736,3915153.9077,-3995167.6712,3780.5925,2642.8858,6153.3978,3754042.3428,3915133.5695,-3995207.1834,3780.6652,2642.9152,6153.5823,0.0,0.0765,3.9732,0.0,0.0,1.0,0.0,1.0,0.0,0.0,1.172,-23.972,0.0,1.0,0.0,0.0,0.0,-1.0,0.11189280584559491,0.031016124838541645,-0.225945,1.6080675933967055,7.968039931234824,,
319.1738,45.149,-0.052,0.1,41.176,0.054,0.086,-0.198,-0.029,-0.008,-0.198,-0.028,-0.009,0.704,-0.192,0.42,0.006,-0.006,0.007,0.0,-0.0,0.0,839.433,1.0,0.0,-0.0,0.0,0.0,0.0,0.0,0.0,-0.6838,0.6947,-0.2232,0.7235,0.6851,-0.0843,0.0944,-0.2191,-0.9711,0.676,0.226,-0.7014,-0.7316,0.0917,-0.6755,-0.0884,0.9698,0.2273,0.0001,-0.0001,0.0001,0.0,0.0,0.0,-0.0705,-0.0317,-0.1848,27.316,20.3321,39.4745,0.0,0.0433,-0.3638,0.0,0.0,0.0,3754842.9932,3915694.4742,-3993908.7195,3779.5932,2641.8392,6154.4629,3754815.6772,3915674.1421,-3993948.1939,3779.6638,2641.8709,6154.6478,0.0,0.0765,3.9732,0.0,0.0,1.0,0.0,1.0,0.0,0.0,1.172,-23.972,0.0,1.0,0.0,0.0,0.0,-1.0,0.11271202242884297,0.03008321791298265,-0.225745,1.6002023626102724,7.960986852006485,,
319.3774,45.108,-0.057,0.099,41.136,0.048,0.085,-0.198,-0.025,-0.002,-0.198,-0.025,-0.003,0.705,-0.193,0.421,0.006,-0.006,0.007,0.0,-0.0,0.0,839.365,1.0,1.0,-0.0,0.0,0.0,0.0,0.0,0.0,-0.6838,0.6947,-0.2232,0.7235,0.6851,-0.0842,0.0944,-0.2191,-0.9711,0.676,0.226,-0.7014,-0.7316,0.0917,-0.6755,-0.0884,0.9698,0.2273,0.0001,-0.0001,0.0001,0.0,0.0,0.0,-0.0642,-0.0335,-0.1861,27.3022,20.3253,39.4366,0.0,0.0433,-0.3637,0.0,0.0,0.0,3755615.2105,3916234.1983,-3992651.0142,3778.5991,2640.7941,6155.5255,3755587.9084,3916213.873,-3992690.4509,3778.6633,2640.8277,6155.7116,0.0,0.0765,3.9732,0.0,0.0,1.0,0.0,1.0,0.0,0.0,1.172,-23.972,0.0,1.0,0.0,0.0,0.0,-1.0,0.11423659658795862,0.025079872407968908,-0.22554,1.5786358339080062,7.953757445797438,,
319.5802,45.068,-0.062,0.099,41.095,0.044,0.084,-0.198,-0.019,0.002,-0.198,-0.019,0.002,0.706,-0.194,0.423,0.006,-0.006,0.007,0.0,-0.0,0.0,839.269,1.0,1.0,-0.0,0.0,0.0,0.0,0.0,0.0,-0.6838,0.6947,-0.2232,0.7235,0.6852,-0.0842,0.0944,-0.219,-0.9711,0.676,0.226,-0.7014,-0.7316,0.0917,-0.6755,-0.0884,0.9698,0.2273,0.0001,-0.0001,0.0001,0.0,0.0,0.0,-0.0568,-0.0331,-0.1879,27.2899,20.3185,39.3987,0.0,0.0433,-0.3637,0.0,0.0,0.0,3756382.0505,3916770.0933,-3991401.526,3777.6126,2639.7581,6156.5801,3756354.7606,3916749.7748,-3991440.9247,3777.6694,2639.7913,6156.768,0.0,0.0765,3.9732,0.0,0.0,1.0,0.0,1.0,0.0,0.0,1.172,-23.972,0.0,1.0,0.0,0.0,0.0,-1.0,0.11681181447096865,0.0191049731745428,-0.22533999999999998,1.5885479799410345,7.946704366569099,,
319.7869,45.027,-0.065,0.1,41.055,0.041,0.085,-0.198,-0.017,0.006,-0.198,-0.017,0.005,0.707,-0.196,0.424,0.006,-0.006,0.007,0.0,-0.0,0.0,839.224,-0.0,0.0,-0.0,0.0,0.0,0.0,0.0,0.0,-0.6838,0.6947,-0.2231,0.7235,0.6852,-0.0842,0.0944,-0.219,-0.9711,0.676,0.226,-0.7014,-0.7316,0.0917,-0.6755,-0.0884,0.9698,0.2273,0.0001,-0.0001,0.0001,0.0,0.0,0.0,-0.0529,-0.0339,-0.1887,27.2788,20.3117,39.36,0.0,0.0433,-0.3637,0.0,0.0,0.0,3757157.6044,3917312.0067,-3990137.2878,3776.6108,2638.7088,6157.6476,3757130.3256,3917291.695,-3990176.6477,3776.6637,2638.7427,6157.8364,0.0,0.0765,3.9732,0.0,0.0,1.0,0.0,1.0,0.0,0.0,1.172,-23.972,0.0,1.0,0.0,0.0,0.0,-1.0,0.11926860441876563,0.01802775637731995,-0.225135,1.5850407166181293,7.9394749603600525,,
319.9941,44.985,-0.069,0.101,41.013,0.037,0.086,-0.198,-0.017,0.006,-0.198,-0.017,0.005,0.709,-0.197,0.426,0.006,-0.006,0.007,0.0,-0.0,0.0,839.224,-0.0,0.0,-0.0,0.0,0.0,0.0,0.0,0.0,-0.6838,0.6947,-0.2231,0.7235,0.6852,-0.0841,0.0945,-0.219,-0.9711,0.676,0.226,-0.7014,-0.7316,0.0917,-0.6755,-0.0884,0.9698,0.2273,0.0001,-0.0001,0.0001,0.0,0.0,0.0,-0.0529,-0.0339,-0.1888,27.2677,20.3045,39.3201,0.0,0.0433,-0.3637,0.0,0.0,0.0,3757954.0725,3917868.4593,-3988838.3793,3775.5775,2637.6314,6158.7447,3757926.8048,3917848.1547,-3988877.6995,3775.6304,2637.6653,6158.9335,0.0,0.0765,3.9732,0.0,0.0,1.0,0.0,1.0,0.0,0.0,1.172,-23.972,0.0,1.0,0.0,0.0,0.0,-1.0,0.12231925441237779,0.01802775637731995,-0.22492499999999999,1.5798565885563247,7.932069227170297,,
320.2009,44.945,-0.073,0.102,40.972,0.034,0.088,-0.198,-0.017,0.006,-0.198,-0.017,0.005,0.71,-0.198,0.427,0.006,-0.006,0.007,0.0,-0.0,0.0,839.224,-0.0,0.0,-0.0,0.0,0.0,0.0,0.0,0.0,-0.6839,0.6947,-0.2231,0.7235,0.6852,-0.0841,0.0945,-0.2189,-0.9712,0.676,0.226,-0.7014,-0.7316,0.0917,-0.6755,-0.0884,0.9698,0.2273,0.0001,-0.0001,0.0001,0.0,0.0,0.0,-0.0529,-0.0339,-0.1888,27.2567,20.2976,39.2812,0.0,0.0433,-0.3637,0.0,0.0,0.0,3758732.9751,3918412.567,-3987567.5512,3774.5665,2636.5774,6159.8176,3758705.7183,3918392.2694,-3987606.8324,3774.6194,2636.6114,6160.0063,0.0,0.0765,3.9732,0.0,0.0,1.0,0.0,1.0,0.0,0.0,1.172,-23.972,0.0,1.0,0.0,0.0,0.0,-1.0,0.12543125607279867,0.01802775637731995,-0.224725,1.588990964363307,7.9250161479419585,,
320.4022,44.905,-0.076,0.103,40.932,0.03,0.089,-0.198,-0.017,0.006,-0.198,-0.017,0.005,0.711,-0.199,0.429,0.006,-0.006,0.007,0.0,-0.0,0.0,839.224,-0.0,0.0,-0.0,0.0,0.0,0.0,0.0,0.0,-0.6839,0.6946,-0.2231,0.7235,0.6852,-0.0841,0.0945,-0.2189,-0.9712,0.676,0.226,-0.7014,-0.7316,0.0917,-0.6755,-0.0884,0.9698,0.2273,0.0001,-0.0001,0.0001,0.0,0.0,0.0,-0.0529,-0.0339,-0.1888,27.2461,20.2907,39.2431,0.0,0.0433,-0.3637,0.0,0.0,0.0,3759493.9966,3918944.1147,-3986325.3524,3773.5782,2635.5472,6160.8657,3759466.7505,3918923.824,-3986364.5955,3773.6311,2635.5811,6161.0545,0.0,0.0765,3.9732,0.0,0.0,1.0,0.0,1.0,0.0,0.0,1.172,-23.972,0.0,1.0,0.0,0.0,0.0,-1.0,0.12800390619039717,0.01802775637731995,-0.224525,1.5694110031380564,7.91796306871362,,
320.6074,44.864,-0.079,0.105,40.891,0.027,0.09,-0.198,-0.016,0.006,-0.198,-0.015,0.006,0.712,-0.201,0.43,0.006,-0.006,0.007,0.0,-0.0,0.0,839.209,1.0,1.0,-0.0,0.0,0.0,0.0,0.0,0.0,-0.6839,0.6946,-0.2231,0.7234,0.6852,-0.084,0.0945,-0.2189,-0.9712,0.676,0.226,-0.7014,-0.7316,0.0917,-0.6755,-0.0884,0.9698,0.2273,0.0001,-0.0001,0.0001,0.0,0.0,0.0,-0.0519,-0.0334,-0.1891,27.2352,20.2837,39.204,0.0,0.0433,-0.3637,0.0,0.0,0.0,3760275.1983,3919489.6863,-3985049.6554,3772.5643,2634.4898,6161.9414,3760247.9631,3919469.4026,-3985088.8594,3772.6162,2634.5232,6162.1304,0.0,0.0765,3.9732,0.0,0.0,1.0,0.0,1.0,0.0,0.0,1.172,-23.972,0.0,1.0,0.0,0.0,0.0,-1.0,0.13140015220691337,0.017088007490635063,-0.22432,1.5663546309086342,7.9107336625045725,,
320.8106,44.823,-0.082,0.106,40.851,0.024,0.091,-0.198,-0.01,0.011,-0.198,-0.01,0.011,0.713,-0.202,0.432,0.006,-0.006,0.007,0.0,-0.0,0.0,839.115,1.0,0.0,-0.0,0.0,0.0,0.0,0.0,0.0,-0.6839,0.6946,-0.2231,0.7234,0.6853,-0.084,0.0946,-0.2189,-0.9712,0.676,0.226,-0.7014,-0.7316,0.0917,-0.6755,-0.0884,0.9698,0.2273,0.0001,-0.0001,0.0001,0.0,0.0,0.0,-0.0446,-0.0332,-0.1908,27.2254,20.277,39.1655,0.0,0.0433,-0.3637,0.0,0.0,0.0,3761039.7763,3920023.5775,-3983800.561,3771.5778,2633.4541,6162.9926,3761012.5509,3920003.3005,-3983839.7265,3771.6224,2633.4873,6163.1834,0.0,0.0765,3.9732,0.0,0.0,1.0,0.0,1.0,0.0,0.0,1.172,-23.972,0.0,1.0,0.0,0.0,0.0,-1.0,0.13401492454200764,0.014866068747318505,-0.224115,1.56281420926449,7.903504256295526,,
321.0134,44.784,-0.084,0.109,40.811,0.022,0.093,-0.198,-0.01,0.011,-0.198,-0.01,0.011,0.715,-0.203,0.433,0.006,-0.006,0.007,0.0,-0.0,0.0,839.115,-0.0,0.0,-0.0,0.0,0.0,0.0,0.0,0.0,-0.6839,0.6946,-0.2231,0.7234,0.6853,-0.084,0.0946,-0.2188,-0.9712,0.676,0.226,-0.7014,-0.7316,0.0917,-0.6755,-0.0884,0.9698,0.2273,0.0001,-0.0001,0.0001,0.0,0.0,0.0,-0.0444,-0.0334,-0.1908,27.2164,20.2703,39.1271,0.0,0.0433,-0.3637,0.0,0.0,0.0,3761799.44,3920553.9681,-3982558.957,3770.5901,2632.4243,6164.0387,3761772.2236,3920533.6978,-3982598.0841,3770.6345,2632.4577,6164.2296,0.0,0.0765,3.9732,0.0,0.0,1.0,0.0,1.0,0.0,0.0,1.172,-23.972,0.0,1.0,0.0,0.0,0.0,-1.0,0.1376117727521886,0.014866068747318505,-0.22392,1.5606564246548318,7.8966275040478955,,
321.2138,44.744,-0.086,0.111,40.771,0.02,0.096,-0.198,-0.01,0.011,-0.198,-0.01,0.011,0.716,-0.204,0.435,0.006,-0.006,0.007,0.0,-0.0,0.0,839.115,-0.0,0.0,-0.0,0.0,0.0,0.0,0.0,0.0,-0.6839,0.6946,-0.2231,0.7234,0.6853,-0.0839,0.0946,-0.2188,-0.9712,0.676,0.226,-0.7014,-0.7316,0.0917,-0.6755,-0.0884,0.9698,0.2273,0.0001,-0.0001,0.0001,0.0,0.0,0.0,-0.0444,-0.0334,-0.1908,27.2075,20.2636,39.0888,0.0,0.0433,-0.3637,0.0,0.0,0.0,3762556.2731,3921082.3143,-3981321.4459,3769.6054,2631.3982,6165.0809,3762529.0656,3921062.0507,-3981360.5347,3769.6498,2631.4315,6165.2717,0.0,0.0765,3.9732,0.0,0.0,1.0,0.0,1.0,0.0,0.0,1.172,-23.972,0.0,1.0,0.0,0.0,0.0,-1.0,0.14041723540933285,0.014866068747318505,-0.22372,1.5569037228895806,7.889574424819557,,
321.4145,44.704,-0.088,0.113,40.731,0.018,0.098,-0.198,-0.01,0.011,-0.198,-0.01,0.011,0.717,-0.205,0.436,0.006,-0.006,0.007,0.0,-0.0,0.0,839.115,-0.0,0.0,-0.0,0.0,0.0,0.0,0.0,0.0,-0.6839,0.6946,-0.2231,0.7234,0.6853,-0.0839,0.0946,-0.2188,-0.9712,0.676,0.226,-0.7014,-0.7316,0.0917,-0.6755,-0.0884,0.9698,0.2273,0.0001,-0.0001,0.0001,0.0,0.0,0.0,-0.0444,-0.0334,-0.1908,27.1986,20.2569,39.0504,0.0,0.0433,-0.3637,0.0,0.0,0.0,3763313.4591,3921610.839,-3980082.8232,3768.6198,2630.3711,6166.1235,3763286.2605,3921590.5821,-3980121.8736,3768.6643,2630.4045,6166.3144,0.0,0.0765,3.9732,0.0,0.0,1.0,0.0,1.0,0.0,0.0,1.172,-23.972,0.0,1.0,0.0,0.0,0.0,-1.0,0.14322360140703067,0.014866068747318505,-0.22352,1.5541814985182476,7.882521345591218,,
321.6168,44.664,-0.09,0.115,40.691,0.016,0.1,-0.198,-0.01,0.011,-0.198,-0.01,0.011,0.718,-0.207,0.438,0.006,-0.006,0.007,0.0,-0.0,0.0,839.115,-0.0,0.0,-0.0,0.0,0.0,0.0,0.0,0.0,-0.6839,0.6946,-0.2231,0.7234,0.6853,-0.0839,0.0947,-0.2188,-0.9712,0.676,0.226,-0.7014,-0.7316,0.0917,-0.6755,-0.0884,0.9698,0.2273,0.0001,-0.0001,0.0001,0.0,0.0,0.0,-0.0444,-0.0334,-0.1909,27.1896,20.2502,39.0119,0.0,0.0433,-0.3637,0.0,0.0,0.0,3764074.557,3922142.025,-3978837.268,3767.6287,2629.3383,6167.1715,3764047.3673,3922121.7748,-3978876.2798,3767.6731,2629.3717,6167.3623,0.0,0.0765,3.9732,0.0,0.0,1.0,0.0,1.0,0.0,0.0,1.172,-23.972,0.0,1.0,0.0,0.0,0.0,-1.0,0.14603081866510234,0.014866068747318505,-0.22332000000000002,1.5514585471415634,7.87546826636288,,
321.8193,44.624,-0.092,0.118,40.651,0.014,0.102,-0.198,-0.01,0.011,-0.198,-0.01,0.011,0.719,-0.208,0.439,0.006,-0.006,0.007,0.0,-0.0,0.0,839.115,-0.0,0.0,-0.0,0.0,0.0,0.0,0.0,0.0,-0.6839,0.6946,-0.2231,0.7234,0.6853,-0.0838,0.0947,-0.2187,-0.9712,0.676,0.226,-0.7014,-0.7316,0.0917,-0.6755,-0.0884,0.9698,0.2273,0.0001,-0.0001,0.0001,0.0,0.0,0.0,-0.0444,-0.0334,-0.1909,27.1807,20.2435,38.9733,0.0,0.0433,-0.3637,0.0,0.0,0.0,3764836.246,3922673.5551,-3977590.2015,3766.6363,2628.3043,6168.2202,3764809.0653,3922653.3116,-3977629.1748,3766.6808,2628.3377,6168.4111,0.0,0.0765,3.9732,0.0,0.0,1.0,0.0,1.0,0.0,0.0,1.172,-23.972,0.0,1.0,0.0,0.0,0.0,-1.0,0.14962620091414472,0.014866068747318505,-0.22312,1.5495810125662086,7.868415187134541,,
322.023,44.583,-0.095,0.12,40.611,0.012,0.104,-0.198,-0.01,0.011,-0.198,-0.01,0.011,0.72,-0.209,0.441,0.006,-0.006,0.007,0.0,-0.0,0.0,839.115,-0.0,0.0,-0.0,0.0,0.0,0.0,0.0,0.0,-0.6839,0.6946,-0.2231,0.7234,0.6854,-0.0838,0.0947,-0.2187,-0.9712,0.676,0.226,-0.7014,-0.7316,0.0917,-0.6755,-0.0884,0.9698,0.2273,0.0001,-0.0001,0.0001,0.0,0.0,0.0,-0.0444,-0.0334,-0.1909,27.1715,20.2366,38.9342,0.0,0.0433,-0.3637,0.0,0.0,0.0,3765607.638,3923211.7855,-3976326.6998,3765.6308,2627.2567,6169.2822,3765580.4665,3923191.5489,-3976365.634,3765.6753,2627.2901,6169.4731,0.0,0.0765,3.9732,0.0,0.0,1.0,0.0,1.0,0.0,0.0,1.172,-23.972,0.0,1.0,0.0,0.0,0.0,-1.0,0.15305227865013968,0.014866068747318505,-0.222915,1.5616074060701672,7.861185780925494,,
322.2262,44.543,-0.097,0.122,40.571,0.01,0.107,-0.193,-0.01,0.011,-0.193,-0.01,0.011,0.721,-0.21,0.442,0.006,-0.006,0.007,0.0,-0.0,0.0,839.1,-0.0,0.0,1.0,0.0,0.0,0.0,0.0,0.0,-0.684,0.6946,-0.2231,0.7234,0.6854,-0.0838,0.0947,-0.2187,-0.9712,0.676,0.226,-0.7014,-0.7316,0.0917,-0.6755,-0.0884,0.9698,0.2273,0.0001,-0.0001,0.0001,0.0,0.0,0.0,-0.0433,-0.0329,-0.186,27.1626,20.2299,38.8957,0.0,0.0433,-0.3637,0.0,0.0,0.0,3766373.7649,3923746.2723,-3975071.2706,3764.6329,2626.2163,6170.3418,3766346.6023,3923726.0424,-3975110.1663,3764.6762,2626.2492,6170.5278,0.0,0.0765,3.9732,0.0,0.0,1.0,0.0,1.0,0.0,0.0,1.172,-23.972,0.0,1.0,0.0,0.0,0.0,-1.0,0.1558621185535472,0.014866068747318505,-0.222715,1.5580035146820024,7.854132701697155,,
322.4266,44.506,-0.099,0.124,40.534,0.009,0.109,-0.19,-0.01,0.011,-0.19,-0.01,0.011,0.722,-0.212,0.443,0.006,-0.006,0.007,0.0,-0.0,0.0,839.089,-0.0,0.0,-0.0,0.0,0.0,0.0,0.0,0.0,-0.684,0.6946,-0.2231,0.7233,0.6854,-0.0837,0.0948,-0.2187,-0.9712,0.676,0.226,-0.7014,-0.7316,0.0917,-0.6755,-0.0884,0.9698,0.2273,0.0001,-0.0001,0.0001,0.0,0.0,0.0,-0.0424,-0.0326,-0.1825,27.1543,20.2235,38.8599,0.0,0.0433,-0.3637,0.0,0.0,0.0,3767107.3501,3924257.9906,-3973868.6534,3763.6767,2625.2196,6171.3552,3767080.1958,3924237.7671,-3973907.5133,3763.7191,2625.2522,6171.5377,0.0,0.0765,3.9732,0.0,0.0,1.0,0.0,1.0,0.0,0.0,1.172,-23.972,0.0,1.0,0.0,0.0,0.0,-1.0,0.15867261893597143,0.014866068747318505,-0.22253,1.5709794287918812,7.847608603410942,,
322.6283,44.468,-0.101,0.127,40.495,0.007,0.111,-0.19,-0.01,0.011,-0.19,-0.01,0.011,0.724,-0.213,0.445,0.006,-0.006,0.007,0.0,-0.0,0.0,839.089,-0.0,0.0,-0.0,0.0,0.0,0.0,0.0,0.0,-0.684,0.6946,-0.2231,0.7233,0.6854,-0.0837,0.0948,-0.2186,-0.9712,0.676,0.226,-0.7014,-0.7316,0.0917,-0.6755,-0.0884,0.9698,0.2273,0.0001,-0.0001,0.0001,0.0,0.0,0.0,-0.0424,-0.0326,-0.1825,27.1457,20.2169,38.8229,0.0,0.0433,-0.3637,0.0,0.0,0.0,3767870.2949,3924790.1206,-3972617.3729,3762.6808,2624.1822,6172.4055,3767843.1492,3924769.9037,-3972656.1959,3762.7233,2624.2148,6172.588,0.0,0.0765,3.9732,0.0,0.0,1.0,0.0,1.0,0.0,0.0,1.172,-23.972,0.0,1.0,0.0,0.0,0.0,-1.0,0.16226521500309302,0.014866068747318505,-0.22234,1.5685888073539236,7.840908178144021,,
322.8359,44.428,-0.103,0.129,40.455,0.005,0.113,-0.19,-0.01,0.011,-0.19,-0.01,0.011,0.725,-0.214,0.446,0.006,-0.006,0.007,0.0,-0.0,0.0,839.089,-0.0,0.0,-0.0,0.0,0.0,0.0,0.0,0.0,-0.684,0.6945,-0.2231,0.7233,0.6854,-0.0837,0.0948,-0.2186,-0.9712,0.676,0.226,-0.7014,-0.7316,0.0917,-0.6755,-0.0884,0.9698,0.2273,0.0001,-0.0001,0.0001,0.0,0.0,0.0,-0.0424,-0.0326,-0.1825,27.1367,20.2101,38.7845,0.0,0.0433,-0.3637,0.0,0.0,0.0,3768662.8712,3925342.8446,-3971316.9144,3761.6458,2623.1041,6173.4964,3768635.7345,3925322.6345,-3971355.6989,3761.6883,2623.1367,6173.679,0.0,0.0765,3.9732,0.0,0.0,1.0,0.0,1.0,0.0,0.0,1.172,-23.972,0.0,1.0,0.0,0.0,0.0,-1.0,0.16507574019219176,0.014866068747318505,-0.22213999999999998,1.565844082874112,7.833855098915682,,
323.0415,44.389,-0.105,0.131,40.417,0.003,0.115,-0.182,-0.01,0.011,-0.182,-0.01,0.011,0.726,-0.215,0.448,0.006,-0.006,0.007,0.0,-0.0,0.0,839.067,-0.0,0.0,1.0,0.0,0.0,0.0,0.0,0.0,-0.684,0.6945,-0.2231,0.7233,0.6854,-0.0836,0.0948,-0.2186,-0.9712,0.676,0.226,-0.7014,-0.7316,0.0917,-0.6755,-0.0884,0.9698,0.2273,0.0001,-0.0001,0.0001,0.0,0.0,0.0,-0.0407,-0.0319,-0.1753,27.1281,20.2034,38.7475,0.0,0.0433,-0.3637,0.0,0.0,0.0,3769440.48,3925885.0571,-3970040.4461,3760.6316,2622.0467,6174.574,3769413.3519,3925864.8537,-3970079.1936,3760.6723,2622.0785,6174.7493,0.0,0.0765,3.9732,0.0,0.0,1.0,0.0,1.0,0.0,0.0,1.172,-23.972,0.0,1.0,0.0,0.0,0.0,-1.0,0.16788686666919483,0.014866068747318505,-0.221945,1.5634931464465631,7.826978346668052,,
323.2469,44.353,-0.107,0.134,40.38,0.001,0.118,-0.178,-0.01,0.011,-0.178,-0.01,0.011,0.727,-0.217,0.449,0.006,-0.006,0.007,0.0,-0.0,0.0,839.053,-0.0,0.0,-0.0,0.0,0.0,0.0,0.0,0.0,-0.684,0.6945,-0.2231,0.7233,0.6855,-0.0836,0.0949,-0.2185,-0.9712,0.676,0.226,-0.7014,-0.7316,0.0917,-0.6755,-0.0884,0.9698,0.2273,0.0001,-0.0001,0.0001,0.0,0.0,0.0,-0.0397,-0.0315,-0.171,27.12,20.197,38.7122,0.0,0.0433,-0.3637,0.0,0.0,0.0,3770209.5835,3926421.2677,-3968777.3819,3759.6273,2621.0001,6175.6369,3770182.4635,3926401.0707,-3968816.0941,3759.667,2621.0315,6175.8079,0.0,0.0765,3.9732,0.0,0.0,1.0,0.0,1.0,0.0,0.0,1.172,-23.972,0.0,1.0,0.0,0.0,0.0,-1.0,0.1714788616710526,0.014866068747318505,-0.22176500000000002,1.5602887028985517,7.820630575362547,,
323.4532,44.316,-0.109,0.136,40.344,-0.001,0.12,-0.178,-0.01,0.011,-0.178,-0.01,0.011,0.728,-0.218,0.45,0.006,-0.006,0.007,0.0,-0.0,0.0,839.053,-0.0,0.0,-0.0,0.0,0.0,0.0,0.0,0.0,-0.684,0.6945,-0.2231,0.7233,0.6855,-0.0836,0.0949,-0.2185,-0.9712,0.676,0.226,-0.7014,-0.7316,0.0917,-0.6755,-0.0884,0.9698,0.2273,0.0001,-0.0001,0.0001,0.0,0.0,0.0,-0.0397,-0.0315,-0.171,27.1118,20.1905,38.6769,0.0,0.0433,-0.3637,0.0,0.0,0.0,3770985.9619,3926962.4787,-3967501.8064,3758.612,2619.9427,6176.7054,3770958.8501,3926942.2882,-3967540.4833,3758.6517,2619.9742,6176.8764,0.0,0.0765,3.9732,0.0,0.0,1.0,0.0,1.0,0.0,0.0,1.172,-23.972,0.0,1.0,0.0,0.0,0.0,-1.0,0.17428998823799374,0.014866068747318505,-0.22158,1.5579393910411032,7.814106477076335,,
323.6534,44.28,-0.111,0.138,40.308,-0.003,0.122,-0.178,-0.01,0.011,-0.178,-0.01,0.011,0.729,-0.219,0.452,0.006,-0.006,0.007,0.0,-0.0,0.0,839.053,-0.0,0.0,-0.0,0.0,0.0,0.0,0.0,0.0,-0.684,0.6945,-0.2231,0.7233,0.6855,-0.0835,0.0949,-0.2185,-0.9712,0.676,0.226,-0.7014,-0.7316,0.0917,-0.6755,-0.0884,0.9698,0.2273,0.0001,-0.0001,0.0001,0.0,0.0,0.0,-0.0397,-0.0315,-0.171,27.1039,20.1842,38.6428,0.0,0.0433,-0.3637,0.0,0.0,0.0,3771736.6162,3927485.6889,-3966267.9565,3757.6299,2618.92,6177.7385,3771709.5123,3927465.5047,-3966306.5993,3757.6695,2618.9515,6177.9095,0.0,0.0765,3.9732,0.0,0.0,1.0,0.0,1.0,0.0,0.0,1.172,-23.972,0.0,1.0,0.0,0.0,0.0,-1.0,0.1771016657177453,0.014866068747318505,-0.2214,1.5551957682807425,7.807758705770829,,
323.86,44.244,-0.113,0.141,40.271,-0.005,0.124,-0.178,-0.01,0.011,-0.178,-0.01,0.011,0.731,-0.22,0.453,0.006,-0.006,0.007,0.0,-0.0,0.0,839.053,-0.0,0.0,-0.0,0.0,0.0,0.0,0.0,0.0,-0.684,0.6945,-0.2231,0.7233,0.6855,-0.0835,0.0949,-0.2185,-0.9712,0.676,0.226,-0.7014,-0.7316,0.0917,-0.6755,-0.0884,0.9698,0.2273,0.0001,-0.0001,0.0001,0.0,0.0,0.0,-0.0397,-0.0315,-0.171,27.0956,20.1777,38.6074,0.0,0.0433,-0.3637,0.0,0.0,0.0,3772513.37,3928027.0192,-3964990.6522,3756.6131,2617.8613,6178.8074,3772486.2743,3928006.8415,-3965029.2596,3756.6528,2617.8927,6178.9784,0.0,0.0765,3.9732,0.0,0.0,1.0,0.0,1.0,0.0,0.0,1.172,-23.972,0.0,1.0,0.0,0.0,0.0,-1.0,0.18069310999592653,0.014866068747318505,-0.22122,1.5527575732648373,7.801410934465324,,
324.0604,44.208,-0.115,0.143,40.236,-0.007,0.126,-0.178,-0.01,0.011,-0.178,-0.01,0.011,0.732,-0.222,0.455,0.006,-0.006,0.007,0.0,-0.0,0.0,839.053,-0.0,0.0,-0.0,0.0,0.0,0.0,0.0,0.0,-0.684,0.6945,-0.2231,0.7232,0.6855,-0.0835,0.095,-0.2184,-0.9712,0.676,0.226,-0.7014,-0.7316,0.0917,-0.6755,-0.0884,0.9698,0.2273,0.0001,-0.0001,0.0001,0.0,0.0,0.0,-0.0397,-0.0315,-0.171,27.0877,20.1714,38.5731,0.0,0.0433,-0.3637,0.0,0.0,0.0,3773266.2405,3928551.636,-3963752.0795,3755.6271,2616.8347,6179.8434,3773239.1528,3928531.4646,-3963790.6526,3755.6668,2616.8662,6180.0144,0.0,0.0765,3.9732,0.0,0.0,1.0,0.0,1.0,0.0,0.0,1.172,-23.972,0.0,1.0,0.0,0.0,0.0,-1.0,0.18350476833041696,0.014866068747318505,-0.22104,1.550384337702187,7.79506316315982,,
324.261,44.172,-0.117,0.145,40.2,-0.009,0.129,-0.178,-0.01,0.011,-0.178,-0.01,0.011,0.733,-0.223,0.456,0.006,-0.006,0.007,0.0,-0.0,0.0,839.053,-0.0,0.0,-0.0,0.0,0.0,0.0,0.0,0.0,-0.684,0.6945,-0.2231,0.7232,0.6855,-0.0834,0.095,-0.2184,-0.9712,0.676,0.226,-0.7014,-0.7316,0.0917,-0.6755,-0.0884,0.9698,0.2273,0.0001,-0.0001,0.0001,0.0,0.0,0.0,-0.0397,-0.0315,-0.171,27.0797,20.1651,38.5388,0.0,0.0433,-0.3637,0.0,0.0,0.0,3774020.5919,3929077.2165,-3962510.5348,3754.6388,2615.8057,6180.8814,3773993.5121,3929057.0514,-3962549.0735,3754.6784,2615.8372,6181.0524,0.0,0.0765,3.9732,0.0,0.0,1.0,0.0,1.0,0.0,0.0,1.172,-23.972,0.0,1.0,0.0,0.0,0.0,-1.0,0.1863169342813476,0.014866068747318505,-0.22085999999999997,1.5469118233612302,7.788715391854314,,
324.4619,44.137,-0.119,0.147,40.165,-0.011,0.131,-0.178,-0.01,0.011,-0.178,-0.01,0.011,0.734,-0.224,0.457,0.006,-0.006,0.007,0.0,-0.0,0.0,839.053,-0.0,0.0,-0.0,0.0,0.0,0.0,0.0,0.0,-0.6841,0.6945,-0.2231,0.7232,0.6856,-0.0834,0.095,-0.2184,-0.9712,0.676,0.226,-0.7014,-0.7316,0.0917,-0.6755,-0.0884,0.9698,0.2273,0.0001,-0.0001,0.0001,0.0,0.0,0.0,-0.0397,-0.0315,-0.171,27.0719,20.1589,38.505,0.0,0.0433,-0.3637,0.0,0.0,0.0,3774761.0205,3929593.0299,-3961291.3857,3753.6682,2614.7953,6181.9002,3774733.9486,3929572.871,-3961329.8908,3753.7079,2614.8268,6182.0712,0.0,0.0765,3.9732,0.0,0.0,1.0,0.0,1.0,0.0,0.0,1.172,-23.972,0.0,1.0,0.0,0.0,0.0,-1.0,0.18912958520548814,0.014866068747318505,-0.220685,1.5441707903196213,7.782543947529518,,
324.6675,44.101,-0.121,0.15,40.129,-0.013,0.133,-0.178,-0.01,0.011,-0.178,-0.01,0.011,0.735,-0.225,0.459,0.006,-0.006,0.007,0.0,-0.0,0.0,839.053,-0.0,0.0,-0.0,0.0,0.0,0.0,0.0,0.0,-0.6841,0.6945,-0.2231,0.7232,0.6856,-0.0834,0.095,-0.2184,-0.9712,0.676,0.226,-0.7014,-0.7316,0.0917,-0.6755,-0.0884,0.9698,0.2273,0.0001,-0.0001,0.0001,0.0,0.0,0.0,-0.0397,-0.0315,-0.171,27.0638,20.1525,38.47,0.0,0.0433,-0.3637,0.0,0.0,0.0,3775530.1418,3930128.7619,-3960024.4469,3752.6596,2613.7453,6182.9584,3775503.078,3930108.6094,-3960062.9169,3752.6992,2613.7768,6183.1294,0.0,0.0765,3.9732,0.0,0.0,1.0,0.0,1.0,0.0,0.0,1.172,-23.972,0.0,1.0,0.0,0.0,0.0,-1.0,0.1927200041511,0.014866068747318505,-0.220505,1.5420192467170735,7.776196176224014,,
324.8724,44.064,-0.124,0.152,40.091,-0.015,0.135,-0.178,-0.01,0.01,-0.178,-0.01,0.009,0.736,-0.227,0.46,0.006,-0.006,0.007,0.0,-0.0,0.0,839.047,-1.0,0.0,-0.0,0.0,0.0,0.0,0.0,0.0,-0.6841,0.6945,-0.2231,0.7232,0.6856,-0.0833,0.0951,-0.2183,-0.9712,0.676,0.226,-0.7014,-0.7316,0.0917,-0.6755,-0.0884,0.9698,0.2273,0.0001,-0.0001,0.0001,0.0,0.0,0.0,-0.0408,-0.0303,-0.1709,27.0554,20.1459,38.434,0.0,0.0433,-0.3637,0.0,0.0,0.0,3776319.9591,3930678.8358,-3958722.8345,3751.6222,2612.6678,6184.0452,3776292.9037,3930658.6899,-3958761.2684,3751.663,2612.6981,6184.2161,0.0,0.0765,3.9732,0.0,0.0,1.0,0.0,1.0,0.0,0.0,1.172,-23.972,0.0,1.0,0.0,0.0,0.0,-1.0,0.19616319736382765,0.01414213562373095,-0.22032,1.5532542462759955,7.769672077937801,,
325.0772,44.027,-0.126,0.153,40.055,-0.017,0.136,-0.178,-0.01,0.003,-0.178,-0.01,0.002,0.737,-0.228,0.461,0.006,-0.006,0.007,0.0,-0.0,0.0,839.02,-1.0,0.0,-0.0,0.0,0.0,0.0,0.0,0.0,-0.6841,0.6945,-0.2231,0.7232,0.6856,-0.0833,0.0951,-0.2183,-0.9712,0.676,0.226,-0.7014,-0.7316,0.0917,-0.6755,-0.0884,0.9698,0.2273,0.0001,-0.0001,0.0001,0.0,0.0,0.0,-0.0455,-0.0254,-0.1703,27.0465,20.1402,38.3991,0.0,0.0433,-0.3637,0.0,0.0,0.0,3777087.7989,3931213.5323,-3957456.876,3750.6096,2611.6236,6185.1022,3777060.7524,3931193.3922,-3957495.275,3750.655,2611.649,6185.2724,0.0,0.0765,3.9732,0.0,0.0,1.0,0.0,1.0,0.0,0.0,1.172,-23.972,0.0,1.0,0.0,0.0,0.0,-1.0,0.19820443990990716,0.01044030650891055,-0.220135,1.5509423716619013,7.763147979651587,,
325.2826,43.991,-0.128,0.153,40.018,-0.019,0.136,-0.178,-0.01,-0.004,-0.178,-0.01,-0.004,0.739,-0.229,0.463,0.006,-0.006,0.007,0.0,-0.0,0.0,838.993,-1.0,0.0,-0.0,0.0,0.0,0.0,0.0,0.0,-0.6841,0.6944,-0.2231,0.7232,0.6856,-0.0833,0.0951,-0.2183,-0.9712,0.676,0.226,-0.7014,-0.7316,0.0917,-0.6755,-0.0884,0.9698,0.2273,0.0001,-0.0001,0.0001,0.0,0.0,0.0,-0.0501,-0.0205,-0.1696,27.0367,20.1355,38.3642,0.0,0.0433,-0.3637,0.0,0.0,0.0,3777856.0092,3931748.4172,-3956189.75,3749.596,2610.5785,6186.1596,3777828.9725,3931728.2817,-3956228.1142,3749.6462,2610.599,6186.3292,0.0,0.0765,3.9732,0.0,0.0,1.0,0.0,1.0,0.0,0.0,1.172,-23.972,0.0,1.0,0.0,0.0,0.0,-1.0,0.1994818287463798,0.010770329614269008,-0.219955,1.5478865964252149,7.756800208346083,,
325.4876,43.954,-0.13,0.152,39.982,-0.021,0.135,-0.178,-0.01,-0.011,-0.178,-0.01,-0.011,0.74,-0.23,0.464,0.006,-0.005,0.007,0.0,-0.0,0.0,838.966,-1.0,0.0,-0.0,0.0,0.0,0.0,0.0,0.0,-0.6841,0.6944,-0.2231,0.7232,0.6856,-0.0833,0.0951,-0.2183,-0.9712,0.676,0.226,-0.7014,-0.7316,0.0917,-0.6755,-0.0884,0.9698,0.2273,0.0001,-0.0001,0.0001,0.0,0.0,0.0,-0.0548,-0.0155,-0.169,27.026,20.1318,38.3294,0.0,0.0433,-0.3637,0.0,0.0,0.0,3778626.5384,3932284.847,-3954918.2348,3748.5789,2609.5299,6187.2202,3778599.5124,3932264.7152,-3954956.5643,3748.6337,2609.5454,6187.3892,0.0,0.0765,3.9732,0.0,0.0,1.0,0.0,1.0,0.0,0.0,1.172,-23.972,0.0,1.0,0.0,0.0,0.0,-1.0,0.2000099997500125,0.014866068747318505,-0.21977,1.5456792960312502,7.75027611005987,,
325.6889,43.918,-0.132,0.149,39.946,-0.023,0.132,-0.178,-0.011,-0.018,-0.178,-0.01,-0.018,0.741,-0.231,0.466,0.006,-0.005,0.007,0.0,-0.0,0.0,838.94,-1.0,0.0,-0.0,0.0,0.0,0.0,0.0,0.0,-0.6841,0.6944,-0.2231,0.7231,0.6857,-0.0832,0.0952,-0.2182,-0.9712,0.676,0.226,-0.7014,-0.7316,0.0917,-0.6755,-0.0884,0.9698,0.2273,0.0001,-0.0001,0.0001,0.0,0.0,0.0,-0.0594,-0.0107,-0.1684,27.0145,20.1292,38.2955,0.0,0.0433,-0.3636,0.0,0.0,0.0,3779381.0723,3932810.0736,-3953672.5678,3747.5825,2608.5025,6188.2587,3779354.0578,3932789.9444,-3953710.8633,3747.6419,2608.5132,6188.4271,0.0,0.0765,3.9732,0.0,0.0,1.0,0.0,1.0,0.0,0.0,1.172,-23.972,0.0,1.0,0.0,0.0,0.0,-1.0,0.19906029237394382,0.021095023109728987,-0.21959,1.5431902219699256,7.7439283387543645,,
325.8915,43.883,-0.134,0.145,39.91,-0.025,0.128,-0.178,-0.011,-0.019,-0.178,-0.01,-0.019,0.742,-0.232,0.467,0.006,-0.005,0.007,0.0,-0.0,0.0,838.933,-0.0,0.0,-0.0,0.0,0.0,0.0,0.0,0.0,-0.6841,0.6944,-0.2231,0.7231,0.6857,-0.0832,0.0952,-0.2182,-0.9712,0.676,0.226,-0.7014,-0.7316,0.0917,-0.6755,-0.0884,0.9698,0.2273,0.0001,-0.0001,0.0001,0.0,0.0,0.0,-0.0605,-0.0095,-0.1682,27.0023,20.1273,38.2616,0.0,0.0433,-0.3636,0.0,0.0,0.0,3780136.7829,3933336.0508,-3952424.4216,3746.5875,2607.4695,6189.2983,3780109.7806,3933315.9235,-3952462.6832,3746.648,2607.479,6189.4665,0.0,0.0765,3.9732,0.0,0.0,1.0,0.0,1.0,0.0,0.0,1.172,-23.972,0.0,1.0,0.0,0.0,0.0,-1.0,0.197436065600994,0.02195449840010015,-0.21941500000000003,1.5403737434466411,7.737756894429569,,
326.0951,43.846,-0.136,0.141,39.874,-0.027,0.124,-0.178,-0.011,-0.019,-0.178,-0.01,-0.019,0.743,-0.233,0.468,0.006,-0.005,0.007,0.0,-0.0,0.0,838.933,-0.0,0.0,-0.0,0.0,0.0,0.0,0.0,0.0,-0.6841,0.6944,-0.2231,0.7231,0.6857,-0.0832,0.0952,-0.2182,-0.9713,0.676,0.226,-0.7014,-0.7316,0.0917,-0.6755,-0.0884,0.9698,0.2273,0.0001,-0.0001,0.0001,0.0,0.0,0.0,-0.0605,-0.0095,-0.1682,26.99,20.1253,38.2274,0.0,0.0433,-0.3636,0.0,0.0,0.0,3780897.858,3933865.6925,-3951166.8633,3745.5861,2606.4276,6190.3451,3780870.868,3933845.5672,-3951205.0907,3745.6466,2606.4371,6190.5133,0.0,0.0765,3.9732,0.0,0.0,1.0,0.0,1.0,0.0,0.0,1.172,-23.972,0.0,1.0,0.0,0.0,0.0,-1.0,0.19590048494069634,0.02195449840010015,-0.21922999999999998,1.5383672867775353,7.731232796143355,,
326.3016,43.81,-0.139,0.137,39.837,-0.03,0.12,-0.178,-0.011,-0.019,-0.178,-0.01,-0.019,0.745,-0.234,0.47,0.006,-0.005,0.007,0.0,-0.0,0.0,838.933,-0.0,0.0,-0.0,0.0,0.0,0.0,0.0,0.0,-0.6841,0.6944,-0.2231,0.7231,0.6857,-0.0831,0.0952,-0.2182,-0.9713,0.676,0.226,-0.7014,-0.7316,0.0917,-0.6755,-0.0884,0.9698,0.2273,0.0001,-0.0001,0.0001,0.0,0.0,0.0,-0.0605,-0.0095,-0.1683,26.9775,20.1234,38.1926,0.0,0.0433,-0.3636,0.0,0.0,0.0,3781670.7471,3934403.4837,-3949889.2246,3744.5686,2605.369,6191.4081,3781643.7696,3934383.3604,-3949927.4173,3744.6292,2605.3785,6191.5763,0.0,0.0765,3.9732,0.0,0.0,1.0,0.0,1.0,0.0,0.0,1.172,-23.972,0.0,1.0,0.0,0.0,0.0,-1.0,0.19516659550240664,0.02195449840010015,-0.21905000000000002,1.5342567332265515,7.724885024837851,,
326.5059,43.774,-0.141,0.133,39.801,-0.032,0.116,-0.178,-0.011,-0.019,-0.178,-0.01,-0.019,0.746,-0.235,0.471,0.006,-0.005,0.007,0.0,-0.0,0.0,838.933,0.687,0.0,-0.0,0.0,0.0,0.0,0.0,0.0,-0.6842,0.6944,-0.223,0.7231,0.6857,-0.0831,0.0952,-0.2181,-0.9713,0.676,0.226,-0.7014,-0.7316,0.0917,-0.6755,-0.0884,0.9698,0.2273,0.0001,-0.0001,0.0001,0.0,0.0,0.0,-0.0605,-0.0095,-0.1683,26.9652,20.1215,38.1583,0.0,0.0433,-0.3636,0.0,0.0,0.0,3782434.9117,3934935.133,-3948625.4518,3743.5622,2604.322,6192.459,3782407.9464,3934915.0115,-3948663.6101,3743.6227,2604.3315,6192.6272,0.0,0.0765,3.9732,0.0,0.0,1.0,0.0,1.0,0.0,0.0,1.172,-23.972,0.0,1.0,0.0,0.0,0.0,-1.0,0.19382982226685344,0.02195449840010015,-0.21887,1.5318797412667693,7.718537253532346,,
326.7123,43.737,-0.143,0.13,39.764,-0.034,0.113,-0.178,-0.011,-0.012,-0.178,-0.01,-0.013,0.747,-0.236,0.472,0.006,-0.005,0.007,0.0,-0.0,0.0,838.906,1.0,0.0,-0.0,0.0,0.0,0.0,0.0,0.0,-0.6842,0.6944,-0.223,0.7231,0.6858,-0.0831,0.0953,-0.2181,-0.9713,0.676,0.226,-0.7014,-0.7316,0.0917,-0.6755,-0.0884,0.9698,0.2273,0.0001,-0.0001,0.0001,0.0,0.0,0.0,-0.056,-0.0143,-0.1689,26.9531,20.119,38.1233,0.0,0.0433,-0.3636,0.0,0.0,0.0,3783212.7867,3935476.2475,-3947338.4357,3742.5418,2603.2509,6193.5281,3783185.8336,3935456.1285,-3947376.5589,3742.5978,2603.2652,6193.697,0.0,0.0765,3.9732,0.0,0.0,1.0,0.0,1.0,0.0,0.0,1.172,-23.972,0.0,1.0,0.0,0.0,0.0,-1.0,0.19325889371514055,0.016278820596099707,-0.21868500000000002,1.5294327983495561,7.712013155246133,,
326.9135,43.701,-0.145,0.128,39.728,-0.036,0.111,-0.178,-0.01,-0.006,-0.178,-0.01,-0.006,0.748,-0.237,0.474,0.006,-0.005,0.007,0.0,-0.0,0.0,838.879,1.0,0.0,-0.0,0.0,0.0,0.0,0.0,0.0,-0.6842,0.6944,-0.223,0.7231,0.6858,-0.0831,0.0953,-0.2181,-0.9713,0.676,0.226,-0.7014,-0.7316,0.0917,-0.6755,-0.0884,0.9698,0.2273,0.0001,-0.0001,0.0001,0.0,0.0,0.0,-0.0514,-0.0192,-0.1696,26.9423,20.1157,38.0892,0.0,0.0433,-0.3636,0.0,0.0,0.0,3783964.7539,3935999.2682,-3946093.7398,3741.5551,2602.2149,6194.5615,3783937.8116,3935979.1526,-3946131.8291,3741.6065,2602.2341,6194.731,0.0,0.0765,3.9732,0.0,0.0,1.0,0.0,1.0,0.0,0.0,1.172,-23.972,0.0,1.0,0.0,0.0,0.0,-1.0,0.1934140636044856,0.0116619037896906,-0.218505,1.526907872567624,7.705665383940628,,
327.1165,43.665,-0.147,0.127,39.693,-0.038,0.11,-0.178,-0.01,-0.004,-0.178,-0.01,-0.004,0.75,-0.238,0.475,0.006,-0.005,0.007,0.0,-0.0,0.0,838.869,-0.0,0.0,-0.0,0.0,0.0,0.0,0.0,0.0,-0.6842,0.6944,-0.223,0.7231,0.6858,-0.083,0.0953,-0.2181,-0.9713,0.676,0.226,-0.7014,-0.7316,0.0917,-0.6755,-0.0884,0.9698,0.2273,0.0001,-0.0001,0.0001,0.0,0.0,0.0,-0.0499,-0.0208,-0.1698,26.9321,20.1115,38.055,0.0,0.0433,-0.3636,0.0,0.0,0.0,3784720.0345,3936524.5233,-3944843.019,3740.5605,2601.1772,6195.5998,3784693.1024,3936504.4117,-3944881.0739,3740.6104,2601.1979,6195.7696,0.0,0.0765,3.9732,0.0,0.0,1.0,0.0,1.0,0.0,0.0,1.172,-23.972,0.0,1.0,0.0,0.0,0.0,-1.0,0.19426270872197782,0.010770329614269008,-0.218325,1.5246966185336064,7.699317612635123,,
327.3166,43.629,-0.149,0.127,39.657,-0.04,0.109,-0.178,-0.01,-0.004,-0.178,-0.01,-0.004,0.751,-0.239,0.476,0.006,-0.005,0.007,0.0,-0.0,0.0,838.869,-0.0,0.0,-0.0,0.0,0.0,0.0,0.0,0.0,-0.6842,0.6944,-0.223,0.723,0.6858,-0.083,0.0953,-0.218,-0.9713,0.676,0.226,-0.7014,-0.7316,0.0917,-0.6755,-0.0884,0.9698,0.2273,0.0001,-0.0001,0.0001,0.0,0.0,0.0,-0.0499,-0.0208,-0.1698,26.9221,20.1074,38.021,0.0,0.0433,-0.3636,0.0,0.0,0.0,3785467.9799,3937044.6085,-3943603.9111,3739.5736,2600.1507,6196.6282,3785441.0577,3937024.5011,-3943641.9322,3739.6235,2600.1715,6196.798,0.0,0.0765,3.9732,0.0,0.0,1.0,0.0,1.0,0.0,0.0,1.172,-23.972,0.0,1.0,0.0,0.0,0.0,-1.0,0.19578048932414077,0.010770329614269008,-0.21814499999999998,1.5230999790388615,7.692969841329618,,
327.5236,43.593,-0.151,0.126,39.62,-0.042,0.108,-0.178,-0.01,-0.004,-0.178,-0.01,-0.004,0.752,-0.241,0.478,0.006,-0.005,0.007,0.0,-0.0,0.0,838.869,-0.0,0.0,-0.0,0.0,0.0,0.0,0.0,0.0,-0.6842,0.6943,-0.223,0.723,0.6858,-0.083,0.0954,-0.218,-0.9713,0.676,0.226,-0.7014,-0.7316,0.0917,-0.6755,-0.0884,0.9698,0.2273,0.0001,-0.0001,0.0001,0.0,0.0,0.0,-0.0499,-0.0208,-0.1698,26.9119,20.1031,37.9861,0.0,0.0433,-0.3636,0.0,0.0,0.0,3786236.9527,3937579.2443,-3942329.4109,3738.5584,2599.0949,6197.6854,3786210.0408,3937559.1412,-3942367.397,3738.6083,2599.1157,6197.8552,0.0,0.0765,3.9732,0.0,0.0,1.0,0.0,1.0,0.0,0.0,1.172,-23.972,0.0,1.0,0.0,0.0,0.0,-1.0,0.19666468925559566,0.010770329614269008,-0.21796500000000002,1.520094993411567,7.686622070024114,,
327.7301,43.556,-0.154,0.125,39.583,-0.044,0.107,-0.178,-0.01,-0.004,-0.178,-0.01,-0.004,0.753,-0.242,0.479,0.006,-0.005,0.007,0.0,-0.0,0.0,838.869,-0.0,0.0,-0.0,0.0,0.0,0.0,0.0,0.0,-0.6842,0.6943,-0.223,0.723,0.6858,-0.0829,0.0954,-0.218,-0.9713,0.676,0.226,-0.7014,-0.7316,0.0917,-0.6755,-0.0884,0.9698,0.2273,0.0001,-0.0001,0.0001,0.0,0.0,0.0,-0.0499,-0.0208,-0.1698,26.9015,20.0988,37.9507,0.0,0.0433,-0.3636,0.0,0.0,0.0,3787015.549,3938120.4977,-3941038.3859,3737.5301,2598.0256,6198.7559,3786988.6476,3938100.3989,-3941076.3367,3737.58,2598.0464,6198.9257,0.0,0.0765,3.9732,0.0,0.0,1.0,0.0,1.0,0.0,0.0,1.172,-23.972,0.0,1.0,0.0,0.0,0.0,-1.0,0.1983456578803781,0.010770329614269008,-0.21777999999999997,1.5318536327690322,7.6800979717379,,
327.9372,43.519,-0.156,0.124,39.547,-0.046,0.107,-0.178,-0.01,-0.004,-0.178,-0.01,-0.004,0.754,-0.243,0.48,0.006,-0.005,0.007,0.0,-0.0,0.0,838.869,-0.0,0.0,-0.0,0.0,0.0,0.0,0.0,0.0,-0.6842,0.6943,-0.223,0.723,0.6859,-0.0829,0.0954,-0.218,-0.9713,0.676,0.226,-0.7014,-0.7316,0.0917,-0.6755,-0.0884,0.9698,0.2273,0.0001,-0.0001,0.0001,0.0,0.0,0.0,-0.0499,-0.0208,-0.1698,26.8912,20.0945,37.9156,0.0,0.0433,-0.3636,0.0,0.0,0.0,3787788.2086,3938657.551,-3939756.6328,3736.5091,2596.9639,6199.8181,3787761.3174,3938637.4565,-3939794.5484,3736.559,2596.9847,6199.9879,0.0,0.0765,3.9732,0.0,0.0,1.0,0.0,1.0,0.0,0.0,1.172,-23.972,0.0,1.0,0.0,0.0,0.0,-1.0,0.1992786993132984,0.010770329614269008,-0.21759499999999998,1.5285076120113872,7.673573873451687,,
328.1438,43.482,-0.158,0.124,39.51,-0.048,0.106,-0.178,-0.01,-0.004,-0.178,-0.01,-0.004,0.756,-0.244,0.482,0.006,-0.005,0.007,0.0,-0.0,0.0,838.869,-0.0,0.0,-0.0,0.0,0.0,0.0,0.0,0.0,-0.6842,0.6943,-0.223,0.723,0.6859,-0.0829,0.0954,-0.2179,-0.9713,0.676,0.226,-0.7014,-0.7316,0.0917,-0.6755,-0.0884,0.9698,0.2273,0.0001,-0.0001,0.0001,0.0,0.0,0.0,-0.0499,-0.0208,-0.1698,26.8808,20.0902,37.8803,0.0,0.0433,-0.3636,0.0,0.0,0.0,3788564.0508,3939196.7432,-3938469.0272,3735.4835,2595.8974,6200.8846,3788537.17,3939176.653,-3938506.9076,3735.5334,2595.9182,6201.0545,0.0,0.0765,3.9732,0.0,0.0,1.0,0.0,1.0,0.0,0.0,1.172,-23.972,0.0,1.0,0.0,0.0,0.0,-1.0,0.20084820138602189,0.010770329614269008,-0.21741,1.5269250349440981,7.667049775165474,,
328.3461,43.446,-0.16,0.123,39.474,-0.05,0.105,-0.178,-0.01,-0.004,-0.178,-0.01,-0.004,0.757,-0.245,0.483,0.006,-0.005,0.007,0.0,-0.0,0.0,838.869,-0.0,0.0,-0.0,0.0,0.0,0.0,0.0,0.0,-0.6843,0.6943,-0.223,0.723,0.6859,-0.0828,0.0954,-0.2179,-0.9713,0.676,0.226,-0.7014,-0.7316,0.0917,-0.6755,-0.0884,0.9698,0.2273,0.0001,-0.0001,0.0001,0.0,0.0,0.0,-0.0499,-0.0208,-0.1699,26.8708,20.086,37.8462,0.0,0.0433,-0.3636,0.0,0.0,0.0,3789315.1187,3939718.6479,-3937221.989,3734.4901,2594.8645,6201.9171,3789288.2479,3939698.5619,-3937259.8351,3734.54,2594.8853,6202.0869,0.0,0.0765,3.9732,0.0,0.0,1.0,0.0,1.0,0.0,0.0,1.172,-23.972,0.0,1.0,0.0,0.0,0.0,-1.0,0.2018142710513803,0.010770329614269008,-0.21722999999999998,1.5243061170324042,7.660702003859969,,
328.5463,43.41,-0.162,0.122,39.438,-0.052,0.104,-0.178,-0.01,-0.004,-0.178,-0.01,-0.004,0.758,-0.246,0.484,0.006,-0.005,0.007,0.0,-0.0,0.0,838.869,-0.0,0.0,-0.0,0.0,0.0,0.0,0.0,0.0,-0.6843,0.6943,-0.223,0.723,0.6859,-0.0828,0.0955,-0.2179,-0.9713,0.676,0.226,-0.7014,-0.7316,0.0917,-0.6755,-0.0884,0.9698,0.2273,0.0001,-0.0001,0.0001,0.0,0.0,0.0,-0.0499,-0.0208,-0.1699,26.8607,20.0818,37.812,0.0,0.0433,-0.3636,0.0,0.0,0.0,3790065.6233,3940240.0919,-3935975.3503,3733.497,2593.832,6202.9487,3790038.7626,3940220.0101,-3936013.1623,3733.5469,2593.8529,6203.1185,0.0,0.0765,3.9732,0.0,0.0,1.0,0.0,1.0,0.0,0.0,1.172,-23.972,0.0,1.0,0.0,0.0,0.0,-1.0,0.2028003944769339,0.010770329614269008,-0.21705,1.5216841406428452,7.654354232554464,,
328.7537,43.374,-0.164,0.121,39.401,-0.054,0.103,-0.178,-0.01,-0.004,-0.178,-0.01,-0.004,0.759,-0.247,0.486,0.006,-0.005,0.007,0.0,-0.0,0.0,838.869,-0.0,0.0,-0.0,0.0,0.0,0.0,0.0,0.0,-0.6843,0.6943,-0.223,0.7229,0.6859,-0.0828,0.0955,-0.2179,-0.9713,0.676,0.226,-0.7014,-0.7316,0.0917,-0.6755,-0.0884,0.9698,0.2273,0.0001,-0.0001,0.0001,0.0,0.0,0.0,-0.0499,-0.0208,-0.1699,26.8504,20.0775,37.7769,0.0,0.0433,-0.3636,0.0,0.0,0.0,3790837.7779,3940776.5066,-3934692.1843,3732.4747,2592.7693,6204.01,3790810.9275,3940756.429,-3934729.9612,3732.5247,2592.7902,6204.1799,0.0,0.0765,3.9732,0.0,0.0,1.0,0.0,1.0,0.0,0.0,1.172,-23.972,0.0,1.0,0.0,0.0,0.0,-1.0,0.20380628057054573,0.010770329614269008,-0.21687,1.5186541526311226,7.64800646124896,,
328.9575,43.337,-0.166,0.121,39.365,-0.056,0.103,-0.178,-0.01,-0.004,-0.178,-0.01,-0.004,0.76,-0.248,0.487,0.006,-0.005,0.007,0.0,-0.0,0.0,838.869,-0.0,0.0,-0.0,0.0,0.0,0.0,0.0,0.0,-0.6843,0.6943,-0.223,0.7229,0.6859,-0.0828,0.0955,-0.2178,-0.9713,0.676,0.226,-0.7014,-0.7316,0.0917,-0.6755,-0.0884,0.9698,0.2273,0.0001,-0.0001,0.0001,0.0,0.0,0.0,-0.0499,-0.0208,-0.1699,26.8402,20.0733,37.7421,0.0,0.0433,-0.3636,0.0,0.0,0.0,3791601.1848,3941306.7729,-3933422.9914,3731.4636,2591.7182,6205.0592,3791574.3446,3941286.6996,-3933460.7335,3731.5135,2591.7391,6205.2291,0.0,0.0765,3.9732,0.0,0.0,1.0,0.0,1.0,0.0,0.0,1.172,-23.972,0.0,1.0,0.0,0.0,0.0,-1.0,0.20541908382621124,0.010770329614269008,-0.21668500000000002,1.5163209592724984,7.641482362962747,,
329.1646,43.301,-0.168,0.12,39.328,-0.058,0.102,-0.178,-0.01,-0.004,-0.178,-0.01,-0.004,0.762,-0.249,0.489,0.006,-0.005,0.007,0.0,-0.0,0.0,838.869,-0.0,0.0,-0.0,0.0,0.0,0.0,0.0,0.0,-0.6843,0.6943,-0.223,0.7229,0.686,-0.0827,0.0955,-0.2178,-0.9713,0.676,0.226,-0.7014,-0.7316,0.0917,-0.6755,-0.0884,0.9698,0.2273,0.0001,-0.0001,0.0001,0.0,0.0,0.0,-0.0499,-0.0208,-0.1699,26.8299,20.069,37.7071,0.0,0.0433,-0.3636,0.0,0.0,0.0,3792371.1311,3941841.5089,-3932142.363,3730.4433,2590.6577,6206.1174,3792344.3012,3941821.4398,-3932180.0701,3730.4933,2590.6785,6206.2873,0.0,0.0765,3.9732,0.0,0.0,1.0,0.0,1.0,0.0,0.0,1.172,-23.972,0.0,1.0,0.0,0.0,0.0,-1.0,0.20645580640902306,0.010770329614269008,-0.216505,1.513283276104919,7.635134591657242,,
329.3651,43.265,-0.171,0.119,39.292,-0.06,0.101,-0.178,-0.01,-0.004,-0.178,-0.01,-0.004,0.763,-0.25,0.49,0.006,-0.005,0.007,0.0,-0.0,0.0,838.869,-0.0,0.0,-0.0,0.0,0.0,0.0,0.0,0.0,-0.6843,0.6943,-0.223,0.7229,0.686,-0.0827,0.0955,-0.2178,-0.9713,0.676,0.226,-0.7014,-0.7316,0.0917,-0.6755,-0.0884,0.9698,0.2273,0.0001,-0.0001,0.0001,0.0,0.0,0.0,-0.05,-0.0208,-0.1699,26.8199,20.0648,37.673,0.0,0.0433,-0.3636,0.0,0.0,0.0,3793120.104,3942361.6085,-3930896.0757,3729.4503,2589.6257,6207.1467,3793093.2841,3942341.5437,-3930933.7486,3729.5003,2589.6465,6207.3166,0.0,0.0765,3.9732,0.0,0.0,1.0,0.0,1.0,0.0,0.0,1.172,-23.972,0.0,1.0,0.0,0.0,0.0,-1.0,0.20833146665830393,0.010770329614269008,-0.216325,1.5250091736877363,7.6287868203517375,,
329.5709,43.228,-0.173,0.119,39.256,-0.062,0.1,-0.178,-0.01,-0.004,-0.178,-0.01,-0.004,0.764,-0.251,0.491,0.006,-0.005,0.007,0.0,-0.0,0.0,838.869,-0.0,0.0,-0.0,0.0,0.0,0.0,0.0,0.0,-0.6843,0.6943,-0.223,0.7229,0.686,-0.0827,0.0956,-0.2178,-0.9713,0.676,0.226,-0.7014,-0.7316,0.0917,-0.6755,-0.0884,0.9698,0.2273,0.0001,-0.0001,0.0001,0.0,0.0,0.0,-0.05,-0.0208,-0.1699,26.8096,20.0606,37.638,0.0,0.0433,-0.3636,0.0,0.0,0.0,3793887.0991,3942894.1522,-3929619.2385,3728.433,2588.5683,6208.2007,3793860.2894,3942874.0916,-3929656.8765,3728.483,2588.5892,6208.3706,0.0,0.0765,3.9732,0.0,0.0,1.0,0.0,1.0,0.0,0.0,1.172,-23.972,0.0,1.0,0.0,0.0,0.0,-1.0,0.20997618912629118,0.010770329614269008,-0.21614,1.5240308363523096,7.622262722065524,,
329.7726,43.193,-0.175,0.118,39.22,-0.064,0.099,-0.178,-0.01,-0.004,-0.178,-0.01,-0.004,0.765,-0.252,0.493,0.006,-0.005,0.007,0.0,-0.0,0.0,838.869,-0.0,0.0,-0.0,0.0,0.0,0.0,0.0,0.0,-0.6843,0.6942,-0.223,0.7229,0.686,-0.0826,0.0956,-0.2177,-0.9713,0.676,0.226,-0.7014,-0.7316,0.0917,-0.6755,-0.0884,0.9698,0.2273,0.0001,-0.0001,0.0001,0.0,0.0,0.0,-0.05,-0.0208,-0.1699,26.7996,20.0564,37.604,0.0,0.0433,-0.3636,0.0,0.0,0.0,3794633.7542,3943412.5041,-3928375.7175,3727.4422,2587.5386,6209.2267,3794606.9546,3943392.4477,-3928413.3215,3727.4922,2587.5595,6209.3966,0.0,0.0765,3.9732,0.0,0.0,1.0,0.0,1.0,0.0,0.0,1.172,-23.972,0.0,1.0,0.0,0.0,0.0,-1.0,0.2110663402819123,0.010770329614269008,-0.215965,1.5209943811894036,7.616091277740727,,
329.9726,43.157,-0.177,0.117,39.185,-0.066,0.099,-0.178,-0.01,-0.004,-0.178,-0.01,-0.004,0.767,-0.253,0.494,0.006,-0.005,0.007,0.0,-0.0,0.0,838.869,-0.0,0.0,-0.0,0.0,0.0,0.0,0.0,0.0,-0.6843,0.6942,-0.223,0.7229,0.686,-0.0826,0.0956,-0.2177,-0.9713,0.676,0.226,-0.7014,-0.7316,0.0917,-0.6755,-0.0884,0.9698,0.2273,0.0001,-0.0001,0.0001,0.0,0.0,0.0,-0.05,-0.0208,-0.17,26.7896,20.0522,37.5699,0.0,0.0433,-0.3636,0.0,0.0,0.0,3795380.82,3943931.0724,-3927130.9769,3726.4504,2586.508,6210.2532,3795354.0304,3943911.0202,-3927168.5468,3726.5004,2586.5288,6210.4231,0.0,0.0765,3.9732,0.0,0.0,1.0,0.0,1.0,0.0,0.0,1.172,-23.972,0.0,1.0,0.0,0.0,0.0,-1.0,0.21217445652104308,0.010770329614269008,-0.21578499999999998,1.5173766681194292,7.609743506435223,,
330.1789,43.12,-0.179,0.116,39.148,-0.068,0.098,-0.178,-0.01,-0.004,-0.178,-0.01,-0.004,0.768,-0.254,0.495,0.006,-0.005,0.007,0.0,-0.0,0.0,838.869,-0.0,0.0,-0.0,0.0,0.0,0.0,0.0,0.0,-0.6843,0.6942,-0.223,0.7229,0.686,-0.0826,0.0956,-0.2177,-0.9713,0.676,0.226,-0.7014,-0.7316,0.0917,-0.6755,-0.0884,0.9698,0.2273,0.0001,-0.0001,0.0001,0.0,0.0,0.0,-0.05,-0.0208,-0.17,26.7792,20.0479,37.5346,0.0,0.0433,-0.3636,0.0,0.0,0.0,3796154.0927,3944467.7596,-3925842.0064,3725.4233,2585.4407,6211.3156,3796127.3135,3944447.7117,-3925879.541,3725.4733,2585.4615,6211.4856,0.0,0.0765,3.9732,0.0,0.0,1.0,0.0,1.0,0.0,0.0,1.172,-23.972,0.0,1.0,0.0,0.0,0.0,-1.0,0.21330025785263365,0.010770329614269008,-0.21559999999999999,1.5147238794670683,7.603219408149009,,
330.3852,43.083,-0.181,0.116,39.111,-0.07,0.097,-0.178,-0.01,-0.004,-0.178,-0.01,-0.004,0.769,-0.255,0.497,0.006,-0.005,0.007,0.0,-0.0,0.0,838.869,-0.0,0.0,-0.0,0.0,0.0,0.0,0.0,0.0,-0.6844,0.6942,-0.223,0.7228,0.6861,-0.0826,0.0957,-0.2177,-0.9713,0.676,0.226,-0.7014,-0.7316,0.0917,-0.6755,-0.0884,0.9698,0.2273,0.0001,-0.0001,0.0001,0.0,0.0,0.0,-0.05,-0.0208,-0.17,26.7689,20.0436,37.4996,0.0,0.0433,-0.3636,0.0,0.0,0.0,3796920.188,3944999.393,-3924564.4297,3724.4052,2584.3829,6212.3682,3796893.4191,3944979.3493,-3924601.9294,3724.4552,2584.4038,6212.5382,0.0,0.0765,3.9732,0.0,0.0,1.0,0.0,1.0,0.0,0.0,1.172,-23.972,0.0,1.0,0.0,0.0,0.0,-1.0,0.214981394543807,0.010770329614269008,-0.215415,1.5133657569542556,7.596695309862796,,
330.5909,43.047,-0.183,0.115,39.074,-0.072,0.096,-0.178,-0.01,-0.004,-0.178,-0.01,-0.004,0.77,-0.256,0.498,0.006,-0.005,0.007,0.0,-0.0,0.0,838.869,-0.0,0.0,-0.0,0.0,0.0,0.0,0.0,0.0,-0.6844,0.6942,-0.223,0.7228,0.6861,-0.0825,0.0957,-0.2176,-0.9713,0.676,0.226,-0.7014,-0.7316,0.0917,-0.6755,-0.0884,0.9698,0.2273,0.0001,-0.0001,0.0001,0.0,0.0,0.0,-0.05,-0.0208,-0.17,26.7586,20.0394,37.4646,0.0,0.0433,-0.3636,0.0,0.0,0.0,3797688.1601,3945532.2557,-3923283.1593,3723.3842,2583.3221,6213.4233,3797661.4015,3945512.2164,-3923320.6239,3723.4342,2583.3429,6213.5933,0.0,0.0765,3.9732,0.0,0.0,1.0,0.0,1.0,0.0,0.0,1.172,-23.972,0.0,1.0,0.0,0.0,0.0,-1.0,0.2161342175593675,0.010770329614269008,-0.21523499999999998,1.5103131848810447,7.590347538557292,,
330.7914,43.011,-0.185,0.114,39.039,-0.074,0.095,-0.178,-0.01,-0.004,-0.178,-0.01,-0.004,0.771,-0.257,0.499,0.006,-0.005,0.007,0.0,-0.0,0.0,838.869,-0.0,0.0,-0.0,0.0,0.0,0.0,0.0,0.0,-0.6844,0.6942,-0.223,0.7228,0.6861,-0.0825,0.0957,-0.2176,-0.9713,0.676,0.226,-0.7014,-0.7316,0.0917,-0.6755,-0.0884,0.9698,0.2273,0.0001,-0.0001,0.0001,0.0,0.0,0.0,-0.05,-0.0208,-0.17,26.7486,20.0352,37.4305,0.0,0.0433,-0.3636,0.0,0.0,0.0,3798435.2305,3946050.5464,-3922036.2112,3722.3905,2582.2897,6214.4496,3798408.4819,3946030.5112,-3922073.6417,3722.4405,2582.3106,6214.6196,0.0,0.0765,3.9732,0.0,0.0,1.0,0.0,1.0,0.0,0.0,1.172,-23.972,0.0,1.0,0.0,0.0,0.0,-1.0,0.21730393461693231,0.010770329614269008,-0.21505500000000002,1.5080776192469116,7.583999767251788,,
330.9972,42.974,-0.188,0.114,39.002,-0.076,0.095,-0.178,-0.01,-0.004,-0.178,-0.01,-0.004,0.773,-0.258,0.501,0.006,-0.005,0.007,0.0,-0.0,0.0,838.869,-0.0,0.0,-0.0,0.0,0.0,0.0,0.0,0.0,-0.6844,0.6942,-0.223,0.7228,0.6861,-0.0825,0.0957,-0.2176,-0.9713,0.676,0.226,-0.7014,-0.7316,0.0917,-0.6755,-0.0884,0.9698,0.2273,0.0001,-0.0001,0.0001,0.0,0.0,0.0,-0.05,-0.0209,-0.17,26.7383,20.0309,37.3953,0.0,0.0433,-0.3636,0.0,0.0,0.0,3799204.7328,3946584.3274,-3920751.2589,3721.3665,2581.226,6215.5066,3799177.9945,3946564.2965,-3920788.6542,3721.4165,2581.2468,6215.6767,0.0,0.0765,3.9732,0.0,0.0,1.0,0.0,1.0,0.0,0.0,1.172,-23.972,0.0,1.0,0.0,0.0,0.0,-1.0,0.21986359407596337,0.010770329614269008,-0.21486999999999998,1.519641198087117,7.577475668965573,,
331.2046,42.937,-0.19,0.113,38.965,-0.078,0.094,-0.178,-0.01,-0.004,-0.178,-0.01,-0.004,0.774,-0.259,0.502,0.006,-0.005,0.007,0.0,-0.0,0.0,838.869,-0.0,0.0,-0.0,0.0,0.0,0.0,0.0,0.0,-0.6844,0.6942,-0.2229,0.7228,0.6861,-0.0824,0.0957,-0.2176,-0.9713,0.676,0.226,-0.7014,-0.7316,0.0917,-0.6755,-0.0884,0.9698,0.2273,0.0001,-0.0001,0.0001,0.0,0.0,0.0,-0.05,-0.0209,-0.17,26.728,20.0266,37.3604,0.0,0.0433,-0.3636,0.0,0.0,0.0,3799969.321,3947114.6272,-3919473.9466,3720.3485,2580.1685,6216.5569,3799942.593,3947094.6006,-3919511.3069,3720.3985,2580.1894,6216.7269,0.0,0.0765,3.9732,0.0,0.0,1.0,0.0,1.0,0.0,0.0,1.172,-23.972,0.0,1.0,0.0,0.0,0.0,-1.0,0.22106333933965625,0.010770329614269008,-0.214685,1.5169839865025465,7.570951570679361,,
331.4048,42.902,-0.192,0.112,38.929,-0.08,0.093,-0.178,-0.01,-0.004,-0.178,-0.01,-0.004,0.775,-0.26,0.503,0.006,-0.005,0.007,0.0,-0.0,0.0,838.869,-0.0,0.0,-0.0,0.0,0.0,0.0,0.0,0.0,-0.6844,0.6942,-0.2229,0.7228,0.6862,-0.0824,0.0958,-0.2175,-0.9713,0.676,0.226,-0.7014,-0.7316,0.0917,-0.6755,-0.0884,0.9698,0.2273,0.0001,-0.0001,0.0001,0.0,0.0,0.0,-0.05,-0.0209,-0.17,26.718,20.0224,37.3263,0.0,0.0433,-0.3636,0.0,0.0,0.0,3800715.6346,3947632.1828,-3918226.6153,3719.3544,2579.136,6217.582,3800688.9167,3947612.1604,-3918263.9415,3719.4044,2579.1568,6217.7521,0.0,0.0765,3.9732,0.0,0.0,1.0,0.0,1.0,0.0,0.0,1.172,-23.972,0.0,1.0,0.0,0.0,0.0,-1.0,0.22227910383119687,0.010770329614269008,-0.21451,1.5139153507771845,7.564780126354565,,
331.6051,42.866,-0.194,0.111,38.894,-0.082,0.092,-0.178,-0.01,-0.004,-0.178,-0.01,-0.004,0.776,-0.261,0.505,0.006,-0.005,0.007,0.0,-0.0,0.0,838.869,-0.0,0.0,-0.0,0.0,0.0,0.0,0.0,0.0,-0.6844,0.6942,-0.2229,0.7228,0.6862,-0.0824,0.0958,-0.2175,-0.9713,0.676,0.226,-0.7014,-0.7316,0.0917,-0.6755,-0.0884,0.9698,0.2273,0.0001,-0.0001,0.0001,0.0,0.0,0.0,-0.05,-0.0209,-0.1701,26.7079,20.0183,37.2922,0.0,0.0433,-0.3636,0.0,0.0,0.0,3801459.4595,3948147.9437,-3916982.9097,3718.3631,2578.1064,6218.6037,3801432.7516,3948127.9254,-3917020.2019,3718.4131,2578.1273,6218.7737,0.0,0.0765,3.9732,0.0,0.0,1.0,0.0,1.0,0.0,0.0,1.172,-23.972,0.0,1.0,0.0,0.0,0.0,-1.0,0.2235106261456041,0.010770329614269008,-0.21433,1.51166882046348,7.558432355049059,,
331.8053,42.83,-0.196,0.111,38.858,-0.084,0.091,-0.178,-0.01,-0.004,-0.178,-0.01,-0.004,0.777,-0.262,0.506,0.006,-0.005,0.007,0.0,-0.0,0.0,838.869,-0.0,0.0,-0.0,0.0,0.0,0.0,0.0,0.0,-0.6844,0.6942,-0.2229,0.7228,0.6862,-0.0823,0.0958,-0.2175,-0.9713,0.676,0.226,-0.7014,-0.7316,0.0917,-0.6755,-0.0884,0.9698,0.2273,0.0001,-0.0001,0.0001,0.0,0.0,0.0,-0.05,-0.0209,-0.1701,26.6979,20.0141,37.2581,0.0,0.0433,-0.3636,0.0,0.0,0.0,3802205.8393,3948665.4075,-3915734.3918,3717.368,2577.0729,6219.6288,3802179.1414,3948645.3934,-3915771.6499,3717.418,2577.0938,6219.7988,0.0,0.0765,3.9732,0.0,0.0,1.0,0.0,1.0,0.0,0.0,1.172,-23.972,0.0,1.0,0.0,0.0,0.0,-1.0,0.2252487513838867,0.010770329614269008,-0.21414999999999998,1.5105135371192009,7.552084583743555,,
332.0102,42.794,-0.198,0.11,38.821,-0.087,0.091,-0.178,-0.01,-0.004,-0.178,-0.01,-0.004,0.779,-0.263,0.507,0.006,-0.005,0.007,0.0,-0.0,0.0,838.869,-0.0,0.0,-0.0,0.0,0.0,0.0,0.0,0.0,-0.6844,0.6941,-0.2229,0.7227,0.6862,-0.0823,0.0958,-0.2175,-0.9714,0.676,0.226,-0.7014,-0.7316,0.0917,-0.6755,-0.0884,0.9698,0.2273,0.0001,-0.0001,0.0001,0.0,0.0,0.0,-0.05,-0.0209,-0.1701,26.6877,20.0098,37.2232,0.0,0.0433,-0.3636,0.0,0.0,0.0,3802968.7711,3949194.2749,-3914457.6315,3716.3504,2576.0161,6220.6765,3802942.0834,3949174.2651,-3914494.8547,3716.4004,2576.037,6220.8466,0.0,0.0765,3.9732,0.0,0.0,1.0,0.0,1.0,0.0,0.0,1.172,-23.972,0.0,1.0,0.0,0.0,0.0,-1.0,0.22650386310171403,0.010770329614269008,-0.21397,1.4901039910550715,7.54573681243805,,
332.2105,42.758,-0.2,0.109,38.786,-0.089,0.09,-0.178,-0.01,-0.004,-0.178,-0.01,-0.004,0.78,-0.264,0.509,0.006,-0.005,0.007,0.0,-0.0,0.0,838.869,-0.0,0.0,-0.0,0.0,0.0,0.0,0.0,0.0,-0.6845,0.6941,-0.2229,0.7227,0.6862,-0.0823,0.0959,-0.2174,-0.9714,0.676,0.226,-0.7014,-0.7316,0.0917,-0.6755,-0.0884,0.9698,0.2273,0.0001,-0.0001,0.0001,0.0,0.0,0.0,-0.05,-0.0209,-0.1701,26.6776,20.0057,37.1892,0.0,0.0433,-0.3636,0.0,0.0,0.0,3803712.1183,3949709.4972,-3913213.1,3715.3583,2574.986,6221.6974,3803685.4407,3949689.4916,-3913250.2891,3715.4084,2575.0069,6221.8675,0.0,0.0765,3.9732,0.0,0.0,1.0,0.0,1.0,0.0,0.0,1.172,-23.972,0.0,1.0,0.0,0.0,0.0,-1.0,0.22777401080895954,0.010770329614269008,-0.21379,1.4878441929743729,7.539389041132546,,
332.4171,42.721,-0.202,0.109,38.749,-0.091,0.089,-0.178,-0.01,-0.004,-0.178,-0.01,-0.004,0.781,-0.266,0.51,0.006,-0.005,0.007,0.0,-0.0,0.0,838.869,-0.0,0.0,-0.0,0.0,0.0,0.0,0.0,0.0,-0.6845,0.6941,-0.2229,0.7227,0.6862,-0.0823,0.0959,-0.2174,-0.9714,0.676,0.226,-0.7014,-0.7316,0.0917,-0.6755,-0.0884,0.9698,0.2273,0.0001,-0.0001,0.0001,0.0,0.0,0.0,-0.05,-0.0209,-0.1701,26.6674,20.0014,37.1541,0.0,0.0433,-0.3636,0.0,0.0,0.0,3804478.2853,3950240.4647,-3911929.7992,3714.3354,2573.9238,6222.7495,3804451.6179,3950220.4633,-3911966.9533,3714.3854,2573.9447,6222.9196,0.0,0.0765,3.9732,0.0,0.0,1.0,0.0,1.0,0.0,0.0,1.172,-23.972,0.0,1.0,0.0,0.0,0.0,-1.0,0.22953213282675697,0.010770329614269008,-0.213605,1.486723217611381,7.532864942846332,,
332.6172,42.686,-0.205,0.108,38.713,-0.093,0.088,-0.178,-0.01,-0.004,-0.178,-0.01,-0.004,0.782,-0.267,0.511,0.006,-0.005,0.007,0.0,-0.0,0.0,838.869,-0.0,0.0,-0.0,0.0,0.0,0.0,0.0,0.0,-0.6845,0.6941,-0.2229,0.7227,0.6863,-0.0822,0.0959,-0.2174,-0.9714,0.676,0.226,-0.7014,-0.7316,0.0917,-0.6755,-0.0884,0.9698,0.2273,0.0001,-0.0001,0.0001,0.0,0.0,0.0,-0.05,-0.0209,-0.1701,26.6574,19.9972,37.1201,0.0,0.0433,-0.3636,0.0,0.0,0.0,3805219.7116,3950754.2166,-3910687.3985,3713.345,2572.8955,6223.7676,3805193.0543,3950734.2194,-3910724.5186,3713.3951,2572.9164,6223.9377,0.0,0.0765,3.9732,0.0,0.0,1.0,0.0,1.0,0.0,0.0,1.172,-23.972,0.0,1.0,0.0,0.0,0.0,-1.0,0.23170886905770352,0.010770329614269008,-0.21343,1.4979703835521914,7.526693498521536,,
332.8191,42.65,-0.207,0.107,38.677,-0.095,0.088,-0.178,-0.01,-0.004,-0.178,-0.01,-0.004,0.784,-0.268,0.513,0.006,-0.005,0.007,0.0,-0.0,0.0,838.869,-0.0,0.0,-0.0,0.0,0.0,0.0,0.0,0.0,-0.6845,0.6941,-0.2229,0.7227,0.6863,-0.0822,0.0959,-0.2174,-0.9714,0.676,0.226,-0.7014,-0.7316,0.0917,-0.6755,-0.0884,0.9698,0.2273,0.0001,-0.0001,0.0001,0.0,0.0,0.0,-0.05,-0.0209,-0.1701,26.6472,19.993,37.0857,0.0,0.0433,-0.3636,0.0,0.0,0.0,3805970.9,3951274.6635,-3909428.0914,3712.3411,2571.8533,6224.799,3805944.2527,3951254.6705,-3909465.177,3712.3912,2571.8742,6224.9691,0.0,0.0765,3.9732,0.0,0.0,1.0,0.0,1.0,0.0,0.0,1.172,-23.972,0.0,1.0,0.0,0.0,0.0,-1.0,0.23301931250435015,0.010770329614269008,-0.21325,1.4935933423253258,7.520345727216031,,
333.0261,42.613,-0.209,0.106,38.64,-0.097,0.087,-0.178,-0.01,-0.004,-0.178,-0.01,-0.004,0.785,-0.269,0.514,0.006,-0.005,0.007,0.0,-0.0,0.0,838.869,-0.0,0.0,-0.0,0.0,0.0,0.0,0.0,0.0,-0.6845,0.6941,-0.2229,0.7227,0.6863,-0.0822,0.0959,-0.2173,-0.9714,0.676,0.226,-0.7014,-0.7316,0.0917,-0.6755,-0.0884,0.9698,0.2273,0.0001,-0.0001,0.0001,0.0,0.0,0.0,-0.05,-0.0209,-0.1701,26.6368,19.9887,37.0504,0.0,0.0433,-0.3636,0.0,0.0,0.0,3806741.0617,3951808.1826,-3908136.4093,3711.3114,2570.7843,6225.8564,3806714.4249,3951788.1939,-3908173.4597,3711.3615,2570.8052,6226.0266,0.0,0.0765,3.9732,0.0,0.0,1.0,0.0,1.0,0.0,0.0,1.172,-23.972,0.0,1.0,0.0,0.0,0.0,-1.0,0.23434376458527756,0.010770329614269008,-0.213065,1.490904406966894,7.513821628929818,,
333.2311,42.576,-0.211,0.106,38.604,-0.099,0.086,-0.178,-0.01,-0.004,-0.178,-0.01,-0.004,0.786,-0.27,0.516,0.006,-0.005,0.007,0.0,-0.0,0.0,838.869,-0.0,0.0,-0.0,0.0,0.0,0.0,0.0,0.0,-0.6845,0.6941,-0.2229,0.7227,0.6863,-0.0821,0.096,-0.2173,-0.9714,0.676,0.226,-0.7014,-0.7316,0.0917,-0.6755,-0.0884,0.9698,0.2273,0.0001,-0.0001,0.0001,0.0,0.0,0.0,-0.05,-0.0209,-0.1702,26.6266,19.9844,37.0155,0.0,0.0433,-0.3636,0.0,0.0,0.0,3807501.7797,3952335.0877,-3906859.9945,3710.2938,2569.728,6226.9008,3807475.1531,3952315.1033,-3906897.01,3710.3439,2569.7488,6227.071,0.0,0.0765,3.9732,0.0,0.0,1.0,0.0,1.0,0.0,0.0,1.172,-23.972,0.0,1.0,0.0,0.0,0.0,-1.0,0.23612920192132103,0.010770329614269008,-0.21288,1.4902146592166998,7.507297530643605,,
333.4338,42.54,-0.213,0.105,38.568,-0.101,0.085,-0.178,-0.01,-0.004,-0.178,-0.01,-0.004,0.787,-0.271,0.517,0.006,-0.005,0.007,0.0,-0.0,0.0,838.869,-0.0,0.0,-0.0,0.0,0.0,0.0,0.0,0.0,-0.6845,0.6941,-0.2229,0.7226,0.6863,-0.0821,0.096,-0.2173,-0.9714,0.676,0.226,-0.7014,-0.7316,0.0917,-0.6755,-0.0884,0.9698,0.2273,0.0001,-0.0001,0.0001,0.0,0.0,0.0,-0.0501,-0.0209,-0.1702,26.6165,19.9802,36.9812,0.0,0.0433,-0.3636,0.0,0.0,0.0,3808249.2667,3952852.7576,-3905605.235,3709.2935,2568.6896,6227.927,3808222.6501,3952832.7774,-3905642.2162,3709.3435,2568.7105,6228.0972,0.0,0.0765,3.9732,0.0,0.0,1.0,0.0,1.0,0.0,0.0,1.172,-23.972,0.0,1.0,0.0,0.0,0.0,-1.0,0.23747420912595962,0.010770329614269008,-0.2127,1.487538239371642,7.5009497593381,,
333.6359,42.504,-0.215,0.104,38.532,-0.103,0.084,-0.178,-0.01,-0.004,-0.178,-0.01,-0.004,0.788,-0.272,0.518,0.006,-0.005,0.007,0.0,-0.0,0.0,838.869,-0.0,0.0,-0.0,0.0,0.0,0.0,0.0,0.0,-0.6845,0.6941,-0.2229,0.7226,0.6863,-0.0821,0.096,-0.2173,-0.9714,0.676,0.226,-0.7014,-0.7316,0.0917,-0.6755,-0.0884,0.9698,0.2273,0.0001,-0.0001,0.0001,0.0,0.0,0.0,-0.0501,-0.0209,-0.1702,26.6064,19.976,36.9467,0.0,0.0433,-0.3636,0.0,0.0,0.0,3809001.5808,3953373.7005,-3904341.8196,3708.2862,2567.6441,6228.9598,3808974.9744,3953353.7245,-3904378.7663,3708.3362,2567.665,6229.13,0.0,0.0765,3.9732,0.0,0.0,1.0,0.0,1.0,0.0,0.0,1.172,-23.972,0.0,1.0,0.0,0.0,0.0,-1.0,0.23883257734237176,0.010770329614269008,-0.21252,1.4848589222949717,7.494601988032595,,
333.8369,42.468,-0.217,0.104,38.496,-0.105,0.084,-0.178,-0.01,-0.004,-0.178,-0.01,-0.004,0.79,-0.273,0.52,0.006,-0.005,0.007,0.0,-0.0,0.0,838.869,-0.0,0.0,-0.0,0.0,0.0,0.0,0.0,0.0,-0.6845,0.6941,-0.2229,0.7226,0.6864,-0.0821,0.096,-0.2172,-0.9714,0.676,0.226,-0.7014,-0.7316,0.0917,-0.6755,-0.0884,0.9698,0.2273,0.0001,-0.0001,0.0001,0.0,0.0,0.0,-0.0501,-0.0209,-0.1702,26.5963,19.9718,36.9125,0.0,0.0433,-0.3636,0.0,0.0,0.0,3809746.1313,3953889.198,-3903090.8973,3707.2888,2566.6089,6229.9819,3809719.5349,3953869.2262,-3903127.8098,3707.3389,2566.6298,6230.1521,0.0,0.0765,3.9732,0.0,0.0,1.0,0.0,1.0,0.0,0.0,1.172,-23.972,0.0,1.0,0.0,0.0,0.0,-1.0,0.24063457773146402,0.010770329614269008,-0.21234000000000003,1.4820160272808356,7.488254216727091,,
334.0387,42.432,-0.219,0.103,38.46,-0.107,0.083,-0.178,-0.01,-0.004,-0.178,-0.01,-0.004,0.791,-0.274,0.521,0.006,-0.005,0.007,0.0,-0.0,0.0,838.869,-0.0,0.0,-0.0,0.0,0.0,0.0,0.0,0.0,-0.6846,0.6941,-0.2229,0.7226,0.6864,-0.082,0.0961,-0.2172,-0.9714,0.676,0.226,-0.7014,-0.7316,0.0917,-0.6755,-0.0884,0.9698,0.2273,0.0001,-0.0001,0.0001,0.0,0.0,0.0,-0.0501,-0.0209,-0.1702,26.5862,19.9676,36.8781,0.0,0.0433,-0.3636,0.0,0.0,0.0,3810494.7356,3954407.4321,-3901832.6197,3706.2856,2565.5678,6231.0094,3810468.1494,3954387.4645,-3901869.4979,3706.3356,2565.5887,6231.1796,0.0,0.0765,3.9732,0.0,0.0,1.0,0.0,1.0,0.0,0.0,1.172,-23.972,0.0,1.0,0.0,0.0,0.0,-1.0,0.24201239637671454,0.010770329614269008,-0.21216000000000002,1.4793293330880635,7.481906445421586,,
334.24,42.396,-0.222,0.102,38.424,-0.109,0.082,-0.178,-0.01,-0.004,-0.178,-0.01,-0.004,0.792,-0.275,0.522,0.006,-0.005,0.007,0.0,-0.0,0.0,838.869,-0.0,0.0,-0.0,0.0,0.0,0.0,0.0,0.0,-0.6846,0.694,-0.2229,0.7226,0.6864,-0.082,0.0961,-0.2172,-0.9714,0.676,0.226,-0.7014,-0.7316,0.0917,-0.6755,-0.0884,0.9698,0.2273,0.0001,-0.0001,0.0001,0.0,0.0,0.0,-0.0501,-0.0209,-0.1702,26.5761,19.9634,36.8438,0.0,0.0433,-0.3636,0.0,0.0,0.0,3811242.005,3954924.6725,-3900576.0377,3705.2836,2564.528,6232.0351,3811215.4289,3954904.7091,-3900612.8815,3705.3337,2564.5489,6232.2053,0.0,0.0765,3.9732,0.0,0.0,1.0,0.0,1.0,0.0,0.0,1.172,-23.972,0.0,1.0,0.0,0.0,0.0,-1.0,0.24431127685802798,0.010770329614269008,-0.21198,1.49095073860879,7.4755586741160815,,
334.4474,42.359,-0.224,0.101,38.387,-0.111,0.081,-0.178,-0.01,-0.004,-0.178,-0.01,-0.004,0.793,-0.276,0.524,0.006,-0.005,0.007,0.0,-0.0,0.0,838.869,-0.0,0.0,-0.0,0.0,0.0,0.0,0.0,0.0,-0.6846,0.694,-0.2229,0.7226,0.6864,-0.082,0.0961,-0.2172,-0.9714,0.676,0.226,-0.7014,-0.7316,0.0917,-0.6755,-0.0884,0.9698,0.2273,0.0001,-0.0001,0.0001,0.0,0.0,0.0,-0.0501,-0.0209,-0.1702,26.5657,19.9591,36.8086,0.0,0.0433,-0.3636,0.0,0.0,0.0,3812008.3293,3955455.0299,-3899286.8432,3704.2557,2563.4613,6233.0869,3811981.7635,3955435.0709,-3899323.6518,3704.3057,2563.4822,6233.2571,0.0,0.0765,3.9732,0.0,0.0,1.0,0.0,1.0,0.0,0.0,1.172,-23.972,0.0,1.0,0.0,0.0,0.0,-1.0,0.24571731725704643,0.010770329614269008,-0.211795,1.4882524896272307,7.469034575829868,,
334.6476,42.324,-0.226,0.101,38.351,-0.113,0.08,-0.178,-0.011,-0.004,-0.178,-0.01,-0.004,0.794,-0.277,0.525,0.006,-0.005,0.007,0.0,-0.0,0.0,838.869,-0.0,0.0,-0.0,0.0,0.0,0.0,0.0,0.0,-0.6846,0.694,-0.2229,0.7226,0.6864,-0.0819,0.0961,-0.2171,-0.9714,0.676,0.226,-0.7014,-0.7316,0.0917,-0.6755,-0.0884,0.9698,0.2273,0.0001,-0.0001,0.0001,0.0,0.0,0.0,-0.0501,-0.0209,-0.1702,26.5557,19.9549,36.7744,0.0,0.0433,-0.3636,0.0,0.0,0.0,3812752.2684,3955969.8243,-3898034.7604,3703.2572,2562.4254,6234.1079,3812725.7127,3955949.8694,-3898071.5348,3703.3073,2562.4463,6234.2782,0.0,0.0765,3.9732,0.0,0.0,1.0,0.0,1.0,0.0,0.0,1.172,-23.972,0.0,1.0,0.0,0.0,0.0,-1.0,0.24754191564258365,0.011704699910719625,-0.21162,1.4869421942719911,7.462863131505071,,
334.8542,42.287,-0.228,0.1,38.315,-0.115,0.08,-0.178,-0.011,-0.004,-0.178,-0.01,-0.004,0.796,-0.278,0.526,0.006,-0.005,0.007,0.0,-0.0,0.0,838.869,-0.0,0.0,-0.0,0.0,0.0,0.0,0.0,0.0,-0.6846,0.694,-0.2229,0.7226,0.6864,-0.0819,0.0961,-0.2171,-0.9714,0.676,0.226,-0.7014,-0.7316,0.0917,-0.6755,-0.0884,0.9698,0.2273,0.0001,-0.0001,0.0001,0.0,0.0,0.0,-0.0501,-0.0209,-0.1703,26.5454,19.9506,36.7392,0.0,0.0433,-0.3636,0.0,0.0,0.0,3813517.0625,3956498.9776,-3896747.0124,3702.2304,2561.36,6235.1575,3813490.5171,3956479.027,-3896783.7516,3702.2804,2561.3809,6235.3278,0.0,0.0765,3.9732,0.0,0.0,1.0,0.0,1.0,0.0,0.0,1.172,-23.972,0.0,1.0,0.0,0.0,0.0,-1.0,0.24896586111352698,0.011704699910719625,-0.21143499999999998,1.482689067921037,7.456339033218859,,
335.0608,42.25,-0.23,0.099,38.278,-0.117,0.079,-0.178,-0.011,-0.004,-0.178,-0.01,-0.004,0.797,-0.279,0.528,0.006,-0.005,0.007,0.0,-0.0,0.0,838.869,-0.0,0.0,-0.0,0.0,0.0,0.0,0.0,0.0,-0.6846,0.694,-0.2229,0.7225,0.6865,-0.0819,0.0962,-0.2171,-0.9714,0.676,0.226,-0.7014,-0.7316,0.0917,-0.6755,-0.0884,0.9698,0.2273,0.0001,-0.0001,0.0001,0.0,0.0,0.0,-0.0501,-0.0209,-0.1703,26.535,19.9463,36.7041,0.0,0.0433,-0.3636,0.0,0.0,0.0,3814280.3803,3957027.0368,-3895461.1747,3701.205,2560.2961,6236.205,3814253.8452,3957007.0905,-3895497.8788,3701.255,2560.3171,6236.3753,0.0,0.0765,3.9732,0.0,0.0,1.0,0.0,1.0,0.0,0.0,1.172,-23.972,0.0,1.0,0.0,0.0,0.0,-1.0,0.2504016773106762,0.011704699910719625,-0.21125,1.4799802156793094,7.449814934932645,,
335.2626,42.214,-0.232,0.098,38.242,-0.119,0.078,-0.178,-0.011,-0.004,-0.178,-0.01,-0.004,0.798,-0.28,0.529,0.006,-0.005,0.007,0.0,-0.0,0.0,838.869,-0.0,0.0,-0.0,0.0,0.0,0.0,0.0,0.0,-0.6846,0.694,-0.2229,0.7225,0.6865,-0.0819,0.0962,-0.2171,-0.9714,0.676,0.226,-0.7014,-0.7316,0.0917,-0.6755,-0.0884,0.9698,0.2273,0.0001,-0.0001,0.0001,0.0,0.0,0.0,-0.0501,-0.0209,-0.1703,26.5249,19.942,36.6697,0.0,0.0433,-0.3636,0.0,0.0,0.0,3815029.596,3957545.2689,-3894198.5375,3700.198,2559.2516,6237.2331,3815003.0711,3957525.3268,-3894235.2071,3700.2481,2559.2725,6237.4034,0.0,0.0765,3.9732,0.0,0.0,1.0,0.0,1.0,0.0,0.0,1.172,-23.972,0.0,1.0,0.0,0.0,0.0,-1.0,0.2518491612056709,0.011704699910719625,-0.21106999999999998,1.4772725325586986,7.44346716362714,,
335.4685,42.178,-0.234,0.098,38.206,-0.121,0.077,-0.171,-0.01,-0.004,-0.171,-0.01,-0.004,0.799,-0.281,0.53,0.006,-0.005,0.007,0.0,-0.0,0.0,838.847,-0.0,0.0,1.0,0.0,0.0,0.0,0.0,0.0,-0.6846,0.694,-0.2229,0.7225,0.6865,-0.0818,0.0962,-0.217,-0.9714,0.676,0.226,-0.7014,-0.7316,0.0917,-0.6755,-0.0884,0.9698,0.2273,0.0001,-0.0001,0.0001,0.0,0.0,0.0,-0.0483,-0.0202,-0.163,26.5148,19.9378,36.6352,0.0,0.0433,-0.3636,0.0,0.0,0.0,3815793.3221,3958073.4651,-3892910.8781,3699.1729,2558.187,6238.2883,3815766.8073,3958053.5273,-3892947.5133,3699.2212,2558.2072,6238.4513,0.0,0.0765,3.9732,0.0,0.0,1.0,0.0,1.0,0.0,0.0,1.172,-23.972,0.0,1.0,0.0,0.0,0.0,-1.0,0.25369272752682526,0.010770329614269008,-0.21089,1.4764153208911759,7.437119392321636,,
335.672,42.144,-0.237,0.097,38.171,-0.123,0.076,-0.169,-0.01,-0.003,-0.169,-0.01,-0.004,0.801,-0.282,0.532,0.006,-0.005,0.006,0.0,-0.0,0.0,838.842,-0.0,0.0,-0.0,0.0,0.0,0.0,0.0,0.0,-0.6846,0.694,-0.2229,0.7225,0.6865,-0.0818,0.0962,-0.217,-0.9714,0.676,0.226,-0.7014,-0.7316,0.0917,-0.6755,-0.0884,0.9698,0.2273,0.0001,-0.0001,0.0001,0.0,0.0,0.0,-0.048,-0.0201,-0.1615,26.5051,19.9338,36.6026,0.0,0.0433,-0.3636,0.0,0.0,0.0,3816539.8263,3958589.6796,-3891651.7,3698.169,2557.1455,6239.3141,3816513.3212,3958569.7459,-3891688.3026,3698.217,2557.1656,6239.4756,0.0,0.0765,3.9732,0.0,0.0,1.0,0.0,1.0,0.0,0.0,1.172,-23.972,0.0,1.0,0.0,0.0,0.0,-1.0,0.25608201811138553,0.01044030650891055,-0.21072,1.487585250145964,7.431124274977548,,
335.8737,42.109,-0.239,0.096,38.137,-0.125,0.076,-0.169,-0.01,-0.003,-0.169,-0.01,-0.004,0.802,-0.283,0.533,0.006,-0.005,0.006,0.0,-0.0,0.0,838.842,-0.0,0.0,-0.0,0.0,0.0,0.0,0.0,0.0,-0.6847,0.694,-0.2228,0.7225,0.6865,-0.0818,0.0962,-0.217,-0.9714,0.676,0.226,-0.7014,-0.7316,0.0917,-0.6755,-0.0884,0.9698,0.2273,0.0001,-0.0001,0.0001,0.0,0.0,0.0,-0.048,-0.0201,-0.1615,26.4953,19.9297,36.5698,0.0,0.0433,-0.3636,0.0,0.0,0.0,3817289.8343,3959108.2467,-3890386.0577,3697.1596,2556.0986,6240.3431,3817263.339,3959088.317,-3890422.6276,3697.2076,2556.1186,6240.5046,0.0,0.0765,3.9732,0.0,0.0,1.0,0.0,1.0,0.0,0.0,1.172,-23.972,0.0,1.0,0.0,0.0,0.0,-1.0,0.2575597018168797,0.01044030650891055,-0.210545,1.48327325770487,7.424952830652752,,
336.076,42.075,-0.241,0.096,38.103,-0.127,0.075,-0.169,-0.01,-0.003,-0.169,-0.01,-0.004,0.803,-0.284,0.534,0.006,-0.005,0.006,0.0,-0.0,0.0,838.842,-0.0,0.0,-0.0,0.0,0.0,0.0,0.0,0.0,-0.6847,0.694,-0.2228,0.7225,0.6865,-0.0817,0.0963,-0.217,-0.9714,0.676,0.226,-0.7014,-0.7316,0.0917,-0.6755,-0.0884,0.9698,0.2273,0.0001,-0.0001,0.0001,0.0,0.0,0.0,-0.048,-0.0201,-0.1615,26.4856,19.9256,36.5372,0.0,0.0433,-0.3636,0.0,0.0,0.0,3818037.5955,3959625.1898,-3889123.6552,3696.1527,2555.0543,6241.369,3818011.1099,3959605.2641,-3889160.1923,3696.2007,2555.0744,6241.5305,0.0,0.0765,3.9732,0.0,0.0,1.0,0.0,1.0,0.0,0.0,1.172,-23.972,0.0,1.0,0.0,0.0,0.0,-1.0,0.25941665328193564,0.01044030650891055,-0.210375,1.482429655217259,7.418957713308664,,
336.2765,42.041,-0.243,0.095,38.069,-0.129,0.074,-0.169,-0.01,-0.003,-0.169,-0.01,-0.004,0.804,-0.285,0.536,0.006,-0.005,0.006,0.0,-0.0,0.0,838.842,-0.0,0.0,-0.0,0.0,0.0,0.0,0.0,0.0,-0.6847,0.6939,-0.2228,0.7225,0.6866,-0.0817,0.0963,-0.2169,-0.9714,0.676,0.226,-0.7014,-0.7316,0.0917,-0.6755,-0.0884,0.9698,0.2273,0.0001,-0.0001,0.0001,0.0,0.0,0.0,-0.048,-0.0201,-0.1615,26.476,19.9216,36.5049,0.0,0.0433,-0.3636,0.0,0.0,0.0,3818776.7393,3960136.1061,-3887875.2595,3695.157,2554.0217,6242.383,3818750.2632,3960116.1844,-3887911.7644,3695.205,2554.0418,6242.5446,0.0,0.0765,3.9732,0.0,0.0,1.0,0.0,1.0,0.0,0.0,1.172,-23.972,0.0,1.0,0.0,0.0,0.0,-1.0,0.26090994615000784,0.01044030650891055,-0.21020499999999998,1.4797294136827024,7.412962595964576,,
336.4775,42.007,-0.245,0.094,38.035,-0.131,0.073,-0.169,-0.01,-0.003,-0.169,-0.01,-0.004,0.805,-0.286,0.537,0.006,-0.005,0.006,0.0,-0.0,0.0,838.842,-0.0,0.0,-0.0,0.0,0.0,0.0,0.0,0.0,-0.6847,0.6939,-0.2228,0.7224,0.6866,-0.0817,0.0963,-0.2169,-0.9714,0.676,0.226,-0.7014,-0.7316,0.0917,-0.6755,-0.0884,0.9698,0.2273,0.0001,-0.0001,0.0001,0.0,0.0,0.0,-0.048,-0.0201,-0.1615,26.4663,19.9176,36.4723,0.0,0.0433,-0.3636,0.0,0.0,0.0,3819521.3508,3960650.7324,-3886617.0821,3694.1534,2552.981,6243.4045,3819494.8844,3960630.8148,-3886653.5544,3694.2014,2553.0011,6243.566,0.0,0.0765,3.9732,0.0,0.0,1.0,0.0,1.0,0.0,0.0,1.172,-23.972,0.0,1.0,0.0,0.0,0.0,-1.0,0.2624137953690697,0.01044030650891055,-0.210035,1.4770266525518696,7.406967478620488,,
336.6848,41.972,-0.247,0.094,38.0,-0.133,0.073,-0.169,-0.01,-0.003,-0.169,-0.01,-0.004,0.807,-0.287,0.538,0.006,-0.005,0.006,0.0,-0.0,0.0,838.842,-0.0,0.0,-0.0,0.0,0.0,0.0,0.0,0.0,-0.6847,0.6939,-0.2228,0.7224,0.6866,-0.0816,0.0963,-0.2169,-0.9714,0.676,0.226,-0.7014,-0.7316,0.0917,-0.6755,-0.0884,0.9698,0.2273,0.0001,-0.0001,0.0001,0.0,0.0,0.0,-0.048,-0.0201,-0.1616,26.4565,19.9135,36.4389,0.0,0.0433,-0.3636,0.0,0.0,0.0,3820284.2298,3961177.9111,-3885327.4719,3693.1247,2551.9144,6244.4509,3820257.7733,3961157.9976,-3885363.9109,3693.1727,2551.9345,6244.6125,0.0,0.0765,3.9732,0.0,0.0,1.0,0.0,1.0,0.0,0.0,1.172,-23.972,0.0,1.0,0.0,0.0,0.0,-1.0,0.2642820463065927,0.01044030650891055,-0.20986000000000002,1.4741267134387002,7.400796034295692,,
336.8867,41.938,-0.249,0.093,37.966,-0.135,0.072,-0.169,-0.01,-0.003,-0.169,-0.01,-0.004,0.808,-0.288,0.54,0.006,-0.005,0.006,0.0,-0.0,0.0,838.842,-0.0,0.0,-0.0,0.0,0.0,0.0,0.0,0.0,-0.6847,0.6939,-0.2228,0.7224,0.6866,-0.0816,0.0964,-0.2169,-0.9714,0.676,0.226,-0.7014,-0.7316,0.0917,-0.6755,-0.0884,0.9698,0.2273,0.0001,-0.0001,0.0001,0.0,0.0,0.0,-0.048,-0.0201,-0.1616,26.4467,19.9094,36.4063,0.0,0.0433,-0.3636,0.0,0.0,0.0,3821030.7429,3961693.7092,-3884064.9697,3692.1177,2550.8702,6245.4749,3821004.2961,3961673.7998,-3884101.376,3692.1657,2550.8903,6245.6365,0.0,0.0765,3.9732,0.0,0.0,1.0,0.0,1.0,0.0,0.0,1.172,-23.972,0.0,1.0,0.0,0.0,0.0,-1.0,0.26580067720004025,0.01044030650891055,-0.20969000000000002,1.4714171417461985,7.3948009169516045,,
337.0902,41.903,-0.251,0.092,37.931,-0.137,0.071,-0.169,-0.01,-0.003,-0.169,-0.01,-0.004,0.809,-0.289,0.541,0.006,-0.005,0.006,0.0,-0.0,0.0,838.842,-0.0,0.0,-0.0,0.0,0.0,0.0,0.0,0.0,-0.6847,0.6939,-0.2228,0.7224,0.6866,-0.0816,0.0964,-0.2168,-0.9714,0.676,0.226,-0.7014,-0.7316,0.0917,-0.6755,-0.0884,0.9698,0.2273,0.0001,-0.0001,0.0001,0.0,0.0,0.0,-0.048,-0.0201,-0.1616,26.437,19.9053,36.3734,0.0,0.0433,-0.3636,0.0,0.0,0.0,3821782.1531,3962212.8201,-3882793.6266,3691.1035,2549.8187,6246.5055,3821755.7161,3962192.9148,-3882830.0,3691.1515,2549.8388,6246.6671,0.0,0.0765,3.9732,0.0,0.0,1.0,0.0,1.0,0.0,0.0,1.172,-23.972,0.0,1.0,0.0,0.0,0.0,-1.0,0.267329384841996,0.01044030650891055,-0.209515,1.4687002018422306,7.388629472626808,,
337.2975,41.868,-0.254,0.091,37.896,-0.14,0.07,-0.169,-0.01,-0.003,-0.169,-0.01,-0.004,0.81,-0.29,0.542,0.006,-0.005,0.006,0.0,-0.0,0.0,838.842,-0.0,0.0,-0.0,0.0,0.0,0.0,0.0,0.0,-0.6847,0.6939,-0.2228,0.7224,0.6867,-0.0816,0.0964,-0.2168,-0.9714,0.676,0.226,-0.7014,-0.7316,0.0917,-0.6755,-0.0884,0.9698,0.2273,0.0001,-0.0001,0.0001,0.0,0.0,0.0,-0.048,-0.0201,-0.1616,26.427,19.9012,36.3399,0.0,0.0433,-0.3636,0.0,0.0,0.0,3822547.0132,3962741.1492,-3881498.9554,3690.0707,2548.748,6247.5545,3822520.5862,3962721.248,-3881535.2953,3690.1187,2548.7681,6247.7161,0.0,0.0765,3.9732,0.0,0.0,1.0,0.0,1.0,0.0,0.0,1.172,-23.972,0.0,1.0,0.0,0.0,0.0,-1.0,0.26980919183749097,0.01044030650891055,-0.20934,1.4646093252444892,7.382458028302012,,
337.5047,41.833,-0.256,0.091,37.861,-0.142,0.069,-0.169,-0.01,-0.003,-0.169,-0.01,-0.004,0.811,-0.291,0.544,0.006,-0.005,0.006,0.0,-0.0,0.0,838.842,-0.0,0.0,-0.0,0.0,0.0,0.0,0.0,0.0,-0.6847,0.6939,-0.2228,0.7224,0.6867,-0.0815,0.0964,-0.2168,-0.9714,0.676,0.226,-0.7014,-0.7316,0.0917,-0.6755,-0.0884,0.9698,0.2273,0.0001,-0.0001,0.0001,0.0,0.0,0.0,-0.048,-0.0201,-0.1616,26.4171,19.897,36.3065,0.0,0.0433,-0.3636,0.0,0.0,0.0,3823308.3772,3963266.9896,-3880209.6259,3689.0421,2547.6817,6248.5987,3823281.9601,3963247.0926,-3880245.9324,3689.0901,2547.7018,6248.7603,0.0,0.0765,3.9732,0.0,0.0,1.0,0.0,1.0,0.0,0.0,1.172,-23.972,0.0,1.0,0.0,0.0,0.0,-1.0,0.27169284127484844,0.01044030650891055,-0.209165,1.4639980978966178,7.376286583977215,,
337.7051,41.799,-0.258,0.09,37.827,-0.144,0.069,-0.169,-0.01,-0.003,-0.169,-0.01,-0.004,0.813,-0.292,0.545,0.006,-0.005,0.006,0.0,-0.0,0.0,838.842,-0.0,0.0,-0.0,0.0,0.0,0.0,0.0,0.0,-0.6847,0.6939,-0.2228,0.7224,0.6867,-0.0815,0.0964,-0.2168,-0.9714,0.676,0.226,-0.7014,-0.7316,0.0917,-0.6755,-0.0884,0.9698,0.2273,0.0001,-0.0001,0.0001,0.0,0.0,0.0,-0.048,-0.0201,-0.1616,26.4075,19.893,36.274,0.0,0.0433,-0.3636,0.0,0.0,0.0,3824051.0231,3963779.8318,-3878951.4388,3688.0383,2546.6413,6249.6171,3824024.6157,3963759.9389,-3878987.7128,3688.0864,2546.6614,6249.7788,0.0,0.0765,3.9732,0.0,0.0,1.0,0.0,1.0,0.0,0.0,1.172,-23.972,0.0,1.0,0.0,0.0,0.0,-1.0,0.2732471408816568,0.01044030650891055,-0.208995,1.4589679467951542,7.370291466633128,,
337.9062,41.765,-0.26,0.089,37.793,-0.146,0.068,-0.169,-0.01,-0.003,-0.169,-0.01,-0.004,0.814,-0.293,0.546,0.006,-0.005,0.006,0.0,-0.0,0.0,838.842,-0.0,0.0,-0.0,0.0,0.0,0.0,0.0,0.0,-0.6848,0.6939,-0.2228,0.7224,0.6867,-0.0815,0.0965,-0.2167,-0.9715,0.676,0.226,-0.7014,-0.7316,0.0917,-0.6755,-0.0884,0.9698,0.2273,0.0001,-0.0001,0.0001,0.0,0.0,0.0,-0.048,-0.0201,-0.1616,26.3978,19.889,36.2415,0.0,0.0433,-0.3636,0.0,0.0,0.0,3824792.2432,3964291.6197,-3877695.1213,3687.036,2545.6024,6250.6336,3824765.8454,3964271.7307,-3877731.3628,3687.0841,2545.6225,6250.7952,0.0,0.0765,3.9732,0.0,0.0,1.0,0.0,1.0,0.0,0.0,1.172,-23.972,0.0,1.0,0.0,0.0,0.0,-1.0,0.2748108440364026,0.01044030650891055,-0.208825,1.4562430625721405,7.36429634928904,,
338.107,41.731,-0.262,0.089,37.759,-0.148,0.067,-0.169,-0.01,-0.003,-0.169,-0.01,-0.004,0.815,-0.295,0.548,0.006,-0.005,0.006,0.0,-0.0,0.0,838.842,-0.0,0.0,-0.0,0.0,0.0,0.0,0.0,0.0,-0.6848,0.6939,-0.2228,0.7223,0.6867,-0.0814,0.0965,-0.2167,-0.9715,0.676,0.226,-0.7014,-0.7316,0.0917,-0.6755,-0.0884,0.9698,0.2273,0.0001,-0.0001,0.0001,0.0,0.0,0.0,-0.048,-0.0201,-0.1616,26.3881,19.8849,36.209,0.0,0.0433,-0.3636,0.0,0.0,0.0,3825534.1248,3964803.7943,-3876437.1359,3686.0324,2544.5621,6251.6509,3825507.7366,3964783.9094,-3876473.3448,3686.0804,2544.5822,6251.8125,0.0,0.0765,3.9732,0.0,0.0,1.0,0.0,1.0,0.0,0.0,1.172,-23.972,0.0,1.0,0.0,0.0,0.0,-1.0,0.27670381276737044,0.01044030650891055,-0.208655,1.45566496722904,7.358301231944952,,
338.314,41.696,-0.264,0.088,37.724,-0.15,0.066,-0.169,-0.01,-0.003,-0.169,-0.01,-0.004,0.816,-0.296,0.549,0.006,-0.005,0.006,0.0,-0.0,0.0,838.842,-0.0,0.0,-0.0,0.0,0.0,0.0,0.0,0.0,-0.6848,0.6939,-0.2228,0.7223,0.6867,-0.0814,0.0965,-0.2167,-0.9715,0.676,0.226,-0.7014,-0.7316,0.0917,-0.6755,-0.0884,0.9698,0.2273,0.0001,-0.0001,0.0001,0.0,0.0,0.0,-0.048,-0.0201,-0.1617,26.3782,19.8808,36.1755,0.0,0.0433,-0.3636,0.0,0.0,0.0,3826296.9164,3965330.3316,-3875143.1251,3684.9999,2543.4921,6252.6968,3826270.5382,3965310.4509,-3875179.3006,3685.048,2543.5122,6252.8584,0.0,0.0765,3.9732,0.0,0.0,1.0,0.0,1.0,0.0,0.0,1.172,-23.972,0.0,1.0,0.0,0.0,0.0,-1.0,0.2782804340948174,0.01044030650891055,-0.20848,1.452946899029625,7.3521297876201555,,
338.5222,41.661,-0.266,0.087,37.689,-0.152,0.065,-0.169,-0.01,-0.003,-0.169,-0.01,-0.004,0.817,-0.297,0.55,0.006,-0.005,0.006,0.0,-0.0,0.0,838.842,-0.0,0.0,-0.0,0.0,0.0,0.0,0.0,0.0,-0.6848,0.6938,-0.2228,0.7223,0.6868,-0.0814,0.0965,-0.2167,-0.9715,0.676,0.226,-0.7014,-0.7316,0.0917,-0.6755,-0.0884,0.9698,0.2273,0.0001,-0.0001,0.0001,0.0,0.0,0.0,-0.048,-0.0201,-0.1617,26.3683,19.8766,36.1421,0.0,0.0433,-0.3636,0.0,0.0,0.0,3827058.8316,3965856.1903,-3873850.0204,3683.9682,2542.4229,6253.7414,3827032.4633,3965836.3137,-3873886.1625,3684.0162,2542.443,6253.9031,0.0,0.0765,3.9732,0.0,0.0,1.0,0.0,1.0,0.0,0.0,1.172,-23.972,0.0,1.0,0.0,0.0,0.0,-1.0,0.2798660393831306,0.01044030650891055,-0.20830500000000002,1.4502263330104894,7.34595834329536,,
338.7275,41.626,-0.269,0.086,37.653,-0.154,0.065,-0.167,-0.01,-0.003,-0.167,-0.01,-0.004,0.819,-0.298,0.552,0.006,-0.005,0.006,0.0,-0.0,0.0,838.835,-0.0,0.0,1.0,0.0,0.0,0.0,0.0,0.0,-0.6848,0.6938,-0.2228,0.7223,0.6868,-0.0814,0.0966,-0.2166,-0.9715,0.676,0.226,-0.7014,-0.7316,0.0917,-0.6755,-0.0884,0.9698,0.2273,0.0001,-0.0001,0.0001,0.0,0.0,0.0,-0.0475,-0.0199,-0.1594,26.3583,19.8724,36.1085,0.0,0.0433,-0.3636,0.0,0.0,0.0,3827824.673,3966384.6841,-3872549.671,3682.9311,2541.348,6254.7937,3827798.3147,3966364.8117,-3872585.7796,3682.9786,2541.3679,6254.9531,0.0,0.0765,3.9732,0.0,0.0,1.0,0.0,1.0,0.0,0.0,1.172,-23.972,0.0,1.0,0.0,0.0,0.0,-1.0,0.282412818405964,0.01044030650891055,-0.20812999999999998,1.4589257075570072,7.339786898970563,,
338.9344,41.592,-0.271,0.086,37.62,-0.156,0.064,-0.162,-0.01,-0.003,-0.162,-0.01,-0.004,0.82,-0.299,0.553,0.006,-0.005,0.006,0.0,-0.0,0.0,838.82,-0.0,0.0,-0.0,0.0,0.0,0.0,0.0,0.0,-0.6848,0.6938,-0.2228,0.7223,0.6868,-0.0813,0.0966,-0.2166,-0.9715,0.676,0.226,-0.7014,-0.7316,0.0917,-0.6755,-0.0884,0.9698,0.2273,0.0001,-0.0001,0.0001,0.0,0.0,0.0,-0.0463,-0.0194,-0.1545,26.3487,19.8684,36.0765,0.0,0.0433,-0.3636,0.0,0.0,0.0,3828579.6829,3966905.6301,-3871267.1401,3681.909,2540.288,6255.8337,3828553.3341,3966885.7617,-3871303.2166,3681.9553,2540.3075,6255.9882,0.0,0.0765,3.9732,0.0,0.0,1.0,0.0,1.0,0.0,0.0,1.172,-23.972,0.0,1.0,0.0,0.0,0.0,-1.0,0.28431848339494215,0.01044030650891055,-0.20796,1.4587962021351764,7.333791781626475,,
339.1405,41.559,-0.273,0.085,37.586,-0.158,0.063,-0.162,-0.01,-0.003,-0.162,-0.01,-0.004,0.821,-0.3,0.554,0.006,-0.005,0.006,0.0,-0.0,0.0,838.82,-0.0,0.0,-0.0,0.0,0.0,0.0,0.0,0.0,-0.6848,0.6938,-0.2228,0.7223,0.6868,-0.0813,0.0966,-0.2166,-0.9715,0.676,0.226,-0.7014,-0.7316,0.0917,-0.6755,-0.0884,0.9698,0.2273,0.0001,-0.0001,0.0001,0.0,0.0,0.0,-0.0463,-0.0194,-0.1545,26.3391,19.8644,36.0446,0.0,0.0433,-0.3636,0.0,0.0,0.0,3829340.6668,3967430.6246,-3869973.8848,3680.877,2539.2188,6256.8769,3829314.3277,3967410.7602,-3870009.9294,3680.9233,2539.2382,6257.0314,0.0,0.0765,3.9732,0.0,0.0,1.0,0.0,1.0,0.0,0.0,1.172,-23.972,0.0,1.0,0.0,0.0,0.0,-1.0,0.28592656399852046,0.01044030650891055,-0.20779499999999998,1.455644726018937,7.3279729912630955,,
339.3464,41.525,-0.275,0.084,37.553,-0.16,0.062,-0.162,-0.01,-0.003,-0.162,-0.01,-0.004,0.822,-0.301,0.555,0.006,-0.005,0.006,0.0,-0.0,0.0,838.82,-0.0,0.0,-0.0,0.0,0.0,0.0,0.0,0.0,-0.6848,0.6938,-0.2228,0.7223,0.6868,-0.0813,0.0966,-0.2166,-0.9715,0.676,0.226,-0.7014,-0.7316,0.0917,-0.6755,-0.0884,0.9698,0.2273,0.0001,-0.0001,0.0001,0.0,0.0,0.0,-0.0463,-0.0194,-0.1545,26.3296,19.8604,36.0126,0.0,0.0433,-0.3636,0.0,0.0,0.0,3830101.3069,3967955.3084,-3868680.6325,3679.845,2538.1496,6257.9196,3830074.9773,3967935.448,-3868716.6451,3679.8913,2538.1691,6258.0741,0.0,0.0765,3.9732,0.0,0.0,1.0,0.0,1.0,0.0,0.0,1.172,-23.972,0.0,1.0,0.0,0.0,0.0,-1.0,0.28754304025658495,0.01044030650891055,-0.207625,1.4533456782505443,7.321977873919008,,
339.55,41.493,-0.277,0.084,37.521,-0.162,0.062,-0.156,-0.01,-0.003,-0.156,-0.01,-0.004,0.824,-0.302,0.557,0.006,-0.005,0.006,0.0,-0.0,0.0,838.802,-0.0,0.0,1.0,0.0,0.0,0.0,0.0,0.0,-0.6848,0.6938,-0.2228,0.7222,0.6868,-0.0812,0.0966,-0.2165,-0.9715,0.676,0.226,-0.7014,-0.7316,0.0917,-0.6755,-0.0884,0.9698,0.2273,0.0001,-0.0001,0.0001,0.0,0.0,0.0,-0.0449,-0.0189,-0.1486,26.3203,19.8565,35.9818,0.0,0.0433,-0.3636,0.0,0.0,0.0,3830847.1915,3968469.7417,-3867411.9103,3678.8339,2537.1013,6258.9479,3830820.8712,3968449.8852,-3867447.8921,3678.8788,2537.1202,6259.0965,0.0,0.0765,3.9732,0.0,0.0,1.0,0.0,1.0,0.0,0.0,1.172,-23.972,0.0,1.0,0.0,0.0,0.0,-1.0,0.28945638704302246,0.01044030650891055,-0.207465,1.4504027986697992,7.316335410536338,,
339.7552,41.461,-0.279,0.083,37.489,-0.164,0.061,-0.155,-0.01,-0.003,-0.155,-0.01,-0.004,0.825,-0.303,0.558,0.006,-0.005,0.006,0.0,-0.0,0.0,838.799,-0.0,0.0,-0.0,0.0,0.0,0.0,0.0,0.0,-0.6849,0.6938,-0.2228,0.7222,0.6869,-0.0812,0.0967,-0.2165,-0.9715,0.676,0.226,-0.7014,-0.7316,0.0917,-0.6755,-0.0884,0.9698,0.2273,0.0001,-0.0001,0.0001,0.0,0.0,0.0,-0.0446,-0.0188,-0.1475,26.3112,19.8527,35.9515,0.0,0.0433,-0.3636,0.0,0.0,0.0,3831601.6045,3968989.985,-3866128.1112,3677.8097,2536.0401,6259.983,3831575.2933,3968970.1324,-3866164.0628,3677.8543,2536.0589,6260.1305,0.0,0.0765,3.9732,0.0,0.0,1.0,0.0,1.0,0.0,0.0,1.172,-23.972,0.0,1.0,0.0,0.0,0.0,-1.0,0.2910841802640604,0.01044030650891055,-0.207305,1.4476788828114537,7.310692947153666,,
339.9558,41.43,-0.281,0.082,37.458,-0.166,0.06,-0.155,-0.01,-0.003,-0.155,-0.01,-0.004,0.826,-0.304,0.559,0.006,-0.005,0.006,0.0,-0.0,0.0,838.799,-0.0,0.0,-0.0,0.0,0.0,0.0,0.0,0.0,-0.6849,0.6938,-0.2228,0.7222,0.6869,-0.0812,0.0967,-0.2165,-0.9715,0.676,0.226,-0.7014,-0.7316,0.0917,-0.6755,-0.0884,0.9698,0.2273,0.0001,-0.0001,0.0001,0.0,0.0,0.0,-0.0447,-0.0188,-0.1475,26.3022,19.8489,35.922,0.0,0.0433,-0.3636,0.0,0.0,0.0,3832338.762,3969498.2582,-3864873.1293,3676.8081,2535.0027,6260.9933,3832312.4598,3969478.4093,-3864909.0513,3676.8527,2535.0215,6261.1409,0.0,0.0765,3.9732,0.0,0.0,1.0,0.0,1.0,0.0,0.0,1.172,-23.972,0.0,1.0,0.0,0.0,0.0,-1.0,0.29272000273298715,0.01044030650891055,-0.20715,1.4449588621489162,7.305226810751704,,
340.162,41.398,-0.284,0.081,37.426,-0.168,0.059,-0.155,-0.01,-0.003,-0.155,-0.01,-0.004,0.827,-0.305,0.56,0.006,-0.005,0.006,0.0,-0.0,0.0,838.799,-0.0,0.0,-0.0,0.0,0.0,0.0,0.0,0.0,-0.6849,0.6938,-0.2228,0.7222,0.6869,-0.0812,0.0967,-0.2165,-0.9715,0.676,0.226,-0.7014,-0.7316,0.0917,-0.6755,-0.0884,0.9698,0.2273,0.0001,-0.0001,0.0001,0.0,0.0,0.0,-0.0447,-0.0188,-0.1476,26.2929,19.8451,35.8915,0.0,0.0433,-0.3636,0.0,0.0,0.0,3833098.109,3970021.7587,-3863579.7989,3675.7759,2533.9336,6262.034,3833071.816,3970001.9136,-3863615.6904,3675.8206,2533.9523,6262.1816,0.0,0.0765,3.9732,0.0,0.0,1.0,0.0,1.0,0.0,0.0,1.172,-23.972,0.0,1.0,0.0,0.0,0.0,-1.0,0.2953252444339968,0.01044030650891055,-0.20699,1.456453218579914,7.299584347369033,,
340.3629,41.367,-0.286,0.081,37.395,-0.17,0.058,-0.155,-0.01,-0.003,-0.155,-0.01,-0.004,0.828,-0.306,0.562,0.006,-0.005,0.006,0.0,-0.0,0.0,838.799,-0.0,0.0,-0.0,0.0,0.0,0.0,0.0,0.0,-0.6849,0.6938,-0.2228,0.7222,0.6869,-0.0811,0.0967,-0.2164,-0.9715,0.676,0.226,-0.7014,-0.7316,0.0917,-0.6755,-0.0884,0.9698,0.2273,0.0001,-0.0001,0.0001,0.0,0.0,0.0,-0.0447,-0.0188,-0.1476,26.284,19.8413,35.8619,0.0,0.0433,-0.3636,0.0,0.0,0.0,3833834.1369,3970529.1121,-3862325.6354,3674.7749,2532.8969,6263.0427,3833807.8528,3970509.2708,-3862361.4974,3674.8196,2532.9157,6263.1902,0.0,0.0765,3.9732,0.0,0.0,1.0,0.0,1.0,0.0,0.0,1.172,-23.972,0.0,1.0,0.0,0.0,0.0,-1.0,0.29724905382523925,0.01044030650891055,-0.206835,1.4561348230639817,7.294118210967071,,
340.5701,41.335,-0.288,0.08,37.363,-0.172,0.058,-0.155,-0.01,-0.003,-0.155,-0.01,-0.004,0.83,-0.307,0.563,0.006,-0.005,0.006,0.0,-0.0,0.0,838.799,-0.0,0.0,-0.0,0.0,0.0,0.0,0.0,0.0,-0.6849,0.6937,-0.2228,0.7222,0.6869,-0.0811,0.0968,-0.2164,-0.9715,0.676,0.226,-0.7014,-0.7316,0.0917,-0.6755,-0.0884,0.9698,0.2273,0.0001,-0.0001,0.0001,0.0,0.0,0.0,-0.0447,-0.0188,-0.1476,26.2747,19.8374,35.8313,0.0,0.0433,-0.3636,0.0,0.0,0.0,3834596.1208,3971054.2846,-3861026.6672,3673.7382,2531.8232,6264.0869,3834569.846,3971034.4472,-3861062.4986,3673.7828,2531.842,6264.2345,0.0,0.0765,3.9732,0.0,0.0,1.0,0.0,1.0,0.0,0.0,1.172,-23.972,0.0,1.0,0.0,0.0,0.0,-1.0,0.29890466707631047,0.01044030650891055,-0.206675,1.4507628537326074,7.2884757475844,,
340.7703,41.304,-0.29,0.079,37.332,-0.174,0.057,-0.155,-0.01,-0.003,-0.155,-0.01,-0.004,0.831,-0.308,0.564,0.006,-0.005,0.006,0.0,-0.0,0.0,838.799,-0.0,0.0,-0.0,0.0,0.0,0.0,0.0,0.0,-0.6849,0.6937,-0.2228,0.7222,0.6869,-0.0811,0.0968,-0.2164,-0.9715,0.676,0.226,-0.7014,-0.7316,0.0917,-0.6755,-0.0884,0.9698,0.2273,0.0001,-0.0001,0.0001,0.0,0.0,0.0,-0.0447,-0.0188,-0.1476,26.2658,19.8337,35.8017,0.0,0.0433,-0.3636,0.0,0.0,0.0,3835332.12,3971561.4767,-3859771.4456,3672.7363,2530.7857,6265.0954,3835305.8542,3971541.6431,-3859807.2473,3672.7809,2530.8045,6265.243,0.0,0.0765,3.9732,0.0,0.0,1.0,0.0,1.0,0.0,0.0,1.172,-23.972,0.0,1.0,0.0,0.0,0.0,-1.0,0.300567796012813,0.01044030650891055,-0.20652,1.4480303392534644,7.283009611182438,,
340.9754,41.272,-0.292,0.079,37.3,-0.176,0.056,-0.155,-0.01,-0.003,-0.155,-0.01,-0.004,0.832,-0.309,0.565,0.006,-0.005,0.006,0.0,-0.0,0.0,838.799,-0.0,0.0,-0.0,0.0,0.0,0.0,0.0,0.0,-0.6849,0.6937,-0.2228,0.7222,0.687,-0.081,0.0968,-0.2164,-0.9715,0.676,0.226,-0.7014,-0.7316,0.0917,-0.6755,-0.0884,0.9698,0.2273,0.0001,-0.0001,0.0001,0.0,0.0,0.0,-0.0447,-0.0188,-0.1476,26.2567,19.8298,35.7715,0.0,0.0433,-0.3636,0.0,0.0,0.0,3836084.5479,3972079.9184,-3858487.6419,3671.7115,2529.7246,6266.1264,3836058.2913,3972060.0886,-3858523.4134,3671.7562,2529.7434,6266.274,0.0,0.0765,3.9732,0.0,0.0,1.0,0.0,1.0,0.0,0.0,1.172,-23.972,0.0,1.0,0.0,0.0,0.0,-1.0,0.30249793387724155,0.01044030650891055,-0.20636,1.4477381686469775,7.277367147799766,,
341.1789,41.24,-0.294,0.078,37.268,-0.178,0.055,-0.155,-0.01,-0.003,-0.155,-0.01,-0.004,0.833,-0.31,0.567,0.006,-0.005,0.006,0.0,-0.0,0.0,838.799,-0.0,0.0,-0.0,0.0,0.0,0.0,0.0,0.0,-0.6849,0.6937,-0.2228,0.7221,0.687,-0.081,0.0968,-0.2164,-0.9715,0.676,0.226,-0.7014,-0.7316,0.0917,-0.6755,-0.0884,0.9698,0.2273,0.0001,-0.0001,0.0001,0.0,0.0,0.0,-0.0447,-0.0188,-0.1476,26.2476,19.826,35.7415,0.0,0.0433,-0.3636,0.0,0.0,0.0,3836831.6983,3972594.6519,-3857212.2779,3670.6935,2528.6705,6267.1501,3836805.4508,3972574.8259,-3857248.0194,3670.7382,2528.6893,6267.2977,0.0,0.0765,3.9732,0.0,0.0,1.0,0.0,1.0,0.0,0.0,1.172,-23.972,0.0,1.0,0.0,0.0,0.0,-1.0,0.3041710045352778,0.01044030650891055,-0.20620000000000002,1.4450135363444367,7.271724684417096,,
341.382,41.209,-0.296,0.077,37.237,-0.18,0.055,-0.155,-0.005,-0.003,-0.155,-0.005,-0.004,0.835,-0.311,0.568,0.006,-0.005,0.006,0.0,-0.0,0.0,838.743,-0.0,1.0,-0.0,0.0,0.0,0.0,0.0,0.0,-0.6849,0.6937,-0.2227,0.7221,0.687,-0.081,0.0968,-0.2163,-0.9715,0.676,0.226,-0.7014,-0.7316,0.0917,-0.6755,-0.0884,0.9698,0.2273,0.0001,-0.0001,0.0001,0.0,0.0,0.0,-0.041,-0.0151,-0.1488,26.2388,19.8225,35.7112,0.0,0.0433,-0.3636,0.0,0.0,0.0,3837580.5274,3973110.4698,-3855933.4857,3669.6764,2527.6173,6268.1749,3837554.2887,3973090.6473,-3855969.1969,3669.7174,2527.6324,6268.3237,0.0,0.0765,3.9732,0.0,0.0,1.0,0.0,1.0,0.0,0.0,1.172,-23.972,0.0,1.0,0.0,0.0,0.0,-1.0,0.30585127104525817,0.0058309518948453,-0.206045,1.4395735328153247,7.266258548015133,,
341.5874,41.177,-0.296,0.077,37.205,-0.18,0.054,-0.155,0.001,-0.004,-0.155,0.002,-0.004,0.836,-0.312,0.569,0.006,-0.005,0.006,0.0,-0.0,0.0,838.675,-0.0,1.0,-0.0,0.0,0.0,0.0,0.0,0.0,-0.685,0.6937,-0.2227,0.7221,0.687,-0.081,0.0969,-0.2163,-0.9715,0.676,0.226,-0.7014,-0.7316,0.0917,-0.6755,-0.0884,0.9698,0.2273,0.0001,-0.0001,0.0001,0.0,0.0,0.0,-0.0365,-0.0107,-0.1502,26.2308,19.8198,35.6805,0.0,0.0433,-0.3636,0.0,0.0,0.0,3838335.3607,3973630.3509,-3854643.8687,3668.6515,2526.5559,6269.2076,3838309.1299,3973610.5311,-3854679.5492,3668.6879,2526.5666,6269.3578,0.0,0.0765,3.9732,0.0,0.0,1.0,0.0,1.0,0.0,0.0,1.172,-23.972,0.0,1.0,0.0,0.0,0.0,-1.0,0.30585127104525817,0.00412310562561766,-0.20588499999999998,1.442086710894089,7.2606160846324626,,
341.7934,41.145,-0.296,0.076,37.173,-0.18,0.053,-0.155,0.003,-0.004,-0.155,0.004,-0.004,0.837,-0.313,0.571,0.006,-0.005,0.006,0.0,-0.0,0.0,838.654,-0.0,0.0,-0.0,0.0,0.0,0.0,0.0,0.0,-0.685,0.6937,-0.2227,0.7221,0.687,-0.0809,0.0969,-0.2163,-0.9715,0.676,0.226,-0.7014,-0.7316,0.0917,-0.6755,-0.0884,0.9698,0.2273,0.0001,-0.0001,0.0001,0.0,0.0,0.0,-0.035,-0.0093,-0.1507,26.2236,19.8179,35.6497,0.0,0.0433,-0.3636,0.0,0.0,0.0,3839086.4136,3974147.5559,-3853360.1395,3667.6281,2525.4965,6270.236,3839060.19,3974127.738,-3853395.7892,3667.6631,2525.5057,6270.3867,0.0,0.0765,3.9732,0.0,0.0,1.0,0.0,1.0,0.0,0.0,1.172,-23.972,0.0,1.0,0.0,0.0,0.0,-1.0,0.3056010471186249,0.005,-0.20572500000000002,1.4421301535342428,7.254973621249792,,
341.9938,41.114,-0.295,0.075,37.142,-0.179,0.052,-0.155,0.003,-0.004,-0.155,0.004,-0.004,0.838,-0.314,0.572,0.006,-0.005,0.006,0.0,-0.0,0.0,838.654,-0.0,0.0,-0.0,0.0,0.0,0.0,0.0,0.0,-0.685,0.6937,-0.2227,0.7221,0.687,-0.0809,0.0969,-0.2163,-0.9715,0.676,0.226,-0.7014,-0.7316,0.0917,-0.6755,-0.0884,0.9698,0.2273,0.0001,-0.0001,0.0001,0.0,0.0,0.0,-0.035,-0.0093,-0.1507,26.2166,19.816,35.6193,0.0,0.0433,-0.3636,0.0,0.0,0.0,3839824.1751,3974655.5365,-3852098.579,3666.621,2524.4539,6271.2467,3839797.9586,3974635.7204,-3852134.1983,3666.656,2524.4632,6271.3973,0.0,0.0765,3.9732,0.0,0.0,1.0,0.0,1.0,0.0,0.0,1.172,-23.972,0.0,1.0,0.0,0.0,0.0,-1.0,0.3043846251044885,0.005,-0.20556999999999997,1.4435693839422736,7.249507484847829,,
342.194,41.083,-0.294,0.074,37.111,-0.178,0.051,-0.155,0.003,-0.004,-0.155,0.004,-0.004,0.839,-0.315,0.573,0.006,-0.005,0.006,0.0,-0.0,0.0,838.654,-0.0,0.0,-0.0,0.0,0.0,0.0,0.0,0.0,-0.685,0.6937,-0.2227,0.7221,0.6871,-0.0809,0.0969,-0.2162,-0.9715,0.676,0.226,-0.7014,-0.7316,0.0917,-0.6755,-0.0884,0.9698,0.2273,0.0001,-0.0001,0.0001,0.0,0.0,0.0,-0.035,-0.0093,-0.1507,26.2096,19.8142,35.5892,0.0,0.0433,-0.3636,0.0,0.0,0.0,3840556.635,3975159.7975,-3850845.5371,3665.6206,2523.4185,6272.25,3840530.4254,3975139.9833,-3850881.1264,3665.6556,2523.4277,6272.4006,0.0,0.0765,3.9732,0.0,0.0,1.0,0.0,1.0,0.0,0.0,1.172,-23.972,0.0,1.0,0.0,0.0,0.0,-1.0,0.30316991935216786,0.005,-0.205415,1.4450116751169717,7.244041348445866,,
342.3948,41.052,-0.294,0.074,37.08,-0.177,0.051,-0.155,0.003,-0.004,-0.155,0.004,-0.004,0.84,-0.316,0.574,0.006,-0.005,0.006,0.0,-0.0,0.0,838.654,-0.0,0.0,-0.0,0.0,0.0,0.0,0.0,0.0,-0.685,0.6937,-0.2227,0.7221,0.6871,-0.0809,0.0969,-0.2162,-0.9715,0.676,0.226,-0.7014,-0.7316,0.0917,-0.6755,-0.0884,0.9698,0.2273,0.0001,-0.0001,0.0001,0.0,0.0,0.0,-0.035,-0.0093,-0.1507,26.2025,19.8124,35.5589,0.0,0.0433,-0.3636,0.0,0.0,0.0,3841293.1195,3975666.7594,-3849585.0632,3664.6143,2522.3769,6273.2587,3841266.917,3975646.9471,-3849620.6221,3664.6493,2522.3862,6273.4094,0.0,0.0765,3.9732,0.0,0.0,1.0,0.0,1.0,0.0,0.0,1.172,-23.972,0.0,1.0,0.0,0.0,0.0,-1.0,0.30316991935216786,0.005,-0.20526,1.460382955264946,7.238575212043904,,
342.5964,41.021,-0.293,0.073,37.049,-0.176,0.05,-0.155,0.003,-0.004,-0.155,0.004,-0.004,0.841,-0.317,0.575,0.006,-0.005,0.006,0.0,-0.0,0.0,838.654,-0.0,0.0,-0.0,0.0,0.0,0.0,0.0,0.0,-0.685,0.6937,-0.2227,0.7221,0.6871,-0.0808,0.097,-0.2162,-0.9715,0.676,0.226,-0.7014,-0.7316,0.0917,-0.6755,-0.0884,0.9698,0.2273,0.0001,-0.0001,0.0001,0.0,0.0,0.0,-0.0351,-0.0093,-0.1507,26.1954,19.8105,35.5286,0.0,0.0433,-0.3636,0.0,0.0,0.0,3842029.8151,3976173.7967,-3848323.6769,3663.6072,2521.3346,6274.2677,3842003.6196,3976153.9862,-3848359.2055,3663.6422,2521.3439,6274.4184,0.0,0.0765,3.9732,0.0,0.0,1.0,0.0,1.0,0.0,0.0,1.172,-23.972,0.0,1.0,0.0,0.0,0.0,-1.0,0.30195695057408434,0.005,-0.205105,1.4618281346103932,7.233109075641942,,
342.8008,40.989,-0.292,0.072,37.017,-0.176,0.049,-0.155,0.005,-0.004,-0.155,0.005,-0.004,0.842,-0.318,0.577,0.005,-0.005,0.006,0.0,-0.0,0.0,838.642,-0.0,1.0,-0.0,0.0,0.0,0.0,0.0,0.0,-0.685,0.6937,-0.2227,0.722,0.6871,-0.0808,0.097,-0.2162,-0.9715,0.676,0.226,-0.7014,-0.7316,0.0917,-0.6755,-0.0884,0.9698,0.2273,0.0001,-0.0001,0.0001,0.0,0.0,0.0,-0.0343,-0.0085,-0.151,26.1883,19.8086,35.4977,0.0,0.0433,-0.3636,0.0,0.0,0.0,3842780.619,3976690.4714,-3847037.5719,3662.5811,2520.2727,6275.2958,3842754.4307,3976670.6628,-3847073.0697,3662.6154,2520.2812,6275.4467,0.0,0.0765,3.9732,0.0,0.0,1.0,0.0,1.0,0.0,0.0,1.172,-23.972,0.0,1.0,0.0,0.0,0.0,-1.0,0.30074573978695024,0.006403124237432849,-0.204945,1.4477021092447022,7.227466612259271,,
343.0025,40.958,-0.291,0.071,36.986,-0.174,0.048,-0.155,0.011,-0.004,-0.155,0.011,-0.004,0.843,-0.319,0.578,0.005,-0.005,0.006,0.0,-0.0,0.0,838.576,-0.0,1.0,-0.0,0.0,0.0,0.0,0.0,0.0,-0.685,0.6936,-0.2227,0.722,0.6871,-0.0808,0.097,-0.2161,-0.9715,0.676,0.226,-0.7014,-0.7316,0.0917,-0.6755,-0.0884,0.9698,0.2273,0.0001,-0.0001,0.0001,0.0,0.0,0.0,-0.0299,-0.0041,-0.1523,26.1818,19.8074,35.4671,0.0,0.0433,-0.3636,0.0,0.0,0.0,3843520.8447,3977199.7955,-3845769.0282,3661.5726,2519.229,6276.3081,3843494.6629,3977179.9881,-3845804.4953,3661.6025,2519.2331,6276.4605,0.0,0.0765,3.9732,0.0,0.0,1.0,0.0,1.0,0.0,0.0,1.172,-23.972,0.0,1.0,0.0,0.0,0.0,-1.0,0.29953630831670475,0.011704699910719625,-0.20479,1.4647214200516407,7.222000475857308,,
343.2037,40.927,-0.288,0.071,36.954,-0.171,0.047,-0.155,0.017,-0.004,-0.155,0.018,-0.004,0.844,-0.32,0.579,0.005,-0.005,0.006,0.0,-0.0,0.0,838.509,-0.0,1.0,-0.0,0.0,0.0,0.0,0.0,0.0,-0.685,0.6936,-0.2227,0.722,0.6871,-0.0807,0.097,-0.2161,-0.9715,0.676,0.226,-0.7014,-0.7316,0.0917,-0.6755,-0.0884,0.9698,0.2273,0.0001,-0.0001,0.0001,0.0,0.0,0.0,-0.0255,0.0002,-0.1537,26.1762,19.807,35.4362,0.0,0.0433,-0.3635,0.0,0.0,0.0,3844258.7924,3977707.482,-3844503.834,3660.5668,2518.188,6277.3173,3844232.6162,3977687.675,-3844539.2702,3660.5923,2518.1878,6277.471,0.0,0.0765,3.9732,0.0,0.0,1.0,0.0,1.0,0.0,0.0,1.172,-23.972,0.0,1.0,0.0,0.0,0.0,-1.0,0.29662265591151327,0.01746424919657298,-0.204635,1.471193085082218,7.216534339455346,,
343.4041,40.896,-0.284,0.07,36.924,-0.167,0.046,-0.155,0.021,-0.004,-0.155,0.021,-0.004,0.845,-0.321,0.58,0.005,-0.005,0.006,0.0,-0.0,0.0,838.473,-0.0,0.0,-0.0,0.0,0.0,0.0,0.0,0.0,-0.685,0.6936,-0.2227,0.722,0.6872,-0.0807,0.0971,-0.2161,-0.9715,0.676,0.226,-0.7014,-0.7316,0.0917,-0.6755,-0.0884,0.9698,0.2273,0.0001,-0.0001,0.0001,0.0,0.0,0.0,-0.0231,0.0026,-0.1545,26.1715,19.8074,35.4055,0.0,0.0433,-0.3635,0.0,0.0,0.0,3844987.3648,3978208.6493,-3843254.1744,3659.5714,2517.1579,6278.3142,3844961.1934,3978188.8419,-3843289.5799,3659.5944,2517.1553,6278.4687,0.0,0.0765,3.9732,0.0,0.0,1.0,0.0,1.0,0.0,0.0,1.172,-23.972,0.0,1.0,0.0,0.0,0.0,-1.0,0.29249957264926046,0.021377558326431952,-0.20448,1.47727978536677,7.211068203053384,,
343.6056,40.865,-0.28,0.069,36.893,-0.163,0.046,-0.155,0.021,-0.004,-0.155,0.021,-0.004,0.846,-0.323,0.582,0.005,-0.005,0.006,0.0,-0.0,0.0,838.473,-0.0,0.0,-0.0,0.0,0.0,0.0,0.0,0.0,-0.685,0.6936,-0.2227,0.722,0.6872,-0.0807,0.0971,-0.2161,-0.9715,0.676,0.226,-0.7014,-0.7316,0.0917,-0.6755,-0.0884,0.9698,0.2273,0.0001,-0.0001,0.0001,0.0,0.0,0.0,-0.0231,0.0026,-0.1545,26.1669,19.8079,35.3746,0.0,0.0433,-0.3635,0.0,0.0,0.0,3845719.2957,3978712.0574,-3841998.2114,3658.5684,2516.1203,6279.3164,3845693.1288,3978692.2495,-3842033.5861,3658.5915,2516.1177,6279.4709,0.0,0.0765,3.9732,0.0,0.0,1.0,0.0,1.0,0.0,0.0,1.172,-23.972,0.0,1.0,0.0,0.0,0.0,-1.0,0.288376490026493,0.021377558326431952,-0.204325,1.4800046801901519,7.205602066651422,,
343.8127,40.832,-0.275,0.068,36.86,-0.158,0.045,-0.155,0.021,-0.004,-0.155,0.021,-0.004,0.847,-0.324,0.583,0.005,-0.005,0.006,0.0,-0.0,0.0,838.473,-0.0,0.0,-0.0,0.0,0.0,0.0,0.0,0.0,-0.6851,0.6936,-0.2227,0.722,0.6872,-0.0807,0.0971,-0.2161,-0.9715,0.676,0.226,-0.7014,-0.7316,0.0917,-0.6755,-0.0884,0.9698,0.2273,0.0001,-0.0001,0.0001,0.0,0.0,0.0,-0.0231,0.0026,-0.1545,26.1621,19.8085,35.3424,0.0,0.0433,-0.3635,0.0,0.0,0.0,3846482.8061,3979237.1111,-3840687.4797,3657.5218,2515.0374,6280.3618,3846456.644,3979217.3026,-3840722.822,3657.5448,2515.0348,6280.5163,0.0,0.0765,3.9732,0.0,0.0,1.0,0.0,1.0,0.0,0.0,1.172,-23.972,0.0,1.0,0.0,0.0,0.0,-1.0,0.28328254446753337,0.021377558326431952,-0.20416,1.487051609337923,7.199783276288042,,
344.0192,40.8,-0.271,0.067,36.828,-0.154,0.044,-0.155,0.021,-0.004,-0.155,0.021,-0.004,0.848,-0.325,0.584,0.005,-0.005,0.006,0.0,-0.0,0.0,838.473,-0.0,0.0,-0.0,0.0,0.0,0.0,0.0,0.0,-0.6851,0.6936,-0.2227,0.722,0.6872,-0.0806,0.0971,-0.216,-0.9715,0.676,0.226,-0.7014,-0.7316,0.0917,-0.6755,-0.0884,0.9698,0.2273,0.0001,-0.0001,0.0001,0.0,0.0,0.0,-0.0231,0.0026,-0.1545,26.1573,19.809,35.3105,0.0,0.0433,-0.3635,0.0,0.0,0.0,3847238.1569,3979756.4789,-3839390.1714,3656.4857,2513.9657,6281.396,3847211.9996,3979736.6698,-3839425.4818,3656.5088,2513.9631,6281.5505,0.0,0.0765,3.9732,0.0,0.0,1.0,0.0,1.0,0.0,0.0,1.172,-23.972,0.0,1.0,0.0,0.0,0.0,-1.0,0.27915945264310865,0.021377558326431952,-0.204,1.4927172135842812,7.1941408129053706,,
344.2252,40.769,-0.267,0.067,36.796,-0.15,0.043,-0.155,0.021,-0.004,-0.155,0.021,-0.004,0.849,-0.326,0.585,0.005,-0.005,0.006,0.0,-0.0,0.0,838.473,-0.0,0.0,-0.0,0.0,0.0,0.0,0.0,0.0,-0.6851,0.6936,-0.2227,0.722,0.6872,-0.0806,0.0971,-0.216,-0.9715,0.676,0.226,-0.7014,-0.7316,0.0917,-0.6755,-0.0884,0.9698,0.2273,0.0001,-0.0001,0.0001,0.0,0.0,0.0,-0.0231,0.0026,-0.1545,26.1526,19.8096,35.2786,0.0,0.0433,-0.3635,0.0,0.0,0.0,3847991.8039,3980274.6015,-3838095.2072,3655.4516,2512.896,6282.4278,3847965.6513,3980254.792,-3838130.4858,3655.4747,2512.8933,6282.5823,0.0,0.0765,3.9732,0.0,0.0,1.0,0.0,1.0,0.0,0.0,1.172,-23.972,0.0,1.0,0.0,0.0,0.0,-1.0,0.2752780412601049,0.021377558326431952,-0.203845,1.5006272012061859,7.188674676503409,,
344.4255,40.738,-0.263,0.066,36.765,-0.145,0.042,-0.155,0.021,-0.004,-0.155,0.021,-0.004,0.85,-0.327,0.587,0.005,-0.005,0.006,0.0,-0.0,0.0,838.473,-0.0,0.0,-0.0,0.0,0.0,0.0,0.0,0.0,-0.6851,0.6936,-0.2227,0.722,0.6872,-0.0806,0.0972,-0.216,-0.9716,0.676,0.226,-0.7014,-0.7316,0.0917,-0.6755,-0.0884,0.9698,0.2273,0.0001,-0.0001,0.0001,0.0,0.0,0.0,-0.0231,0.0026,-0.1546,26.1479,19.8101,35.2477,0.0,0.0433,-0.3635,0.0,0.0,0.0,3848723.2126,3980777.3648,-3836837.9012,3654.4475,2511.8573,6283.429,3848697.0646,3980757.5547,-3836873.1488,3654.4705,2511.8547,6283.5836,0.0,0.0765,3.9732,0.0,0.0,1.0,0.0,1.0,0.0,0.0,1.172,-23.972,0.0,1.0,0.0,0.0,0.0,-1.0,0.271154937259125,0.021377558326431952,-0.20369,1.5218661907351094,7.183208540101446,,
344.6259,40.706,-0.258,0.065,36.734,-0.141,0.041,-0.155,0.021,-0.004,-0.155,0.021,-0.004,0.851,-0.328,0.588,0.005,-0.005,0.006,0.0,-0.0,0.0,838.473,-0.0,0.0,-0.0,0.0,0.0,0.0,0.0,0.0,-0.6851,0.6936,-0.2227,0.7219,0.6872,-0.0805,0.0972,-0.216,-0.9716,0.676,0.226,-0.7014,-0.7316,0.0917,-0.6755,-0.0884,0.9698,0.2273,0.0001,-0.0001,0.0001,0.0,0.0,0.0,-0.0231,0.0026,-0.1546,26.1433,19.8106,35.2166,0.0,0.0433,-0.3635,0.0,0.0,0.0,3849457.3068,3981281.9037,-3835575.4312,3653.4392,2510.8145,6284.4339,3849431.1635,3981262.0931,-3835610.6478,3653.4623,2510.8119,6284.5885,0.0,0.0765,3.9732,0.0,0.0,1.0,0.0,1.0,0.0,0.0,1.172,-23.972,0.0,1.0,0.0,0.0,0.0,-1.0,0.2660620228442985,0.021377558326431952,-0.20353000000000002,1.5138528647946794,7.177566076718776,,
344.8317,40.675,-0.254,0.064,36.703,-0.137,0.04,-0.155,0.021,-0.004,-0.155,0.021,-0.004,0.852,-0.329,0.589,0.005,-0.005,0.006,0.0,-0.0,0.0,838.473,-0.0,0.0,-0.0,0.0,0.0,0.0,0.0,0.0,-0.6851,0.6936,-0.2227,0.7219,0.6873,-0.0805,0.0972,-0.2159,-0.9716,0.676,0.226,-0.7014,-0.7316,0.0917,-0.6755,-0.0884,0.9698,0.2273,0.0001,-0.0001,0.0001,0.0,0.0,0.0,-0.0231,0.0026,-0.1546,26.1385,19.8112,35.1849,0.0,0.0433,-0.3635,0.0,0.0,0.0,3850206.4968,3981796.7456,-3834286.4313,3652.4097,2509.7498,6285.4595,3850180.3582,3981776.9344,-3834321.6162,3652.4328,2509.7472,6285.614,0.0,0.0765,3.9732,0.0,0.0,1.0,0.0,1.0,0.0,0.0,1.172,-23.972,0.0,1.0,0.0,0.0,0.0,-1.0,0.2619389241789009,0.021377558326431952,-0.20337499999999997,1.5195638551135713,7.172099940316812,,
345.0323,40.643,-0.25,0.064,36.671,-0.133,0.04,-0.155,0.021,-0.004,-0.155,0.021,-0.004,0.853,-0.33,0.59,0.005,-0.005,0.006,0.0,-0.0,0.0,838.473,-0.0,0.0,-0.0,0.0,0.0,0.0,0.0,0.0,-0.6851,0.6936,-0.2227,0.7219,0.6873,-0.0805,0.0972,-0.2159,-0.9716,0.676,0.226,-0.7014,-0.7316,0.0917,-0.6755,-0.0884,0.9698,0.2273,0.0001,-0.0001,0.0001,0.0,0.0,0.0,-0.0231,0.0026,-0.1546,26.1339,19.8117,35.1538,0.0,0.0433,-0.3635,0.0,0.0,0.0,3850941.6003,3982301.8357,-3833021.1117,3651.3991,2508.7047,6286.4656,3850915.4663,3982282.024,-3833056.2655,3651.4222,2508.702,6286.6202,0.0,0.0765,3.9732,0.0,0.0,1.0,0.0,1.0,0.0,0.0,1.172,-23.972,0.0,1.0,0.0,0.0,0.0,-1.0,0.2580620080523284,0.021377558326431952,-0.203215,1.5250076890018347,7.166457476934142,,
345.2373,40.612,-0.246,0.063,36.64,-0.128,0.039,-0.155,0.021,-0.004,-0.155,0.021,-0.004,0.854,-0.331,0.592,0.005,-0.005,0.006,0.0,-0.0,0.0,838.473,-0.0,0.0,-0.0,0.0,0.0,0.0,0.0,0.0,-0.6851,0.6936,-0.2227,0.7219,0.6873,-0.0805,0.0972,-0.2159,-0.9716,0.676,0.226,-0.7014,-0.7316,0.0917,-0.6755,-0.0884,0.9698,0.2273,0.0001,-0.0001,0.0001,0.0,0.0,0.0,-0.0231,0.0026,-0.1546,26.1292,19.8123,35.1221,0.0,0.0433,-0.3635,0.0,0.0,0.0,3851689.0933,3982815.3666,-3831733.8967,3650.3709,2507.6415,6287.4887,3851662.9641,3982795.5543,-3831769.0189,3650.394,2507.6389,6287.6433,0.0,0.0765,3.9732,0.0,0.0,1.0,0.0,1.0,0.0,0.0,1.172,-23.972,0.0,1.0,0.0,0.0,0.0,-1.0,0.25393896904571384,0.021377558326431952,-0.20306000000000002,1.5462916216723464,7.16099134053218,,
345.4438,40.58,-0.241,0.062,36.608,-0.124,0.038,-0.155,0.021,-0.004,-0.155,0.021,-0.004,0.855,-0.332,0.593,0.005,-0.005,0.006,0.0,-0.0,0.0,838.473,-0.0,0.0,-0.0,0.0,0.0,0.0,0.0,0.0,-0.6851,0.6936,-0.2227,0.7219,0.6873,-0.0804,0.0973,-0.2159,-0.9716,0.676,0.226,-0.7014,-0.7316,0.0917,-0.6755,-0.0884,0.9698,0.2273,0.0001,-0.0001,0.0001,0.0,0.0,0.0,-0.0231,0.0026,-0.1546,26.1244,19.8128,35.0901,0.0,0.0433,-0.3635,0.0,0.0,0.0,3852444.4219,3983334.206,-3830432.6095,3649.3315,2506.5667,6288.5225,3852418.2975,3983314.3932,-3830467.6996,3649.3546,2506.5641,6288.6771,0.0,0.0765,3.9732,0.0,0.0,1.0,0.0,1.0,0.0,0.0,1.172,-23.972,0.0,1.0,0.0,0.0,0.0,-1.0,0.24884734276258605,0.021377558326431952,-0.2029,1.5378724083536834,7.155348877149509,,
345.649,40.548,-0.237,0.061,36.576,-0.119,0.037,-0.155,0.021,-0.004,-0.155,0.021,-0.004,0.856,-0.333,0.594,0.005,-0.005,0.006,0.0,-0.0,0.0,838.473,-0.0,0.0,-0.0,0.0,0.0,0.0,0.0,0.0,-0.6851,0.6935,-0.2227,0.7219,0.6873,-0.0804,0.0973,-0.2158,-0.9716,0.676,0.226,-0.7014,-0.7316,0.0917,-0.6755,-0.0884,0.9698,0.2273,0.0001,-0.0001,0.0001,0.0,0.0,0.0,-0.0231,0.0026,-0.1546,26.1197,19.8133,35.0586,0.0,0.0433,-0.3635,0.0,0.0,0.0,3853188.7477,3983845.4148,-3829149.7038,3648.3067,2505.5072,6289.5411,3853162.628,3983825.6014,-3829184.7624,3648.3299,2505.5046,6289.6957,0.0,0.0765,3.9732,0.0,0.0,1.0,0.0,1.0,0.0,0.0,1.172,-23.972,0.0,1.0,0.0,0.0,0.0,-1.0,0.24472433471152802,0.021377558326431952,-0.20274,1.5591724988363058,7.149706413766838,,
345.8547,40.516,-0.233,0.06,36.544,-0.115,0.036,-0.155,0.021,-0.004,-0.155,0.021,-0.004,0.857,-0.334,0.595,0.005,-0.005,0.006,0.0,-0.0,0.0,838.473,-0.0,0.0,-0.0,0.0,0.0,0.0,0.0,0.0,-0.6851,0.6935,-0.2227,0.7219,0.6873,-0.0804,0.0973,-0.2158,-0.9716,0.676,0.226,-0.7014,-0.7316,0.0917,-0.6755,-0.0884,0.9698,0.2273,0.0001,-0.0001,0.0001,0.0,0.0,0.0,-0.0231,0.0026,-0.1546,26.1149,19.8139,35.0267,0.0,0.0433,-0.3635,0.0,0.0,0.0,3853940.1944,3984361.4403,-3827853.9502,3647.2717,2504.437,6290.5694,3853914.0795,3984341.6264,-3827888.9769,3647.2948,2504.4345,6290.7241,0.0,0.0765,3.9732,0.0,0.0,1.0,0.0,1.0,0.0,0.0,1.172,-23.972,0.0,1.0,0.0,0.0,0.0,-1.0,0.24060133000463652,0.021377558326431952,-0.20257999999999998,1.5649252939149731,7.144063950384167,,
346.0614,40.484,-0.229,0.06,36.512,-0.111,0.035,-0.155,0.021,-0.004,-0.155,0.021,-0.004,0.858,-0.335,0.597,0.005,-0.005,0.006,0.0,-0.0,0.0,838.473,-0.0,0.0,-0.0,0.0,0.0,0.0,0.0,0.0,-0.6851,0.6935,-0.2227,0.7219,0.6873,-0.0804,0.0973,-0.2158,-0.9716,0.676,0.226,-0.7014,-0.7316,0.0917,-0.6755,-0.0884,0.9698,0.2273,0.0001,-0.0001,0.0001,0.0,0.0,0.0,-0.0231,0.0026,-0.1547,26.1102,19.8144,34.9947,0.0,0.0433,-0.3635,0.0,0.0,0.0,3854695.0377,3984879.7239,-3826551.7546,3646.2315,2503.3616,6291.6024,3854668.9276,3984859.9095,-3826586.7493,3646.2546,2503.359,6291.757,0.0,0.0765,3.9732,0.0,0.0,1.0,0.0,1.0,0.0,0.0,1.172,-23.972,0.0,1.0,0.0,0.0,0.0,-1.0,0.2367298037848213,0.021377558326431952,-0.20242000000000002,1.5734663067887873,7.138421487001496,,
346.2675,40.452,-0.224,0.059,36.48,-0.106,0.034,-0.155,0.021,-0.004,-0.155,0.021,-0.004,0.859,-0.336,0.598,0.005,-0.005,0.006,0.0,-0.0,0.0,838.473,-0.0,0.0,-0.0,0.0,0.0,0.0,0.0,0.0,-0.6852,0.6935,-0.2227,0.7219,0.6874,-0.0803,0.0974,-0.2158,-0.9716,0.676,0.226,-0.7014,-0.7316,0.0917,-0.6755,-0.0884,0.9698,0.2273,0.0001,-0.0001,0.0001,0.0,0.0,0.0,-0.0231,0.0026,-0.1547,26.1054,19.815,34.9629,0.0,0.0433,-0.3635,0.0,0.0,0.0,3855445.7561,3985395.101,-3825256.0959,3645.1964,2502.2917,6292.6296,3855419.6507,3985375.286,-3825291.0588,3645.2195,2502.2891,6292.7842,0.0,0.0765,3.9732,0.0,0.0,1.0,0.0,1.0,0.0,0.0,1.172,-23.972,0.0,1.0,0.0,0.0,0.0,-1.0,0.23163980659636202,0.021377558326431952,-0.20226,1.580646181955116,7.132779023618824,,
346.4715,40.421,-0.22,0.058,36.449,-0.102,0.033,-0.155,0.021,-0.004,-0.155,0.021,-0.004,0.86,-0.337,0.599,0.005,-0.005,0.006,0.0,-0.0,0.0,838.473,-0.0,0.0,-0.0,0.0,0.0,0.0,0.0,0.0,-0.6852,0.6935,-0.2227,0.7219,0.6874,-0.0803,0.0974,-0.2158,-0.9716,0.676,0.226,-0.7014,-0.7316,0.0917,-0.6755,-0.0884,0.9698,0.2273,0.0001,-0.0001,0.0001,0.0,0.0,0.0,-0.0231,0.0026,-0.1547,26.1007,19.8155,34.9314,0.0,0.0433,-0.3635,0.0,0.0,0.0,3856186.4544,3985903.5267,-3823977.1618,3644.1747,2501.2355,6293.643,3856160.3537,3985883.7112,-3824012.0932,3644.1978,2501.233,6293.7977,0.0,0.0765,3.9732,0.0,0.0,1.0,0.0,1.0,0.0,0.0,1.172,-23.972,0.0,1.0,0.0,0.0,0.0,-1.0,0.22751703232945,0.021377558326431952,-0.202105,1.5864343272184527,7.1273128872168625,,
346.6784,40.388,-0.216,0.057,36.416,-0.098,0.033,-0.155,0.021,-0.004,-0.155,0.021,-0.004,0.861,-0.338,0.6,0.005,-0.005,0.006,0.0,-0.0,0.0,838.473,-0.0,0.0,-0.0,0.0,0.0,0.0,0.0,0.0,-0.6852,0.6935,-0.2227,0.7218,0.6874,-0.0803,0.0974,-0.2157,-0.9716,0.676,0.226,-0.7014,-0.7316,0.0917,-0.6755,-0.0884,0.9698,0.2273,0.0001,-0.0001,0.0001,0.0,0.0,0.0,-0.0231,0.0026,-0.1547,26.0959,19.8161,34.8993,0.0,0.0433,-0.3635,0.0,0.0,0.0,3856943.5629,3986423.1422,-3822669.3075,3643.1298,2500.1556,6294.6789,3856917.467,3986403.3262,-3822704.2068,3643.1529,2500.153,6294.8336,0.0,0.0765,3.9732,0.0,0.0,1.0,0.0,1.0,0.0,0.0,1.172,-23.972,0.0,1.0,0.0,0.0,0.0,-1.0,0.22339427029357758,0.021377558326431952,-0.20193999999999998,1.5891693987955646,7.121494096853483,,
346.8789,40.357,-0.212,0.056,36.385,-0.093,0.032,-0.155,0.019,-0.004,-0.155,0.019,-0.004,0.862,-0.339,0.602,0.005,-0.005,0.006,0.0,-0.0,0.0,838.465,-0.0,-1.0,-0.0,0.0,0.0,0.0,0.0,0.0,-0.6852,0.6935,-0.2227,0.7218,0.6874,-0.0802,0.0974,-0.2157,-0.9716,0.676,0.226,-0.7014,-0.7316,0.0917,-0.6755,-0.0884,0.9698,0.2273,0.0001,-0.0001,0.0001,0.0,0.0,0.0,-0.0246,0.0011,-0.1542,26.0912,19.8166,34.8681,0.0,0.0433,-0.3635,0.0,0.0,0.0,3857678.7183,3986927.6185,-3821398.8129,3642.1133,2499.105,6295.6851,3857652.6271,3986907.8019,-3821433.681,3642.1379,2499.1039,6295.8394,0.0,0.0765,3.9732,0.0,0.0,1.0,0.0,1.0,0.0,0.0,1.172,-23.972,0.0,1.0,0.0,0.0,0.0,-1.0,0.21927152117865192,0.0194164878389476,-0.201785,1.6105417708553096,7.116027960451521,,
347.0791,40.326,-0.209,0.056,36.354,-0.09,0.031,-0.155,0.011,-0.004,-0.155,0.011,-0.004,0.863,-0.34,0.603,0.005,-0.005,0.007,0.0,-0.0,0.0,838.436,-0.0,-1.0,-0.0,0.0,0.0,0.0,0.0,0.0,-0.6852,0.6935,-0.2227,0.7218,0.6874,-0.0802,0.0974,-0.2157,-0.9716,0.676,0.226,-0.7014,-0.7316,0.0917,-0.6755,-0.0884,0.9698,0.2273,0.0001,-0.0001,0.0001,0.0,0.0,0.0,-0.0301,-0.0043,-0.1526,26.0857,19.8163,34.8373,0.0,0.0433,-0.3635,0.0,0.0,0.0,3858409.05,3987428.7142,-3820136.0996,3641.099,2498.057,6296.6859,3858382.9643,3987408.8979,-3820170.937,3641.129,2498.0613,6296.8385,0.0,0.0765,3.9732,0.0,0.0,1.0,0.0,1.0,0.0,0.0,1.172,-23.972,0.0,1.0,0.0,0.0,0.0,-1.0,0.21637236422426964,0.011704699910719625,-0.20163,1.6176938406227201,7.110561824049559,,
347.2839,40.295,-0.207,0.055,36.322,-0.089,0.03,-0.155,0.003,-0.004,-0.155,0.003,-0.004,0.864,-0.341,0.604,0.005,-0.005,0.007,0.0,-0.0,0.0,838.405,-0.0,-1.0,-0.0,0.0,0.0,0.0,0.0,0.0,-0.6852,0.6935,-0.2227,0.7218,0.6874,-0.0802,0.0975,-0.2157,-0.9716,0.676,0.226,-0.7014,-0.7316,0.0917,-0.6755,-0.0884,0.9698,0.2273,0.0001,-0.0001,0.0001,0.0,0.0,0.0,-0.0356,-0.0097,-0.1509,26.079,19.8148,34.8064,0.0,0.0433,-0.3635,0.0,0.0,0.0,3859150.2802,3987937.2153,-3818853.9782,3640.0691,2496.9929,6297.7016,3859124.2011,3987917.4004,-3818888.7846,3640.1047,2497.0027,6297.8525,0.0,0.0765,3.9732,0.0,0.0,1.0,0.0,1.0,0.0,0.0,1.172,-23.972,0.0,1.0,0.0,0.0,0.0,-1.0,0.2141821654573508,0.005,-0.20147500000000002,1.6047112491530926,7.105095687647596,,
347.4883,40.263,-0.207,0.054,36.291,-0.089,0.029,-0.155,0.001,-0.004,-0.155,0.002,-0.004,0.865,-0.342,0.606,0.005,-0.005,0.007,0.0,-0.0,0.0,838.399,-0.0,0.0,-0.0,0.0,0.0,0.0,0.0,0.0,-0.6852,0.6935,-0.2226,0.7218,0.6874,-0.0801,0.0975,-0.2156,-0.9716,0.676,0.226,-0.7014,-0.7316,0.0917,-0.6755,-0.0884,0.9698,0.2273,0.0001,-0.0001,0.0001,0.0,0.0,0.0,-0.0367,-0.0109,-0.1505,26.0716,19.8126,34.7756,0.0,0.0433,-0.3635,0.0,0.0,0.0,3859895.6186,3988448.4615,-3817564.1762,3639.0374,2495.9269,6298.7215,3859869.547,3988428.6488,-3817598.9518,3639.0741,2495.9377,6298.872,0.0,0.0765,3.9732,0.0,0.0,1.0,0.0,1.0,0.0,0.0,1.172,-23.972,0.0,1.0,0.0,0.0,0.0,-1.0,0.21392755783208484,0.00412310562561766,-0.201315,1.605329640773698,7.099453224264925,,
347.6953,40.231,-0.207,0.053,36.259,-0.088,0.028,-0.155,0.001,-0.004,-0.155,0.002,-0.004,0.866,-0.343,0.607,0.005,-0.005,0.007,0.0,-0.0,0.0,838.399,-0.0,0.0,-0.0,0.0,0.0,0.0,0.0,0.0,-0.6852,0.6935,-0.2226,0.7218,0.6875,-0.0801,0.0975,-0.2156,-0.9716,0.676,0.226,-0.7014,-0.7316,0.0917,-0.6755,-0.0884,0.9698,0.2273,0.0001,-0.0001,0.0001,0.0,0.0,0.0,-0.0367,-0.0109,-0.1505,26.064,19.8104,34.7445,0.0,0.0433,-0.3635,0.0,0.0,0.0,3860646.2127,3988963.2383,-3816264.7007,3637.999,2494.854,6299.7482,3860620.1487,3988943.4279,-3816299.4453,3638.0358,2494.8649,6299.8987,0.0,0.0765,3.9732,0.0,0.0,1.0,0.0,1.0,0.0,0.0,1.172,-23.972,0.0,1.0,0.0,0.0,0.0,-1.0,0.21367732682715776,0.00412310562561766,-0.201155,1.6210470375511448,7.0938107608822545,,
347.8953,40.2,-0.207,0.053,36.228,-0.088,0.028,-0.155,0.001,-0.004,-0.155,0.002,-0.004,0.867,-0.344,0.609,0.005,-0.005,0.007,0.0,-0.0,0.0,838.399,-0.0,0.0,-0.0,0.0,0.0,0.0,0.0,0.0,-0.6852,0.6935,-0.2226,0.7218,0.6875,-0.0801,0.0975,-0.2156,-0.9716,0.676,0.226,-0.7014,-0.7316,0.0917,-0.6755,-0.0884,0.9698,0.2273,0.0001,-0.0001,0.0001,0.0,0.0,0.0,-0.0367,-0.0109,-0.1505,26.0566,19.8082,34.7145,0.0,0.0433,-0.3635,0.0,0.0,0.0,3861372.6105,3989461.3497,-3815006.5612,3636.9937,2493.8153,6300.7417,3861346.5538,3989441.5415,-3815041.2757,3637.0304,2493.8262,6300.8922,0.0,0.0765,3.9732,0.0,0.0,1.0,0.0,1.0,0.0,0.0,1.172,-23.972,0.0,1.0,0.0,0.0,0.0,-1.0,0.21367732682715776,0.00412310562561766,-0.201,1.6209436638965136,7.088344624480293,,
348.1026,40.168,-0.206,0.052,36.195,-0.088,0.027,-0.155,0.001,-0.004,-0.155,0.002,-0.004,0.868,-0.345,0.61,0.005,-0.005,0.007,0.0,-0.0,0.0,838.399,-0.0,0.0,-0.0,0.0,0.0,0.0,0.0,0.0,-0.6852,0.6935,-0.2226,0.7218,0.6875,-0.0801,0.0975,-0.2155,-0.9716,0.676,0.226,-0.7014,-0.7316,0.0917,-0.6755,-0.0884,0.9698,0.2273,0.0001,-0.0001,0.0001,0.0,0.0,0.0,-0.0367,-0.0109,-0.1506,26.049,19.806,34.6833,0.0,0.0433,-0.3635,0.0,0.0,0.0,3862125.4467,3989977.5174,-3813702.0506,3635.9513,2492.7383,6301.7713,3862099.3976,3989957.7114,-3813736.7339,3635.988,2492.7492,6301.9218,0.0,0.0765,3.9732,0.0,0.0,1.0,0.0,1.0,0.0,0.0,1.172,-23.972,0.0,1.0,0.0,0.0,0.0,-1.0,0.2124617612654098,0.00412310562561766,-0.20084,1.6065590563054202,7.082702161097621,,
348.3088,40.135,-0.206,0.051,36.163,-0.087,0.026,-0.155,0.001,-0.004,-0.155,0.002,-0.004,0.869,-0.346,0.612,0.005,-0.005,0.007,0.0,-0.0,0.0,838.399,-0.0,0.0,-0.0,0.0,0.0,0.0,0.0,0.0,-0.6852,0.6935,-0.2226,0.7218,0.6875,-0.08,0.0976,-0.2155,-0.9716,0.676,0.226,-0.7014,-0.7316,0.0917,-0.6755,-0.0884,0.9698,0.2273,0.0001,-0.0001,0.0001,0.0,0.0,0.0,-0.0367,-0.0109,-0.1506,26.0414,19.8037,34.6522,0.0,0.0433,-0.3635,0.0,0.0,0.0,3862877.4796,3990493.0591,-3812398.347,3634.9095,2491.662,6302.7998,3862851.4381,3990473.2554,-3812432.9992,3634.9462,2491.6729,6302.9503,0.0,0.0765,3.9732,0.0,0.0,1.0,0.0,1.0,0.0,0.0,1.172,-23.972,0.0,1.0,0.0,0.0,0.0,-1.0,0.21221922627321022,0.00412310562561766,-0.200675,1.6227164553265334,7.076883370734241,,
348.5157,40.103,-0.206,0.05,36.131,-0.087,0.025,-0.155,0.001,-0.004,-0.155,0.002,-0.004,0.87,-0.348,0.613,0.005,-0.005,0.007,0.0,-0.0,0.0,838.399,-0.0,0.0,-0.0,0.0,0.0,0.0,0.0,0.0,-0.6852,0.6935,-0.2226,0.7217,0.6875,-0.08,0.0976,-0.2155,-0.9716,0.676,0.226,-0.7014,-0.7316,0.0917,-0.6755,-0.0884,0.9698,0.2273,0.0001,-0.0001,0.0001,0.0,0.0,0.0,-0.0367,-0.0109,-0.1506,26.0338,19.8015,34.6211,0.0,0.0433,-0.3635,0.0,0.0,0.0,3863627.6235,3991007.2313,-3811097.3333,3633.8698,2490.588,6303.8256,3863601.5896,3990987.4298,-3811131.9544,3633.9065,2490.5989,6303.9762,0.0,0.0765,3.9732,0.0,0.0,1.0,0.0,1.0,0.0,0.0,1.172,-23.972,0.0,1.0,0.0,0.0,0.0,-1.0,0.21198113123577766,0.00412310562561766,-0.200515,1.6228993445366446,7.071240907351571,,
348.7202,40.071,-0.206,0.05,36.099,-0.087,0.024,-0.155,0.001,-0.004,-0.155,0.002,-0.004,0.871,-0.349,0.615,0.005,-0.005,0.007,0.0,-0.0,0.0,838.399,-0.0,0.0,-0.0,0.0,0.0,0.0,0.0,0.0,-0.6853,0.6934,-0.2226,0.7217,0.6875,-0.08,0.0976,-0.2155,-0.9716,0.676,0.226,-0.7014,-0.7316,0.0917,-0.6755,-0.0884,0.9698,0.2273,0.0001,-0.0001,0.0001,0.0,0.0,0.0,-0.0368,-0.0109,-0.1506,26.0263,19.7993,34.5902,0.0,0.0433,-0.3635,0.0,0.0,0.0,3864372.9162,3991518.0045,-3809804.1552,3632.8363,2489.5205,6304.8447,3864346.8899,3991498.2052,-3809838.7454,3632.8731,2489.5314,6304.9953,0.0,0.0765,3.9732,0.0,0.0,1.0,0.0,1.0,0.0,0.0,1.172,-23.972,0.0,1.0,0.0,0.0,0.0,-1.0,0.21198113123577766,0.00412310562561766,-0.20035499999999998,1.6260374681044933,7.0655984439688995,,
348.9214,40.04,-0.205,0.049,36.068,-0.086,0.024,-0.155,0.001,-0.004,-0.155,0.002,-0.004,0.872,-0.35,0.616,0.005,-0.005,0.007,0.0,-0.0,0.0,838.399,-0.0,0.0,-0.0,0.0,0.0,0.0,0.0,0.0,-0.6853,0.6934,-0.2226,0.7217,0.6875,-0.0799,0.0976,-0.2154,-0.9716,0.676,0.226,-0.7014,-0.7316,0.0917,-0.6755,-0.0884,0.9698,0.2273,0.0001,-0.0001,0.0001,0.0,0.0,0.0,-0.0368,-0.0109,-0.1506,26.019,19.7971,34.56,0.0,0.0433,-0.3635,0.0,0.0,0.0,3865101.297,3992017.1162,-3808539.7631,3631.8258,2488.4768,6305.8407,3865075.278,3991997.3191,-3808574.3231,3631.8626,2488.4877,6305.9913,0.0,0.0765,3.9732,0.0,0.0,1.0,0.0,1.0,0.0,0.0,1.172,-23.972,0.0,1.0,0.0,0.0,0.0,-1.0,0.21077476129745704,0.00412310562561766,-0.2002,1.624401157462759,7.0601323075669375,,
349.1254,40.009,-0.205,0.048,36.037,-0.086,0.023,-0.155,0.001,-0.004,-0.155,0.002,-0.004,0.873,-0.351,0.618,0.005,-0.005,0.007,0.0,-0.0,0.0,838.399,-0.0,0.0,-0.0,0.0,0.0,0.0,0.0,0.0,-0.6853,0.6934,-0.2226,0.7217,0.6876,-0.0799,0.0976,-0.2154,-0.9716,0.676,0.226,-0.7014,-0.7316,0.0917,-0.6755,-0.0884,0.9698,0.2273,0.0001,-0.0001,0.0001,0.0,0.0,0.0,-0.0368,-0.0109,-0.1506,26.0114,19.7949,34.5292,0.0,0.0433,-0.3635,0.0,0.0,0.0,3865842.7998,3992525.1472,-3807252.0253,3630.7967,2487.4139,6306.8545,3865816.7884,3992505.3523,-3807286.5546,3630.8334,2487.4248,6307.0052,0.0,0.0765,3.9732,0.0,0.0,1.0,0.0,1.0,0.0,0.0,1.172,-23.972,0.0,1.0,0.0,0.0,0.0,-1.0,0.21054453210663057,0.00412310562561766,-0.200045,1.6245913094883633,7.054666171164976,,
349.3312,39.977,-0.205,0.048,36.005,-0.086,0.022,-0.155,0.001,-0.004,-0.155,0.002,-0.004,0.874,-0.352,0.619,0.005,-0.005,0.007,0.0,-0.0,0.0,838.399,-0.0,0.0,-0.0,0.0,0.0,0.0,0.0,0.0,-0.6853,0.6934,-0.2226,0.7217,0.6876,-0.0799,0.0977,-0.2154,-0.9716,0.676,0.226,-0.7014,-0.7316,0.0917,-0.6755,-0.0884,0.9698,0.2273,0.0001,-0.0001,0.0001,0.0,0.0,0.0,-0.0368,-0.0109,-0.1506,26.0039,19.7927,34.4983,0.0,0.0433,-0.3635,0.0,0.0,0.0,3866588.818,3993036.1978,-3805955.8706,3629.7607,2486.344,6307.8745,3866562.8141,3993016.4052,-3805990.3689,3629.7975,2486.355,6308.0251,0.0,0.0765,3.9732,0.0,0.0,1.0,0.0,1.0,0.0,0.0,1.172,-23.972,0.0,1.0,0.0,0.0,0.0,-1.0,0.21054453210663057,0.00412310562561766,-0.19988499999999998,1.6277553497907493,7.049023707782304,,
349.5358,39.945,-0.205,0.047,35.973,-0.085,0.021,-0.155,0.001,-0.004,-0.155,0.002,-0.004,0.875,-0.353,0.621,0.005,-0.005,0.007,0.0,-0.0,0.0,838.399,-0.0,0.0,-0.0,0.0,0.0,0.0,0.0,0.0,-0.6853,0.6934,-0.2226,0.7217,0.6876,-0.0798,0.0977,-0.2154,-0.9716,0.676,0.226,-0.7014,-0.7316,0.0917,-0.6755,-0.0884,0.9698,0.2273,0.0001,-0.0001,0.0001,0.0,0.0,0.0,-0.0368,-0.0109,-0.1506,25.9964,19.7904,34.4675,0.0,0.0433,-0.3635,0.0,0.0,0.0,3867330.0398,3993543.8895,-3804667.4749,3628.731,2485.2806,6308.8879,3867304.0435,3993524.099,-3804701.9424,3628.7677,2485.2915,6309.0385,0.0,0.0765,3.9732,0.0,0.0,1.0,0.0,1.0,0.0,0.0,1.172,-23.972,0.0,1.0,0.0,0.0,0.0,-1.0,0.2103188056261256,0.00412310562561766,-0.199725,1.6434657620847954,7.043381244399633,,
349.7376,39.913,-0.205,0.046,35.941,-0.085,0.02,-0.155,0.001,-0.004,-0.155,0.002,-0.004,0.876,-0.354,0.622,0.005,-0.005,0.007,0.0,-0.0,0.0,838.399,-0.0,0.0,-0.0,0.0,0.0,0.0,0.0,0.0,-0.6853,0.6934,-0.2226,0.7217,0.6876,-0.0798,0.0977,-0.2153,-0.9716,0.676,0.226,-0.7014,-0.7316,0.0917,-0.6755,-0.0884,0.9698,0.2273,0.0001,-0.0001,0.0001,0.0,0.0,0.0,-0.0368,-0.0109,-0.1507,25.9889,19.7882,34.437,0.0,0.0433,-0.3635,0.0,0.0,0.0,3868065.0155,3994047.2309,-3803389.3687,3627.7094,2484.2258,6309.8926,3868039.0266,3994027.4427,-3803423.8057,3627.7461,2484.2367,6310.0433,0.0,0.0765,3.9732,0.0,0.0,1.0,0.0,1.0,0.0,0.0,1.172,-23.972,0.0,1.0,0.0,0.0,0.0,-1.0,0.21009759636892564,0.00412310562561766,-0.199565,1.6436678281208879,7.037738781016962,,
349.9402,39.882,-0.204,0.045,35.91,-0.085,0.019,-0.155,0.001,-0.004,-0.155,0.002,-0.006,0.877,-0.357,0.623,0.005,-0.033,0.007,0.0,-0.001,0.0,838.381,-0.0,0.0,-0.0,0.0,-0.674,0.0,0.0,0.0,-0.6853,0.6934,-0.2226,0.7217,0.6876,-0.0798,0.0978,-0.2153,-0.9716,0.676,0.226,-0.7014,-0.7316,0.0917,-0.6755,-0.0884,0.9698,0.2273,0.0001,-0.0006,0.0001,0.0,0.0,0.0,-0.0368,-0.0109,-0.1507,25.9814,19.786,34.4062,0.0,0.0433,-0.3635,0.0,0.0,0.0,3868805.3966,3994554.2014,-3802101.293,3626.6798,2483.1627,6310.9047,3868779.4152,3994534.4153,-3802135.6993,3626.7166,2483.1736,6311.0554,0.0,0.0765,3.9732,0.0,0.0,1.0,0.0,1.0,0.0,0.0,1.172,-23.972,0.0,1.0,0.0,0.0,0.0,-1.0,0.20890428430264418,0.00412310562561766,-0.19940999999999998,1.6297915177020674,7.0322726446149995,,
350.1408,39.851,-0.204,0.045,35.879,-0.084,0.018,-0.155,0.001,-0.004,-0.155,0.002,-0.01,0.878,-0.368,0.625,0.006,-0.079,0.006,0.0,-0.001,0.0,838.354,-0.0,0.0,-0.0,0.0,-0.993,0.0,0.0,0.0,-0.6853,0.6934,-0.2227,0.7217,0.6876,-0.0796,0.098,-0.2153,-0.9716,0.676,0.226,-0.7014,-0.7316,0.0917,-0.6755,-0.0884,0.9698,0.2273,0.0001,-0.0014,0.0001,0.0,0.0,0.0,-0.0368,-0.0109,-0.1507,25.974,19.7839,34.3762,0.0,0.0433,-0.3635,0.0,0.0,0.0,3869528.7538,3995049.444,-3800842.2836,3625.6734,2482.1236,6311.8935,3869502.7798,3995029.6601,-3800876.6598,3625.7102,2482.1345,6312.0442,0.0,0.0765,3.9732,0.0,0.0,1.0,0.0,1.0,0.0,0.0,1.172,-23.972,0.0,1.0,0.0,0.0,0.0,-1.0,0.20890428430264418,0.00412310562561766,-0.199255,1.648620248430542,7.0268065082130375,,
350.3437,39.819,-0.204,0.044,35.847,-0.084,0.016,-0.155,0.001,-0.004,-0.155,0.001,-0.013,0.879,-0.389,0.626,0.006,-0.126,0.005,0.0,-0.002,0.0,838.326,-0.0,0.0,-0.0,0.0,-0.993,0.0,0.0,0.0,-0.6852,0.6934,-0.223,0.7217,0.6877,-0.0793,0.0983,-0.2153,-0.9716,0.676,0.226,-0.7014,-0.7316,0.0917,-0.6755,-0.0884,0.9698,0.2273,0.0001,-0.0022,0.0001,0.0,0.0,0.0,-0.0368,-0.0109,-0.1507,25.9664,19.7818,34.3454,0.0,0.0433,-0.3635,0.0,0.0,0.0,3870268.7663,3995556.0177,-3799553.7175,3624.6434,2481.0602,6312.905,3870242.7999,3995536.2359,-3799588.0629,3624.6802,2481.0711,6313.0557,0.0,0.0765,3.9732,0.0,0.0,1.0,0.0,1.0,0.0,0.0,1.172,-23.972,0.0,1.0,0.0,0.0,0.0,-1.0,0.2086911593719293,0.00412310562561766,-0.19909500000000002,1.6524212225868433,7.021164044830368,,
350.55,39.787,-0.204,0.043,35.815,-0.084,0.013,-0.155,0.001,-0.005,-0.155,0.001,-0.016,0.88,-0.419,0.627,0.007,-0.161,0.005,0.0,-0.003,0.0,838.297,-0.0,0.0,-0.0,0.0,0.0,0.0,0.0,0.0,-0.6851,0.6934,-0.2233,0.7217,0.6877,-0.0789,0.0988,-0.2152,-0.9716,0.676,0.226,-0.7014,-0.7316,0.0917,-0.6755,-0.0884,0.9698,0.2273,0.0001,-0.0028,0.0001,0.0,0.0,0.0,-0.0368,-0.0109,-0.1507,25.9588,19.7797,34.3145,0.0,0.0433,-0.3635,0.0,0.0,0.0,3871013.3767,3996065.665,-3798256.5672,3623.6065,2479.9897,6313.9227,3870987.4179,3996045.8853,-3798290.8817,3623.6432,2480.0007,6314.0734,0.0,0.0765,3.9732,0.0,0.0,1.0,0.0,1.0,0.0,0.0,1.172,-23.972,0.0,1.0,0.0,0.0,0.0,-1.0,0.20848261318392955,0.005099019513592785,-0.198935,1.6602778071913358,7.015521581447696,,
350.7537,39.755,-0.203,0.042,35.783,-0.083,0.01,-0.155,0.001,-0.004,-0.155,0.001,-0.012,0.881,-0.448,0.628,0.006,-0.115,0.005,0.0,-0.002,0.0,838.269,-0.0,0.0,-0.0,0.0,0.0,0.0,0.0,0.0,-0.685,0.6934,-0.2236,0.7218,0.6877,-0.0785,0.0993,-0.2152,-0.9715,0.676,0.226,-0.7014,-0.7316,0.0917,-0.6755,-0.0884,0.9698,0.2273,0.0001,-0.002,0.0001,0.0,0.0,0.0,-0.0368,-0.0109,-0.1507,25.9511,19.7776,34.2838,0.0,0.0433,-0.3635,0.0,0.0,0.0,3871751.8343,3996571.0277,-3796969.563,3622.5776,2478.9277,6314.9319,3871725.8831,3996551.2501,-3797003.8468,3622.6144,2478.9386,6315.0826,0.0,0.0765,3.9732,0.0,0.0,1.0,0.0,1.0,0.0,0.0,1.172,-23.972,0.0,1.0,0.0,0.0,0.0,-1.0,0.20729930052945186,0.00412310562561766,-0.198775,1.6701656262536637,7.009879118065026,,
350.9591,39.723,-0.203,0.041,35.751,-0.083,0.008,-0.155,0.001,-0.004,-0.155,0.002,-0.009,0.882,-0.466,0.629,0.006,-0.067,0.006,0.0,-0.001,0.0,838.24,-0.0,0.0,-0.0,0.0,0.0,0.0,0.0,0.0,-0.6849,0.6934,-0.2238,0.7218,0.6877,-0.0783,0.0996,-0.2152,-0.9715,0.676,0.226,-0.7014,-0.7316,0.0917,-0.6755,-0.0884,0.9698,0.2273,0.0001,-0.0012,0.0001,0.0,0.0,0.0,-0.0368,-0.0109,-0.1507,25.9435,19.7754,34.2527,0.0,0.0433,-0.3635,0.0,0.0,0.0,3872498.7905,3997082.1321,-3795667.1656,3621.5364,2477.853,6315.9527,3872472.847,3997062.3567,-3795701.4183,3621.5732,2477.8639,6316.1035,0.0,0.0765,3.9732,0.0,0.0,1.0,0.0,1.0,0.0,0.0,1.172,-23.972,0.0,1.0,0.0,0.0,0.0,-1.0,0.20709901013766338,0.00412310562561766,-0.19861499999999999,1.6747880216412738,7.004236654682354,,
351.1597,39.692,-0.203,0.04,35.72,-0.083,0.006,-0.156,0.001,-0.004,-0.155,0.002,-0.005,0.883,-0.475,0.63,0.005,-0.021,0.007,0.0,-0.0,0.0,838.213,-0.0,0.0,-0.0,0.0,0.0,0.0,0.0,0.0,-0.6849,0.6934,-0.2239,0.7218,0.6877,-0.0782,0.0998,-0.2151,-0.9715,0.676,0.226,-0.7014,-0.7316,0.0917,-0.6755,-0.0884,0.9698,0.2273,0.0001,-0.0004,0.0001,0.0,0.0,0.0,-0.0368,-0.0109,-0.1507,25.9361,19.7733,34.2225,0.0,0.0433,-0.3635,0.0,0.0,0.0,3873224.1197,3997578.3668,-3794401.9161,3620.5249,2476.8089,6316.9439,3873198.1836,3997558.5935,-3794436.1386,3620.5617,2476.8199,6317.0947,0.0,0.0765,3.9732,0.0,0.0,1.0,0.0,1.0,0.0,0.0,1.172,-23.972,0.0,1.0,0.0,0.0,0.0,-1.0,0.20690335908341362,0.00412310562561766,-0.19846,1.6795806553475736,6.998770518280391,,
351.3651,39.66,-0.203,0.04,35.689,-0.082,0.005,-0.156,0.001,-0.004,-0.156,0.002,-0.004,0.884,-0.477,0.632,0.005,-0.007,0.007,0.0,-0.0,0.0,838.204,-0.0,0.0,-0.0,0.0,0.0,0.0,0.0,0.0,-0.6849,0.6934,-0.2239,0.7218,0.6877,-0.0781,0.0998,-0.2151,-0.9715,0.676,0.226,-0.7014,-0.7316,0.0917,-0.6755,-0.0884,0.9698,0.2273,0.0001,-0.0001,0.0001,0.0,0.0,0.0,-0.0368,-0.0109,-0.1508,25.9286,19.7711,34.1919,0.0,0.0433,-0.3635,0.0,0.0,0.0,3873960.1467,3998081.8483,-3793117.4406,3619.498,2475.7491,6317.9497,3873934.218,3998062.0772,-3793151.6324,3619.5348,2475.76,6318.1004,0.0,0.0765,3.9732,0.0,0.0,1.0,0.0,1.0,0.0,0.0,1.172,-23.972,0.0,1.0,0.0,0.0,0.0,-1.0,0.20690335908341362,0.00412310562561766,-0.19829999999999998,1.6997354967860292,6.993128054897721,,
351.5655,39.629,-0.202,0.039,35.657,-0.082,0.004,-0.156,0.001,-0.004,-0.156,0.002,-0.004,0.885,-0.479,0.633,0.005,-0.007,0.007,0.0,-0.0,0.0,838.204,-0.0,0.0,-0.0,0.0,0.0,0.0,0.0,0.0,-0.6849,0.6934,-0.2239,0.7217,0.6877,-0.0781,0.0999,-0.2151,-0.9715,0.676,0.226,-0.7014,-0.7316,0.0917,-0.6755,-0.0884,0.9698,0.2273,0.0001,-0.0001,0.0001,0.0,0.0,0.0,-0.0368,-0.0109,-0.1508,25.9212,19.7689,34.1616,0.0,0.0433,-0.3635,0.0,0.0,0.0,3874686.4084,3998578.5784,-3791849.4505,3618.4842,2474.7028,6318.942,3874660.4872,3998558.8095,-3791883.6121,3618.521,2474.7138,6319.0928,0.0,0.0765,3.9732,0.0,0.0,1.0,0.0,1.0,0.0,0.0,1.172,-23.972,0.0,1.0,0.0,0.0,0.0,-1.0,0.20573040611440985,0.00412310562561766,-0.198145,1.685841572627397,6.987661918495758,,
351.767,39.598,-0.202,0.038,35.626,-0.082,0.004,-0.156,0.001,-0.004,-0.156,0.002,-0.004,0.886,-0.48,0.635,0.005,-0.007,0.007,0.0,-0.0,0.0,838.204,-0.0,0.0,-0.0,0.0,0.0,0.0,0.0,0.0,-0.6849,0.6934,-0.2239,0.7217,0.6878,-0.078,0.0999,-0.2151,-0.9715,0.676,0.226,-0.7014,-0.7316,0.0917,-0.6755,-0.0884,0.9698,0.2273,0.0001,-0.0001,0.0001,0.0,0.0,0.0,-0.0368,-0.0109,-0.1508,25.9138,19.7667,34.1313,0.0,0.0433,-0.3635,0.0,0.0,0.0,3875414.3369,3999076.3772,-3790577.996,3617.4676,2473.6538,6319.9366,3875388.423,3999056.6105,-3790612.1272,3617.5044,2473.6647,6320.0874,0.0,0.0765,3.9732,0.0,0.0,1.0,0.0,1.0,0.0,0.0,1.172,-23.972,0.0,1.0,0.0,0.0,0.0,-1.0,0.20554318281081474,0.00412310562561766,-0.19799,1.6815411113329564,6.982195782093796,,
351.9674,39.567,-0.202,0.037,35.595,-0.081,0.003,-0.156,0.001,-0.004,-0.156,0.002,-0.004,0.887,-0.482,0.636,0.005,-0.007,0.007,0.0,-0.0,0.0,838.204,-0.0,0.0,-0.0,0.0,0.0,0.0,0.0,0.0,-0.6849,0.6933,-0.2239,0.7217,0.6878,-0.078,0.0999,-0.215,-0.9715,0.676,0.226,-0.7014,-0.7316,0.0917,-0.6755,-0.0884,0.9698,0.2273,0.0001,-0.0001,0.0001,0.0,0.0,0.0,-0.0368,-0.0109,-0.1508,25.9065,19.7646,34.1011,0.0,0.0433,-0.3635,0.0,0.0,0.0,3876137.9158,3999571.1312,-3789313.5833,3616.4566,2472.6106,6320.9252,3876112.0093,3999551.3667,-3789347.6844,3616.4934,2472.6215,6321.076,0.0,0.0765,3.9732,0.0,0.0,1.0,0.0,1.0,0.0,0.0,1.172,-23.972,0.0,1.0,0.0,0.0,0.0,-1.0,0.2053606583550024,0.00412310562561766,-0.197835,1.6970779671025737,6.976729645691834,,
352.1702,39.535,-0.202,0.037,35.563,-0.081,0.002,-0.156,0.001,-0.004,-0.156,0.002,-0.004,0.888,-0.483,0.638,0.005,-0.007,0.007,0.0,-0.0,0.0,838.204,-0.0,0.0,-0.0,0.0,0.0,0.0,0.0,0.0,-0.6849,0.6933,-0.2239,0.7217,0.6878,-0.078,0.0999,-0.215,-0.9715,0.676,0.226,-0.7014,-0.7316,0.0917,-0.6755,-0.0884,0.9698,0.2273,0.0001,-0.0001,0.0001,0.0,0.0,0.0,-0.0368,-0.0109,-0.1508,25.899,19.7623,34.0704,0.0,0.0433,-0.3635,0.0,0.0,0.0,3876874.3709,4000074.6172,-3788026.1037,3615.4272,2471.5484,6321.9314,3876848.472,4000054.8549,-3788060.1741,3615.464,2471.5593,6322.0822,0.0,0.0765,3.9732,0.0,0.0,1.0,0.0,1.0,0.0,0.0,1.172,-23.972,0.0,1.0,0.0,0.0,0.0,-1.0,0.2053606583550024,0.00412310562561766,-0.197675,1.701598092179474,6.971087182309162,,
352.3717,39.504,-0.202,0.036,35.532,-0.081,0.001,-0.156,0.001,-0.004,-0.156,0.002,-0.004,0.889,-0.485,0.639,0.005,-0.007,0.007,0.0,-0.0,0.0,838.204,-0.0,0.0,-0.0,0.0,0.0,0.0,0.0,0.0,-0.6849,0.6933,-0.2239,0.7217,0.6878,-0.0779,0.1,-0.215,-0.9715,0.676,0.226,-0.7014,-0.7316,0.0917,-0.6755,-0.0884,0.9698,0.2273,0.0001,-0.0001,0.0001,0.0,0.0,0.0,-0.0368,-0.0109,-0.1508,25.8915,19.7601,34.0399,0.0,0.0433,-0.3635,0.0,0.0,0.0,3877604.2304,4000573.5217,-3786749.5926,3614.4064,2470.4953,6322.9284,3877578.3389,4000553.7616,-3786783.6325,3614.4433,2470.5062,6323.0792,0.0,0.0765,3.9732,0.0,0.0,1.0,0.0,1.0,0.0,0.0,1.172,-23.972,0.0,1.0,0.0,0.0,0.0,-1.0,0.20518284528683192,0.00412310562561766,-0.19752,1.701940879644413,6.9656210459072,,
352.5761,39.472,-0.201,0.035,35.5,-0.08,0.001,-0.156,0.001,-0.003,-0.156,0.001,-0.001,0.89,-0.483,0.64,0.005,0.032,-0.004,-0.0,0.001,0.0,838.167,-0.0,0.0,-0.0,-0.201,1.0,0.0,0.0,0.0,-0.685,0.6933,-0.2239,0.7217,0.6878,-0.0779,0.0999,-0.215,-0.9715,0.676,0.226,-0.7014,-0.7316,0.0917,-0.6755,-0.0884,0.9698,0.2273,-0.0001,0.0006,0.0001,0.0,0.0,0.0,-0.0368,-0.0109,-0.1508,25.884,19.7579,34.009,0.0,0.0433,-0.3635,0.0,0.0,0.0,3878344.764,4001079.6493,-3785453.8378,3613.3703,2469.4263,6323.94,3878318.8799,4001059.8914,-3785487.8469,3613.4071,2469.4372,6324.0908,0.0,0.0765,3.9732,0.0,0.0,1.0,0.0,1.0,0.0,0.0,1.172,-23.972,0.0,1.0,0.0,0.0,0.0,-1.0,0.2040245083317198,0.0031622776601683794,-0.19736,1.699049731294883,6.9599785825245295,,
352.7768,39.441,-0.201,0.035,35.469,-0.081,0.001,-0.156,0.001,-0.003,-0.156,-0.002,0.002,0.891,-0.472,0.635,0.004,0.075,-0.047,-0.001,0.001,0.0,838.09,-0.0,0.0,-0.0,-0.491,1.0,0.0,0.0,0.0,-0.685,0.6933,-0.2238,0.7217,0.6878,-0.0781,0.0998,-0.2151,-0.9715,0.676,0.226,-0.7014,-0.7316,0.0917,-0.6755,-0.0884,0.9698,0.2273,-0.0008,0.0013,0.0001,0.0,0.0,0.0,-0.0368,-0.0109,-0.1508,25.8766,19.7556,33.9787,0.0,0.0433,-0.3634,0.0,0.0,0.0,3879071.2073,4001576.0748,-3784182.1748,3612.3534,2468.3772,6324.9323,3879045.3307,4001556.3191,-3784216.1535,3612.3902,2468.3882,6325.0831,0.0,0.0765,3.9732,0.0,0.0,1.0,0.0,1.0,0.0,0.0,1.172,-23.972,0.0,1.0,0.0,0.0,0.0,-1.0,0.2040245083317198,0.0031622776601683794,-0.19720500000000002,1.6837555278151828,6.954512446122568,,
352.9806,39.409,-0.201,0.034,35.437,-0.081,0.001,-0.156,0.0,-0.003,-0.156,-0.006,0.005,0.892,-0.452,0.621,0.004,0.119,-0.092,-0.002,0.002,0.0,838.011,-0.0,0.0,-0.0,-0.586,1.0,0.0,0.0,0.0,-0.6851,0.6932,-0.2238,0.7216,0.6878,-0.0786,0.0994,-0.2153,-0.9715,0.676,0.226,-0.7014,-0.7316,0.0917,-0.6755,-0.0884,0.9698,0.2273,-0.0016,0.0021,0.0001,0.0,0.0,0.0,-0.0368,-0.0109,-0.1509,25.8691,19.7532,33.948,0.0,0.0433,-0.3634,0.0,0.0,0.0,3879806.6617,4002078.5858,-3782894.167,3611.3234,2467.3147,6325.9368,3879780.7926,4002058.8326,-3782928.115,3611.3602,2467.3257,6326.0877,0.0,0.0765,3.9732,0.0,0.0,1.0,0.0,1.0,0.0,0.0,1.172,-23.972,0.0,1.0,0.0,0.0,0.0,-1.0,0.20385534086699814,0.003,-0.197045,1.6795340297918007,6.948869982739896,,
353.1822,39.378,-0.201,0.033,35.405,-0.083,0.003,-0.156,0.0,-0.003,-0.156,-0.009,0.009,0.894,-0.424,0.598,0.004,0.162,-0.134,-0.002,0.003,0.0,837.934,-0.0,0.0,-0.0,-0.55,1.0,0.0,0.0,0.0,-0.6852,0.6931,-0.2237,0.7216,0.6878,-0.0792,0.099,-0.2157,-0.9714,0.676,0.226,-0.7014,-0.7316,0.0917,-0.6755,-0.0884,0.9698,0.2273,-0.0024,0.0028,0.0001,0.0,0.0,0.0,-0.0368,-0.0109,-0.1509,25.8618,19.7508,33.9176,0.0,0.0433,-0.3634,0.0,0.0,0.0,3880534.335,4002575.7077,-3781619.2275,3610.3038,2466.263,6326.9307,3880508.4732,4002555.9569,-3781653.1451,3610.3406,2466.274,6327.0816,0.0,0.0765,3.9732,0.0,0.0,1.0,0.0,1.0,0.0,0.0,1.172,-23.972,0.0,1.0,0.0,0.0,0.0,-1.0,0.2036909423612155,0.003,-0.19689,1.6358584758427592,6.943403846337934,,
353.3871,39.346,-0.201,0.033,35.374,-0.085,0.005,-0.156,-0.0,-0.002,-0.156,-0.012,0.012,0.895,-0.386,0.566,0.004,0.207,-0.179,-0.003,0.004,0.0,837.854,-0.0,0.0,-0.0,-0.168,0.638,0.0,0.0,0.0,-0.6854,0.693,-0.2237,0.7215,0.6878,-0.0801,0.0983,-0.2162,-0.9714,0.676,0.226,-0.7014,-0.7316,0.0917,-0.6755,-0.0884,0.9698,0.2273,-0.0032,0.0036,0.0001,0.0,0.0,0.0,-0.0368,-0.0109,-0.1509,25.8542,19.7483,33.8867,0.0,0.0433,-0.3634,0.0,0.0,0.0,3881274.3026,4003081.1555,-3780322.1697,3609.2665,2465.1931,6327.9413,3881248.4484,4003061.4072,-3780356.0565,3609.3033,2465.2041,6328.0922,0.0,0.0765,3.9732,0.0,0.0,1.0,0.0,1.0,0.0,0.0,1.172,-23.972,0.0,1.0,0.0,0.0,0.0,-1.0,0.2036909423612155,0.002,-0.19673,1.5973803365405812,6.937761382955262,,
353.5873,39.315,-0.201,0.032,35.342,-0.088,0.007,-0.156,0.0,-0.002,-0.156,-0.01,0.01,0.896,-0.345,0.533,0.004,0.183,-0.145,-0.003,0.003,0.0,837.764,-0.0,0.0,-0.0,0.0,0.0,0.0,0.0,0.0,-0.6856,0.6928,-0.2236,0.7214,0.6877,-0.081,0.0977,-0.2168,-0.9713,0.676,0.226,-0.7014,-0.7316,0.0917,-0.6755,-0.0884,0.9698,0.2273,-0.0026,0.0032,0.0001,0.0,0.0,0.0,-0.0368,-0.011,-0.1509,25.8469,19.7457,33.8566,0.0,0.0433,-0.3634,0.0,0.0,0.0,3881997.4527,4003575.0442,-3779054.0299,3608.2523,2464.1471,6328.9289,3881971.6058,4003555.2985,-3779087.8865,3608.2891,2464.1581,6329.0798,0.0,0.0765,3.9732,0.0,0.0,1.0,0.0,1.0,0.0,0.0,1.172,-23.972,0.0,1.0,0.0,0.0,0.0,-1.0,0.20353132437047622,0.002,-0.196575,1.5395735600658684,6.9322952465533,,
353.7896,39.283,-0.201,0.032,35.311,-0.089,0.009,-0.156,0.0,-0.003,-0.156,-0.007,0.007,0.897,-0.313,0.507,0.004,0.139,-0.103,-0.002,0.002,0.0,837.673,-0.0,0.0,-0.0,0.0,0.0,0.0,0.0,0.0,-0.6857,0.6927,-0.2235,0.7214,0.6877,-0.0817,0.0971,-0.2173,-0.9713,0.676,0.226,-0.7014,-0.7316,0.0917,-0.6755,-0.0884,0.9698,0.2273,-0.0018,0.0024,0.0001,0.0,0.0,0.0,-0.0368,-0.011,-0.1509,25.8395,19.7432,33.826,0.0,0.0433,-0.3633,0.0,0.0,0.0,3882728.1312,4004074.0026,-3777772.1258,3607.227,2463.0898,6329.9267,3882702.2917,4004054.2594,-3777805.9518,3607.2639,2463.1008,6330.0776,0.0,0.0765,3.9732,0.0,0.0,1.0,0.0,1.0,0.0,0.0,1.172,-23.972,0.0,1.0,0.0,0.0,0.0,-1.0,0.20353132437047622,0.003,-0.196415,1.5174356619024223,6.9266527831706295,,
353.9902,39.252,-0.201,0.031,35.28,-0.09,0.01,-0.156,0.001,-0.003,-0.156,-0.003,0.004,0.898,-0.289,0.491,0.003,0.096,-0.06,-0.001,0.002,0.0,837.582,-0.0,0.0,-0.0,0.0,0.0,0.0,0.0,0.0,-0.6858,0.6927,-0.2234,0.7213,0.6877,-0.0822,0.0967,-0.2175,-0.9712,0.676,0.226,-0.7014,-0.7316,0.0917,-0.6755,-0.0884,0.9698,0.2273,-0.0011,0.0017,0.0001,0.0,0.0,0.0,-0.0368,-0.011,-0.1509,25.8322,19.7409,33.7964,0.0,0.0433,-0.3633,0.0,0.0,0.0,3883437.029,4004558.0187,-3776527.8912,3606.2319,2462.0636,6330.8947,3883411.1968,4004538.2778,-3776561.6876,3606.2687,2462.0745,6331.0456,0.0,0.0765,3.9732,0.0,0.0,1.0,0.0,1.0,0.0,0.0,1.172,-23.972,0.0,1.0,0.0,0.0,0.0,-1.0,0.20337649815059752,0.0031622776601683794,-0.19626000000000002,1.4956651569393908,6.921186646768668,,
354.1962,39.22,-0.201,0.031,35.248,-0.091,0.011,-0.156,0.001,-0.003,-0.156,-0.0,0.0,0.899,-0.274,0.484,0.003,0.051,-0.016,-0.0,0.001,0.0,837.489,-0.0,0.0,-0.0,0.0,0.0,0.0,0.0,0.0,-0.6859,0.6926,-0.2234,0.7213,0.6877,-0.0825,0.0965,-0.2177,-0.9712,0.676,0.226,-0.7014,-0.7316,0.0917,-0.6755,-0.0884,0.9698,0.2273,-0.0003,0.0009,0.0001,0.0,0.0,0.0,-0.0368,-0.011,-0.1509,25.8247,19.7386,33.7653,0.0,0.0433,-0.3633,0.0,0.0,0.0,3884179.5425,4005064.9132,-3775224.0856,3605.189,2460.9882,6331.9086,3884153.7178,4005045.1747,-3775257.8509,3605.2259,2460.9992,6332.0595,0.0,0.0765,3.9732,0.0,0.0,1.0,0.0,1.0,0.0,0.0,1.172,-23.972,0.0,1.0,0.0,0.0,0.0,-1.0,0.20337649815059752,0.0031622776601683794,-0.1961,1.4769514498691707,6.915544183385996,,
354.4025,39.188,-0.2,0.03,35.216,-0.091,0.01,-0.156,0.001,-0.003,-0.156,0.001,-0.003,0.9,-0.269,0.482,0.004,0.007,-0.007,-0.0,0.0,0.0,837.448,-0.0,0.0,-0.0,0.0,0.0,0.0,0.0,0.0,-0.6859,0.6926,-0.2233,0.7213,0.6877,-0.0825,0.0964,-0.2177,-0.9712,0.676,0.226,-0.7014,-0.7316,0.0917,-0.6755,-0.0884,0.9698,0.2273,-0.0001,0.0001,0.0001,0.0,0.0,0.0,-0.0368,-0.011,-0.1509,25.8171,19.7363,33.7344,0.0,0.0433,-0.3633,0.0,0.0,0.0,3884919.0933,4005569.7112,-3773924.8972,3604.1499,2459.9167,6332.9183,3884893.2761,4005549.9749,-3773958.6316,3604.1867,2459.9277,6333.0692,0.0,0.0765,3.9732,0.0,0.0,1.0,0.0,1.0,0.0,0.0,1.172,-23.972,0.0,1.0,0.0,0.0,0.0,-1.0,0.20223748416156687,0.0031622776601683794,-0.19594,1.4629513885403371,6.909901720003326,,
354.6045,39.157,-0.2,0.029,35.185,-0.09,0.01,-0.156,0.001,-0.003,-0.156,0.001,-0.003,0.9,-0.267,0.481,0.004,0.007,-0.007,-0.0,0.0,0.0,837.448,-0.0,0.0,-0.0,0.0,0.0,0.0,0.0,0.0,-0.6859,0.6926,-0.2233,0.7213,0.6877,-0.0826,0.0964,-0.2177,-0.9712,0.676,0.226,-0.7014,-0.7316,0.0917,-0.6755,-0.0884,0.9698,0.2273,-0.0001,0.0001,0.0001,0.0,0.0,0.0,-0.0368,-0.011,-0.151,25.8097,19.734,33.7038,0.0,0.0433,-0.3633,0.0,0.0,0.0,3885647.6241,4006066.9142,-3772644.5017,3603.1257,2458.8608,6333.913,3885621.8144,4006047.1802,-3772678.2056,3603.1625,2458.8718,6334.0639,0.0,0.0765,3.9732,0.0,0.0,1.0,0.0,1.0,0.0,0.0,1.172,-23.972,0.0,1.0,0.0,0.0,0.0,-1.0,0.20209156340629367,0.0031622776601683794,-0.195785,1.475861897501192,6.904435583601362,,
354.8057,39.125,-0.2,0.029,35.153,-0.09,0.009,-0.156,0.001,-0.003,-0.156,-0.0,-0.002,0.901,-0.266,0.479,0.004,0.017,-0.017,-0.0,0.0,0.0,837.43,-0.0,0.0,-0.0,-0.254,0.273,0.0,0.0,0.0,-0.6859,0.6926,-0.2233,0.7213,0.6877,-0.0826,0.0963,-0.2177,-0.9712,0.676,0.226,-0.7014,-0.7316,0.0917,-0.6755,-0.0884,0.9698,0.2273,-0.0003,0.0003,0.0001,0.0,0.0,0.0,-0.0368,-0.011,-0.151,25.8022,19.7318,33.6733,0.0,0.0433,-0.3633,0.0,0.0,0.0,3886376.9436,4006564.5834,-3771362.1525,3602.0999,2457.8033,6334.9086,3886351.1414,4006544.8516,-3771395.8257,3602.1368,2457.8143,6335.0596,0.0,0.0765,3.9732,0.0,0.0,1.0,0.0,1.0,0.0,0.0,1.172,-23.972,0.0,1.0,0.0,0.0,0.0,-1.0,0.20209156340629367,0.0031622776601683794,-0.195625,1.4786256180649258,6.898793120218692,,
355.0118,39.093,-0.2,0.028,35.121,-0.091,0.009,-0.156,0.001,-0.003,-0.156,-0.004,0.001,0.902,-0.258,0.471,0.003,0.062,-0.063,-0.001,0.001,0.0,837.349,-0.0,0.0,-0.0,-0.967,1.0,0.0,0.0,0.0,-0.686,0.6925,-0.2233,0.7213,0.6877,-0.0828,0.0962,-0.2179,-0.9712,0.676,0.226,-0.7014,-0.7316,0.0917,-0.6755,-0.0884,0.9698,0.2273,-0.0011,0.0011,0.0001,0.0,0.0,0.0,-0.0368,-0.011,-0.151,25.7946,19.7295,33.6422,0.0,0.0433,-0.3633,0.0,0.0,0.0,3887118.8671,4007070.7789,-3770057.0589,3601.0559,2456.727,6335.9215,3887093.0724,4007051.0495,-3770090.7011,3601.0928,2456.738,6336.0724,0.0,0.0765,3.9732,0.0,0.0,1.0,0.0,1.0,0.0,0.0,1.172,-23.972,0.0,1.0,0.0,0.0,0.0,-1.0,0.20195048898182943,0.0031622776601683794,-0.19546500000000003,1.4602555509674073,6.8931506568360215,,
355.2176,39.061,-0.2,0.027,35.089,-0.092,0.01,-0.156,0.0,-0.003,-0.156,-0.007,0.005,0.903,-0.24,0.453,0.003,0.106,-0.106,-0.002,0.002,0.0,837.271,-0.0,0.0,-0.0,-1.0,1.0,0.0,0.0,0.0,-0.686,0.6925,-0.2233,0.7212,0.6877,-0.0833,0.0959,-0.2182,-0.9712,0.676,0.226,-0.7014,-0.7316,0.0917,-0.6755,-0.0884,0.9698,0.2273,-0.0019,0.0018,0.0001,0.0,0.0,0.0,-0.0369,-0.011,-0.151,25.787,19.727,33.6112,0.0,0.0433,-0.3632,0.0,0.0,0.0,3887859.6865,4007576.1462,-3768753.3228,3600.013,2455.6519,6336.9327,3887833.8994,4007556.4191,-3768786.934,3600.0498,2455.6629,6337.0837,0.0,0.0765,3.9732,0.0,0.0,1.0,0.0,1.0,0.0,0.0,1.172,-23.972,0.0,1.0,0.0,0.0,0.0,-1.0,0.20181427105138033,0.003,-0.195305,1.4393410969868388,6.887508193453351,,
355.4225,39.029,-0.2,0.027,35.057,-0.094,0.011,-0.156,0.0,-0.003,-0.156,-0.01,0.008,0.904,-0.214,0.427,0.003,0.151,-0.151,-0.003,0.003,0.0,837.19,-0.0,0.0,-0.0,-0.879,0.665,0.0,0.0,0.0,-0.6861,0.6923,-0.2233,0.7212,0.6877,-0.0839,0.0955,-0.2186,-0.9711,0.676,0.226,-0.7014,-0.7316,0.0917,-0.6755,-0.0884,0.9698,0.2273,-0.0027,0.0026,0.0001,0.0,0.0,0.0,-0.0369,-0.011,-0.151,25.7795,19.7245,33.5802,0.0,0.0433,-0.3632,0.0,0.0,0.0,3888599.4914,4008080.7467,-3767450.7862,3598.971,2454.5779,6337.9425,3888573.7119,4008061.0221,-3767484.3664,3599.0078,2454.5888,6338.0936,0.0,0.0765,3.9732,0.0,0.0,1.0,0.0,1.0,0.0,0.0,1.172,-23.972,0.0,1.0,0.0,0.0,0.0,-1.0,0.20181427105138033,0.003,-0.195145,1.405329834212913,6.88186573007068,,
355.626,38.998,-0.2,0.026,35.025,-0.096,0.012,-0.156,0.0,-0.003,-0.156,-0.009,0.006,0.904,-0.184,0.395,0.003,0.126,-0.137,-0.002,0.002,0.0,837.101,-0.0,0.0,-0.0,0.0,0.0,0.0,0.0,0.0,-0.6863,0.6922,-0.2234,0.7211,0.6876,-0.0847,0.095,-0.2192,-0.9711,0.676,0.226,-0.7014,-0.7316,0.0917,-0.6755,-0.0884,0.9698,0.2273,-0.0024,0.0022,0.0001,0.0,0.0,0.0,-0.0369,-0.011,-0.151,25.772,19.722,33.5495,0.0,0.0433,-0.3632,0.0,0.0,0.0,3889330.7297,4008579.4308,-3766162.7568,3597.9405,2453.5158,6338.9406,3889304.9577,4008559.7088,-3766196.3063,3597.9774,2453.5268,6339.0916,0.0,0.0765,3.9732,0.0,0.0,1.0,0.0,1.0,0.0,0.0,1.172,-23.972,0.0,1.0,0.0,0.0,0.0,-1.0,0.20168291945526773,0.003,-0.19499,1.36900375081873,6.876399593668717,,
355.8312,38.966,-0.2,0.026,34.993,-0.097,0.013,-0.156,0.0,-0.003,-0.156,-0.006,0.003,0.905,-0.163,0.372,0.003,0.081,-0.094,-0.002,0.001,0.0,837.009,-0.0,0.0,-0.0,0.0,0.0,0.0,0.0,0.0,-0.6864,0.6921,-0.2234,0.7211,0.6876,-0.0852,0.0946,-0.2196,-0.971,0.676,0.226,-0.7014,-0.7316,0.0917,-0.6755,-0.0884,0.9698,0.2273,-0.0017,0.0014,0.0001,0.0,0.0,0.0,-0.0369,-0.011,-0.151,25.7644,19.7196,33.5186,0.0,0.0433,-0.3632,0.0,0.0,0.0,3890068.8273,4009082.7185,-3764862.0674,3596.8999,2452.4433,6339.948,3890043.0628,4009062.9989,-3764895.586,3596.9368,2452.4543,6340.099,0.0,0.0765,3.9732,0.0,0.0,1.0,0.0,1.0,0.0,0.0,1.172,-23.972,0.0,1.0,0.0,0.0,0.0,-1.0,0.20168291945526773,0.003,-0.19483,1.351058915129432,6.870757130286046,,
356.0371,38.934,-0.199,0.025,34.961,-0.098,0.013,-0.156,0.001,-0.003,-0.156,-0.003,-0.001,0.906,-0.151,0.357,0.003,0.035,-0.049,-0.001,0.001,0.0,836.914,-0.0,0.0,-0.0,0.0,0.0,0.0,0.0,0.0,-0.6864,0.692,-0.2234,0.7211,0.6876,-0.0855,0.0944,-0.2198,-0.971,0.676,0.226,-0.7014,-0.7316,0.0917,-0.6755,-0.0884,0.9698,0.2273,-0.0009,0.0006,0.0001,0.0,0.0,0.0,-0.0369,-0.011,-0.151,25.7568,19.7172,33.4875,0.0,0.0433,-0.3632,0.0,0.0,0.0,3890808.2696,4009586.8486,-3763558.4228,3595.8569,2451.3684,6340.9572,3890782.5128,4009567.1314,-3763591.9104,3595.8938,2451.3794,6341.1082,0.0,0.0765,3.9732,0.0,0.0,1.0,0.0,1.0,0.0,0.0,1.172,-23.972,0.0,1.0,0.0,0.0,0.0,-1.0,0.20056420418409662,0.0031622776601683794,-0.19466999999999998,1.319108154241063,6.865114666903375,,
356.2429,38.902,-0.199,0.024,34.929,-0.098,0.013,-0.156,0.001,-0.003,-0.156,0.0,-0.003,0.906,-0.148,0.351,0.003,0.007,-0.008,-0.0,0.0,0.0,836.842,-0.0,0.0,-0.0,0.0,0.0,0.0,0.0,0.0,-0.6864,0.692,-0.2235,0.721,0.6876,-0.0856,0.0944,-0.2199,-0.9709,0.676,0.226,-0.7014,-0.7316,0.0917,-0.6755,-0.0884,0.9698,0.2273,-0.0001,0.0001,0.0,0.0,0.0,0.0,-0.0369,-0.011,-0.1511,25.7493,19.7149,33.4568,0.0,0.0433,-0.3631,0.0,0.0,0.0,3891541.2726,4010086.5148,-3762265.5522,3594.8225,2450.3025,6341.9575,3891515.5233,4010066.7999,-3762299.0089,3594.8594,2450.3135,6342.1085,0.0,0.0765,3.9732,0.0,0.0,1.0,0.0,1.0,0.0,0.0,1.172,-23.972,0.0,1.0,0.0,0.0,0.0,-1.0,0.20044201156444225,0.0031622776601683794,-0.19451000000000002,1.3173846292296605,6.8594722035207045,,
356.445,38.87,-0.199,0.024,34.898,-0.098,0.012,-0.156,0.001,-0.003,-0.156,0.0,-0.003,0.907,-0.146,0.35,0.003,0.007,-0.008,-0.0,0.0,0.0,836.842,-0.0,0.0,-0.0,0.0,0.0,0.0,0.0,0.0,-0.6864,0.692,-0.2235,0.721,0.6876,-0.0857,0.0944,-0.22,-0.9709,0.676,0.226,-0.7014,-0.7316,0.0917,-0.6755,-0.0884,0.9698,0.2273,-0.0001,0.0001,0.0,0.0,0.0,0.0,-0.0369,-0.011,-0.1511,25.7419,19.7127,33.426,0.0,0.0433,-0.3631,0.0,0.0,0.0,3892272.502,4010584.8986,-3760975.2366,3593.7901,2449.2386,6342.9553,3892246.7601,4010565.1859,-3761008.6626,3593.827,2449.2497,6343.1064,0.0,0.0765,3.9732,0.0,0.0,1.0,0.0,1.0,0.0,0.0,1.172,-23.972,0.0,1.0,0.0,0.0,0.0,-1.0,0.20044201156444225,0.0031622776601683794,-0.19435,1.3194099836538489,6.853829740138033,,
356.6456,38.839,-0.199,0.023,34.866,-0.098,0.012,-0.156,0.001,-0.003,-0.156,0.0,-0.003,0.908,-0.145,0.348,0.003,0.007,-0.008,-0.0,0.0,0.0,836.842,-0.0,0.0,-0.0,0.0,0.0,0.0,0.0,0.0,-0.6865,0.692,-0.2235,0.721,0.6876,-0.0857,0.0944,-0.22,-0.9709,0.676,0.226,-0.7014,-0.7316,0.0917,-0.6755,-0.0884,0.9698,0.2273,-0.0001,0.0001,0.0,0.0,0.0,0.0,-0.0369,-0.011,-0.1511,25.7344,19.7104,33.3957,0.0,0.0433,-0.3631,0.0,0.0,0.0,3892993.7076,4011076.3787,-3759702.0467,3592.7714,2448.189,6343.9394,3892967.9732,4011056.6683,-3759735.4424,3592.8082,2448.2,6344.0905,0.0,0.0765,3.9732,0.0,0.0,1.0,0.0,1.0,0.0,0.0,1.172,-23.972,0.0,1.0,0.0,0.0,0.0,-1.0,0.20032473636573195,0.0031622776601683794,-0.194195,1.3173010671174579,6.848363603736071,,
356.8463,38.808,-0.199,0.022,34.835,-0.098,0.011,-0.156,0.001,-0.003,-0.156,0.0,-0.003,0.908,-0.143,0.347,0.003,0.007,-0.008,-0.0,0.0,0.0,836.842,-0.0,0.0,-0.0,0.0,0.0,0.0,0.0,0.0,-0.6865,0.692,-0.2235,0.721,0.6876,-0.0857,0.0943,-0.22,-0.9709,0.676,0.226,-0.7014,-0.7316,0.0917,-0.6755,-0.0884,0.9698,0.2273,-0.0001,0.0001,0.0,0.0,0.0,0.0,-0.0369,-0.011,-0.1511,25.7271,19.7082,33.3655,0.0,0.0433,-0.3631,0.0,0.0,0.0,3893712.9894,4011566.4767,-3758431.6969,3591.7549,2447.1417,6344.9209,3893687.2624,4011546.7685,-3758465.0623,3591.7918,2447.1527,6345.072,0.0,0.0765,3.9732,0.0,0.0,1.0,0.0,1.0,0.0,0.0,1.172,-23.972,0.0,1.0,0.0,0.0,0.0,-1.0,0.20021238722916224,0.0031622776601683794,-0.19404,1.3173422226260176,6.842897467334109,,
357.0465,38.776,-0.199,0.022,34.804,-0.098,0.011,-0.156,0.001,-0.003,-0.156,0.0,-0.003,0.909,-0.142,0.345,0.003,0.007,-0.008,-0.0,0.0,0.0,836.842,-0.0,0.0,-0.0,0.0,0.0,0.0,0.0,0.0,-0.6865,0.692,-0.2235,0.721,0.6876,-0.0858,0.0943,-0.22,-0.9709,0.676,0.226,-0.7014,-0.7316,0.0917,-0.6755,-0.0884,0.9698,0.2273,-0.0001,0.0001,0.0,0.0,0.0,0.0,-0.0369,-0.011,-0.1511,25.7196,19.706,33.3352,0.0,0.0433,-0.3631,0.0,0.0,0.0,3894433.5897,4012057.4019,-3757158.4601,3590.736,2446.0921,6345.904,3894407.8701,4012037.6959,-3757191.7952,3590.7729,2446.1031,6346.0551,0.0,0.0765,3.9732,0.0,0.0,1.0,0.0,1.0,0.0,0.0,1.172,-23.972,0.0,1.0,0.0,0.0,0.0,-1.0,0.20021238722916224,0.0031622776601683794,-0.19388000000000002,1.3175913892098488,6.837255003951438,,
357.2537,38.744,-0.198,0.021,34.772,-0.098,0.01,-0.156,0.001,-0.003,-0.156,0.0,-0.003,0.909,-0.141,0.343,0.003,0.007,-0.008,-0.0,0.0,0.0,836.842,-0.0,0.0,-0.0,0.0,0.0,0.0,0.0,0.0,-0.6865,0.6919,-0.2235,0.721,0.6876,-0.0858,0.0943,-0.2201,-0.9709,0.676,0.226,-0.7014,-0.7316,0.0917,-0.6755,-0.0884,0.9698,0.2273,-0.0001,0.0001,0.0,0.0,0.0,0.0,-0.0369,-0.011,-0.1511,25.712,19.7037,33.3039,0.0,0.0433,-0.3631,0.0,0.0,0.0,3895175.0363,4012562.4545,-3755847.8063,3589.6872,2445.0116,6346.9156,3895149.3242,4012542.7508,-3755881.1102,3589.7241,2445.0226,6347.0667,0.0,0.0765,3.9732,0.0,0.0,1.0,0.0,1.0,0.0,0.0,1.172,-23.972,0.0,1.0,0.0,0.0,0.0,-1.0,0.1991105220725414,0.0031622776601683794,-0.19372,1.3033016725090114,6.831612540568767,,
357.4542,38.713,-0.198,0.02,34.74,-0.098,0.009,-0.156,0.001,-0.003,-0.156,0.0,-0.003,0.91,-0.139,0.342,0.003,0.007,-0.008,-0.0,0.0,0.0,836.842,-0.0,0.0,-0.0,0.0,0.0,0.0,0.0,0.0,-0.6865,0.6919,-0.2235,0.721,0.6876,-0.0859,0.0943,-0.2201,-0.9709,0.676,0.226,-0.7014,-0.7316,0.0917,-0.6755,-0.0884,0.9698,0.2273,-0.0001,0.0001,0.0,0.0,0.0,0.0,-0.0369,-0.011,-0.1511,25.7046,19.7015,33.2737,0.0,0.0433,-0.3631,0.0,0.0,0.0,3895894.0228,4013052.136,-3754576.2887,3588.6697,2443.9635,6347.8965,3895868.3182,4013032.4345,-3754609.5624,3588.7066,2443.9745,6348.0476,0.0,0.0765,3.9732,0.0,0.0,1.0,0.0,1.0,0.0,0.0,1.172,-23.972,0.0,1.0,0.0,0.0,0.0,-1.0,0.19900753754569198,0.0031622776601683794,-0.19356500000000001,1.3029791838896874,6.8261464041668045,,
357.6578,38.681,-0.198,0.019,34.708,-0.098,0.009,-0.156,0.001,-0.003,-0.156,0.0,-0.003,0.911,-0.138,0.34,0.003,0.004,-0.008,-0.0,0.0,0.0,836.84,-0.0,0.0,-0.0,0.0,-0.225,0.0,0.0,0.0,-0.6865,0.6919,-0.2235,0.721,0.6876,-0.0859,0.0942,-0.2201,-0.9709,0.676,0.226,-0.7014,-0.7316,0.0917,-0.6755,-0.0884,0.9698,0.2273,-0.0001,0.0001,0.0,0.0,0.0,0.0,-0.0369,-0.011,-0.1511,25.6971,19.6992,33.2427,0.0,0.0433,-0.3631,0.0,0.0,0.0,3896629.7136,4013553.1206,-3753274.6527,3587.6281,2442.8905,6348.9001,3896604.0165,4013533.4214,-3753307.8954,3587.665,2442.9015,6349.0512,0.0,0.0765,3.9732,0.0,0.0,1.0,0.0,1.0,0.0,0.0,1.172,-23.972,0.0,1.0,0.0,0.0,0.0,-1.0,0.19890952717253138,0.0031622776601683794,-0.193405,1.301329356207811,6.820503940784134,,
357.8631,38.649,-0.198,0.019,34.676,-0.098,0.008,-0.156,0.001,-0.004,-0.156,0.0,-0.007,0.911,-0.142,0.339,0.003,-0.043,-0.009,-0.0,-0.001,0.0,836.812,-0.0,0.0,-0.0,0.0,-0.993,0.0,0.0,0.0,-0.6865,0.6919,-0.2236,0.721,0.6876,-0.0859,0.0943,-0.2201,-0.9709,0.676,0.226,-0.7014,-0.7316,0.0917,-0.6755,-0.0884,0.9698,0.2273,-0.0001,-0.0007,0.0,0.0,0.0,0.0,-0.0369,-0.011,-0.1512,25.6895,19.697,33.2117,0.0,0.0433,-0.3631,0.0,0.0,0.0,3897366.3697,4014054.6874,-3751970.7278,3586.5845,2441.8157,6349.9049,3897340.6803,4014034.9904,-3752003.9395,3586.6214,2441.8267,6350.0561,0.0,0.0765,3.9732,0.0,0.0,1.0,0.0,1.0,0.0,0.0,1.172,-23.972,0.0,1.0,0.0,0.0,0.0,-1.0,0.19890952717253138,0.00412310562561766,-0.193245,1.3028997868431982,6.814861477401463,,
358.0684,38.617,-0.197,0.018,34.644,-0.098,0.006,-0.156,0.001,-0.004,-0.156,0.0,-0.01,0.912,-0.155,0.337,0.003,-0.091,-0.009,-0.0,-0.002,0.0,836.784,-0.0,0.0,-0.0,0.0,-0.993,0.0,0.0,0.0,-0.6865,0.6919,-0.2238,0.721,0.6876,-0.0857,0.0946,-0.2202,-0.9709,0.676,0.226,-0.7014,-0.7316,0.0917,-0.6755,-0.0884,0.9698,0.2273,-0.0001,-0.0016,0.0001,0.0,0.0,0.0,-0.0369,-0.011,-0.1512,25.6818,19.6948,33.1807,0.0,0.0433,-0.3631,0.0,0.0,0.0,3898100.9895,4014554.7938,-3750669.8188,3585.5434,2440.7434,6350.9069,3898075.3076,4014535.099,-3750702.9995,3585.5803,2440.7545,6351.0581,0.0,0.0765,3.9732,0.0,0.0,1.0,0.0,1.0,0.0,0.0,1.172,-23.972,0.0,1.0,0.0,0.0,0.0,-1.0,0.19782062582046392,0.00412310562561766,-0.19308499999999998,1.2905539034640574,6.809219014018791,,
358.2736,38.585,-0.197,0.017,34.612,-0.098,0.003,-0.156,0.001,-0.004,-0.156,0.0,-0.014,0.912,-0.179,0.335,0.004,-0.137,-0.01,-0.0,-0.002,0.0,836.756,-0.0,0.0,-0.0,0.0,-0.137,0.0,0.0,0.0,-0.6864,0.6919,-0.2241,0.721,0.6876,-0.0854,0.095,-0.2202,-0.9708,0.676,0.226,-0.7014,-0.7316,0.0917,-0.6755,-0.0884,0.9698,0.2273,-0.0001,-0.0024,0.0001,0.0,0.0,0.0,-0.0369,-0.011,-0.1512,25.6741,19.6926,33.1497,0.0,0.0433,-0.3631,0.0,0.0,0.0,3898837.2293,4015055.9282,-3749365.4575,3584.4995,2439.6684,6351.9111,3898811.5552,4015036.2356,-3749398.6072,3584.5364,2439.6794,6352.0623,0.0,0.0765,3.9732,0.0,0.0,1.0,0.0,1.0,0.0,0.0,1.172,-23.972,0.0,1.0,0.0,0.0,0.0,-1.0,0.1977321420508057,0.00412310562561766,-0.192925,1.295089324082701,6.803576550636121,,
358.4741,38.554,-0.197,0.016,34.581,-0.098,0.001,-0.156,0.001,-0.004,-0.156,0.0,-0.011,0.913,-0.204,0.333,0.003,-0.1,-0.01,-0.0,-0.002,0.0,836.727,-0.0,0.0,-0.0,0.0,0.0,0.0,0.0,0.0,-0.6863,0.6919,-0.2244,0.7211,0.6876,-0.0851,0.0954,-0.2202,-0.9708,0.676,0.226,-0.7014,-0.7316,0.0917,-0.6755,-0.0884,0.9698,0.2273,-0.0001,-0.0017,0.0001,0.0,0.0,0.0,-0.0369,-0.011,-0.1512,25.6666,19.6905,33.1192,0.0,0.0433,-0.3631,0.0,0.0,0.0,3899560.0992,4015547.8893,-3748084.2129,3583.474,2438.6124,6352.897,3899534.4326,4015528.1988,-3748117.3321,3583.5109,2438.6234,6353.0482,0.0,0.0765,3.9732,0.0,0.0,1.0,0.0,1.0,0.0,0.0,1.172,-23.972,0.0,1.0,0.0,0.0,0.0,-1.0,0.1976486782146544,0.00412310562561766,-0.19277,1.2977395680078756,6.798110414234159,,
358.6786,38.522,-0.197,0.015,34.549,-0.097,-0.001,-0.156,0.001,-0.004,-0.156,0.0,-0.007,0.914,-0.219,0.331,0.003,-0.052,-0.009,-0.0,-0.001,0.0,836.699,-0.0,0.0,-0.0,0.0,0.0,0.0,0.0,0.0,-0.6862,0.6918,-0.2246,0.7211,0.6876,-0.085,0.0956,-0.2202,-0.9707,0.676,0.226,-0.7014,-0.7316,0.0917,-0.6755,-0.0884,0.9698,0.2273,-0.0001,-0.0009,0.0001,0.0,0.0,0.0,-0.0369,-0.011,-0.1512,25.659,19.6883,33.0885,0.0,0.0433,-0.3631,0.0,0.0,0.0,3900288.6368,4016043.6344,-3746792.3506,3582.44,2437.5477,6353.8906,3900262.9778,4016023.9461,-3746825.4391,3582.4769,2437.5587,6354.0418,0.0,0.0765,3.9732,0.0,0.0,1.0,0.0,1.0,0.0,0.0,1.172,-23.972,0.0,1.0,0.0,0.0,0.0,-1.0,0.19757024067404486,0.00412310562561766,-0.19261,1.316281019653824,6.792467950851488,,
358.8804,38.49,-0.197,0.015,34.518,-0.097,-0.002,-0.156,0.001,-0.004,-0.156,0.0,-0.004,0.914,-0.225,0.329,0.003,-0.006,-0.008,-0.0,-0.0,0.0,836.671,-0.0,0.0,-0.0,-0.006,0.0,0.0,0.0,0.0,-0.6862,0.6918,-0.2247,0.7211,0.6876,-0.0849,0.0957,-0.2203,-0.9707,0.676,0.226,-0.7014,-0.7316,0.0917,-0.6755,-0.0884,0.9698,0.2273,-0.0001,-0.0001,0.0001,0.0,0.0,0.0,-0.0369,-0.011,-0.1512,25.6515,19.6861,33.058,0.0,0.0433,-0.3631,0.0,0.0,0.0,3901011.4291,4016535.3972,-3745510.1095,3581.4137,2436.4909,6354.8763,3900985.7776,4016515.7111,-3745543.1675,3581.4506,2436.5019,6355.0275,0.0,0.0765,3.9732,0.0,0.0,1.0,0.0,1.0,0.0,0.0,1.172,-23.972,0.0,1.0,0.0,0.0,0.0,-1.0,0.19757024067404486,0.00412310562561766,-0.19245,1.319433661023411,6.786825487468818,,
359.0859,38.459,-0.196,0.014,34.486,-0.097,-0.003,-0.156,0.001,-0.004,-0.156,0.0,-0.004,0.915,-0.226,0.328,0.003,-0.006,-0.008,-0.0,-0.0,0.0,836.671,-0.0,0.0,-0.0,0.0,0.0,0.0,0.0,0.0,-0.6862,0.6918,-0.2247,0.7211,0.6876,-0.0849,0.0958,-0.2203,-0.9707,0.676,0.226,-0.7014,-0.7316,0.0917,-0.6755,-0.0884,0.9698,0.2273,-0.0001,-0.0001,0.0001,0.0,0.0,0.0,-0.0369,-0.011,-0.1512,25.644,19.6839,33.0272,0.0,0.0433,-0.3631,0.0,0.0,0.0,3901740.4706,4017031.3387,-3744216.2058,3580.378,2435.4246,6355.8704,3901714.8266,4017011.6548,-3744249.233,3580.4149,2435.4356,6356.0216,0.0,0.0765,3.9732,0.0,0.0,1.0,0.0,1.0,0.0,0.0,1.172,-23.972,0.0,1.0,0.0,0.0,0.0,-1.0,0.1964993638666548,0.00412310562561766,-0.19229500000000002,1.3050811124440356,6.781359351066855,,
359.2932,38.426,-0.196,0.013,34.453,-0.097,-0.004,-0.156,0.001,-0.004,-0.156,0.0,-0.004,0.915,-0.228,0.326,0.003,-0.006,-0.008,-0.0,-0.0,0.0,836.671,-0.0,0.0,-0.0,0.0,0.0,0.0,0.0,0.0,-0.6862,0.6918,-0.2247,0.7211,0.6876,-0.0849,0.0958,-0.2203,-0.9707,0.676,0.226,-0.7014,-0.7316,0.0917,-0.6755,-0.0884,0.9698,0.2273,-0.0001,-0.0001,0.0001,0.0,0.0,0.0,-0.0369,-0.011,-0.1512,25.6361,19.6815,32.9951,0.0,0.0433,-0.3631,0.0,0.0,0.0,3902498.9528,4017547.2291,-3742869.4404,3579.3,2434.3147,6356.9046,3902473.3166,4017527.5476,-3742902.4355,3579.3369,2434.3257,6357.0559,0.0,0.0765,3.9732,0.0,0.0,1.0,0.0,1.0,0.0,0.0,1.172,-23.972,0.0,1.0,0.0,0.0,0.0,-1.0,0.1964306493396588,0.00412310562561766,-0.19213000000000002,1.3052466663257198,6.775540560703475,,
359.4977,38.394,-0.196,0.012,34.421,-0.097,-0.005,-0.156,0.001,-0.004,-0.156,0.0,-0.003,0.916,-0.229,0.324,0.003,0.002,-0.008,-0.0,0.0,0.0,836.666,-0.0,0.0,-0.0,0.0,0.304,0.0,0.0,0.0,-0.6862,0.6918,-0.2248,0.7211,0.6877,-0.0849,0.0958,-0.2203,-0.9707,0.676,0.226,-0.7014,-0.7316,0.0917,-0.6755,-0.0884,0.9698,0.2273,-0.0001,0.0,0.0001,0.0,0.0,0.0,-0.0369,-0.011,-0.1513,25.6286,19.6793,32.9642,0.0,0.0433,-0.3631,0.0,0.0,0.0,3903231.9651,4018045.7202,-3741567.3048,3578.2576,2433.2417,6357.9041,3903206.3365,4018026.0409,-3741600.269,3578.2946,2433.2527,6358.0553,0.0,0.0765,3.9732,0.0,0.0,1.0,0.0,1.0,0.0,0.0,1.172,-23.972,0.0,1.0,0.0,0.0,0.0,-1.0,0.19636700333813725,0.00412310562561766,-0.19197,1.3054180209645063,6.769898097320804,,
359.7033,38.361,-0.196,0.012,34.389,-0.097,-0.005,-0.156,0.001,-0.003,-0.156,0.0,0.0,0.916,-0.224,0.323,0.003,0.05,-0.007,-0.0,0.001,0.0,836.637,-0.0,0.0,-0.0,0.0,1.0,0.0,0.0,0.0,-0.6862,0.6918,-0.2247,0.721,0.6877,-0.085,0.0957,-0.2204,-0.9707,0.676,0.226,-0.7014,-0.7316,0.0917,-0.6755,-0.0884,0.9698,0.2273,-0.0001,0.0009,0.0001,0.0,0.0,0.0,-0.0369,-0.011,-0.1513,25.621,19.6769,32.9329,0.0,0.0433,-0.3631,0.0,0.0,0.0,3903970.4182,4018547.8359,-3740254.9127,3577.207,2432.1602,6358.9109,3903944.7973,4018528.159,-3740287.8457,3577.244,2432.1713,6359.0621,0.0,0.0765,3.9732,0.0,0.0,1.0,0.0,1.0,0.0,0.0,1.172,-23.972,0.0,1.0,0.0,0.0,0.0,-1.0,0.19636700333813725,0.0031622776601683794,-0.19180499999999998,1.305661992523875,6.7640793069574245,,
359.9067,38.33,-0.196,0.011,34.357,-0.097,-0.005,-0.156,0.001,-0.003,-0.156,0.001,0.004,0.917,-0.209,0.321,0.002,0.097,-0.006,-0.0,0.002,0.0,836.609,-0.0,0.0,-0.0,0.0,1.0,0.0,0.0,0.0,-0.6863,0.6918,-0.2246,0.721,0.6877,-0.0852,0.0955,-0.2204,-0.9707,0.676,0.226,-0.7014,-0.7316,0.0917,-0.6755,-0.0884,0.9698,0.2273,-0.0001,0.0017,0.0001,0.0,0.0,0.0,-0.0369,-0.011,-0.1513,25.6135,19.6746,32.9021,0.0,0.0433,-0.3631,0.0,0.0,0.0,3904699.5091,4019043.5114,-3738958.5762,3576.1693,2431.092,6359.9048,3904673.8956,4019023.8368,-3738991.4783,3576.2062,2431.1031,6360.0561,0.0,0.0765,3.9732,0.0,0.0,1.0,0.0,1.0,0.0,0.0,1.172,-23.972,0.0,1.0,0.0,0.0,0.0,-1.0,0.19630843079195556,0.0031622776601683794,-0.19165,1.302463499275457,6.758613170555463,,
360.1095,38.298,-0.195,0.011,34.325,-0.097,-0.003,-0.156,0.001,-0.003,-0.156,0.001,0.007,0.918,-0.184,0.32,0.002,0.144,-0.006,-0.0,0.003,0.0,836.581,-0.0,0.0,-0.0,0.0,0.199,0.0,0.0,0.0,-0.6864,0.6918,-0.2243,0.721,0.6877,-0.0855,0.0951,-0.2204,-0.9708,0.676,0.226,-0.7014,-0.7316,0.0917,-0.6755,-0.0884,0.9698,0.2273,-0.0001,0.0025,0.0001,0.0,0.0,0.0,-0.0369,-0.011,-0.1513,25.6061,19.6723,32.8715,0.0,0.0433,-0.3631,0.0,0.0,0.0,3905423.038,4019535.3323,-3737671.5576,3575.1389,2430.0315,6360.8912,3905397.4319,4019515.6601,-3737704.429,3575.1759,2430.0426,6361.0425,0.0,0.0765,3.9732,0.0,0.0,1.0,0.0,1.0,0.0,0.0,1.172,-23.972,0.0,1.0,0.0,0.0,0.0,-1.0,0.19531000998412756,0.0031622776601683794,-0.19149000000000002,1.2826657532095427,6.752970707172792,,
360.3165,38.266,-0.195,0.01,34.293,-0.097,-0.002,-0.156,0.001,-0.003,-0.156,0.001,0.004,0.918,-0.158,0.319,0.002,0.105,-0.006,-0.0,0.002,0.0,836.553,-0.0,0.0,-0.0,0.0,0.0,0.0,0.0,0.0,-0.6865,0.6917,-0.224,0.7209,0.6877,-0.0859,0.0946,-0.2205,-0.9708,0.676,0.226,-0.7014,-0.7316,0.0917,-0.6755,-0.0884,0.9698,0.2273,-0.0001,0.0018,0.0001,0.0,0.0,0.0,-0.0369,-0.011,-0.1513,25.5986,19.6699,32.8402,0.0,0.0433,-0.3631,0.0,0.0,0.0,3906160.2854,4020036.4031,-3736359.5518,3574.0885,2428.9505,6361.8962,3906134.6868,4020016.7332,-3736392.3921,3574.1255,2428.9615,6362.0475,0.0,0.0765,3.9732,0.0,0.0,1.0,0.0,1.0,0.0,0.0,1.172,-23.972,0.0,1.0,0.0,0.0,0.0,-1.0,0.19525624189766638,0.0031622776601683794,-0.19133,1.278011119961163,6.74732824379012,,
360.5175,38.234,-0.195,0.009,34.262,-0.097,-0.002,-0.156,0.001,-0.003,-0.156,0.001,0.001,0.919,-0.142,0.318,0.003,0.058,-0.007,-0.0,0.001,0.0,836.524,-0.0,0.0,-0.0,0.0,0.0,0.0,0.0,0.0,-0.6866,0.6917,-0.2238,0.7209,0.6877,-0.0861,0.0944,-0.2205,-0.9708,0.676,0.226,-0.7014,-0.7316,0.0917,-0.6755,-0.0884,0.9698,0.2273,-0.0001,0.001,0.0,0.0,0.0,0.0,-0.0369,-0.011,-0.1513,25.5912,19.6676,32.8098,0.0,0.0433,-0.3631,0.0,0.0,0.0,3906880.4904,4020525.8182,-3735077.2993,3573.062,2427.894,6362.8779,3906854.8992,4020506.1507,-3735110.1091,3573.0989,2427.9051,6363.0292,0.0,0.0765,3.9732,0.0,0.0,1.0,0.0,1.0,0.0,0.0,1.172,-23.972,0.0,1.0,0.0,0.0,0.0,-1.0,0.19520758181996928,0.0031622776601683794,-0.19117,1.276343675889037,6.74168578040745,,
360.7225,38.202,-0.195,0.009,34.23,-0.097,-0.002,-0.156,0.001,-0.003,-0.156,0.0,-0.003,0.919,-0.135,0.316,0.003,0.012,-0.008,-0.0,0.0,0.0,836.497,-0.0,0.0,-0.0,0.0,0.0,0.0,0.0,0.0,-0.6866,0.6917,-0.2238,0.7209,0.6877,-0.0862,0.0942,-0.2205,-0.9708,0.676,0.226,-0.7014,-0.7316,0.0917,-0.6755,-0.0884,0.9698,0.2273,-0.0001,0.0002,0.0,0.0,0.0,0.0,-0.0369,-0.011,-0.1513,25.5836,19.6653,32.7788,0.0,0.0433,-0.3631,0.0,0.0,0.0,3907612.4785,4021023.1666,-3733773.4865,3572.0181,2426.8198,6363.8756,3907586.8948,4021003.5014,-3733806.2652,3572.055,2426.8309,6364.0269,0.0,0.0765,3.9732,0.0,0.0,1.0,0.0,1.0,0.0,0.0,1.172,-23.972,0.0,1.0,0.0,0.0,0.0,-1.0,0.19520758181996928,0.0031622776601683794,-0.19100999999999999,1.276219993074996,6.736043317024778,,
360.9289,38.17,-0.195,0.008,34.197,-0.096,-0.002,-0.156,0.001,-0.003,-0.156,0.0,-0.003,0.92,-0.133,0.314,0.003,0.008,-0.008,-0.0,0.0,0.0,836.494,-0.0,0.0,-0.0,0.0,0.0,0.0,0.0,0.0,-0.6866,0.6917,-0.2238,0.7209,0.6877,-0.0863,0.0942,-0.2205,-0.9708,0.676,0.226,-0.7014,-0.7316,0.0917,-0.6755,-0.0884,0.9698,0.2273,-0.0001,0.0001,0.0,0.0,0.0,0.0,-0.037,-0.011,-0.1513,25.576,19.663,32.7475,0.0,0.0433,-0.3631,0.0,0.0,0.0,3908350.3451,4021524.4333,-3732458.6124,3570.9653,2425.7365,6364.8813,3908324.7691,4021504.7703,-3732491.3599,3571.0023,2425.7476,6365.0326,0.0,0.0765,3.9732,0.0,0.0,1.0,0.0,1.0,0.0,0.0,1.172,-23.972,0.0,1.0,0.0,0.0,0.0,-1.0,0.1951640335717624,0.0031622776601683794,-0.19085000000000002,1.2898164202169335,6.7304008536421085,,
361.1325,38.139,-0.194,0.007,34.166,-0.096,-0.003,-0.156,0.001,-0.003,-0.156,0.0,-0.003,0.921,-0.131,0.313,0.003,0.008,-0.008,-0.0,0.0,0.0,836.494,-0.0,0.0,-0.0,0.0,0.0,0.0,0.0,0.0,-0.6867,0.6917,-0.2238,0.7209,0.6877,-0.0863,0.0942,-0.2206,-0.9708,0.676,0.226,-0.7014,-0.7316,0.0917,-0.6755,-0.0884,0.9698,0.2273,-0.0001,0.0001,0.0,0.0,0.0,0.0,-0.037,-0.011,-0.1514,25.5686,19.6607,32.7169,0.0,0.0433,-0.3631,0.0,0.0,0.0,3909071.6294,4022014.3612,-3731172.7128,3569.9357,2424.6771,6365.8643,3909046.0609,4021994.7004,-3731205.4297,3569.9726,2424.6882,6366.0156,0.0,0.0765,3.9732,0.0,0.0,1.0,0.0,1.0,0.0,0.0,1.172,-23.972,0.0,1.0,0.0,0.0,0.0,-1.0,0.19412624758130984,0.0031622776601683794,-0.190695,1.275556794770388,6.724934717240147,,
361.3331,38.107,-0.194,0.007,34.135,-0.096,-0.004,-0.156,0.001,-0.003,-0.156,0.0,-0.003,0.921,-0.13,0.311,0.003,0.008,-0.008,-0.0,0.0,0.0,836.494,-0.0,0.0,-0.0,0.0,0.0,0.0,0.0,0.0,-0.6867,0.6917,-0.2238,0.7208,0.6877,-0.0863,0.0942,-0.2206,-0.9708,0.676,0.226,-0.7014,-0.7316,0.0917,-0.6755,-0.0884,0.9698,0.2273,-0.0001,0.0001,0.0,0.0,0.0,0.0,-0.037,-0.011,-0.1514,25.5612,19.6585,32.6866,0.0,0.0433,-0.3631,0.0,0.0,0.0,3909787.3053,4022500.4079,-3729896.247,3568.9136,2423.6256,6366.8396,3909761.7441,4022480.7494,-3729928.9336,3568.9506,2423.6366,6366.9909,0.0,0.0765,3.9732,0.0,0.0,1.0,0.0,1.0,0.0,0.0,1.172,-23.972,0.0,1.0,0.0,0.0,0.0,-1.0,0.19412624758130984,0.0031622776601683794,-0.190535,1.277752147565891,6.719292253857475,,
361.539,38.075,-0.194,0.006,34.102,-0.096,-0.004,-0.156,0.001,-0.003,-0.156,0.0,-0.003,0.922,-0.128,0.31,0.003,0.008,-0.008,-0.0,0.0,0.0,836.494,-0.0,0.0,-0.0,0.0,0.0,0.0,0.0,0.0,-0.6867,0.6917,-0.2238,0.7208,0.6877,-0.0864,0.0941,-0.2206,-0.9708,0.676,0.226,-0.7014,-0.7316,0.0917,-0.6755,-0.0884,0.9698,0.2273,-0.0001,0.0001,0.0,0.0,0.0,0.0,-0.037,-0.011,-0.1514,25.5536,19.6562,32.6553,0.0,0.0433,-0.3631,0.0,0.0,0.0,3910523.6775,4023000.4353,-3728582.2833,3567.8615,2422.5431,6367.843,3910498.1239,4022980.7791,-3728614.9387,3567.8984,2422.5542,6367.9944,0.0,0.0765,3.9732,0.0,0.0,1.0,0.0,1.0,0.0,0.0,1.172,-23.972,0.0,1.0,0.0,0.0,0.0,-1.0,0.19409276132818556,0.0031622776601683794,-0.19037500000000002,1.2754892368091342,6.713649790474804,,
361.7463,38.043,-0.194,0.005,34.07,-0.096,-0.005,-0.156,0.001,-0.003,-0.156,0.0,-0.003,0.922,-0.127,0.308,0.003,0.008,-0.008,-0.0,0.0,0.0,836.494,-0.0,0.0,-0.0,0.0,0.0,0.0,0.0,0.0,-0.6867,0.6916,-0.2238,0.7208,0.6877,-0.0864,0.0941,-0.2206,-0.9708,0.676,0.226,-0.7014,-0.7316,0.0917,-0.6755,-0.0884,0.9698,0.2273,-0.0001,0.0001,0.0,0.0,0.0,0.0,-0.037,-0.011,-0.1514,25.5459,19.6539,32.624,0.0,0.0433,-0.3631,0.0,0.0,0.0,3911263.1297,4023502.478,-3727262.2232,3566.8044,2421.4557,6368.8506,3911237.5838,4023482.8241,-3727294.8471,3566.8414,2421.4667,6369.002,0.0,0.0765,3.9732,0.0,0.0,1.0,0.0,1.0,0.0,0.0,1.172,-23.972,0.0,1.0,0.0,0.0,0.0,-1.0,0.19406442229321685,0.0031622776601683794,-0.190215,1.2755466781188527,6.708007327092133,,
361.9529,38.01,-0.194,0.004,34.038,-0.096,-0.005,-0.156,0.001,-0.003,-0.156,0.0,-0.003,0.923,-0.125,0.306,0.003,0.008,-0.008,-0.0,0.0,0.0,836.494,-0.0,0.0,-0.0,0.0,0.0,0.0,0.0,0.0,-0.6867,0.6916,-0.2238,0.7208,0.6877,-0.0865,0.0941,-0.2207,-0.9708,0.676,0.226,-0.7014,-0.7316,0.0917,-0.6755,-0.0884,0.9698,0.2273,-0.0001,0.0001,0.0,0.0,0.0,0.0,-0.037,-0.011,-0.1514,25.5383,19.6516,32.5926,0.0,0.0433,-0.3631,0.0,0.0,0.0,3912000.6884,4024003.1586,-3725944.9464,3565.7496,2420.3706,6369.8556,3911975.1502,4023983.507,-3725977.539,3565.7865,2420.3816,6370.007,0.0,0.0765,3.9732,0.0,0.0,1.0,0.0,1.0,0.0,0.0,1.172,-23.972,0.0,1.0,0.0,0.0,0.0,-1.0,0.1940412327316027,0.0031622776601683794,-0.19005,1.2741451124487448,6.7021885367287535,,
362.1535,37.979,-0.193,0.004,34.006,-0.096,-0.006,-0.156,0.001,-0.003,-0.156,0.0,-0.003,0.924,-0.123,0.305,0.003,0.008,-0.008,-0.0,0.0,0.0,836.494,-0.0,0.0,-0.0,0.0,0.0,0.0,0.0,0.0,-0.6867,0.6916,-0.2238,0.7208,0.6877,-0.0865,0.0941,-0.2207,-0.9708,0.676,0.226,-0.7014,-0.7316,0.0917,-0.6755,-0.0884,0.9698,0.2273,-0.0001,0.0001,0.0,0.0,0.0,0.0,-0.037,-0.011,-0.1514,25.5309,19.6494,32.5622,0.0,0.0433,-0.3631,0.0,0.0,0.0,3912716.6486,4024489.1044,-3724665.6729,3564.7251,2419.3168,6370.8311,3912691.1178,4024469.455,-3724698.2351,3564.7621,2419.3279,6370.9825,0.0,0.0765,3.9732,0.0,0.0,1.0,0.0,1.0,0.0,0.0,1.172,-23.972,0.0,1.0,0.0,0.0,0.0,-1.0,0.19304144632694817,0.0031622776601683794,-0.189895,1.2611759475061126,6.696722400326792,,
362.3551,37.947,-0.193,0.003,33.975,-0.096,-0.007,-0.156,0.001,-0.003,-0.156,0.0,-0.003,0.924,-0.122,0.303,0.003,0.008,-0.008,-0.0,0.0,0.0,836.494,-0.0,0.0,-0.0,0.0,0.0,0.0,0.0,0.0,-0.6867,0.6916,-0.2238,0.7208,0.6877,-0.0865,0.094,-0.2207,-0.9708,0.676,0.226,-0.7014,-0.7316,0.0917,-0.6755,-0.0884,0.9698,0.2273,-0.0001,0.0001,0.0,0.0,0.0,0.0,-0.037,-0.011,-0.1514,25.5234,19.6471,32.5317,0.0,0.0433,-0.3631,0.0,0.0,0.0,3913435.8475,4024977.1755,-3723380.0473,3563.6955,2418.2579,6371.8109,3913410.3241,4024957.5284,-3723412.579,3563.7325,2418.2689,6371.9623,0.0,0.0765,3.9732,0.0,0.0,1.0,0.0,1.0,0.0,0.0,1.172,-23.972,0.0,1.0,0.0,0.0,0.0,-1.0,0.19302331465395575,0.0031622776601683794,-0.18973500000000001,1.2615970239469878,6.691079936944121,,
362.5573,37.916,-0.193,0.002,33.943,-0.096,-0.007,-0.156,0.001,-0.003,-0.156,0.0,-0.003,0.925,-0.12,0.302,0.003,0.008,-0.008,-0.0,0.0,0.0,836.494,-0.0,0.0,-0.0,0.0,0.0,0.0,0.0,0.0,-0.6868,0.6916,-0.2238,0.7208,0.6877,-0.0866,0.094,-0.2207,-0.9708,0.676,0.226,-0.7014,-0.7316,0.0917,-0.6755,-0.0884,0.9698,0.2273,-0.0001,0.0001,0.0,0.0,0.0,0.0,-0.037,-0.0111,-0.1514,25.5159,19.6449,32.501,0.0,0.0433,-0.3631,0.0,0.0,0.0,3914157.4747,4025466.8219,-3722089.5056,3562.662,2417.1949,6372.794,3914131.9588,4025447.177,-3722122.0067,3562.6989,2417.206,6372.9455,0.0,0.0765,3.9732,0.0,0.0,1.0,0.0,1.0,0.0,0.0,1.172,-23.972,0.0,1.0,0.0,0.0,0.0,-1.0,0.19301036241611486,0.0031622776601683794,-0.18957999999999997,1.2594305508889754,6.685613800542157,,
362.7608,37.884,-0.193,0.002,33.911,-0.096,-0.008,-0.156,0.001,-0.003,-0.156,0.0,-0.003,0.925,-0.119,0.3,0.003,0.008,-0.008,-0.0,0.0,0.0,836.494,-0.0,0.0,-0.0,0.0,0.0,0.0,0.0,0.0,-0.6868,0.6916,-0.2238,0.7208,0.6877,-0.0866,0.094,-0.2208,-0.9708,0.676,0.226,-0.7014,-0.7316,0.0917,-0.6755,-0.0884,0.9698,0.2273,-0.0001,0.0001,0.0,0.0,0.0,0.0,-0.037,-0.0111,-0.1515,25.5084,19.6426,32.4703,0.0,0.0433,-0.3631,0.0,0.0,0.0,3914880.5464,4025957.3748,-3720795.8062,3561.6259,2416.1294,6373.779,3914855.038,4025937.7322,-3720828.2765,3561.6628,2416.1404,6373.9305,0.0,0.0765,3.9732,0.0,0.0,1.0,0.0,1.0,0.0,0.0,1.172,-23.972,0.0,1.0,0.0,0.0,0.0,-1.0,0.19301036241611486,0.0031622776601683794,-0.18942,1.2611851431863277,6.679971337159487,,
362.9617,37.853,-0.193,0.001,33.88,-0.095,-0.008,-0.156,0.001,-0.003,-0.156,0.0,-0.003,0.926,-0.117,0.299,0.003,0.008,-0.008,-0.0,0.0,0.0,836.494,-0.0,0.0,-0.0,0.0,0.0,0.0,0.0,0.0,-0.6868,0.6916,-0.2238,0.7208,0.6877,-0.0867,0.094,-0.2208,-0.9708,0.676,0.226,-0.7014,-0.7316,0.0917,-0.6755,-0.0884,0.9698,0.2273,-0.0001,0.0001,0.0,0.0,0.0,0.0,-0.037,-0.0111,-0.1515,25.5009,19.6404,32.4398,0.0,0.0433,-0.3631,0.0,0.0,0.0,3915597.2743,4026443.5515,-3719512.8858,3560.5984,2415.0728,6374.7553,3915571.7733,4026423.9111,-3719545.3256,3560.6353,2415.0838,6374.9068,0.0,0.0765,3.9732,0.0,0.0,1.0,0.0,1.0,0.0,0.0,1.172,-23.972,0.0,1.0,0.0,0.0,0.0,-1.0,0.19300259065618783,0.0031622776601683794,-0.18926500000000002,1.2752042475392853,6.674505200757525,,
363.1662,37.821,-0.192,0.0,33.848,-0.095,-0.009,-0.156,0.001,-0.003,-0.156,0.0,-0.003,0.926,-0.115,0.297,0.003,0.008,-0.008,-0.0,0.0,0.0,836.494,-0.0,0.0,-0.0,0.0,0.0,0.0,0.0,0.0,-0.6868,0.6916,-0.2238,0.7208,0.6877,-0.0867,0.0939,-0.2208,-0.9708,0.676,0.226,-0.7014,-0.7316,0.0917,-0.6755,-0.0884,0.9698,0.2273,-0.0001,0.0001,0.0,0.0,0.0,0.0,-0.037,-0.0111,-0.1515,25.4934,19.6381,32.4089,0.0,0.0433,-0.3631,0.0,0.0,0.0,3916322.9079,4026935.6951,-3718213.4493,3559.5576,2414.0026,6375.7437,3916297.4145,4026916.057,-3718245.8582,3559.5946,2414.0136,6375.8952,0.0,0.0765,3.9732,0.0,0.0,1.0,0.0,1.0,0.0,0.0,1.172,-23.972,0.0,1.0,0.0,0.0,0.0,-1.0,0.192,0.0031622776601683794,-0.189105,1.2609333482391523,6.6688627373748535,,
363.3674,37.789,-0.192,-0.0,33.817,-0.095,-0.01,-0.156,0.001,-0.003,-0.156,0.0,-0.003,0.927,-0.114,0.295,0.003,0.008,-0.008,-0.0,0.0,0.0,836.494,-0.0,0.0,-0.0,0.0,0.0,0.0,0.0,0.0,-0.6868,0.6915,-0.2238,0.7208,0.6877,-0.0867,0.0939,-0.2208,-0.9708,0.676,0.226,-0.7014,-0.7316,0.0917,-0.6755,-0.0884,0.9698,0.2273,-0.0001,0.0001,0.0,0.0,0.0,0.0,-0.037,-0.0111,-0.1515,25.486,19.6359,32.3784,0.0,0.0433,-0.3631,0.0,0.0,0.0,3917039.2389,4027421.4565,-3716930.1021,3558.5297,2412.9456,6376.7194,3917013.753,4027401.8206,-3716962.4806,3558.5667,2412.9567,6376.8708,0.0,0.0765,3.9732,0.0,0.0,1.0,0.0,1.0,0.0,0.0,1.172,-23.972,0.0,1.0,0.0,0.0,0.0,-1.0,0.192,0.0031622776601683794,-0.188945,1.2630839584238216,6.6632202739921835,,
363.5696,37.758,-0.192,-0.001,33.785,-0.095,-0.01,-0.156,0.001,-0.003,-0.156,0.0,-0.003,0.928,-0.112,0.294,0.003,0.008,-0.008,-0.0,0.0,0.0,836.494,-0.0,0.0,-0.0,0.0,0.0,0.0,0.0,0.0,-0.6868,0.6915,-0.2238,0.7207,0.6878,-0.0868,0.0939,-0.2209,-0.9708,0.676,0.226,-0.7014,-0.7316,0.0917,-0.6755,-0.0884,0.9698,0.2273,-0.0001,0.0001,0.0,0.0,0.0,0.0,-0.037,-0.0111,-0.1515,25.4785,19.6336,32.3479,0.0,0.0433,-0.3631,0.0,0.0,0.0,3917757.8656,4027908.7021,-3715642.0694,3557.498,2411.8849,6377.6981,3917732.3871,4027889.0685,-3715674.4173,3557.535,2411.896,6377.8496,0.0,0.0765,3.9732,0.0,0.0,1.0,0.0,1.0,0.0,0.0,1.172,-23.972,0.0,1.0,0.0,0.0,0.0,-1.0,0.19200260414900627,0.0031622776601683794,-0.18879,1.2608670795040826,6.657754137590221,,
363.7736,37.726,-0.192,-0.002,33.753,-0.095,-0.011,-0.156,0.001,-0.003,-0.156,0.0,-0.003,0.928,-0.111,0.292,0.003,0.008,-0.008,-0.0,0.0,0.0,836.494,-0.0,0.0,-0.0,0.0,0.0,0.0,0.0,0.0,-0.6868,0.6915,-0.2238,0.7207,0.6878,-0.0868,0.0939,-0.2209,-0.9708,0.676,0.226,-0.7014,-0.7316,0.0917,-0.6755,-0.0884,0.9698,0.2273,-0.0001,0.0001,0.0,0.0,0.0,0.0,-0.037,-0.0111,-0.1515,25.4709,19.6313,32.3168,0.0,0.0433,-0.3631,0.0,0.0,0.0,3918485.9337,4028402.2747,-3714336.5321,3556.4522,2410.8098,6378.6896,3918460.4628,4028382.6434,-3714368.8489,3556.4892,2410.8209,6378.8411,0.0,0.0765,3.9732,0.0,0.0,1.0,0.0,1.0,0.0,0.0,1.172,-23.972,0.0,1.0,0.0,0.0,0.0,-1.0,0.19201041638411182,0.0031622776601683794,-0.18863,1.2609219811983399,6.65211167420755,,
363.975,37.694,-0.192,-0.003,33.722,-0.095,-0.011,-0.156,0.001,-0.003,-0.156,0.0,-0.003,0.929,-0.109,0.291,0.003,0.008,-0.008,-0.0,0.0,0.0,836.494,-0.0,0.0,-0.0,0.0,0.0,0.0,0.0,0.0,-0.6868,0.6915,-0.2238,0.7207,0.6878,-0.0868,0.0938,-0.2209,-0.9708,0.676,0.226,-0.7014,-0.7316,0.0917,-0.6755,-0.0884,0.9698,0.2273,-0.0001,0.0001,0.0,0.0,0.0,0.0,-0.037,-0.0111,-0.1515,25.4635,19.6291,32.2863,0.0,0.0433,-0.3631,0.0,0.0,0.0,3919202.2416,4028887.8017,-3713051.5098,3555.4229,2409.7516,6379.6651,3919176.7782,4028868.1726,-3713083.7962,3555.4599,2409.7627,6379.8166,0.0,0.0765,3.9732,0.0,0.0,1.0,0.0,1.0,0.0,0.0,1.172,-23.972,0.0,1.0,0.0,0.0,0.0,-1.0,0.19202343606966313,0.0031622776601683794,-0.18847000000000003,1.2595598183288534,6.646469210824879,,
364.1809,37.662,-0.191,-0.003,33.69,-0.095,-0.012,-0.151,0.001,-0.003,-0.151,0.001,-0.003,0.929,-0.107,0.289,0.003,0.008,-0.007,-0.0,0.0,0.0,836.478,-0.0,0.0,1.0,0.0,0.0,0.0,0.0,0.0,-0.6869,0.6915,-0.2238,0.7207,0.6878,-0.0869,0.0938,-0.221,-0.9708,0.676,0.226,-0.7014,-0.7316,0.0917,-0.6755,-0.0884,0.9698,0.2273,-0.0001,0.0001,0.0,0.0,0.0,0.0,-0.0358,-0.0106,-0.1467,25.4559,19.6268,32.2554,0.0,0.0433,-0.363,0.0,0.0,0.0,3919936.0446,4029385.1114,-3711734.5152,3554.3691,2408.6676,6380.6692,3919910.5887,4029365.4846,-3711766.7705,3554.4049,2408.6782,6380.8158,0.0,0.0765,3.9732,0.0,0.0,1.0,0.0,1.0,0.0,0.0,1.172,-23.972,0.0,1.0,0.0,0.0,0.0,-1.0,0.19102355875650523,0.0031622776601683794,-0.18831,1.2468976843444874,6.640826747442207,,
364.3854,37.632,-0.191,-0.004,33.659,-0.095,-0.013,-0.147,0.001,-0.003,-0.147,0.001,-0.003,0.93,-0.106,0.288,0.003,0.008,-0.007,-0.0,0.0,0.0,836.465,-0.0,0.0,-0.0,0.0,0.0,0.0,0.0,0.0,-0.6869,0.6915,-0.2238,0.7207,0.6878,-0.0869,0.0938,-0.221,-0.9708,0.676,0.226,-0.7014,-0.7316,0.0917,-0.6755,-0.0884,0.9698,0.2273,-0.0001,0.0001,0.0,0.0,0.0,0.0,-0.0348,-0.0102,-0.1425,25.4488,19.6247,32.2261,0.0,0.0433,-0.363,0.0,0.0,0.0,3920660.09,4029875.7337,-3710434.4442,3553.3286,2407.5975,6381.6592,3920634.6412,4029856.109,-3710466.6703,3553.3634,2407.6077,6381.8017,0.0,0.0765,3.9732,0.0,0.0,1.0,0.0,1.0,0.0,0.0,1.172,-23.972,0.0,1.0,0.0,0.0,0.0,-1.0,0.19104188022525323,0.0031622776601683794,-0.18816,1.246612855515888,6.6355369380209535,,
364.5888,37.602,-0.191,-0.005,33.63,-0.095,-0.013,-0.147,0.001,-0.003,-0.147,0.001,-0.003,0.931,-0.104,0.286,0.003,0.008,-0.007,-0.0,0.0,0.0,836.465,-0.0,0.0,-0.0,0.0,0.0,0.0,0.0,0.0,-0.6869,0.6915,-0.2238,0.7207,0.6878,-0.087,0.0938,-0.221,-0.9708,0.676,0.226,-0.7014,-0.7316,0.0917,-0.6755,-0.0884,0.9698,0.2273,-0.0001,0.0001,0.0,0.0,0.0,0.0,-0.0348,-0.0102,-0.1425,25.4417,19.6226,32.1971,0.0,0.0433,-0.363,0.0,0.0,0.0,3921382.662,4030365.2834,-3709136.4392,3552.2888,2406.5288,6382.643,3921357.2204,4030345.6608,-3709168.6363,3552.3236,2406.5389,6382.7856,0.0,0.0765,3.9732,0.0,0.0,1.0,0.0,1.0,0.0,0.0,1.172,-23.972,0.0,1.0,0.0,0.0,0.0,-1.0,0.19106543381784158,0.0031622776601683794,-0.18800999999999998,1.2451999777339007,6.6302471285997,,
364.7897,37.573,-0.191,-0.005,33.6,-0.095,-0.014,-0.147,0.001,-0.003,-0.147,0.001,-0.003,0.931,-0.103,0.285,0.003,0.008,-0.007,-0.0,0.0,0.0,836.465,-0.0,0.0,-0.0,0.0,0.0,0.0,0.0,0.0,-0.6869,0.6915,-0.2238,0.7207,0.6878,-0.087,0.0937,-0.221,-0.9708,0.676,0.226,-0.7014,-0.7316,0.0917,-0.6755,-0.0884,0.9698,0.2273,-0.0001,0.0001,0.0,0.0,0.0,0.0,-0.0348,-0.0102,-0.1425,25.4347,19.6206,32.1684,0.0,0.0433,-0.363,0.0,0.0,0.0,3922097.6235,4030849.604,-3707851.5341,3551.2594,2405.4708,6383.6165,3922072.1888,4030829.9834,-3707883.7025,3551.2942,2405.481,6383.759,0.0,0.0765,3.9732,0.0,0.0,1.0,0.0,1.0,0.0,0.0,1.172,-23.972,0.0,1.0,0.0,0.0,0.0,-1.0,0.19106543381784158,0.0031622776601683794,-0.187865,1.246571840696005,6.625133646159155,,
364.9902,37.543,-0.191,-0.006,33.571,-0.094,-0.014,-0.147,0.001,-0.003,-0.147,0.001,-0.003,0.932,-0.101,0.283,0.003,0.008,-0.007,-0.0,0.0,0.0,836.465,-0.0,0.0,-0.0,0.0,0.0,0.0,0.0,0.0,-0.6869,0.6914,-0.2238,0.7207,0.6878,-0.087,0.0937,-0.221,-0.9707,0.676,0.226,-0.7014,-0.7316,0.0917,-0.6755,-0.0884,0.9698,0.2273,-0.0001,0.0001,0.0,0.0,0.0,0.0,-0.0348,-0.0102,-0.1425,25.4277,19.6185,32.1399,0.0,0.0433,-0.363,0.0,0.0,0.0,3922808.0643,4031330.7906,-3706574.1872,3550.2361,2404.4191,6384.5837,3922782.6366,4031311.1721,-3706606.3271,3550.2709,2404.4293,6384.7262,0.0,0.0765,3.9732,0.0,0.0,1.0,0.0,1.0,0.0,0.0,1.172,-23.972,0.0,1.0,0.0,0.0,0.0,-1.0,0.19109421759959144,0.0031622776601683794,-0.187715,1.261007806005845,6.619843836737901,,
365.1916,37.514,-0.19,-0.007,33.541,-0.094,-0.015,-0.147,0.001,-0.003,-0.147,0.001,-0.003,0.932,-0.099,0.282,0.003,0.008,-0.007,-0.0,0.0,0.0,836.465,-0.0,0.0,-0.0,0.0,0.0,0.0,0.0,0.0,-0.6869,0.6914,-0.2238,0.7207,0.6878,-0.0871,0.0937,-0.2211,-0.9707,0.676,0.226,-0.7014,-0.7316,0.0917,-0.6755,-0.0884,0.9698,0.2273,-0.0001,0.0001,0.0,0.0,0.0,0.0,-0.0348,-0.0102,-0.1426,25.4207,19.6165,32.1111,0.0,0.0433,-0.363,0.0,0.0,0.0,3923525.8099,4031816.8514,-3705283.1405,3549.2017,2403.3562,6385.5607,3923500.3893,4031797.2349,-3705315.2516,3549.2365,2403.3663,6385.7033,0.0,0.0765,3.9732,0.0,0.0,1.0,0.0,1.0,0.0,0.0,1.172,-23.972,0.0,1.0,0.0,0.0,0.0,-1.0,0.19012890364171356,0.0031622776601683794,-0.18757000000000001,1.2463843381955773,6.614730354297356,,
365.3949,37.484,-0.19,-0.007,33.511,-0.094,-0.016,-0.147,0.001,-0.003,-0.147,0.001,-0.003,0.933,-0.098,0.281,0.003,0.008,-0.007,-0.0,0.0,0.0,836.465,-0.0,0.0,-0.0,0.0,0.0,0.0,0.0,0.0,-0.6869,0.6914,-0.2238,0.7207,0.6878,-0.0871,0.0937,-0.2211,-0.9707,0.676,0.226,-0.7014,-0.7316,0.0917,-0.6755,-0.0884,0.9698,0.2273,-0.0001,0.0001,0.0,0.0,0.0,0.0,-0.0348,-0.0102,-0.1426,25.4136,19.6144,32.0822,0.0,0.0433,-0.363,0.0,0.0,0.0,3924243.853,4032303.0408,-3703990.9804,3548.1664,2402.2923,6386.5382,3924218.4394,4032283.4264,-3704023.0627,3548.2012,2402.3025,6386.6807,0.0,0.0765,3.9732,0.0,0.0,1.0,0.0,1.0,0.0,0.0,1.172,-23.972,0.0,1.0,0.0,0.0,0.0,-1.0,0.19012890364171356,0.0031622776601683794,-0.18742,1.2481451249030588,6.609440544876102,,
365.5993,37.454,-0.19,-0.008,33.481,-0.094,-0.016,-0.147,0.001,-0.003,-0.147,0.001,-0.003,0.933,-0.096,0.279,0.003,0.008,-0.007,-0.0,0.0,0.0,836.465,-0.0,0.0,-0.0,0.0,0.0,0.0,0.0,0.0,-0.6869,0.6914,-0.2238,0.7206,0.6878,-0.0871,0.0936,-0.2211,-0.9707,0.676,0.226,-0.7014,-0.7316,0.0917,-0.6755,-0.0884,0.9698,0.2273,-0.0001,0.0001,0.0,0.0,0.0,0.0,-0.0348,-0.0102,-0.1426,25.4065,19.6123,32.0532,0.0,0.0433,-0.363,0.0,0.0,0.0,3924966.3968,4032792.203,-3702690.1446,3547.1241,2401.2214,6387.5217,3924940.9903,4032772.5907,-3702722.1978,3547.159,2401.2316,6387.6643,0.0,0.0765,3.9732,0.0,0.0,1.0,0.0,1.0,0.0,0.0,1.172,-23.972,0.0,1.0,0.0,0.0,0.0,-1.0,0.19016834647227704,0.0031622776601683794,-0.18727,1.2463271276253223,6.604150735454847,,
365.8016,37.424,-0.19,-0.009,33.451,-0.094,-0.017,-0.147,0.001,-0.003,-0.147,0.001,-0.003,0.934,-0.095,0.278,0.003,0.008,-0.007,-0.0,0.0,0.0,836.465,-0.0,0.0,-0.0,0.0,0.0,0.0,0.0,0.0,-0.687,0.6914,-0.2238,0.7206,0.6878,-0.0872,0.0936,-0.2211,-0.9707,0.676,0.226,-0.7014,-0.7316,0.0917,-0.6755,-0.0884,0.9698,0.2273,-0.0001,0.0001,0.0,0.0,0.0,0.0,-0.0348,-0.0102,-0.1426,25.3994,19.6102,32.0242,0.0,0.0433,-0.363,0.0,0.0,0.0,3925687.779,4033280.5048,-3701390.8162,3546.0831,2400.1517,6388.5035,3925662.3795,4033260.8945,-3701422.8404,3546.1179,2400.1619,6388.6461,0.0,0.0765,3.9732,0.0,0.0,1.0,0.0,1.0,0.0,0.0,1.172,-23.972,0.0,1.0,0.0,0.0,0.0,-1.0,0.19021303845951254,0.0031622776601683794,-0.18712,1.2463872161505656,6.598860926033593,,
366.0065,37.394,-0.19,-0.01,33.421,-0.094,-0.017,-0.147,0.001,-0.003,-0.147,0.001,-0.003,0.935,-0.093,0.276,0.003,0.008,-0.007,-0.0,0.0,0.0,836.465,-0.0,0.0,-0.0,0.0,0.0,0.0,0.0,0.0,-0.687,0.6914,-0.2238,0.7206,0.6878,-0.0872,0.0936,-0.2212,-0.9707,0.676,0.226,-0.7014,-0.7316,0.0917,-0.6755,-0.0884,0.9698,0.2273,-0.0001,0.0001,0.0,0.0,0.0,0.0,-0.0348,-0.0102,-0.1426,25.3923,19.6081,31.995,0.0,0.0433,-0.363,0.0,0.0,0.0,3926413.7602,4033771.8448,-3700082.6167,3545.0348,2399.0748,6389.4916,3926388.3679,4033752.2366,-3700114.6117,3545.0697,2399.085,6389.6342,0.0,0.0765,3.9732,0.0,0.0,1.0,0.0,1.0,0.0,0.0,1.172,-23.972,0.0,1.0,0.0,0.0,0.0,-1.0,0.1902629759044045,0.0031622776601683794,-0.18697,1.2447147448094116,6.593571116612339,,
366.2103,37.364,-0.189,-0.01,33.391,-0.094,-0.018,-0.147,0.001,-0.003,-0.147,0.001,-0.003,0.935,-0.091,0.275,0.003,0.008,-0.007,-0.0,0.0,0.0,836.465,-0.0,0.0,-0.0,0.0,0.0,0.0,0.0,0.0,-0.687,0.6914,-0.2238,0.7206,0.6878,-0.0873,0.0936,-0.2212,-0.9707,0.676,0.226,-0.7014,-0.7316,0.0917,-0.6755,-0.0884,0.9698,0.2273,-0.0001,0.0001,0.0,0.0,0.0,0.0,-0.0348,-0.0102,-0.1426,25.3852,19.6061,31.966,0.0,0.0433,-0.363,0.0,0.0,0.0,3927136.0476,4034260.6099,-3698780.4903,3543.9914,2398.0029,6390.4746,3927110.6624,4034241.0038,-3698812.4563,3544.0263,2398.0131,6390.6172,0.0,0.0765,3.9732,0.0,0.0,1.0,0.0,1.0,0.0,0.0,1.172,-23.972,0.0,1.0,0.0,0.0,0.0,-1.0,0.1892643653728826,0.0031622776601683794,-0.18681999999999999,1.2320178372940842,6.588281307191085,,
366.4162,37.334,-0.189,-0.011,33.361,-0.094,-0.018,-0.147,0.001,-0.003,-0.147,0.001,-0.003,0.936,-0.09,0.274,0.003,0.008,-0.007,-0.0,0.0,0.0,836.465,-0.0,0.0,-0.0,0.0,0.0,0.0,0.0,0.0,-0.687,0.6914,-0.2238,0.7206,0.6878,-0.0873,0.0936,-0.2212,-0.9707,0.676,0.226,-0.7014,-0.7316,0.0917,-0.6755,-0.0884,0.9698,0.2273,-0.0001,0.0001,0.0,0.0,0.0,0.0,-0.0348,-0.0102,-0.1426,25.3781,19.604,31.9367,0.0,0.0433,-0.363,0.0,0.0,0.0,3927862.2759,4034751.9667,-3697470.6691,3542.9418,2396.9247,6391.4629,3927836.8978,4034732.3628,-3697502.6058,3542.9767,2396.9349,6391.6055,0.0,0.0765,3.9732,0.0,0.0,1.0,0.0,1.0,0.0,0.0,1.172,-23.972,0.0,1.0,0.0,0.0,0.0,-1.0,0.18931983519959023,0.0031622776601683794,-0.18667,1.2303082888233043,6.582991497769832,,
366.6162,37.304,-0.189,-0.012,33.332,-0.093,-0.019,-0.147,0.001,-0.003,-0.147,0.001,-0.003,0.936,-0.088,0.272,0.003,0.008,-0.007,-0.0,0.0,0.0,836.465,-0.0,0.0,-0.0,0.0,0.0,0.0,0.0,0.0,-0.687,0.6913,-0.2237,0.7206,0.6878,-0.0873,0.0935,-0.2212,-0.9707,0.676,0.226,-0.7014,-0.7316,0.0917,-0.6755,-0.0884,0.9698,0.2273,-0.0001,0.0001,0.0,0.0,0.0,0.0,-0.0348,-0.0102,-0.1426,25.3711,19.6019,31.9082,0.0,0.0433,-0.363,0.0,0.0,0.0,3928569.8402,4035230.6228,-3696193.9453,3541.9187,2395.8738,6392.4257,3928544.4691,4035211.0209,-3696225.8535,3541.9536,2395.884,6392.5684,0.0,0.0765,3.9732,0.0,0.0,1.0,0.0,1.0,0.0,0.0,1.172,-23.972,0.0,1.0,0.0,0.0,0.0,-1.0,0.18938056922503957,0.0031622776601683794,-0.18652000000000002,1.2465900310953364,6.5777016883485775,,
366.8168,37.275,-0.189,-0.012,33.302,-0.093,-0.02,-0.147,0.001,-0.003,-0.147,0.001,-0.003,0.937,-0.087,0.271,0.003,0.008,-0.007,-0.0,0.0,0.0,836.465,-0.0,0.0,-0.0,0.0,0.0,0.0,0.0,0.0,-0.687,0.6913,-0.2237,0.7206,0.6878,-0.0874,0.0935,-0.2213,-0.9707,0.676,0.226,-0.7014,-0.7316,0.0917,-0.6755,-0.0884,0.9698,0.2273,-0.0001,0.0001,0.0,0.0,0.0,0.0,-0.0348,-0.0102,-0.1427,25.3641,19.5999,31.8794,0.0,0.0433,-0.363,0.0,0.0,0.0,3929284.2272,4035713.8222,-3694904.3364,3540.8853,2394.8123,6393.3978,3929258.8631,4035694.2223,-3694936.2159,3540.9201,2394.8225,6393.5405,0.0,0.0765,3.9732,0.0,0.0,1.0,0.0,1.0,0.0,0.0,1.172,-23.972,0.0,1.0,0.0,0.0,0.0,-1.0,0.18938056922503957,0.0031622776601683794,-0.18637499999999999,1.2479002570513882,6.572588205908032,,
367.0197,37.245,-0.188,-0.013,33.272,-0.093,-0.02,-0.147,0.001,-0.003,-0.147,0.001,-0.003,0.938,-0.085,0.269,0.003,0.008,-0.007,-0.0,0.0,0.0,836.465,-0.0,0.0,-0.0,0.0,0.0,0.0,0.0,0.0,-0.687,0.6913,-0.2237,0.7206,0.6878,-0.0874,0.0935,-0.2213,-0.9707,0.676,0.226,-0.7014,-0.7316,0.0917,-0.6755,-0.0884,0.9698,0.2273,-0.0001,0.0001,0.0,0.0,0.0,0.0,-0.0348,-0.0102,-0.1427,25.357,19.5978,31.8505,0.0,0.0433,-0.363,0.0,0.0,0.0,3930002.2889,4036199.4329,-3693607.5206,3539.846,2393.7449,6394.3748,3929976.9319,4036179.8351,-3693639.3711,3539.8808,2393.7551,6394.5175,0.0,0.0765,3.9732,0.0,0.0,1.0,0.0,1.0,0.0,0.0,1.172,-23.972,0.0,1.0,0.0,0.0,0.0,-1.0,0.18844893207444824,0.0031622776601683794,-0.18622499999999997,1.23184449384517,6.567298396486778,,
367.2234,37.215,-0.188,-0.014,33.242,-0.093,-0.021,-0.147,0.001,-0.003,-0.147,0.001,-0.003,0.938,-0.083,0.268,0.003,0.008,-0.007,-0.0,0.0,0.0,836.465,-0.0,0.0,-0.0,0.0,0.0,0.0,0.0,0.0,-0.6871,0.6913,-0.2237,0.7206,0.6878,-0.0874,0.0935,-0.2213,-0.9707,0.676,0.226,-0.7014,-0.7316,0.0917,-0.6755,-0.0884,0.9698,0.2273,-0.0001,0.0001,0.0,0.0,0.0,0.0,-0.0349,-0.0102,-0.1427,25.3499,19.5957,31.8215,0.0,0.0433,-0.363,0.0,0.0,0.0,3930722.954,4036686.7302,-3692305.4179,3538.8025,2392.6732,6395.3553,3930697.6041,4036667.1345,-3692337.2394,3538.8373,2392.6834,6395.498,0.0,0.0765,3.9732,0.0,0.0,1.0,0.0,1.0,0.0,0.0,1.172,-23.972,0.0,1.0,0.0,0.0,0.0,-1.0,0.18852055590836772,0.0031622776601683794,-0.18607500000000002,1.2318978044913786,6.562008587065525,,
367.4276,37.185,-0.188,-0.014,33.212,-0.093,-0.021,-0.147,0.001,-0.003,-0.147,0.001,-0.003,0.939,-0.082,0.267,0.003,0.008,-0.007,-0.0,0.0,0.0,836.465,-0.0,0.0,-0.0,0.0,0.0,0.0,0.0,0.0,-0.6871,0.6913,-0.2237,0.7206,0.6878,-0.0875,0.0934,-0.2213,-0.9707,0.676,0.226,-0.7014,-0.7316,0.0917,-0.6755,-0.0884,0.9698,0.2273,-0.0001,0.0001,0.0,0.0,0.0,0.0,-0.0349,-0.0102,-0.1427,25.3428,19.5936,31.7923,0.0,0.0433,-0.363,0.0,0.0,0.0,3931447.1638,4037176.3487,-3690996.3265,3537.7533,2391.5958,6396.3406,3931421.821,4037156.7551,-3691028.1187,3537.7881,2391.606,6396.4833,0.0,0.0765,3.9732,0.0,0.0,1.0,0.0,1.0,0.0,0.0,1.172,-23.972,0.0,1.0,0.0,0.0,0.0,-1.0,0.18852055590836772,0.0031622776601683794,-0.185925,1.2317827181907728,6.556718777644271,,
367.6311,37.155,-0.188,-0.015,33.182,-0.093,-0.022,-0.147,0.001,-0.003,-0.147,0.001,-0.003,0.939,-0.08,0.265,0.003,0.008,-0.007,-0.0,0.0,0.0,836.465,-0.0,0.0,-0.0,0.0,0.0,0.0,0.0,0.0,-0.6871,0.6913,-0.2237,0.7206,0.6879,-0.0875,0.0934,-0.2213,-0.9707,0.676,0.226,-0.7014,-0.7316,0.0917,-0.6755,-0.0884,0.9698,0.2273,-0.0001,0.0001,0.0,0.0,0.0,0.0,-0.0349,-0.0102,-0.1427,25.3357,19.5915,31.7633,0.0,0.0433,-0.363,0.0,0.0,0.0,3932165.1676,4037661.6976,-3689697.8671,3536.7126,2390.5272,6397.3174,3932139.8319,4037642.1061,-3689729.6304,3536.7475,2390.5374,6397.4601,0.0,0.0765,3.9732,0.0,0.0,1.0,0.0,1.0,0.0,0.0,1.172,-23.972,0.0,1.0,0.0,0.0,0.0,-1.0,0.18859745491389857,0.0031622776601683794,-0.185775,1.2318381752440013,6.551428968223016,,
367.8344,37.125,-0.188,-0.016,33.152,-0.093,-0.023,-0.147,0.001,-0.003,-0.147,0.001,-0.003,0.94,-0.079,0.264,0.003,0.008,-0.007,-0.0,0.0,0.0,836.465,-0.0,0.0,-0.0,0.0,0.0,0.0,0.0,0.0,-0.6871,0.6913,-0.2237,0.7205,0.6879,-0.0876,0.0934,-0.2214,-0.9707,0.676,0.226,-0.7014,-0.7316,0.0917,-0.6755,-0.0884,0.9698,0.2273,-0.0001,0.0001,0.0,0.0,0.0,0.0,-0.0349,-0.0102,-0.1427,25.3286,19.5894,31.7343,0.0,0.0433,-0.363,0.0,0.0,0.0,3932884.4495,4038147.8357,-3688396.5163,3535.6696,2389.4562,6398.2958,3932859.1209,4038128.2463,-3688428.2506,3535.7044,2389.4664,6398.4386,0.0,0.0765,3.9732,0.0,0.0,1.0,0.0,1.0,0.0,0.0,1.172,-23.972,0.0,1.0,0.0,0.0,0.0,-1.0,0.18867962264113208,0.0031622776601683794,-0.185625,1.231895789174992,6.546139158801762,,
368.0357,37.095,-0.187,-0.017,33.122,-0.093,-0.023,-0.147,0.001,-0.003,-0.147,0.001,-0.003,0.94,-0.077,0.262,0.003,0.008,-0.007,-0.0,0.0,0.0,836.465,-0.0,0.0,-0.0,0.0,0.0,0.0,0.0,0.0,-0.6871,0.6913,-0.2237,0.7205,0.6879,-0.0876,0.0934,-0.2214,-0.9707,0.676,0.226,-0.7014,-0.7316,0.0917,-0.6755,-0.0884,0.9698,0.2273,-0.0001,0.0001,0.0,0.0,0.0,0.0,-0.0349,-0.0102,-0.1427,25.3216,19.5874,31.7055,0.0,0.0433,-0.363,0.0,0.0,0.0,3933596.0711,4038628.7237,-3687108.4477,3534.6372,2388.3962,6399.2638,3933570.7495,4038609.1363,-3687140.1533,3534.672,2388.4064,6399.4066,0.0,0.0765,3.9732,0.0,0.0,1.0,0.0,1.0,0.0,0.0,1.172,-23.972,0.0,1.0,0.0,0.0,0.0,-1.0,0.18777113729218342,0.0031622776601683794,-0.185475,1.215920813250901,6.540849349380508,,
368.238,37.065,-0.187,-0.017,33.093,-0.093,-0.024,-0.147,0.001,-0.003,-0.147,0.001,-0.003,0.941,-0.075,0.261,0.003,0.008,-0.007,-0.0,0.0,0.0,836.465,-0.0,0.0,-0.0,0.0,0.0,0.0,0.0,0.0,-0.6871,0.6912,-0.2237,0.7205,0.6879,-0.0876,0.0933,-0.2214,-0.9707,0.676,0.226,-0.7014,-0.7316,0.0917,-0.6755,-0.0884,0.9698,0.2273,-0.0001,0.0001,0.0,0.0,0.0,0.0,-0.0349,-0.0102,-0.1427,25.3145,19.5853,31.6767,0.0,0.0433,-0.363,0.0,0.0,0.0,3934311.3529,4039112.0112,-3685813.1811,3533.5989,2387.3303,6400.2367,3934286.0384,4039092.4259,-3685844.8578,3533.6338,2387.3405,6400.3795,0.0,0.0765,3.9732,0.0,0.0,1.0,0.0,1.0,0.0,0.0,1.172,-23.972,0.0,1.0,0.0,0.0,0.0,-1.0,0.18777113729218342,0.0031622776601683794,-0.185325,1.2178653799828485,6.535559539959254,,
368.4443,37.035,-0.187,-0.018,33.062,-0.092,-0.024,-0.147,0.001,-0.003,-0.147,0.001,-0.003,0.942,-0.074,0.26,0.003,0.008,-0.007,-0.0,0.0,0.0,836.465,-0.0,0.0,-0.0,0.0,0.0,0.0,0.0,0.0,-0.6871,0.6912,-0.2237,0.7205,0.6879,-0.0877,0.0933,-0.2214,-0.9707,0.676,0.226,-0.7014,-0.7316,0.0917,-0.6755,-0.0884,0.9698,0.2273,-0.0001,0.0001,0.0,0.0,0.0,0.0,-0.0349,-0.0102,-0.1428,25.3074,19.5832,31.6472,0.0,0.0433,-0.363,0.0,0.0,0.0,3935040.0695,4039604.3001,-3684492.9928,3532.5407,2386.2439,6401.2278,3935014.7621,4039584.7169,-3684524.64,3532.5756,2386.2541,6401.3706,0.0,0.0765,3.9732,0.0,0.0,1.0,0.0,1.0,0.0,0.0,1.172,-23.972,0.0,1.0,0.0,0.0,0.0,-1.0,0.18786431273661316,0.0031622776601683794,-0.18517499999999998,1.231746929386506,6.5302697305379995,,
368.6491,37.005,-0.187,-0.019,33.032,-0.092,-0.025,-0.147,0.001,-0.003,-0.147,0.001,-0.003,0.942,-0.072,0.258,0.003,0.008,-0.007,-0.0,0.0,0.0,836.465,-0.0,0.0,-0.0,0.0,0.0,0.0,0.0,0.0,-0.6871,0.6912,-0.2237,0.7205,0.6879,-0.0877,0.0933,-0.2215,-0.9707,0.676,0.226,-0.7014,-0.7316,0.0917,-0.6755,-0.0884,0.9698,0.2273,-0.0001,0.0001,0.0,0.0,0.0,0.0,-0.0349,-0.0102,-0.1428,25.3003,19.5811,31.618,0.0,0.0433,-0.363,0.0,0.0,0.0,3935762.2343,4040092.0876,-3683184.0793,3531.4915,2385.1668,6402.21,3935736.9341,4040072.5065,-3683215.6973,3531.5264,2385.177,6402.3528,0.0,0.0765,3.9732,0.0,0.0,1.0,0.0,1.0,0.0,0.0,1.172,-23.972,0.0,1.0,0.0,0.0,0.0,-1.0,0.1879627622695517,0.0031622776601683794,-0.18502500000000002,1.2317913105196432,6.5249799211167465,,
368.8543,36.975,-0.186,-0.019,33.002,-0.092,-0.026,-0.147,0.001,-0.003,-0.147,0.001,-0.003,0.943,-0.071,0.257,0.003,0.008,-0.007,-0.0,0.0,0.0,836.465,-0.0,0.0,-0.0,0.0,0.0,0.0,0.0,0.0,-0.6872,0.6912,-0.2237,0.7205,0.6879,-0.0877,0.0933,-0.2215,-0.9707,0.676,0.226,-0.7014,-0.7316,0.0917,-0.6755,-0.0884,0.9698,0.2273,-0.0001,0.0001,0.0,0.0,0.0,0.0,-0.0349,-0.0102,-0.1428,25.2931,19.579,31.5886,0.0,0.0433,-0.363,0.0,0.0,0.0,3936488.9204,4040582.8529,-3681866.3761,3530.4352,2384.0826,6403.1982,3936463.6273,4040563.2739,-3681897.9647,3530.4701,2384.0927,6403.341,0.0,0.0765,3.9732,0.0,0.0,1.0,0.0,1.0,0.0,0.0,1.172,-23.972,0.0,1.0,0.0,0.0,0.0,-1.0,0.18696791168540125,0.0031622776601683794,-0.184875,1.2190951066625186,6.519690111695493,,
369.0574,36.945,-0.186,-0.02,32.972,-0.092,-0.026,-0.147,0.001,-0.003,-0.147,0.001,-0.003,0.943,-0.069,0.255,0.003,0.008,-0.007,-0.0,0.0,0.0,836.465,-0.0,0.0,-0.0,0.0,0.0,0.0,0.0,0.0,-0.6872,0.6912,-0.2237,0.7205,0.6879,-0.0878,0.0932,-0.2215,-0.9707,0.676,0.226,-0.7014,-0.7316,0.0917,-0.6755,-0.0884,0.9698,0.2273,-0.0001,0.0001,0.0,0.0,0.0,0.0,-0.0349,-0.0102,-0.1428,25.286,19.5769,31.5597,0.0,0.0433,-0.363,0.0,0.0,0.0,3937204.8295,4041066.2651,-3680567.6319,3529.3941,2383.0139,6404.1718,3937179.5435,4041046.6882,-3680599.1916,3529.4289,2383.0241,6404.3146,0.0,0.0765,3.9732,0.0,0.0,1.0,0.0,1.0,0.0,0.0,1.172,-23.972,0.0,1.0,0.0,0.0,0.0,-1.0,0.1870721785835617,0.0031622776601683794,-0.184725,1.2173881187414215,6.514400302274239,,
369.2633,36.914,-0.186,-0.021,32.942,-0.092,-0.027,-0.147,0.001,-0.003,-0.147,0.001,-0.003,0.944,-0.067,0.254,0.003,0.008,-0.007,-0.0,0.0,0.0,836.465,-0.0,0.0,-0.0,0.0,0.0,0.0,0.0,0.0,-0.6872,0.6912,-0.2237,0.7205,0.6879,-0.0878,0.0932,-0.2215,-0.9707,0.676,0.226,-0.7014,-0.7316,0.0917,-0.6755,-0.0884,0.9698,0.2273,-0.0001,0.0001,0.0,0.0,0.0,0.0,-0.0349,-0.0102,-0.1428,25.2788,19.5748,31.5303,0.0,0.0433,-0.363,0.0,0.0,0.0,3937930.4172,4041556.1368,-3679250.7381,3528.3383,2381.9304,6405.1584,3937905.1383,4041536.562,-3679282.2685,3528.3732,2381.9406,6405.3012,0.0,0.0765,3.9732,0.0,0.0,1.0,0.0,1.0,0.0,0.0,1.172,-23.972,0.0,1.0,0.0,0.0,0.0,-1.0,0.18718172987767795,0.0031622776601683794,-0.18457,1.217780320719056,6.508934165872277,,
369.464,36.885,-0.186,-0.022,32.912,-0.092,-0.027,-0.147,0.001,-0.003,-0.147,0.001,-0.003,0.945,-0.066,0.253,0.003,0.008,-0.007,-0.0,0.0,0.0,836.465,-0.0,0.0,-0.0,0.0,0.0,0.0,0.0,0.0,-0.6872,0.6912,-0.2237,0.7205,0.6879,-0.0878,0.0932,-0.2216,-0.9707,0.676,0.226,-0.7014,-0.7316,0.0917,-0.6755,-0.0884,0.9698,0.2273,-0.0001,0.0001,0.0,0.0,0.0,0.0,-0.0349,-0.0102,-0.1428,25.2719,19.5728,31.5017,0.0,0.0433,-0.363,0.0,0.0,0.0,3938636.972,4042033.0861,-3677967.8095,3527.3098,2380.8749,6406.1191,3938611.7001,4042013.5133,-3677999.3112,3527.3447,2380.885,6406.2619,0.0,0.0765,3.9732,0.0,0.0,1.0,0.0,1.0,0.0,0.0,1.172,-23.972,0.0,1.0,0.0,0.0,0.0,-1.0,0.18729655629509048,0.0031622776601683794,-0.18442499999999998,1.215880411691799,6.50382068343173,,
369.6663,36.855,-0.186,-0.022,32.882,-0.092,-0.028,-0.147,0.001,-0.003,-0.147,0.001,-0.003,0.945,-0.064,0.251,0.003,0.008,-0.007,-0.0,0.0,0.0,836.465,-0.0,0.0,-0.0,0.0,0.0,0.0,0.0,0.0,-0.6872,0.6912,-0.2237,0.7205,0.6879,-0.0879,0.0932,-0.2216,-0.9707,0.676,0.226,-0.7014,-0.7316,0.0917,-0.6755,-0.0884,0.9698,0.2273,-0.0001,0.0001,0.0,0.0,0.0,0.0,-0.0349,-0.0102,-0.1428,25.2648,19.5707,31.4728,0.0,0.0433,-0.363,0.0,0.0,0.0,3939351.1613,4042515.1149,-3676670.4457,3526.2697,2379.8075,6407.0901,3939325.8965,4042495.5442,-3676701.9185,3526.3046,2379.8176,6407.233,0.0,0.0765,3.9732,0.0,0.0,1.0,0.0,1.0,0.0,0.0,1.172,-23.972,0.0,1.0,0.0,0.0,0.0,-1.0,0.18729655629509048,0.0031622776601683794,-0.184275,1.2173768066354393,6.498530874010476,,
369.8666,36.826,-0.185,-0.023,32.853,-0.092,-0.029,-0.147,0.001,-0.003,-0.147,0.001,-0.003,0.946,-0.063,0.25,0.003,0.008,-0.007,-0.0,0.0,0.0,836.465,-0.0,0.0,-0.0,0.0,0.0,0.0,0.0,0.0,-0.6872,0.6911,-0.2237,0.7205,0.6879,-0.0879,0.0931,-0.2216,-0.9707,0.676,0.226,-0.7014,-0.7316,0.0917,-0.6755,-0.0884,0.9698,0.2273,-0.0001,0.0001,0.0,0.0,0.0,0.0,-0.0349,-0.0102,-0.1428,25.2578,19.5686,31.4442,0.0,0.0433,-0.363,0.0,0.0,0.0,3940057.2853,4042991.6275,-3675387.1627,3525.2408,2378.7517,6408.0501,3940032.0276,4042972.0588,-3675418.6069,3525.2757,2378.7619,6408.193,0.0,0.0765,3.9732,0.0,0.0,1.0,0.0,1.0,0.0,0.0,1.172,-23.972,0.0,1.0,0.0,0.0,0.0,-1.0,0.1864242473499625,0.0031622776601683794,-0.18413000000000002,1.2031088887346404,6.493417391569931,,
370.0667,36.796,-0.185,-0.024,32.823,-0.091,-0.029,-0.147,0.001,-0.003,-0.147,0.001,-0.003,0.946,-0.061,0.248,0.003,0.008,-0.007,-0.0,0.0,0.0,836.465,-0.0,0.0,-0.0,0.0,0.0,0.0,0.0,0.0,-0.6872,0.6911,-0.2237,0.7204,0.6879,-0.088,0.0931,-0.2216,-0.9707,0.676,0.226,-0.7014,-0.7316,0.0917,-0.6755,-0.0884,0.9698,0.2273,-0.0001,0.0001,0.0,0.0,0.0,0.0,-0.0349,-0.0102,-0.1429,25.2508,19.5666,31.4156,0.0,0.0433,-0.363,0.0,0.0,0.0,3940763.2691,4043467.9731,-3674103.567,3524.2117,2377.6957,6409.0099,3940738.0182,4043448.4065,-3674134.9826,3524.2466,2377.7059,6409.1527,0.0,0.0765,3.9732,0.0,0.0,1.0,0.0,1.0,0.0,0.0,1.172,-23.972,0.0,1.0,0.0,0.0,0.0,-1.0,0.18655026132385877,0.0031622776601683794,-0.18398,1.2174097887222353,6.488127582148677,,
370.2678,36.766,-0.185,-0.024,32.794,-0.091,-0.03,-0.147,0.001,-0.003,-0.147,0.001,-0.003,0.947,-0.06,0.247,0.003,0.008,-0.007,-0.0,0.0,0.0,836.465,-0.0,0.0,-0.0,0.0,0.0,0.0,0.0,0.0,-0.6872,0.6911,-0.2237,0.7204,0.6879,-0.088,0.0931,-0.2216,-0.9707,0.676,0.226,-0.7014,-0.7316,0.0917,-0.6755,-0.0884,0.9698,0.2273,-0.0001,0.0001,0.0,0.0,0.0,0.0,-0.0349,-0.0102,-0.1429,25.2438,19.5645,31.3869,0.0,0.0433,-0.363,0.0,0.0,0.0,3941471.9112,4043946.0393,-3672814.5689,3523.1782,2376.6353,6409.9732,3941446.6674,4043926.4748,-3672845.9557,3523.2131,2376.6455,6410.1161,0.0,0.0765,3.9732,0.0,0.0,1.0,0.0,1.0,0.0,0.0,1.172,-23.972,0.0,1.0,0.0,0.0,0.0,-1.0,0.18655026132385877,0.0031622776601683794,-0.18383,1.219293743472325,6.482837772727423,,
370.4737,36.736,-0.185,-0.025,32.763,-0.091,-0.03,-0.147,0.001,-0.003,-0.147,0.001,-0.003,0.947,-0.058,0.246,0.003,0.008,-0.007,-0.0,0.0,0.0,836.465,-0.0,0.0,-0.0,0.0,0.0,0.0,0.0,0.0,-0.6873,0.6911,-0.2237,0.7204,0.6879,-0.088,0.0931,-0.2217,-0.9707,0.676,0.226,-0.7014,-0.7316,0.0917,-0.6755,-0.0884,0.9698,0.2273,-0.0001,0.0001,0.0,0.0,0.0,0.0,-0.0349,-0.0102,-0.1429,25.2366,19.5624,31.3574,0.0,0.0433,-0.363,0.0,0.0,0.0,3942198.6526,4044436.24,-3671492.0532,3522.1178,2375.5473,6410.9611,3942173.416,4044416.6776,-3671523.4105,3522.1527,2375.5575,6411.1039,0.0,0.0765,3.9732,0.0,0.0,1.0,0.0,1.0,0.0,0.0,1.172,-23.972,0.0,1.0,0.0,0.0,0.0,-1.0,0.1866815470259447,0.0031622776601683794,-0.18367999999999998,1.2173346053997154,6.4775479633061686,,
370.6807,36.706,-0.184,-0.026,32.733,-0.091,-0.031,-0.147,0.001,-0.003,-0.147,0.001,-0.003,0.948,-0.056,0.244,0.003,0.008,-0.007,-0.0,0.0,0.0,836.465,-0.0,0.0,-0.0,0.0,0.0,0.0,0.0,0.0,-0.6873,0.6911,-0.2237,0.7204,0.6879,-0.0881,0.093,-0.2217,-0.9707,0.676,0.226,-0.7014,-0.7316,0.0917,-0.6755,-0.0884,0.9698,0.2273,-0.0001,0.0001,0.0,0.0,0.0,0.0,-0.0349,-0.0102,-0.1429,25.2294,19.5603,31.3279,0.0,0.0433,-0.363,0.0,0.0,0.0,3942925.5846,4044926.4919,-3670168.5917,3521.0566,2374.4586,6411.9491,3942900.3552,4044906.9316,-3670199.9196,3521.0915,2374.4688,6412.092,0.0,0.0765,3.9732,0.0,0.0,1.0,0.0,1.0,0.0,0.0,1.172,-23.972,0.0,1.0,0.0,0.0,0.0,-1.0,0.18582787734890585,0.0031622776601683794,-0.18353000000000003,1.203035413635936,6.4722581538849155,,
370.8862,36.675,-0.184,-0.026,32.703,-0.091,-0.031,-0.147,0.001,-0.003,-0.147,0.001,-0.003,0.949,-0.055,0.243,0.003,0.008,-0.007,-0.0,0.0,0.0,836.465,-0.0,0.0,-0.0,0.0,0.0,0.0,0.0,0.0,-0.6873,0.6911,-0.2237,0.7204,0.6879,-0.0881,0.093,-0.2217,-0.9707,0.676,0.226,-0.7014,-0.7316,0.0917,-0.6755,-0.0884,0.9698,0.2273,-0.0001,0.0001,0.0,0.0,0.0,0.0,-0.0349,-0.0102,-0.1429,25.2222,19.5582,31.2986,0.0,0.0433,-0.363,0.0,0.0,0.0,3943648.1171,4045413.7009,-3668852.5382,3520.0013,2373.3761,6412.9312,3943622.8949,4045394.1427,-3668883.8367,3520.0362,2373.3863,6413.0741,0.0,0.0765,3.9732,0.0,0.0,1.0,0.0,1.0,0.0,0.0,1.172,-23.972,0.0,1.0,0.0,0.0,0.0,-1.0,0.18582787734890585,0.0031622776601683794,-0.18337499999999998,1.203258268561922,6.466792017482953,,
371.0894,36.645,-0.184,-0.027,32.672,-0.091,-0.032,-0.147,0.001,-0.003,-0.147,0.001,-0.003,0.949,-0.053,0.241,0.003,0.008,-0.007,-0.0,0.0,0.0,836.465,-0.0,0.0,-0.0,0.0,0.0,0.0,0.0,0.0,-0.6873,0.6911,-0.2237,0.7204,0.6879,-0.0881,0.093,-0.2217,-0.9707,0.676,0.226,-0.7014,-0.7316,0.0917,-0.6755,-0.0884,0.9698,0.2273,-0.0001,0.0001,0.0,0.0,0.0,0.0,-0.0349,-0.0102,-0.1429,25.2151,19.5561,31.2693,0.0,0.0433,-0.363,0.0,0.0,0.0,3944368.0414,4045899.0753,-3667540.6436,3518.9493,2372.297,6413.9096,3944342.8264,4045879.5192,-3667571.9129,3518.9842,2372.3071,6414.0525,0.0,0.0765,3.9732,0.0,0.0,1.0,0.0,1.0,0.0,0.0,1.172,-23.972,0.0,1.0,0.0,0.0,0.0,-1.0,0.1859704277566732,0.0031622776601683794,-0.18322500000000003,1.2029627403363363,6.4615022080617,,
371.2904,36.616,-0.184,-0.028,32.643,-0.091,-0.033,-0.147,0.001,-0.003,-0.147,0.001,-0.003,0.95,-0.051,0.24,0.003,0.008,-0.007,-0.0,0.0,0.0,836.465,-0.0,0.0,-0.0,0.0,0.0,0.0,0.0,0.0,-0.6873,0.6911,-0.2237,0.7204,0.6879,-0.0882,0.093,-0.2218,-0.9707,0.676,0.226,-0.7014,-0.7316,0.0917,-0.6755,-0.0884,0.9698,0.2273,-0.0001,0.0001,0.0,0.0,0.0,0.0,-0.0349,-0.0102,-0.1429,25.2081,19.554,31.2407,0.0,0.0433,-0.363,0.0,0.0,0.0,3945072.8223,4046374.1666,-3666255.7703,3517.9189,2371.2401,6414.8674,3945047.6142,4046354.6126,-3666287.011,3517.9538,2371.2503,6415.0103,0.0,0.0765,3.9732,0.0,0.0,1.0,0.0,1.0,0.0,0.0,1.172,-23.972,0.0,1.0,0.0,0.0,0.0,-1.0,0.18611824198610946,0.0031622776601683794,-0.18308,1.2030147393030273,6.456388725621154,,
371.4971,36.585,-0.184,-0.029,32.612,-0.091,-0.033,-0.147,0.001,-0.003,-0.147,0.001,-0.003,0.95,-0.05,0.239,0.003,0.008,-0.007,-0.0,0.0,0.0,836.465,-0.0,0.0,-0.0,0.0,0.0,0.0,0.0,0.0,-0.6873,0.691,-0.2237,0.7204,0.688,-0.0882,0.0929,-0.2218,-0.9707,0.676,0.226,-0.7014,-0.7316,0.0917,-0.6755,-0.0884,0.9698,0.2273,-0.0001,0.0001,0.0,0.0,0.0,0.0,-0.0349,-0.0102,-0.143,25.2009,19.5519,31.2112,0.0,0.0433,-0.363,0.0,0.0,0.0,3945797.9541,4046862.9008,-3664933.2014,3516.8583,2370.1523,6415.8528,3945772.7532,4046843.3489,-3664964.4126,3516.8932,2370.1625,6415.9957,0.0,0.0765,3.9732,0.0,0.0,1.0,0.0,1.0,0.0,0.0,1.172,-23.972,0.0,1.0,0.0,0.0,0.0,-1.0,0.18627130750601392,0.0031622776601683794,-0.182925,1.2014896307413732,6.450922589219191,,
371.6974,36.556,-0.183,-0.029,32.584,-0.09,-0.034,-0.147,0.001,-0.003,-0.147,0.001,-0.003,0.951,-0.048,0.237,0.003,0.008,-0.007,-0.0,0.0,0.0,836.465,-0.0,0.0,-0.0,0.0,0.0,0.0,0.0,0.0,-0.6873,0.691,-0.2237,0.7204,0.688,-0.0883,0.0929,-0.2218,-0.9707,0.676,0.226,-0.7014,-0.7316,0.0917,-0.6755,-0.0884,0.9698,0.2273,-0.0001,0.0001,0.0,0.0,0.0,0.0,-0.0349,-0.0102,-0.143,25.1941,19.5499,31.1832,0.0,0.0433,-0.363,0.0,0.0,0.0,3946486.7609,4047327.0806,-3663676.3307,3515.8503,2369.1185,6416.7887,3946461.5669,4047307.5307,-3663707.514,3515.8852,2369.1287,6416.9317,0.0,0.0765,3.9732,0.0,0.0,1.0,0.0,1.0,0.0,0.0,1.172,-23.972,0.0,1.0,0.0,0.0,0.0,-1.0,0.18528356645962965,0.0031622776601683794,-0.18278,1.204872067067903,6.445809106778645,,
371.8975,36.527,-0.183,-0.03,32.554,-0.09,-0.034,-0.147,0.001,-0.003,-0.147,0.001,-0.003,0.951,-0.047,0.236,0.003,0.008,-0.007,-0.0,0.0,0.0,836.465,-0.0,0.0,-0.0,0.0,0.0,0.0,0.0,0.0,-0.6874,0.691,-0.2237,0.7204,0.688,-0.0883,0.0929,-0.2218,-0.9706,0.676,0.226,-0.7014,-0.7316,0.0917,-0.6755,-0.0884,0.9698,0.2273,-0.0001,0.0001,0.0,0.0,0.0,0.0,-0.0349,-0.0102,-0.143,25.187,19.5478,31.1545,0.0,0.0433,-0.363,0.0,0.0,0.0,3947193.2617,4047803.1123,-3662386.6061,3514.816,2368.0578,6417.7487,3947168.0746,4047783.5645,-3662417.7606,3514.8509,2368.068,6417.8917,0.0,0.0765,3.9732,0.0,0.0,1.0,0.0,1.0,0.0,0.0,1.172,-23.972,0.0,1.0,0.0,0.0,0.0,-1.0,0.1854427135263071,0.0031622776601683794,-0.182635,1.2029961321342104,6.4406956243381,,
372.0977,36.497,-0.183,-0.031,32.524,-0.09,-0.035,-0.147,0.001,-0.003,-0.148,0.001,-0.003,0.952,-0.045,0.235,0.003,0.008,-0.007,-0.0,0.0,0.0,836.465,-0.0,0.0,-0.0,0.0,0.0,0.0,0.0,0.0,-0.6874,0.691,-0.2237,0.7203,0.688,-0.0883,0.0929,-0.2219,-0.9706,0.676,0.226,-0.7014,-0.7316,0.0917,-0.6755,-0.0884,0.9698,0.2273,-0.0001,0.0001,0.0,0.0,0.0,0.0,-0.0349,-0.0102,-0.143,25.18,19.5458,31.1259,0.0,0.0433,-0.363,0.0,0.0,0.0,3947897.3485,4048277.4446,-3661100.72,3513.7847,2367.0003,6418.7053,3947872.1685,4048257.8988,-3661131.8458,3513.8196,2367.0104,6418.8483,0.0,0.0765,3.9732,0.0,0.0,1.0,0.0,1.0,0.0,0.0,1.172,-23.972,0.0,1.0,0.0,0.0,0.0,-1.0,0.18560711193270585,0.0031622776601683794,-0.182485,1.2030305051724608,6.435405814916846,,
372.2995,36.467,-0.183,-0.031,32.495,-0.09,-0.036,-0.148,0.001,-0.003,-0.148,0.001,-0.003,0.953,-0.044,0.233,0.003,0.008,-0.007,-0.0,0.0,0.0,836.465,-0.0,0.0,-0.0,0.0,0.0,0.0,0.0,0.0,-0.6874,0.691,-0.2237,0.7203,0.688,-0.0884,0.0928,-0.2219,-0.9706,0.676,0.226,-0.7014,-0.7316,0.0917,-0.6755,-0.0884,0.9698,0.2273,-0.0001,0.0001,0.0,0.0,0.0,0.0,-0.0349,-0.0102,-0.143,25.173,19.5437,31.097,0.0,0.0433,-0.363,0.0,0.0,0.0,3948607.2325,4048755.6087,-3659803.6708,3512.7444,2365.9336,6419.6698,3948582.0596,4048736.0649,-3659834.7678,3512.7793,2365.9437,6419.8128,0.0,0.0765,3.9732,0.0,0.0,1.0,0.0,1.0,0.0,0.0,1.172,-23.972,0.0,1.0,0.0,0.0,0.0,-1.0,0.18560711193270585,0.0031622776601683794,-0.182335,1.2048722579979603,6.430116005495592,,
372.5002,36.438,-0.183,-0.032,32.465,-0.09,-0.036,-0.148,0.001,-0.003,-0.148,0.001,-0.003,0.953,-0.042,0.232,0.003,0.008,-0.007,-0.0,0.0,0.0,836.465,-0.0,0.0,-0.0,0.0,0.0,0.0,0.0,0.0,-0.6874,0.691,-0.2237,0.7203,0.688,-0.0884,0.0928,-0.2219,-0.9706,0.676,0.226,-0.7014,-0.7316,0.0917,-0.6755,-0.0884,0.9698,0.2273,-0.0001,0.0001,0.0,0.0,0.0,0.0,-0.0349,-0.0102,-0.143,25.166,19.5417,31.0683,0.0,0.0433,-0.363,0.0,0.0,0.0,3949310.723,4049229.3933,-3658517.7306,3511.713,2364.876,6420.6255,3949285.557,4049209.8516,-3658548.7989,3511.7479,2364.8862,6420.7685,0.0,0.0765,3.9732,0.0,0.0,1.0,0.0,1.0,0.0,0.0,1.172,-23.972,0.0,1.0,0.0,0.0,0.0,-1.0,0.185776747737708,0.0031622776601683794,-0.18219000000000002,1.2029564301123727,6.425002523055047,,
372.7003,36.408,-0.182,-0.033,32.435,-0.09,-0.037,-0.148,0.001,-0.003,-0.148,0.001,-0.003,0.954,-0.04,0.23,0.003,0.008,-0.007,-0.0,0.0,0.0,836.465,-0.0,0.0,-0.0,0.0,0.0,0.0,0.0,0.0,-0.6874,0.691,-0.2237,0.7203,0.688,-0.0884,0.0928,-0.2219,-0.9706,0.676,0.226,-0.7014,-0.7316,0.0917,-0.6755,-0.0884,0.9698,0.2273,-0.0001,0.0001,0.0,0.0,0.0,0.0,-0.0349,-0.0102,-0.143,25.159,19.5396,31.0396,0.0,0.0433,-0.363,0.0,0.0,0.0,3950015.3328,4049703.8592,-3657229.1718,3510.6795,2363.8164,6421.5827,3949990.1738,4049684.3196,-3657260.2114,3510.7144,2363.8266,6421.7257,0.0,0.0765,3.9732,0.0,0.0,1.0,0.0,1.0,0.0,0.0,1.172,-23.972,0.0,1.0,0.0,0.0,0.0,-1.0,0.18496756472419698,0.0031622776601683794,-0.18204,1.1886508080125062,6.4197127136337935,,
372.9011,36.379,-0.182,-0.033,32.406,-0.09,-0.037,-0.148,0.001,-0.003,-0.148,0.001,-0.003,0.954,-0.039,0.229,0.003,0.008,-0.007,-0.0,0.0,0.0,836.465,-0.0,0.0,-0.0,0.0,0.0,0.0,0.0,0.0,-0.6874,0.691,-0.2237,0.7203,0.688,-0.0885,0.0928,-0.222,-0.9706,0.676,0.226,-0.7014,-0.7316,0.0917,-0.6755,-0.0884,0.9698,0.2273,-0.0001,0.0001,0.0,0.0,0.0,0.0,-0.0349,-0.0102,-0.143,25.152,19.5375,31.0109,0.0,0.0433,-0.363,0.0,0.0,0.0,3950719.8773,4050178.2076,-3655940.1645,3509.6456,2362.7564,6422.5397,3950694.7254,4050158.6701,-3655971.1754,3509.6805,2362.7666,6422.6827,0.0,0.0765,3.9732,0.0,0.0,1.0,0.0,1.0,0.0,0.0,1.172,-23.972,0.0,1.0,0.0,0.0,0.0,-1.0,0.18496756472419698,0.0031622776601683794,-0.181895,1.1885399708341402,6.414599231193247,,
373.1028,36.349,-0.182,-0.034,32.376,-0.09,-0.038,-0.148,0.001,-0.003,-0.148,0.001,-0.003,0.955,-0.037,0.228,0.003,0.008,-0.007,-0.0,0.0,0.0,836.465,-0.0,0.0,-0.0,0.0,0.0,0.0,0.0,0.0,-0.6874,0.6909,-0.2237,0.7203,0.688,-0.0885,0.0927,-0.222,-0.9706,0.676,0.226,-0.7014,-0.7316,0.0917,-0.6755,-0.0884,0.9698,0.2273,-0.0001,0.0001,0.0,0.0,0.0,0.0,-0.0349,-0.0102,-0.143,25.145,19.5355,30.9821,0.0,0.0433,-0.363,0.0,0.0,0.0,3951426.759,4050654.0567,-3654646.3021,3508.6077,2361.6925,6423.4998,3951401.6141,4050634.5212,-3654677.2842,3508.6426,2361.7027,6423.6429,0.0,0.0765,3.9732,0.0,0.0,1.0,0.0,1.0,0.0,0.0,1.172,-23.972,0.0,1.0,0.0,0.0,0.0,-1.0,0.18514858897652986,0.0031622776601683794,-0.181745,1.1885832818880697,6.409309421771993,,
373.3032,36.319,-0.182,-0.035,32.346,-0.089,-0.039,-0.148,0.001,-0.003,-0.148,0.001,-0.003,0.955,-0.036,0.226,0.003,0.008,-0.007,-0.0,0.0,0.0,836.465,-0.0,0.0,-0.0,0.0,0.0,0.0,0.0,0.0,-0.6874,0.6909,-0.2237,0.7203,0.688,-0.0885,0.0927,-0.222,-0.9706,0.676,0.226,-0.7014,-0.7316,0.0917,-0.6755,-0.0884,0.9698,0.2273,-0.0001,0.0001,0.0,0.0,0.0,0.0,-0.0349,-0.0102,-0.1431,25.1379,19.5334,30.9534,0.0,0.0433,-0.363,0.0,0.0,0.0,3952130.2986,4051127.5824,-3653357.9881,3507.5743,2360.6331,6424.4554,3952105.1607,4051108.049,-3653388.9415,3507.6092,2360.6433,6424.5985,0.0,0.0765,3.9732,0.0,0.0,1.0,0.0,1.0,0.0,0.0,1.172,-23.972,0.0,1.0,0.0,0.0,0.0,-1.0,0.18533483212823215,0.0031622776601683794,-0.181595,1.2045612703273723,6.40401961235074,,
373.5033,36.29,-0.181,-0.035,32.317,-0.089,-0.039,-0.148,0.001,-0.003,-0.148,0.001,-0.003,0.956,-0.034,0.225,0.003,0.008,-0.007,-0.0,0.0,0.0,836.465,-0.0,0.0,-0.0,0.0,0.0,0.0,0.0,0.0,-0.6875,0.6909,-0.2237,0.7203,0.688,-0.0886,0.0927,-0.222,-0.9706,0.676,0.226,-0.7014,-0.7316,0.0917,-0.6755,-0.0884,0.9698,0.2273,-0.0001,0.0001,0.0,0.0,0.0,0.0,-0.0349,-0.0102,-0.1431,25.131,19.5314,30.9248,0.0,0.0433,-0.363,0.0,0.0,0.0,3952832.0096,4051599.8047,-3652072.4541,3506.5431,2359.5761,6425.4084,3952806.8787,4051580.2733,-3652103.3789,3506.578,2359.5863,6425.5515,0.0,0.0765,3.9732,0.0,0.0,1.0,0.0,1.0,0.0,0.0,1.172,-23.972,0.0,1.0,0.0,0.0,0.0,-1.0,0.1843529224069963,0.0031622776601683794,-0.18145,1.190110789578932,6.398906129910194,,
373.7069,36.26,-0.181,-0.036,32.287,-0.089,-0.04,-0.148,0.001,-0.003,-0.148,0.001,-0.003,0.957,-0.032,0.223,0.003,0.008,-0.007,-0.0,0.0,0.0,836.465,-0.0,0.0,-0.0,0.0,0.0,0.0,0.0,0.0,-0.6875,0.6909,-0.2237,0.7203,0.688,-0.0886,0.0927,-0.222,-0.9706,0.676,0.226,-0.7014,-0.7316,0.0917,-0.6755,-0.0884,0.9698,0.2273,-0.0001,0.0001,0.0,0.0,0.0,0.0,-0.0349,-0.0102,-0.1431,25.1238,19.5293,30.8955,0.0,0.0433,-0.363,0.0,0.0,0.0,3953549.2603,4052082.4098,-3650757.8594,3505.4885,2358.4952,6426.3825,3953524.1364,4052062.8805,-3650788.7549,3505.5234,2358.5054,6426.5256,0.0,0.0765,3.9732,0.0,0.0,1.0,0.0,1.0,0.0,0.0,1.172,-23.972,0.0,1.0,0.0,0.0,0.0,-1.0,0.1845453873712372,0.0031622776601683794,-0.1813,1.1901600006601987,6.39361632048894,,
373.9111,36.23,-0.181,-0.037,32.257,-0.089,-0.04,-0.148,0.001,-0.003,-0.148,0.001,-0.003,0.957,-0.031,0.222,0.003,0.008,-0.007,-0.0,0.0,0.0,836.465,-0.0,0.0,-0.0,0.0,0.0,0.0,0.0,0.0,-0.6875,0.6909,-0.2237,0.7203,0.688,-0.0887,0.0926,-0.2221,-0.9706,0.676,0.226,-0.7014,-0.7316,0.0917,-0.6755,-0.0884,0.9698,0.2273,-0.0001,0.0001,0.0,0.0,0.0,0.0,-0.0349,-0.0102,-0.1431,25.1167,19.5272,30.8664,0.0,0.0433,-0.363,0.0,0.0,0.0,3954262.7508,4052562.409,-3649449.5704,3504.4389,2357.4195,6427.3514,3954237.6341,4052542.8818,-3649480.4368,3504.4739,2357.4297,6427.4945,0.0,0.0765,3.9732,0.0,0.0,1.0,0.0,1.0,0.0,0.0,1.172,-23.972,0.0,1.0,0.0,0.0,0.0,-1.0,0.18474306482247174,0.0031622776601683794,-0.18114999999999998,1.1886571459877633,6.388326511067685,,
374.1154,36.199,-0.181,-0.038,32.227,-0.089,-0.041,-0.148,0.001,-0.003,-0.148,0.001,-0.003,0.958,-0.029,0.221,0.003,0.008,-0.007,-0.0,0.0,0.0,836.465,-0.0,0.0,-0.0,0.0,0.0,0.0,0.0,0.0,-0.6875,0.6909,-0.2237,0.7203,0.688,-0.0887,0.0926,-0.2221,-0.9706,0.676,0.226,-0.7014,-0.7316,0.0917,-0.6755,-0.0884,0.9698,0.2273,-0.0001,0.0001,0.0,0.0,0.0,0.0,-0.0349,-0.0102,-0.1431,25.1096,19.5251,30.8371,0.0,0.0433,-0.363,0.0,0.0,0.0,3954979.3141,4053044.4,-3648135.0512,3503.3844,2356.3388,6428.3244,3954954.2045,4053024.8749,-3648165.8883,3503.4193,2356.349,6428.4675,0.0,0.0765,3.9732,0.0,0.0,1.0,0.0,1.0,0.0,0.0,1.172,-23.972,0.0,1.0,0.0,0.0,0.0,-1.0,0.18494593804677084,0.0031622776601683794,-0.180995,1.1890221743192164,6.382860374665723,,
374.3181,36.17,-0.18,-0.038,32.197,-0.089,-0.041,-0.148,0.001,-0.003,-0.148,0.001,-0.003,0.958,-0.028,0.219,0.003,0.008,-0.007,-0.0,0.0,0.0,836.465,-0.0,0.0,-0.0,0.0,0.0,0.0,0.0,0.0,-0.6875,0.6909,-0.2237,0.7202,0.688,-0.0887,0.0926,-0.2221,-0.9706,0.676,0.226,-0.7014,-0.7316,0.0917,-0.6755,-0.0884,0.9698,0.2273,-0.0001,0.0001,0.0,0.0,0.0,0.0,-0.0349,-0.0102,-0.1431,25.1025,19.523,30.8082,0.0,0.0433,-0.363,0.0,0.0,0.0,3955688.0073,4053521.0225,-3646834.3844,3502.3409,2355.2694,6429.2867,3955662.9048,4053501.4995,-3646865.1926,3502.3758,2355.2796,6429.4298,0.0,0.0765,3.9732,0.0,0.0,1.0,0.0,1.0,0.0,0.0,1.172,-23.972,0.0,1.0,0.0,0.0,0.0,-1.0,0.18396738841436,0.0031622776601683794,-0.18085,1.174222167369238,6.377746892225178,,
374.5197,36.14,-0.18,-0.039,32.167,-0.089,-0.042,-0.148,0.001,-0.003,-0.148,0.001,-0.003,0.959,-0.026,0.218,0.003,0.008,-0.007,-0.0,0.0,0.0,836.465,-0.0,0.0,-0.0,0.0,0.0,0.0,0.0,0.0,-0.6875,0.6909,-0.2237,0.7202,0.688,-0.0888,0.0926,-0.2221,-0.9706,0.676,0.226,-0.7014,-0.7316,0.0917,-0.6755,-0.0884,0.9698,0.2273,-0.0001,0.0001,0.0,0.0,0.0,0.0,-0.0349,-0.0102,-0.1431,25.0955,19.5209,30.7793,0.0,0.0433,-0.363,0.0,0.0,0.0,3956395.4172,4053996.7073,-3645535.4952,3501.2988,2354.2016,6430.2472,3956370.3217,4053977.1864,-3645566.2745,3501.3337,2354.2118,6430.3903,0.0,0.0765,3.9732,0.0,0.0,1.0,0.0,1.0,0.0,0.0,1.172,-23.972,0.0,1.0,0.0,0.0,0.0,-1.0,0.18417654573804992,0.0031622776601683794,-0.1807,1.1742580608333666,6.372457082803924,,
374.7224,36.11,-0.18,-0.04,32.137,-0.089,-0.043,-0.148,0.001,-0.003,-0.148,0.001,-0.003,0.96,-0.024,0.216,0.003,0.008,-0.007,-0.0,0.0,0.0,836.465,-0.0,0.0,-0.0,0.0,0.0,0.0,0.0,0.0,-0.6875,0.6908,-0.2237,0.7202,0.688,-0.0888,0.0926,-0.2222,-0.9706,0.676,0.226,-0.7014,-0.7316,0.0917,-0.6755,-0.0884,0.9698,0.2273,-0.0001,0.0001,0.0,0.0,0.0,0.0,-0.0349,-0.0102,-0.1431,25.0884,19.5189,30.7503,0.0,0.0433,-0.363,0.0,0.0,0.0,3957103.7531,4054472.9409,-3644234.3204,3500.2548,2353.1319,6431.2088,3957078.6648,4054453.4221,-3644265.0707,3500.2898,2353.1421,6431.352,0.0,0.0765,3.9732,0.0,0.0,1.0,0.0,1.0,0.0,0.0,1.172,-23.972,0.0,1.0,0.0,0.0,0.0,-1.0,0.18439088914585774,0.0031622776601683794,-0.18055,1.1742963871772032,6.3671672733826705,,
374.9244,36.08,-0.18,-0.04,32.107,-0.088,-0.043,-0.148,0.001,-0.003,-0.148,0.001,-0.003,0.96,-0.023,0.215,0.003,0.008,-0.007,-0.0,0.0,0.0,836.465,-0.0,0.0,-0.0,0.0,0.0,0.0,0.0,0.0,-0.6876,0.6908,-0.2237,0.7202,0.688,-0.0888,0.0925,-0.2222,-0.9706,0.676,0.226,-0.7014,-0.7316,0.0917,-0.6755,-0.0884,0.9698,0.2273,-0.0001,0.0001,0.0,0.0,0.0,0.0,-0.0349,-0.0102,-0.1432,25.0813,19.5168,30.7214,0.0,0.0433,-0.363,0.0,0.0,0.0,3957811.7181,4054948.8506,-3642933.2456,3499.2109,2352.0623,6432.17,3957786.6368,4054929.3338,-3642963.9669,3499.2458,2352.0725,6432.3131,0.0,0.0765,3.9732,0.0,0.0,1.0,0.0,1.0,0.0,0.0,1.172,-23.972,0.0,1.0,0.0,0.0,0.0,-1.0,0.18439088914585774,0.0031622776601683794,-0.1804,1.190133081388886,6.361877463961416,,
375.1268,36.05,-0.18,-0.041,32.077,-0.088,-0.044,-0.148,0.001,-0.003,-0.148,0.001,-0.003,0.961,-0.021,0.214,0.003,0.008,-0.007,-0.0,0.0,0.0,836.465,-0.0,0.0,-0.0,0.0,0.0,0.0,0.0,0.0,-0.6876,0.6908,-0.2237,0.7202,0.688,-0.0889,0.0925,-0.2222,-0.9706,0.676,0.226,-0.7014,-0.7316,0.0917,-0.6755,-0.0884,0.9698,0.2273,-0.0001,0.0001,0.0,0.0,0.0,0.0,-0.0349,-0.0102,-0.1432,25.0742,19.5147,30.6924,0.0,0.0433,-0.363,0.0,0.0,0.0,3958519.9603,4055424.8721,-3641631.0786,3498.1661,2350.9919,6433.1314,3958494.8861,4055405.3574,-3641661.771,3498.201,2351.0021,6433.2746,0.0,0.0765,3.9732,0.0,0.0,1.0,0.0,1.0,0.0,0.0,1.172,-23.972,0.0,1.0,0.0,0.0,0.0,-1.0,0.18461040057374883,0.0031622776601683794,-0.18025,1.1901730674196023,6.356587654540162,,
375.33,36.02,-0.179,-0.042,32.047,-0.088,-0.044,-0.148,0.001,-0.003,-0.148,0.001,-0.003,0.961,-0.02,0.212,0.003,0.008,-0.007,-0.0,0.0,0.0,836.465,-0.0,0.0,-0.0,0.0,0.0,0.0,0.0,0.0,-0.6876,0.6908,-0.2237,0.7202,0.688,-0.0889,0.0925,-0.2222,-0.9706,0.676,0.226,-0.7014,-0.7316,0.0917,-0.6755,-0.0884,0.9698,0.2273,-0.0001,0.0001,0.0,0.0,0.0,0.0,-0.0349,-0.0102,-0.1432,25.0671,19.5126,30.6633,0.0,0.0433,-0.363,0.0,0.0,0.0,3959230.5659,4055902.4072,-3640323.9792,3497.1173,2349.9175,6434.096,3959205.4987,4055882.8945,-3640354.6425,3497.1522,2349.9277,6434.2392,0.0,0.0765,3.9732,0.0,0.0,1.0,0.0,1.0,0.0,0.0,1.172,-23.972,0.0,1.0,0.0,0.0,0.0,-1.0,0.18386136081297777,0.0031622776601683794,-0.1801,1.174400200043438,6.351297845118909,,
375.5324,35.99,-0.179,-0.042,32.017,-0.088,-0.045,-0.148,0.001,-0.003,-0.148,0.001,-0.003,0.962,-0.018,0.211,0.003,0.008,-0.007,-0.0,0.0,0.0,836.465,-0.0,0.0,-0.0,0.0,0.0,0.0,0.0,0.0,-0.6876,0.6908,-0.2237,0.7202,0.6881,-0.089,0.0925,-0.2223,-0.9706,0.676,0.226,-0.7014,-0.7316,0.0917,-0.6755,-0.0884,0.9698,0.2273,-0.0001,0.0001,0.0,0.0,0.0,0.0,-0.0349,-0.0102,-0.1432,25.0601,19.5105,30.6344,0.0,0.0433,-0.363,0.0,0.0,0.0,3959936.141,4056376.4877,-3639025.5489,3496.0754,2348.8502,6435.0537,3959911.0809,4056356.9771,-3639056.1833,3496.1103,2348.8604,6435.1969,0.0,0.0765,3.9732,0.0,0.0,1.0,0.0,1.0,0.0,0.0,1.172,-23.972,0.0,1.0,0.0,0.0,0.0,-1.0,0.18386136081297777,0.0031622776601683794,-0.17995,1.1757577634096559,6.346008035697655,,
375.7336,35.96,-0.179,-0.043,31.988,-0.088,-0.046,-0.148,0.001,-0.003,-0.148,0.001,-0.003,0.962,-0.017,0.209,0.003,0.008,-0.007,-0.0,0.0,0.0,836.465,-0.0,0.0,-0.0,0.0,0.0,0.0,0.0,0.0,-0.6876,0.6908,-0.2237,0.7202,0.6881,-0.089,0.0924,-0.2223,-0.9706,0.676,0.226,-0.7014,-0.7316,0.0917,-0.6755,-0.0884,0.9698,0.2273,-0.0001,0.0001,0.0,0.0,0.0,0.0,-0.035,-0.0102,-0.1432,25.053,19.5085,30.6054,0.0,0.0433,-0.363,0.0,0.0,0.0,3960642.8563,4056851.2595,-3637724.4419,3495.0313,2347.7807,6436.0129,3960617.8033,4056831.751,-3637755.0473,3495.0663,2347.7909,6436.1561,0.0,0.0765,3.9732,0.0,0.0,1.0,0.0,1.0,0.0,0.0,1.172,-23.972,0.0,1.0,0.0,0.0,0.0,-1.0,0.1840923681199196,0.0031622776601683794,-0.17980000000000002,1.1761381219637728,6.340718226276401,,
375.9347,35.931,-0.179,-0.044,31.958,-0.088,-0.046,-0.148,0.001,-0.003,-0.148,0.001,-0.003,0.963,-0.015,0.208,0.003,0.008,-0.007,-0.0,0.0,0.0,836.465,-0.0,0.0,-0.0,0.0,0.0,0.0,0.0,0.0,-0.6876,0.6908,-0.2237,0.7202,0.6881,-0.089,0.0924,-0.2223,-0.9706,0.676,0.226,-0.7014,-0.7316,0.0917,-0.6755,-0.0884,0.9698,0.2273,-0.0001,0.0001,0.0,0.0,0.0,0.0,-0.035,-0.0102,-0.1432,25.0461,19.5064,30.5768,0.0,0.0433,-0.363,0.0,0.0,0.0,3961342.4341,4057321.1632,-3636435.9,3493.9973,2346.7216,6436.9624,3961317.388,4057301.6568,-3636466.4767,3494.0323,2346.7318,6437.1056,0.0,0.0765,3.9732,0.0,0.0,1.0,0.0,1.0,0.0,0.0,1.172,-23.972,0.0,1.0,0.0,0.0,0.0,-1.0,0.18432851108821988,0.0031622776601683794,-0.17965499999999998,1.174339921723797,6.335604743835854,,
376.1382,35.901,-0.178,-0.045,31.928,-0.088,-0.047,-0.148,0.001,-0.003,-0.148,0.001,-0.003,0.964,-0.013,0.207,0.003,0.008,-0.007,-0.0,0.0,0.0,836.465,-0.0,0.0,-0.0,0.0,0.0,0.0,0.0,0.0,-0.6876,0.6908,-0.2237,0.7202,0.6881,-0.0891,0.0924,-0.2223,-0.9706,0.676,0.226,-0.7014,-0.7316,0.0917,-0.6755,-0.0884,0.9698,0.2273,-0.0001,0.0001,0.0,0.0,0.0,0.0,-0.035,-0.0102,-0.1432,25.0389,19.5043,30.5476,0.0,0.0433,-0.363,0.0,0.0,0.0,3962053.4717,4057798.6898,-3635125.6632,3492.9458,2345.6447,6437.9273,3962028.4328,4057779.1855,-3635156.2108,3492.9808,2345.6549,6438.0705,0.0,0.0765,3.9732,0.0,0.0,1.0,0.0,1.0,0.0,0.0,1.172,-23.972,0.0,1.0,0.0,0.0,0.0,-1.0,0.18360010893242953,0.0031622776601683794,-0.17950500000000003,1.1600133440000444,6.330314934414601,,
376.343,35.87,-0.178,-0.045,31.898,-0.088,-0.047,-0.148,0.001,-0.003,-0.148,0.001,-0.003,0.964,-0.012,0.205,0.003,0.008,-0.007,-0.0,0.0,0.0,836.465,-0.0,0.0,-0.0,0.0,0.0,0.0,0.0,0.0,-0.6876,0.6907,-0.2237,0.7202,0.6881,-0.0891,0.0924,-0.2223,-0.9706,0.676,0.226,-0.7014,-0.7316,0.0917,-0.6755,-0.0884,0.9698,0.2273,-0.0001,0.0001,0.0,0.0,0.0,0.0,-0.035,-0.0102,-0.1432,25.0317,19.5022,30.5182,0.0,0.0433,-0.363,0.0,0.0,0.0,3962770.3124,4058280.0369,-3633804.1374,3491.8853,2344.5586,6438.9001,3962745.2806,4058260.5347,-3633834.6557,3491.9203,2344.5688,6439.0433,0.0,0.0765,3.9732,0.0,0.0,1.0,0.0,1.0,0.0,0.0,1.172,-23.972,0.0,1.0,0.0,0.0,0.0,-1.0,0.18360010893242953,0.0031622776601683794,-0.17934999999999998,1.1602247797012162,6.324848798012638,,
376.5444,35.841,-0.178,-0.046,31.868,-0.087,-0.048,-0.148,0.001,-0.003,-0.148,0.001,-0.003,0.965,-0.01,0.204,0.003,0.008,-0.007,-0.0,0.0,0.0,836.465,-0.0,0.0,-0.0,0.0,0.0,0.0,0.0,0.0,-0.6877,0.6907,-0.2237,0.7201,0.6881,-0.0891,0.0923,-0.2224,-0.9706,0.676,0.226,-0.7014,-0.7316,0.0917,-0.6755,-0.0884,0.9698,0.2273,-0.0001,0.0001,0.0,0.0,0.0,0.0,-0.035,-0.0102,-0.1433,25.0247,19.5002,30.4894,0.0,0.0433,-0.363,0.0,0.0,0.0,3963473.0571,4058751.8446,-3632508.0125,3490.8451,2343.4933,6439.8537,3963448.0324,4058732.3444,-3632538.5019,3490.8801,2343.5035,6439.9969,0.0,0.0765,3.9732,0.0,0.0,1.0,0.0,1.0,0.0,0.0,1.172,-23.972,0.0,1.0,0.0,0.0,0.0,-1.0,0.18384776310850234,0.0031622776601683794,-0.179205,1.1759002333097615,6.3197353155720934,,
376.7472,35.811,-0.178,-0.047,31.838,-0.087,-0.049,-0.148,0.001,-0.003,-0.148,0.001,-0.003,0.965,-0.009,0.202,0.003,0.008,-0.007,-0.0,0.0,0.0,836.465,-0.0,0.0,-0.0,0.0,0.0,0.0,0.0,0.0,-0.6877,0.6907,-0.2237,0.7201,0.6881,-0.0892,0.0923,-0.2224,-0.9706,0.676,0.226,-0.7014,-0.7316,0.0917,-0.6755,-0.0884,0.9698,0.2273,-0.0001,0.0001,0.0,0.0,0.0,0.0,-0.035,-0.0102,-0.1433,25.0177,19.4981,30.4605,0.0,0.0433,-0.363,0.0,0.0,0.0,3964176.164,4059223.821,-3631210.6442,3489.8039,2342.4271,6440.8077,3964151.1464,4059204.3229,-3631241.1048,3489.8388,2342.4373,6440.951,0.0,0.0765,3.9732,0.0,0.0,1.0,0.0,1.0,0.0,0.0,1.172,-23.972,0.0,1.0,0.0,0.0,0.0,-1.0,0.18410051602317687,0.0031622776601683794,-0.179055,1.1759352681248654,6.3144455061508395,,
376.9478,35.781,-0.178,-0.047,31.808,-0.087,-0.049,-0.148,0.001,-0.003,-0.148,0.001,-0.003,0.966,-0.007,0.201,0.003,0.008,-0.007,-0.0,0.0,0.0,836.465,-0.0,0.0,-0.0,0.0,0.0,0.0,0.0,0.0,-0.6877,0.6907,-0.2237,0.7201,0.6881,-0.0892,0.0923,-0.2224,-0.9706,0.676,0.226,-0.7014,-0.7316,0.0917,-0.6755,-0.0884,0.9698,0.2273,-0.0001,0.0001,0.0,0.0,0.0,0.0,-0.035,-0.0102,-0.1433,25.0106,19.496,30.4318,0.0,0.0433,-0.363,0.0,0.0,0.0,3964877.079,4059694.2527,-3629916.7408,3488.7654,2341.3638,6441.7587,3964852.0684,4059674.7567,-3629947.1725,3488.8004,2341.374,6441.902,0.0,0.0765,3.9732,0.0,0.0,1.0,0.0,1.0,0.0,0.0,1.172,-23.972,0.0,1.0,0.0,0.0,0.0,-1.0,0.18410051602317687,0.0031622776601683794,-0.17890499999999998,1.175821961504554,6.309155696729585,,
377.1546,35.75,-0.177,-0.048,31.777,-0.087,-0.05,-0.148,0.001,-0.003,-0.148,0.001,-0.003,0.966,-0.005,0.2,0.003,0.008,-0.007,-0.0,0.0,0.0,836.465,-0.0,0.0,-0.0,0.0,0.0,0.0,0.0,0.0,-0.6877,0.6907,-0.2237,0.7201,0.6881,-0.0892,0.0923,-0.2224,-0.9706,0.676,0.226,-0.7014,-0.7316,0.0917,-0.6755,-0.0884,0.9698,0.2273,-0.0001,0.0001,0.0,0.0,0.0,0.0,-0.035,-0.0102,-0.1433,25.0032,19.4938,30.4014,0.0,0.0433,-0.363,0.0,0.0,0.0,3965615.4246,4060189.7271,-3628553.1161,3487.6709,2340.2432,6442.7604,3965590.4213,4060170.2332,-3628583.5175,3487.7059,2340.2534,6442.9037,0.0,0.0765,3.9732,0.0,0.0,1.0,0.0,1.0,0.0,0.0,1.172,-23.972,0.0,1.0,0.0,0.0,0.0,-1.0,0.18339302058693507,0.0031622776601683794,-0.17875,1.1615060994565933,6.303689560327623,,
377.3568,35.72,-0.177,-0.049,31.747,-0.087,-0.05,-0.148,0.001,-0.003,-0.148,0.001,-0.003,0.967,-0.004,0.198,0.003,0.008,-0.007,-0.0,0.0,0.0,836.465,-0.0,0.0,-0.0,0.0,0.0,0.0,0.0,0.0,-0.6877,0.6907,-0.2237,0.7201,0.6881,-0.0893,0.0922,-0.2225,-0.9706,0.676,0.226,-0.7014,-0.7316,0.0917,-0.6755,-0.0884,0.9698,0.2273,-0.0001,0.0001,0.0,0.0,0.0,0.0,-0.035,-0.0102,-0.1433,24.9962,19.4918,30.3725,0.0,0.0433,-0.363,0.0,0.0,0.0,3966320.0809,4060662.5178,-3627251.1133,3486.6259,2339.1732,6443.7164,3966295.0847,4060643.026,-3627281.4857,3486.6609,2339.1835,6443.8597,0.0,0.0765,3.9732,0.0,0.0,1.0,0.0,1.0,0.0,0.0,1.172,-23.972,0.0,1.0,0.0,0.0,0.0,-1.0,0.18365728953678914,0.0031622776601683794,-0.17859999999999998,1.1601137245854336,6.298399750906369,,
377.5637,35.69,-0.177,-0.049,31.717,-0.087,-0.051,-0.148,0.001,-0.003,-0.148,0.001,-0.003,0.968,-0.002,0.197,0.003,0.008,-0.007,-0.0,0.0,0.0,836.465,-0.0,0.0,-0.0,0.0,0.0,0.0,0.0,0.0,-0.6877,0.6907,-0.2237,0.7201,0.6881,-0.0893,0.0922,-0.2225,-0.9706,0.676,0.226,-0.7014,-0.7316,0.0917,-0.6755,-0.0884,0.9698,0.2273,-0.0001,0.0001,0.0,0.0,0.0,0.0,-0.035,-0.0102,-0.1433,24.989,19.4896,30.3429,0.0,0.0433,-0.363,0.0,0.0,0.0,3967040.3376,4061145.698,-3625919.6855,3485.5572,2338.0792,6444.6934,3967015.3486,4061126.2084,-3625950.0284,3485.5922,2338.0894,6444.8367,0.0,0.0765,3.9732,0.0,0.0,1.0,0.0,1.0,0.0,0.0,1.172,-23.972,0.0,1.0,0.0,0.0,0.0,-1.0,0.18365728953678914,0.0031622776601683794,-0.17845,1.1614348989707437,6.293109941485114,,
377.7714,35.659,-0.177,-0.05,31.686,-0.087,-0.052,-0.148,0.001,-0.003,-0.148,0.001,-0.003,0.968,-0.0,0.195,0.003,0.008,-0.007,-0.0,0.0,0.0,836.465,-0.0,0.0,-0.0,0.0,0.0,0.0,0.0,0.0,-0.6877,0.6907,-0.2237,0.7201,0.6881,-0.0894,0.0922,-0.2225,-0.9706,0.676,0.226,-0.7014,-0.7316,0.0917,-0.6755,-0.0884,0.9698,0.2273,-0.0001,0.0001,0.0,0.0,0.0,0.0,-0.035,-0.0102,-0.1433,24.9817,19.4875,30.3131,0.0,0.0433,-0.363,0.0,0.0,0.0,3967762.8936,4061630.3428,-3624583.3916,3484.4846,2336.9811,6445.6735,3967737.9118,4061610.8553,-3624613.7047,3484.5196,2336.9913,6445.8169,0.0,0.0765,3.9732,0.0,0.0,1.0,0.0,1.0,0.0,0.0,1.172,-23.972,0.0,1.0,0.0,0.0,0.0,-1.0,0.18392661580097644,0.0031622776601683794,-0.17829499999999998,1.161475848088464,6.287643805083152,,
377.9778,35.628,-0.176,-0.051,31.655,-0.086,-0.052,-0.148,0.001,-0.003,-0.148,0.001,-0.003,0.969,0.001,0.194,0.003,0.008,-0.007,-0.0,0.0,0.0,836.465,-0.0,0.0,-0.0,0.0,0.0,0.0,0.0,0.0,-0.6877,0.6906,-0.2237,0.7201,0.6881,-0.0894,0.0922,-0.2225,-0.9706,0.676,0.226,-0.7014,-0.7316,0.0917,-0.6755,-0.0884,0.9698,0.2273,-0.0001,0.0001,0.0,0.0,0.0,0.0,-0.035,-0.0102,-0.1434,24.9745,19.4854,30.2835,0.0,0.0433,-0.363,0.0,0.0,0.0,3968483.4454,4062113.5651,-3623250.1919,3483.4144,2335.8857,6446.6509,3968458.4709,4062094.0797,-3623280.4753,3483.4494,2335.8959,6446.7942,0.0,0.0765,3.9732,0.0,0.0,1.0,0.0,1.0,0.0,0.0,1.172,-23.972,0.0,1.0,0.0,0.0,0.0,-1.0,0.18324027941476184,0.0031622776601683794,-0.17814,1.161661552689166,6.28217766868119,,
378.1791,35.599,-0.176,-0.052,31.626,-0.086,-0.053,-0.148,0.001,-0.003,-0.148,0.001,-0.003,0.969,0.003,0.193,0.003,0.008,-0.007,-0.0,0.0,0.0,836.465,-0.0,0.0,-0.0,0.0,0.0,0.0,0.0,0.0,-0.6878,0.6906,-0.2237,0.7201,0.6881,-0.0894,0.0921,-0.2226,-0.9706,0.676,0.226,-0.7014,-0.7316,0.0917,-0.6755,-0.0884,0.9698,0.2273,-0.0001,0.0001,0.0,0.0,0.0,0.0,-0.035,-0.0102,-0.1434,24.9675,19.4833,30.2547,0.0,0.0433,-0.363,0.0,0.0,0.0,3969183.0924,4062582.6931,-3621955.0876,3482.3748,2334.8216,6447.5998,3969158.125,4062563.2097,-3621985.3423,3482.4098,2334.8318,6447.7432,0.0,0.0765,3.9732,0.0,0.0,1.0,0.0,1.0,0.0,0.0,1.172,-23.972,0.0,1.0,0.0,0.0,0.0,-1.0,0.18352111595127138,0.0031622776601683794,-0.177995,1.1616927501630747,6.277064186240644,,
378.3857,35.568,-0.176,-0.052,31.595,-0.086,-0.053,-0.148,0.001,-0.003,-0.148,0.001,-0.003,0.97,0.004,0.191,0.003,0.008,-0.007,-0.0,0.0,0.0,836.465,-0.0,0.0,-0.0,0.0,0.0,0.0,0.0,0.0,-0.6878,0.6906,-0.2237,0.7201,0.6881,-0.0895,0.0921,-0.2226,-0.9706,0.676,0.226,-0.7014,-0.7316,0.0917,-0.6755,-0.0884,0.9698,0.2273,-0.0001,0.0001,0.0,0.0,0.0,0.0,-0.035,-0.0102,-0.1434,24.9602,19.4812,30.2251,0.0,0.0433,-0.363,0.0,0.0,0.0,3969903.3059,4063065.5343,-3620621.3091,3481.3041,2333.7257,6448.5766,3969878.3457,4063046.0531,-3620651.5341,3481.3391,2333.7359,6448.72,0.0,0.0765,3.9732,0.0,0.0,1.0,0.0,1.0,0.0,0.0,1.172,-23.972,0.0,1.0,0.0,0.0,0.0,-1.0,0.18352111595127138,0.0031622776601683794,-0.17784,1.161575753400336,6.271598049838682,,
378.591,35.538,-0.176,-0.053,31.565,-0.086,-0.054,-0.148,0.001,-0.003,-0.148,0.001,-0.003,0.971,0.006,0.19,0.003,0.008,-0.007,-0.0,0.0,0.0,836.465,-0.0,0.0,-0.0,0.0,0.0,0.0,0.0,0.0,-0.6878,0.6906,-0.2237,0.72,0.6881,-0.0895,0.0921,-0.2226,-0.9706,0.676,0.226,-0.7014,-0.7316,0.0917,-0.6755,-0.0884,0.9698,0.2273,-0.0001,0.0001,0.0,0.0,0.0,0.0,-0.035,-0.0102,-0.1434,24.953,19.4791,30.1955,0.0,0.0433,-0.363,0.0,0.0,0.0,3970621.1298,4063546.6958,-3619291.345,3480.2364,2332.633,6449.5501,3970596.1768,4063527.2167,-3619321.5405,3480.2714,2332.6432,6449.6934,0.0,0.0765,3.9732,0.0,0.0,1.0,0.0,1.0,0.0,0.0,1.172,-23.972,0.0,1.0,0.0,0.0,0.0,-1.0,0.18380696395947568,0.0031622776601683794,-0.17769,1.1616058013400548,6.266308240417428,,
378.7915,35.508,-0.176,-0.054,31.535,-0.086,-0.055,-0.148,0.001,-0.003,-0.148,0.001,-0.003,0.971,0.008,0.188,0.003,0.008,-0.007,-0.0,0.0,0.0,836.465,-0.0,0.0,-0.0,0.0,0.0,0.0,0.0,0.0,-0.6878,0.6906,-0.2236,0.72,0.6881,-0.0895,0.0921,-0.2226,-0.9705,0.676,0.226,-0.7014,-0.7316,0.0917,-0.6755,-0.0884,0.9698,0.2273,-0.0001,0.0001,0.0,0.0,0.0,0.0,-0.035,-0.0102,-0.1434,24.946,19.477,30.1669,0.0,0.0433,-0.363,0.0,0.0,0.0,3971315.8052,4064012.2668,-3618003.6895,3479.2027,2331.5751,6450.4921,3971290.8592,4063992.7897,-3618033.8564,3479.2377,2331.5853,6450.6355,0.0,0.0765,3.9732,0.0,0.0,1.0,0.0,1.0,0.0,0.0,1.172,-23.972,0.0,1.0,0.0,0.0,0.0,-1.0,0.18409780009549273,0.0031622776601683794,-0.17754,1.1616384343164685,6.261018430996175,,
378.9915,35.478,-0.175,-0.054,31.505,-0.086,-0.055,-0.148,0.001,-0.003,-0.148,0.001,-0.003,0.972,0.009,0.187,0.003,0.008,-0.007,-0.0,0.0,0.0,836.465,-0.0,0.0,-0.0,0.0,0.0,0.0,0.0,0.0,-0.6878,0.6906,-0.2236,0.72,0.6881,-0.0896,0.092,-0.2226,-0.9705,0.676,0.226,-0.7014,-0.7316,0.0917,-0.6755,-0.0884,0.9698,0.2273,-0.0001,0.0001,0.0,0.0,0.0,0.0,-0.035,-0.0102,-0.1434,24.939,19.475,30.1382,0.0,0.0433,-0.363,0.0,0.0,0.0,3972012.0574,4064478.8209,-3616712.5417,3478.1661,2330.5144,6451.4362,3971987.1184,4064459.346,-3616742.6799,3478.2011,2330.5246,6451.5796,0.0,0.0765,3.9732,0.0,0.0,1.0,0.0,1.0,0.0,0.0,1.172,-23.972,0.0,1.0,0.0,0.0,0.0,-1.0,0.18314202139323457,0.0031622776601683794,-0.17739000000000002,1.1471703769189014,6.255728621574921,,
379.1919,35.449,-0.175,-0.055,31.476,-0.086,-0.056,-0.148,0.001,-0.003,-0.148,0.001,-0.003,0.972,0.011,0.186,0.003,0.008,-0.007,-0.0,0.0,0.0,836.465,-0.0,0.0,-0.0,0.0,0.0,0.0,0.0,0.0,-0.6878,0.6906,-0.2236,0.72,0.6881,-0.0896,0.092,-0.2227,-0.9705,0.676,0.226,-0.7014,-0.7316,0.0917,-0.6755,-0.0884,0.9698,0.2273,-0.0001,0.0001,0.0,0.0,0.0,0.0,-0.035,-0.0102,-0.1434,24.932,19.4729,30.1094,0.0,0.0433,-0.363,0.0,0.0,0.0,3972710.1032,4064946.5036,-3615417.4897,3477.1264,2329.4504,6452.3827,3972685.1712,4064927.0307,-3615447.599,3477.1613,2329.4607,6452.5261,0.0,0.0765,3.9732,0.0,0.0,1.0,0.0,1.0,0.0,0.0,1.172,-23.972,0.0,1.0,0.0,0.0,0.0,-1.0,0.1834393632784414,0.0031622776601683794,-0.17724499999999999,1.1472114080308429,6.250615139134375,,
379.3934,35.419,-0.175,-0.056,31.446,-0.086,-0.056,-0.148,0.001,-0.003,-0.148,0.001,-0.003,0.973,0.012,0.184,0.003,0.008,-0.007,-0.0,0.0,0.0,836.465,-0.0,0.0,-0.0,0.0,0.0,0.0,0.0,0.0,-0.6878,0.6906,-0.2236,0.72,0.6881,-0.0897,0.092,-0.2227,-0.9705,0.676,0.226,-0.7014,-0.7316,0.0917,-0.6755,-0.0884,0.9698,0.2273,-0.0001,0.0001,0.0,0.0,0.0,0.0,-0.035,-0.0102,-0.1434,24.925,19.4709,30.0805,0.0,0.0433,-0.363,0.0,0.0,0.0,3973409.0267,4065414.7006,-3614120.2299,3476.0848,2328.3848,6453.3303,3973384.1017,4065395.2297,-3614150.3105,3476.1198,2328.395,6453.4737,0.0,0.0765,3.9732,0.0,0.0,1.0,0.0,1.0,0.0,0.0,1.172,-23.972,0.0,1.0,0.0,0.0,0.0,-1.0,0.18374166647769363,0.0031622776601683794,-0.17709499999999997,1.145851786953182,6.24532532971312,,
379.6002,35.388,-0.175,-0.057,31.415,-0.085,-0.057,-0.148,0.001,-0.003,-0.148,0.001,-0.003,0.973,0.014,0.183,0.003,0.008,-0.007,-0.0,0.0,0.0,836.465,-0.0,0.0,-0.0,0.0,0.0,0.0,0.0,0.0,-0.6879,0.6905,-0.2236,0.72,0.6882,-0.0897,0.092,-0.2227,-0.9705,0.676,0.226,-0.7014,-0.7316,0.0917,-0.6755,-0.0884,0.9698,0.2273,-0.0001,0.0001,0.0,0.0,0.0,0.0,-0.035,-0.0102,-0.1435,24.9177,19.4687,30.0508,0.0,0.0433,-0.363,0.0,0.0,0.0,3974128.5341,4065896.6089,-3612784.1604,3475.0121,2327.2872,6454.3057,3974103.6164,4065877.1402,-3612814.2112,3475.0471,2327.2974,6454.4492,0.0,0.0765,3.9732,0.0,0.0,1.0,0.0,1.0,0.0,0.0,1.172,-23.972,0.0,1.0,0.0,0.0,0.0,-1.0,0.18404890654388575,0.0031622776601683794,-0.17694,1.161869729648016,6.239859193311158,,
379.8024,35.359,-0.174,-0.057,31.386,-0.085,-0.057,-0.148,0.001,-0.003,-0.148,0.001,-0.003,0.974,0.016,0.181,0.003,0.008,-0.007,-0.0,0.0,0.0,836.465,-0.0,0.0,-0.0,0.0,0.0,0.0,0.0,0.0,-0.6879,0.6905,-0.2236,0.72,0.6882,-0.0897,0.0919,-0.2227,-0.9705,0.676,0.226,-0.7014,-0.7316,0.0917,-0.6755,-0.0884,0.9698,0.2273,-0.0001,0.0001,0.0,0.0,0.0,0.0,-0.035,-0.0102,-0.1435,24.9107,19.4667,30.0219,0.0,0.0433,-0.363,0.0,0.0,0.0,3974828.813,4066365.5632,-3611483.2059,3473.9675,2326.2185,6455.2551,3974803.9024,4066346.0965,-3611513.2278,3474.0025,2326.2288,6455.3986,0.0,0.0765,3.9732,0.0,0.0,1.0,0.0,1.0,0.0,0.0,1.172,-23.972,0.0,1.0,0.0,0.0,0.0,-1.0,0.18309833423600555,0.0031622776601683794,-0.176795,1.1473938131916372,6.234745710870613,,
380.0073,35.328,-0.174,-0.058,31.355,-0.085,-0.058,-0.148,0.001,-0.003,-0.148,0.001,-0.003,0.975,0.017,0.18,0.003,0.008,-0.007,-0.0,0.0,0.0,836.465,-0.0,0.0,-0.0,0.0,0.0,0.0,0.0,0.0,-0.6879,0.6905,-0.2236,0.72,0.6882,-0.0898,0.0919,-0.2228,-0.9705,0.676,0.226,-0.7014,-0.7316,0.0917,-0.6755,-0.0884,0.9698,0.2273,-0.0001,0.0001,0.0,0.0,0.0,0.0,-0.035,-0.0102,-0.1435,24.9035,19.4645,29.9924,0.0,0.0433,-0.363,0.0,0.0,0.0,3975543.9891,4066844.4163,-3610153.9774,3472.9002,2325.1267,6456.2246,3975519.0856,4066824.9518,-3610183.9698,3472.9352,2325.1369,6456.368,0.0,0.0765,3.9732,0.0,0.0,1.0,0.0,1.0,0.0,0.0,1.172,-23.972,0.0,1.0,0.0,0.0,0.0,-1.0,0.18341210428976598,0.0031622776601683794,-0.17664000000000002,1.1474123023011518,6.229279574468651,,
380.2079,35.298,-0.174,-0.059,31.325,-0.085,-0.059,-0.148,0.001,-0.003,-0.148,0.001,-0.003,0.975,0.019,0.179,0.003,0.008,-0.007,-0.0,0.0,0.0,836.465,-0.0,0.0,-0.0,0.0,0.0,0.0,0.0,0.0,-0.6879,0.6905,-0.2236,0.72,0.6882,-0.0898,0.0919,-0.2228,-0.9705,0.676,0.226,-0.7014,-0.7316,0.0917,-0.6755,-0.0884,0.9698,0.2273,-0.0001,0.0001,0.0,0.0,0.0,0.0,-0.035,-0.0102,-0.1435,24.8965,19.4625,29.9636,0.0,0.0433,-0.363,0.0,0.0,0.0,3976241.2149,4067311.1763,-3608857.5234,3471.8592,2324.0618,6457.1697,3976216.3185,4067291.7138,-3608887.487,3471.8942,2324.072,6457.3131,0.0,0.0765,3.9732,0.0,0.0,1.0,0.0,1.0,0.0,0.0,1.172,-23.972,0.0,1.0,0.0,0.0,0.0,-1.0,0.18373078130786902,0.0031622776601683794,-0.17649,1.1474372199391438,6.223989765047397,,
380.4087,35.269,-0.174,-0.059,31.296,-0.085,-0.059,-0.148,0.001,-0.003,-0.148,0.001,-0.003,0.976,0.02,0.177,0.003,0.008,-0.007,-0.0,0.0,0.0,836.465,-0.0,0.0,-0.0,0.0,0.0,0.0,0.0,0.0,-0.6879,0.6905,-0.2236,0.72,0.6882,-0.0898,0.0919,-0.2228,-0.9705,0.676,0.226,-0.7014,-0.7316,0.0917,-0.6755,-0.0884,0.9698,0.2273,-0.0001,0.0001,0.0,0.0,0.0,0.0,-0.035,-0.0102,-0.1435,24.8896,19.4605,29.9353,0.0,0.0433,-0.363,0.0,0.0,0.0,3976924.8483,4067768.7651,-3607585.7807,3470.838,2323.0172,6458.0963,3976899.9587,4067749.3046,-3607615.716,3470.873,2323.0274,6458.2398,0.0,0.0765,3.9732,0.0,0.0,1.0,0.0,1.0,0.0,0.0,1.172,-23.972,0.0,1.0,0.0,0.0,0.0,-1.0,0.18373078130786902,0.0031622776601683794,-0.176345,1.147327757260185,6.218876282606851,,
380.616,35.239,-0.173,-0.06,31.266,-0.085,-0.06,-0.148,0.001,-0.003,-0.148,0.001,-0.003,0.976,0.022,0.176,0.003,0.008,-0.007,-0.0,0.0,0.0,836.465,-0.0,0.0,-0.0,0.0,0.0,0.0,0.0,0.0,-0.6879,0.6905,-0.2236,0.72,0.6882,-0.0899,0.0918,-0.2228,-0.9705,0.676,0.226,-0.7014,-0.7316,0.0917,-0.6755,-0.0884,0.9698,0.2273,-0.0001,0.0001,0.0,0.0,0.0,0.0,-0.035,-0.0102,-0.1435,24.8823,19.4583,29.9056,0.0,0.0433,-0.363,0.0,0.0,0.0,3977643.0266,4068249.3999,-3606249.1751,3469.7646,2321.9194,6459.0696,3977618.1443,4068229.9415,-3606279.0808,3469.7996,2321.9296,6459.2132,0.0,0.0765,3.9732,0.0,0.0,1.0,0.0,1.0,0.0,0.0,1.172,-23.972,0.0,1.0,0.0,0.0,0.0,-1.0,0.18310925700247924,0.0031622776601683794,-0.176195,1.1329956809234192,6.213586473185597,,
380.8224,35.208,-0.173,-0.061,31.235,-0.085,-0.06,-0.148,0.001,-0.003,-0.148,0.001,-0.003,0.977,0.024,0.174,0.003,0.008,-0.007,-0.0,0.0,0.0,836.465,-0.0,0.0,-0.0,0.0,0.0,0.0,0.0,0.0,-0.6879,0.6905,-0.2236,0.7199,0.6882,-0.0899,0.0918,-0.2229,-0.9705,0.676,0.226,-0.7014,-0.7316,0.0917,-0.6755,-0.0884,0.9698,0.2273,-0.0001,0.0001,0.0,0.0,0.0,0.0,-0.035,-0.0102,-0.1435,24.8751,19.4562,29.8761,0.0,0.0433,-0.363,0.0,0.0,0.0,3978356.7945,4068727.0048,-3604920.171,3468.6974,2320.8279,6460.037,3978331.9194,4068707.5486,-3604950.0471,3468.7324,2320.8381,6460.1805,0.0,0.0765,3.9732,0.0,0.0,1.0,0.0,1.0,0.0,0.0,1.172,-23.972,0.0,1.0,0.0,0.0,0.0,-1.0,0.1834393632784414,0.0031622776601683794,-0.17604,1.131709090349761,6.208120336783635,,
381.0248,35.178,-0.173,-0.061,31.205,-0.084,-0.061,-0.148,0.001,-0.003,-0.148,0.001,-0.003,0.978,0.025,0.173,0.003,0.008,-0.007,-0.0,0.0,0.0,836.465,-0.0,0.0,-0.0,0.0,0.0,0.0,0.0,0.0,-0.6879,0.6905,-0.2236,0.7199,0.6882,-0.09,0.0918,-0.2229,-0.9705,0.676,0.226,-0.7014,-0.7316,0.0917,-0.6755,-0.0884,0.9698,0.2273,-0.0001,0.0001,0.0,0.0,0.0,0.0,-0.035,-0.0102,-0.1435,24.868,19.4541,29.8469,0.0,0.0433,-0.363,0.0,0.0,0.0,3979061.9977,4069198.8025,-3603606.5172,3467.6424,2319.749,6460.9927,3979037.1296,4069179.3484,-3603636.3641,3467.6774,2319.7592,6461.1362,0.0,0.0765,3.9732,0.0,0.0,1.0,0.0,1.0,0.0,0.0,1.172,-23.972,0.0,1.0,0.0,0.0,0.0,-1.0,0.1834393632784414,0.0031622776601683794,-0.17589,1.1489146162110988,6.20283052736238,,
381.23,35.148,-0.173,-0.062,31.175,-0.084,-0.062,-0.148,0.001,-0.003,-0.148,0.001,-0.003,0.978,0.027,0.171,0.003,0.008,-0.007,-0.0,0.0,0.0,836.465,-0.0,0.0,-0.0,0.0,0.0,0.0,0.0,0.0,-0.688,0.6904,-0.2236,0.7199,0.6882,-0.09,0.0918,-0.2229,-0.9705,0.676,0.226,-0.7014,-0.7316,0.0917,-0.6755,-0.0884,0.9698,0.2273,-0.0001,0.0001,0.0,0.0,0.0,0.0,-0.035,-0.0102,-0.1436,24.8608,19.452,29.8175,0.0,0.0433,-0.363,0.0,0.0,0.0,3979773.6053,4069674.8085,-3602280.3269,3466.5774,2318.6599,6461.957,3979748.7445,4069655.3565,-3602310.1443,3466.6124,2318.6701,6462.1005,0.0,0.0765,3.9732,0.0,0.0,1.0,0.0,1.0,0.0,0.0,1.172,-23.972,0.0,1.0,0.0,0.0,0.0,-1.0,0.18377431811871864,0.0031622776601683794,-0.17574,1.1489489363920427,6.197540717941128,,
381.4317,35.118,-0.173,-0.063,31.145,-0.084,-0.062,-0.148,0.001,-0.003,-0.148,0.001,-0.003,0.979,0.028,0.17,0.003,0.008,-0.007,-0.0,0.0,0.0,836.465,-0.0,0.0,-0.0,0.0,0.0,0.0,0.0,0.0,-0.688,0.6904,-0.2236,0.7199,0.6882,-0.09,0.0917,-0.2229,-0.9705,0.676,0.226,-0.7014,-0.7316,0.0917,-0.6755,-0.0884,0.9698,0.2273,-0.0001,0.0001,0.0,0.0,0.0,0.0,-0.035,-0.0102,-0.1436,24.8538,19.4499,29.7886,0.0,0.0433,-0.363,0.0,0.0,0.0,3980470.6343,4070140.9874,-3600980.7208,3465.5336,2317.5926,6462.9014,3980445.7805,4070121.5375,-3601010.5094,3465.5686,2317.6028,6463.045,0.0,0.0765,3.9732,0.0,0.0,1.0,0.0,1.0,0.0,0.0,1.172,-23.972,0.0,1.0,0.0,0.0,0.0,-1.0,0.18411409506064438,0.0031622776601683794,-0.17559000000000002,1.1476388355778526,6.192250908519873,,
381.6348,35.088,-0.172,-0.064,31.115,-0.084,-0.063,-0.148,0.001,-0.003,-0.148,0.001,-0.003,0.979,0.03,0.169,0.003,0.008,-0.007,-0.0,0.0,0.0,836.465,-0.0,0.0,-0.0,0.0,0.0,0.0,0.0,0.0,-0.688,0.6904,-0.2236,0.7199,0.6882,-0.0901,0.0917,-0.223,-0.9705,0.676,0.226,-0.7014,-0.7316,0.0917,-0.6755,-0.0884,0.9698,0.2273,-0.0001,0.0001,0.0,0.0,0.0,0.0,-0.035,-0.0102,-0.1436,24.8466,19.4479,29.7594,0.0,0.0433,-0.363,0.0,0.0,0.0,3981174.9268,4070611.9486,-3599666.9824,3464.4785,2316.5137,6463.8557,3981150.0801,4070592.5008,-3599696.7418,3464.5135,2316.5239,6463.9993,0.0,0.0765,3.9732,0.0,0.0,1.0,0.0,1.0,0.0,0.0,1.172,-23.972,0.0,1.0,0.0,0.0,0.0,-1.0,0.18352111595127138,0.0031622776601683794,-0.17544,1.1332848362835617,6.186961099098619,,
381.8375,35.058,-0.172,-0.064,31.085,-0.084,-0.063,-0.148,0.001,-0.003,-0.148,0.001,-0.003,0.98,0.032,0.167,0.003,0.008,-0.007,-0.0,0.0,0.0,836.465,-0.0,0.0,-0.0,0.0,0.0,0.0,0.0,0.0,-0.688,0.6904,-0.2236,0.7199,0.6882,-0.0901,0.0917,-0.223,-0.9705,0.676,0.226,-0.7014,-0.7316,0.0917,-0.6755,-0.0884,0.9698,0.2273,-0.0001,0.0001,0.0,0.0,0.0,0.0,-0.035,-0.0102,-0.1436,24.8396,19.4458,29.7303,0.0,0.0433,-0.363,0.0,0.0,0.0,3981877.3729,4071081.5995,-3598356.0965,3463.4256,2315.4372,6464.8074,3981852.5333,4071062.1537,-3598385.8268,3463.4607,2315.4474,6464.951,0.0,0.0765,3.9732,0.0,0.0,1.0,0.0,1.0,0.0,0.0,1.172,-23.972,0.0,1.0,0.0,0.0,0.0,-1.0,0.18352111595127138,0.0031622776601683794,-0.17529,1.1331716037866724,6.181671289677365,,
382.0398,35.028,-0.172,-0.065,31.055,-0.084,-0.064,-0.148,0.001,-0.003,-0.148,0.001,-0.003,0.98,0.033,0.166,0.003,0.008,-0.007,-0.0,0.0,0.0,836.465,-0.0,0.0,-0.0,0.0,0.0,0.0,0.0,0.0,-0.688,0.6904,-0.2236,0.7199,0.6882,-0.0901,0.0917,-0.223,-0.9705,0.676,0.226,-0.7014,-0.7316,0.0917,-0.6755,-0.0884,0.9698,0.2273,-0.0001,0.0001,0.0,0.0,0.0,0.0,-0.035,-0.0102,-0.1436,24.8325,19.4437,29.7012,0.0,0.0433,-0.363,0.0,0.0,0.0,3982579.6793,4071551.0815,-3597044.8783,3462.3725,2314.3605,6465.7589,3982554.8468,4071531.6379,-3597074.5795,3462.4075,2314.3707,6465.9025,0.0,0.0765,3.9732,0.0,0.0,1.0,0.0,1.0,0.0,0.0,1.172,-23.972,0.0,1.0,0.0,0.0,0.0,-1.0,0.18387223825254317,0.0031622776601683794,-0.17514,1.1331913746821198,6.176381480256111,,
382.2445,34.997,-0.172,-0.066,31.024,-0.084,-0.065,-0.148,0.001,-0.003,-0.148,0.001,-0.003,0.981,0.035,0.164,0.003,0.008,-0.007,-0.0,0.0,0.0,836.465,-0.0,0.0,-0.0,0.0,0.0,0.0,0.0,0.0,-0.688,0.6904,-0.2236,0.7199,0.6882,-0.0902,0.0916,-0.223,-0.9705,0.676,0.226,-0.7014,-0.7316,0.0917,-0.6755,-0.0884,0.9698,0.2273,-0.0001,0.0001,0.0,0.0,0.0,0.0,-0.035,-0.0102,-0.1436,24.8253,19.4416,29.6718,0.0,0.0433,-0.363,0.0,0.0,0.0,3983287.2923,4072024.0345,-3595723.1545,3461.3109,2313.2752,6466.7175,3983262.467,4072004.5929,-3595752.8263,3461.3459,2313.2854,6466.8611,0.0,0.0765,3.9732,0.0,0.0,1.0,0.0,1.0,0.0,0.0,1.172,-23.972,0.0,1.0,0.0,0.0,0.0,-1.0,0.18422811946062956,0.0031622776601683794,-0.174985,1.1332101300687663,6.170915343854149,,
382.4454,34.968,-0.171,-0.066,30.995,-0.084,-0.065,-0.148,0.001,-0.003,-0.148,0.001,-0.003,0.982,0.036,0.163,0.003,0.008,-0.007,-0.0,0.0,0.0,836.465,-0.0,0.0,-0.0,0.0,0.0,0.0,0.0,0.0,-0.688,0.6904,-0.2236,0.7199,0.6882,-0.0902,0.0916,-0.223,-0.9705,0.676,0.226,-0.7014,-0.7316,0.0917,-0.6755,-0.0884,0.9698,0.2273,-0.0001,0.0001,0.0,0.0,0.0,0.0,-0.035,-0.0102,-0.1436,24.8182,19.4395,29.643,0.0,0.0433,-0.363,0.0,0.0,0.0,3983983.2373,4072489.1138,-3594422.6382,3460.2662,2312.2073,6467.6602,3983958.419,4072469.6742,-3594452.2812,3460.3012,2312.2175,6467.8038,0.0,0.0765,3.9732,0.0,0.0,1.0,0.0,1.0,0.0,0.0,1.172,-23.972,0.0,1.0,0.0,0.0,0.0,-1.0,0.18329484444468153,0.0031622776601683794,-0.17484000000000002,1.1187362799237637,6.165801861413604,,
382.6472,34.938,-0.171,-0.067,30.965,-0.083,-0.066,-0.148,0.001,-0.003,-0.148,0.001,-0.003,0.982,0.038,0.162,0.003,0.008,-0.007,-0.0,0.0,0.0,836.465,-0.0,0.0,-0.0,0.0,0.0,0.0,0.0,0.0,-0.688,0.6904,-0.2236,0.7199,0.6882,-0.0902,0.0916,-0.2231,-0.9705,0.676,0.226,-0.7014,-0.7316,0.0917,-0.6755,-0.0884,0.9698,0.2273,-0.0001,0.0001,0.0,0.0,0.0,0.0,-0.035,-0.0102,-0.1436,24.8112,19.4375,29.614,0.0,0.0433,-0.363,0.0,0.0,0.0,3984680.179,4072954.7849,-3593119.6735,3459.2196,2311.1375,6468.6042,3984655.3678,4072935.3474,-3593149.2875,3459.2546,2311.1477,6468.7479,0.0,0.0765,3.9732,0.0,0.0,1.0,0.0,1.0,0.0,0.0,1.172,-23.972,0.0,1.0,0.0,0.0,0.0,-1.0,0.18365728953678914,0.0031622776601683794,-0.17469,1.134783948196842,6.16051205199235,,
382.853,34.907,-0.171,-0.068,30.934,-0.083,-0.066,-0.148,0.001,-0.003,-0.148,0.001,-0.003,0.983,0.039,0.16,0.003,0.008,-0.007,-0.0,0.0,0.0,836.465,-0.0,0.0,-0.0,0.0,0.0,0.0,0.0,0.0,-0.6881,0.6903,-0.2236,0.7198,0.6882,-0.0903,0.0916,-0.2231,-0.9705,0.676,0.226,-0.7014,-0.7316,0.0917,-0.6755,-0.0884,0.9698,0.2273,-0.0001,0.0001,0.0,0.0,0.0,0.0,-0.035,-0.0102,-0.1437,24.804,19.4353,29.5844,0.0,0.0433,-0.363,0.0,0.0,0.0,3985392.5043,4073430.6572,-3591787.3471,3458.1494,2310.0436,6469.5691,3985367.7003,4073411.2219,-3591816.9315,3458.1844,2310.0538,6469.7127,0.0,0.0765,3.9732,0.0,0.0,1.0,0.0,1.0,0.0,0.0,1.172,-23.972,0.0,1.0,0.0,0.0,0.0,-1.0,0.1840244548966251,0.0031622776601683794,-0.174535,1.1335457998030285,6.155045915590386,,
383.0614,34.876,-0.171,-0.068,30.904,-0.083,-0.067,-0.148,0.001,-0.003,-0.148,0.001,-0.003,0.983,0.041,0.159,0.003,0.008,-0.007,-0.0,0.0,0.0,836.465,-0.0,0.0,-0.0,0.0,0.0,0.0,0.0,0.0,-0.6881,0.6903,-0.2236,0.7198,0.6882,-0.0903,0.0915,-0.2231,-0.9705,0.676,0.226,-0.7014,-0.7316,0.0917,-0.6755,-0.0884,0.9698,0.2273,-0.0001,0.0001,0.0,0.0,0.0,0.0,-0.035,-0.0102,-0.1437,24.7967,19.4332,29.5546,0.0,0.0433,-0.363,0.0,0.0,0.0,3986109.9596,4073909.8778,-3590444.8074,3457.0709,2308.9413,6470.5407,3986085.1628,4073890.4446,-3590474.362,3457.1059,2308.9515,6470.6844,0.0,0.0765,3.9732,0.0,0.0,1.0,0.0,1.0,0.0,0.0,1.172,-23.972,0.0,1.0,0.0,0.0,0.0,-1.0,0.1840244548966251,0.0031622776601683794,-0.17437999999999998,1.1350156405247724,6.149579779188424,,
383.2663,34.846,-0.17,-0.069,30.873,-0.083,-0.067,-0.148,0.001,-0.003,-0.148,0.001,-0.003,0.984,0.043,0.157,0.003,0.008,-0.007,-0.0,0.0,0.0,836.465,-0.0,0.0,-0.0,0.0,0.0,0.0,0.0,0.0,-0.6881,0.6903,-0.2236,0.7198,0.6882,-0.0904,0.0915,-0.2231,-0.9705,0.676,0.226,-0.7014,-0.7316,0.0917,-0.6755,-0.0884,0.9698,0.2273,-0.0001,0.0001,0.0,0.0,0.0,0.0,-0.035,-0.0102,-0.1437,24.7896,19.4311,29.5253,0.0,0.0433,-0.363,0.0,0.0,0.0,3986816.8245,4074381.9471,-3589121.4784,3456.0078,2307.8548,6471.498,3986792.0349,4074362.516,-3589151.0037,3456.0428,2307.865,6471.6417,0.0,0.0765,3.9732,0.0,0.0,1.0,0.0,1.0,0.0,0.0,1.172,-23.972,0.0,1.0,0.0,0.0,0.0,-1.0,0.18346934348822422,0.0031622776601683794,-0.17423,1.119060581710178,6.14428996976717,,
383.4716,34.816,-0.17,-0.07,30.843,-0.083,-0.068,-0.148,0.001,-0.003,-0.148,0.001,-0.003,0.984,0.044,0.156,0.003,0.008,-0.007,-0.0,0.0,0.0,836.465,-0.0,0.0,-0.0,0.0,0.0,0.0,0.0,0.0,-0.6881,0.6903,-0.2236,0.7198,0.6882,-0.0904,0.0915,-0.2232,-0.9705,0.676,0.226,-0.7014,-0.7316,0.0917,-0.6755,-0.0884,0.9698,0.2273,-0.0001,0.0001,0.0,0.0,0.0,0.0,-0.035,-0.0102,-0.1437,24.7823,19.429,29.4956,0.0,0.0433,-0.363,0.0,0.0,0.0,3987529.8352,4074858.0427,-3587786.0322,3454.935,2306.7585,6472.4636,3987505.0529,4074838.6137,-3587815.5278,3454.97,2306.7687,6472.6073,0.0,0.0765,3.9732,0.0,0.0,1.0,0.0,1.0,0.0,0.0,1.172,-23.972,0.0,1.0,0.0,0.0,0.0,-1.0,0.18384776310850237,0.0031622776601683794,-0.17408,1.119072228168423,6.139000160345917,,
383.6782,34.785,-0.17,-0.071,30.812,-0.083,-0.069,-0.148,0.001,-0.003,-0.148,0.001,-0.003,0.985,0.046,0.155,0.003,0.008,-0.007,-0.0,0.0,0.0,836.465,-0.0,0.0,-0.0,0.0,0.0,0.0,0.0,0.0,-0.6881,0.6903,-0.2236,0.7198,0.6883,-0.0904,0.0915,-0.2232,-0.9705,0.676,0.226,-0.7014,-0.7316,0.0917,-0.6755,-0.0884,0.9698,0.2273,-0.0001,0.0001,0.0,0.0,0.0,0.0,-0.035,-0.0102,-0.1437,24.7751,19.4269,29.466,0.0,0.0433,-0.363,0.0,0.0,0.0,3988243.097,4075334.2277,-3586449.4993,3453.8612,2305.6612,6473.4294,3988218.3219,4075314.8009,-3586478.9652,3453.8962,2305.6714,6473.5731,0.0,0.0765,3.9732,0.0,0.0,1.0,0.0,1.0,0.0,0.0,1.172,-23.972,0.0,1.0,0.0,0.0,0.0,-1.0,0.18423083346714797,0.0031622776601683794,-0.173925,1.1190829324370277,6.1335340239439535,,
383.8843,34.754,-0.17,-0.071,30.781,-0.083,-0.069,-0.148,0.001,-0.003,-0.148,0.001,-0.003,0.986,0.048,0.153,0.003,0.008,-0.007,-0.0,0.0,0.0,836.465,-0.0,0.0,-0.0,0.0,0.0,0.0,0.0,0.0,-0.6881,0.6903,-0.2236,0.7198,0.6883,-0.0905,0.0914,-0.2232,-0.9705,0.676,0.226,-0.7014,-0.7316,0.0917,-0.6755,-0.0884,0.9698,0.2273,-0.0001,0.0001,0.0,0.0,0.0,0.0,-0.035,-0.0102,-0.1437,24.7679,19.4247,29.4362,0.0,0.0433,-0.363,0.0,0.0,0.0,3988957.3457,4075810.9926,-3585110.5035,3452.7854,2304.562,6474.3966,3988932.5779,4075791.5678,-3585139.9397,3452.8205,2304.5722,6474.5403,0.0,0.0765,3.9732,0.0,0.0,1.0,0.0,1.0,0.0,0.0,1.172,-23.972,0.0,1.0,0.0,0.0,0.0,-1.0,0.18423083346714797,0.0031622776601683794,-0.17376999999999998,1.1189658337677668,6.128067887541992,,
384.0914,34.724,-0.169,-0.072,30.751,-0.082,-0.07,-0.148,0.001,-0.003,-0.148,0.001,-0.003,0.986,0.049,0.152,0.003,0.008,-0.007,-0.0,0.0,0.0,836.465,-0.0,0.0,-0.0,0.0,0.0,0.0,0.0,0.0,-0.6881,0.6903,-0.2236,0.7198,0.6883,-0.0905,0.0914,-0.2232,-0.9705,0.676,0.226,-0.7014,-0.7316,0.0917,-0.6755,-0.0884,0.9698,0.2273,-0.0001,0.0001,0.0,0.0,0.0,0.0,-0.035,-0.0102,-0.1437,24.7606,19.4226,29.4065,0.0,0.0433,-0.363,0.0,0.0,0.0,3989672.0166,4076287.9603,-3583770.0978,3451.7085,2303.4617,6475.3642,3989647.256,4076268.5377,-3583799.5043,3451.7435,2303.4719,6475.5079,0.0,0.0765,3.9732,0.0,0.0,1.0,0.0,1.0,0.0,0.0,1.172,-23.972,0.0,1.0,0.0,0.0,0.0,-1.0,0.183698121928342,0.0031622776601683794,-0.17362,1.1206522646728803,6.122778078120737,,
384.294,34.694,-0.169,-0.073,30.721,-0.082,-0.07,-0.148,0.001,-0.003,-0.148,0.001,-0.003,0.987,0.051,0.15,0.003,0.008,-0.007,-0.0,0.0,0.0,836.465,-0.0,0.0,-0.0,0.0,0.0,0.0,0.0,0.0,-0.6882,0.6902,-0.2236,0.7198,0.6883,-0.0905,0.0914,-0.2233,-0.9705,0.676,0.226,-0.7014,-0.7316,0.0917,-0.6755,-0.0884,0.9698,0.2273,-0.0001,0.0001,0.0,0.0,0.0,0.0,-0.035,-0.0102,-0.1437,24.7535,19.4205,29.3774,0.0,0.0433,-0.363,0.0,0.0,0.0,3990369.6778,4076753.4997,-3582460.9975,3450.6567,2302.3871,6476.3087,3990344.9242,4076734.0792,-3582490.375,3450.6917,2302.3973,6476.4525,0.0,0.0765,3.9732,0.0,0.0,1.0,0.0,1.0,0.0,0.0,1.172,-23.972,0.0,1.0,0.0,0.0,0.0,-1.0,0.18409236811991964,0.0031622776601683794,-0.17347,1.1194941649503154,6.117488268699485,,
384.4995,34.663,-0.169,-0.073,30.69,-0.082,-0.071,-0.148,0.001,-0.003,-0.148,0.001,-0.003,0.987,0.052,0.149,0.003,0.008,-0.007,-0.0,0.0,0.0,836.465,-0.0,0.0,-0.0,0.0,0.0,0.0,0.0,0.0,-0.6882,0.6902,-0.2236,0.7198,0.6883,-0.0906,0.0914,-0.2233,-0.9705,0.676,0.226,-0.7014,-0.7316,0.0917,-0.6755,-0.0884,0.9698,0.2273,-0.0001,0.0001,0.0,0.0,0.0,0.0,-0.035,-0.0102,-0.1438,24.7464,19.4184,29.348,0.0,0.0433,-0.363,0.0,0.0,0.0,3991075.2435,4077224.2372,-3581136.4629,3449.5925,2301.2998,6477.2639,3991050.4971,4077204.8188,-3581165.8109,3449.6275,2301.31,6477.4077,0.0,0.0765,3.9732,0.0,0.0,1.0,0.0,1.0,0.0,0.0,1.172,-23.972,0.0,1.0,0.0,0.0,0.0,-1.0,0.18409236811991964,0.0031622776601683794,-0.173315,1.1205582074033074,6.112022132297521,,
384.7043,34.633,-0.169,-0.074,30.66,-0.082,-0.072,-0.148,0.001,-0.003,-0.148,0.001,-0.003,0.988,0.054,0.148,0.003,0.008,-0.007,-0.0,0.0,0.0,836.465,-0.0,0.0,-0.0,0.0,0.0,0.0,0.0,0.0,-0.6882,0.6902,-0.2236,0.7198,0.6883,-0.0906,0.0914,-0.2233,-0.9705,0.676,0.226,-0.7014,-0.7316,0.0917,-0.6755,-0.0884,0.9698,0.2273,-0.0001,0.0001,0.0,0.0,0.0,0.0,-0.035,-0.0102,-0.1438,24.7392,19.4163,29.3184,0.0,0.0433,-0.363,0.0,0.0,0.0,3991785.9146,4077698.3026,-3579801.736,3448.52,2300.2042,6478.226,3991761.1754,4077678.8863,-3579831.0544,3448.555,2300.2144,6478.3697,0.0,0.0765,3.9732,0.0,0.0,1.0,0.0,1.0,0.0,0.0,1.172,-23.972,0.0,1.0,0.0,0.0,0.0,-1.0,0.18449119220168753,0.0031622776601683794,-0.173165,1.1205827398780337,6.106732322876268,,
384.9049,34.603,-0.168,-0.075,30.63,-0.082,-0.072,-0.148,0.001,-0.003,-0.148,0.001,-0.003,0.989,0.056,0.146,0.003,0.008,-0.007,-0.0,0.0,0.0,836.465,-0.0,0.0,-0.0,0.0,0.0,0.0,0.0,0.0,-0.6882,0.6902,-0.2236,0.7198,0.6883,-0.0907,0.0913,-0.2233,-0.9705,0.676,0.226,-0.7014,-0.7316,0.0917,-0.6755,-0.0884,0.9698,0.2273,-0.0001,0.0001,0.0,0.0,0.0,0.0,-0.035,-0.0102,-0.1438,24.7321,19.4142,29.2896,0.0,0.0433,-0.363,0.0,0.0,0.0,3992477.3112,4078159.4356,-3578502.6182,3447.4761,2299.1379,6479.1619,3992452.579,4078140.0214,-3578531.9078,3447.5112,2299.1481,6479.3056,0.0,0.0765,3.9732,0.0,0.0,1.0,0.0,1.0,0.0,0.0,1.172,-23.972,0.0,1.0,0.0,0.0,0.0,-1.0,0.18398097727754356,0.0031622776601683794,-0.173015,1.104998057309123,6.101442513455014,,
385.1087,34.573,-0.168,-0.075,30.6,-0.082,-0.073,-0.148,0.001,-0.003,-0.148,0.001,-0.003,0.989,0.057,0.145,0.003,0.008,-0.007,-0.0,0.0,0.0,836.465,-0.0,0.0,-0.0,0.0,0.0,0.0,0.0,0.0,-0.6882,0.6902,-0.2236,0.7197,0.6883,-0.0907,0.0913,-0.2233,-0.9705,0.676,0.226,-0.7014,-0.7316,0.0917,-0.6755,-0.0884,0.9698,0.2273,-0.0001,0.0001,0.0,0.0,0.0,0.0,-0.035,-0.0102,-0.1438,24.725,19.4121,29.2602,0.0,0.0433,-0.363,0.0,0.0,0.0,3993181.6246,4078629.1072,-3577178.6334,3446.4122,2298.0512,6480.1152,3993156.8996,4078609.695,-3577207.8936,3446.4473,2298.0614,6480.259,0.0,0.0765,3.9732,0.0,0.0,1.0,0.0,1.0,0.0,0.0,1.172,-23.972,0.0,1.0,0.0,0.0,0.0,-1.0,0.18398097727754356,0.0031622776601683794,-0.172865,1.106135269021242,6.096152704033759,,
385.3147,34.542,-0.168,-0.076,30.569,-0.082,-0.073,-0.148,0.001,-0.003,-0.148,0.001,-0.003,0.99,0.059,0.143,0.003,0.008,-0.007,-0.0,0.0,0.0,836.465,-0.0,0.0,-0.0,0.0,0.0,0.0,0.0,0.0,-0.6882,0.6902,-0.2236,0.7197,0.6883,-0.0907,0.0913,-0.2234,-0.9704,0.676,0.226,-0.7014,-0.7316,0.0917,-0.6755,-0.0884,0.9698,0.2273,-0.0001,0.0001,0.0,0.0,0.0,0.0,-0.035,-0.0102,-0.1438,24.7178,19.41,29.2307,0.0,0.0433,-0.363,0.0,0.0,0.0,3993889.3504,4079100.9766,-3575847.626,3445.3427,2296.9588,6481.073,3993864.6326,4079081.5665,-3575876.8567,3445.3777,2296.969,6481.2169,0.0,0.0765,3.9732,0.0,0.0,1.0,0.0,1.0,0.0,0.0,1.172,-23.972,0.0,1.0,0.0,0.0,0.0,-1.0,0.18439088914585774,0.0031622776601683794,-0.17271,1.1048870330978662,6.090686567631797,,
385.5161,34.512,-0.168,-0.077,30.54,-0.081,-0.074,-0.148,0.001,-0.003,-0.148,0.001,-0.003,0.99,0.06,0.142,0.003,0.008,-0.007,-0.0,0.0,0.0,836.465,-0.0,0.0,-0.0,0.0,0.0,0.0,0.0,0.0,-0.6882,0.6902,-0.2236,0.7197,0.6883,-0.0908,0.0913,-0.2234,-0.9704,0.676,0.226,-0.7014,-0.7316,0.0917,-0.6755,-0.0884,0.9698,0.2273,-0.0001,0.0001,0.0,0.0,0.0,0.0,-0.035,-0.0102,-0.1438,24.7108,19.408,29.2017,0.0,0.0433,-0.363,0.0,0.0,0.0,3994582.8099,4079563.2583,-3574542.8584,3444.2942,2295.888,6482.0116,3994558.0992,4079543.8503,-3574572.0601,3444.3292,2295.8982,6482.1554,0.0,0.0765,3.9732,0.0,0.0,1.0,0.0,1.0,0.0,0.0,1.172,-23.972,0.0,1.0,0.0,0.0,0.0,-1.0,0.1848053029542172,0.0031622776601683794,-0.17256,1.121270062517471,6.0853967582105435,,
385.7182,34.483,-0.168,-0.078,30.51,-0.081,-0.075,-0.148,0.001,-0.003,-0.148,0.001,-0.003,0.991,0.062,0.141,0.003,0.008,-0.007,-0.0,0.0,0.0,836.465,-0.0,0.0,-0.0,0.0,0.0,0.0,0.0,0.0,-0.6882,0.6902,-0.2236,0.7197,0.6883,-0.0908,0.0912,-0.2234,-0.9704,0.676,0.226,-0.7014,-0.7316,0.0917,-0.6755,-0.0884,0.9698,0.2273,-0.0001,0.0001,0.0,0.0,0.0,0.0,-0.035,-0.0102,-0.1438,24.7037,19.4059,29.1727,0.0,0.0433,-0.363,0.0,0.0,0.0,3995277.438,4080026.2442,-3573235.3024,3443.2434,2294.8149,6482.9516,3995252.7343,4080006.8383,-3573264.4751,3443.2784,2294.8251,6483.0954,0.0,0.0765,3.9732,0.0,0.0,1.0,0.0,1.0,0.0,0.0,1.172,-23.972,0.0,1.0,0.0,0.0,0.0,-1.0,0.1852241884851976,0.0031622776601683794,-0.17241499999999998,1.1209676737791432,6.080283275769998,,
385.9199,34.453,-0.167,-0.078,30.48,-0.081,-0.075,-0.148,0.001,-0.003,-0.148,0.001,-0.003,0.991,0.064,0.139,0.003,0.008,-0.007,-0.0,0.0,0.0,836.465,-0.0,0.0,-0.0,0.0,0.0,0.0,0.0,0.0,-0.6883,0.6901,-0.2236,0.7197,0.6883,-0.0908,0.0912,-0.2234,-0.9704,0.676,0.226,-0.7014,-0.7316,0.0917,-0.6755,-0.0884,0.9698,0.2273,-0.0001,0.0001,0.0,0.0,0.0,0.0,-0.035,-0.0102,-0.1438,24.6966,19.4038,29.1437,0.0,0.0433,-0.363,0.0,0.0,0.0,3995972.8309,4080489.6644,-3571925.7179,3442.1909,2293.7401,6483.8926,3995948.1343,4080470.2606,-3571954.8615,3442.226,2293.7503,6484.0365,0.0,0.0765,3.9732,0.0,0.0,1.0,0.0,1.0,0.0,0.0,1.172,-23.972,0.0,1.0,0.0,0.0,0.0,-1.0,0.18431766057543159,0.0031622776601683794,-0.172265,1.1064815644422064,6.074993466348745,,
386.1213,34.423,-0.167,-0.079,30.45,-0.081,-0.076,-0.148,0.001,-0.003,-0.148,0.001,-0.003,0.992,0.065,0.138,0.003,0.008,-0.007,-0.0,0.0,0.0,836.465,-0.0,0.0,-0.0,0.0,0.0,0.0,0.0,0.0,-0.6883,0.6901,-0.2236,0.7197,0.6883,-0.0909,0.0912,-0.2235,-0.9704,0.676,0.226,-0.7014,-0.7316,0.0917,-0.6755,-0.0884,0.9698,0.2273,-0.0001,0.0001,0.0,0.0,0.0,0.0,-0.035,-0.0102,-0.1439,24.6896,19.4017,29.1148,0.0,0.0433,-0.363,0.0,0.0,0.0,3996663.8235,4080950.0777,-3570623.8321,3441.1446,2292.6717,6484.8276,3996639.1339,4080930.676,-3570652.9469,3441.1797,2292.6819,6484.9715,0.0,0.0765,3.9732,0.0,0.0,1.0,0.0,1.0,0.0,0.0,1.172,-23.972,0.0,1.0,0.0,0.0,0.0,-1.0,0.18474306482247177,0.0031622776601683794,-0.17211500000000002,1.1064980691170643,6.06970365692749,,
386.3237,34.393,-0.167,-0.08,30.42,-0.081,-0.076,-0.148,0.001,-0.003,-0.148,0.001,-0.003,0.993,0.067,0.136,0.003,0.008,-0.007,-0.0,0.0,0.0,836.465,-0.0,0.0,-0.0,0.0,0.0,0.0,0.0,0.0,-0.6883,0.6901,-0.2236,0.7197,0.6883,-0.0909,0.0912,-0.2235,-0.9704,0.676,0.226,-0.7014,-0.7316,0.0917,-0.6755,-0.0884,0.9698,0.2273,-0.0001,0.0001,0.0,0.0,0.0,0.0,-0.035,-0.0102,-0.1439,24.6824,19.3997,29.0855,0.0,0.0433,-0.363,0.0,0.0,0.0,3997364.6885,4081416.9928,-3569302.7517,3440.0829,2291.5876,6485.7759,3997340.0061,4081397.5931,-3569331.8372,3440.1179,2291.5978,6485.9198,0.0,0.0765,3.9732,0.0,0.0,1.0,0.0,1.0,0.0,0.0,1.172,-23.972,0.0,1.0,0.0,0.0,0.0,-1.0,0.1851728921845744,0.0031622776601683794,-0.171965,1.1053686732476216,6.064413847506236,,
386.531,34.362,-0.167,-0.08,30.389,-0.081,-0.077,-0.148,0.001,-0.003,-0.148,0.001,-0.003,0.993,0.068,0.135,0.003,0.008,-0.007,-0.0,0.0,0.0,836.465,-0.0,0.0,-0.0,0.0,0.0,0.0,0.0,0.0,-0.6883,0.6901,-0.2236,0.7197,0.6883,-0.091,0.0911,-0.2235,-0.9704,0.676,0.226,-0.7014,-0.7316,0.0917,-0.6755,-0.0884,0.9698,0.2273,-0.0001,0.0001,0.0,0.0,0.0,0.0,-0.035,-0.0102,-0.1439,24.6752,19.3975,29.0558,0.0,0.0433,-0.363,0.0,0.0,0.0,3998073.9414,4081889.4176,-3567965.2489,3439.0079,2290.4901,6486.7355,3998049.2662,4081870.02,-3567994.3047,3439.043,2290.5003,6486.8794,0.0,0.0765,3.9732,0.0,0.0,1.0,0.0,1.0,0.0,0.0,1.172,-23.972,0.0,1.0,0.0,0.0,0.0,-1.0,0.1851728921845744,0.0031622776601683794,-0.17181000000000002,1.1064019392455842,6.058947711104274,,
386.7334,34.332,-0.166,-0.081,30.359,-0.081,-0.078,-0.148,0.001,-0.003,-0.148,0.001,-0.003,0.994,0.07,0.133,0.003,0.008,-0.007,-0.0,0.0,0.0,836.465,-0.0,0.0,-0.0,0.0,0.0,0.0,0.0,0.0,-0.6883,0.6901,-0.2236,0.7197,0.6883,-0.091,0.0911,-0.2235,-0.9704,0.676,0.226,-0.7014,-0.7316,0.0917,-0.6755,-0.0884,0.9698,0.2273,-0.0001,0.0001,0.0,0.0,0.0,0.0,-0.035,-0.0102,-0.1439,24.6681,19.3955,29.0267,0.0,0.0433,-0.363,0.0,0.0,0.0,3998769.1368,4082352.4023,-3566653.6589,3437.9537,2289.4138,6487.676,3998744.4687,4082333.0069,-3566682.6857,3437.9888,2289.424,6487.8199,0.0,0.0765,3.9732,0.0,0.0,1.0,0.0,1.0,0.0,0.0,1.172,-23.972,0.0,1.0,0.0,0.0,0.0,-1.0,0.18470787747142783,0.0031622776601683794,-0.17166,1.0920571043936256,6.05365790168302,,
386.9386,34.301,-0.166,-0.082,30.328,-0.08,-0.078,-0.148,0.001,-0.003,-0.148,0.001,-0.003,0.994,0.072,0.132,0.003,0.008,-0.007,-0.0,0.0,0.0,836.465,-0.0,0.0,-0.0,0.0,0.0,0.0,0.0,0.0,-0.6883,0.6901,-0.2236,0.7197,0.6883,-0.091,0.0911,-0.2236,-0.9704,0.676,0.226,-0.7014,-0.7316,0.0917,-0.6755,-0.0884,0.9698,0.2273,-0.0001,0.0001,0.0,0.0,0.0,0.0,-0.035,-0.0102,-0.1439,24.6609,19.3933,28.9971,0.0,0.0433,-0.363,0.0,0.0,0.0,3999476.6226,4082823.4946,-3565318.2718,3436.8804,2288.3181,6488.6331,3999451.9617,4082804.1013,-3565347.2689,3436.9154,2288.3283,6488.777,0.0,0.0765,3.9732,0.0,0.0,1.0,0.0,1.0,0.0,0.0,1.172,-23.972,0.0,1.0,0.0,0.0,0.0,-1.0,0.1851485889765299,0.0031622776601683794,-0.17150500000000002,1.1069339410068408,6.048191765281057,,
387.1391,34.272,-0.166,-0.083,30.299,-0.08,-0.079,-0.148,0.001,-0.003,-0.148,0.001,-0.003,0.995,0.073,0.131,0.003,0.008,-0.007,-0.0,0.0,0.0,836.465,-0.0,0.0,-0.0,0.0,0.0,0.0,0.0,0.0,-0.6883,0.6901,-0.2236,0.7197,0.6883,-0.0911,0.0911,-0.2236,-0.9704,0.676,0.226,-0.7014,-0.7316,0.0917,-0.6755,-0.0884,0.9698,0.2273,-0.0001,0.0001,0.0,0.0,0.0,0.0,-0.035,-0.0102,-0.1439,24.6539,19.3913,28.9683,0.0,0.0433,-0.363,0.0,0.0,0.0,4000165.2906,4083281.9815,-3564017.8126,3435.8351,2287.251,6489.5647,4000140.6367,4083262.5902,-3564046.7808,3435.8701,2287.2612,6489.7086,0.0,0.0765,3.9732,0.0,0.0,1.0,0.0,1.0,0.0,0.0,1.172,-23.972,0.0,1.0,0.0,0.0,0.0,-1.0,0.18559364213248256,0.0031622776601683794,-0.17135999999999998,1.1069411167478187,6.043078282840511,,
387.3418,34.242,-0.166,-0.083,30.269,-0.08,-0.079,-0.148,0.001,-0.003,-0.148,0.001,-0.003,0.995,0.075,0.129,0.003,0.008,-0.007,-0.0,0.0,0.0,836.465,-0.0,0.0,-0.0,0.0,0.0,0.0,0.0,0.0,-0.6884,0.6901,-0.2236,0.7196,0.6883,-0.0911,0.091,-0.2236,-0.9704,0.676,0.226,-0.7014,-0.7316,0.0917,-0.6755,-0.0884,0.9698,0.2273,-0.0001,0.0001,0.0,0.0,0.0,0.0,-0.0351,-0.0102,-0.1439,24.6468,19.3892,28.939,0.0,0.0433,-0.363,0.0,0.0,0.0,4000863.2381,4083746.5701,-3562699.2384,3434.7752,2286.1691,6490.5088,4000838.5914,4083727.1809,-3562728.1774,3434.8103,2286.1794,6490.6527,0.0,0.0765,3.9732,0.0,0.0,1.0,0.0,1.0,0.0,0.0,1.172,-23.972,0.0,1.0,0.0,0.0,0.0,-1.0,0.18559364213248256,0.0031622776601683794,-0.17120999999999997,1.1068289454381641,6.0377884734192575,,
387.5455,34.211,-0.165,-0.084,30.238,-0.08,-0.08,-0.148,0.001,-0.003,-0.148,0.001,-0.003,0.996,0.076,0.128,0.003,0.008,-0.007,-0.0,0.0,0.0,836.465,-0.0,0.0,-0.0,0.0,0.0,0.0,0.0,0.0,-0.6884,0.69,-0.2236,0.7196,0.6883,-0.0911,0.091,-0.2236,-0.9704,0.676,0.226,-0.7014,-0.7316,0.0917,-0.6755,-0.0884,0.9698,0.2273,-0.0001,0.0001,0.0,0.0,0.0,0.0,-0.0351,-0.0102,-0.1439,24.6396,19.3871,28.9098,0.0,0.0433,-0.363,0.0,0.0,0.0,4001561.7158,4084211.4354,-3561379.0594,3433.714,2285.086,6491.4535,4001537.0761,4084192.0483,-3561407.9691,3433.749,2285.0962,6491.5975,0.0,0.0765,3.9732,0.0,0.0,1.0,0.0,1.0,0.0,0.0,1.172,-23.972,0.0,1.0,0.0,0.0,0.0,-1.0,0.18515128949051368,0.0031622776601683794,-0.17105499999999998,1.0924537413671065,6.032322337017295,,
387.7479,34.181,-0.165,-0.085,30.208,-0.08,-0.081,-0.148,0.001,-0.003,-0.148,0.001,-0.003,0.997,0.078,0.126,0.003,0.008,-0.007,-0.0,0.0,0.0,836.465,-0.0,0.0,-0.0,0.0,0.0,0.0,0.0,0.0,-0.6884,0.69,-0.2236,0.7196,0.6884,-0.0912,0.091,-0.2237,-0.9704,0.676,0.226,-0.7014,-0.7316,0.0917,-0.6755,-0.0884,0.9698,0.2273,-0.0001,0.0001,0.0,0.0,0.0,0.0,-0.0351,-0.0102,-0.144,24.6325,19.385,28.8806,0.0,0.0433,-0.363,0.0,0.0,0.0,4002257.2551,4084674.2685,-3560063.8413,3432.6567,2284.0069,6492.3942,4002232.6226,4084654.8835,-3560092.7219,3432.6918,2284.0171,6492.5382,0.0,0.0765,3.9732,0.0,0.0,1.0,0.0,1.0,0.0,0.0,1.172,-23.972,0.0,1.0,0.0,0.0,0.0,-1.0,0.18560711193270585,0.0031622776601683794,-0.17090499999999997,1.0924650449364022,6.027032527596041,,
387.949,34.151,-0.165,-0.085,30.178,-0.08,-0.081,-0.148,0.001,-0.003,-0.148,0.001,-0.003,0.997,0.08,0.125,0.003,0.008,-0.007,-0.0,0.0,0.0,836.465,-0.0,0.0,-0.0,0.0,0.0,0.0,0.0,0.0,-0.6884,0.69,-0.2236,0.7196,0.6884,-0.0912,0.091,-0.2237,-0.9704,0.676,0.226,-0.7014,-0.7316,0.0917,-0.6755,-0.0884,0.9698,0.2273,-0.0001,0.0001,0.0,0.0,0.0,0.0,-0.0351,-0.0102,-0.144,24.6255,19.383,28.8517,0.0,0.0433,-0.363,0.0,0.0,0.0,4002947.4248,4085133.4536,-3558758.1849,3431.6071,2282.9357,6493.3276,4002922.7993,4085114.0706,-3558787.0365,3431.6422,2282.946,6493.4716,0.0,0.0765,3.9732,0.0,0.0,1.0,0.0,1.0,0.0,0.0,1.172,-23.972,0.0,1.0,0.0,0.0,0.0,-1.0,0.18560711193270585,0.0031622776601683794,-0.17075500000000002,1.0923530494827862,6.021742718174788,,
388.1509,34.121,-0.165,-0.086,30.148,-0.08,-0.082,-0.148,0.001,-0.003,-0.148,0.001,-0.003,0.998,0.081,0.124,0.003,0.008,-0.007,-0.0,0.0,0.0,836.465,-0.0,0.0,-0.0,0.0,0.0,0.0,0.0,0.0,-0.6884,0.69,-0.2236,0.7196,0.6884,-0.0912,0.0909,-0.2237,-0.9704,0.676,0.226,-0.7014,-0.7316,0.0917,-0.6755,-0.0884,0.9698,0.2273,-0.0001,0.0001,0.0,0.0,0.0,0.0,-0.0351,-0.0102,-0.144,24.6184,19.3809,28.8226,0.0,0.0433,-0.363,0.0,0.0,0.0,4003640.415,4085594.4395,-3557446.604,3430.5527,2281.8597,6494.2647,4003615.7966,4085575.0586,-3557475.4266,3430.5878,2281.8699,6494.4087,0.0,0.0765,3.9732,0.0,0.0,1.0,0.0,1.0,0.0,0.0,1.172,-23.972,0.0,1.0,0.0,0.0,0.0,-1.0,0.18606719216455114,0.0031622776601683794,-0.170605,1.0923675690397192,6.016452908753534,,
388.353,34.092,-0.164,-0.087,30.118,-0.079,-0.082,-0.148,0.001,-0.003,-0.149,0.001,-0.003,0.998,0.083,0.122,0.003,0.008,-0.007,-0.0,0.0,0.0,836.465,-0.0,0.0,-0.0,0.0,0.0,0.0,0.0,0.0,-0.6884,0.69,-0.2236,0.7196,0.6884,-0.0913,0.0909,-0.2237,-0.9704,0.676,0.226,-0.7014,-0.7316,0.0917,-0.6755,-0.0884,0.9698,0.2273,-0.0001,0.0001,0.0,0.0,0.0,0.0,-0.0351,-0.0102,-0.144,24.6113,19.3788,28.7936,0.0,0.0433,-0.363,0.0,0.0,0.0,4004332.0151,4086054.4255,-3556137.0608,3429.5,2280.7854,6495.1999,4004307.4038,4086035.0467,-3556165.8544,3429.535,2280.7956,6495.3439,0.0,0.0765,3.9732,0.0,0.0,1.0,0.0,1.0,0.0,0.0,1.172,-23.972,0.0,1.0,0.0,0.0,0.0,-1.0,0.18564751546950475,0.0031622776601683794,-0.17046,1.0926608303892382,6.011339426312988,,
388.5535,34.062,-0.164,-0.087,30.089,-0.079,-0.083,-0.149,0.001,-0.003,-0.149,0.001,-0.003,0.999,0.084,0.121,0.003,0.008,-0.007,-0.0,0.0,0.0,836.465,-0.0,0.0,-0.0,0.0,0.0,0.0,0.0,0.0,-0.6884,0.69,-0.2236,0.7196,0.6884,-0.0913,0.0909,-0.2237,-0.9704,0.676,0.226,-0.7014,-0.7316,0.0917,-0.6755,-0.0884,0.9698,0.2273,-0.0001,0.0001,0.0,0.0,0.0,0.0,-0.0351,-0.0102,-0.144,24.6043,19.3767,28.7647,0.0,0.0433,-0.363,0.0,0.0,0.0,4005019.7985,4086511.7982,-3554834.158,3428.4525,2279.7166,6496.1299,4004995.1942,4086492.4215,-3554862.9227,3428.4875,2279.7268,6496.2739,0.0,0.0765,3.9732,0.0,0.0,1.0,0.0,1.0,0.0,0.0,1.172,-23.972,0.0,1.0,0.0,0.0,0.0,-1.0,0.18564751546950475,0.0031622776601683794,-0.17031,1.093979224087638,6.006049616891733,,
388.7551,34.032,-0.164,-0.088,30.059,-0.079,-0.083,-0.149,0.001,-0.003,-0.149,0.001,-0.003,0.999,0.086,0.12,0.003,0.008,-0.007,-0.0,0.0,0.0,836.465,-0.0,0.0,-0.0,0.0,0.0,0.0,0.0,0.0,-0.6884,0.69,-0.2236,0.7196,0.6884,-0.0914,0.0909,-0.2238,-0.9704,0.676,0.226,-0.7014,-0.7316,0.0917,-0.6755,-0.0884,0.9698,0.2273,-0.0001,0.0001,0.0,0.0,0.0,0.0,-0.0351,-0.0102,-0.144,24.5972,19.3747,28.7356,0.0,0.0433,-0.363,0.0,0.0,0.0,4005711.0151,4086971.3783,-3553524.1661,3427.3993,2278.642,6497.0645,4005686.4178,4086952.0036,-3553552.9018,3427.4343,2278.6522,6497.2085,0.0,0.0765,3.9732,0.0,0.0,1.0,0.0,1.0,0.0,0.0,1.172,-23.972,0.0,1.0,0.0,0.0,0.0,-1.0,0.1861182419861095,0.0031622776601683794,-0.17015999999999998,1.0928537335505348,6.000759807470479,,
388.9568,34.002,-0.164,-0.089,30.029,-0.079,-0.084,-0.149,0.001,-0.003,-0.149,0.001,-0.003,1.0,0.088,0.118,0.003,0.008,-0.007,-0.0,0.0,0.0,836.465,-0.0,0.0,-0.0,0.0,0.0,0.0,0.0,0.0,-0.6885,0.69,-0.2236,0.7196,0.6884,-0.0914,0.0908,-0.2238,-0.9704,0.676,0.226,-0.7014,-0.7316,0.0917,-0.6755,-0.0884,0.9698,0.2273,-0.0001,0.0001,0.0,0.0,0.0,0.0,-0.0351,-0.0102,-0.144,24.5901,19.3726,28.7065,0.0,0.0433,-0.363,0.0,0.0,0.0,4006405.4555,4087433.0261,-3552207.4665,3426.3406,2277.5619,6498.0034,4006380.8654,4087413.6535,-3552236.173,3426.3757,2277.5721,6498.1474,0.0,0.0765,3.9732,0.0,0.0,1.0,0.0,1.0,0.0,0.0,1.172,-23.972,0.0,1.0,0.0,0.0,0.0,-1.0,0.1865931402812011,0.0031622776601683794,-0.17001000000000002,1.0928518511090746,5.995469998049226,,
389.1592,33.972,-0.163,-0.089,29.999,-0.079,-0.085,-0.149,0.001,-0.003,-0.149,0.001,-0.003,1.001,0.089,0.117,0.003,0.008,-0.007,-0.0,0.0,0.0,836.465,-0.0,0.0,-0.0,0.0,0.0,0.0,0.0,0.0,-0.6885,0.6899,-0.2236,0.7196,0.6884,-0.0914,0.0908,-0.2238,-0.9704,0.676,0.226,-0.7014,-0.7316,0.0917,-0.6755,-0.0884,0.9698,0.2273,-0.0001,0.0001,0.0,0.0,0.0,0.0,-0.0351,-0.0102,-0.144,24.583,19.3705,28.6774,0.0,0.0433,-0.363,0.0,0.0,0.0,4007097.6285,4087893.0907,-3550894.4713,3425.285,2276.4849,6498.9391,4007073.0454,4087873.7202,-3550923.1487,3425.32,2276.4951,6499.0832,0.0,0.0765,3.9732,0.0,0.0,1.0,0.0,1.0,0.0,0.0,1.172,-23.972,0.0,1.0,0.0,0.0,0.0,-1.0,0.18571483516402237,0.0031622776601683794,-0.16986,1.0795488669850983,5.990180188627972,,
389.3615,33.942,-0.163,-0.09,29.969,-0.079,-0.085,-0.149,0.001,-0.003,-0.149,0.001,-0.003,1.001,0.091,0.115,0.003,0.008,-0.007,-0.0,0.0,0.0,836.465,-0.0,0.0,-0.0,0.0,0.0,0.0,0.0,0.0,-0.6885,0.6899,-0.2236,0.7195,0.6884,-0.0915,0.0908,-0.2238,-0.9704,0.676,0.226,-0.7014,-0.7316,0.0917,-0.6755,-0.0884,0.9698,0.2273,-0.0001,0.0001,0.0,0.0,0.0,0.0,-0.0351,-0.0102,-0.1441,24.576,19.3684,28.6482,0.0,0.0433,-0.363,0.0,0.0,0.0,4007790.1318,4088353.2988,-3549580.2566,3424.2283,2275.407,6499.8753,4007765.5558,4088333.9303,-3549608.9048,3424.2633,2275.4172,6500.0193,0.0,0.0765,3.9732,0.0,0.0,1.0,0.0,1.0,0.0,0.0,1.172,-23.972,0.0,1.0,0.0,0.0,0.0,-1.0,0.18619613314996636,0.0031622776601683794,-0.16971,1.0783591573726576,5.9848903792067185,,
389.5649,33.911,-0.163,-0.091,29.938,-0.079,-0.086,-0.149,0.001,-0.003,-0.149,0.001,-0.003,1.002,0.092,0.114,0.003,0.008,-0.007,-0.0,0.0,0.0,836.465,-0.0,0.0,-0.0,0.0,0.0,0.0,0.0,0.0,-0.6885,0.6899,-0.2236,0.7195,0.6884,-0.0915,0.0908,-0.2239,-0.9704,0.676,0.226,-0.7014,-0.7316,0.0917,-0.6755,-0.0884,0.9698,0.2273,-0.0001,0.0001,0.0,0.0,0.0,0.0,-0.0351,-0.0102,-0.1441,24.5688,19.3663,28.6189,0.0,0.0433,-0.363,0.0,0.0,0.0,4008486.269,4088815.845,-3548258.5474,3423.1655,2274.3229,6500.8162,4008461.7002,4088796.4787,-3548287.1663,3423.2006,2274.3331,6500.9603,0.0,0.0765,3.9732,0.0,0.0,1.0,0.0,1.0,0.0,0.0,1.172,-23.972,0.0,1.0,0.0,0.0,0.0,-1.0,0.18668154702594472,0.0031622776601683794,-0.169555,1.0783615926946049,5.979424242804756,,
389.7686,33.881,-0.163,-0.092,29.908,-0.078,-0.086,-0.149,0.001,-0.003,-0.149,0.001,-0.003,1.002,0.094,0.113,0.003,0.008,-0.007,-0.0,0.0,0.0,836.465,-0.0,0.0,-0.0,0.0,0.0,0.0,0.0,0.0,-0.6885,0.6899,-0.2236,0.7195,0.6884,-0.0915,0.0907,-0.2239,-0.9704,0.676,0.226,-0.7014,-0.7316,0.0917,-0.6755,-0.0884,0.9698,0.2273,-0.0001,0.0001,0.0,0.0,0.0,0.0,-0.0351,-0.0102,-0.1441,24.5617,19.3643,28.5897,0.0,0.0433,-0.363,0.0,0.0,0.0,4009180.2545,4089276.8853,-3546940.3217,3422.1055,2273.2417,6501.7543,4009155.6927,4089257.521,-3546968.9114,3422.1406,2273.2519,6501.8984,0.0,0.0765,3.9732,0.0,0.0,1.0,0.0,1.0,0.0,0.0,1.172,-23.972,0.0,1.0,0.0,0.0,0.0,-1.0,0.18717104476921637,0.0031622776601683794,-0.169405,1.0934408849783686,5.974134433383502,,
389.9708,33.851,-0.162,-0.092,29.878,-0.078,-0.087,-0.149,0.001,-0.003,-0.149,0.001,-0.003,1.003,0.096,0.111,0.003,0.008,-0.007,-0.0,0.0,0.0,836.465,-0.0,0.0,-0.0,0.0,0.0,0.0,0.0,0.0,-0.6885,0.6899,-0.2236,0.7195,0.6884,-0.0916,0.0907,-0.2239,-0.9704,0.676,0.226,-0.7014,-0.7316,0.0917,-0.6755,-0.0884,0.9698,0.2273,-0.0001,0.0001,0.0,0.0,0.0,0.0,-0.0351,-0.0102,-0.1441,24.5546,19.3622,28.5606,0.0,0.0433,-0.363,0.0,0.0,0.0,4009873.2498,4089737.1914,-3545623.3793,3421.0465,2272.1616,6502.6909,4009848.6951,4089717.8292,-3545651.9399,3421.0816,2272.1718,6502.835,0.0,0.0765,3.9732,0.0,0.0,1.0,0.0,1.0,0.0,0.0,1.172,-23.972,0.0,1.0,0.0,0.0,0.0,-1.0,0.18630083198955394,0.0031622776601683794,-0.169255,1.0799725493009085,5.968844623962248,,
390.1756,33.821,-0.162,-0.093,29.848,-0.078,-0.088,-0.149,0.001,-0.003,-0.149,0.001,-0.003,1.004,0.097,0.11,0.003,0.008,-0.007,-0.0,0.0,0.0,836.465,-0.0,0.0,-0.0,0.0,0.0,0.0,0.0,0.0,-0.6885,0.6899,-0.2236,0.7195,0.6884,-0.0916,0.0907,-0.2239,-0.9704,0.676,0.226,-0.7014,-0.7316,0.0917,-0.6755,-0.0884,0.9698,0.2273,-0.0001,0.0001,0.0,0.0,0.0,0.0,-0.0351,-0.0102,-0.1441,24.5474,19.3601,28.5309,0.0,0.0433,-0.363,0.0,0.0,0.0,4010577.6537,4090204.9972,-3544284.1442,3419.9696,2271.0632,6503.6429,4010553.1063,4090185.6372,-3544312.6751,3420.0047,2271.0734,6503.787,0.0,0.0765,3.9732,0.0,0.0,1.0,0.0,1.0,0.0,0.0,1.172,-23.972,0.0,1.0,0.0,0.0,0.0,-1.0,0.18679668091269716,0.0031622776601683794,-0.16910499999999998,1.0799866137280814,5.963554814540994,,
390.3807,33.79,-0.162,-0.094,29.817,-0.078,-0.088,-0.149,0.001,-0.003,-0.149,0.001,-0.003,1.004,0.099,0.108,0.003,0.008,-0.007,-0.0,0.0,0.0,836.465,-0.0,0.0,-0.0,0.0,0.0,0.0,0.0,0.0,-0.6885,0.6899,-0.2236,0.7195,0.6884,-0.0917,0.0907,-0.224,-0.9704,0.676,0.226,-0.7014,-0.7316,0.0917,-0.6755,-0.0884,0.9698,0.2273,-0.0001,0.0001,0.0,0.0,0.0,0.0,-0.0351,-0.0102,-0.1441,24.5403,19.358,28.5014,0.0,0.0433,-0.363,0.0,0.0,0.0,4011276.6145,4090669.11,-3542954.6488,3418.9004,2269.9729,6504.5875,4011252.0743,4090649.752,-3542983.1503,3418.9355,2269.9831,6504.7316,0.0,0.0765,3.9732,0.0,0.0,1.0,0.0,1.0,0.0,0.0,1.172,-23.972,0.0,1.0,0.0,0.0,0.0,-1.0,0.18729655629509048,0.0031622776601683794,-0.16895,1.0789081701111112,5.958088678139031,,
390.5834,33.76,-0.162,-0.094,29.787,-0.078,-0.089,-0.149,0.001,-0.003,-0.149,0.001,-0.003,1.005,0.1,0.107,0.003,0.008,-0.007,-0.0,0.0,0.0,836.465,-0.0,0.0,-0.0,0.0,0.0,0.0,0.0,0.0,-0.6886,0.6899,-0.2236,0.7195,0.6884,-0.0917,0.0906,-0.224,-0.9704,0.676,0.226,-0.7014,-0.7316,0.0917,-0.6755,-0.0884,0.9698,0.2273,-0.0001,0.0001,0.0,0.0,0.0,0.0,-0.0351,-0.0102,-0.1441,24.5331,19.3559,28.4722,0.0,0.0433,-0.363,0.0,0.0,0.0,4011969.2362,4091128.9369,-3541636.6089,3417.8405,2268.892,6505.5234,4011944.7031,4091109.581,-3541665.0812,3417.8756,2268.9022,6505.6676,0.0,0.0765,3.9732,0.0,0.0,1.0,0.0,1.0,0.0,0.0,1.172,-23.972,0.0,1.0,0.0,0.0,0.0,-1.0,0.18729655629509048,0.0031622776601683794,-0.16879999999999998,1.0798898550868752,5.952798868717777,,
390.7864,33.73,-0.161,-0.095,29.757,-0.078,-0.089,-0.149,0.001,-0.003,-0.149,0.001,-0.003,1.005,0.102,0.105,0.003,0.008,-0.007,-0.0,0.0,0.0,836.465,-0.0,0.0,-0.0,0.0,0.0,0.0,0.0,0.0,-0.6886,0.6898,-0.2235,0.7195,0.6884,-0.0917,0.0906,-0.224,-0.9704,0.676,0.226,-0.7014,-0.7316,0.0917,-0.6755,-0.0884,0.9698,0.2273,-0.0001,0.0001,0.0,0.0,0.0,0.0,-0.0351,-0.0102,-0.1441,24.526,19.3538,28.443,0.0,0.0433,-0.363,0.0,0.0,0.0,4012661.7091,4091588.5888,-3540318.2523,3416.7802,2267.8108,6506.4591,4012637.1831,4091569.235,-3540346.6953,3416.8153,2267.821,6506.6033,0.0,0.0765,3.9732,0.0,0.0,1.0,0.0,1.0,0.0,0.0,1.172,-23.972,0.0,1.0,0.0,0.0,0.0,-1.0,0.18693849255838135,0.0031622776601683794,-0.16865,1.0644015456797982,5.947509059296523,,
390.9882,33.7,-0.161,-0.096,29.727,-0.078,-0.09,-0.149,0.001,-0.003,-0.149,0.001,-0.003,1.006,0.104,0.104,0.003,0.008,-0.007,-0.0,0.0,0.0,836.465,-0.0,0.0,-0.0,0.0,0.0,0.0,0.0,0.0,-0.6886,0.6898,-0.2235,0.7195,0.6884,-0.0918,0.0906,-0.224,-0.9704,0.676,0.226,-0.7014,-0.7316,0.0917,-0.6755,-0.0884,0.9698,0.2273,-0.0001,0.0001,0.0,0.0,0.0,0.0,-0.0351,-0.0102,-0.1442,24.5189,19.3517,28.4139,0.0,0.0433,-0.363,0.0,0.0,0.0,4013352.2126,4092046.8572,-3539003.0493,3415.7225,2266.7323,6507.3921,4013327.6937,4092027.5055,-3539031.4632,3415.7576,2266.7425,6507.5363,0.0,0.0765,3.9732,0.0,0.0,1.0,0.0,1.0,0.0,0.0,1.172,-23.972,0.0,1.0,0.0,0.0,0.0,-1.0,0.18744865963777924,0.0031622776601683794,-0.1685,1.0643991339437904,5.94221924987527,,
391.1905,33.67,-0.161,-0.096,29.697,-0.077,-0.091,-0.149,0.001,-0.003,-0.149,0.001,-0.003,1.006,0.105,0.103,0.003,0.008,-0.007,-0.0,0.0,0.0,836.465,-0.0,0.0,-0.0,0.0,0.0,0.0,0.0,0.0,-0.6886,0.6898,-0.2235,0.7195,0.6884,-0.0918,0.0906,-0.224,-0.9704,0.676,0.226,-0.7014,-0.7316,0.0917,-0.6755,-0.0884,0.9698,0.2273,-0.0001,0.0001,0.0,0.0,0.0,0.0,-0.0351,-0.0102,-0.1442,24.5118,19.3496,28.3846,0.0,0.0433,-0.363,0.0,0.0,0.0,4014046.8996,4092507.8251,-3537679.2777,3414.6578,2265.6468,6508.3307,4014022.3878,4092488.4754,-3537707.6623,3414.6929,2265.657,6508.4748,0.0,0.0765,3.9732,0.0,0.0,1.0,0.0,1.0,0.0,0.0,1.172,-23.972,0.0,1.0,0.0,0.0,0.0,-1.0,0.18744865963777924,0.0031622776601683794,-0.16835,1.0815464376231425,5.936929440454016,,
391.3957,33.639,-0.161,-0.097,29.666,-0.077,-0.091,-0.149,0.001,-0.003,-0.149,0.001,-0.003,1.007,0.107,0.101,0.003,0.008,-0.007,-0.0,0.0,0.0,836.465,-0.0,0.0,-0.0,0.0,0.0,0.0,0.0,0.0,-0.6886,0.6898,-0.2235,0.7195,0.6884,-0.0918,0.0905,-0.2241,-0.9704,0.676,0.226,-0.7014,-0.7316,0.0917,-0.6755,-0.0884,0.9698,0.2273,-0.0001,0.0001,0.0,0.0,0.0,0.0,-0.0351,-0.0102,-0.1442,24.5047,19.3475,28.3553,0.0,0.0433,-0.363,0.0,0.0,0.0,4014740.9486,4092968.2927,-3536356.1178,3413.5936,2264.5618,6509.2683,4014716.4439,4092948.9451,-3536384.473,3413.6287,2264.572,6509.4125,0.0,0.0765,3.9732,0.0,0.0,1.0,0.0,1.0,0.0,0.0,1.172,-23.972,0.0,1.0,0.0,0.0,0.0,-1.0,0.1879627622695517,0.0031622776601683794,-0.168195,1.0803927095549803,5.931463304052054,,
391.598,33.609,-0.16,-0.098,29.636,-0.077,-0.092,-0.149,0.001,-0.003,-0.149,0.001,-0.003,1.008,0.108,0.1,0.003,0.008,-0.007,-0.0,0.0,0.0,836.465,-0.0,0.0,-0.0,0.0,0.0,0.0,0.0,0.0,-0.6886,0.6898,-0.2235,0.7194,0.6884,-0.0919,0.0905,-0.2241,-0.9704,0.676,0.226,-0.7014,-0.7316,0.0917,-0.6755,-0.0884,0.9698,0.2273,-0.0001,0.0001,0.0,0.0,0.0,0.0,-0.0351,-0.0102,-0.1442,24.4976,19.3455,28.326,0.0,0.0433,-0.363,0.0,0.0,0.0,4015433.5201,4093427.7031,-3535035.174,3412.5312,2263.4787,6510.2039,4015409.0225,4093408.3577,-3535063.5,3412.5663,2263.4889,6510.3481,0.0,0.0765,3.9732,0.0,0.0,1.0,0.0,1.0,0.0,0.0,1.172,-23.972,0.0,1.0,0.0,0.0,0.0,-1.0,0.18762729012593024,0.0031622776601683794,-0.168045,1.066014932715076,5.9261734946308,,
391.8014,33.579,-0.16,-0.099,29.606,-0.077,-0.092,-0.149,0.001,-0.003,-0.149,0.001,-0.003,1.008,0.11,0.098,0.003,0.008,-0.007,-0.0,0.0,0.0,836.465,-0.0,0.0,-0.0,0.0,0.0,0.0,0.0,0.0,-0.6886,0.6898,-0.2235,0.7194,0.6885,-0.0919,0.0905,-0.2241,-0.9704,0.676,0.226,-0.7014,-0.7316,0.0917,-0.6755,-0.0884,0.9698,0.2273,-0.0001,0.0001,0.0,0.0,0.0,0.0,-0.0351,-0.0102,-0.1442,24.4904,19.3434,28.2967,0.0,0.0433,-0.363,0.0,0.0,0.0,4016128.0682,4093888.3474,-3533709.8586,3411.4652,2262.392,6511.1421,4016103.5778,4093869.004,-3533738.1553,3411.5003,2262.4023,6511.2863,0.0,0.0765,3.9732,0.0,0.0,1.0,0.0,1.0,0.0,0.0,1.172,-23.972,0.0,1.0,0.0,0.0,0.0,-1.0,0.1881515346735179,0.0031622776601683794,-0.16789500000000002,1.0650156390704724,5.920883685209546,,
392.0037,33.549,-0.16,-0.099,29.576,-0.077,-0.093,-0.149,0.001,-0.003,-0.149,0.001,-0.003,1.009,0.112,0.097,0.003,0.008,-0.007,-0.0,0.0,0.0,836.465,-0.0,0.0,-0.0,0.0,0.0,0.0,0.0,0.0,-0.6887,0.6898,-0.2235,0.7194,0.6885,-0.0919,0.0905,-0.2241,-0.9703,0.676,0.226,-0.7014,-0.7316,0.0917,-0.6755,-0.0884,0.9698,0.2273,-0.0001,0.0001,0.0,0.0,0.0,0.0,-0.0351,-0.0102,-0.1442,24.4833,19.3413,28.2674,0.0,0.0433,-0.363,0.0,0.0,0.0,4016819.1151,4094346.593,-3532390.6212,3410.404,2261.3104,6512.0756,4016794.6317,4094327.2517,-3532418.8886,3410.4391,2261.3206,6512.2198,0.0,0.0765,3.9732,0.0,0.0,1.0,0.0,1.0,0.0,0.0,1.172,-23.972,0.0,1.0,0.0,0.0,0.0,-1.0,0.1881515346735179,0.0031622776601683794,-0.167745,1.0659134194794428,5.915593875788291,,
392.2064,33.519,-0.16,-0.1,29.546,-0.077,-0.093,-0.149,0.001,-0.003,-0.149,0.001,-0.003,1.009,0.113,0.096,0.003,0.008,-0.007,-0.0,0.0,0.0,836.465,-0.0,0.0,-0.0,0.0,0.0,0.0,0.0,0.0,-0.6887,0.6898,-0.2235,0.7194,0.6885,-0.092,0.0904,-0.2242,-0.9703,0.676,0.226,-0.7014,-0.7316,0.0917,-0.6755,-0.0884,0.9698,0.2273,-0.0001,0.0001,0.0,0.0,0.0,0.0,-0.0351,-0.0102,-0.1442,24.4762,19.3392,28.2381,0.0,0.0433,-0.363,0.0,0.0,0.0,4017512.5497,4094806.3451,-3531066.2211,3409.3387,2260.2245,6513.0121,4017488.0735,4094787.0059,-3531094.4592,3409.3738,2260.2347,6513.1564,0.0,0.0765,3.9732,0.0,0.0,1.0,0.0,1.0,0.0,0.0,1.172,-23.972,0.0,1.0,0.0,0.0,0.0,-1.0,0.18867962264113208,0.0031622776601683794,-0.167595,1.0648866235844436,5.910304066367037,,
392.4106,33.488,-0.159,-0.101,29.515,-0.076,-0.094,-0.149,0.001,-0.003,-0.149,0.001,-0.003,1.01,0.115,0.094,0.003,0.008,-0.007,-0.0,0.0,0.0,836.465,-0.0,0.0,-0.0,0.0,0.0,0.0,0.0,0.0,-0.6887,0.6897,-0.2235,0.7194,0.6885,-0.092,0.0904,-0.2242,-0.9703,0.676,0.226,-0.7014,-0.7316,0.0917,-0.6755,-0.0884,0.9698,0.2273,-0.0001,0.0001,0.0,0.0,0.0,0.0,-0.0351,-0.0102,-0.1442,24.4691,19.3371,28.2088,0.0,0.0433,-0.363,0.0,0.0,0.0,4018204.9737,4095265.3503,-3529743.1473,3408.2744,2259.1398,6513.9473,4018180.5047,4095246.0132,-3529771.3561,3408.3095,2259.15,6514.0915,0.0,0.0765,3.9732,0.0,0.0,1.0,0.0,1.0,0.0,0.0,1.172,-23.972,0.0,1.0,0.0,0.0,0.0,-1.0,0.18836666371733615,0.0031622776601683794,-0.16744,1.0666041005900613,5.904837929965075,,
392.6153,33.458,-0.159,-0.101,29.485,-0.076,-0.095,-0.149,0.001,-0.003,-0.149,0.001,-0.003,1.01,0.116,0.093,0.003,0.008,-0.007,-0.0,0.0,0.0,836.465,-0.0,0.0,-0.0,0.0,0.0,0.0,0.0,0.0,-0.6887,0.6897,-0.2235,0.7194,0.6885,-0.0921,0.0904,-0.2242,-0.9703,0.676,0.226,-0.7014,-0.7316,0.0917,-0.6755,-0.0884,0.9698,0.2273,-0.0001,0.0001,0.0,0.0,0.0,0.0,-0.0351,-0.0102,-0.1443,24.4619,19.335,28.1794,0.0,0.0433,-0.363,0.0,0.0,0.0,4018900.2216,4095726.1495,-3528414.0731,3407.2053,2258.0502,6514.8862,4018875.7597,4095706.8145,-3528442.2525,3407.2404,2258.0604,6515.0305,0.0,0.0765,3.9732,0.0,0.0,1.0,0.0,1.0,0.0,0.0,1.172,-23.972,0.0,1.0,0.0,0.0,0.0,-1.0,0.18836666371733615,0.0031622776601683794,-0.16729,1.0675616891931126,5.8995481205438205,,
392.8191,33.428,-0.159,-0.102,29.455,-0.076,-0.095,-0.149,0.001,-0.003,-0.149,0.001,-0.003,1.011,0.118,0.091,0.003,0.008,-0.007,-0.0,0.0,0.0,836.465,-0.0,0.0,-0.0,0.0,0.0,0.0,0.0,0.0,-0.6887,0.6897,-0.2235,0.7194,0.6885,-0.0921,0.0904,-0.2242,-0.9703,0.676,0.226,-0.7014,-0.7316,0.0917,-0.6755,-0.0884,0.9698,0.2273,-0.0001,0.0001,0.0,0.0,0.0,0.0,-0.0351,-0.0102,-0.1443,24.4547,19.3329,28.1499,0.0,0.0433,-0.363,0.0,0.0,0.0,4019596.7411,4096187.7136,-3527081.957,3406.1337,2256.9581,6515.8268,4019572.2863,4096168.3807,-3527110.1069,3406.1687,2256.9683,6515.9711,0.0,0.0765,3.9732,0.0,0.0,1.0,0.0,1.0,0.0,0.0,1.172,-23.972,0.0,1.0,0.0,0.0,0.0,-1.0,0.188904737897174,0.0031622776601683794,-0.16713999999999998,1.0664849852833262,5.894258311122567,,
393.0216,33.398,-0.159,-0.103,29.424,-0.076,-0.096,-0.149,0.001,-0.003,-0.149,0.001,-0.003,1.012,0.12,0.09,0.003,0.008,-0.007,-0.0,0.0,0.0,836.465,-0.0,0.0,-0.0,0.0,0.0,0.0,0.0,0.0,-0.6887,0.6897,-0.2235,0.7194,0.6885,-0.0921,0.0904,-0.2243,-0.9703,0.676,0.226,-0.7014,-0.7316,0.0917,-0.6755,-0.0884,0.9698,0.2273,-0.0001,0.0001,0.0,0.0,0.0,0.0,-0.0351,-0.0102,-0.1443,24.4476,19.3308,28.1207,0.0,0.0433,-0.363,0.0,0.0,0.0,4020286.9686,4096645.031,-3525761.2719,3405.0712,2255.8754,6516.7588,4020262.521,4096625.7002,-3525789.3926,3405.1063,2255.8856,6516.9031,0.0,0.0765,3.9732,0.0,0.0,1.0,0.0,1.0,0.0,0.0,1.172,-23.972,0.0,1.0,0.0,0.0,0.0,-1.0,0.18944656238633625,0.0031622776601683794,-0.16699000000000003,1.066177884329581,5.888968501701314,,
393.2249,33.367,-0.158,-0.103,29.394,-0.076,-0.096,-0.149,0.001,-0.003,-0.149,0.001,-0.003,1.012,0.121,0.089,0.003,0.008,-0.007,-0.0,0.0,0.0,836.465,-0.0,0.0,-0.0,0.0,0.0,0.0,0.0,0.0,-0.6887,0.6897,-0.2235,0.7194,0.6885,-0.0922,0.0903,-0.2243,-0.9703,0.676,0.226,-0.7014,-0.7316,0.0917,-0.6755,-0.0884,0.9698,0.2273,-0.0001,0.0001,0.0,0.0,0.0,0.0,-0.0351,-0.0102,-0.1443,24.4405,19.3287,28.0914,0.0,0.0433,-0.363,0.0,0.0,0.0,4020978.2115,4097102.9444,-3524438.0406,3404.0066,2254.7907,6517.6922,4020953.771,4097083.6156,-3524466.132,3404.0417,2254.8009,6517.8365,0.0,0.0765,3.9732,0.0,0.0,1.0,0.0,1.0,0.0,0.0,1.172,-23.972,0.0,1.0,0.0,0.0,0.0,-1.0,0.18860805921274945,0.0031622776601683794,-0.16683499999999998,1.051979004272283,5.883502365299351,,
393.4314,33.337,-0.158,-0.104,29.364,-0.076,-0.097,-0.149,0.001,-0.003,-0.149,0.001,-0.003,1.013,0.123,0.087,0.003,0.008,-0.007,-0.0,0.0,0.0,836.465,-0.0,0.0,-0.0,0.0,0.0,0.0,0.0,0.0,-0.6887,0.6897,-0.2235,0.7194,0.6885,-0.0922,0.0903,-0.2243,-0.9703,0.676,0.226,-0.7014,-0.7316,0.0917,-0.6755,-0.0884,0.9698,0.2273,-0.0001,0.0001,0.0,0.0,0.0,0.0,-0.0351,-0.0102,-0.1443,24.4333,19.3266,28.0617,0.0,0.0433,-0.363,0.0,0.0,0.0,4021679.3345,4097567.3239,-3523095.2798,3402.9264,2253.69,6518.6388,4021654.9012,4097547.9973,-3523123.3415,3402.9615,2253.7002,6518.7831,0.0,0.0765,3.9732,0.0,0.0,1.0,0.0,1.0,0.0,0.0,1.172,-23.972,0.0,1.0,0.0,0.0,0.0,-1.0,0.18915602025840997,0.0031622776601683794,-0.16668500000000003,1.0519797192759954,5.878212555878098,,
393.6373,33.306,-0.158,-0.105,29.333,-0.075,-0.098,-0.149,0.001,-0.003,-0.149,0.001,-0.003,1.013,0.124,0.086,0.003,0.008,-0.007,-0.0,0.0,0.0,836.465,-0.0,0.0,-0.0,0.0,0.0,0.0,0.0,0.0,-0.6888,0.6897,-0.2235,0.7193,0.6885,-0.0922,0.0903,-0.2243,-0.9703,0.676,0.226,-0.7014,-0.7316,0.0917,-0.6755,-0.0884,0.9698,0.2273,-0.0001,0.0001,0.0,0.0,0.0,0.0,-0.0351,-0.0102,-0.1443,24.426,19.3245,28.0319,0.0,0.0433,-0.363,0.0,0.0,0.0,4022381.3107,4098032.1892,-3521750.2611,3401.8442,2252.5875,6519.5865,4022356.8847,4098012.8647,-3521778.293,3401.8793,2252.5977,6519.7308,0.0,0.0765,3.9732,0.0,0.0,1.0,0.0,1.0,0.0,0.0,1.172,-23.972,0.0,1.0,0.0,0.0,0.0,-1.0,0.1897076698502198,0.0031622776601683794,-0.16652999999999998,1.0681063354608147,5.872746419476134,,
393.8426,33.275,-0.158,-0.106,29.302,-0.075,-0.098,-0.149,0.001,-0.003,-0.149,0.001,-0.003,1.014,0.126,0.084,0.003,0.008,-0.007,-0.0,0.0,0.0,836.465,-0.0,0.0,-0.0,0.0,0.0,0.0,0.0,0.0,-0.6888,0.6897,-0.2235,0.7193,0.6885,-0.0923,0.0903,-0.2244,-0.9703,0.676,0.226,-0.7014,-0.7316,0.0917,-0.6755,-0.0884,0.9698,0.2273,-0.0001,0.0001,0.0,0.0,0.0,0.0,-0.0351,-0.0102,-0.1443,24.4188,19.3224,28.0021,0.0,0.0433,-0.363,0.0,0.0,0.0,4023083.1526,4098496.8858,-3520404.8774,3400.7618,2251.4847,6520.534,4023058.7338,4098477.5634,-3520432.8795,3400.7969,2251.4949,6520.6783,0.0,0.0765,3.9732,0.0,0.0,1.0,0.0,1.0,0.0,0.0,1.172,-23.972,0.0,1.0,0.0,0.0,0.0,-1.0,0.19026297590440447,0.0031622776601683794,-0.166375,1.0671395967065724,5.867280283074172,,
394.0465,33.245,-0.157,-0.106,29.272,-0.075,-0.099,-0.149,0.001,-0.003,-0.149,0.001,-0.003,1.014,0.128,0.083,0.003,0.008,-0.007,-0.0,0.0,0.0,836.465,-0.0,0.0,-0.0,0.0,0.0,0.0,0.0,0.0,-0.6888,0.6896,-0.2235,0.7193,0.6885,-0.0923,0.0902,-0.2244,-0.9703,0.676,0.226,-0.7014,-0.7316,0.0917,-0.6755,-0.0884,0.9698,0.2273,-0.0001,0.0001,0.0,0.0,0.0,0.0,-0.0351,-0.0102,-0.1443,24.4117,19.3203,27.9728,0.0,0.0433,-0.363,0.0,0.0,0.0,4023774.5009,4098954.5567,-3519078.999,3399.695,2250.3979,6521.4672,4023750.0893,4098935.2364,-3519106.9718,3399.7301,2250.4081,6521.6116,0.0,0.0765,3.9732,0.0,0.0,1.0,0.0,1.0,0.0,0.0,1.172,-23.972,0.0,1.0,0.0,0.0,0.0,-1.0,0.1894333655932872,0.0031622776601683794,-0.16622499999999998,1.0536193011469772,5.861990473652917,,
394.2513,33.215,-0.157,-0.107,29.241,-0.075,-0.099,-0.149,0.001,-0.003,-0.149,0.001,-0.003,1.015,0.129,0.082,0.003,0.008,-0.007,-0.0,0.0,0.0,836.465,-0.0,0.0,-0.0,0.0,0.0,0.0,0.0,0.0,-0.6888,0.6896,-0.2235,0.7193,0.6885,-0.0924,0.0902,-0.2244,-0.9703,0.676,0.226,-0.7014,-0.7316,0.0917,-0.6755,-0.0884,0.9698,0.2273,-0.0001,0.0001,0.0,0.0,0.0,0.0,-0.0351,-0.0102,-0.1444,24.4045,19.3182,27.9432,0.0,0.0433,-0.363,0.0,0.0,0.0,4024469.9031,4099414.833,-3517744.735,3398.6214,2249.3043,6522.4059,4024445.4987,4099395.5148,-3517772.6782,3398.6565,2249.3145,6522.5502,0.0,0.0765,3.9732,0.0,0.0,1.0,0.0,1.0,0.0,0.0,1.172,-23.972,0.0,1.0,0.0,0.0,0.0,-1.0,0.1899947367692063,0.0031622776601683794,-0.16607500000000003,1.0523172499731077,5.856700664231664,,
394.4539,33.184,-0.157,-0.108,29.211,-0.075,-0.1,-0.149,0.001,-0.003,-0.149,0.001,-0.003,1.016,0.131,0.08,0.003,0.008,-0.007,-0.0,0.0,0.0,836.465,-0.0,0.0,-0.0,0.0,0.0,0.0,0.0,0.0,-0.6888,0.6896,-0.2235,0.7193,0.6885,-0.0924,0.0902,-0.2244,-0.9703,0.676,0.226,-0.7014,-0.7316,0.0917,-0.6755,-0.0884,0.9698,0.2273,-0.0001,0.0001,0.0,0.0,0.0,0.0,-0.0351,-0.0102,-0.1444,24.3974,19.3161,27.914,0.0,0.0433,-0.363,0.0,0.0,0.0,4025158.7541,4099870.6958,-3516422.436,3397.5574,2248.2206,6523.3356,4025134.3567,4099851.3797,-3516450.35,3397.5925,2248.2308,6523.48,0.0,0.0765,3.9732,0.0,0.0,1.0,0.0,1.0,0.0,0.0,1.172,-23.972,0.0,1.0,0.0,0.0,0.0,-1.0,0.19055970193091717,0.0031622776601683794,-0.16591999999999998,1.0525994023120904,5.8512345278297015,,
394.661,33.153,-0.157,-0.108,29.18,-0.075,-0.101,-0.149,0.001,-0.003,-0.149,0.001,-0.003,1.016,0.132,0.079,0.003,0.008,-0.007,-0.0,0.0,0.0,836.465,-0.0,0.0,-0.0,0.0,0.0,0.0,0.0,0.0,-0.6888,0.6896,-0.2235,0.7193,0.6885,-0.0924,0.0902,-0.2244,-0.9703,0.676,0.226,-0.7014,-0.7316,0.0917,-0.6755,-0.0884,0.9698,0.2273,-0.0001,0.0001,0.0,0.0,0.0,0.0,-0.0351,-0.0102,-0.1444,24.3901,19.314,27.884,0.0,0.0433,-0.363,0.0,0.0,0.0,4025863.6873,4100337.1222,-3515068.6382,3396.4681,2247.111,6524.2871,4025839.2972,4100317.8082,-3515096.5222,3396.5032,2247.1212,6524.4314,0.0,0.0765,3.9732,0.0,0.0,1.0,0.0,1.0,0.0,0.0,1.172,-23.972,0.0,1.0,0.0,0.0,0.0,-1.0,0.19055970193091717,0.0031622776601683794,-0.165765,1.0535322866247783,5.845768391427739,,
394.8621,33.124,-0.156,-0.109,29.151,-0.075,-0.101,-0.149,0.001,-0.003,-0.149,0.001,-0.003,1.017,0.134,0.077,0.003,0.008,-0.007,-0.0,0.0,0.0,836.465,-0.0,0.0,-0.0,0.0,0.0,0.0,0.0,0.0,-0.6888,0.6896,-0.2235,0.7193,0.6885,-0.0925,0.0901,-0.2245,-0.9703,0.676,0.226,-0.7014,-0.7316,0.0917,-0.6755,-0.0884,0.9698,0.2273,-0.0001,0.0001,0.0,0.0,0.0,0.0,-0.0351,-0.0102,-0.1444,24.383,19.3119,27.855,0.0,0.0433,-0.363,0.0,0.0,0.0,4026544.956,4100787.8133,-3513759.692,3395.4148,2246.0383,6525.2065,4026520.573,4100768.5014,-3513787.547,3395.4499,2246.0485,6525.3509,0.0,0.0765,3.9732,0.0,0.0,1.0,0.0,1.0,0.0,0.0,1.172,-23.972,0.0,1.0,0.0,0.0,0.0,-1.0,0.19030764566879596,0.0031622776601683794,-0.16562000000000002,1.0380886203486388,5.840654908987195,,
395.0626,33.094,-0.156,-0.11,29.121,-0.074,-0.102,-0.149,0.001,-0.003,-0.149,0.001,-0.003,1.017,0.136,0.076,0.003,0.008,-0.007,-0.0,0.0,0.0,836.465,-0.0,0.0,-0.0,0.0,0.0,0.0,0.0,0.0,-0.6889,0.6896,-0.2235,0.7193,0.6885,-0.0925,0.0901,-0.2245,-0.9703,0.676,0.226,-0.7014,-0.7316,0.0917,-0.6755,-0.0884,0.9698,0.2273,-0.0001,0.0001,0.0,0.0,0.0,0.0,-0.0351,-0.0102,-0.1444,24.376,19.3099,27.826,0.0,0.0433,-0.363,0.0,0.0,0.0,4027228.0986,4101239.6684,-3512446.5525,3394.3581,2244.9621,6526.1283,4027203.7226,4101220.3585,-3512474.3785,3394.3931,2244.9723,6526.2727,0.0,0.0765,3.9732,0.0,0.0,1.0,0.0,1.0,0.0,0.0,1.172,-23.972,0.0,1.0,0.0,0.0,0.0,-1.0,0.1908821626030049,0.0031622776601683794,-0.16547,1.0542270576117887,5.83536509956594,,
395.2693,33.063,-0.156,-0.111,29.09,-0.074,-0.102,-0.149,0.001,-0.003,-0.149,0.001,-0.003,1.018,0.137,0.075,0.003,0.008,-0.007,-0.0,0.0,0.0,836.465,-0.0,0.0,-0.0,0.0,0.0,0.0,0.0,0.0,-0.6889,0.6896,-0.2235,0.7193,0.6885,-0.0925,0.0901,-0.2245,-0.9703,0.676,0.226,-0.7014,-0.7316,0.0917,-0.6755,-0.0884,0.9698,0.2273,-0.0001,0.0001,0.0,0.0,0.0,0.0,-0.0351,-0.0102,-0.1444,24.3687,19.3077,27.7962,0.0,0.0433,-0.363,0.0,0.0,0.0,4027928.2593,4101702.701,-3511100.084,3393.2745,2243.8587,6527.0731,4027903.8906,4101683.3933,-3511127.8802,3393.3096,2243.8689,6527.2175,0.0,0.0765,3.9732,0.0,0.0,1.0,0.0,1.0,0.0,0.0,1.172,-23.972,0.0,1.0,0.0,0.0,0.0,-1.0,0.19146017862730622,0.0031622776601683794,-0.16531500000000002,1.0533345277059387,5.829898963163978,,
395.4703,33.033,-0.156,-0.111,29.06,-0.074,-0.103,-0.149,0.001,-0.003,-0.149,0.001,-0.003,1.019,0.139,0.073,0.003,0.008,-0.007,-0.0,0.0,0.0,836.465,-0.0,0.0,-0.0,0.0,0.0,0.0,0.0,0.0,-0.6889,0.6896,-0.2235,0.7193,0.6885,-0.0926,0.0901,-0.2245,-0.9703,0.676,0.226,-0.7014,-0.7316,0.0917,-0.6755,-0.0884,0.9698,0.2273,-0.0001,0.0001,0.0,0.0,0.0,0.0,-0.0351,-0.0102,-0.1444,24.3617,19.3057,27.7672,0.0,0.0433,-0.363,0.0,0.0,0.0,4028608.9936,4102152.8097,-3509790.3767,3392.2205,2242.7854,6527.9916,4028584.6319,4102133.504,-3509818.144,3392.2556,2242.7956,6528.1361,0.0,0.0765,3.9732,0.0,0.0,1.0,0.0,1.0,0.0,0.0,1.172,-23.972,0.0,1.0,0.0,0.0,0.0,-1.0,0.19146017862730622,0.0031622776601683794,-0.165165,1.054112895163059,5.824609153742724,,
395.6716,33.003,-0.155,-0.112,29.03,-0.074,-0.104,-0.149,0.001,-0.003,-0.149,0.001,-0.003,1.019,0.14,0.072,0.003,0.008,-0.007,-0.0,0.0,0.0,836.465,-0.0,0.0,-0.0,0.0,0.0,0.0,0.0,0.0,-0.6889,0.6895,-0.2235,0.7193,0.6885,-0.0926,0.09,-0.2246,-0.9703,0.676,0.226,-0.7014,-0.7316,0.0917,-0.6755,-0.0884,0.9698,0.2273,-0.0001,0.0001,0.0,0.0,0.0,0.0,-0.0351,-0.0102,-0.1444,24.3547,19.3036,27.7382,0.0,0.0433,-0.363,0.0,0.0,0.0,4029289.5412,4102602.7198,-3508480.4342,3391.1663,2241.712,6528.9099,4029265.1865,4102583.4161,-3508508.1725,3391.2014,2241.7222,6529.0543,0.0,0.0765,3.9732,0.0,0.0,1.0,0.0,1.0,0.0,0.0,1.172,-23.972,0.0,1.0,0.0,0.0,0.0,-1.0,0.19123022773609827,0.0031622776601683794,-0.165015,1.0397307549796393,5.819319344321469,,
395.8801,32.972,-0.155,-0.113,28.999,-0.074,-0.104,-0.149,0.001,-0.003,-0.149,0.001,-0.003,1.02,0.142,0.07,0.003,0.008,-0.007,-0.0,0.0,0.0,836.465,-0.0,0.0,-0.0,0.0,0.0,0.0,0.0,0.0,-0.6889,0.6895,-0.2235,0.7192,0.6886,-0.0927,0.09,-0.2246,-0.9703,0.676,0.226,-0.7014,-0.7316,0.0917,-0.6755,-0.0884,0.9698,0.2273,-0.0001,0.0001,0.0,0.0,0.0,0.0,-0.0351,-0.0102,-0.1445,24.3474,19.3015,27.7081,0.0,0.0433,-0.363,0.0,0.0,0.0,4029997.2714,4103070.5196,-3507117.5468,3390.0694,2240.5952,6529.8647,4029972.924,4103051.2181,-3507145.2549,3390.1045,2240.6054,6530.0091,0.0,0.0765,3.9732,0.0,0.0,1.0,0.0,1.0,0.0,0.0,1.172,-23.972,0.0,1.0,0.0,0.0,0.0,-1.0,0.19181762171396036,0.0031622776601683794,-0.16486,1.0387718303052,5.813853207919507,,
396.0821,32.942,-0.155,-0.113,28.969,-0.073,-0.105,-0.149,0.001,-0.003,-0.149,0.001,-0.003,1.02,0.144,0.069,0.003,0.008,-0.007,-0.0,0.0,0.0,836.465,-0.0,0.0,-0.0,0.0,0.0,0.0,0.0,0.0,-0.6889,0.6895,-0.2235,0.7192,0.6886,-0.0927,0.09,-0.2246,-0.9703,0.676,0.226,-0.7014,-0.7316,0.0917,-0.6755,-0.0884,0.9698,0.2273,-0.0001,0.0001,0.0,0.0,0.0,0.0,-0.0351,-0.0102,-0.1445,24.3403,19.2994,27.6789,0.0,0.0433,-0.363,0.0,0.0,0.0,4030682.7375,4103523.5255,-3505796.92,3389.0065,2239.513,6530.7894,4030658.3972,4103504.2261,-3505824.5989,3389.0416,2239.5232,6530.9339,0.0,0.0765,3.9732,0.0,0.0,1.0,0.0,1.0,0.0,0.0,1.172,-23.972,0.0,1.0,0.0,0.0,0.0,-1.0,0.19181762171396036,0.0031622776601683794,-0.16471,1.0557712724910726,5.808563398498253,,
396.2835,32.912,-0.155,-0.114,28.939,-0.073,-0.105,-0.149,0.001,-0.003,-0.149,0.001,-0.003,1.021,0.145,0.068,0.003,0.008,-0.007,-0.0,0.0,0.0,836.465,-0.0,0.0,-0.0,0.0,0.0,0.0,0.0,0.0,-0.6889,0.6895,-0.2235,0.7192,0.6886,-0.0927,0.09,-0.2246,-0.9703,0.676,0.226,-0.7014,-0.7316,0.0917,-0.6755,-0.0884,0.9698,0.2273,-0.0001,0.0001,0.0,0.0,0.0,0.0,-0.0351,-0.0102,-0.1445,24.3332,19.2973,27.6499,0.0,0.0433,-0.363,0.0,0.0,0.0,4031362.5565,4103972.7234,-3504486.5799,3387.9519,2238.4394,6531.7065,4031338.2233,4103953.4261,-3504514.2298,3387.987,2238.4496,6531.8509,0.0,0.0765,3.9732,0.0,0.0,1.0,0.0,1.0,0.0,0.0,1.172,-23.972,0.0,1.0,0.0,0.0,0.0,-1.0,0.19240841977418763,0.0031622776601683794,-0.16455999999999998,1.0548015445507455,5.8032735890769995,,
396.4868,32.882,-0.154,-0.115,28.908,-0.073,-0.106,-0.149,0.001,-0.003,-0.149,0.001,-0.003,1.021,0.147,0.066,0.003,0.008,-0.007,-0.0,0.0,0.0,836.465,-0.0,0.0,-0.0,0.0,0.0,0.0,0.0,0.0,-0.6889,0.6895,-0.2235,0.7192,0.6886,-0.0928,0.0899,-0.2247,-0.9703,0.676,0.226,-0.7014,-0.7316,0.0917,-0.6755,-0.0884,0.9698,0.2273,-0.0001,0.0001,0.0,0.0,0.0,0.0,-0.0351,-0.0102,-0.1445,24.326,19.2952,27.6204,0.0,0.0433,-0.363,0.0,0.0,0.0,4032055.4777,4104430.5008,-3503150.3772,3386.8764,2237.3446,6532.6411,4032031.1517,4104411.2055,-3503177.9976,3386.9115,2237.3548,6532.7856,0.0,0.0765,3.9732,0.0,0.0,1.0,0.0,1.0,0.0,0.0,1.172,-23.972,0.0,1.0,0.0,0.0,0.0,-1.0,0.19220041623263984,0.0031622776601683794,-0.16441,1.0400982438320616,5.797983779655745,,
396.6896,32.851,-0.154,-0.115,28.878,-0.073,-0.106,-0.149,0.001,-0.003,-0.149,0.001,-0.003,1.022,0.148,0.065,0.003,0.008,-0.007,-0.0,0.0,0.0,836.465,-0.0,0.0,-0.0,0.0,0.0,0.0,0.0,0.0,-0.689,0.6895,-0.2235,0.7192,0.6886,-0.0928,0.0899,-0.2247,-0.9703,0.676,0.226,-0.7014,-0.7316,0.0917,-0.6755,-0.0884,0.9698,0.2273,-0.0001,0.0001,0.0,0.0,0.0,0.0,-0.0351,-0.0102,-0.1445,24.3189,19.2932,27.5911,0.0,0.0433,-0.363,0.0,0.0,0.0,4032740.2303,4104882.8043,-3501829.3216,3385.8131,2236.2622,6533.5647,4032715.9113,4104863.5112,-3501856.9128,3385.8482,2236.2724,6533.7092,0.0,0.0765,3.9732,0.0,0.0,1.0,0.0,1.0,0.0,0.0,1.172,-23.972,0.0,1.0,0.0,0.0,0.0,-1.0,0.19220041623263984,0.0031622776601683794,-0.16425499999999998,1.0402798588156825,5.792517643253783,,
396.8931,32.821,-0.154,-0.116,28.848,-0.073,-0.107,-0.149,0.001,-0.003,-0.149,0.001,-0.003,1.023,0.15,0.063,0.003,0.008,-0.007,-0.0,0.0,0.0,836.465,-0.0,0.0,-0.0,0.0,0.0,0.0,0.0,0.0,-0.689,0.6895,-0.2235,0.7192,0.6886,-0.0928,0.0899,-0.2247,-0.9703,0.676,0.226,-0.7014,-0.7316,0.0917,-0.6755,-0.0884,0.9698,0.2273,-0.0001,0.0001,0.0,0.0,0.0,0.0,-0.0351,-0.0102,-0.1445,24.3118,19.2911,27.5616,0.0,0.0433,-0.363,0.0,0.0,0.0,4033433.1825,4105340.4461,-3500491.8315,3384.7365,2235.1664,6534.4993,4033408.8708,4105321.155,-3500519.393,3384.7716,2235.1766,6534.6438,0.0,0.0765,3.9732,0.0,0.0,1.0,0.0,1.0,0.0,0.0,1.172,-23.972,0.0,1.0,0.0,0.0,0.0,-1.0,0.19280041493731284,0.0031622776601683794,-0.164105,1.0402703231559622,5.787227833832529,,
397.097,32.791,-0.153,-0.117,28.818,-0.073,-0.108,-0.149,0.001,-0.003,-0.149,0.001,-0.003,1.023,0.152,0.062,0.003,0.008,-0.007,-0.0,0.0,0.0,836.465,-0.0,0.0,-0.0,0.0,0.0,0.0,0.0,0.0,-0.689,0.6895,-0.2235,0.7192,0.6886,-0.0929,0.0899,-0.2247,-0.9703,0.676,0.226,-0.7014,-0.7316,0.0917,-0.6755,-0.0884,0.9698,0.2273,-0.0001,0.0001,0.0,0.0,0.0,0.0,-0.0351,-0.0102,-0.1445,24.3046,19.289,27.5322,0.0,0.0433,-0.363,0.0,0.0,0.0,4034119.8646,4105793.869,-3499165.8361,3383.6691,2234.08,6535.4254,4034095.56,4105774.58,-3499193.3683,3383.7042,2234.0902,6535.5699,0.0,0.0765,3.9732,0.0,0.0,1.0,0.0,1.0,0.0,0.0,1.172,-23.972,0.0,1.0,0.0,0.0,0.0,-1.0,0.19260841103129428,0.0031622776601683794,-0.163955,1.0258749670314198,5.781938024411274,,
397.2994,32.76,-0.153,-0.117,28.787,-0.073,-0.108,-0.149,0.001,-0.003,-0.149,0.001,-0.003,1.024,0.153,0.06,0.003,0.008,-0.007,-0.0,0.0,0.0,836.465,-0.0,0.0,-0.0,0.0,0.0,0.0,0.0,0.0,-0.689,0.6894,-0.2235,0.7192,0.6886,-0.0929,0.0898,-0.2247,-0.9703,0.676,0.226,-0.7014,-0.7316,0.0917,-0.6755,-0.0884,0.9698,0.2273,-0.0001,0.0001,0.0,0.0,0.0,0.0,-0.0351,-0.0102,-0.1445,24.2975,19.2869,27.5029,0.0,0.0433,-0.363,0.0,0.0,0.0,4034806.2607,4106247.0255,-3497839.7888,3382.6017,2232.9936,6536.351,4034781.9632,4106227.7386,-3497867.2917,3382.6368,2233.0038,6536.4956,0.0,0.0765,3.9732,0.0,0.0,1.0,0.0,1.0,0.0,0.0,1.172,-23.972,0.0,1.0,0.0,0.0,0.0,-1.0,0.19260841103129428,0.0031622776601683794,-0.1638,1.0257618313117227,5.776471888009312,,
397.5021,32.73,-0.153,-0.118,28.757,-0.072,-0.109,-0.149,0.001,-0.003,-0.149,0.001,-0.003,1.024,0.155,0.059,0.003,0.008,-0.007,-0.0,0.0,0.0,836.465,-0.0,0.0,-0.0,0.0,0.0,0.0,0.0,0.0,-0.689,0.6894,-0.2235,0.7192,0.6886,-0.0929,0.0898,-0.2248,-0.9703,0.676,0.226,-0.7014,-0.7316,0.0917,-0.6755,-0.0884,0.9698,0.2273,-0.0001,0.0001,0.0,0.0,0.0,0.0,-0.0351,-0.0102,-0.1446,24.2904,19.2848,27.4737,0.0,0.0433,-0.363,0.0,0.0,0.0,4035489.3894,4106697.9479,-3496519.4514,3381.5388,2231.912,6537.2722,4035465.099,4106678.6631,-3496546.9251,3381.5739,2231.9222,6537.4167,0.0,0.0765,3.9732,0.0,0.0,1.0,0.0,1.0,0.0,0.0,1.172,-23.972,0.0,1.0,0.0,0.0,0.0,-1.0,0.19321749403198457,0.0031622776601683794,-0.16365,1.041923628266406,5.771182078588058,,
397.7072,32.7,-0.153,-0.119,28.727,-0.072,-0.109,-0.149,0.001,-0.003,-0.149,0.001,-0.003,1.025,0.156,0.058,0.003,0.008,-0.007,-0.0,0.0,0.0,836.465,-0.0,0.0,-0.0,0.0,0.0,0.0,0.0,0.0,-0.689,0.6894,-0.2235,0.7192,0.6886,-0.093,0.0898,-0.2248,-0.9703,0.676,0.226,-0.7014,-0.7316,0.0917,-0.6755,-0.0884,0.9698,0.2273,-0.0001,0.0001,0.0,0.0,0.0,0.0,-0.0351,-0.0102,-0.1446,24.2832,19.2827,27.444,0.0,0.0433,-0.363,0.0,0.0,0.0,4036184.0676,4107156.4156,-3495176.1723,3380.4574,2230.8116,6538.2089,4036159.7844,4107137.1328,-3495203.6164,3380.4926,2230.8218,6538.3534,0.0,0.0765,3.9732,0.0,0.0,1.0,0.0,1.0,0.0,0.0,1.172,-23.972,0.0,1.0,0.0,0.0,0.0,-1.0,0.19382982226685344,0.0031622776601683794,-0.1635,1.0410263427314883,5.765892269166805,,
397.9102,32.669,-0.152,-0.12,28.696,-0.072,-0.11,-0.149,0.001,-0.003,-0.149,0.001,-0.003,1.025,0.158,0.056,0.003,0.008,-0.007,-0.0,0.0,0.0,836.465,-0.0,0.0,-0.0,0.0,0.0,0.0,0.0,0.0,-0.689,0.6894,-0.2235,0.7191,0.6886,-0.093,0.0898,-0.2248,-0.9703,0.676,0.226,-0.7014,-0.7316,0.0917,-0.6755,-0.0884,0.9698,0.2273,-0.0001,0.0001,0.0,0.0,0.0,0.0,-0.0351,-0.0102,-0.1446,24.276,19.2806,27.4146,0.0,0.0433,-0.363,0.0,0.0,0.0,4036871.8211,4107610.2347,-3493845.6708,3379.3863,2229.7217,6539.1361,4036847.545,4107590.954,-3493873.0854,3379.4214,2229.7318,6539.2807,0.0,0.0765,3.9732,0.0,0.0,1.0,0.0,1.0,0.0,0.0,1.172,-23.972,0.0,1.0,0.0,0.0,0.0,-1.0,0.19365949499056326,0.0031622776601683794,-0.163345,1.0266016610213673,5.760426132764842,,
398.1155,32.639,-0.152,-0.12,28.666,-0.072,-0.111,-0.149,0.001,-0.003,-0.149,0.001,-0.003,1.026,0.16,0.055,0.003,0.008,-0.007,-0.0,0.0,0.0,836.465,-0.0,0.0,-0.0,0.0,0.0,0.0,0.0,0.0,-0.689,0.6894,-0.2235,0.7191,0.6886,-0.0931,0.0897,-0.2248,-0.9703,0.676,0.226,-0.7014,-0.7316,0.0917,-0.6755,-0.0884,0.9698,0.2273,-0.0001,0.0001,0.0,0.0,0.0,0.0,-0.0351,-0.0102,-0.1446,24.2689,19.2785,27.3851,0.0,0.0433,-0.363,0.0,0.0,0.0,4037561.0486,4108064.9481,-3492511.7058,3378.3124,2228.6289,6540.0654,4037536.7797,4108045.6695,-3492539.0909,3378.3475,2228.6391,6540.21,0.0,0.0765,3.9732,0.0,0.0,1.0,0.0,1.0,0.0,0.0,1.172,-23.972,0.0,1.0,0.0,0.0,0.0,-1.0,0.19365949499056326,0.0031622776601683794,-0.163195,1.0274386570536833,5.755136323343589,,
398.3213,32.608,-0.152,-0.121,28.635,-0.072,-0.111,-0.149,0.001,-0.003,-0.149,0.001,-0.003,1.027,0.161,0.053,0.003,0.008,-0.007,-0.0,0.0,0.0,836.465,-0.0,0.0,-0.0,0.0,0.0,0.0,0.0,0.0,-0.6891,0.6894,-0.2235,0.7191,0.6886,-0.0931,0.0897,-0.2249,-0.9703,0.676,0.226,-0.7014,-0.7316,0.0917,-0.6755,-0.0884,0.9698,0.2273,-0.0001,0.0001,0.0,0.0,0.0,0.0,-0.0351,-0.0102,-0.1446,24.2617,19.2764,27.3554,0.0,0.0433,-0.363,0.0,0.0,0.0,4038256.4109,4108523.6294,-3491165.2453,3377.2284,2227.526,6541.0028,4038232.1492,4108504.353,-3491192.6007,3377.2635,2227.5362,6541.1474,0.0,0.0765,3.9732,0.0,0.0,1.0,0.0,1.0,0.0,0.0,1.172,-23.972,0.0,1.0,0.0,0.0,0.0,-1.0,0.19428072472584612,0.0031622776601683794,-0.16304,1.026469253229458,5.749670186941626,,
398.5288,32.577,-0.152,-0.122,28.604,-0.071,-0.112,-0.149,0.001,-0.003,-0.149,0.001,-0.003,1.027,0.163,0.052,0.003,0.008,-0.007,-0.0,0.0,0.0,836.465,-0.0,0.0,-0.0,0.0,0.0,0.0,0.0,0.0,-0.6891,0.6894,-0.2235,0.7191,0.6886,-0.0931,0.0897,-0.2249,-0.9702,0.676,0.226,-0.7014,-0.7316,0.0917,-0.6755,-0.0884,0.9698,0.2273,-0.0001,0.0001,0.0,0.0,0.0,0.0,-0.0351,-0.0102,-0.1446,24.2542,19.2743,27.3248,0.0,0.0433,-0.363,0.0,0.0,0.0,4038970.7093,4108994.7182,-3489781.4688,3376.1143,2226.3926,6541.9657,4038946.455,4108975.4439,-3489808.7936,3376.1494,2226.4027,6542.1103,0.0,0.0765,3.9732,0.0,0.0,1.0,0.0,1.0,0.0,0.0,1.172,-23.972,0.0,1.0,0.0,0.0,0.0,-1.0,0.19490510511528425,0.0031622776601683794,-0.162885,1.042628937099623,5.744204050539663,,
398.7294,32.547,-0.151,-0.122,28.574,-0.071,-0.112,-0.149,0.001,-0.003,-0.149,0.001,-0.003,1.028,0.164,0.051,0.003,0.008,-0.007,-0.0,0.0,0.0,836.465,-0.0,0.0,-0.0,0.0,0.0,0.0,0.0,0.0,-0.6891,0.6894,-0.2235,0.7191,0.6886,-0.0932,0.0897,-0.2249,-0.9702,0.676,0.226,-0.7014,-0.7316,0.0917,-0.6755,-0.0884,0.9698,0.2273,-0.0001,0.0001,0.0,0.0,0.0,0.0,-0.0351,-0.0102,-0.1446,24.2472,19.2722,27.2958,0.0,0.0433,-0.363,0.0,0.0,0.0,4039648.1436,4109441.417,-3488468.4938,3375.0571,2225.3171,6542.8788,4039623.8964,4109422.1448,-3488495.7896,3375.0922,2225.3273,6543.0234,0.0,0.0765,3.9732,0.0,0.0,1.0,0.0,1.0,0.0,0.0,1.172,-23.972,0.0,1.0,0.0,0.0,0.0,-1.0,0.1941262475813098,0.0031622776601683794,-0.162735,1.0281262373460291,5.738914241118409,,
398.9309,32.517,-0.151,-0.123,28.544,-0.071,-0.113,-0.149,0.001,-0.003,-0.149,0.001,-0.003,1.028,0.166,0.049,0.003,0.008,-0.007,-0.0,0.0,0.0,836.465,-0.0,0.0,-0.0,0.0,0.0,0.0,0.0,0.0,-0.6891,0.6893,-0.2235,0.7191,0.6886,-0.0932,0.0896,-0.2249,-0.9702,0.676,0.226,-0.7014,-0.7316,0.0917,-0.6755,-0.0884,0.9698,0.2273,-0.0001,0.0001,0.0,0.0,0.0,0.0,-0.0351,-0.0102,-0.1446,24.2401,19.2701,27.2666,0.0,0.0433,-0.363,0.0,0.0,0.0,4040328.4968,4109889.964,-3487149.2635,3373.9949,2224.2366,6543.7958,4040304.2567,4109870.6939,-3487176.5301,3374.0301,2224.2468,6543.9405,0.0,0.0765,3.9732,0.0,0.0,1.0,0.0,1.0,0.0,0.0,1.172,-23.972,0.0,1.0,0.0,0.0,0.0,-1.0,0.1947562579225633,0.0031622776601683794,-0.162585,1.0281171416630888,5.733624431697156,,
399.1331,32.487,-0.151,-0.124,28.513,-0.071,-0.114,-0.149,0.001,-0.003,-0.149,0.001,-0.003,1.029,0.168,0.048,0.003,0.008,-0.007,-0.0,0.0,0.0,836.465,-0.0,0.0,-0.0,0.0,0.0,0.0,0.0,0.0,-0.6891,0.6893,-0.2235,0.7191,0.6886,-0.0932,0.0896,-0.225,-0.9702,0.676,0.226,-0.7014,-0.7316,0.0917,-0.6755,-0.0884,0.9698,0.2273,-0.0001,0.0001,0.0,0.0,0.0,0.0,-0.0351,-0.0102,-0.1447,24.233,19.2681,27.2373,0.0,0.0433,-0.363,0.0,0.0,0.0,4041011.3289,4110340.0682,-3485824.6233,3372.9284,2223.1517,6544.7161,4040987.0959,4110320.8001,-3485851.8606,3372.9635,2223.1619,6544.8608,0.0,0.0765,3.9732,0.0,0.0,1.0,0.0,1.0,0.0,0.0,1.172,-23.972,0.0,1.0,0.0,0.0,0.0,-1.0,0.19538935487891862,0.0031622776601683794,-0.162435,1.0278206799212413,5.728334622275902,,
399.3347,32.456,-0.15,-0.125,28.483,-0.071,-0.114,-0.149,0.001,-0.003,-0.149,0.001,-0.003,1.029,0.169,0.046,0.003,0.008,-0.007,-0.0,0.0,0.0,836.465,-0.0,0.0,-0.0,0.0,0.0,0.0,0.0,0.0,-0.6891,0.6893,-0.2235,0.7191,0.6886,-0.0933,0.0896,-0.225,-0.9702,0.676,0.226,-0.7014,-0.7316,0.0917,-0.6755,-0.0884,0.9698,0.2273,-0.0001,0.0001,0.0,0.0,0.0,0.0,-0.0351,-0.0102,-0.1447,24.2259,19.266,27.208,0.0,0.0433,-0.363,0.0,0.0,0.0,4041694.2552,4110790.1567,-3484499.1981,3371.8611,2222.0662,6545.6365,4041670.0293,4110770.8907,-3484526.4061,3371.8962,2222.0764,6545.7812,0.0,0.0765,3.9732,0.0,0.0,1.0,0.0,1.0,0.0,0.0,1.172,-23.972,0.0,1.0,0.0,0.0,0.0,-1.0,0.19525624189766635,0.0031622776601683794,-0.16228,1.0128550937897451,5.722868485873939,,
399.5402,32.426,-0.15,-0.125,28.453,-0.071,-0.115,-0.149,0.001,-0.003,-0.149,0.001,-0.003,1.03,0.171,0.045,0.003,0.008,-0.007,-0.0,0.0,0.0,836.465,-0.0,0.0,-0.0,0.0,0.0,0.0,0.0,0.0,-0.6891,0.6893,-0.2235,0.7191,0.6886,-0.0933,0.0896,-0.225,-0.9702,0.676,0.226,-0.7014,-0.7316,0.0917,-0.6755,-0.0884,0.9698,0.2273,-0.0001,0.0001,0.0,0.0,0.0,0.0,-0.0351,-0.0102,-0.1447,24.2187,19.2639,27.1785,0.0,0.0433,-0.363,0.0,0.0,0.0,4042382.4827,4111243.6614,-3483162.8657,3370.785,2220.9717,6546.564,4042358.264,4111224.3975,-3483190.0442,3370.8202,2220.9819,6546.7086,0.0,0.0765,3.9732,0.0,0.0,1.0,0.0,1.0,0.0,0.0,1.172,-23.972,0.0,1.0,0.0,0.0,0.0,-1.0,0.19525624189766635,0.0031622776601683794,-0.16213,1.0136104039748917,5.7175786764526855,,
399.7411,32.396,-0.15,-0.126,28.423,-0.07,-0.115,-0.149,0.001,-0.003,-0.149,0.001,-0.003,1.031,0.172,0.044,0.003,0.008,-0.007,-0.0,0.0,0.0,836.465,-0.0,0.0,-0.0,0.0,0.0,0.0,0.0,0.0,-0.6892,0.6893,-0.2235,0.7191,0.6886,-0.0934,0.0895,-0.225,-0.9702,0.676,0.226,-0.7014,-0.7316,0.0917,-0.6755,-0.0884,0.9698,0.2273,-0.0001,0.0001,0.0,0.0,0.0,0.0,-0.0351,-0.0102,-0.1447,24.2116,19.2618,27.1494,0.0,0.0433,-0.363,0.0,0.0,0.0,4043060.3363,4111690.253,-3481846.0761,3369.7247,2219.8934,6547.4774,4043036.1247,4111670.9911,-3481873.2255,3369.7598,2219.9035,6547.6221,0.0,0.0765,3.9732,0.0,0.0,1.0,0.0,1.0,0.0,0.0,1.172,-23.972,0.0,1.0,0.0,0.0,0.0,-1.0,0.1958979326077741,0.0031622776601683794,-0.16198,1.0289107648059175,5.712288867031432,,
399.9415,32.366,-0.15,-0.127,28.393,-0.07,-0.116,-0.149,0.001,-0.003,-0.149,0.001,-0.003,1.031,0.174,0.042,0.003,0.008,-0.007,-0.0,0.0,0.0,836.465,-0.0,0.0,-0.0,0.0,0.0,0.0,0.0,0.0,-0.6892,0.6893,-0.2235,0.7191,0.6887,-0.0934,0.0895,-0.2251,-0.9702,0.676,0.226,-0.7014,-0.7316,0.0917,-0.6755,-0.0884,0.9698,0.2273,-0.0001,0.0001,0.0,0.0,0.0,0.0,-0.0351,-0.0102,-0.1447,24.2047,19.2598,27.1204,0.0,0.0433,-0.363,0.0,0.0,0.0,4043735.2432,4112134.8271,-3480534.4179,3368.6684,2218.8192,6548.3868,4043711.0386,4112115.5673,-3480561.5384,3368.7036,2218.8294,6548.5315,0.0,0.0765,3.9732,0.0,0.0,1.0,0.0,1.0,0.0,0.0,1.172,-23.972,0.0,1.0,0.0,0.0,0.0,-1.0,0.19654261624390776,0.0031622776601683794,-0.16183,1.0288873110097412,5.706999057610178,,
400.1425,32.336,-0.149,-0.127,28.363,-0.07,-0.117,-0.149,0.001,-0.003,-0.149,0.001,-0.003,1.032,0.176,0.041,0.003,0.008,-0.007,-0.0,0.0,0.0,836.465,-0.0,0.0,-0.0,0.0,0.0,0.0,0.0,0.0,-0.6892,0.6893,-0.2235,0.719,0.6887,-0.0934,0.0895,-0.2251,-0.9702,0.676,0.226,-0.7014,-0.7316,0.0917,-0.6755,-0.0884,0.9698,0.2273,-0.0001,0.0001,0.0,0.0,0.0,0.0,-0.0351,-0.0102,-0.1447,24.1975,19.2577,27.0913,0.0,0.0433,-0.363,0.0,0.0,0.0,4044413.4728,4112581.5138,-3479215.7023,3367.6065,2217.7393,6549.3006,4044389.2753,4112562.256,-3479242.7936,3367.6416,2217.7495,6549.4453,0.0,0.0765,3.9732,0.0,0.0,1.0,0.0,1.0,0.0,0.0,1.172,-23.972,0.0,1.0,0.0,0.0,0.0,-1.0,0.19578048932414077,0.0031622776601683794,-0.16168,1.015312095330792,5.701709248188923,,
400.3454,32.306,-0.149,-0.128,28.333,-0.07,-0.117,-0.149,0.001,-0.003,-0.149,0.001,-0.003,1.032,0.177,0.039,0.003,0.008,-0.007,-0.0,0.0,0.0,836.465,-0.0,0.0,-0.0,0.0,0.0,0.0,0.0,0.0,-0.6892,0.6893,-0.2235,0.719,0.6887,-0.0935,0.0895,-0.2251,-0.9702,0.676,0.226,-0.7014,-0.7316,0.0917,-0.6755,-0.0884,0.9698,0.2273,-0.0001,0.0001,0.0,0.0,0.0,0.0,-0.0351,-0.0102,-0.1447,24.1905,19.2556,27.0621,0.0,0.0433,-0.363,0.0,0.0,0.0,4045092.4343,4113028.6054,-3477894.9648,3366.5428,2216.6578,6550.2153,4045068.2438,4113009.3498,-3477922.0269,3366.578,2216.668,6550.36,0.0,0.0765,3.9732,0.0,0.0,1.0,0.0,1.0,0.0,0.0,1.172,-23.972,0.0,1.0,0.0,0.0,0.0,-1.0,0.19643064933965879,0.0031622776601683794,-0.16152999999999998,1.014362388904569,5.696419438767669,,
400.5519,32.275,-0.149,-0.129,28.302,-0.07,-0.118,-0.149,0.001,-0.003,-0.149,0.001,-0.003,1.033,0.179,0.038,0.003,0.008,-0.007,-0.0,0.0,0.0,836.465,-0.0,0.0,-0.0,0.0,0.0,0.0,0.0,0.0,-0.6892,0.6892,-0.2235,0.719,0.6887,-0.0935,0.0894,-0.2251,-0.9702,0.676,0.226,-0.7014,-0.7316,0.0917,-0.6755,-0.0884,0.9698,0.2273,-0.0001,0.0001,0.0,0.0,0.0,0.0,-0.0351,-0.0102,-0.1447,24.1832,19.2535,27.032,0.0,0.0433,-0.363,0.0,0.0,0.0,4045791.8012,4113489.0537,-3476533.9032,3365.4467,2215.5433,6551.1575,4045767.618,4113469.8002,-3476560.9352,3365.4818,2215.5535,6551.3022,0.0,0.0765,3.9732,0.0,0.0,1.0,0.0,1.0,0.0,0.0,1.172,-23.972,0.0,1.0,0.0,0.0,0.0,-1.0,0.19708373854785685,0.0031622776601683794,-0.161375,1.0143447807400545,5.690953302365707,,
400.7522,32.245,-0.149,-0.129,28.272,-0.07,-0.118,-0.149,0.001,-0.003,-0.149,0.001,-0.003,1.033,0.18,0.037,0.003,0.008,-0.007,-0.0,0.0,0.0,836.465,-0.0,0.0,-0.0,0.0,0.0,0.0,0.0,0.0,-0.6892,0.6892,-0.2235,0.719,0.6887,-0.0935,0.0894,-0.2251,-0.9702,0.676,0.226,-0.7014,-0.7316,0.0917,-0.6755,-0.0884,0.9698,0.2273,-0.0001,0.0001,0.0,0.0,0.0,0.0,-0.0351,-0.0102,-0.1447,24.1761,19.2515,27.003,0.0,0.0433,-0.363,0.0,0.0,0.0,4046466.864,4113933.4234,-3475219.5329,3364.3882,2214.467,6552.0668,4046442.6878,4113914.1719,-3475246.5359,3364.4233,2214.4772,6552.2116,0.0,0.0765,3.9732,0.0,0.0,1.0,0.0,1.0,0.0,0.0,1.172,-23.972,0.0,1.0,0.0,0.0,0.0,-1.0,0.19708373854785685,0.0031622776601683794,-0.16122499999999998,1.0142364109130841,5.685663492944452,,
400.9529,32.215,-0.148,-0.13,28.242,-0.069,-0.119,-0.149,0.001,-0.003,-0.149,0.001,-0.003,1.034,0.182,0.035,0.003,0.008,-0.007,-0.0,0.0,0.0,836.465,-0.0,0.0,-0.0,0.0,0.0,0.0,0.0,0.0,-0.6892,0.6892,-0.2235,0.719,0.6887,-0.0936,0.0894,-0.2252,-0.9702,0.676,0.226,-0.7014,-0.7316,0.0917,-0.6755,-0.0884,0.9698,0.2273,-0.0001,0.0001,0.0,0.0,0.0,0.0,-0.0351,-0.0102,-0.1448,24.1692,19.2494,26.974,0.0,0.0433,-0.363,0.0,0.0,0.0,4047139.7576,4114376.2892,-3473908.7943,3363.3325,2213.3938,6552.9732,4047115.5884,4114357.0398,-3473935.7684,3363.3676,2213.404,6553.118,0.0,0.0765,3.9732,0.0,0.0,1.0,0.0,1.0,0.0,0.0,1.172,-23.972,0.0,1.0,0.0,0.0,0.0,-1.0,0.19698730923589977,0.0031622776601683794,-0.16107500000000002,1.0160305634474822,5.6803736835232,,
401.16,32.184,-0.148,-0.131,28.211,-0.069,-0.119,-0.149,0.001,-0.003,-0.149,0.001,-0.003,1.035,0.184,0.034,0.003,0.008,-0.007,-0.0,0.0,0.0,836.465,-0.0,0.0,-0.0,0.0,0.0,0.0,0.0,0.0,-0.6892,0.6892,-0.2235,0.719,0.6887,-0.0936,0.0894,-0.2252,-0.9702,0.676,0.226,-0.7014,-0.7316,0.0917,-0.6755,-0.0884,0.9698,0.2273,-0.0001,0.0001,0.0,0.0,0.0,0.0,-0.0351,-0.0102,-0.1448,24.1619,19.2473,26.944,0.0,0.0433,-0.363,0.0,0.0,0.0,4047837.1986,4114835.2312,-3472549.6118,3362.2378,2212.2809,6553.9126,4047813.0368,4114815.9839,-3472576.5559,3362.2729,2212.2911,6554.0574,0.0,0.0765,3.9732,0.0,0.0,1.0,0.0,1.0,0.0,0.0,1.172,-23.972,0.0,1.0,0.0,0.0,0.0,-1.0,0.1976486782146544,0.0031622776601683794,-0.16091999999999998,1.0152187983623504,5.6749075471212365,,
401.3625,32.154,-0.148,-0.132,28.181,-0.069,-0.12,-0.149,0.001,-0.003,-0.149,0.001,-0.003,1.035,0.185,0.032,0.003,0.008,-0.007,-0.0,0.0,0.0,836.465,-0.0,0.0,-0.0,0.0,0.0,0.0,0.0,0.0,-0.6893,0.6892,-0.2235,0.719,0.6887,-0.0937,0.0894,-0.2252,-0.9702,0.676,0.226,-0.7014,-0.7316,0.0917,-0.6755,-0.0884,0.9698,0.2273,-0.0001,0.0001,0.0,0.0,0.0,0.0,-0.0351,-0.0102,-0.1448,24.1547,19.2452,26.9147,0.0,0.0433,-0.363,0.0,0.0,0.0,4048517.4961,4115282.8133,-3471223.2278,3361.1694,2211.195,6554.8289,4048493.3414,4115263.5681,-3471250.1425,3361.2046,2211.2051,6554.9737,0.0,0.0765,3.9732,0.0,0.0,1.0,0.0,1.0,0.0,0.0,1.172,-23.972,0.0,1.0,0.0,0.0,0.0,-1.0,0.19831288409984865,0.0031622776601683794,-0.16077000000000002,1.0151862640867872,5.6696177376999835,,
401.563,32.125,-0.148,-0.132,28.151,-0.069,-0.121,-0.149,0.001,-0.003,-0.149,0.001,-0.003,1.036,0.187,0.031,0.003,0.008,-0.007,-0.0,0.0,0.0,836.465,-0.0,0.0,-0.0,0.0,0.0,0.0,0.0,0.0,-0.6893,0.6892,-0.2235,0.719,0.6887,-0.0937,0.0893,-0.2252,-0.9702,0.676,0.226,-0.7014,-0.7316,0.0917,-0.6755,-0.0884,0.9698,0.2273,-0.0001,0.0001,0.0,0.0,0.0,0.0,-0.0351,-0.0102,-0.1448,24.1478,19.2432,26.8863,0.0,0.0433,-0.363,0.0,0.0,0.0,4049178.349,4115717.5284,-3469934.1709,3360.1312,2210.1396,6555.7189,4049154.2011,4115698.2852,-3469961.0572,3360.1663,2210.1498,6555.8637,0.0,0.0765,3.9732,0.0,0.0,1.0,0.0,1.0,0.0,0.0,1.172,-23.972,0.0,1.0,0.0,0.0,0.0,-1.0,0.19831288409984865,0.0031622776601683794,-0.160625,1.01563295333236,5.664504255259438,,
401.77,32.094,-0.147,-0.133,28.121,-0.069,-0.121,-0.149,0.001,-0.003,-0.149,0.001,-0.003,1.036,0.188,0.03,0.003,0.008,-0.007,-0.0,0.0,0.0,836.465,-0.0,0.0,-0.0,0.0,0.0,0.0,0.0,0.0,-0.6893,0.6892,-0.2235,0.719,0.6887,-0.0937,0.0893,-0.2253,-0.9702,0.676,0.226,-0.7014,-0.7316,0.0917,-0.6755,-0.0884,0.9698,0.2273,-0.0001,0.0001,0.0,0.0,0.0,0.0,-0.0351,-0.0102,-0.1448,24.1406,19.2411,26.8563,0.0,0.0433,-0.363,0.0,0.0,0.0,4049872.8464,4116174.2964,-3468578.8681,3359.0395,2209.03,6556.6541,4049848.7058,4116155.0553,-3468605.7244,3359.0746,2209.0402,6556.7989,0.0,0.0765,3.9732,0.0,0.0,1.0,0.0,1.0,0.0,0.0,1.172,-23.972,0.0,1.0,0.0,0.0,0.0,-1.0,0.19823723161908816,0.0031622776601683794,-0.16047,1.0006482727719528,5.659038118857475,,
401.9767,32.063,-0.147,-0.134,28.09,-0.068,-0.122,-0.149,0.001,-0.003,-0.149,0.001,-0.003,1.037,0.19,0.028,0.003,0.008,-0.007,-0.0,0.0,0.0,836.465,-0.0,0.0,-0.0,0.0,0.0,0.0,0.0,0.0,-0.6893,0.6892,-0.2235,0.719,0.6887,-0.0938,0.0893,-0.2253,-0.9702,0.676,0.226,-0.7014,-0.7316,0.0917,-0.6755,-0.0884,0.9698,0.2273,-0.0001,0.0001,0.0,0.0,0.0,0.0,-0.0351,-0.0102,-0.1448,24.1333,19.239,26.8263,0.0,0.0433,-0.363,0.0,0.0,0.0,4050569.8262,4116632.6151,-3467218.088,3357.9433,2207.916,6557.5927,4050545.6929,4116613.3761,-3467244.9142,3357.9785,2207.9261,6557.7375,0.0,0.0765,3.9732,0.0,0.0,1.0,0.0,1.0,0.0,0.0,1.172,-23.972,0.0,1.0,0.0,0.0,0.0,-1.0,0.19890952717253138,0.0031622776601683794,-0.160315,1.0168339760547056,5.653571982455513,,
402.1783,32.033,-0.147,-0.134,28.06,-0.068,-0.122,-0.149,0.001,-0.003,-0.149,0.001,-0.003,1.037,0.192,0.027,0.003,0.008,-0.007,-0.0,0.0,0.0,836.465,-0.0,0.0,-0.0,0.0,0.0,0.0,0.0,0.0,-0.6893,0.6891,-0.2235,0.7189,0.6887,-0.0938,0.0893,-0.2253,-0.9702,0.676,0.226,-0.7014,-0.7316,0.0917,-0.6755,-0.0884,0.9698,0.2273,-0.0001,0.0001,0.0,0.0,0.0,0.0,-0.0351,-0.0102,-0.1448,24.1263,19.2369,26.7971,0.0,0.0433,-0.363,0.0,0.0,0.0,4051244.8998,4117076.4513,-3465899.4643,3356.8811,2206.8365,6558.5016,4051220.7735,4117057.2144,-3465926.2614,3356.9163,2206.8466,6558.6465,0.0,0.0765,3.9732,0.0,0.0,1.0,0.0,1.0,0.0,0.0,1.172,-23.972,0.0,1.0,0.0,0.0,0.0,-1.0,0.19890952717253138,0.0031622776601683794,-0.160165,1.0167267156111284,5.648282173034259,,
402.3852,32.002,-0.146,-0.135,28.029,-0.068,-0.123,-0.149,0.001,-0.003,-0.149,0.001,-0.003,1.038,0.193,0.025,0.003,0.008,-0.007,-0.0,0.0,0.0,836.465,-0.0,0.0,-0.0,0.0,0.0,0.0,0.0,0.0,-0.6893,0.6891,-0.2235,0.7189,0.6887,-0.0938,0.0892,-0.2253,-0.9702,0.676,0.226,-0.7014,-0.7316,0.0917,-0.6755,-0.0884,0.9698,0.2273,-0.0001,0.0001,0.0,0.0,0.0,0.0,-0.0351,-0.0102,-0.1448,24.119,19.2348,26.7673,0.0,0.0433,-0.363,0.0,0.0,0.0,4051937.6407,4117531.8233,-3464545.7078,3355.7906,2205.7282,6559.4343,4051913.5217,4117512.5886,-3464572.4751,3355.8257,2205.7384,6559.5792,0.0,0.0765,3.9732,0.0,0.0,1.0,0.0,1.0,0.0,0.0,1.172,-23.972,0.0,1.0,0.0,0.0,0.0,-1.0,0.19884918908559823,0.0031622776601683794,-0.16001,1.0023073199710344,5.642816036632296,,
402.5858,31.972,-0.146,-0.136,27.999,-0.068,-0.124,-0.149,0.001,-0.003,-0.149,0.001,-0.003,1.039,0.195,0.024,0.003,0.008,-0.007,-0.0,0.0,0.0,836.465,-0.0,0.0,-0.0,0.0,0.0,0.0,0.0,0.0,-0.6893,0.6891,-0.2235,0.7189,0.6887,-0.0939,0.0892,-0.2254,-0.9702,0.676,0.226,-0.7014,-0.7316,0.0917,-0.6755,-0.0884,0.9698,0.2273,-0.0001,0.0001,0.0,0.0,0.0,0.0,-0.0351,-0.0102,-0.1449,24.112,19.2327,26.7382,0.0,0.0433,-0.363,0.0,0.0,0.0,4052610.1966,4117973.8493,-3463230.7934,3354.7313,2204.6519,6560.3398,4052586.0846,4117954.6166,-3463257.5316,3354.7665,2204.662,6560.4847,0.0,0.0765,3.9732,0.0,0.0,1.0,0.0,1.0,0.0,0.0,1.172,-23.972,0.0,1.0,0.0,0.0,0.0,-1.0,0.19952944644838766,0.0031622776601683794,-0.15986,1.002294456771893,5.637526227211042,,
402.788,31.942,-0.146,-0.136,27.969,-0.068,-0.124,-0.149,0.001,-0.003,-0.149,0.001,-0.003,1.039,0.196,0.023,0.003,0.008,-0.007,-0.0,0.0,0.0,836.465,-0.0,0.0,-0.0,0.0,0.0,0.0,0.0,0.0,-0.6893,0.6891,-0.2235,0.7189,0.6887,-0.0939,0.0892,-0.2254,-0.9702,0.676,0.226,-0.7014,-0.7316,0.0917,-0.6755,-0.0884,0.9698,0.2273,-0.0001,0.0001,0.0,0.0,0.0,0.0,-0.0351,-0.0102,-0.1449,24.1048,19.2306,26.7088,0.0,0.0433,-0.363,0.0,0.0,0.0,4053291.3,4118421.4154,-3461898.5578,3353.6581,2203.5613,6561.2567,4053267.1952,4118402.1847,-3461925.2666,3353.6932,2203.5715,6561.4016,0.0,0.0765,3.9732,0.0,0.0,1.0,0.0,1.0,0.0,0.0,1.172,-23.972,0.0,1.0,0.0,0.0,0.0,-1.0,0.19952944644838766,0.0031622776601683794,-0.15971,1.0021878400215642,5.632236417789788,,
402.9889,31.912,-0.146,-0.137,27.938,-0.068,-0.125,-0.149,0.001,-0.003,-0.149,0.001,-0.003,1.04,0.198,0.021,0.003,0.008,-0.007,-0.0,0.0,0.0,836.465,-0.0,0.0,-0.0,0.0,0.0,0.0,0.0,0.0,-0.6894,0.6891,-0.2234,0.7189,0.6887,-0.0939,0.0892,-0.2254,-0.9702,0.676,0.226,-0.7014,-0.7316,0.0917,-0.6755,-0.0884,0.9698,0.2273,-0.0001,0.0001,0.0,0.0,0.0,0.0,-0.0351,-0.0102,-0.1449,24.0977,19.2286,26.6796,0.0,0.0433,-0.363,0.0,0.0,0.0,4053966.3682,4118864.9383,-3460577.5237,3352.5938,2202.48,6562.1655,4053942.2704,4118845.7097,-3460604.2034,3352.6289,2202.4902,6562.3103,0.0,0.0765,3.9732,0.0,0.0,1.0,0.0,1.0,0.0,0.0,1.172,-23.972,0.0,1.0,0.0,0.0,0.0,-1.0,0.20021238722916224,0.0031622776601683794,-0.15956,1.0018957769576806,5.626946608368534,,
403.1894,31.882,-0.145,-0.138,27.908,-0.067,-0.125,-0.149,0.001,-0.003,-0.149,0.001,-0.003,1.04,0.2,0.02,0.003,0.008,-0.007,-0.0,0.0,0.0,836.465,-0.0,0.0,-0.0,0.0,0.0,0.0,0.0,0.0,-0.6894,0.6891,-0.2234,0.7189,0.6887,-0.094,0.0891,-0.2254,-0.9702,0.676,0.226,-0.7014,-0.7316,0.0917,-0.6755,-0.0884,0.9698,0.2273,-0.0001,0.0001,0.0,0.0,0.0,0.0,-0.0351,-0.0102,-0.1449,24.0907,19.2265,26.6505,0.0,0.0433,-0.363,0.0,0.0,0.0,4054640.7061,4119307.9049,-3459257.3142,3351.5302,2201.3994,6563.0732,4054616.6154,4119288.6784,-3459283.9647,3351.5653,2201.4095,6563.2181,0.0,0.0765,3.9732,0.0,0.0,1.0,0.0,1.0,0.0,0.0,1.172,-23.972,0.0,1.0,0.0,0.0,0.0,-1.0,0.20017242567346782,0.0031622776601683794,-0.15941,1.0029216343602685,5.6216567989472805,,
403.3913,31.852,-0.145,-0.138,27.878,-0.067,-0.126,-0.149,0.001,-0.003,-0.149,0.001,-0.003,1.041,0.201,0.018,0.003,0.008,-0.007,-0.0,0.0,0.0,836.465,-0.0,0.0,-0.0,0.0,0.0,0.0,0.0,0.0,-0.6894,0.6891,-0.2234,0.7189,0.6887,-0.094,0.0891,-0.2254,-0.9702,0.676,0.226,-0.7014,-0.7316,0.0917,-0.6755,-0.0884,0.9698,0.2273,-0.0001,0.0001,0.0,0.0,0.0,0.0,-0.0351,-0.0102,-0.1449,24.0836,19.2245,26.6214,0.0,0.0433,-0.363,0.0,0.0,0.0,4055313.6444,4119749.875,-3457939.249,3350.4682,2200.3205,6563.9789,4055289.5608,4119730.6505,-3457965.8704,3350.5034,2200.3307,6564.1238,0.0,0.0765,3.9732,0.0,0.0,1.0,0.0,1.0,0.0,0.0,1.172,-23.972,0.0,1.0,0.0,0.0,0.0,-1.0,0.20017242567346782,0.0031622776601683794,-0.15926,1.0036102857718234,5.616366989526027,,
403.5964,31.821,-0.145,-0.139,27.848,-0.067,-0.127,-0.149,0.001,-0.003,-0.149,0.001,-0.003,1.041,0.203,0.017,0.003,0.008,-0.007,-0.0,0.0,0.0,836.465,-0.0,0.0,-0.0,0.0,0.0,0.0,0.0,0.0,-0.6894,0.6891,-0.2234,0.7189,0.6887,-0.0941,0.0891,-0.2255,-0.9702,0.676,0.226,-0.7014,-0.7316,0.0917,-0.6755,-0.0884,0.9698,0.2273,-0.0001,0.0001,0.0,0.0,0.0,0.0,-0.0351,-0.0102,-0.1449,24.0764,19.2224,26.5916,0.0,0.0433,-0.363,0.0,0.0,0.0,4056002.9521,4120202.5172,-3456588.4949,3349.3799,2199.215,6564.9066,4055978.8758,4120183.2949,-3456615.0864,3349.4151,2199.2251,6565.0516,0.0,0.0765,3.9732,0.0,0.0,1.0,0.0,1.0,0.0,0.0,1.172,-23.972,0.0,1.0,0.0,0.0,0.0,-1.0,0.2008631374842084,0.0031622776601683794,-0.159105,1.0038921467952882,5.610900853124064,,
403.7998,31.79,-0.144,-0.14,27.817,-0.067,-0.127,-0.149,0.001,-0.003,-0.149,0.001,-0.003,1.042,0.204,0.016,0.003,0.008,-0.007,-0.0,0.0,0.0,836.465,-0.0,0.0,-0.0,0.0,0.0,0.0,0.0,0.0,-0.6894,0.689,-0.2234,0.7189,0.6887,-0.0941,0.0891,-0.2255,-0.9702,0.676,0.226,-0.7014,-0.7316,0.0917,-0.6755,-0.0884,0.9698,0.2273,-0.0001,0.0001,0.0,0.0,0.0,0.0,-0.0351,-0.0102,-0.1449,24.0693,19.2203,26.5622,0.0,0.0433,-0.363,0.0,0.0,0.0,4056682.1308,4120648.4288,-3455256.978,3348.3071,2198.1252,6565.8207,4056658.0615,4120629.2085,-3455283.5402,3348.3422,2198.1353,6565.9656,0.0,0.0765,3.9732,0.0,0.0,1.0,0.0,1.0,0.0,0.0,1.172,-23.972,0.0,1.0,0.0,0.0,0.0,-1.0,0.20083824337013106,0.0031622776601683794,-0.15895,0.9886311475671992,5.605434716722101,,
404.0024,31.76,-0.144,-0.141,27.787,-0.067,-0.128,-0.149,0.001,-0.003,-0.149,0.001,-0.003,1.043,0.206,0.014,0.003,0.008,-0.007,-0.0,0.0,0.0,836.465,-0.0,0.0,-0.0,0.0,0.0,0.0,0.0,0.0,-0.6894,0.689,-0.2234,0.7189,0.6887,-0.0941,0.089,-0.2255,-0.9702,0.676,0.226,-0.7014,-0.7316,0.0917,-0.6755,-0.0884,0.9698,0.2273,-0.0001,0.0001,0.0,0.0,0.0,0.0,-0.0351,-0.0102,-0.1449,24.0622,19.2182,26.5329,0.0,0.0433,-0.363,0.0,0.0,0.0,4057358.7122,4121092.558,-3453929.9397,3347.2379,2197.0391,6566.7311,4057334.65,4121073.3398,-3453956.4726,3347.273,2197.0493,6566.8761,0.0,0.0765,3.9732,0.0,0.0,1.0,0.0,1.0,0.0,0.0,1.172,-23.972,0.0,1.0,0.0,0.0,0.0,-1.0,0.20153659717282119,0.0031622776601683794,-0.1588,0.9886094445294578,5.600144907300848,,
404.2047,31.73,-0.144,-0.141,27.757,-0.066,-0.128,-0.149,0.001,-0.003,-0.149,0.001,-0.003,1.043,0.208,0.013,0.003,0.008,-0.007,-0.0,0.0,0.0,836.465,-0.0,0.0,-0.0,0.0,0.0,0.0,0.0,0.0,-0.6894,0.689,-0.2234,0.7189,0.6888,-0.0942,0.089,-0.2255,-0.9702,0.676,0.226,-0.7014,-0.7316,0.0917,-0.6755,-0.0884,0.9698,0.2273,-0.0001,0.0001,0.0,0.0,0.0,0.0,-0.0351,-0.0102,-0.145,24.055,19.2161,26.5034,0.0,0.0433,-0.363,0.0,0.0,0.0,4058040.2054,4121539.8327,-3452592.6547,3346.1603,2195.9446,6567.6482,4058016.1504,4121520.6165,-3452619.1581,3346.1954,2195.9548,6567.7931,0.0,0.0765,3.9732,0.0,0.0,1.0,0.0,1.0,0.0,0.0,1.172,-23.972,0.0,1.0,0.0,0.0,0.0,-1.0,0.20153659717282119,0.0031622776601683794,-0.15865,1.0047344640837421,5.594855097879594,,
404.407,31.7,-0.144,-0.142,27.726,-0.066,-0.129,-0.149,0.001,-0.003,-0.149,0.001,-0.003,1.044,0.209,0.011,0.003,0.008,-0.007,-0.0,0.0,0.0,836.465,-0.0,0.0,-0.0,0.0,0.0,0.0,0.0,0.0,-0.6895,0.689,-0.2234,0.7188,0.6888,-0.0942,0.089,-0.2256,-0.9702,0.676,0.226,-0.7014,-0.7316,0.0917,-0.6755,-0.0884,0.9698,0.2273,-0.0001,0.0001,0.0,0.0,0.0,0.0,-0.0351,-0.0102,-0.145,24.0479,19.2141,26.4741,0.0,0.0433,-0.363,0.0,0.0,0.0,4058716.4326,4121983.5731,-3451265.0931,3345.0906,2194.8582,6568.5581,4058692.3847,4121964.3591,-3451291.5671,3345.1257,2194.8684,6568.703,0.0,0.0765,3.9732,0.0,0.0,1.0,0.0,1.0,0.0,0.0,1.172,-23.972,0.0,1.0,0.0,0.0,0.0,-1.0,0.2022374841615668,0.0031622776601683794,-0.1585,1.004433729992969,5.589565288458339,,
404.6089,31.67,-0.143,-0.143,27.696,-0.066,-0.129,-0.149,0.001,-0.003,-0.149,0.001,-0.003,1.044,0.211,0.01,0.003,0.008,-0.007,-0.0,0.0,0.0,836.465,-0.0,0.0,-0.0,0.0,0.0,0.0,0.0,0.0,-0.6895,0.689,-0.2234,0.7188,0.6888,-0.0942,0.089,-0.2256,-0.9702,0.676,0.226,-0.7014,-0.7316,0.0917,-0.6755,-0.0884,0.9698,0.2273,-0.0001,0.0001,0.0,0.0,0.0,0.0,-0.0351,-0.0102,-0.145,24.0409,19.212,26.4449,0.0,0.0433,-0.363,0.0,0.0,0.0,4059390.8083,4122426.0212,-3449940.5598,3344.0232,2193.7743,6569.4654,4059366.7674,4122406.8092,-3449967.0046,3344.0584,2193.7844,6569.6104,0.0,0.0765,3.9732,0.0,0.0,1.0,0.0,1.0,0.0,0.0,1.172,-23.972,0.0,1.0,0.0,0.0,0.0,-1.0,0.20223253941935257,0.0031622776601683794,-0.15835000000000002,0.9893141446869432,5.584275479037086,,
404.811,31.639,-0.143,-0.143,27.666,-0.066,-0.13,-0.149,0.001,-0.003,-0.149,0.001,-0.003,1.045,0.212,0.009,0.003,0.008,-0.007,-0.0,0.0,0.0,836.465,-0.0,0.0,-0.0,0.0,0.0,0.0,0.0,0.0,-0.6895,0.689,-0.2234,0.7188,0.6888,-0.0943,0.0889,-0.2256,-0.9701,0.676,0.226,-0.7014,-0.7316,0.0917,-0.6755,-0.0884,0.9698,0.2273,-0.0001,0.0001,0.0,0.0,0.0,0.0,-0.0351,-0.0102,-0.145,24.0337,19.2099,26.4156,0.0,0.0433,-0.363,0.0,0.0,0.0,4060066.2314,4122869.0789,-3448613.3622,3342.9537,2192.6882,6570.3741,4060042.1976,4122849.869,-3448639.7777,3342.9889,2192.6983,6570.5191,0.0,0.0765,3.9732,0.0,0.0,1.0,0.0,1.0,0.0,0.0,1.172,-23.972,0.0,1.0,0.0,0.0,0.0,-1.0,0.20223253941935257,0.0031622776601683794,-0.158195,0.9902000640277275,5.5788093426351235,,
405.0185,31.608,-0.143,-0.144,27.635,-0.066,-0.131,-0.149,0.001,-0.003,-0.15,0.001,-0.003,1.045,0.214,0.007,0.003,0.008,-0.007,-0.0,0.0,0.0,836.465,-0.0,0.0,-0.0,0.0,0.0,0.0,0.0,0.0,-0.6895,0.689,-0.2234,0.7188,0.6888,-0.0943,0.0889,-0.2256,-0.9701,0.676,0.226,-0.7014,-0.7316,0.0917,-0.6755,-0.0884,0.9698,0.2273,-0.0001,0.0001,0.0,0.0,0.0,0.0,-0.0351,-0.0102,-0.145,24.0265,19.2078,26.3856,0.0,0.0433,-0.363,0.0,0.0,0.0,4060756.2049,4123321.601,-3447256.9454,3341.8606,2191.5782,6571.3023,4060732.1784,4123302.3932,-3447283.3311,3341.8958,2191.5884,6571.4473,0.0,0.0765,3.9732,0.0,0.0,1.0,0.0,1.0,0.0,0.0,1.172,-23.972,0.0,1.0,0.0,0.0,0.0,-1.0,0.20294087809014721,0.0031622776601683794,-0.15804,0.9901900890314799,5.573343206233161,,
405.2185,31.578,-0.142,-0.145,27.605,-0.066,-0.131,-0.15,0.001,-0.003,-0.15,0.001,-0.003,1.046,0.216,0.006,0.003,0.008,-0.007,-0.0,0.0,0.0,836.465,-0.0,0.0,-0.0,0.0,0.0,0.0,0.0,0.0,-0.6895,0.689,-0.2234,0.7188,0.6888,-0.0944,0.0889,-0.2257,-0.9701,0.676,0.226,-0.7014,-0.7316,0.0917,-0.6755,-0.0884,0.9698,0.2273,-0.0001,0.0001,0.0,0.0,0.0,0.0,-0.0351,-0.0102,-0.145,24.0194,19.2058,26.3565,0.0,0.0433,-0.363,0.0,0.0,0.0,4061427.7856,4123761.9821,-3445936.0771,3340.7962,2190.4974,6572.2057,4061403.7662,4123742.7763,-3445962.4336,3340.8313,2190.5075,6572.3507,0.0,0.0765,3.9732,0.0,0.0,1.0,0.0,1.0,0.0,0.0,1.172,-23.972,0.0,1.0,0.0,0.0,0.0,-1.0,0.2029507329378241,0.0031622776601683794,-0.15789,0.9749981335497953,5.568053396811907,,
405.4261,31.547,-0.142,-0.145,27.574,-0.065,-0.132,-0.15,0.001,-0.003,-0.15,0.001,-0.003,1.047,0.217,0.004,0.003,0.008,-0.007,-0.0,0.0,0.0,836.465,-0.0,0.0,-0.0,0.0,0.0,0.0,0.0,0.0,-0.6895,0.6889,-0.2234,0.7188,0.6888,-0.0944,0.0889,-0.2257,-0.9701,0.676,0.226,-0.7014,-0.7316,0.0917,-0.6755,-0.0884,0.9698,0.2273,-0.0001,0.0001,0.0,0.0,0.0,0.0,-0.0351,-0.0102,-0.145,24.0121,19.2036,26.3264,0.0,0.0433,-0.363,0.0,0.0,0.0,4062120.738,4124216.297,-3444572.5397,3339.6973,2189.3817,6573.1378,4062096.7259,4124197.0934,-3444598.8661,3339.7324,2189.3918,6573.2828,0.0,0.0765,3.9732,0.0,0.0,1.0,0.0,1.0,0.0,0.0,1.172,-23.972,0.0,1.0,0.0,0.0,0.0,-1.0,0.2029507329378241,0.0031622776601683794,-0.15773500000000001,0.991922978987922,5.562587260409945,,
405.6305,31.517,-0.142,-0.146,27.544,-0.065,-0.132,-0.147,0.001,-0.003,-0.147,0.001,-0.003,1.047,0.219,0.003,0.003,0.008,-0.007,-0.0,0.0,0.0,836.456,-0.0,0.0,1.0,0.0,0.0,0.0,0.0,0.0,-0.6895,0.6889,-0.2234,0.7188,0.6888,-0.0944,0.0888,-0.2257,-0.9701,0.676,0.226,-0.7014,-0.7316,0.0917,-0.6755,-0.0884,0.9698,0.2273,-0.0001,0.0001,0.0,0.0,0.0,0.0,-0.0344,-0.0099,-0.1422,24.0049,19.2016,26.2967,0.0,0.0433,-0.363,0.0,0.0,0.0,4062807.0366,4124666.1684,-3443221.4653,3338.6091,2188.2765,6574.0637,4062783.0316,4124646.9668,-3443247.762,3338.6436,2188.2863,6574.2059,0.0,0.0765,3.9732,0.0,0.0,1.0,0.0,1.0,0.0,0.0,1.172,-23.972,0.0,1.0,0.0,0.0,0.0,-1.0,0.20366639388961547,0.0031622776601683794,-0.157585,0.9911045570344649,5.55729745098869,,
405.8355,31.488,-0.142,-0.147,27.515,-0.065,-0.133,-0.142,0.002,-0.003,-0.142,0.001,-0.003,1.048,0.22,0.001,0.003,0.008,-0.007,-0.0,0.0,0.0,836.443,-0.0,0.0,-0.0,0.0,0.0,0.0,0.0,0.0,-0.6895,0.6889,-0.2234,0.7188,0.6888,-0.0945,0.0888,-0.2257,-0.9701,0.676,0.226,-0.7014,-0.7316,0.0917,-0.6755,-0.0884,0.9698,0.2273,-0.0001,0.0001,0.0,0.0,0.0,0.0,-0.0334,-0.0094,-0.1381,23.9982,19.1996,26.2686,0.0,0.0433,-0.363,0.0,0.0,0.0,4063480.7899,4125107.738,-3441894.473,3337.5406,2187.1912,6574.974,4063456.7917,4125088.5383,-3441920.7416,3337.5741,2187.2006,6575.1121,0.0,0.0765,3.9732,0.0,0.0,1.0,0.0,1.0,0.0,0.0,1.172,-23.972,0.0,1.0,0.0,0.0,0.0,-1.0,0.20438444167793202,0.0036055512754639895,-0.15744,0.9910823949895221,5.552183968548145,,
406.0406,31.459,-0.141,-0.148,27.486,-0.065,-0.134,-0.137,0.002,-0.003,-0.137,0.001,-0.003,1.048,0.222,-0.0,0.003,0.008,-0.007,-0.0,0.0,0.0,836.427,-0.0,0.0,-0.0,0.0,0.0,0.0,0.0,0.0,-0.6896,0.6889,-0.2234,0.7188,0.6888,-0.0945,0.0888,-0.2258,-0.9701,0.676,0.226,-0.7014,-0.7316,0.0917,-0.6755,-0.0884,0.9698,0.2273,-0.0001,0.0001,0.0,0.0,0.0,0.0,-0.0321,-0.0088,-0.1327,23.9914,19.1977,26.2406,0.0,0.0433,-0.363,0.0,0.0,0.0,4064171.197,4125560.1416,-3440534.0486,3336.4454,2186.0787,6575.9078,4064147.2056,4125540.9438,-3440560.2892,3336.4776,2186.0875,6576.0406,0.0,0.0765,3.9732,0.0,0.0,1.0,0.0,1.0,0.0,0.0,1.172,-23.972,0.0,1.0,0.0,0.0,0.0,-1.0,0.20441379601191303,0.0036055512754639895,-0.157295,0.976664558597577,5.547070486107599,,
406.2457,31.431,-0.141,-0.148,27.458,-0.064,-0.134,-0.133,0.002,-0.004,-0.133,0.001,-0.003,1.049,0.224,-0.002,0.003,0.008,-0.007,-0.0,0.0,0.0,836.415,-0.0,0.0,1.0,0.0,0.0,0.0,0.0,0.0,-0.6896,0.6889,-0.2234,0.7188,0.6888,-0.0945,0.0888,-0.2258,-0.9701,0.676,0.226,-0.7014,-0.7316,0.0917,-0.6755,-0.0884,0.9698,0.2273,-0.0001,0.0001,0.0,0.0,0.0,0.0,-0.0312,-0.0084,-0.1287,23.9848,19.1959,26.2135,0.0,0.0433,-0.363,0.0,0.0,0.0,4064859.374,4126011.0025,-3439177.3827,3335.3529,2184.9692,6576.8373,4064835.3892,4125991.8065,-3439203.5961,3335.3841,2184.9776,6576.966,0.0,0.0765,3.9732,0.0,0.0,1.0,0.0,1.0,0.0,0.0,1.172,-23.972,0.0,1.0,0.0,0.0,0.0,-1.0,0.20441379601191303,0.004472135954999579,-0.15715500000000002,0.9928166982262964,5.542133330647763,,
406.4535,31.404,-0.14,-0.149,27.431,-0.064,-0.135,-0.13,0.002,-0.004,-0.13,0.001,-0.003,1.05,0.225,-0.003,0.003,0.008,-0.007,-0.0,0.0,0.0,836.408,-0.0,0.0,1.0,0.0,0.0,0.0,0.0,0.0,-0.6896,0.6889,-0.2234,0.7187,0.6888,-0.0946,0.0887,-0.2258,-0.9701,0.676,0.226,-0.7014,-0.7316,0.0917,-0.6755,-0.0884,0.9698,0.2273,-0.0001,0.0001,0.0,0.0,0.0,0.0,-0.0307,-0.0082,-0.1266,23.9785,19.1942,26.1872,0.0,0.0433,-0.363,0.0,0.0,0.0,4065548.654,4126462.5045,-3437817.904,3334.2577,2183.8572,6577.7663,4065524.6755,4126443.3103,-3437844.0913,3334.2883,2183.8653,6577.8929,0.0,0.0765,3.9732,0.0,0.0,1.0,0.0,1.0,0.0,0.0,1.172,-23.972,0.0,1.0,0.0,0.0,0.0,-1.0,0.20445292856792247,0.004472135954999579,-0.15702,0.978413591660468,5.537372502168634,,
406.6571,31.378,-0.14,-0.15,27.405,-0.064,-0.135,-0.125,0.002,-0.004,-0.125,0.001,-0.003,1.05,0.227,-0.005,0.003,0.008,-0.007,-0.0,0.0,0.0,836.391,-0.0,0.0,-0.0,0.0,0.0,0.0,0.0,0.0,-0.6896,0.6889,-0.2234,0.7187,0.6888,-0.0946,0.0887,-0.2258,-0.9701,0.676,0.226,-0.7014,-0.7316,0.0917,-0.6755,-0.0884,0.9698,0.2273,-0.0001,0.0001,0.0,0.0,0.0,0.0,-0.0293,-0.0076,-0.1211,23.9724,19.1926,26.1622,0.0,0.0433,-0.363,0.0,0.0,0.0,4066226.1528,4126906.2102,-3436481.037,3333.1814,2182.7641,6578.6827,4066202.1804,4126887.0176,-3436507.1992,3333.2108,2182.7716,6578.8038,0.0,0.0765,3.9732,0.0,0.0,1.0,0.0,1.0,0.0,0.0,1.172,-23.972,0.0,1.0,0.0,0.0,0.0,-1.0,0.2051828452868319,0.004472135954999579,-0.15689,0.9777127723923374,5.532788000670214,,
406.8615,31.353,-0.14,-0.15,27.379,-0.064,-0.136,-0.125,0.002,-0.004,-0.125,0.001,-0.003,1.051,0.228,-0.006,0.003,0.008,-0.007,-0.0,0.0,0.0,836.391,-0.0,0.0,-0.0,0.0,0.0,0.0,0.0,0.0,-0.6896,0.6889,-0.2234,0.7187,0.6888,-0.0947,0.0887,-0.2259,-0.9701,0.676,0.226,-0.7014,-0.7316,0.0917,-0.6755,-0.0884,0.9698,0.2273,-0.0001,0.0001,0.0,0.0,0.0,0.0,-0.0293,-0.0076,-0.1211,23.9664,19.1911,26.1375,0.0,0.0433,-0.363,0.0,0.0,0.0,4066906.5268,4127351.7192,-3435137.8778,3332.0987,2181.6653,6579.5974,4066882.5604,4127332.5281,-3435164.0153,3332.1281,2181.6728,6579.7186,0.0,0.0765,3.9732,0.0,0.0,1.0,0.0,1.0,0.0,0.0,1.172,-23.972,0.0,1.0,0.0,0.0,0.0,-1.0,0.2051828452868319,0.004472135954999579,-0.15676500000000002,0.9780565698043332,5.528379826152503,,
407.0638,31.327,-0.139,-0.151,27.354,-0.063,-0.137,-0.125,0.002,-0.004,-0.125,0.001,-0.003,1.051,0.23,-0.008,0.003,0.008,-0.007,-0.0,0.0,0.0,836.391,-0.0,0.0,-0.0,0.0,0.0,0.0,0.0,0.0,-0.6896,0.6888,-0.2234,0.7187,0.6888,-0.0947,0.0887,-0.2259,-0.9701,0.676,0.226,-0.7014,-0.7316,0.0917,-0.6755,-0.0884,0.9698,0.2273,-0.0001,0.0001,0.0,0.0,0.0,0.0,-0.0293,-0.0076,-0.1211,23.9605,19.1895,26.1129,0.0,0.0433,-0.363,0.0,0.0,0.0,4067582.3863,4127794.1932,-3433803.0131,3331.0227,2180.5733,6580.5061,4067558.4258,4127775.0037,-3433829.126,3331.0521,2180.5809,6580.6272,0.0,0.0765,3.9732,0.0,0.0,1.0,0.0,1.0,0.0,0.0,1.172,-23.972,0.0,1.0,0.0,0.0,0.0,-1.0,0.2052364490045567,0.004472135954999579,-0.156635,0.9801980999708504,5.523795324654083,,
407.2666,31.302,-0.139,-0.152,27.329,-0.063,-0.137,-0.125,0.002,-0.004,-0.125,0.001,-0.003,1.052,0.232,-0.009,0.003,0.008,-0.007,-0.0,0.0,0.0,836.391,-0.0,0.0,-0.0,0.0,0.0,0.0,0.0,0.0,-0.6896,0.6888,-0.2234,0.7187,0.6888,-0.0947,0.0886,-0.2259,-0.9701,0.676,0.226,-0.7014,-0.7316,0.0917,-0.6755,-0.0884,0.9698,0.2273,-0.0001,0.0001,0.0,0.0,0.0,0.0,-0.0293,-0.0075,-0.1212,23.9545,19.188,26.0884,0.0,0.0433,-0.363,0.0,0.0,0.0,4068255.1785,4128234.5814,-3432473.5917,3329.9511,2179.4858,6581.4105,4068231.2239,4128215.3935,-3432499.6802,3329.9804,2179.4934,6581.5317,0.0,0.0765,3.9732,0.0,0.0,1.0,0.0,1.0,0.0,0.0,1.172,-23.972,0.0,1.0,0.0,0.0,0.0,-1.0,0.20597329924045982,0.004472135954999579,-0.15651,0.9794401105457788,5.519387150136371,,
407.4694,31.277,-0.139,-0.153,27.303,-0.063,-0.138,-0.125,0.002,-0.004,-0.125,0.001,-0.003,1.052,0.233,-0.011,0.003,0.008,-0.007,-0.0,0.0,0.0,836.391,-0.0,0.0,-0.0,0.0,0.0,0.0,0.0,0.0,-0.6897,0.6888,-0.2234,0.7187,0.6888,-0.0948,0.0886,-0.2259,-0.9701,0.676,0.226,-0.7014,-0.7316,0.0917,-0.6755,-0.0884,0.9698,0.2273,-0.0001,0.0001,0.0,0.0,0.0,0.0,-0.0293,-0.0075,-0.1212,23.9485,19.1864,26.0637,0.0,0.0433,-0.363,0.0,0.0,0.0,4068934.9145,4128679.4352,-3431129.8329,3328.8678,2178.3866,6582.3242,4068910.966,4128660.2488,-3431155.8966,3328.8971,2178.3942,6582.4454,0.0,0.0765,3.9732,0.0,0.0,1.0,0.0,1.0,0.0,0.0,1.172,-23.972,0.0,1.0,0.0,0.0,0.0,-1.0,0.20671236053995418,0.004472135954999579,-0.156385,0.9791519144139921,5.514978975618659,,
407.6772,31.251,-0.138,-0.153,27.278,-0.063,-0.138,-0.125,0.002,-0.004,-0.125,0.001,-0.003,1.053,0.235,-0.012,0.003,0.008,-0.007,-0.0,0.0,0.0,836.391,-0.0,0.0,-0.0,0.0,0.0,0.0,0.0,0.0,-0.6897,0.6888,-0.2234,0.7187,0.6888,-0.0948,0.0886,-0.226,-0.9701,0.676,0.226,-0.7014,-0.7316,0.0917,-0.6755,-0.0884,0.9698,0.2273,-0.0001,0.0001,0.0,0.0,0.0,0.0,-0.0293,-0.0075,-0.1212,23.9425,19.1848,26.0386,0.0,0.0433,-0.363,0.0,0.0,0.0,4069624.7517,4129130.8183,-3429765.4665,3327.7679,2177.2706,6583.2514,4069600.8092,4129111.6334,-3429791.5051,3327.7972,2177.2781,6583.3726,0.0,0.0765,3.9732,0.0,0.0,1.0,0.0,1.0,0.0,0.0,1.172,-23.972,0.0,1.0,0.0,0.0,0.0,-1.0,0.2060412580043133,0.004472135954999579,-0.156255,0.9649352495401121,5.510394474120239,,
407.8809,31.225,-0.138,-0.154,27.252,-0.062,-0.139,-0.125,0.002,-0.004,-0.125,0.001,-0.003,1.054,0.237,-0.014,0.003,0.008,-0.007,-0.0,0.0,0.0,836.391,-0.0,0.0,-0.0,0.0,0.0,0.0,0.0,0.0,-0.6897,0.6888,-0.2234,0.7187,0.6888,-0.0948,0.0886,-0.226,-0.9701,0.676,0.226,-0.7014,-0.7316,0.0917,-0.6755,-0.0884,0.9698,0.2273,-0.0001,0.0001,0.0,0.0,0.0,0.0,-0.0293,-0.0075,-0.1212,23.9365,19.1833,26.0139,0.0,0.0433,-0.363,0.0,0.0,0.0,4070303.3203,4129574.748,-3428422.7577,3326.6854,2176.1723,6584.1635,4070279.3839,4129555.5647,-3428448.7716,3326.7148,2176.1799,6584.2847,0.0,0.0765,3.9732,0.0,0.0,1.0,0.0,1.0,0.0,0.0,1.172,-23.972,0.0,1.0,0.0,0.0,0.0,-1.0,0.20678491240900532,0.004472135954999579,-0.156125,0.9811913857837535,5.505809972621819,,
408.0829,31.2,-0.138,-0.155,27.227,-0.062,-0.14,-0.125,0.002,-0.004,-0.125,0.001,-0.003,1.054,0.238,-0.015,0.003,0.008,-0.007,-0.0,0.0,0.0,836.391,-0.0,0.0,-0.0,0.0,0.0,0.0,0.0,0.0,-0.6897,0.6888,-0.2234,0.7187,0.6888,-0.0949,0.0885,-0.226,-0.9701,0.676,0.226,-0.7014,-0.7316,0.0917,-0.6755,-0.0884,0.9698,0.2273,-0.0001,0.0001,0.0,0.0,0.0,0.0,-0.0293,-0.0075,-0.1212,23.9306,19.1818,25.9895,0.0,0.0433,-0.363,0.0,0.0,0.0,4070973.4726,4130013.0932,-3427096.0931,3325.6159,2175.0872,6585.0641,4070949.542,4129993.9115,-3427122.0825,3325.6452,2175.0948,6585.1853,0.0,0.0765,3.9732,0.0,0.0,1.0,0.0,1.0,0.0,0.0,1.172,-23.972,0.0,1.0,0.0,0.0,0.0,-1.0,0.20753072061745462,0.004472135954999579,-0.156,0.9811903640236911,5.501401798104107,,
408.2851,31.175,-0.137,-0.156,27.202,-0.062,-0.14,-0.12,0.002,-0.004,-0.12,0.001,-0.003,1.055,0.24,-0.017,0.003,0.008,-0.008,-0.0,0.0,0.0,836.377,-0.0,0.0,1.0,0.0,0.0,0.0,0.0,0.0,-0.6897,0.6888,-0.2234,0.7187,0.6889,-0.0949,0.0885,-0.226,-0.9701,0.676,0.226,-0.7014,-0.7316,0.0917,-0.6755,-0.0884,0.9698,0.2273,-0.0001,0.0001,0.0,0.0,0.0,0.0,-0.0282,-0.0071,-0.1167,23.9247,19.1802,25.965,0.0,0.0433,-0.363,0.0,0.0,0.0,4071652.2997,4130457.0335,-3425751.6341,3324.533,2173.9881,6585.9809,4071628.375,4130437.8533,-3425777.5991,3324.5612,2173.9951,6586.0976,0.0,0.0765,3.9732,0.0,0.0,1.0,0.0,1.0,0.0,0.0,1.172,-23.972,0.0,1.0,0.0,0.0,0.0,-1.0,0.20761743664731053,0.004472135954999579,-0.155875,0.9661377147332565,5.496993623586396,,
408.4906,31.151,-0.137,-0.156,27.178,-0.062,-0.141,-0.117,0.002,-0.004,-0.117,0.001,-0.003,1.055,0.241,-0.018,0.003,0.008,-0.008,-0.0,0.0,0.0,836.369,-0.0,0.0,-0.0,0.0,0.0,0.0,0.0,0.0,-0.6897,0.6888,-0.2234,0.7187,0.6889,-0.095,0.0885,-0.2261,-0.9701,0.676,0.226,-0.7014,-0.7316,0.0917,-0.6755,-0.0884,0.9698,0.2273,-0.0001,0.0001,0.0,0.0,0.0,0.0,-0.0276,-0.0068,-0.114,23.919,19.1788,25.9417,0.0,0.0433,-0.363,0.0,0.0,0.0,4072328.5508,4130899.21,-3424411.6532,3323.4533,2172.8924,6586.8923,4072304.6317,4130880.0311,-3424437.595,3323.4809,2172.8992,6587.0063,0.0,0.0765,3.9732,0.0,0.0,1.0,0.0,1.0,0.0,0.0,1.172,-23.972,0.0,1.0,0.0,0.0,0.0,-1.0,0.20761743664731053,0.004472135954999579,-0.155755,0.9667141020761069,5.4927617760493925,,
408.6919,31.127,-0.136,-0.157,27.154,-0.061,-0.142,-0.117,0.002,-0.004,-0.117,0.001,-0.003,1.056,0.243,-0.02,0.003,0.008,-0.008,-0.0,0.0,0.0,836.369,-0.0,0.0,-0.0,0.0,0.0,0.0,0.0,0.0,-0.6897,0.6887,-0.2234,0.7186,0.6889,-0.095,0.0885,-0.2261,-0.9701,0.676,0.226,-0.7014,-0.7316,0.0917,-0.6755,-0.0884,0.9698,0.2273,-0.0001,0.0001,0.0,0.0,0.0,0.0,-0.0276,-0.0068,-0.114,23.9134,19.1774,25.9186,0.0,0.0433,-0.363,0.0,0.0,0.0,4073001.0542,4131338.857,-3423078.4857,3322.3784,2171.8021,6587.796,4072977.1408,4131319.6795,-3423104.4043,3322.406,2171.8088,6587.91,0.0,0.0765,3.9732,0.0,0.0,1.0,0.0,1.0,0.0,0.0,1.172,-23.972,0.0,1.0,0.0,0.0,0.0,-1.0,0.20771374533236842,0.004472135954999579,-0.155635,0.9685956198275946,5.488529928512389,,
408.8929,31.104,-0.136,-0.158,27.13,-0.061,-0.142,-0.116,0.002,-0.004,-0.116,0.001,-0.003,1.056,0.244,-0.021,0.003,0.008,-0.008,-0.0,0.0,0.0,836.365,-0.0,0.0,1.0,0.0,0.0,0.0,0.0,0.0,-0.6897,0.6887,-0.2234,0.7186,0.6889,-0.095,0.0884,-0.2261,-0.9701,0.676,0.226,-0.7014,-0.7316,0.0917,-0.6755,-0.0884,0.9698,0.2273,-0.0001,0.0001,0.0,0.0,0.0,0.0,-0.0273,-0.0066,-0.1128,23.9079,19.1761,25.8957,0.0,0.0433,-0.363,0.0,0.0,0.0,4073669.9994,4131776.1,-3421751.7615,3321.3089,2170.7172,6588.696,4073646.0915,4131756.9239,-3421777.6572,3321.3362,2170.7238,6588.8088,0.0,0.0765,3.9732,0.0,0.0,1.0,0.0,1.0,0.0,0.0,1.172,-23.972,0.0,1.0,0.0,0.0,0.0,-1.0,0.20847062143141418,0.004472135954999579,-0.15552,0.9676154313878138,5.484474407956094,,
409.0979,31.081,-0.136,-0.158,27.107,-0.061,-0.143,-0.108,0.002,-0.004,-0.108,0.002,-0.003,1.057,0.246,-0.023,0.003,0.008,-0.008,-0.0,0.0,0.0,836.342,-0.0,0.0,1.0,0.0,0.0,0.0,0.0,0.0,-0.6898,0.6887,-0.2234,0.7186,0.6889,-0.0951,0.0884,-0.2261,-0.9701,0.676,0.226,-0.7014,-0.7316,0.0917,-0.6755,-0.0884,0.9698,0.2273,-0.0001,0.0001,0.0,0.0,0.0,0.0,-0.0255,-0.0058,-0.1053,23.9025,19.1748,25.8734,0.0,0.0433,-0.363,0.0,0.0,0.0,4074348.1436,4132219.2766,-3420406.17,3320.2258,2169.6176,6589.6145,4074324.2411,4132200.1018,-3420432.0434,3320.2513,2169.6234,6589.7199,0.0,0.0765,3.9732,0.0,0.0,1.0,0.0,1.0,0.0,0.0,1.172,-23.972,0.0,1.0,0.0,0.0,0.0,-1.0,0.20847062143141418,0.004472135954999579,-0.155405,0.9682706276914386,5.4804188873998,,
409.3033,31.059,-0.135,-0.159,27.085,-0.06,-0.143,-0.107,0.002,-0.004,-0.107,0.002,-0.003,1.058,0.248,-0.024,0.003,0.008,-0.008,-0.0,0.0,0.0,836.339,-0.0,0.0,-0.0,0.0,0.0,0.0,0.0,0.0,-0.6898,0.6887,-0.2234,0.7186,0.6889,-0.0951,0.0884,-0.2262,-0.9701,0.676,0.226,-0.7014,-0.7316,0.0917,-0.6755,-0.0884,0.9698,0.2273,-0.0001,0.0001,0.0,0.0,0.0,0.0,-0.0253,-0.0057,-0.1044,23.8973,19.1736,25.852,0.0,0.0433,-0.363,0.0,0.0,0.0,4075029.6932,4132664.5979,-3419053.1914,3319.135,2168.5113,6590.5311,4075005.7959,4132645.4243,-3419079.0434,3319.1603,2168.517,6590.6355,0.0,0.0765,3.9732,0.0,0.0,1.0,0.0,1.0,0.0,0.0,1.172,-23.972,0.0,1.0,0.0,0.0,0.0,-1.0,0.20858091954922436,0.004472135954999579,-0.15529500000000002,0.9694061275578658,5.476539693824214,,
409.5041,31.037,-0.135,-0.16,27.064,-0.06,-0.144,-0.105,0.002,-0.004,-0.105,0.002,-0.003,1.058,0.249,-0.026,0.003,0.008,-0.008,-0.0,0.0,0.0,836.332,-0.0,0.0,1.0,0.0,0.0,0.0,0.0,0.0,-0.6898,0.6887,-0.2234,0.7186,0.6889,-0.0952,0.0884,-0.2262,-0.9701,0.676,0.226,-0.7014,-0.7316,0.0917,-0.6755,-0.0884,0.9698,0.2273,-0.0001,0.0001,0.0,0.0,0.0,0.0,-0.0247,-0.0055,-0.1021,23.8922,19.1724,25.831,0.0,0.0433,-0.363,0.0,0.0,0.0,4075699.087,4133101.8978,-3417723.7289,3318.0635,2167.4243,6591.4326,4075675.1948,4133082.7253,-3417749.5599,3318.0882,2167.4298,6591.5347,0.0,0.0765,3.9732,0.0,0.0,1.0,0.0,1.0,0.0,0.0,1.172,-23.972,0.0,1.0,0.0,0.0,0.0,-1.0,0.20934421415458324,0.004472135954999579,-0.155185,0.9696801140586309,5.472660500248628,,
409.7071,31.016,-0.134,-0.161,27.043,-0.06,-0.145,-0.1,0.002,-0.004,-0.1,0.002,-0.003,1.059,0.251,-0.027,0.003,0.008,-0.007,-0.0,0.0,0.0,836.315,-0.0,0.0,-0.0,0.0,0.0,0.0,0.0,0.0,-0.6898,0.6887,-0.2234,0.7186,0.6889,-0.0952,0.0884,-0.2262,-0.9701,0.676,0.226,-0.7014,-0.7316,0.0917,-0.6755,-0.0884,0.9698,0.2273,-0.0001,0.0001,0.0,0.0,0.0,0.0,-0.0235,-0.0049,-0.0972,23.8874,19.1714,25.811,0.0,0.0433,-0.363,0.0,0.0,0.0,4076369.7089,4133539.9217,-3416391.2133,3316.9902,2166.3352,6592.3384,4076345.8214,4133520.7503,-3416417.0243,3317.0137,2166.3402,6592.4356,0.0,0.0765,3.9732,0.0,0.0,1.0,0.0,1.0,0.0,0.0,1.172,-23.972,0.0,1.0,0.0,0.0,0.0,-1.0,0.20946837470128996,0.004472135954999579,-0.15508,0.9552862013185692,5.4689576336537495,,
409.9093,30.996,-0.134,-0.161,27.023,-0.059,-0.145,-0.1,0.002,-0.004,-0.1,0.002,-0.003,1.059,0.252,-0.029,0.003,0.008,-0.007,-0.0,0.0,0.0,836.315,-0.0,0.0,-0.0,0.0,0.0,0.0,0.0,0.0,-0.6898,0.6887,-0.2234,0.7186,0.6889,-0.0952,0.0883,-0.2262,-0.9701,0.676,0.226,-0.7014,-0.7316,0.0917,-0.6755,-0.0884,0.9698,0.2273,-0.0001,0.0001,0.0,0.0,0.0,0.0,-0.0235,-0.0049,-0.0972,23.8827,19.1704,25.7914,0.0,0.0433,-0.363,0.0,0.0,0.0,4077039.9075,4133977.5909,-3415058.9241,3315.9158,2165.2458,6593.2385,4077016.0248,4133958.4205,-3415084.7155,3315.9393,2165.2507,6593.3357,0.0,0.0765,3.9732,0.0,0.0,1.0,0.0,1.0,0.0,0.0,1.172,-23.972,0.0,1.0,0.0,0.0,0.0,-1.0,0.20946837470128996,0.004472135954999579,-0.15498,0.9714998788636202,5.46543109403958,,
410.1134,30.976,-0.133,-0.162,27.003,-0.059,-0.146,-0.1,0.002,-0.004,-0.1,0.002,-0.003,1.06,0.254,-0.03,0.003,0.008,-0.007,-0.0,0.0,0.0,836.315,-0.0,0.0,-0.0,0.0,0.0,0.0,0.0,0.0,-0.6898,0.6886,-0.2234,0.7186,0.6889,-0.0953,0.0883,-0.2263,-0.9701,0.676,0.226,-0.7014,-0.7316,0.0917,-0.6755,-0.0884,0.9698,0.2273,-0.0001,0.0001,0.0,0.0,0.0,0.0,-0.0235,-0.0049,-0.0972,23.8779,19.1694,25.7716,0.0,0.0433,-0.363,0.0,0.0,0.0,4077713.7877,4134417.5853,-3413718.6981,3314.835,2164.15,6594.1436,4077689.9098,4134398.4159,-3413744.4697,3314.8585,2164.1549,6594.2408,0.0,0.0765,3.9732,0.0,0.0,1.0,0.0,1.0,0.0,0.0,1.172,-23.972,0.0,1.0,0.0,0.0,0.0,-1.0,0.20960200380721555,0.004472135954999579,-0.15488,0.9571165141906807,5.461904554425411,,
410.3197,30.955,-0.133,-0.163,26.982,-0.059,-0.147,-0.1,0.002,-0.004,-0.1,0.002,-0.003,1.06,0.256,-0.032,0.003,0.008,-0.007,-0.0,0.0,0.0,836.315,-0.0,0.0,-0.0,0.0,0.0,0.0,0.0,0.0,-0.6898,0.6886,-0.2234,0.7186,0.6889,-0.0953,0.0883,-0.2263,-0.9701,0.676,0.226,-0.7014,-0.7316,0.0917,-0.6755,-0.0884,0.9698,0.2273,-0.0001,0.0001,0.0,0.0,0.0,0.0,-0.0235,-0.0049,-0.0972,23.873,19.1684,25.7515,0.0,0.0433,-0.363,0.0,0.0,0.0,4078399.1039,4134864.9653,-3412355.0888,3313.7353,2163.035,6595.064,4078375.2309,4134845.797,-3412380.8404,3313.7588,2163.0399,6595.1612,0.0,0.0765,3.9732,0.0,0.0,1.0,0.0,1.0,0.0,0.0,1.172,-23.972,0.0,1.0,0.0,0.0,0.0,-1.0,0.21037585412779672,0.004472135954999579,-0.154775,0.9571370250399238,5.458201687830533,,
410.5199,30.935,-0.132,-0.164,26.962,-0.058,-0.147,-0.1,0.002,-0.004,-0.1,0.002,-0.003,1.061,0.257,-0.033,0.003,0.008,-0.007,-0.0,0.0,0.0,836.315,-0.0,0.0,-0.0,0.0,0.0,0.0,0.0,0.0,-0.6898,0.6886,-0.2234,0.7186,0.6889,-0.0953,0.0883,-0.2263,-0.9701,0.676,0.226,-0.7014,-0.7316,0.0917,-0.6755,-0.0884,0.9698,0.2273,-0.0001,0.0001,0.0,0.0,0.0,0.0,-0.0235,-0.0049,-0.0972,23.8683,19.1674,25.7321,0.0,0.0433,-0.363,0.0,0.0,0.0,4079061.8294,4135297.5196,-3411035.82,3312.6714,2161.9563,6595.9539,4079037.9611,4135278.3522,-3411061.5521,3312.6949,2161.9612,6596.0512,0.0,0.0765,3.9732,0.0,0.0,1.0,0.0,1.0,0.0,0.0,1.172,-23.972,0.0,1.0,0.0,0.0,0.0,-1.0,0.2105231578710523,0.004472135954999579,-0.154675,0.9583686200025517,5.454675148216364,,
410.7271,30.914,-0.132,-0.164,26.941,-0.058,-0.148,-0.1,0.002,-0.004,-0.1,0.002,-0.003,1.062,0.259,-0.034,0.003,0.008,-0.007,-0.0,0.0,0.0,836.315,-0.0,0.0,-0.0,0.0,0.0,0.0,0.0,0.0,-0.6899,0.6886,-0.2234,0.7185,0.6889,-0.0954,0.0882,-0.2263,-0.97,0.676,0.226,-0.7014,-0.7316,0.0917,-0.6755,-0.0884,0.9698,0.2273,-0.0001,0.0001,0.0,0.0,0.0,0.0,-0.0235,-0.0049,-0.0973,23.8634,19.1663,25.7119,0.0,0.0433,-0.363,0.0,0.0,0.0,4079749.8228,4135746.4848,-3409665.6128,3311.5663,2160.8361,6596.8778,4079725.9594,4135727.3185,-3409691.3247,3311.5898,2160.841,6596.975,0.0,0.0765,3.9732,0.0,0.0,1.0,0.0,1.0,0.0,0.0,1.172,-23.972,0.0,1.0,0.0,0.0,0.0,-1.0,0.2105231578710523,0.004472135954999579,-0.15457,0.9589798719079393,5.450972281621486,,
410.934,30.894,-0.131,-0.165,26.92,-0.057,-0.148,-0.1,0.002,-0.004,-0.1,0.002,-0.003,1.062,0.261,-0.036,0.003,0.008,-0.007,-0.0,0.0,0.0,836.315,-0.0,0.0,-0.0,0.0,0.0,0.0,0.0,0.0,-0.6899,0.6886,-0.2234,0.7185,0.6889,-0.0954,0.0882,-0.2264,-0.97,0.676,0.226,-0.7014,-0.7316,0.0917,-0.6755,-0.0884,0.9698,0.2273,-0.0001,0.0001,0.0,0.0,0.0,0.0,-0.0235,-0.0049,-0.0973,23.8586,19.1653,25.6918,0.0,0.0433,-0.363,0.0,0.0,0.0,4080434.1151,4136192.9524,-3408302.1332,3310.4666,2159.7213,6597.7966,4080410.2565,4136173.7871,-3408327.825,3310.4901,2159.7262,6597.8939,0.0,0.0765,3.9732,0.0,0.0,1.0,0.0,1.0,0.0,0.0,1.172,-23.972,0.0,1.0,0.0,0.0,0.0,-1.0,0.21067985190805505,0.004472135954999579,-0.15447,0.9599132441080139,5.447445742007317,,
411.1397,30.873,-0.131,-0.166,26.9,-0.057,-0.149,-0.1,0.002,-0.004,-0.1,0.002,-0.003,1.063,0.262,-0.037,0.003,0.008,-0.007,-0.0,0.0,0.0,836.315,-0.0,0.0,-0.0,0.0,0.0,0.0,0.0,0.0,-0.6899,0.6886,-0.2234,0.7185,0.6889,-0.0955,0.0882,-0.2264,-0.97,0.676,0.226,-0.7014,-0.7316,0.0917,-0.6755,-0.0884,0.9698,0.2273,-0.0001,0.0001,0.0,0.0,0.0,0.0,-0.0235,-0.0049,-0.0973,23.8537,19.1643,25.6717,0.0,0.0433,-0.363,0.0,0.0,0.0,4081117.67,4136638.8568,-3406939.4823,3309.3675,2158.6073,6598.7143,4081093.8163,4136619.6925,-3406965.154,3309.391,2158.6122,6598.8116,0.0,0.0765,3.9732,0.0,0.0,1.0,0.0,1.0,0.0,0.0,1.172,-23.972,0.0,1.0,0.0,0.0,0.0,-1.0,0.21146394491733103,0.004472135954999579,-0.154365,0.9601838659427364,5.44374287541244,,
411.3426,30.853,-0.13,-0.167,26.88,-0.057,-0.15,-0.1,0.002,-0.004,-0.1,0.002,-0.003,1.063,0.264,-0.039,0.003,0.008,-0.007,-0.0,0.0,0.0,836.315,-0.0,0.0,-0.0,0.0,0.0,0.0,0.0,0.0,-0.6899,0.6886,-0.2234,0.7185,0.6889,-0.0955,0.0882,-0.2264,-0.97,0.676,0.226,-0.7014,-0.7316,0.0917,-0.6755,-0.0884,0.9698,0.2273,-0.0001,0.0001,0.0,0.0,0.0,0.0,-0.0235,-0.0049,-0.0973,23.849,19.1633,25.6521,0.0,0.0433,-0.363,0.0,0.0,0.0,4081784.6607,4137073.877,-3405609.229,3308.2946,2157.5198,6599.6098,4081760.8117,4137054.7138,-3405634.8811,3308.3181,2157.5247,6599.7071,0.0,0.0765,3.9732,0.0,0.0,1.0,0.0,1.0,0.0,0.0,1.172,-23.972,0.0,1.0,0.0,0.0,0.0,-1.0,0.21163411823238712,0.004472135954999579,-0.154265,0.9457881229188521,5.4402163357982705,,
411.5465,30.832,-0.13,-0.167,26.859,-0.056,-0.15,-0.1,0.002,-0.004,-0.1,0.002,-0.003,1.064,0.265,-0.04,0.003,0.008,-0.007,-0.0,0.0,0.0,836.315,0.453,0.0,-0.0,0.0,0.0,0.0,0.0,0.0,-0.6899,0.6886,-0.2234,0.7185,0.6889,-0.0955,0.0881,-0.2264,-0.97,0.676,0.226,-0.7014,-0.7316,0.0917,-0.6755,-0.0884,0.9698,0.2273,-0.0001,0.0001,0.0,0.0,0.0,0.0,-0.0235,-0.0049,-0.0973,23.8442,19.1623,25.6321,0.0,0.0433,-0.363,0.0,0.0,0.0,4082462.4001,4137515.8271,-3404256.9166,3307.2038,2156.4142,6600.5196,4082438.5558,4137496.6648,-3404282.5487,3307.2273,2156.4191,6600.6169,0.0,0.0765,3.9732,0.0,0.0,1.0,0.0,1.0,0.0,0.0,1.172,-23.972,0.0,1.0,0.0,0.0,0.0,-1.0,0.21163411823238712,0.004472135954999579,-0.15416,0.9620137721290885,5.436513469203392,,
411.7487,30.812,-0.13,-0.168,26.839,-0.056,-0.15,-0.1,0.002,0.002,-0.1,0.002,0.003,1.064,0.267,-0.041,0.003,0.008,-0.007,-0.0,0.0,0.0,836.292,1.0,0.0,-0.0,0.0,0.0,0.0,0.0,0.0,-0.6899,0.6885,-0.2234,0.7185,0.6889,-0.0956,0.0881,-0.2264,-0.97,0.676,0.226,-0.7014,-0.7316,0.0917,-0.6755,-0.0884,0.9698,0.2273,-0.0001,0.0001,0.0,0.0,0.0,0.0,-0.0195,-0.009,-0.0978,23.8398,19.1609,25.6124,0.0,0.0433,-0.363,0.0,0.0,0.0,4083132.4153,4137952.6606,-3402919.3913,3306.1289,2155.3167,6601.4185,4083108.5755,4137933.4998,-3402945.0037,3306.1484,2155.3257,6601.5163,0.0,0.0765,3.9732,0.0,0.0,1.0,0.0,1.0,0.0,0.0,1.172,-23.972,0.0,1.0,0.0,0.0,0.0,-1.0,0.2124241040936739,0.00282842712474619,-0.15406,0.96148286442639,5.432986929589223,,
411.9505,30.792,-0.129,-0.166,26.819,-0.056,-0.149,-0.1,0.003,0.009,-0.1,0.002,0.009,1.065,0.269,-0.043,0.003,0.008,-0.007,-0.0,0.0,0.0,836.264,1.0,0.0,-0.0,0.0,0.0,0.0,0.0,0.0,-0.6899,0.6885,-0.2234,0.7185,0.6889,-0.0956,0.0881,-0.2265,-0.97,0.676,0.226,-0.7014,-0.7316,0.0917,-0.6755,-0.0884,0.9698,0.2273,-0.0001,0.0001,0.0,0.0,0.0,0.0,-0.0149,-0.0139,-0.0984,23.8363,19.1586,25.5926,0.0,0.0433,-0.363,0.0,0.0,0.0,4083800.6164,4138388.2312,-3401584.8728,3305.057,2154.221,6602.3148,4083776.7801,4138369.0726,-3401610.4653,3305.072,2154.2348,6602.4132,0.0,0.0765,3.9732,0.0,0.0,1.0,0.0,1.0,0.0,0.0,1.172,-23.972,0.0,1.0,0.0,0.0,0.0,-1.0,0.2102308255228048,0.009486832980505138,-0.15396,0.9474095397996626,5.429460389975054,,
412.1536,30.771,-0.129,-0.164,26.798,-0.055,-0.147,-0.1,0.003,0.016,-0.1,0.002,0.016,1.066,0.27,-0.044,0.003,0.008,-0.007,-0.0,0.0,0.0,836.237,1.0,0.0,-0.0,0.0,0.0,0.0,0.0,0.0,-0.69,0.6885,-0.2234,0.7185,0.6889,-0.0956,0.0881,-0.2265,-0.97,0.676,0.226,-0.7014,-0.7316,0.0917,-0.6755,-0.0884,0.9698,0.2273,-0.0001,0.0001,0.0,0.0,0.0,0.0,-0.0103,-0.0187,-0.099,23.8337,19.1552,25.5725,0.0,0.0433,-0.363,0.0,0.0,0.0,4084471.9418,4138825.7571,-3400243.4995,3303.9797,2153.1196,6603.2153,4084448.1081,4138806.6018,-3400269.072,3303.9899,2153.1384,6603.3143,0.0,0.0765,3.9732,0.0,0.0,1.0,0.0,1.0,0.0,0.0,1.172,-23.972,0.0,1.0,0.0,0.0,0.0,-1.0,0.20865521800328887,0.016278820596099707,-0.153855,0.9635031610713176,5.425757523380176,,
412.3588,30.751,-0.128,-0.16,26.778,-0.055,-0.143,-0.1,0.003,0.018,-0.1,0.002,0.018,1.066,0.272,-0.046,0.003,0.008,-0.007,-0.0,0.0,0.0,836.228,-0.0,0.0,-0.0,0.0,0.0,0.0,0.0,0.0,-0.69,0.6885,-0.2234,0.7185,0.6889,-0.0957,0.088,-0.2265,-0.97,0.676,0.226,-0.7014,-0.7316,0.0917,-0.6755,-0.0884,0.9698,0.2273,-0.0001,0.0001,0.0,0.0,0.0,0.0,-0.0089,-0.0201,-0.0992,23.8319,19.1512,25.5523,0.0,0.0433,-0.363,0.0,0.0,0.0,4085143.4504,4139263.322,-3398901.135,3302.8982,2152.021,6604.1163,4085119.6185,4139244.1708,-3398926.6874,3302.907,2152.0411,6604.2155,0.0,0.0765,3.9732,0.0,0.0,1.0,0.0,1.0,0.0,0.0,1.172,-23.972,0.0,1.0,0.0,0.0,0.0,-1.0,0.20489997559785117,0.018248287590894658,-0.153755,0.9487977432622722,5.422230983766006,,
412.5589,30.731,-0.127,-0.157,26.758,-0.054,-0.139,-0.1,0.003,0.018,-0.1,0.002,0.018,1.067,0.273,-0.047,0.003,0.008,-0.007,-0.0,0.0,0.0,836.228,-0.0,0.0,-0.0,0.0,0.0,0.0,0.0,0.0,-0.69,0.6885,-0.2234,0.7185,0.689,-0.0957,0.088,-0.2265,-0.97,0.676,0.226,-0.7014,-0.7316,0.0917,-0.6755,-0.0884,0.9698,0.2273,-0.0001,0.0001,0.0,0.0,0.0,0.0,-0.0089,-0.0201,-0.0992,23.8301,19.1471,25.5324,0.0,0.0433,-0.363,0.0,0.0,0.0,4085805.4608,4139694.6195,-3397577.1499,3301.8301,2150.9388,6605.0047,4085781.6307,4139675.4723,-3397602.6824,3301.839,2150.9589,6605.1039,0.0,0.0765,3.9732,0.0,0.0,1.0,0.0,1.0,0.0,0.0,1.172,-23.972,0.0,1.0,0.0,0.0,0.0,-1.0,0.2019356333092305,0.018248287590894658,-0.153655,0.9502827898962524,5.418704444151837,,
412.7653,30.71,-0.127,-0.153,26.737,-0.054,-0.136,-0.1,0.003,0.018,-0.1,0.002,0.018,1.067,0.275,-0.048,0.003,0.008,-0.007,-0.0,0.0,0.0,836.228,-0.0,0.0,-0.0,0.0,0.0,0.0,0.0,0.0,-0.69,0.6885,-0.2234,0.7185,0.689,-0.0957,0.088,-0.2266,-0.97,0.676,0.226,-0.7014,-0.7316,0.0917,-0.6755,-0.0884,0.9698,0.2273,-0.0001,0.0001,0.0,0.0,0.0,0.0,-0.0089,-0.0201,-0.0992,23.8283,19.143,25.512,0.0,0.0433,-0.363,0.0,0.0,0.0,4086486.5495,4140138.2658,-3396214.3733,3300.7307,2149.8249,6605.9187,4086462.7213,4140119.1229,-3396239.8853,3300.7396,2149.845,6606.0179,0.0,0.0765,3.9732,0.0,0.0,1.0,0.0,1.0,0.0,0.0,1.172,-23.972,0.0,1.0,0.0,0.0,0.0,-1.0,0.19884164553734715,0.018248287590894658,-0.15355,0.9502909232279386,5.41500157755696,,
412.9733,30.69,-0.126,-0.15,26.716,-0.053,-0.132,-0.1,0.003,0.018,-0.1,0.002,0.018,1.068,0.277,-0.05,0.003,0.008,-0.007,-0.0,0.0,0.0,836.228,-0.0,0.0,-0.0,0.0,0.0,0.0,0.0,0.0,-0.69,0.6885,-0.2234,0.7184,0.689,-0.0958,0.088,-0.2266,-0.97,0.676,0.226,-0.7014,-0.7316,0.0917,-0.6755,-0.0884,0.9698,0.2273,-0.0001,0.0001,0.0,0.0,0.0,0.0,-0.0089,-0.0201,-0.0993,23.8264,19.1388,25.4913,0.0,0.0433,-0.363,0.0,0.0,0.0,4087172.6908,4140585.1198,-3394840.8411,3299.6226,2148.7023,6606.8393,4087148.8644,4140565.9811,-3394866.3324,3299.6314,2148.7224,6606.9386,0.0,0.0765,3.9732,0.0,0.0,1.0,0.0,1.0,0.0,0.0,1.172,-23.972,0.0,1.0,0.0,0.0,0.0,-1.0,0.1958979326077741,0.018248287590894658,-0.15345,0.951807909581195,5.4114750379427905,,
413.1759,30.669,-0.126,-0.146,26.696,-0.053,-0.128,-0.1,0.003,0.018,-0.1,0.002,0.018,1.068,0.278,-0.051,0.003,0.008,-0.007,-0.0,0.0,0.0,836.228,-0.0,0.0,-0.0,0.0,0.0,0.0,0.0,0.0,-0.69,0.6885,-0.2234,0.7184,0.689,-0.0958,0.0879,-0.2266,-0.97,0.676,0.226,-0.7014,-0.7316,0.0917,-0.6755,-0.0884,0.9698,0.2273,-0.0001,0.0001,0.0,0.0,0.0,0.0,-0.0089,-0.0201,-0.0993,23.8246,19.1347,25.4712,0.0,0.0433,-0.363,0.0,0.0,0.0,4087840.5467,4141019.9856,-3393503.2833,3298.5434,2147.6091,6607.7354,4087816.7221,4141000.8509,-3393528.7546,3298.5523,2147.6292,6607.8347,0.0,0.0765,3.9732,0.0,0.0,1.0,0.0,1.0,0.0,0.0,1.172,-23.972,0.0,1.0,0.0,0.0,0.0,-1.0,0.19285227507084277,0.018248287590894658,-0.153345,0.9521061550132153,5.407772171347912,,
413.3771,30.649,-0.125,-0.143,26.676,-0.052,-0.125,-0.1,0.003,0.018,-0.1,0.002,0.018,1.069,0.28,-0.052,0.003,0.008,-0.007,-0.0,0.0,0.0,836.228,-0.0,0.0,-0.0,0.0,0.0,0.0,0.0,0.0,-0.69,0.6884,-0.2234,0.7184,0.689,-0.0959,0.0879,-0.2266,-0.97,0.676,0.226,-0.7014,-0.7316,0.0917,-0.6755,-0.0884,0.9698,0.2273,-0.0001,0.0001,0.0,0.0,0.0,0.0,-0.0089,-0.0201,-0.0993,23.8228,19.1306,25.4513,0.0,0.0433,-0.363,0.0,0.0,0.0,4088504.6389,4141452.3221,-3392172.6503,3297.4699,2146.5216,6608.6264,4088480.816,4141433.1915,-3392198.1015,3297.4788,2146.5417,6608.7257,0.0,0.0765,3.9732,0.0,0.0,1.0,0.0,1.0,0.0,0.0,1.172,-23.972,0.0,1.0,0.0,0.0,0.0,-1.0,0.1899315666233499,0.018248287590894658,-0.153245,0.9540513308227982,5.404245631733743,,
413.5774,30.629,-0.125,-0.139,26.656,-0.052,-0.121,-0.1,0.003,0.018,-0.1,0.002,0.018,1.069,0.281,-0.054,0.003,0.008,-0.007,-0.0,0.0,0.0,836.228,-0.0,0.0,-0.0,0.0,0.0,0.0,0.0,0.0,-0.69,0.6884,-0.2234,0.7184,0.689,-0.0959,0.0879,-0.2267,-0.97,0.676,0.226,-0.7014,-0.7316,0.0917,-0.6755,-0.0884,0.9698,0.2273,-0.0001,0.0001,0.0,0.0,0.0,0.0,-0.0089,-0.0201,-0.0993,23.8211,19.1265,25.4314,0.0,0.0433,-0.363,0.0,0.0,0.0,4089165.6912,4141882.6018,-3390847.5,3296.4007,2145.4386,6609.5132,4089141.8701,4141863.4753,-3390872.9313,3296.4096,2145.4587,6609.6125,0.0,0.0765,3.9732,0.0,0.0,1.0,0.0,1.0,0.0,0.0,1.172,-23.972,0.0,1.0,0.0,0.0,0.0,-1.0,0.18693849255838135,0.018248287590894658,-0.153145,0.9541866321671042,5.400719092119574,,
413.783,30.608,-0.124,-0.135,26.635,-0.052,-0.117,-0.1,0.003,0.018,-0.1,0.002,0.018,1.07,0.283,-0.055,0.003,0.008,-0.007,-0.0,0.0,0.0,836.228,-0.0,0.0,-0.0,0.0,0.0,0.0,0.0,0.0,-0.6901,0.6884,-0.2234,0.7184,0.689,-0.0959,0.0879,-0.2267,-0.97,0.676,0.226,-0.7014,-0.7316,0.0917,-0.6755,-0.0884,0.9698,0.2273,-0.0001,0.0001,0.0,0.0,0.0,0.0,-0.0089,-0.0201,-0.0993,23.8192,19.1224,25.4109,0.0,0.0433,-0.363,0.0,0.0,0.0,4089845.2083,4142324.8198,-3389484.6976,3295.3011,2144.3249,6610.4248,4089821.3891,4142305.6974,-3389510.1085,3295.31,2144.345,6610.5241,0.0,0.0765,3.9732,0.0,0.0,1.0,0.0,1.0,0.0,0.0,1.172,-23.972,0.0,1.0,0.0,0.0,0.0,-1.0,0.18330575550156628,0.018248287590894658,-0.15304,0.9399714016471287,5.397016225524696,,
413.9862,30.588,-0.124,-0.132,26.615,-0.051,-0.114,-0.1,0.003,0.018,-0.1,0.002,0.018,1.071,0.284,-0.056,0.003,0.008,-0.007,-0.0,0.0,0.0,836.228,-0.0,0.0,-0.0,0.0,0.0,0.0,0.0,0.0,-0.6901,0.6884,-0.2234,0.7184,0.689,-0.096,0.0878,-0.2267,-0.97,0.676,0.226,-0.7014,-0.7316,0.0917,-0.6755,-0.0884,0.9698,0.2273,-0.0001,0.0001,0.0,0.0,0.0,0.0,-0.0089,-0.0201,-0.0993,23.8174,19.1183,25.3908,0.0,0.0433,-0.363,0.0,0.0,0.0,4090510.911,4142757.9676,-3388148.9807,3294.2234,2143.2333,6611.3177,4090487.0936,4142738.8493,-3388174.3715,3294.2322,2143.2534,6611.417,0.0,0.0765,3.9732,0.0,0.0,1.0,0.0,1.0,0.0,0.0,1.172,-23.972,0.0,1.0,0.0,0.0,0.0,-1.0,0.18110770276274835,0.018248287590894658,-0.15294,0.9564449562265638,5.393489685910527,,
414.1915,30.568,-0.123,-0.128,26.594,-0.051,-0.11,-0.1,0.003,0.018,-0.1,0.002,0.018,1.071,0.286,-0.058,0.003,0.008,-0.007,-0.0,0.0,0.0,836.228,-0.0,0.0,-0.0,0.0,0.0,0.0,0.0,0.0,-0.6901,0.6884,-0.2234,0.7184,0.689,-0.096,0.0878,-0.2267,-0.97,0.676,0.226,-0.7014,-0.7316,0.0917,-0.6755,-0.0884,0.9698,0.2273,-0.0001,0.0001,0.0,0.0,0.0,0.0,-0.0089,-0.0201,-0.0993,23.8156,19.1141,25.3703,0.0,0.0433,-0.363,0.0,0.0,0.0,4091190.3095,4143199.9453,-3386785.147,3293.1229,2142.1188,6612.229,4091166.4939,4143180.8311,-3386810.5173,3293.1318,2142.1389,6612.3283,0.0,0.0765,3.9732,0.0,0.0,1.0,0.0,1.0,0.0,0.0,1.172,-23.972,0.0,1.0,0.0,0.0,0.0,-1.0,0.17751901306620652,0.018248287590894658,-0.15284,0.9420774083703488,5.389963146296358,,
414.399,30.547,-0.123,-0.125,26.574,-0.05,-0.106,-0.1,0.003,0.018,-0.1,0.002,0.018,1.072,0.288,-0.059,0.003,0.008,-0.007,-0.0,0.0,0.0,836.228,-0.0,0.0,-0.0,0.0,0.0,0.0,0.0,0.0,-0.6901,0.6884,-0.2234,0.7184,0.689,-0.096,0.0878,-0.2267,-0.97,0.676,0.226,-0.7014,-0.7316,0.0917,-0.6755,-0.0884,0.9698,0.2273,-0.0001,0.0001,0.0,0.0,0.0,0.0,-0.0089,-0.0201,-0.0993,23.8138,19.11,25.3498,0.0,0.0433,-0.363,0.0,0.0,0.0,4091871.2669,4143642.8546,-3385417.5377,3292.0193,2141.0013,6613.1423,4091847.4532,4143623.7446,-3385442.8875,3292.0282,2141.0214,6613.2416,0.0,0.0765,3.9732,0.0,0.0,1.0,0.0,1.0,0.0,0.0,1.172,-23.972,0.0,1.0,0.0,0.0,0.0,-1.0,0.1753681841155915,0.018248287590894658,-0.152735,0.9599674730968825,5.38626027970148,,
414.6014,30.527,-0.122,-0.121,26.553,-0.05,-0.102,-0.1,0.003,0.018,-0.1,0.002,0.018,1.072,0.289,-0.061,0.003,0.008,-0.007,-0.0,0.0,0.0,836.228,-0.0,0.0,-0.0,0.0,0.0,0.0,0.0,0.0,-0.6901,0.6884,-0.2234,0.7184,0.689,-0.0961,0.0878,-0.2268,-0.97,0.676,0.226,-0.7014,-0.7316,0.0917,-0.6755,-0.0884,0.9698,0.2273,-0.0001,0.0001,0.0,0.0,0.0,0.0,-0.0089,-0.0201,-0.0994,23.812,19.1059,25.3297,0.0,0.0433,-0.363,0.0,0.0,0.0,4092538.2602,4144076.6015,-3384077.3425,3290.9379,2139.9061,6614.0368,4092514.4482,4144057.4956,-3384102.6722,3290.9468,2139.9263,6614.1361,0.0,0.0765,3.9732,0.0,0.0,1.0,0.0,1.0,0.0,0.0,1.172,-23.972,0.0,1.0,0.0,0.0,0.0,-1.0,0.17182840277439582,0.018248287590894658,-0.152635,0.9458584413290907,5.3827337400873105,,
414.8034,30.506,-0.121,-0.118,26.533,-0.049,-0.099,-0.1,0.003,0.018,-0.1,0.002,0.018,1.073,0.291,-0.062,0.003,0.008,-0.007,-0.0,0.0,0.0,836.228,-0.0,0.0,-0.0,0.0,0.0,0.0,0.0,0.0,-0.6901,0.6884,-0.2234,0.7184,0.689,-0.0961,0.0877,-0.2268,-0.97,0.676,0.226,-0.7014,-0.7316,0.0917,-0.6755,-0.0884,0.9698,0.2273,-0.0001,0.0001,0.0,0.0,0.0,0.0,-0.0089,-0.0201,-0.0994,23.8102,19.1018,25.3096,0.0,0.0433,-0.363,0.0,0.0,0.0,4093202.595,4144508.5403,-3382741.8738,3289.8602,2138.8149,6614.9276,4093178.7848,4144489.4385,-3382767.1834,3289.8691,2138.835,6615.027,0.0,0.0765,3.9732,0.0,0.0,1.0,0.0,1.0,0.0,0.0,1.172,-23.972,0.0,1.0,0.0,0.0,0.0,-1.0,0.16901183390520322,0.018248287590894658,-0.15253,0.9484489943986021,5.379030873492432,,
415.0049,30.486,-0.121,-0.114,26.513,-0.049,-0.095,-0.1,0.003,0.018,-0.1,0.002,0.018,1.073,0.292,-0.063,0.003,0.008,-0.007,-0.0,0.0,0.0,836.228,-0.0,0.0,-0.0,0.0,0.0,0.0,0.0,0.0,-0.6901,0.6883,-0.2234,0.7183,0.689,-0.0961,0.0877,-0.2268,-0.97,0.676,0.226,-0.7014,-0.7316,0.0917,-0.6755,-0.0884,0.9698,0.2273,-0.0001,0.0001,0.0,0.0,0.0,0.0,-0.0089,-0.0201,-0.0994,23.8083,19.0977,25.2894,0.0,0.0433,-0.363,0.0,0.0,0.0,4093869.8603,4144942.305,-3381399.8926,3288.7772,2137.7184,6615.8224,4093846.0519,4144923.2073,-3381425.182,3288.7861,2137.7385,6615.9218,0.0,0.0765,3.9732,0.0,0.0,1.0,0.0,1.0,0.0,0.0,1.172,-23.972,0.0,1.0,0.0,0.0,0.0,-1.0,0.16624379687675567,0.018248287590894658,-0.15243,0.9490896092699164,5.375504333878263,,
415.2133,30.465,-0.12,-0.11,26.492,-0.048,-0.091,-0.1,0.003,0.018,-0.1,0.002,0.018,1.074,0.294,-0.065,0.003,0.008,-0.007,-0.0,0.0,0.0,836.228,-0.0,0.0,-0.0,0.0,0.0,0.0,0.0,0.0,-0.6901,0.6883,-0.2234,0.7183,0.689,-0.0962,0.0877,-0.2268,-0.97,0.676,0.226,-0.7014,-0.7316,0.0917,-0.6755,-0.0884,0.9698,0.2273,-0.0001,0.0001,0.0,0.0,0.0,0.0,-0.0089,-0.0201,-0.0994,23.8065,19.0935,25.2688,0.0,0.0433,-0.363,0.0,0.0,0.0,4094551.3578,4145385.2393,-3380028.644,3287.6706,2136.598,6616.7361,4094527.5513,4145366.1458,-3380053.9129,3287.6795,2136.6181,6616.8355,0.0,0.0765,3.9732,0.0,0.0,1.0,0.0,1.0,0.0,0.0,1.172,-23.972,0.0,1.0,0.0,0.0,0.0,-1.0,0.16278820596099705,0.018248287590894658,-0.152325,0.9516881446695956,5.371801467283386,,
415.4138,30.445,-0.12,-0.107,26.472,-0.048,-0.088,-0.1,0.003,0.018,-0.1,0.002,0.018,1.075,0.296,-0.066,0.003,0.008,-0.007,-0.0,0.0,0.0,836.228,-0.0,0.0,-0.0,0.0,0.0,0.0,0.0,0.0,-0.6902,0.6883,-0.2234,0.7183,0.689,-0.0962,0.0877,-0.2269,-0.97,0.676,0.226,-0.7014,-0.7316,0.0917,-0.6755,-0.0884,0.9698,0.2273,-0.0001,0.0001,0.0,0.0,0.0,0.0,-0.0089,-0.0201,-0.0994,23.8047,19.0894,25.2489,0.0,0.0433,-0.363,0.0,0.0,0.0,4095211.553,4145814.2493,-3378699.6348,3286.598,2135.5122,6617.6213,4095187.7482,4145795.1599,-3378724.8836,3286.6069,2135.5323,6617.7207,0.0,0.0765,3.9732,0.0,0.0,1.0,0.0,1.0,0.0,0.0,1.172,-23.972,0.0,1.0,0.0,0.0,0.0,-1.0,0.1607762420259909,0.018248287590894658,-0.152225,0.9522344601432782,5.3682749276692165,,
415.614,30.425,-0.119,-0.103,26.452,-0.047,-0.084,-0.1,0.003,0.018,-0.1,0.002,0.018,1.075,0.297,-0.067,0.003,0.008,-0.007,-0.0,0.0,0.0,836.228,-0.0,0.0,-0.0,0.0,0.0,0.0,0.0,0.0,-0.6902,0.6883,-0.2234,0.7183,0.689,-0.0963,0.0876,-0.2269,-0.97,0.676,0.226,-0.7014,-0.7316,0.0917,-0.6755,-0.0884,0.9698,0.2273,-0.0001,0.0001,0.0,0.0,0.0,0.0,-0.0089,-0.0201,-0.0994,23.803,19.0854,25.229,0.0,0.0433,-0.363,0.0,0.0,0.0,4095869.2062,4146241.5294,-3377375.1379,3285.5291,2134.43,6618.503,4095845.4032,4146222.444,-3377400.3669,3285.538,2134.4502,6618.6024,0.0,0.0765,3.9732,0.0,0.0,1.0,0.0,1.0,0.0,0.0,1.172,-23.972,0.0,1.0,0.0,0.0,0.0,-1.0,0.15738487856207786,0.018248287590894658,-0.152125,0.9549411263272604,5.364748388055047,,
415.8144,30.405,-0.119,-0.1,26.432,-0.047,-0.081,-0.1,0.003,0.018,-0.1,0.002,0.018,1.076,0.299,-0.069,0.003,0.008,-0.007,-0.0,0.0,0.0,836.228,-0.0,0.0,-0.0,0.0,0.0,0.0,0.0,0.0,-0.6902,0.6883,-0.2234,0.7183,0.689,-0.0963,0.0876,-0.2269,-0.97,0.676,0.226,-0.7014,-0.7316,0.0917,-0.6755,-0.0884,0.9698,0.2273,-0.0001,0.0001,0.0,0.0,0.0,0.0,-0.0089,-0.0201,-0.0994,23.8012,19.0814,25.2091,0.0,0.0433,-0.363,0.0,0.0,0.0,4096526.2175,4146668.3152,-3376051.3253,3284.4607,2133.3485,6619.3837,4096502.4163,4146649.2338,-3376076.5344,3284.4696,2133.3686,6619.4832,0.0,0.0765,3.9732,0.0,0.0,1.0,0.0,1.0,0.0,0.0,1.172,-23.972,0.0,1.0,0.0,0.0,0.0,-1.0,0.15543809056984714,0.018248287590894658,-0.152025,0.9555661216378096,5.361221848440878,,
416.0157,30.385,-0.118,-0.096,26.411,-0.046,-0.077,-0.1,0.003,0.018,-0.1,0.002,0.018,1.076,0.3,-0.07,0.003,0.008,-0.007,-0.0,0.0,0.0,836.228,-0.0,0.0,-0.0,0.0,0.0,0.0,0.0,0.0,-0.6902,0.6883,-0.2234,0.7183,0.689,-0.0963,0.0876,-0.2269,-0.97,0.676,0.226,-0.7014,-0.7316,0.0917,-0.6755,-0.0884,0.9698,0.2273,-0.0001,0.0001,0.0,0.0,0.0,0.0,-0.0089,-0.0201,-0.0994,23.7994,19.0773,25.189,0.0,0.0433,-0.363,0.0,0.0,0.0,4097188.8326,4147098.6627,-3374715.6047,3283.3826,2132.2573,6620.2719,4097165.0331,4147079.5854,-3374740.7938,3283.3915,2132.2774,6620.3714,0.0,0.0765,3.9732,0.0,0.0,1.0,0.0,1.0,0.0,0.0,1.172,-23.972,0.0,1.0,0.0,0.0,0.0,-1.0,0.15211837495845135,0.018248287590894658,-0.151925,0.9581052550037582,5.357695308826709,,
416.2236,30.364,-0.118,-0.093,26.391,-0.046,-0.073,-0.1,0.003,0.018,-0.1,0.002,0.018,1.077,0.302,-0.071,0.003,0.008,-0.007,-0.0,0.0,0.0,836.228,-0.0,0.0,-0.0,0.0,0.0,0.0,0.0,0.0,-0.6902,0.6883,-0.2234,0.7183,0.689,-0.0964,0.0876,-0.2269,-0.97,0.676,0.226,-0.7014,-0.7316,0.0917,-0.6755,-0.0884,0.9698,0.2273,-0.0001,0.0001,0.0,0.0,0.0,0.0,-0.0089,-0.0201,-0.0995,23.7976,19.0731,25.1684,0.0,0.0433,-0.363,0.0,0.0,0.0,4097869.5723,4147540.6992,-3373342.7072,3282.2745,2131.1357,6621.1844,4097845.7747,4147521.6261,-3373367.8756,3282.2834,2131.1558,6621.2838,0.0,0.0765,3.9732,0.0,0.0,1.0,0.0,1.0,0.0,0.0,1.172,-23.972,0.0,1.0,0.0,0.0,0.0,-1.0,0.15024313628249378,0.018248287590894658,-0.15182,0.9614607847797217,5.353992442231831,,
416.4256,30.344,-0.117,-0.089,26.37,-0.046,-0.069,-0.1,0.003,0.018,-0.1,0.002,0.018,1.077,0.304,-0.073,0.003,0.008,-0.007,-0.0,0.0,0.0,836.228,-0.0,0.0,-0.0,0.0,0.0,0.0,0.0,0.0,-0.6902,0.6883,-0.2234,0.7183,0.689,-0.0964,0.0875,-0.227,-0.97,0.676,0.226,-0.7014,-0.7316,0.0917,-0.6755,-0.0884,0.9698,0.2273,-0.0001,0.0001,0.0,0.0,0.0,0.0,-0.0089,-0.0201,-0.0995,23.7958,19.069,25.1483,0.0,0.0433,-0.363,0.0,0.0,0.0,4098533.4191,4147971.686,-3372003.2498,3281.1933,2130.0415,6622.0741,4098509.6233,4147952.6169,-3372028.3981,3281.2022,2130.0616,6622.1736,0.0,0.0765,3.9732,0.0,0.0,1.0,0.0,1.0,0.0,0.0,1.172,-23.972,0.0,1.0,0.0,0.0,0.0,-1.0,0.14700340132119394,0.018248287590894658,-0.15172,0.9481092473074082,5.350465902617661,,
416.6318,30.322,-0.116,-0.086,26.349,-0.045,-0.066,-0.1,0.003,0.014,-0.1,0.002,0.014,1.078,0.305,-0.074,0.003,0.008,-0.007,-0.0,0.0,0.0,836.214,-1.0,0.0,-0.0,0.0,0.0,0.0,0.0,0.0,-0.6902,0.6883,-0.2233,0.7183,0.689,-0.0964,0.0875,-0.227,-0.97,0.676,0.226,-0.7014,-0.7316,0.0917,-0.6755,-0.0884,0.9698,0.2273,-0.0001,0.0001,0.0,0.0,0.0,0.0,-0.0114,-0.0175,-0.0992,23.7938,19.0649,25.1273,0.0,0.0433,-0.363,0.0,0.0,0.0,4099225.5574,4148420.9561,-3370606.0449,3280.0631,2128.9027,6623.002,4099201.7636,4148401.8912,-3370631.1723,3280.0744,2128.9203,6623.1012,0.0,0.0765,3.9732,0.0,0.0,1.0,0.0,1.0,0.0,0.0,1.172,-23.972,0.0,1.0,0.0,0.0,0.0,-1.0,0.1444022160494776,0.014317821063276354,-0.15161,0.9511561384577837,5.346586709042075,,
416.8338,30.302,-0.116,-0.083,26.329,-0.045,-0.064,-0.1,0.003,0.007,-0.1,0.002,0.008,1.078,0.307,-0.076,0.003,0.007,-0.007,-0.0,0.0,0.0,836.187,-1.0,0.0,-0.0,0.0,0.0,0.0,0.0,0.0,-0.6902,0.6882,-0.2233,0.7183,0.6891,-0.0965,0.0875,-0.227,-0.97,0.676,0.226,-0.7014,-0.7316,0.0917,-0.6755,-0.0884,0.9698,0.2273,-0.0001,0.0001,0.0001,0.0,0.0,0.0,-0.016,-0.0127,-0.0986,23.791,19.0618,25.1073,0.0,0.0433,-0.363,0.0,0.0,0.0,4099888.5903,4148851.2539,-3369266.9606,3278.9775,2127.8137,6623.8912,4099864.7993,4148832.1921,-3369292.0679,3278.9935,2127.8264,6623.9898,0.0,0.0765,3.9732,0.0,0.0,1.0,0.0,1.0,0.0,0.0,1.172,-23.972,0.0,1.0,0.0,0.0,0.0,-1.0,0.14263590010933433,0.007615773105863909,-0.15151,0.949347042774545,5.343060169427906,,
417.0358,30.282,-0.115,-0.082,26.309,-0.044,-0.062,-0.1,0.003,0.007,-0.1,0.002,0.007,1.079,0.308,-0.077,0.003,0.007,-0.007,-0.0,0.0,0.0,836.186,-0.0,0.0,-0.0,0.0,0.0,0.0,0.0,0.0,-0.6903,0.6882,-0.2233,0.7183,0.6891,-0.0965,0.0875,-0.227,-0.9699,0.676,0.226,-0.7014,-0.7316,0.0917,-0.6755,-0.0884,0.9698,0.2273,-0.0001,0.0001,0.0001,0.0,0.0,0.0,-0.0162,-0.0125,-0.0986,23.7878,19.0593,25.0875,0.0,0.0433,-0.363,0.0,0.0,0.0,4100548.615,4149279.5217,-3367933.3317,3277.9008,2126.7245,6624.7756,4100524.8272,4149260.4624,-3367958.4192,3277.917,2126.737,6624.8742,0.0,0.0765,3.9732,0.0,0.0,1.0,0.0,1.0,0.0,0.0,1.172,-23.972,0.0,1.0,0.0,0.0,0.0,-1.0,0.1412409289122668,0.007615773105863909,-0.15141,0.9542426553914041,5.339533629813737,,
417.239,30.262,-0.115,-0.081,26.288,-0.044,-0.061,-0.1,0.003,0.007,-0.1,0.002,0.007,1.08,0.31,-0.078,0.003,0.007,-0.007,-0.0,0.0,0.0,836.186,-0.0,0.0,-0.0,0.0,0.0,0.0,0.0,0.0,-0.6903,0.6882,-0.2233,0.7182,0.6891,-0.0965,0.0875,-0.2271,-0.9699,0.676,0.226,-0.7014,-0.7316,0.0917,-0.6755,-0.0884,0.9698,0.2273,-0.0001,0.0001,0.0001,0.0,0.0,0.0,-0.0162,-0.0125,-0.0986,23.7845,19.0568,25.0675,0.0,0.0433,-0.363,0.0,0.0,0.0,4101212.7611,4149710.3845,-3366590.7514,3276.8171,2125.6279,6625.6655,4101188.9767,4149691.3277,-3366615.8189,3276.8332,2125.6404,6625.7641,0.0,0.0765,3.9732,0.0,0.0,1.0,0.0,1.0,0.0,0.0,1.172,-23.972,0.0,1.0,0.0,0.0,0.0,-1.0,0.1406627171641441,0.007615773105863909,-0.15131,0.9542455051309101,5.336007090199567,,
417.4436,30.241,-0.114,-0.079,26.268,-0.043,-0.059,-0.1,0.003,0.007,-0.1,0.002,0.007,1.08,0.311,-0.08,0.003,0.007,-0.007,-0.0,0.0,0.0,836.186,-0.0,0.0,-0.0,0.0,0.0,0.0,0.0,0.0,-0.6903,0.6882,-0.2233,0.7182,0.6891,-0.0966,0.0874,-0.2271,-0.9699,0.676,0.226,-0.7014,-0.7316,0.0917,-0.6755,-0.0884,0.9698,0.2273,-0.0001,0.0001,0.0001,0.0,0.0,0.0,-0.0162,-0.0125,-0.0986,23.7812,19.0542,25.0474,0.0,0.0433,-0.363,0.0,0.0,0.0,4101881.3831,4150144.0699,-3365238.4959,3275.7254,2124.5234,6626.5614,4101857.6019,4150125.0157,-3365263.5433,3275.7416,2124.5359,6626.66,0.0,0.0765,3.9732,0.0,0.0,1.0,0.0,1.0,0.0,0.0,1.172,-23.972,0.0,1.0,0.0,0.0,0.0,-1.0,0.13869751259485513,0.007615773105863909,-0.151205,0.957033247357269,5.332304223604689,,
417.6457,30.221,-0.114,-0.078,26.248,-0.043,-0.058,-0.1,0.003,0.007,-0.1,0.002,0.007,1.081,0.312,-0.081,0.003,0.007,-0.007,-0.0,0.0,0.0,836.186,-0.0,0.0,-0.0,0.0,0.0,0.0,0.0,0.0,-0.6903,0.6882,-0.2233,0.7182,0.6891,-0.0966,0.0874,-0.2271,-0.9699,0.676,0.226,-0.7014,-0.7316,0.0917,-0.6755,-0.0884,0.9698,0.2273,-0.0001,0.0001,0.0001,0.0,0.0,0.0,-0.0162,-0.0125,-0.0986,23.7779,19.0516,25.0275,0.0,0.0433,-0.363,0.0,0.0,0.0,4102543.3233,4150573.3421,-3363899.126,3274.6442,2123.4294,6627.4482,4102519.5454,4150554.2905,-3363924.1534,3274.6603,2123.4419,6627.5468,0.0,0.0765,3.9732,0.0,0.0,1.0,0.0,1.0,0.0,0.0,1.172,-23.972,0.0,1.0,0.0,0.0,0.0,-1.0,0.13813037319865606,0.007615773105863909,-0.151105,0.9573182035043534,5.32877768399052,,
417.85,30.2,-0.113,-0.076,26.227,-0.043,-0.056,-0.1,0.003,0.007,-0.1,0.002,0.007,1.081,0.314,-0.082,0.003,0.007,-0.007,-0.0,0.0,0.0,836.186,-0.0,0.0,-0.0,0.0,0.0,0.0,0.0,0.0,-0.6903,0.6882,-0.2234,0.7182,0.6891,-0.0966,0.0874,-0.2271,-0.9699,0.676,0.226,-0.7014,-0.7316,0.0917,-0.6755,-0.0884,0.9698,0.2273,-0.0001,0.0001,0.0001,0.0,0.0,0.0,-0.0162,-0.0125,-0.0986,23.7746,19.0491,25.0073,0.0,0.0433,-0.363,0.0,0.0,0.0,4103214.4678,4151008.5021,-3362540.4983,3273.5473,2122.3198,6628.3473,4103190.6932,4150989.453,-3362565.5055,3273.5635,2122.3323,6628.4459,0.0,0.0765,3.9732,0.0,0.0,1.0,0.0,1.0,0.0,0.0,1.172,-23.972,0.0,1.0,0.0,0.0,0.0,-1.0,0.13618002790424152,0.007615773105863909,-0.151,0.9438102195179794,5.325074817395642,,
418.0517,30.18,-0.113,-0.075,26.207,-0.042,-0.055,-0.1,0.003,0.002,-0.1,0.002,0.003,1.082,0.315,-0.084,0.003,0.007,-0.007,-0.0,0.0,0.0,836.168,-1.0,0.0,-0.0,0.0,0.0,0.0,0.0,0.0,-0.6903,0.6882,-0.2234,0.7182,0.6891,-0.0967,0.0874,-0.2272,-0.9699,0.676,0.226,-0.7014,-0.7316,0.0917,-0.6755,-0.0884,0.9698,0.2273,-0.0001,0.0001,0.0001,0.0,0.0,0.0,-0.0193,-0.0092,-0.0982,23.7711,19.0467,24.9873,0.0,0.0433,-0.363,0.0,0.0,0.0,4103878.6485,4151439.0664,-3361195.3411,3272.4582,2121.2245,6629.2374,4103854.8774,4151420.0197,-3361220.3284,3272.4775,2121.2337,6629.3357,0.0,0.0765,3.9732,0.0,0.0,1.0,0.0,1.0,0.0,0.0,1.172,-23.972,0.0,1.0,0.0,0.0,0.0,-1.0,0.1356244815658294,0.0036055512754639895,-0.1509,0.9601570108181626,5.321548277781473,,
418.2534,30.16,-0.112,-0.075,26.186,-0.042,-0.055,-0.101,0.002,-0.004,-0.101,0.002,-0.004,1.083,0.316,-0.085,0.003,0.007,-0.007,-0.0,0.0,0.0,836.141,-1.0,0.0,-0.0,0.0,0.0,0.0,0.0,0.0,-0.6903,0.6881,-0.2234,0.7182,0.6891,-0.0967,0.0874,-0.2272,-0.9699,0.676,0.226,-0.7014,-0.7316,0.0917,-0.6755,-0.0884,0.9698,0.2273,-0.0001,0.0001,0.0001,0.0,0.0,0.0,-0.024,-0.0044,-0.0977,23.7667,19.0454,24.9676,0.0,0.0433,-0.363,0.0,0.0,0.0,4104537.7133,4151866.237,-3359859.9195,3271.3754,2120.1387,6630.1208,4104513.9466,4151847.1916,-3359884.8871,3271.3993,2120.1431,6630.2185,0.0,0.0765,3.9732,0.0,0.0,1.0,0.0,1.0,0.0,0.0,1.172,-23.972,0.0,1.0,0.0,0.0,0.0,-1.0,0.13479243302203578,0.004472135954999579,-0.1508,0.9456725122691035,5.318021738167304,,
418.4609,30.139,-0.112,-0.076,26.166,-0.041,-0.056,-0.101,0.002,-0.005,-0.101,0.002,-0.005,1.083,0.318,-0.087,0.003,0.007,-0.007,-0.0,0.0,0.0,836.138,-0.0,0.0,-0.0,0.0,0.0,0.0,0.0,0.0,-0.6903,0.6881,-0.2234,0.7182,0.6891,-0.0967,0.0873,-0.2272,-0.9699,0.676,0.226,-0.7014,-0.7316,0.0917,-0.6755,-0.0884,0.9698,0.2273,-0.0001,0.0001,0.0001,0.0,0.0,0.0,-0.0245,-0.0038,-0.0976,23.7617,19.0445,24.9474,0.0,0.0433,-0.363,0.0,0.0,0.0,4105211.4088,4152302.8097,-3358494.2128,3270.2722,2119.0239,6631.0232,4105187.6472,4152283.7652,-3358519.1603,3270.2967,2119.0277,6631.1208,0.0,0.0765,3.9732,0.0,0.0,1.0,0.0,1.0,0.0,0.0,1.172,-23.972,0.0,1.0,0.0,0.0,0.0,-1.0,0.13535139452550907,0.005385164807134504,-0.150695,0.9615531850324461,5.314318871572426,,
418.6618,30.119,-0.111,-0.078,26.145,-0.041,-0.057,-0.101,0.002,-0.005,-0.101,0.002,-0.005,1.084,0.319,-0.088,0.003,0.007,-0.007,-0.0,0.0,0.0,836.138,-0.0,0.0,-0.0,0.0,0.0,0.0,0.0,0.0,-0.6904,0.6881,-0.2234,0.7182,0.6891,-0.0968,0.0873,-0.2272,-0.9699,0.676,0.226,-0.7014,-0.7316,0.0917,-0.6755,-0.0884,0.9698,0.2273,-0.0001,0.0001,0.0001,0.0,0.0,0.0,-0.0245,-0.0038,-0.0976,23.7567,19.0438,24.9278,0.0,0.0433,-0.363,0.0,0.0,0.0,4105870.5457,4152729.8682,-3357157.3933,3269.1928,2117.9322,6631.906,4105846.789,4152710.8245,-3357182.3211,3269.2173,2117.936,6632.0036,0.0,0.0765,3.9732,0.0,0.0,1.0,0.0,1.0,0.0,0.0,1.172,-23.972,0.0,1.0,0.0,0.0,0.0,-1.0,0.13566502865514016,0.005385164807134504,-0.150595,0.9495130994643113,5.310792331958257,,
418.8678,30.098,-0.111,-0.079,26.125,-0.041,-0.058,-0.101,0.002,-0.005,-0.101,0.002,-0.005,1.084,0.321,-0.089,0.003,0.007,-0.007,-0.0,0.0,0.0,836.138,-0.0,0.0,-0.0,0.0,0.0,0.0,0.0,0.0,-0.6904,0.6881,-0.2234,0.7182,0.6891,-0.0968,0.0873,-0.2272,-0.9699,0.676,0.226,-0.7014,-0.7316,0.0917,-0.6755,-0.0884,0.9698,0.2273,-0.0001,0.0001,0.0001,0.0,0.0,0.0,-0.0245,-0.0038,-0.0976,23.7517,19.043,24.9077,0.0,0.0433,-0.363,0.0,0.0,0.0,4106544.2062,4153166.2548,-3355790.4779,3268.0891,2116.816,6632.8081,4106520.4545,4153147.2118,-3355815.3856,3268.1137,2116.8198,6632.9058,0.0,0.0765,3.9732,0.0,0.0,1.0,0.0,1.0,0.0,0.0,1.172,-23.972,0.0,1.0,0.0,0.0,0.0,-1.0,0.13624243098242192,0.005385164807134504,-0.15048999999999998,0.9493191646883364,5.3070894653633784,,
419.0691,30.078,-0.11,-0.08,26.104,-0.04,-0.059,-0.101,0.002,-0.005,-0.101,0.002,-0.005,1.085,0.322,-0.091,0.003,0.007,-0.007,-0.0,0.0,0.0,836.138,-0.0,0.0,-0.0,0.0,0.0,0.0,0.0,0.0,-0.6904,0.6881,-0.2234,0.7182,0.6891,-0.0969,0.0873,-0.2273,-0.9699,0.676,0.226,-0.7014,-0.7316,0.0917,-0.6755,-0.0884,0.9698,0.2273,-0.0001,0.0001,0.0001,0.0,0.0,0.0,-0.0245,-0.0038,-0.0976,23.7467,19.0422,24.888,0.0,0.0433,-0.363,0.0,0.0,0.0,4107203.3423,4153593.1525,-3354452.4078,3267.0087,2115.7233,6633.6908,4107179.5955,4153574.1103,-3354477.2957,3267.0332,2115.7271,6633.7885,0.0,0.0765,3.9732,0.0,0.0,1.0,0.0,1.0,0.0,0.0,1.172,-23.972,0.0,1.0,0.0,0.0,0.0,-1.0,0.13601470508735444,0.005385164807134504,-0.15039,0.950495903636134,5.303562925749209,,
419.2703,30.057,-0.11,-0.081,26.084,-0.04,-0.06,-0.101,0.002,-0.005,-0.101,0.002,-0.005,1.086,0.324,-0.092,0.003,0.007,-0.007,-0.0,0.0,0.0,836.138,-0.0,0.0,-0.0,0.0,0.0,0.0,0.0,0.0,-0.6904,0.6881,-0.2234,0.7181,0.6891,-0.0969,0.0872,-0.2273,-0.9699,0.676,0.226,-0.7014,-0.7316,0.0917,-0.6755,-0.0884,0.9698,0.2273,-0.0001,0.0001,0.0001,0.0,0.0,0.0,-0.0245,-0.0038,-0.0977,23.7418,19.0414,24.8684,0.0,0.0433,-0.363,0.0,0.0,0.0,4107859.1658,4154017.826,-3353120.4473,3265.9332,2114.6357,6634.569,4107835.424,4153998.7846,-3353145.3156,3265.9577,2114.6395,6634.6666,0.0,0.0765,3.9732,0.0,0.0,1.0,0.0,1.0,0.0,0.0,1.172,-23.972,0.0,1.0,0.0,0.0,0.0,-1.0,0.13660527076214884,0.005385164807134504,-0.150285,0.9503108086757508,5.299860059154332,,
419.4715,30.037,-0.109,-0.082,26.064,-0.039,-0.061,-0.101,0.002,-0.005,-0.101,0.002,-0.005,1.086,0.325,-0.094,0.003,0.007,-0.007,-0.0,0.0,0.0,836.138,-0.0,0.0,-0.0,0.0,0.0,0.0,0.0,0.0,-0.6904,0.6881,-0.2234,0.7181,0.6891,-0.0969,0.0872,-0.2273,-0.9699,0.676,0.226,-0.7014,-0.7316,0.0917,-0.6755,-0.0884,0.9698,0.2273,-0.0001,0.0001,0.0001,0.0,0.0,0.0,-0.0245,-0.0038,-0.0977,23.7369,19.0406,24.8487,0.0,0.0433,-0.363,0.0,0.0,0.0,4108516.9797,4154443.7098,-3351783.8224,3264.8539,2113.5443,6635.4497,4108493.2429,4154424.6692,-3351808.671,3264.8784,2113.5481,6635.5474,0.0,0.0765,3.9732,0.0,0.0,1.0,0.0,1.0,0.0,0.0,1.172,-23.972,0.0,1.0,0.0,0.0,0.0,-1.0,0.13640014662748717,0.005385164807134504,-0.15018499999999999,0.9517682349050849,5.296333519540163,,
419.6717,30.017,-0.109,-0.083,26.044,-0.039,-0.061,-0.101,0.002,-0.005,-0.101,0.002,-0.005,1.087,0.327,-0.095,0.003,0.007,-0.007,-0.0,0.0,0.0,836.138,-0.0,0.0,-0.0,0.0,0.0,0.0,0.0,0.0,-0.6904,0.6881,-0.2234,0.7181,0.6891,-0.097,0.0872,-0.2273,-0.9699,0.676,0.226,-0.7014,-0.7316,0.0917,-0.6755,-0.0884,0.9698,0.2273,-0.0001,0.0001,0.0001,0.0,0.0,0.0,-0.0245,-0.0038,-0.0977,23.732,19.0398,24.8291,0.0,0.0433,-0.363,0.0,0.0,0.0,4109171.3342,4154867.275,-3350453.615,3263.7797,2112.4581,6636.3258,4109147.6022,4154848.2352,-3350478.4441,3263.8042,2112.4619,6636.4235,0.0,0.0765,3.9732,0.0,0.0,1.0,0.0,1.0,0.0,0.0,1.172,-23.972,0.0,1.0,0.0,0.0,0.0,-1.0,0.13700364958642525,0.005385164807134504,-0.150085,0.9546001652440399,5.292806979925993,,
419.8773,29.996,-0.108,-0.084,26.023,-0.039,-0.062,-0.101,0.002,-0.005,-0.101,0.002,-0.005,1.088,0.328,-0.096,0.003,0.007,-0.007,-0.0,0.0,0.0,836.138,-0.0,0.0,-0.0,0.0,0.0,0.0,0.0,0.0,-0.6904,0.688,-0.2233,0.7181,0.6891,-0.097,0.0872,-0.2274,-0.9699,0.676,0.226,-0.7014,-0.7316,0.0917,-0.6755,-0.0884,0.9698,0.2273,-0.0001,0.0001,0.0001,0.0,0.0,0.0,-0.0245,-0.0038,-0.0977,23.727,19.0391,24.8092,0.0,0.0433,-0.363,0.0,0.0,0.0,4109837.5392,4155298.4308,-3349098.6861,3262.6856,2111.3518,6637.2177,4109813.8123,4155279.3917,-3349123.4952,3262.7101,2111.3556,6637.3154,0.0,0.0765,3.9732,0.0,0.0,1.0,0.0,1.0,0.0,0.0,1.172,-23.972,0.0,1.0,0.0,0.0,0.0,-1.0,0.13682105101189657,0.005385164807134504,-0.14998,0.9400254595851801,5.289104113331115,,
420.0814,29.976,-0.108,-0.085,26.003,-0.038,-0.063,-0.101,0.002,-0.005,-0.101,0.002,-0.005,1.088,0.329,-0.098,0.003,0.007,-0.007,-0.0,0.0,0.0,836.138,-0.0,0.0,-0.0,0.0,0.0,0.0,0.0,0.0,-0.6905,0.688,-0.2233,0.7181,0.6891,-0.097,0.0872,-0.2274,-0.9699,0.676,0.226,-0.7014,-0.7316,0.0917,-0.6755,-0.0884,0.9698,0.2273,-0.0001,0.0001,0.0001,0.0,0.0,0.0,-0.0245,-0.0038,-0.0977,23.722,19.0383,24.7892,0.0,0.0433,-0.363,0.0,0.0,0.0,4110503.1416,4155729.1152,-3347744.3471,3261.5919,2110.246,6638.1087,4110479.4197,4155710.077,-3347769.1364,3261.6164,2110.2499,6638.2064,0.0,0.0765,3.9732,0.0,0.0,1.0,0.0,1.0,0.0,0.0,1.172,-23.972,0.0,1.0,0.0,0.0,0.0,-1.0,0.13743725841270263,0.005385164807134504,-0.14987999999999999,0.955564271579834,5.285577573716946,,
420.2869,29.955,-0.107,-0.086,25.982,-0.038,-0.064,-0.101,0.002,-0.005,-0.101,0.002,-0.005,1.089,0.331,-0.099,0.003,0.007,-0.007,-0.0,0.0,0.0,836.138,-0.0,0.0,-0.0,0.0,0.0,0.0,0.0,0.0,-0.6905,0.688,-0.2233,0.7181,0.6891,-0.0971,0.0871,-0.2274,-0.9699,0.676,0.226,-0.7014,-0.7316,0.0917,-0.6755,-0.0884,0.9698,0.2273,-0.0001,0.0001,0.0001,0.0,0.0,0.0,-0.0245,-0.0038,-0.0977,23.7169,19.0375,24.7691,0.0,0.0433,-0.363,0.0,0.0,0.0,4111176.2735,4156164.5891,-3346374.0397,3260.4852,2109.1273,6639.0097,4111152.5566,4156145.5517,-3346398.8088,3260.5097,2109.1311,6639.1074,0.0,0.0765,3.9732,0.0,0.0,1.0,0.0,1.0,0.0,0.0,1.172,-23.972,0.0,1.0,0.0,0.0,0.0,-1.0,0.13727709204379293,0.005385164807134504,-0.149775,0.9409849899783941,5.281874707122068,,
420.4879,29.935,-0.107,-0.087,25.962,-0.037,-0.065,-0.101,0.002,-0.005,-0.101,0.002,-0.005,1.089,0.332,-0.101,0.003,0.007,-0.007,-0.0,0.0,0.0,836.138,-0.0,0.0,-0.0,0.0,0.0,0.0,0.0,0.0,-0.6905,0.688,-0.2233,0.7181,0.6891,-0.0971,0.0871,-0.2274,-0.9699,0.676,0.226,-0.7014,-0.7316,0.0917,-0.6755,-0.0884,0.9698,0.2273,-0.0001,0.0001,0.0001,0.0,0.0,0.0,-0.0245,-0.0038,-0.0977,23.712,19.0367,24.7495,0.0,0.0433,-0.363,0.0,0.0,0.0,4111830.1035,4156587.4962,-3345042.4031,3259.4098,2108.0401,6639.8849,4111806.3915,4156568.4595,-3345067.1525,3259.4343,2108.0439,6639.9826,0.0,0.0765,3.9732,0.0,0.0,1.0,0.0,1.0,0.0,0.0,1.172,-23.972,0.0,1.0,0.0,0.0,0.0,-1.0,0.13790576492663387,0.005385164807134504,-0.149675,0.9565508764607344,5.2783481675078985,,
420.6945,29.914,-0.106,-0.088,25.941,-0.037,-0.066,-0.101,0.002,-0.005,-0.101,0.002,-0.005,1.09,0.334,-0.102,0.003,0.007,-0.007,-0.0,0.0,0.0,836.138,-0.0,0.0,-0.0,0.0,0.0,0.0,0.0,0.0,-0.6905,0.688,-0.2233,0.7181,0.6892,-0.0971,0.0871,-0.2275,-0.9699,0.676,0.226,-0.7014,-0.7316,0.0917,-0.6755,-0.0884,0.9698,0.2273,-0.0001,0.0001,0.0001,0.0,0.0,0.0,-0.0245,-0.0038,-0.0977,23.7069,19.0359,24.7293,0.0,0.0433,-0.363,0.0,0.0,0.0,4112502.2371,4157022.1603,-3343672.8471,3258.3037,2106.922,6640.7844,4112478.5302,4157003.1244,-3343697.5764,3258.3282,2106.9258,6640.8822,0.0,0.0765,3.9732,0.0,0.0,1.0,0.0,1.0,0.0,0.0,1.172,-23.972,0.0,1.0,0.0,0.0,0.0,-1.0,0.13776792079435618,0.005385164807134504,-0.14957,0.9419673785375567,5.274645300913021,,
420.9004,29.893,-0.106,-0.089,25.92,-0.037,-0.067,-0.101,0.002,-0.005,-0.101,0.002,-0.005,1.091,0.335,-0.103,0.003,0.007,-0.007,-0.0,0.0,0.0,836.138,-0.0,0.0,-0.0,0.0,0.0,0.0,0.0,0.0,-0.6905,0.688,-0.2233,0.7181,0.6892,-0.0972,0.0871,-0.2275,-0.9699,0.676,0.226,-0.7014,-0.7316,0.0917,-0.6755,-0.0884,0.9698,0.2273,-0.0001,0.0001,0.0001,0.0,0.0,0.0,-0.0245,-0.0038,-0.0978,23.7018,19.0351,24.7091,0.0,0.0433,-0.363,0.0,0.0,0.0,4113177.3109,4157458.6424,-3342296.6434,3257.1922,2105.7985,6641.6879,4113153.609,4157439.6073,-3342321.3524,3257.2167,2105.8023,6641.7856,0.0,0.0765,3.9732,0.0,0.0,1.0,0.0,1.0,0.0,0.0,1.172,-23.972,0.0,1.0,0.0,0.0,0.0,-1.0,0.13840881474819441,0.005385164807134504,-0.14946500000000001,0.9415101647280237,5.270942434318144,,
421.1016,29.873,-0.105,-0.09,25.9,-0.036,-0.068,-0.101,0.002,-0.005,-0.101,0.002,-0.005,1.091,0.337,-0.105,0.003,0.007,-0.007,-0.0,0.0,0.0,836.138,-0.0,0.0,-0.0,0.0,0.0,0.0,0.0,0.0,-0.6905,0.688,-0.2233,0.7181,0.6892,-0.0972,0.0871,-0.2275,-0.9699,0.676,0.226,-0.7014,-0.7316,0.0917,-0.6755,-0.0884,0.9698,0.2273,-0.0001,0.0001,0.0001,0.0,0.0,0.0,-0.0245,-0.0038,-0.0978,23.6969,19.0343,24.6894,0.0,0.0433,-0.363,0.0,0.0,0.0,4113831.8257,4157881.7516,-3340961.7231,3256.114,2104.7087,6642.5637,4113808.1288,4157862.7173,-3340986.4125,3256.1385,2104.7125,6642.6615,0.0,0.0765,3.9732,0.0,0.0,1.0,0.0,1.0,0.0,0.0,1.172,-23.972,0.0,1.0,0.0,0.0,0.0,-1.0,0.1382931668593933,0.005385164807134504,-0.149365,0.942972742168289,5.267415894703975,,
421.3062,29.853,-0.105,-0.091,25.879,-0.036,-0.069,-0.101,0.002,-0.005,-0.101,0.002,-0.005,1.092,0.338,-0.106,0.003,0.007,-0.007,-0.0,0.0,0.0,836.138,-0.0,0.0,-0.0,0.0,0.0,0.0,0.0,0.0,-0.6905,0.688,-0.2233,0.718,0.6892,-0.0972,0.087,-0.2275,-0.9699,0.676,0.226,-0.7014,-0.7316,0.0917,-0.6755,-0.0884,0.9698,0.2273,-0.0001,0.0001,0.0001,0.0,0.0,0.0,-0.0245,-0.0038,-0.0978,23.692,19.0335,24.6695,0.0,0.0433,-0.363,0.0,0.0,0.0,4114496.0876,4158311.0808,-3339606.2937,3255.0192,2103.6023,6643.4526,4114472.3957,4158292.0472,-3339630.9632,3255.0437,2103.6061,6643.5504,0.0,0.0765,3.9732,0.0,0.0,1.0,0.0,1.0,0.0,0.0,1.172,-23.972,0.0,1.0,0.0,0.0,0.0,-1.0,0.13894603268895445,0.005385164807134504,-0.149265,0.9422638345218957,5.263889355089805,,
421.5083,29.832,-0.104,-0.092,25.859,-0.035,-0.07,-0.101,0.002,-0.005,-0.101,0.002,-0.005,1.093,0.34,-0.108,0.003,0.007,-0.007,-0.0,0.0,0.0,836.138,-0.0,0.0,-0.0,0.0,0.0,0.0,0.0,0.0,-0.6905,0.6879,-0.2233,0.718,0.6892,-0.0973,0.087,-0.2275,-0.9699,0.676,0.226,-0.7014,-0.7316,0.0917,-0.6755,-0.0884,0.9698,0.2273,-0.0001,0.0001,0.0001,0.0,0.0,0.0,-0.0245,-0.0038,-0.0978,23.687,19.0327,24.6497,0.0,0.0433,-0.363,0.0,0.0,0.0,4115153.7369,4158736.0561,-3338263.7266,3253.9348,2102.5063,6644.3325,4115130.05,4158717.0233,-3338288.3763,3253.9593,2102.5101,6644.4303,0.0,0.0765,3.9732,0.0,0.0,1.0,0.0,1.0,0.0,0.0,1.172,-23.972,0.0,1.0,0.0,0.0,0.0,-1.0,0.13885243966167823,0.005385164807134504,-0.14916000000000001,0.9440011971510157,5.260186488494927,,
421.7087,29.812,-0.104,-0.093,25.839,-0.035,-0.071,-0.101,0.002,-0.005,-0.101,0.002,-0.005,1.093,0.341,-0.109,0.003,0.007,-0.007,-0.0,0.0,0.0,836.138,-0.0,0.0,-0.0,0.0,0.0,0.0,0.0,0.0,-0.6906,0.6879,-0.2233,0.718,0.6892,-0.0973,0.087,-0.2276,-0.9699,0.676,0.226,-0.7014,-0.7316,0.0917,-0.6755,-0.0884,0.9698,0.2273,-0.0001,0.0001,0.0001,0.0,0.0,0.0,-0.0245,-0.0038,-0.0978,23.6821,19.032,24.6301,0.0,0.0433,-0.363,0.0,0.0,0.0,4115804.8352,4159156.7191,-3336933.9196,3252.8606,2101.4208,6645.2036,4115781.1531,4159137.6871,-3336958.5497,3252.8852,2101.4246,6645.3015,0.0,0.0765,3.9732,0.0,0.0,1.0,0.0,1.0,0.0,0.0,1.172,-23.972,0.0,1.0,0.0,0.0,0.0,-1.0,0.13951702405083044,0.005385164807134504,-0.14906,0.9435659128784558,5.256659948880758,,
421.9169,29.791,-0.103,-0.094,25.818,-0.035,-0.072,-0.101,0.002,-0.005,-0.101,0.002,-0.005,1.094,0.343,-0.11,0.003,0.007,-0.007,-0.0,0.0,0.0,836.138,-0.0,0.0,-0.0,0.0,0.0,0.0,0.0,0.0,-0.6906,0.6879,-0.2233,0.718,0.6892,-0.0973,0.087,-0.2276,-0.9699,0.676,0.226,-0.7014,-0.7316,0.0917,-0.6755,-0.0884,0.9698,0.2273,-0.0001,0.0001,0.0001,0.0,0.0,0.0,-0.0245,-0.0038,-0.0978,23.677,19.0312,24.6099,0.0,0.0433,-0.363,0.0,0.0,0.0,4116477.2823,4159591.0931,-3335559.864,3251.7507,2100.2993,6646.1033,4116453.6053,4159572.0619,-3335584.4739,3251.7752,2100.303,6646.2011,0.0,0.0765,3.9732,0.0,0.0,1.0,0.0,1.0,0.0,0.0,1.172,-23.972,0.0,1.0,0.0,0.0,0.0,-1.0,0.13944532978913277,0.005385164807134504,-0.148955,0.9289727145710882,5.25295708228588,,
422.1244,29.77,-0.103,-0.095,25.797,-0.034,-0.073,-0.101,0.002,-0.005,-0.101,0.002,-0.005,1.094,0.344,-0.112,0.003,0.007,-0.007,-0.0,0.0,0.0,836.138,-0.0,0.0,-0.0,0.0,0.0,0.0,0.0,0.0,-0.6906,0.6879,-0.2233,0.718,0.6892,-0.0974,0.0869,-0.2276,-0.9699,0.676,0.226,-0.7014,-0.7316,0.0917,-0.6755,-0.0884,0.9698,0.2273,-0.0001,0.0001,0.0001,0.0,0.0,0.0,-0.0245,-0.0038,-0.0978,23.6719,19.0304,24.5895,0.0,0.0433,-0.363,0.0,0.0,0.0,4117156.7039,4160029.8874,-3334170.8906,3250.6287,2099.1655,6647.0121,4117133.032,4160010.857,-3334195.48,3250.6532,2099.1693,6647.11,0.0,0.0765,3.9732,0.0,0.0,1.0,0.0,1.0,0.0,0.0,1.172,-23.972,0.0,1.0,0.0,0.0,0.0,-1.0,0.14012137595670404,0.005385164807134504,-0.14885,0.9446238666677802,5.2492542156910025,,
422.3274,29.75,-0.102,-0.096,25.776,-0.034,-0.074,-0.101,0.002,-0.005,-0.101,0.002,-0.005,1.095,0.346,-0.113,0.003,0.007,-0.007,-0.0,0.0,0.0,836.138,-0.0,0.0,-0.0,0.0,0.0,0.0,0.0,0.0,-0.6906,0.6879,-0.2233,0.718,0.6892,-0.0974,0.0869,-0.2276,-0.9699,0.676,0.226,-0.7014,-0.7316,0.0917,-0.6755,-0.0884,0.9698,0.2273,-0.0001,0.0001,0.0001,0.0,0.0,0.0,-0.0245,-0.0038,-0.0978,23.6669,19.0296,24.5696,0.0,0.0433,-0.363,0.0,0.0,0.0,4117817.9369,4160456.8527,-3332818.4594,3249.5362,2098.0617,6647.8966,4117794.27,4160437.8231,-3332843.0289,3249.5607,2098.0655,6647.9945,0.0,0.0765,3.9732,0.0,0.0,1.0,0.0,1.0,0.0,0.0,1.172,-23.972,0.0,1.0,0.0,0.0,0.0,-1.0,0.14007141035914503,0.005385164807134504,-0.14875,0.9297703868994032,5.245727676076833,,
422.5276,29.73,-0.102,-0.097,25.756,-0.033,-0.075,-0.101,0.002,-0.005,-0.101,0.002,-0.005,1.096,0.347,-0.115,0.003,0.007,-0.007,-0.0,0.0,0.0,836.138,-0.0,0.0,-0.0,0.0,0.0,0.0,0.0,0.0,-0.6906,0.6879,-0.2233,0.718,0.6892,-0.0974,0.0869,-0.2277,-0.9699,0.676,0.226,-0.7014,-0.7316,0.0917,-0.6755,-0.0884,0.9698,0.2273,-0.0001,0.0001,0.0001,0.0,0.0,0.0,-0.0245,-0.0038,-0.0979,23.662,19.0288,24.5501,0.0,0.0433,-0.363,0.0,0.0,0.0,4118465.8697,4160875.1509,-3331492.6173,3248.4652,2096.9796,6648.7633,4118442.2077,4160856.1221,-3331517.1673,3248.4897,2096.9833,6648.8611,0.0,0.0765,3.9732,0.0,0.0,1.0,0.0,1.0,0.0,0.0,1.172,-23.972,0.0,1.0,0.0,0.0,0.0,-1.0,0.14075865870347015,0.005385164807134504,-0.14865,0.9454478152470227,5.242201136462664,,
422.7296,29.708,-0.101,-0.098,25.735,-0.033,-0.076,-0.107,0.002,-0.005,-0.107,0.002,-0.005,1.096,0.348,-0.116,0.003,0.007,-0.007,-0.0,0.0,0.0,836.119,-0.0,0.0,-1.0,0.0,0.0,0.0,0.0,0.0,-0.6906,0.6879,-0.2233,0.718,0.6892,-0.0975,0.0869,-0.2277,-0.9699,0.676,0.226,-0.7014,-0.7316,0.0917,-0.6755,-0.0884,0.9698,0.2273,-0.0001,0.0001,0.0001,0.0,0.0,0.0,-0.0259,-0.0044,-0.104,23.657,19.028,24.5296,0.0,0.0433,-0.363,0.0,0.0,0.0,4119126.1998,4161301.3731,-3330140.7747,3247.3716,2095.8756,6649.6403,4119102.5428,4161282.3451,-3330165.3044,3247.3976,2095.88,6649.7443,0.0,0.0765,3.9732,0.0,0.0,1.0,0.0,1.0,0.0,0.0,1.172,-23.972,0.0,1.0,0.0,0.0,0.0,-1.0,0.1407302383995707,0.005385164807134504,-0.14854,0.9311094386909531,5.238321942887077,,
422.934,29.686,-0.101,-0.099,25.713,-0.033,-0.076,-0.109,0.002,-0.005,-0.109,0.002,-0.005,1.097,0.35,-0.118,0.003,0.007,-0.008,-0.0,0.0,0.0,836.113,-0.0,0.0,-0.0,0.0,0.0,0.0,0.0,0.0,-0.6906,0.6878,-0.2234,0.718,0.6892,-0.0975,0.0869,-0.2277,-0.9698,0.676,0.226,-0.7014,-0.7316,0.0917,-0.6755,-0.0884,0.9698,0.2273,-0.0001,0.0001,0.0001,0.0,0.0,0.0,-0.0264,-0.0046,-0.106,23.6516,19.027,24.5083,0.0,0.0433,-0.363,0.0,0.0,0.0,4119782.284,4161724.7739,-3328797.0015,3246.2856,2094.7787,6650.5158,4119758.6324,4161705.7469,-3328821.5098,3246.3119,2094.7833,6650.6218,0.0,0.0765,3.9732,0.0,0.0,1.0,0.0,1.0,0.0,0.0,1.172,-23.972,0.0,1.0,0.0,0.0,0.0,-1.0,0.14142842712835352,0.005385164807134504,-0.14843,0.9337502619905717,5.234442749311492,,
423.1343,29.664,-0.1,-0.1,25.691,-0.032,-0.077,-0.109,0.002,-0.005,-0.109,0.002,-0.005,1.097,0.351,-0.119,0.003,0.007,-0.008,-0.0,0.0,0.0,836.113,-0.0,0.0,-0.0,0.0,0.0,0.0,0.0,0.0,-0.6907,0.6878,-0.2234,0.718,0.6892,-0.0976,0.0868,-0.2277,-0.9698,0.676,0.226,-0.7014,-0.7316,0.0917,-0.6755,-0.0884,0.9698,0.2273,-0.0001,0.0001,0.0001,0.0,0.0,0.0,-0.0264,-0.0046,-0.106,23.6463,19.0261,24.4868,0.0,0.0433,-0.363,0.0,0.0,0.0,4120438.856,4162148.4098,-3327451.5983,3245.1986,2093.6807,6651.3938,4120415.2097,4162129.3837,-3327476.0851,3245.225,2093.6853,6651.4998,0.0,0.0765,3.9732,0.0,0.0,1.0,0.0,1.0,0.0,0.0,1.172,-23.972,0.0,1.0,0.0,0.0,0.0,-1.0,0.14142135623730953,0.005385164807134504,-0.14832,0.9352263874158835,5.230563555735905,,
423.3368,29.642,-0.1,-0.101,25.669,-0.032,-0.078,-0.114,0.002,-0.005,-0.114,0.002,-0.005,1.098,0.353,-0.121,0.003,0.007,-0.007,-0.0,0.0,0.0,836.097,-0.0,0.0,-1.0,0.0,0.0,0.0,0.0,0.0,-0.6907,0.6878,-0.2234,0.7179,0.6892,-0.0976,0.0868,-0.2278,-0.9698,0.676,0.226,-0.7014,-0.7316,0.0917,-0.6755,-0.0884,0.9698,0.2273,-0.0001,0.0001,0.0001,0.0,0.0,0.0,-0.0275,-0.0051,-0.1108,23.6409,19.0251,24.4649,0.0,0.0433,-0.363,0.0,0.0,0.0,4121099.7338,4162574.7429,-3326096.7368,3244.1029,2092.5746,6652.2727,4121076.093,4162555.7177,-3326121.2017,3244.1304,2092.5797,6652.3835,0.0,0.0765,3.9732,0.0,0.0,1.0,0.0,1.0,0.0,0.0,1.172,-23.972,0.0,1.0,0.0,0.0,0.0,-1.0,0.14213022197970424,0.005385164807134504,-0.14821,0.9347807634051714,5.226684362160318,,
423.5403,29.619,-0.099,-0.102,25.645,-0.031,-0.079,-0.115,0.002,-0.005,-0.115,0.002,-0.005,1.099,0.354,-0.122,0.003,0.007,-0.007,-0.0,0.0,0.0,836.094,-0.0,0.0,-0.0,0.0,0.0,0.0,0.0,0.0,-0.6907,0.6878,-0.2234,0.7179,0.6892,-0.0976,0.0868,-0.2278,-0.9698,0.676,0.226,-0.7014,-0.7316,0.0917,-0.6755,-0.0884,0.9698,0.2273,-0.0001,0.0001,0.0001,0.0,0.0,0.0,-0.0277,-0.0052,-0.1118,23.6353,19.0241,24.4424,0.0,0.0433,-0.363,0.0,0.0,0.0,4121754.0687,4162996.7747,-3324754.6627,3243.0183,2091.4793,6653.1466,4121730.4335,4162977.7507,-3324779.1051,3243.046,2091.4844,6653.2584,0.0,0.0765,3.9732,0.0,0.0,1.0,0.0,1.0,0.0,0.0,1.172,-23.972,0.0,1.0,0.0,0.0,0.0,-1.0,0.14214429288578562,0.005385164807134504,-0.148095,0.9360072547706665,5.222628841604024,,
423.7409,29.595,-0.099,-0.103,25.622,-0.031,-0.08,-0.115,0.002,-0.005,-0.115,0.002,-0.005,1.099,0.356,-0.123,0.003,0.007,-0.007,-0.0,0.0,0.0,836.094,-0.0,0.0,-0.0,0.0,0.0,0.0,0.0,0.0,-0.6907,0.6878,-0.2234,0.7179,0.6892,-0.0977,0.0868,-0.2278,-0.9698,0.676,0.226,-0.7014,-0.7316,0.0917,-0.6755,-0.0884,0.9698,0.2273,-0.0001,0.0001,0.0001,0.0,0.0,0.0,-0.0277,-0.0052,-0.1118,23.6297,19.023,24.4199,0.0,0.0433,-0.363,0.0,0.0,0.0,4122405.7077,4163416.9884,-3323417.4966,3241.9379,2090.3881,6654.0178,4122382.078,4163397.9654,-3323441.9165,3241.9656,2090.3933,6654.1297,0.0,0.0765,3.9732,0.0,0.0,1.0,0.0,1.0,0.0,0.0,1.172,-23.972,0.0,1.0,0.0,0.0,0.0,-1.0,0.14286357128393506,0.005385164807134504,-0.147975,0.9358263352326001,5.218396994067021,,
423.9432,29.572,-0.098,-0.104,25.599,-0.031,-0.081,-0.115,0.002,-0.005,-0.115,0.002,-0.005,1.1,0.357,-0.125,0.003,0.007,-0.007,-0.0,0.0,0.0,836.094,-0.0,0.0,-0.0,0.0,0.0,0.0,0.0,0.0,-0.6907,0.6878,-0.2234,0.7179,0.6892,-0.0977,0.0867,-0.2278,-0.9698,0.676,0.226,-0.7014,-0.7316,0.0917,-0.6755,-0.0884,0.9698,0.2273,-0.0001,0.0001,0.0001,0.0,0.0,0.0,-0.0277,-0.0052,-0.1118,23.6241,19.0219,24.3974,0.0,0.0433,-0.363,0.0,0.0,0.0,4123058.2149,4163837.6825,-3322077.9267,3240.8555,2089.295,6654.8902,4123034.5908,4163818.6606,-3322102.3241,3240.8833,2089.3002,6655.002,0.0,0.0765,3.9732,0.0,0.0,1.0,0.0,1.0,0.0,0.0,1.172,-23.972,0.0,1.0,0.0,0.0,0.0,-1.0,0.14289856542317,0.005385164807134504,-0.14786,0.9212241195206056,5.214341473510726,,
424.1438,29.549,-0.098,-0.105,25.576,-0.03,-0.082,-0.115,0.002,-0.005,-0.115,0.002,-0.005,1.101,0.359,-0.126,0.003,0.007,-0.007,-0.0,0.0,0.0,836.094,-0.0,0.0,-0.0,0.0,0.0,0.0,0.0,0.0,-0.6907,0.6878,-0.2234,0.7179,0.6892,-0.0977,0.0867,-0.2279,-0.9698,0.676,0.226,-0.7014,-0.7316,0.0917,-0.6755,-0.0884,0.9698,0.2273,-0.0001,0.0001,0.0001,0.0,0.0,0.0,-0.0277,-0.0052,-0.1119,23.6185,19.0209,24.375,0.0,0.0433,-0.363,0.0,0.0,0.0,4123708.6241,4164256.9445,-3320742.0452,3239.7761,2088.2049,6655.7597,4123685.0055,4164237.9236,-3320766.4201,3239.8038,2088.2101,6655.8715,0.0,0.0765,3.9732,0.0,0.0,1.0,0.0,1.0,0.0,0.0,1.172,-23.972,0.0,1.0,0.0,0.0,0.0,-1.0,0.14362799170078233,0.005385164807134504,-0.147745,0.9368996697313595,5.210285952954432,,
424.35,29.525,-0.098,-0.106,25.552,-0.03,-0.083,-0.115,0.002,-0.005,-0.115,0.002,-0.005,1.101,0.36,-0.128,0.003,0.007,-0.007,-0.0,0.0,0.0,836.094,-0.0,0.0,-0.0,0.0,0.0,0.0,0.0,0.0,-0.6907,0.6878,-0.2234,0.7179,0.6893,-0.0978,0.0867,-0.2279,-0.9698,0.676,0.226,-0.7014,-0.7316,0.0917,-0.6755,-0.0884,0.9698,0.2273,-0.0001,0.0001,0.0001,0.0,0.0,0.0,-0.0277,-0.0052,-0.1119,23.6128,19.0198,24.3517,0.0,0.0433,-0.363,0.0,0.0,0.0,4124381.1219,4164690.3622,-3319360.1415,3238.6595,2087.0773,6656.6586,4124357.5092,4164671.3424,-3319384.4932,3238.6872,2087.0825,6656.7705,0.0,0.0765,3.9732,0.0,0.0,1.0,0.0,1.0,0.0,0.0,1.172,-23.972,0.0,1.0,0.0,0.0,0.0,-1.0,0.14436065946094873,0.005385164807134504,-0.147625,0.9364715281207603,5.2060541054174285,,
424.5504,29.502,-0.097,-0.107,25.529,-0.029,-0.084,-0.115,0.002,-0.005,-0.115,0.002,-0.005,1.102,0.362,-0.129,0.003,0.007,-0.007,-0.0,0.0,0.0,836.094,-0.0,0.0,-0.0,0.0,0.0,0.0,0.0,0.0,-0.6907,0.6877,-0.2234,0.7179,0.6893,-0.0978,0.0867,-0.2279,-0.9698,0.676,0.226,-0.7014,-0.7316,0.0917,-0.6755,-0.0884,0.9698,0.2273,-0.0001,0.0001,0.0001,0.0,0.0,0.0,-0.0277,-0.0052,-0.1119,23.6073,19.0188,24.3296,0.0,0.0433,-0.363,0.0,0.0,0.0,4125021.2856,4165102.8618,-3318044.0668,3237.596,2086.0035,6657.5143,4124997.6783,4165083.8431,-3318068.3964,3237.6237,2086.0087,6657.6261,0.0,0.0765,3.9732,0.0,0.0,1.0,0.0,1.0,0.0,0.0,1.172,-23.972,0.0,1.0,0.0,0.0,0.0,-1.0,0.14442298985964805,0.005385164807134504,-0.14751,0.937994833029501,5.201998584861133,,
424.7573,29.478,-0.097,-0.108,25.505,-0.029,-0.085,-0.115,0.002,-0.005,-0.115,0.002,-0.005,1.102,0.363,-0.13,0.003,0.007,-0.007,-0.0,0.0,0.0,836.094,-0.0,0.0,-0.0,0.0,0.0,0.0,0.0,0.0,-0.6908,0.6877,-0.2234,0.7179,0.6893,-0.0978,0.0867,-0.2279,-0.9698,0.676,0.226,-0.7014,-0.7316,0.0917,-0.6755,-0.0884,0.9698,0.2273,-0.0001,0.0001,0.0001,0.0,0.0,0.0,-0.0277,-0.0052,-0.1119,23.6015,19.0177,24.3063,0.0,0.0433,-0.363,0.0,0.0,0.0,4125697.092,4165538.2453,-3316654.0616,3236.4728,2084.8694,6658.4175,4125673.4905,4165519.2276,-3316678.3679,3236.5005,2084.8746,6658.5294,0.0,0.0765,3.9732,0.0,0.0,1.0,0.0,1.0,0.0,0.0,1.172,-23.972,0.0,1.0,0.0,0.0,0.0,-1.0,0.14516542288024378,0.005385164807134504,-0.14739000000000002,0.9375768149542774,5.197766737324131,,
424.9619,29.455,-0.096,-0.109,25.482,-0.029,-0.086,-0.115,0.002,-0.005,-0.115,0.002,-0.005,1.103,0.364,-0.132,0.003,0.007,-0.007,-0.0,0.0,0.0,836.094,-0.0,0.0,-0.0,0.0,0.0,0.0,0.0,0.0,-0.6908,0.6877,-0.2234,0.7179,0.6893,-0.0979,0.0866,-0.2279,-0.9698,0.676,0.226,-0.7014,-0.7316,0.0917,-0.6755,-0.0884,0.9698,0.2273,-0.0001,0.0001,0.0001,0.0,0.0,0.0,-0.0277,-0.0052,-0.1119,23.5959,19.0166,24.2834,0.0,0.0433,-0.363,0.0,0.0,0.0,4126358.5859,4165964.3251,-3315292.8425,3235.3728,2083.7588,6659.3016,4126334.99,4165945.3085,-3315317.1259,3235.4005,2083.7639,6659.4135,0.0,0.0765,3.9732,0.0,0.0,1.0,0.0,1.0,0.0,0.0,1.172,-23.972,0.0,1.0,0.0,0.0,0.0,-1.0,0.14524806367039803,0.005385164807134504,-0.147275,0.9229678248829666,5.193711216767835,,
425.1648,29.432,-0.096,-0.11,25.458,-0.028,-0.087,-0.115,0.002,-0.005,-0.115,0.002,-0.005,1.104,0.366,-0.133,0.003,0.007,-0.007,-0.0,0.0,0.0,836.094,-0.0,0.0,-0.0,0.0,0.0,0.0,0.0,0.0,-0.6908,0.6877,-0.2234,0.7179,0.6893,-0.0979,0.0866,-0.228,-0.9698,0.676,0.226,-0.7014,-0.7316,0.0917,-0.6755,-0.0884,0.9698,0.2273,-0.0001,0.0001,0.0001,0.0,0.0,0.0,-0.0277,-0.0052,-0.1119,23.5902,19.0155,24.2607,0.0,0.0433,-0.363,0.0,0.0,0.0,4127013.1475,4166385.8583,-3313945.2596,3234.2837,2082.6593,6660.1763,4126989.5573,4166366.8428,-3313969.5204,3234.3115,2082.6645,6660.2882,0.0,0.0765,3.9732,0.0,0.0,1.0,0.0,1.0,0.0,0.0,1.172,-23.972,0.0,1.0,0.0,0.0,0.0,-1.0,0.14600000000000002,0.005385164807134504,-0.14715999999999999,0.9384499722717561,5.189655696211541,,
425.3717,29.408,-0.095,-0.111,25.434,-0.028,-0.087,-0.115,0.002,-0.005,-0.115,0.002,-0.005,1.104,0.367,-0.135,0.003,0.007,-0.007,-0.0,0.0,0.0,836.094,-0.0,0.0,-0.0,0.0,0.0,0.0,0.0,0.0,-0.6908,0.6877,-0.2234,0.7178,0.6893,-0.0979,0.0866,-0.228,-0.9698,0.676,0.226,-0.7014,-0.7316,0.0917,-0.6755,-0.0884,0.9698,0.2273,-0.0001,0.0001,0.0001,0.0,0.0,0.0,-0.0277,-0.0052,-0.1119,23.5845,19.0144,24.2375,0.0,0.0433,-0.363,0.0,0.0,0.0,4127685.2828,4166818.6256,-3312560.8345,3233.1649,2081.5299,6661.0744,4127661.6983,4166799.6112,-3312585.072,3233.1926,2081.535,6661.1864,0.0,0.0765,3.9732,0.0,0.0,1.0,0.0,1.0,0.0,0.0,1.172,-23.972,0.0,1.0,0.0,0.0,0.0,-1.0,0.146102703602637,0.005385164807134504,-0.14704,0.9267690158728376,5.185423848674538,,
425.5747,29.384,-0.094,-0.112,25.411,-0.027,-0.088,-0.115,0.002,-0.005,-0.115,0.002,-0.005,1.105,0.369,-0.136,0.003,0.007,-0.007,-0.0,0.0,0.0,836.094,-0.0,0.0,-0.0,0.0,0.0,0.0,0.0,0.0,-0.6908,0.6877,-0.2234,0.7178,0.6893,-0.098,0.0866,-0.228,-0.9698,0.676,0.226,-0.7014,-0.7316,0.0917,-0.6755,-0.0884,0.9698,0.2273,-0.0001,0.0001,0.0001,0.0,0.0,0.0,-0.0277,-0.0052,-0.1119,23.5788,19.0134,24.2146,0.0,0.0433,-0.363,0.0,0.0,0.0,4128345.9852,4167243.9481,-3311199.3146,3232.0646,2080.4191,6661.9572,4128322.4063,4167224.9347,-3311223.5292,3232.0923,2080.4243,6662.0692,0.0,0.0765,3.9732,0.0,0.0,1.0,0.0,1.0,0.0,0.0,1.172,-23.972,0.0,1.0,0.0,0.0,0.0,-1.0,0.14621901381147392,0.005385164807134504,-0.14692,0.9285352650133535,5.181192001137535,,
425.7779,29.361,-0.094,-0.113,25.387,-0.027,-0.089,-0.115,0.002,-0.005,-0.115,0.002,-0.005,1.106,0.37,-0.137,0.003,0.007,-0.007,-0.0,0.0,0.0,836.094,-0.0,0.0,-0.0,0.0,0.0,0.0,0.0,0.0,-0.6908,0.6877,-0.2234,0.7178,0.6893,-0.098,0.0866,-0.228,-0.9698,0.676,0.226,-0.7014,-0.7316,0.0917,-0.6755,-0.0884,0.9698,0.2273,-0.0001,0.0001,0.0001,0.0,0.0,0.0,-0.0277,-0.0052,-0.112,23.5733,19.0123,24.1921,0.0,0.0433,-0.363,0.0,0.0,0.0,4128997.0807,4167663.006,-3309856.9584,3230.9797,2079.324,6662.8271,4128973.5074,4167643.9937,-3309881.1505,3231.0074,2079.3292,6662.9391,0.0,0.0765,3.9732,0.0,0.0,1.0,0.0,1.0,0.0,0.0,1.172,-23.972,0.0,1.0,0.0,0.0,0.0,-1.0,0.1469863939281456,0.005385164807134504,-0.146805,0.9278454109782591,5.1771364805812405,,
425.9801,29.337,-0.093,-0.114,25.364,-0.027,-0.09,-0.115,0.002,-0.005,-0.115,0.002,-0.005,1.106,0.372,-0.139,0.003,0.007,-0.007,-0.0,0.0,0.0,836.094,-0.0,0.0,-0.0,0.0,0.0,0.0,0.0,0.0,-0.6908,0.6876,-0.2234,0.7178,0.6893,-0.0981,0.0865,-0.2281,-0.9698,0.676,0.226,-0.7014,-0.7316,0.0917,-0.6755,-0.0884,0.9698,0.2273,-0.0001,0.0001,0.0001,0.0,0.0,0.0,-0.0277,-0.0052,-0.112,23.5677,19.0113,24.1694,0.0,0.0433,-0.363,0.0,0.0,0.0,4129649.4961,4168082.8331,-3308511.2537,3229.892,2078.2262,6663.6988,4129625.9284,4168063.8218,-3308535.4232,3229.9197,2078.2314,6663.8107,0.0,0.0765,3.9732,0.0,0.0,1.0,0.0,1.0,0.0,0.0,1.172,-23.972,0.0,1.0,0.0,0.0,0.0,-1.0,0.14712239802287075,0.005385164807134504,-0.146685,0.913495262629492,5.1729046330442365,,
426.1809,29.314,-0.093,-0.116,25.341,-0.026,-0.091,-0.115,0.002,-0.005,-0.115,0.002,-0.005,1.107,0.373,-0.14,0.003,0.007,-0.007,-0.0,0.0,0.0,836.094,-0.0,0.0,-0.0,0.0,0.0,0.0,0.0,0.0,-0.6908,0.6876,-0.2234,0.7178,0.6893,-0.0981,0.0865,-0.2281,-0.9698,0.676,0.226,-0.7014,-0.7316,0.0917,-0.6755,-0.0884,0.9698,0.2273,-0.0001,0.0001,0.0001,0.0,0.0,0.0,-0.0277,-0.0052,-0.112,23.5621,19.0102,24.1469,0.0,0.0433,-0.363,0.0,0.0,0.0,4130299.0472,4168500.7373,-3307170.8303,3228.8086,2077.1328,6664.5665,4130275.4851,4168481.7271,-3307194.9772,3228.8364,2077.138,6664.6785,0.0,0.0765,3.9732,0.0,0.0,1.0,0.0,1.0,0.0,0.0,1.172,-23.972,0.0,1.0,0.0,0.0,0.0,-1.0,0.14867750334196494,0.005385164807134504,-0.14657,0.9318743102306001,5.168849112487942,,
426.3841,29.291,-0.092,-0.117,25.317,-0.026,-0.092,-0.115,0.002,-0.005,-0.115,0.002,-0.005,1.107,0.375,-0.142,0.003,0.007,-0.007,-0.0,0.0,0.0,836.094,-0.0,0.0,-0.0,0.0,0.0,0.0,0.0,0.0,-0.6909,0.6876,-0.2234,0.7178,0.6893,-0.0981,0.0865,-0.2281,-0.9698,0.676,0.226,-0.7014,-0.7316,0.0917,-0.6755,-0.0884,0.9698,0.2273,-0.0001,0.0001,0.0001,0.0,0.0,0.0,-0.0277,-0.0052,-0.112,23.5564,19.0091,24.1241,0.0,0.0433,-0.363,0.0,0.0,0.0,4130956.4353,4168923.6024,-3305813.5995,3227.7116,2076.0257,6665.4446,4130932.8789,4168904.5932,-3305837.7236,3227.7394,2076.0308,6665.5566,0.0,0.0765,3.9732,0.0,0.0,1.0,0.0,1.0,0.0,0.0,1.172,-23.972,0.0,1.0,0.0,0.0,0.0,-1.0,0.14883883901724038,0.005385164807134504,-0.146455,0.917020533911796,5.164793591931647,,
426.5876,29.267,-0.092,-0.118,25.294,-0.025,-0.093,-0.115,0.002,-0.005,-0.115,0.002,-0.006,1.108,0.375,-0.143,0.003,-0.016,-0.007,-0.0,-0.0,0.0,836.079,-0.0,0.0,-0.0,0.0,-0.769,0.0,0.0,0.0,-0.6909,0.6876,-0.2234,0.7178,0.6893,-0.0981,0.0865,-0.2281,-0.9698,0.676,0.226,-0.7014,-0.7316,0.0917,-0.6755,-0.0884,0.9698,0.2273,-0.0001,-0.0003,0.0001,0.0,0.0,0.0,-0.0277,-0.0052,-0.112,23.5508,19.0081,24.1013,0.0,0.0433,-0.363,0.0,0.0,0.0,4131614.9424,4169347.1053,-3304453.4153,3226.6122,2074.9162,6666.3242,4131591.3916,4169328.0972,-3304477.5166,3226.6399,2074.9213,6666.4362,0.0,0.0765,3.9732,0.0,0.0,1.0,0.0,1.0,0.0,0.0,1.172,-23.972,0.0,1.0,0.0,0.0,0.0,-1.0,0.14962620091414472,0.005385164807134504,-0.146335,0.9329326110682868,5.160561744394644,,
426.7902,29.244,-0.091,-0.119,25.271,-0.025,-0.095,-0.115,0.002,-0.005,-0.115,0.002,-0.01,1.109,0.367,-0.145,0.003,-0.062,-0.008,-0.0,-0.001,0.0,836.052,-0.0,0.0,-0.0,0.0,-0.993,0.0,0.0,0.0,-0.6908,0.6876,-0.2235,0.7178,0.6893,-0.0981,0.0866,-0.2282,-0.9698,0.676,0.226,-0.7014,-0.7316,0.0917,-0.6755,-0.0884,0.9698,0.2273,-0.0001,-0.0011,0.0001,0.0,0.0,0.0,-0.0277,-0.0052,-0.112,23.5451,19.0071,24.0785,0.0,0.0433,-0.3629,0.0,0.0,0.0,4132270.5262,4169768.6465,-3303098.6315,3225.5171,2073.8111,6667.1998,4132246.9811,4169749.6395,-3303122.71,3225.5448,2073.8163,6667.3118,0.0,0.0765,3.9732,0.0,0.0,1.0,0.0,1.0,0.0,0.0,1.172,-23.972,0.0,1.0,0.0,0.0,0.0,-1.0,0.14980654191322887,0.005385164807134504,-0.14622,0.9153800836432671,5.15650622383835,,
426.9915,29.221,-0.091,-0.12,25.247,-0.025,-0.097,-0.115,0.002,-0.006,-0.115,0.002,-0.013,1.109,0.35,-0.146,0.003,-0.109,-0.009,-0.0,-0.002,0.0,836.023,-0.0,0.0,-0.0,0.0,-0.993,0.0,0.0,0.0,-0.6908,0.6876,-0.2237,0.7178,0.6893,-0.0979,0.0869,-0.2282,-0.9697,0.676,0.226,-0.7014,-0.7316,0.0917,-0.6755,-0.0884,0.9698,0.2273,-0.0001,-0.0019,0.0001,0.0,0.0,0.0,-0.0277,-0.0052,-0.112,23.5395,19.0061,24.056,0.0,0.0433,-0.3629,0.0,0.0,0.0,4132919.2273,4170185.6818,-3301757.4443,3224.433,2072.7172,6668.0661,4132895.6878,4170166.6757,-3301781.5003,3224.4607,2072.7223,6668.1781,0.0,0.0765,3.9732,0.0,0.0,1.0,0.0,1.0,0.0,0.0,1.172,-23.972,0.0,1.0,0.0,0.0,0.0,-1.0,0.15060212481900778,0.006324555320336759,-0.146105,0.9120953696441803,5.152450703282055,,
427.1969,29.197,-0.09,-0.121,25.224,-0.024,-0.1,-0.115,0.002,-0.006,-0.115,0.002,-0.017,1.11,0.322,-0.148,0.003,-0.157,-0.01,-0.0,-0.003,0.0,835.995,-0.0,0.0,-0.0,0.0,-0.993,0.0,0.0,0.0,-0.6907,0.6876,-0.2241,0.7179,0.6893,-0.0975,0.0874,-0.2282,-0.9697,0.676,0.226,-0.7014,-0.7316,0.0917,-0.6755,-0.0884,0.9698,0.2273,-0.0001,-0.0027,0.0001,0.0,0.0,0.0,-0.0277,-0.0052,-0.112,23.5337,19.0052,24.0331,0.0,0.0433,-0.3629,0.0,0.0,0.0,4133580.0362,4170610.4192,-3300390.5786,3223.3281,2071.6023,6668.9486,4133556.5025,4170591.414,-3300414.6117,3223.3558,2071.6075,6669.0606,0.0,0.0765,3.9732,0.0,0.0,1.0,0.0,1.0,0.0,0.0,1.172,-23.972,0.0,1.0,0.0,0.0,0.0,-1.0,0.15080119362922828,0.006324555320336759,-0.145985,0.9096526867527154,5.148218855745052,,
427.4027,29.173,-0.09,-0.122,25.2,-0.024,-0.104,-0.115,0.002,-0.006,-0.115,0.002,-0.017,1.11,0.288,-0.15,0.003,-0.153,-0.01,-0.0,-0.003,0.0,835.967,-0.0,0.0,-0.0,0.0,0.0,0.0,0.0,0.0,-0.6906,0.6876,-0.2245,0.7179,0.6893,-0.0971,0.088,-0.2282,-0.9696,0.676,0.226,-0.7014,-0.7316,0.0917,-0.6755,-0.0884,0.9698,0.2273,-0.0001,-0.0027,0.0001,0.0,0.0,0.0,-0.0277,-0.0052,-0.112,23.5278,19.0042,24.01,0.0,0.0433,-0.3629,0.0,0.0,0.0,4134244.3407,4171037.3196,-3299015.8283,3222.2168,2070.4811,6669.8356,4134220.8129,4171018.3154,-3299039.8383,3222.2445,2070.4862,6669.9477,0.0,0.0765,3.9732,0.0,0.0,1.0,0.0,1.0,0.0,0.0,1.172,-23.972,0.0,1.0,0.0,0.0,0.0,-1.0,0.1516047492659778,0.006324555320336759,-0.145865,0.9052270455560285,5.1439870082080486,,
427.6075,29.15,-0.089,-0.123,25.176,-0.024,-0.107,-0.115,0.003,-0.006,-0.115,0.002,-0.013,1.111,0.262,-0.152,0.003,-0.105,-0.009,-0.0,-0.002,0.0,835.938,-0.0,0.0,-0.0,0.0,0.0,0.0,0.0,0.0,-0.6905,0.6875,-0.2248,0.7179,0.6893,-0.0968,0.0884,-0.2282,-0.9696,0.676,0.226,-0.7014,-0.7316,0.0917,-0.6755,-0.0884,0.9698,0.2273,-0.0001,-0.0018,0.0001,0.0,0.0,0.0,-0.0277,-0.0052,-0.1121,23.522,19.0033,23.987,0.0,0.0433,-0.3629,0.0,0.0,0.0,4134904.3018,4171461.3457,-3297649.416,3221.1121,2069.3667,6670.7168,4134880.7799,4171442.3424,-3297673.403,3221.1399,2069.3718,6670.8289,0.0,0.0765,3.9732,0.0,0.0,1.0,0.0,1.0,0.0,0.0,1.172,-23.972,0.0,1.0,0.0,0.0,0.0,-1.0,0.15182226450688976,0.00670820393249937,-0.14575,0.8892119428459623,5.1399314876517535,,
427.8108,29.126,-0.089,-0.125,25.153,-0.023,-0.109,-0.115,0.003,-0.005,-0.115,0.002,-0.01,1.112,0.245,-0.154,0.003,-0.059,-0.008,-0.0,-0.001,0.0,835.91,-0.0,0.0,-0.0,0.0,0.0,0.0,0.0,0.0,-0.6904,0.6875,-0.225,0.718,0.6893,-0.0966,0.0887,-0.2283,-0.9695,0.676,0.226,-0.7014,-0.7316,0.0917,-0.6755,-0.0884,0.9698,0.2273,-0.0001,-0.001,0.0001,0.0,0.0,0.0,-0.0277,-0.0052,-0.1121,23.5163,19.0023,23.9644,0.0,0.0433,-0.3629,0.0,0.0,0.0,4135556.978,4171880.6097,-3296297.4474,3220.0192,2068.2641,6671.5882,4135533.4618,4171861.6073,-3296321.4118,3220.0469,2068.2692,6671.7003,0.0,0.0765,3.9732,0.0,0.0,1.0,0.0,1.0,0.0,0.0,1.172,-23.972,0.0,1.0,0.0,0.0,0.0,-1.0,0.15344705927452634,0.0058309518948453,-0.14563,0.905758800359696,5.135699640114751,,
428.0124,29.103,-0.088,-0.126,25.129,-0.023,-0.111,-0.115,0.003,-0.005,-0.115,0.002,-0.006,1.112,0.238,-0.156,0.003,-0.012,-0.007,-0.0,-0.0,0.0,835.882,-0.0,0.0,-0.0,0.0,0.0,0.0,0.0,0.0,-0.6904,0.6875,-0.2251,0.718,0.6893,-0.0965,0.0888,-0.2283,-0.9695,0.676,0.226,-0.7014,-0.7316,0.0917,-0.6755,-0.0884,0.9698,0.2273,-0.0001,-0.0002,0.0001,0.0,0.0,0.0,-0.0277,-0.0051,-0.1121,23.5106,19.0013,23.9417,0.0,0.0433,-0.3629,0.0,0.0,0.0,4136208.3129,4172298.9309,-3294947.6237,3218.9279,2067.1633,6672.4578,4136184.8023,4172279.9296,-3294971.5654,3218.9556,2067.1684,6672.5699,0.0,0.0765,3.9732,0.0,0.0,1.0,0.0,1.0,0.0,0.0,1.172,-23.972,0.0,1.0,0.0,0.0,0.0,-1.0,0.15368799562750501,0.0058309518948453,-0.145515,0.8910019032738894,5.131644119558456,,
428.2184,29.079,-0.088,-0.127,25.106,-0.022,-0.112,-0.115,0.003,-0.005,-0.115,0.002,-0.006,1.113,0.236,-0.157,0.003,-0.008,-0.007,-0.0,-0.0,0.0,835.88,-0.0,0.0,-0.0,0.0,0.0,0.0,0.0,0.0,-0.6904,0.6875,-0.2252,0.718,0.6894,-0.0965,0.0889,-0.2283,-0.9695,0.676,0.226,-0.7014,-0.7316,0.0917,-0.6755,-0.0884,0.9698,0.2273,-0.0001,-0.0001,0.0001,0.0,0.0,0.0,-0.0277,-0.0051,-0.1121,23.505,19.0003,23.9187,0.0,0.0433,-0.3629,0.0,0.0,0.0,4136868.3108,4172722.7334,-3293579.2005,3217.8216,2066.0473,6673.3389,4136844.8058,4172703.7331,-3293603.1192,3217.8493,2066.0525,6673.451,0.0,0.0765,3.9732,0.0,0.0,1.0,0.0,1.0,0.0,0.0,1.172,-23.972,0.0,1.0,0.0,0.0,0.0,-1.0,0.15450889942006577,0.0058309518948453,-0.145395,0.9076392892821612,5.127412272021453,,
428.424,29.055,-0.087,-0.128,25.082,-0.022,-0.113,-0.115,0.003,-0.005,-0.115,0.002,-0.006,1.114,0.235,-0.159,0.003,-0.016,-0.007,-0.0,-0.0,0.0,835.875,-0.0,0.0,-0.0,0.0,-0.46,0.0,0.0,0.0,-0.6904,0.6875,-0.2252,0.718,0.6894,-0.0965,0.0889,-0.2283,-0.9695,0.676,0.226,-0.7014,-0.7316,0.0917,-0.6755,-0.0884,0.9698,0.2273,-0.0001,-0.0003,0.0001,0.0,0.0,0.0,-0.0277,-0.0051,-0.1121,23.4992,18.9992,23.8955,0.0,0.0433,-0.3629,0.0,0.0,0.0,4137534.0014,4173150.1069,-3292198.3154,3216.7052,2064.9212,6674.2275,4137510.5022,4173131.1077,-3292222.211,3216.7329,2064.9264,6674.3396,0.0,0.0765,3.9732,0.0,0.0,1.0,0.0,1.0,0.0,0.0,1.172,-23.972,0.0,1.0,0.0,0.0,0.0,-1.0,0.15476756766196204,0.0058309518948453,-0.145275,0.8932084976029862,5.12318042448445,,
428.6295,29.032,-0.087,-0.129,25.058,-0.021,-0.115,-0.115,0.003,-0.005,-0.115,0.003,-0.01,1.114,0.226,-0.16,0.003,-0.063,0.007,0.0,-0.001,0.0,835.824,-0.0,0.0,-0.0,0.35,-1.0,0.0,0.0,0.0,-0.6904,0.6875,-0.2253,0.718,0.6894,-0.0964,0.089,-0.2284,-0.9695,0.676,0.226,-0.7014,-0.7316,0.0917,-0.6755,-0.0884,0.9698,0.2273,0.0001,-0.0011,0.0001,0.0,0.0,0.0,-0.0277,-0.0051,-0.1121,23.4935,18.9982,23.8726,0.0,0.0433,-0.3629,0.0,0.0,0.0,4138190.9664,4173571.7956,-3290834.8786,3215.6028,2063.8094,6675.1044,4138167.4729,4173552.7975,-3290858.7512,3215.6305,2063.8146,6675.2165,0.0,0.0765,3.9732,0.0,0.0,1.0,0.0,1.0,0.0,0.0,1.172,-23.972,0.0,1.0,0.0,0.0,0.0,-1.0,0.15559562975867927,0.0058309518948453,-0.14516,0.9097633058073612,5.119124903928155,,
428.8309,29.008,-0.086,-0.13,25.035,-0.02,-0.117,-0.116,0.003,-0.006,-0.115,0.006,-0.013,1.115,0.209,-0.154,0.003,-0.107,0.049,0.001,-0.002,0.0,835.734,-0.0,0.0,-0.0,0.925,-1.0,0.0,0.0,0.0,-0.6903,0.6875,-0.2255,0.718,0.6894,-0.0962,0.0893,-0.2283,-0.9695,0.676,0.226,-0.7014,-0.7316,0.0917,-0.6755,-0.0884,0.9698,0.2273,0.0009,-0.0018,0.0,0.0,0.0,0.0,-0.0277,-0.0051,-0.1121,23.4879,18.9972,23.85,0.0,0.0433,-0.3629,0.0,0.0,0.0,4138839.4662,4173987.9696,-3289488.3781,3214.5141,2062.7114,6675.9699,4138815.9784,4173968.9724,-3289512.2281,3214.5418,2062.7166,6676.082,0.0,0.0765,3.9732,0.0,0.0,1.0,0.0,1.0,0.0,0.0,1.172,-23.972,0.0,1.0,0.0,0.0,0.0,-1.0,0.1558717421471897,0.00670820393249937,-0.14504,0.9127601049631769,5.114893056391152,,
429.0345,28.985,-0.086,-0.131,25.011,-0.019,-0.12,-0.116,0.003,-0.006,-0.115,0.01,-0.017,1.115,0.183,-0.14,0.003,-0.152,0.093,0.002,-0.003,0.0,835.639,-0.0,0.0,-0.0,0.961,-1.0,0.0,0.0,0.0,-0.6902,0.6875,-0.2256,0.718,0.6894,-0.0957,0.0898,-0.228,-0.9695,0.676,0.226,-0.7014,-0.7316,0.0917,-0.6755,-0.0884,0.9698,0.2273,0.0017,-0.0026,0.0,0.0,0.0,0.0,-0.0277,-0.0051,-0.1121,23.4822,18.9964,23.8271,0.0,0.0433,-0.3628,0.0,0.0,0.0,4139495.0064,4174408.5804,-3288126.6143,3213.413,2061.601,6676.8447,4139471.5243,4174389.584,-3288150.4414,3213.4407,2061.6062,6676.9569,0.0,0.0765,3.9732,0.0,0.0,1.0,0.0,1.0,0.0,0.0,1.172,-23.972,0.0,1.0,0.0,0.0,0.0,-1.0,0.156706732465456,0.00670820393249937,-0.144925,0.9313547472138111,5.1108375358348574,,
429.2355,28.962,-0.085,-0.132,24.988,-0.017,-0.123,-0.116,0.003,-0.006,-0.115,0.009,-0.017,1.116,0.149,-0.12,0.002,-0.161,0.084,0.002,-0.003,0.0,835.555,-0.0,0.0,-0.0,0.0,0.0,0.0,0.0,0.0,-0.6901,0.6876,-0.2257,0.7181,0.6895,-0.095,0.0903,-0.2277,-0.9695,0.676,0.226,-0.7014,-0.7316,0.0917,-0.6755,-0.0884,0.9698,0.2273,0.0015,-0.0028,0.0,0.0,0.0,0.0,-0.0277,-0.0051,-0.1122,23.4765,18.9956,23.8046,0.0,0.0433,-0.3628,0.0,0.0,0.0,4140139.3983,4174821.9573,-3286787.384,3212.3301,2060.509,6677.7047,4140115.9217,4174802.9618,-3286811.1886,3212.3578,2060.5142,6677.8168,0.0,0.0765,3.9732,0.0,0.0,1.0,0.0,1.0,0.0,0.0,1.172,-23.972,0.0,1.0,0.0,0.0,0.0,-1.0,0.157,0.00670820393249937,-0.14481,0.9533912326184093,5.106782015278562,,
429.4395,28.938,-0.084,-0.134,24.965,-0.015,-0.127,-0.116,0.003,-0.006,-0.116,0.006,-0.014,1.116,0.121,-0.107,0.002,-0.117,0.041,0.001,-0.002,0.0,835.477,-0.0,0.0,-0.0,0.0,0.0,0.0,0.0,0.0,-0.69,0.6877,-0.2259,0.7181,0.6895,-0.0945,0.0908,-0.2274,-0.9696,0.676,0.226,-0.7014,-0.7316,0.0917,-0.6755,-0.0884,0.9698,0.2273,0.0007,-0.002,0.0,0.0,0.0,0.0,-0.0277,-0.0051,-0.1122,23.4708,18.9947,23.7816,0.0,0.0433,-0.3628,0.0,0.0,0.0,4140797.8546,4175244.2747,-3285418.2757,3211.2231,2059.3927,6678.5833,4140774.3838,4175225.28,-3285442.0573,3211.2508,2059.3979,6678.6955,0.0,0.0765,3.9732,0.0,0.0,1.0,0.0,1.0,0.0,0.0,1.172,-23.972,0.0,1.0,0.0,0.0,0.0,-1.0,0.15815182578775372,0.00670820393249937,-0.14468999999999999,0.9771057943549225,5.102550167741559,,
429.6455,28.914,-0.084,-0.135,24.941,-0.015,-0.129,-0.116,0.003,-0.005,-0.116,0.003,-0.01,1.117,0.102,-0.103,0.002,-0.071,0.006,0.0,-0.001,0.0,835.408,-0.0,0.0,-0.0,0.0,0.0,0.0,0.0,0.0,-0.6899,0.6877,-0.2261,0.7181,0.6895,-0.0942,0.0911,-0.2274,-0.9695,0.676,0.226,-0.7014,-0.7316,0.0917,-0.6755,-0.0884,0.9698,0.2273,0.0001,-0.0012,0.0,0.0,0.0,0.0,-0.0277,-0.0051,-0.1122,23.4651,18.9938,23.7586,0.0,0.0433,-0.3628,0.0,0.0,0.0,4141455.0994,4175665.7315,-3284051.0374,3210.1175,2058.278,6679.4602,4141431.6343,4175646.7378,-3284074.796,3210.1452,2058.2831,6679.5724,0.0,0.0765,3.9732,0.0,0.0,1.0,0.0,1.0,0.0,0.0,1.172,-23.972,0.0,1.0,0.0,0.0,0.0,-1.0,0.159,0.0058309518948453,-0.14457,0.9802147403348732,5.098318320204557,,
429.8471,28.891,-0.083,-0.136,24.918,-0.014,-0.131,-0.116,0.003,-0.005,-0.116,0.003,-0.007,1.117,0.092,-0.102,0.002,-0.025,0.007,0.0,-0.0,0.0,835.381,-0.0,0.0,-0.0,0.0,0.0,0.0,0.0,0.0,-0.6899,0.6877,-0.2262,0.7181,0.6895,-0.094,0.0913,-0.2273,-0.9695,0.676,0.226,-0.7014,-0.7316,0.0917,-0.6755,-0.0884,0.9698,0.2273,0.0001,-0.0004,0.0,0.0,0.0,0.0,-0.0277,-0.0051,-0.1122,23.4594,18.9928,23.736,0.0,0.0433,-0.3628,0.0,0.0,0.0,4142102.5931,4176080.8545,-3282703.4459,3209.0277,2057.1793,6680.3241,4142079.1337,4176061.8617,-3282727.1819,3209.0554,2057.1844,6680.4363,0.0,0.0765,3.9732,0.0,0.0,1.0,0.0,1.0,0.0,0.0,1.172,-23.972,0.0,1.0,0.0,0.0,0.0,-1.0,0.1593267083699403,0.0058309518948453,-0.144455,0.985648158675017,5.094262799648261,,
430.0504,28.867,-0.083,-0.137,24.894,-0.013,-0.132,-0.116,0.003,-0.005,-0.116,0.003,-0.006,1.118,0.09,-0.1,0.002,-0.007,0.007,0.0,-0.0,0.0,835.37,-0.0,0.0,-0.0,0.0,0.0,0.0,0.0,0.0,-0.6899,0.6877,-0.2262,0.7181,0.6895,-0.094,0.0913,-0.2273,-0.9695,0.676,0.226,-0.7014,-0.7316,0.0917,-0.6755,-0.0884,0.9698,0.2273,0.0001,-0.0001,0.0,0.0,0.0,0.0,-0.0277,-0.0051,-0.1122,23.4538,18.9917,23.7132,0.0,0.0433,-0.3628,0.0,0.0,0.0,4142754.0826,4176498.4574,-3281346.9021,3207.9307,2056.0733,6681.1933,4142730.6288,4176479.4657,-3281370.6153,3207.9584,2056.0785,6681.3055,0.0,0.0765,3.9732,0.0,0.0,1.0,0.0,1.0,0.0,0.0,1.172,-23.972,0.0,1.0,0.0,0.0,0.0,-1.0,0.16018114745499862,0.0058309518948453,-0.144335,1.002183827741577,5.090030952111259,,
430.2512,28.844,-0.082,-0.138,24.871,-0.013,-0.133,-0.116,0.003,-0.005,-0.116,0.003,-0.006,1.118,0.088,-0.099,0.002,-0.007,0.007,0.0,-0.0,0.0,835.37,-0.0,0.0,-0.0,0.0,0.0,0.0,0.0,0.0,-0.6899,0.6877,-0.2262,0.7181,0.6895,-0.094,0.0914,-0.2273,-0.9695,0.676,0.226,-0.7014,-0.7316,0.0917,-0.6755,-0.0884,0.9698,0.2273,0.0001,-0.0001,0.0,0.0,0.0,0.0,-0.0277,-0.0051,-0.1122,23.4483,18.9907,23.6907,0.0,0.0433,-0.3628,0.0,0.0,0.0,4143396.5414,4176910.1913,-3280008.5362,3206.8484,2054.9822,6682.0503,4143373.0931,4176891.2006,-3280032.2269,3206.8761,2054.9873,6682.1625,0.0,0.0765,3.9732,0.0,0.0,1.0,0.0,1.0,0.0,0.0,1.172,-23.972,0.0,1.0,0.0,0.0,0.0,-1.0,0.16052414148656893,0.0058309518948453,-0.14422000000000001,0.9884672450688677,5.085975431554964,,
430.4575,28.82,-0.082,-0.139,24.847,-0.012,-0.134,-0.116,0.003,-0.005,-0.116,0.003,-0.006,1.119,0.087,-0.097,0.002,-0.007,0.007,0.0,-0.0,0.0,835.37,-0.0,0.0,-0.0,0.0,0.0,0.0,0.0,0.0,-0.6899,0.6877,-0.2262,0.7181,0.6895,-0.0939,0.0914,-0.2272,-0.9695,0.676,0.226,-0.7014,-0.7316,0.0917,-0.6755,-0.0884,0.9698,0.2273,0.0001,-0.0001,0.0,0.0,0.0,0.0,-0.0277,-0.0051,-0.1122,23.4425,18.9897,23.6675,0.0,0.0433,-0.3628,0.0,0.0,0.0,4144059.8726,4177335.2185,-3278626.0327,3205.7304,2053.8551,6682.9351,4144036.4301,4177316.2289,-3278649.7002,3205.758,2053.8603,6683.0474,0.0,0.0765,3.9732,0.0,0.0,1.0,0.0,1.0,0.0,0.0,1.172,-23.972,0.0,1.0,0.0,0.0,0.0,-1.0,0.1613846337170922,0.0058309518948453,-0.1441,1.0050051573299035,5.081743584017961,,
430.6612,28.797,-0.081,-0.14,24.824,-0.011,-0.136,-0.116,0.003,-0.005,-0.116,0.003,-0.006,1.12,0.085,-0.096,0.002,-0.007,0.007,0.0,-0.0,0.0,835.37,-0.0,0.0,-0.0,0.0,0.0,0.0,0.0,0.0,-0.6899,0.6877,-0.2262,0.7181,0.6895,-0.0939,0.0914,-0.2272,-0.9695,0.676,0.226,-0.7014,-0.7316,0.0917,-0.6755,-0.0884,0.9698,0.2273,0.0001,-0.0001,0.0,0.0,0.0,0.0,-0.0277,-0.0051,-0.1122,23.4369,18.9886,23.6447,0.0,0.0433,-0.3628,0.0,0.0,0.0,4144711.8533,4177752.8899,-3277266.5383,3204.6309,2052.7468,6683.8048,4144688.4164,4177733.9013,-3277290.1829,3204.6586,2052.752,6683.917,0.0,0.0765,3.9732,0.0,0.0,1.0,0.0,1.0,0.0,0.0,1.172,-23.972,0.0,1.0,0.0,0.0,0.0,-1.0,0.16174362429474617,0.0058309518948453,-0.143985,1.0108307810663517,5.077688063461666,,
430.8648,28.773,-0.081,-0.141,24.8,-0.011,-0.137,-0.116,0.003,-0.005,-0.116,0.003,-0.006,1.12,0.084,-0.094,0.002,-0.007,0.007,0.0,-0.0,0.0,835.37,-0.0,0.0,-0.0,0.0,0.0,0.0,0.0,0.0,-0.6899,0.6877,-0.2262,0.7181,0.6895,-0.0938,0.0914,-0.2272,-0.9695,0.676,0.226,-0.7014,-0.7316,0.0917,-0.6755,-0.0884,0.9698,0.2273,0.0001,-0.0001,0.0,0.0,0.0,0.0,-0.0277,-0.0051,-0.1123,23.4313,18.9876,23.6218,0.0,0.0433,-0.3628,0.0,0.0,0.0,4145363.1876,4178170.0653,-3275907.7479,3203.5319,2051.6392,6684.6735,4145339.7563,4178151.0777,-3275931.3698,3203.5596,2051.6443,6684.7857,0.0,0.0765,3.9732,0.0,0.0,1.0,0.0,1.0,0.0,0.0,1.172,-23.972,0.0,1.0,0.0,0.0,0.0,-1.0,0.1626099627944118,0.0058309518948453,-0.143865,1.0113015132716368,5.073456215924662,,
431.0678,28.75,-0.08,-0.142,24.777,-0.01,-0.138,-0.116,0.003,-0.005,-0.116,0.003,-0.006,1.121,0.082,-0.093,0.002,-0.007,0.007,0.0,-0.0,0.0,835.37,-0.0,0.0,-0.0,0.0,0.0,0.0,0.0,0.0,-0.6899,0.6877,-0.2262,0.7181,0.6896,-0.0938,0.0915,-0.2272,-0.9696,0.676,0.226,-0.7014,-0.7316,0.0917,-0.6755,-0.0884,0.9698,0.2273,0.0001,-0.0001,0.0,0.0,0.0,0.0,-0.0277,-0.0051,-0.1123,23.4256,18.9866,23.599,0.0,0.0433,-0.3628,0.0,0.0,0.0,4146015.2434,4178587.6204,-3274546.8097,3202.4312,2050.5298,6685.5431,4145991.8177,4178568.6338,-3274570.4087,3202.4589,2050.5349,6685.6553,0.0,0.0765,3.9732,0.0,0.0,1.0,0.0,1.0,0.0,0.0,1.172,-23.972,0.0,1.0,0.0,0.0,0.0,-1.0,0.16298466185503468,0.0058309518948453,-0.14375,1.0137553537120416,5.069400695368368,,
431.2717,28.726,-0.08,-0.143,24.753,-0.009,-0.139,-0.116,0.003,-0.005,-0.116,0.003,-0.006,1.121,0.081,-0.091,0.002,-0.007,0.007,0.0,-0.0,0.0,835.37,-0.0,0.0,-0.0,0.0,0.0,0.0,0.0,0.0,-0.6899,0.6877,-0.2262,0.7181,0.6896,-0.0938,0.0915,-0.2271,-0.9696,0.676,0.226,-0.7014,-0.7316,0.0917,-0.6755,-0.0884,0.9698,0.2273,0.0001,-0.0001,0.0,0.0,0.0,0.0,-0.0277,-0.0051,-0.1123,23.42,18.9855,23.576,0.0,0.0433,-0.3628,0.0,0.0,0.0,4146669.9709,4179006.8035,-3273179.6454,3201.3254,2049.4154,6686.4161,4146646.5509,4178987.8179,-3273203.2214,3201.3531,2049.4205,6686.5284,0.0,0.0765,3.9732,0.0,0.0,1.0,0.0,1.0,0.0,0.0,1.172,-23.972,0.0,1.0,0.0,0.0,0.0,-1.0,0.1638566446623389,0.0058309518948453,-0.14363,1.0302832947142444,5.065168847831365,,
431.4793,28.702,-0.079,-0.144,24.729,-0.009,-0.14,-0.116,0.003,-0.005,-0.116,0.003,-0.006,1.122,0.079,-0.09,0.002,-0.007,0.007,0.0,-0.0,0.0,835.37,-0.0,0.0,-0.0,0.0,0.0,0.0,0.0,0.0,-0.6899,0.6877,-0.2262,0.7181,0.6896,-0.0937,0.0915,-0.2271,-0.9696,0.676,0.226,-0.7014,-0.7316,0.0917,-0.6755,-0.0884,0.9698,0.2273,0.0001,-0.0001,0.0,0.0,0.0,0.0,-0.0277,-0.0051,-0.1123,23.4143,18.9845,23.5529,0.0,0.0433,-0.3628,0.0,0.0,0.0,4147329.6305,4179429.0604,-3271801.5225,3200.2108,2048.292,6687.2958,4147306.2162,4179410.0759,-3271825.0753,3200.2385,2048.2972,6687.408,0.0,0.0765,3.9732,0.0,0.0,1.0,0.0,1.0,0.0,0.0,1.172,-23.972,0.0,1.0,0.0,0.0,0.0,-1.0,0.16424676556937126,0.0058309518948453,-0.14351,1.0167069009756209,5.060937000294362,,
431.686,28.678,-0.078,-0.145,24.705,-0.008,-0.141,-0.116,0.003,-0.005,-0.116,0.003,-0.006,1.122,0.078,-0.088,0.002,-0.007,0.007,0.0,-0.0,0.0,835.37,-0.0,0.0,-0.0,0.0,0.0,0.0,0.0,0.0,-0.6899,0.6877,-0.2262,0.7181,0.6896,-0.0937,0.0916,-0.2271,-0.9696,0.676,0.226,-0.7014,-0.7316,0.0917,-0.6755,-0.0884,0.9698,0.2273,0.0001,-0.0001,0.0,0.0,0.0,0.0,-0.0277,-0.0051,-0.1123,23.4085,18.9835,23.5296,0.0,0.0433,-0.3628,0.0,0.0,0.0,4147992.9667,4179853.5855,-3270415.0516,3199.0893,2047.1619,6688.1802,4147969.5582,4179834.6021,-3270438.5812,3199.117,2047.1671,6688.2925,0.0,0.0765,3.9732,0.0,0.0,1.0,0.0,1.0,0.0,0.0,1.172,-23.972,0.0,1.0,0.0,0.0,0.0,-1.0,0.16464810961562842,0.0058309518948453,-0.14339000000000002,1.0191830249664877,5.056705152757359,,
431.8905,28.655,-0.078,-0.146,24.682,-0.007,-0.142,-0.116,0.003,-0.005,-0.116,0.003,-0.006,1.123,0.076,-0.087,0.002,-0.007,0.007,0.0,-0.0,0.0,835.37,-0.0,0.0,-0.0,0.0,0.0,0.0,0.0,0.0,-0.6899,0.6877,-0.2262,0.7181,0.6896,-0.0937,0.0916,-0.2271,-0.9696,0.676,0.226,-0.7014,-0.7316,0.0917,-0.6755,-0.0884,0.9698,0.2273,0.0001,-0.0001,0.0,0.0,0.0,0.0,-0.0277,-0.0051,-0.1123,23.4029,18.9824,23.5067,0.0,0.0433,-0.3628,0.0,0.0,0.0,4148645.7405,4180271.267,-3269050.0068,3197.9852,2046.0493,6689.0505,4148622.3376,4180252.2846,-3269073.5135,3198.0129,2046.0544,6689.1628,0.0,0.0765,3.9732,0.0,0.0,1.0,0.0,1.0,0.0,0.0,1.172,-23.972,0.0,1.0,0.0,0.0,0.0,-1.0,0.16552945357246848,0.0058309518948453,-0.143275,1.0357121077954747,5.052649632201064,,
432.0974,28.631,-0.077,-0.147,24.658,-0.007,-0.144,-0.116,0.003,-0.005,-0.116,0.003,-0.006,1.123,0.075,-0.085,0.002,-0.007,0.007,0.0,-0.0,0.0,835.37,-0.0,0.0,-0.0,0.0,0.0,0.0,0.0,0.0,-0.6899,0.6877,-0.2262,0.7181,0.6896,-0.0936,0.0916,-0.227,-0.9696,0.676,0.226,-0.7014,-0.7316,0.0917,-0.6755,-0.0884,0.9698,0.2273,0.0001,-0.0001,0.0,0.0,0.0,0.0,-0.0277,-0.0051,-0.1123,23.3972,18.9814,23.4834,0.0,0.0433,-0.3628,0.0,0.0,0.0,4149307.4968,4180694.6119,-3267665.5112,3196.8652,2044.9209,6689.9327,4149284.0996,4180675.6305,-3267688.9946,3196.8929,2044.926,6690.0451,0.0,0.0765,3.9732,0.0,0.0,1.0,0.0,1.0,0.0,0.0,1.172,-23.972,0.0,1.0,0.0,0.0,0.0,-1.0,0.16594577427581575,0.0058309518948453,-0.143155,1.026058051153915,5.0484177846640605,,
432.3038,28.607,-0.077,-0.148,24.634,-0.006,-0.145,-0.116,0.003,-0.005,-0.116,0.003,-0.006,1.124,0.073,-0.084,0.002,-0.007,0.007,0.0,-0.0,0.0,835.37,-0.0,0.0,-0.0,0.0,0.0,0.0,0.0,0.0,-0.6899,0.6877,-0.2262,0.7181,0.6896,-0.0936,0.0916,-0.227,-0.9696,0.676,0.226,-0.7014,-0.7316,0.0917,-0.6755,-0.0884,0.9698,0.2273,0.0001,-0.0001,0.0,0.0,0.0,0.0,-0.0277,-0.0051,-0.1123,23.3914,18.9803,23.4601,0.0,0.0433,-0.3628,0.0,0.0,0.0,4149971.0984,4181119.0513,-3266276.4874,3195.7416,2043.7888,6690.8173,4149947.707,4181100.0709,-3266299.9475,3195.7693,2043.7939,6690.9297,0.0,0.0765,3.9732,0.0,0.0,1.0,0.0,1.0,0.0,0.0,1.172,-23.972,0.0,1.0,0.0,0.0,0.0,-1.0,0.16683225107874075,0.0058309518948453,-0.143035,1.0425647665135422,5.044185937127057,,
432.5061,28.584,-0.076,-0.149,24.61,-0.005,-0.146,-0.116,0.003,-0.005,-0.116,0.003,-0.006,1.124,0.072,-0.082,0.002,-0.007,0.007,0.0,-0.0,0.0,835.37,-0.0,0.0,-0.0,0.0,0.0,0.0,0.0,0.0,-0.6899,0.6877,-0.2262,0.7181,0.6896,-0.0936,0.0917,-0.227,-0.9696,0.676,0.226,-0.7014,-0.7316,0.0917,-0.6755,-0.0884,0.9698,0.2273,0.0001,-0.0001,0.0,0.0,0.0,0.0,-0.0277,-0.0051,-0.1124,23.3858,18.9793,23.4375,0.0,0.0433,-0.3628,0.0,0.0,0.0,4150613.9167,4181530.1157,-3264930.326,3194.6527,2042.6917,6691.6742,4150590.5309,4181511.1364,-3264953.7635,3194.6803,2042.6968,6691.7865,0.0,0.0765,3.9732,0.0,0.0,1.0,0.0,1.0,0.0,0.0,1.172,-23.972,0.0,1.0,0.0,0.0,0.0,-1.0,0.16726326554267676,0.0058309518948453,-0.14292,1.0448435195146082,5.040130416570763,,
432.7102,28.56,-0.076,-0.15,24.587,-0.005,-0.147,-0.116,0.003,-0.005,-0.116,0.004,-0.006,1.125,0.07,-0.081,0.002,-0.007,0.016,0.0,-0.0,0.0,835.362,-0.0,0.0,-0.0,0.441,0.0,0.0,0.0,0.0,-0.6899,0.6877,-0.2262,0.7181,0.6896,-0.0935,0.0917,-0.227,-0.9696,0.676,0.226,-0.7014,-0.7316,0.0917,-0.6755,-0.0884,0.9698,0.2273,0.0003,-0.0001,0.0,0.0,0.0,0.0,-0.0277,-0.0051,-0.1124,23.3801,18.9783,23.4145,0.0,0.0433,-0.3628,0.0,0.0,0.0,4151268.7147,4181948.758,-3263558.4264,3193.5428,2041.5737,6692.5469,4151245.3345,4181929.7797,-3263581.8409,3193.5705,2041.5788,6692.6593,0.0,0.0765,3.9732,0.0,0.0,1.0,0.0,1.0,0.0,0.0,1.172,-23.972,0.0,1.0,0.0,0.0,0.0,-1.0,0.16815469068687913,0.0058309518948453,-0.14279999999999998,1.0456418685290894,5.035898569033759,,
432.9142,28.536,-0.075,-0.151,24.563,-0.004,-0.148,-0.116,0.003,-0.005,-0.116,0.007,-0.006,1.125,0.069,-0.073,0.002,-0.008,0.063,0.001,-0.0,0.0,835.319,-0.0,0.0,-0.0,1.0,0.0,0.0,0.0,0.0,-0.6899,0.6877,-0.2261,0.7181,0.6896,-0.0934,0.0917,-0.2268,-0.9696,0.676,0.226,-0.7014,-0.7316,0.0917,-0.6755,-0.0884,0.9698,0.2273,0.0011,-0.0001,0.0,0.0,0.0,0.0,-0.0277,-0.0051,-0.1124,23.3745,18.9773,23.3914,0.0,0.0433,-0.3628,0.0,0.0,0.0,4151923.3644,4182367.2217,-3262186.1822,3192.4327,2040.4554,6693.4194,4151899.9899,4182348.2445,-3262209.5736,3192.4604,2040.4605,6693.5318,0.0,0.0765,3.9732,0.0,0.0,1.0,0.0,1.0,0.0,0.0,1.172,-23.972,0.0,1.0,0.0,0.0,0.0,-1.0,0.1686001186239203,0.0058309518948453,-0.14268,1.0481811830814143,5.031666721496757,,
433.1162,28.513,-0.074,-0.152,24.54,-0.002,-0.149,-0.116,0.003,-0.005,-0.116,0.011,-0.006,1.125,0.067,-0.055,0.002,-0.009,0.11,0.002,-0.0,0.0,835.276,-0.0,0.0,-0.0,0.817,0.0,0.0,0.0,0.0,-0.6899,0.6878,-0.2259,0.7181,0.6897,-0.0932,0.0917,-0.2265,-0.9697,0.676,0.226,-0.7014,-0.7316,0.0917,-0.6755,-0.0884,0.9698,0.2273,0.0019,-0.0001,0.0,0.0,0.0,0.0,-0.0277,-0.005,-0.1124,23.369,18.9763,23.3687,0.0,0.0433,-0.3628,0.0,0.0,0.0,4152567.7731,4182779.0574,-3260834.7639,3191.3393,2039.3541,6694.2782,4152544.4041,4182760.081,-3260858.1326,3191.3671,2039.3591,6694.3906,0.0,0.0765,3.9732,0.0,0.0,1.0,0.0,1.0,0.0,0.0,1.172,-23.972,0.0,1.0,0.0,0.0,0.0,-1.0,0.16905620367203328,0.0058309518948453,-0.142565,1.0666770888567376,5.027611200940462,,
433.3187,28.489,-0.074,-0.154,24.516,0.0,-0.151,-0.116,0.003,-0.005,-0.116,0.009,-0.006,1.126,0.065,-0.033,0.002,-0.009,0.089,0.002,-0.0,0.0,835.216,-0.0,0.0,-0.0,0.0,0.0,0.0,0.0,0.0,-0.6899,0.6879,-0.2257,0.7181,0.6897,-0.0929,0.0918,-0.2261,-0.9698,0.676,0.226,-0.7014,-0.7316,0.0917,-0.6755,-0.0884,0.9698,0.2273,0.0015,-0.0001,0.0,0.0,0.0,0.0,-0.0277,-0.005,-0.1124,23.3634,18.9754,23.3459,0.0,0.0433,-0.3627,0.0,0.0,0.0,4153213.4908,4183191.6482,-3259479.9604,3190.2432,2038.2501,6695.1387,4153190.1274,4183172.6728,-3259503.3063,3190.271,2038.2551,6695.2511,0.0,0.0765,3.9732,0.0,0.0,1.0,0.0,1.0,0.0,0.0,1.172,-23.972,0.0,1.0,0.0,0.0,0.0,-1.0,0.17085666507338834,0.0058309518948453,-0.14244500000000002,1.0996704457272353,5.023379353403459,,
433.5228,28.466,-0.073,-0.155,24.493,0.002,-0.152,-0.116,0.003,-0.005,-0.116,0.006,-0.006,1.126,0.063,-0.02,0.002,-0.008,0.04,0.001,-0.0,0.0,835.148,-0.0,0.0,-0.0,0.0,0.0,0.0,0.0,0.0,-0.6899,0.6879,-0.2255,0.7181,0.6897,-0.0927,0.0918,-0.2259,-0.9698,0.676,0.226,-0.7014,-0.7316,0.0917,-0.6755,-0.0884,0.9698,0.2273,0.0007,-0.0001,0.0,0.0,0.0,0.0,-0.0277,-0.005,-0.1124,23.3578,18.9745,23.323,0.0,0.0433,-0.3627,0.0,0.0,0.0,4153863.7774,4183607.0754,-3258114.9277,3189.1389,2037.1378,6696.0052,4153840.4196,4183588.1009,-3258138.2507,3189.1666,2037.1428,6696.1176,0.0,0.0765,3.9732,0.0,0.0,1.0,0.0,1.0,0.0,0.0,1.172,-23.972,0.0,1.0,0.0,0.0,0.0,-1.0,0.1713300907604966,0.0058309518948453,-0.14233,1.118194167169743,5.0193238328471645,,
433.7295,28.442,-0.072,-0.156,24.469,0.003,-0.153,-0.116,0.003,-0.005,-0.116,0.003,-0.006,1.127,0.062,-0.017,0.002,-0.007,0.006,0.0,-0.0,0.0,835.101,-0.0,0.0,-0.0,0.0,0.0,0.0,0.0,0.0,-0.6899,0.6879,-0.2255,0.7181,0.6898,-0.0927,0.0918,-0.2259,-0.9698,0.676,0.226,-0.7014,-0.7316,0.0917,-0.6755,-0.0884,0.9698,0.2273,0.0001,-0.0001,0.0,0.0,0.0,0.0,-0.0277,-0.005,-0.1124,23.3522,18.9735,23.2999,0.0,0.0433,-0.3627,0.0,0.0,0.0,4154517.3228,4184024.5011,-3256742.3966,3188.0284,2036.0194,6696.8759,4154493.9706,4184005.5277,-3256765.6965,3188.0561,2036.0244,6696.9883,0.0,0.0765,3.9732,0.0,0.0,1.0,0.0,1.0,0.0,0.0,1.172,-23.972,0.0,1.0,0.0,0.0,0.0,-1.0,0.17181385275931624,0.0058309518948453,-0.14221,1.1207456443704213,5.0150919853101605,,
433.933,28.419,-0.072,-0.157,24.445,0.003,-0.154,-0.116,0.003,-0.005,-0.116,0.003,-0.006,1.127,0.06,-0.015,0.002,-0.007,0.006,0.0,-0.0,0.0,835.101,-0.0,0.0,-0.0,0.0,0.0,0.0,0.0,0.0,-0.6899,0.6879,-0.2255,0.7181,0.6898,-0.0926,0.0918,-0.2258,-0.9698,0.676,0.226,-0.7014,-0.7316,0.0917,-0.6755,-0.0884,0.9698,0.2273,0.0001,-0.0001,0.0,0.0,0.0,0.0,-0.0277,-0.005,-0.1124,23.3465,18.9724,23.2771,0.0,0.0433,-0.3627,0.0,0.0,0.0,4155163.5826,4184437.1909,-3255384.5212,3186.9297,2034.9129,6697.7369,4155140.2361,4184418.2184,-3255407.7983,3186.9574,2034.9179,6697.8493,0.0,0.0765,3.9732,0.0,0.0,1.0,0.0,1.0,0.0,0.0,1.172,-23.972,0.0,1.0,0.0,0.0,0.0,-1.0,0.17272232050317063,0.0058309518948453,-0.142095,1.1210521543201435,5.011036464753866,,
434.1344,28.395,-0.071,-0.158,24.422,0.004,-0.155,-0.115,0.003,-0.005,-0.115,0.003,-0.006,1.127,0.059,-0.014,0.002,-0.007,0.006,0.0,-0.0,0.0,835.1,-0.0,0.0,1.0,0.0,0.0,0.0,0.0,0.0,-0.6899,0.6879,-0.2255,0.7181,0.6898,-0.0926,0.0919,-0.2258,-0.9698,0.676,0.226,-0.7014,-0.7316,0.0917,-0.6755,-0.0884,0.9698,0.2273,0.0001,-0.0001,0.0,0.0,0.0,0.0,-0.0277,-0.005,-0.1121,23.3409,18.9714,23.2542,0.0,0.0433,-0.3627,0.0,0.0,0.0,4155811.391,4184850.7871,-3254022.7468,3185.8279,2033.8034,6698.6002,4155788.0501,4184831.8157,-3254046.001,3185.8556,2033.8084,6698.7124,0.0,0.0765,3.9732,0.0,0.0,1.0,0.0,1.0,0.0,0.0,1.172,-23.972,0.0,1.0,0.0,0.0,0.0,-1.0,0.17321951391226106,0.0058309518948453,-0.141975,1.1238751466024612,5.006804617216863,,
434.3402,28.372,-0.071,-0.159,24.399,0.005,-0.156,-0.108,0.003,-0.005,-0.108,0.003,-0.006,1.128,0.057,-0.013,0.002,-0.007,0.006,0.0,-0.0,0.0,835.077,-0.0,0.0,1.0,0.0,0.0,0.0,0.0,0.0,-0.6899,0.6879,-0.2255,0.7181,0.6898,-0.0926,0.0919,-0.2258,-0.9698,0.676,0.226,-0.7014,-0.7316,0.0917,-0.6755,-0.0884,0.9698,0.2273,0.0001,-0.0001,0.0,0.0,0.0,0.0,-0.0258,-0.0042,-0.1046,23.3354,18.9705,23.2319,0.0,0.0433,-0.3627,0.0,0.0,0.0,4156469.3825,4185270.8004,-3252638.9019,3184.71,2032.6767,6699.4842,4156446.0471,4185251.8299,-3252662.1337,3184.7359,2032.6808,6699.5889,0.0,0.0765,3.9732,0.0,0.0,1.0,0.0,1.0,0.0,0.0,1.172,-23.972,0.0,1.0,0.0,0.0,0.0,-1.0,0.17413213373757297,0.0058309518948453,-0.14185999999999999,1.1404212734865933,5.002749096660568,,
434.5428,28.351,-0.07,-0.16,24.378,0.006,-0.157,-0.102,0.003,-0.005,-0.102,0.003,-0.006,1.128,0.056,-0.011,0.002,-0.007,0.006,0.0,-0.0,0.0,835.06,-0.0,0.0,-0.0,0.0,0.0,0.0,0.0,0.0,-0.6899,0.6879,-0.2255,0.7181,0.6898,-0.0925,0.0919,-0.2258,-0.9698,0.676,0.226,-0.7014,-0.7316,0.0917,-0.6755,-0.0884,0.9698,0.2273,0.0001,-0.0001,0.0,0.0,0.0,0.0,-0.0245,-0.0036,-0.0991,23.3304,18.9698,23.2116,0.0,0.0433,-0.3627,0.0,0.0,0.0,4157107.9393,4185678.3259,-3251295.2951,3183.6242,2031.5825,6700.3403,4157084.6089,4185659.3562,-3251318.5067,3183.6487,2031.5861,6700.4394,0.0,0.0765,3.9732,0.0,0.0,1.0,0.0,1.0,0.0,0.0,1.172,-23.972,0.0,1.0,0.0,0.0,0.0,-1.0,0.1746424919657298,0.0058309518948453,-0.141755,1.1429849052765737,4.99904623006569,,
434.7456,28.33,-0.07,-0.161,24.357,0.006,-0.159,-0.102,0.003,-0.005,-0.102,0.003,-0.006,1.129,0.055,-0.01,0.002,-0.007,0.006,0.0,-0.0,0.0,835.06,-0.0,0.0,-0.0,0.0,0.0,0.0,0.0,0.0,-0.6899,0.6879,-0.2255,0.7181,0.6898,-0.0925,0.0919,-0.2257,-0.9698,0.676,0.226,-0.7014,-0.7316,0.0917,-0.6755,-0.0884,0.9698,0.2273,0.0001,-0.0001,0.0,0.0,0.0,0.0,-0.0245,-0.0036,-0.0991,23.3254,18.969,23.1914,0.0,0.0433,-0.3627,0.0,0.0,0.0,4157755.1487,4186091.2919,-3249932.8354,3182.5217,2030.4725,6701.2023,4157731.8233,4186072.3229,-3249956.0268,3182.5462,2030.4761,6701.3015,0.0,0.0765,3.9732,0.0,0.0,1.0,0.0,1.0,0.0,0.0,1.172,-23.972,0.0,1.0,0.0,0.0,0.0,-1.0,0.17555910685578235,0.0058309518948453,-0.14165,1.147734976613807,4.995343363470813,,
434.9493,28.31,-0.069,-0.162,24.336,0.007,-0.16,-0.102,0.003,-0.005,-0.102,0.003,-0.006,1.129,0.053,-0.009,0.002,-0.007,0.006,0.0,-0.0,0.0,835.06,-0.0,0.0,-0.0,0.0,0.0,0.0,0.0,0.0,-0.6899,0.6879,-0.2255,0.7181,0.6898,-0.0925,0.092,-0.2257,-0.9698,0.676,0.226,-0.7014,-0.7316,0.0917,-0.6755,-0.0884,0.9698,0.2273,0.0001,-0.0001,0.0,0.0,0.0,0.0,-0.0245,-0.0036,-0.0991,23.3204,18.9683,23.1713,0.0,0.0433,-0.3627,0.0,0.0,0.0,4158399.543,4186502.3791,-3248575.6622,3181.4234,2029.3668,6702.0605,4158376.2225,4186483.4108,-3248598.8336,3181.4479,2029.3704,6702.1597,0.0,0.0765,3.9732,0.0,0.0,1.0,0.0,1.0,0.0,0.0,1.172,-23.972,0.0,1.0,0.0,0.0,0.0,-1.0,0.17608236708995026,0.0058309518948453,-0.14154999999999998,1.150070709163041,4.991816823856643,,
435.1512,28.289,-0.068,-0.163,24.316,0.008,-0.161,-0.102,0.003,-0.005,-0.102,0.003,-0.006,1.129,0.052,-0.008,0.002,-0.007,0.006,0.0,-0.0,0.0,835.06,-0.0,0.0,-0.0,0.0,0.0,0.0,0.0,0.0,-0.6899,0.6879,-0.2255,0.7181,0.6898,-0.0924,0.092,-0.2257,-0.9698,0.676,0.226,-0.7014,-0.7316,0.0917,-0.6755,-0.0884,0.9698,0.2273,0.0001,-0.0001,0.0,0.0,0.0,0.0,-0.0245,-0.0036,-0.0992,23.3155,18.9676,23.1512,0.0,0.0433,-0.3627,0.0,0.0,0.0,4159045.6817,4186914.497,-3247214.1673,3180.3217,2028.2576,6702.921,4159022.3662,4186895.5294,-3247237.3185,3180.3461,2028.2612,6703.0202,0.0,0.0765,3.9732,0.0,0.0,1.0,0.0,1.0,0.0,0.0,1.172,-23.972,0.0,1.0,0.0,0.0,0.0,-1.0,0.17661540136692497,0.0058309518948453,-0.14144500000000002,1.1529375335933578,4.988113957261766,,
435.3526,28.268,-0.068,-0.164,24.295,0.008,-0.162,-0.103,0.003,-0.005,-0.103,0.003,-0.006,1.13,0.05,-0.006,0.002,-0.007,0.006,0.0,-0.0,0.0,835.056,-0.0,0.0,-1.0,0.0,0.0,0.0,0.0,0.0,-0.6899,0.6879,-0.2255,0.7181,0.6898,-0.0924,0.092,-0.2257,-0.9698,0.676,0.226,-0.7014,-0.7316,0.0917,-0.6755,-0.0884,0.9698,0.2273,0.0001,-0.0001,0.0,0.0,0.0,0.0,-0.0248,-0.0037,-0.1005,23.3105,18.9669,23.131,0.0,0.0433,-0.3627,0.0,0.0,0.0,4159690.5659,4187325.7322,-3245854.6725,3179.2212,2027.15,6703.7784,4159667.2554,4187306.7653,-3245877.8036,3179.246,2027.1537,6703.8789,0.0,0.0765,3.9732,0.0,0.0,1.0,0.0,1.0,0.0,0.0,1.172,-23.972,0.0,1.0,0.0,0.0,0.0,-1.0,0.17753872816937719,0.0058309518948453,-0.14134,1.1535601825645707,4.984411090666888,,
435.5574,28.247,-0.067,-0.165,24.273,0.009,-0.163,-0.109,0.003,-0.005,-0.109,0.003,-0.006,1.13,0.049,-0.005,0.002,-0.007,0.005,0.0,-0.0,0.0,835.039,-0.0,0.0,-0.0,0.0,0.0,0.0,0.0,0.0,-0.6899,0.6879,-0.2255,0.7181,0.6898,-0.0924,0.092,-0.2257,-0.9698,0.676,0.226,-0.7014,-0.7316,0.0917,-0.6755,-0.0884,0.9698,0.2273,0.0001,-0.0001,0.0,0.0,0.0,0.0,-0.0261,-0.0042,-0.1061,23.3053,18.9661,23.11,0.0,0.0433,-0.3627,0.0,0.0,0.0,4160334.8808,4187736.5224,-3244495.7321,3178.1201,2026.0424,6704.6307,4160311.5755,4187717.5563,-3244518.8421,3178.1462,2026.0466,6704.7368,0.0,0.0765,3.9732,0.0,0.0,1.0,0.0,1.0,0.0,0.0,1.172,-23.972,0.0,1.0,0.0,0.0,0.0,-1.0,0.17808424972467388,0.0058309518948453,-0.141235,1.1559185817574509,4.98070822407201,,
435.7602,28.224,-0.067,-0.166,24.251,0.01,-0.164,-0.109,0.003,-0.005,-0.109,0.003,-0.006,1.13,0.047,-0.004,0.002,-0.007,0.005,0.0,-0.0,0.0,835.039,-0.0,0.0,-0.0,0.0,0.0,0.0,0.0,0.0,-0.6899,0.6879,-0.2255,0.7181,0.6898,-0.0923,0.0921,-0.2256,-0.9699,0.676,0.226,-0.7014,-0.7316,0.0917,-0.6755,-0.0884,0.9698,0.2273,0.0001,-0.0001,0.0,0.0,0.0,0.0,-0.0261,-0.0042,-0.1061,23.3,18.9652,23.0884,0.0,0.0433,-0.3627,0.0,0.0,0.0,4160979.9087,4188147.6846,-3243134.6444,3177.0186,2024.9336,6705.4895,4160956.6087,4188128.7193,-3243157.7329,3177.0447,2024.9379,6705.5956,0.0,0.0765,3.9732,0.0,0.0,1.0,0.0,1.0,0.0,0.0,1.172,-23.972,0.0,1.0,0.0,0.0,0.0,-1.0,0.1790111728356641,0.0058309518948453,-0.14112,1.1727076868175121,4.9766527035157155,,
435.9613,28.202,-0.066,-0.167,24.229,0.01,-0.166,-0.109,0.003,-0.005,-0.109,0.003,-0.006,1.131,0.046,-0.003,0.002,-0.007,0.005,0.0,-0.0,0.0,835.039,-0.0,0.0,-0.0,0.0,0.0,0.0,0.0,0.0,-0.6899,0.6879,-0.2255,0.7181,0.6898,-0.0923,0.0921,-0.2256,-0.9699,0.676,0.226,-0.7014,-0.7316,0.0917,-0.6755,-0.0884,0.9698,0.2273,0.0001,-0.0001,0.0,0.0,0.0,0.0,-0.0261,-0.0042,-0.1061,23.2947,18.9644,23.0671,0.0,0.0433,-0.3627,0.0,0.0,0.0,4161618.4159,4188554.609,-3241786.6789,3175.9276,2023.8356,6706.3396,4161595.1212,4188535.6446,-3241809.746,3175.9537,2023.8398,6706.4457,0.0,0.0765,3.9732,0.0,0.0,1.0,0.0,1.0,0.0,0.0,1.172,-23.972,0.0,1.0,0.0,0.0,0.0,-1.0,0.17956892826989865,0.0058309518948453,-0.14101,1.1640061694796355,4.972773509940129,,
436.1642,28.18,-0.065,-0.168,24.207,0.011,-0.167,-0.109,0.003,-0.005,-0.109,0.003,-0.006,1.131,0.045,-0.002,0.002,-0.007,0.005,0.0,-0.0,0.0,835.039,-0.0,0.0,-0.0,0.023,0.0,0.0,0.0,0.0,-0.6899,0.6879,-0.2255,0.7181,0.6898,-0.0923,0.0921,-0.2256,-0.9699,0.676,0.226,-0.7014,-0.7316,0.0917,-0.6755,-0.0884,0.9698,0.2273,0.0001,-0.0001,0.0,0.0,0.0,0.0,-0.0261,-0.0042,-0.1061,23.2895,18.9636,23.0455,0.0,0.0433,-0.3627,0.0,0.0,0.0,4162263.2129,4188965.4596,-3240424.7914,3174.8254,2022.7263,6707.1979,4162239.9234,4188946.4961,-3240447.837,3174.8515,2022.7305,6707.3041,0.0,0.0765,3.9732,0.0,0.0,1.0,0.0,1.0,0.0,0.0,1.172,-23.972,0.0,1.0,0.0,0.0,0.0,-1.0,0.18013605968822569,0.0058309518948453,-0.1409,1.1666708118221831,4.968894316364543,,
436.367,28.158,-0.065,-0.169,24.185,0.012,-0.168,-0.109,0.003,-0.005,-0.109,0.006,-0.006,1.132,0.043,0.003,0.002,-0.008,0.046,0.001,-0.0,0.0,834.999,-0.0,0.0,-0.0,1.0,-0.063,0.0,0.0,0.0,-0.6899,0.6879,-0.2255,0.7181,0.6899,-0.0922,0.0921,-0.2255,-0.9699,0.676,0.226,-0.7014,-0.7316,0.0917,-0.6755,-0.0884,0.9698,0.2273,0.0008,-0.0001,0.0,0.0,0.0,0.0,-0.0261,-0.0042,-0.1062,23.2841,18.9627,23.0238,0.0,0.0433,-0.3627,0.0,0.0,0.0,4162912.554,4189379.1221,-3239052.6529,3173.7148,2021.6086,6708.0623,4162889.2699,4189360.1594,-3239075.6768,3173.7409,2021.6128,6708.1684,0.0,0.0765,3.9732,0.0,0.0,1.0,0.0,1.0,0.0,0.0,1.172,-23.972,0.0,1.0,0.0,0.0,0.0,-1.0,0.18106904760339357,0.0058309518948453,-0.14079,1.183165861711135,4.965015122788957,,
436.5676,28.136,-0.064,-0.17,24.163,0.014,-0.169,-0.109,0.004,-0.005,-0.109,0.01,-0.006,1.132,0.041,0.017,0.001,-0.009,0.091,0.002,-0.0,0.0,834.924,-0.0,0.0,-0.0,1.0,0.0,0.0,0.0,0.0,-0.6899,0.688,-0.2254,0.7181,0.6899,-0.092,0.0922,-0.2253,-0.9699,0.676,0.226,-0.7014,-0.7316,0.0917,-0.6755,-0.0884,0.9698,0.2273,0.0016,-0.0001,0.0,0.0,0.0,0.0,-0.0261,-0.0042,-0.1062,23.279,18.9619,23.0025,0.0,0.0433,-0.3627,0.0,0.0,0.0,4163548.684,4189784.2871,-3237707.7932,3172.6263,2020.5132,6708.909,4163525.405,4189765.3252,-3237730.7957,3172.6524,2020.5174,6709.0152,0.0,0.0765,3.9732,0.0,0.0,1.0,0.0,1.0,0.0,0.0,1.172,-23.972,0.0,1.0,0.0,0.0,0.0,-1.0,0.18164801127455266,0.006403124237432849,-0.14068,1.20166042823362,4.961135929213371,,
436.7686,28.114,-0.063,-0.171,24.141,0.016,-0.17,-0.109,0.004,-0.005,-0.109,0.01,-0.006,1.132,0.039,0.038,0.001,-0.009,0.096,0.002,-0.0,0.0,834.87,-0.0,0.0,-0.0,0.0,0.0,0.0,0.0,0.0,-0.6898,0.6881,-0.2251,0.7181,0.6899,-0.0917,0.0922,-0.2249,-0.97,0.676,0.226,-0.7014,-0.7316,0.0917,-0.6755,-0.0884,0.9698,0.2273,0.0017,-0.0001,0.0,0.0,0.0,0.0,-0.0261,-0.0042,-0.1062,23.2738,18.9612,22.9811,0.0,0.0433,-0.3627,0.0,0.0,0.0,4164187.398,4190191.0167,-3236356.8364,3171.5328,2019.4128,6709.7591,4164164.1242,4190172.0555,-3236379.8175,3171.5589,2019.4171,6709.8653,0.0,0.0765,3.9732,0.0,0.0,1.0,0.0,1.0,0.0,0.0,1.172,-23.972,0.0,1.0,0.0,0.0,0.0,-1.0,0.1822361105818493,0.006403124237432849,-0.14057,1.2201694594731767,4.957256735637785,,
436.971,28.092,-0.063,-0.173,24.119,0.018,-0.171,-0.109,0.003,-0.005,-0.109,0.007,-0.006,1.132,0.037,0.052,0.001,-0.008,0.049,0.001,-0.0,0.0,834.804,-0.0,0.0,-0.0,0.0,0.0,0.0,0.0,0.0,-0.6898,0.6881,-0.225,0.7181,0.6899,-0.0915,0.0922,-0.2247,-0.9701,0.676,0.226,-0.7014,-0.7316,0.0917,-0.6755,-0.0884,0.9698,0.2273,0.0009,-0.0001,0.0,0.0,0.0,0.0,-0.0261,-0.0042,-0.1062,23.2686,18.9604,22.9596,0.0,0.0433,-0.3626,0.0,0.0,0.0,4164828.8641,4190599.417,-3234999.4159,3170.4341,2018.3073,6710.6128,4164805.5956,4190580.4566,-3235022.3755,3170.4602,2018.3115,6710.719,0.0,0.0765,3.9732,0.0,0.0,1.0,0.0,1.0,0.0,0.0,1.172,-23.972,0.0,1.0,0.0,0.0,0.0,-1.0,0.18411409506064438,0.0058309518948453,-0.14046,1.248713279707978,4.9533775420621975,,
437.1715,28.07,-0.062,-0.174,24.097,0.019,-0.173,-0.109,0.003,-0.005,-0.109,0.004,-0.006,1.132,0.035,0.058,0.001,-0.007,0.008,0.0,-0.0,0.0,834.746,-0.0,0.0,-0.0,0.0,0.0,0.0,0.0,0.0,-0.6898,0.6881,-0.2249,0.7181,0.6899,-0.0914,0.0923,-0.2246,-0.9701,0.676,0.226,-0.7014,-0.7316,0.0917,-0.6755,-0.0884,0.9698,0.2273,0.0001,-0.0001,0.0,0.0,0.0,0.0,-0.0261,-0.0042,-0.1062,23.2634,18.9596,22.9384,0.0,0.0433,-0.3626,0.0,0.0,0.0,4165461.9029,4191002.3714,-3233659.1966,3169.3492,2017.2157,6711.4552,4165438.6396,4190983.4119,-3233682.135,3169.3753,2017.22,6711.5614,0.0,0.0765,3.9732,0.0,0.0,1.0,0.0,1.0,0.0,0.0,1.172,-23.972,0.0,1.0,0.0,0.0,0.0,-1.0,0.18471599822430107,0.0058309518948453,-0.14035,1.2557998154774543,4.949498348486612,,
437.3778,28.048,-0.061,-0.175,24.074,0.019,-0.174,-0.109,0.003,-0.005,-0.109,0.004,-0.006,1.132,0.034,0.059,0.001,-0.007,0.008,0.0,-0.0,0.0,834.746,-0.0,0.0,-0.0,0.0,0.0,0.0,0.0,0.0,-0.6898,0.6881,-0.2249,0.7181,0.69,-0.0914,0.0923,-0.2246,-0.9701,0.676,0.226,-0.7014,-0.7316,0.0917,-0.6755,-0.0884,0.9698,0.2273,0.0001,-0.0001,0.0,0.0,0.0,0.0,-0.0261,-0.0042,-0.1062,23.258,18.9587,22.9165,0.0,0.0433,-0.3626,0.0,0.0,0.0,4166112.8957,4191416.6705,-3232280.3147,3168.233,2016.0927,6712.3214,4166089.6377,4191397.7118,-3232303.2313,3168.2591,2016.097,6712.4276,0.0,0.0765,3.9732,0.0,0.0,1.0,0.0,1.0,0.0,0.0,1.172,-23.972,0.0,1.0,0.0,0.0,0.0,-1.0,0.18532673849177833,0.0058309518948453,-0.14024,1.242363438952668,4.945619154911025,,
437.5848,28.025,-0.061,-0.176,24.052,0.02,-0.175,-0.109,0.003,-0.005,-0.109,0.004,-0.006,1.132,0.032,0.061,0.001,-0.007,0.008,0.0,-0.0,0.0,834.746,-0.0,0.0,-0.0,0.0,0.0,0.0,0.0,0.0,-0.6898,0.6881,-0.2249,0.7181,0.69,-0.0914,0.0923,-0.2245,-0.9701,0.676,0.226,-0.7014,-0.7316,0.0917,-0.6755,-0.0884,0.9698,0.2273,0.0001,-0.0001,0.0,0.0,0.0,0.0,-0.0261,-0.0042,-0.1062,23.2526,18.9579,22.8945,0.0,0.0433,-0.3626,0.0,0.0,0.0,4166768.6342,4191833.9039,-3230890.7104,3167.1081,2014.9611,6713.1939,4166745.3816,4191814.946,-3230913.6049,3167.1342,2014.9653,6713.3001,0.0,0.0765,3.9732,0.0,0.0,1.0,0.0,1.0,0.0,0.0,1.172,-23.972,0.0,1.0,0.0,0.0,0.0,-1.0,0.18627130750601392,0.0058309518948453,-0.140125,1.2591752908283174,4.941563634354731,,
437.7861,28.003,-0.06,-0.177,24.03,0.021,-0.176,-0.109,0.003,-0.005,-0.109,0.004,-0.006,1.132,0.031,0.062,0.001,-0.007,0.008,0.0,-0.0,0.0,834.746,-0.0,0.0,-0.0,0.0,0.0,0.0,0.0,0.0,-0.6898,0.6882,-0.2249,0.7181,0.69,-0.0913,0.0923,-0.2245,-0.9701,0.676,0.226,-0.7014,-0.7316,0.0917,-0.6755,-0.0884,0.9698,0.2273,0.0001,-0.0001,0.0,0.0,0.0,0.0,-0.0261,-0.0042,-0.1062,23.2474,18.957,22.8732,0.0,0.0433,-0.3626,0.0,0.0,0.0,4167405.6392,4192239.1356,-3229540.155,3166.0148,2013.8612,6714.0414,4167382.3918,4192220.1785,-3229563.0282,3166.0409,2013.8654,6714.1477,0.0,0.0765,3.9732,0.0,0.0,1.0,0.0,1.0,0.0,0.0,1.172,-23.972,0.0,1.0,0.0,0.0,0.0,-1.0,0.18689301752607024,0.0058309518948453,-0.140015,1.2618695208202928,4.937684440779145,,
437.9897,27.981,-0.059,-0.178,24.008,0.021,-0.177,-0.109,0.003,-0.005,-0.109,0.004,-0.006,1.133,0.029,0.064,0.001,-0.007,0.008,0.0,-0.0,0.0,834.746,-0.0,0.0,-0.0,0.0,0.0,0.0,0.0,0.0,-0.6898,0.6882,-0.2249,0.7181,0.69,-0.0913,0.0924,-0.2245,-0.9701,0.676,0.226,-0.7014,-0.7316,0.0917,-0.6755,-0.0884,0.9698,0.2273,0.0001,-0.0001,0.0,0.0,0.0,0.0,-0.0261,-0.0042,-0.1063,23.242,18.9562,22.8515,0.0,0.0433,-0.3626,0.0,0.0,0.0,4168051.5174,4192649.9284,-3228170.1405,3164.9057,2012.7455,6714.9007,4168028.2753,4192630.9722,-3228192.992,3164.9318,2012.7497,6715.0069,0.0,0.0765,3.9732,0.0,0.0,1.0,0.0,1.0,0.0,0.0,1.172,-23.972,0.0,1.0,0.0,0.0,0.0,-1.0,0.18752333188166212,0.0058309518948453,-0.139905,1.248740688070094,4.9338052472035585,,
438.1912,27.959,-0.059,-0.179,23.986,0.022,-0.178,-0.109,0.003,-0.005,-0.109,0.004,-0.006,1.133,0.028,0.065,0.001,-0.007,0.008,0.0,-0.0,0.0,834.746,-0.0,0.0,-0.0,0.0,0.0,0.0,0.0,0.0,-0.6898,0.6882,-0.2249,0.7181,0.69,-0.0913,0.0924,-0.2245,-0.9701,0.676,0.226,-0.7014,-0.7316,0.0917,-0.6755,-0.0884,0.9698,0.2273,0.0001,-0.0001,0.0,0.0,0.0,0.0,-0.0261,-0.0042,-0.1063,23.2368,18.9554,22.8301,0.0,0.0433,-0.3626,0.0,0.0,0.0,4168688.5258,4193054.998,-3226818.2965,3163.8113,2011.6447,6715.748,4168665.289,4193036.0426,-3226841.1266,3163.8374,2011.6489,6715.8543,0.0,0.0765,3.9732,0.0,0.0,1.0,0.0,1.0,0.0,0.0,1.172,-23.972,0.0,1.0,0.0,0.0,0.0,-1.0,0.1884728097100481,0.0058309518948453,-0.139795,1.2652756567263554,4.929926053627972,,
438.3985,27.936,-0.058,-0.18,23.963,0.023,-0.18,-0.109,0.003,-0.005,-0.109,0.004,-0.006,1.133,0.026,0.067,0.001,-0.007,0.008,0.0,-0.0,0.0,834.746,-0.0,0.0,-0.0,0.0,0.0,0.0,0.0,0.0,-0.6898,0.6882,-0.2249,0.7181,0.69,-0.0912,0.0924,-0.2244,-0.9701,0.676,0.226,-0.7014,-0.7316,0.0917,-0.6755,-0.0884,0.9698,0.2273,0.0001,-0.0001,0.0,0.0,0.0,0.0,-0.0261,-0.0042,-0.1063,23.2314,18.9545,22.8081,0.0,0.0433,-0.3626,0.0,0.0,0.0,4169343.9791,4193471.7113,-3225426.644,3162.6847,2010.5115,6716.6199,4169320.7477,4193452.7568,-3225449.452,3162.7107,2010.5157,6716.7262,0.0,0.0765,3.9732,0.0,0.0,1.0,0.0,1.0,0.0,0.0,1.172,-23.972,0.0,1.0,0.0,0.0,0.0,-1.0,0.1891137224000416,0.0058309518948453,-0.13968,1.2727719223105003,4.925870533071677,,
438.5997,27.914,-0.058,-0.181,23.941,0.024,-0.181,-0.109,0.003,-0.005,-0.109,0.004,-0.006,1.133,0.025,0.069,0.001,-0.007,0.008,0.0,-0.0,0.0,834.746,-0.0,0.0,-0.0,0.0,0.0,0.0,0.0,0.0,-0.6898,0.6882,-0.2249,0.7181,0.69,-0.0912,0.0924,-0.2244,-0.9701,0.676,0.226,-0.7014,-0.7316,0.0917,-0.6755,-0.0884,0.9698,0.2273,0.0001,-0.0001,0.0,0.0,0.0,0.0,-0.0261,-0.0042,-0.1063,23.2262,18.9537,22.7869,0.0,0.0433,-0.3626,0.0,0.0,0.0,4169974.8749,4193872.7304,-3224086.4904,3161.5997,2009.4202,6717.459,4169951.6487,4193853.7767,-3224109.2772,3161.6257,2009.4244,6717.5653,0.0,0.0765,3.9732,0.0,0.0,1.0,0.0,1.0,0.0,0.0,1.172,-23.972,0.0,1.0,0.0,0.0,0.0,-1.0,0.19006577808748212,0.0058309518948453,-0.13957,1.2892866145389918,4.921991339496092,,
438.8047,27.892,-0.057,-0.182,23.918,0.024,-0.182,-0.109,0.003,-0.005,-0.109,0.004,-0.006,1.133,0.024,0.07,0.001,-0.007,0.008,0.0,-0.0,0.0,834.746,-0.0,0.0,-0.0,0.0,0.0,0.0,0.0,0.0,-0.6898,0.6882,-0.2249,0.7181,0.69,-0.0911,0.0925,-0.2244,-0.9701,0.676,0.226,-0.7014,-0.7316,0.0917,-0.6755,-0.0884,0.9698,0.2273,0.0001,-0.0001,0.0,0.0,0.0,0.0,-0.0261,-0.0042,-0.1063,23.2208,18.9528,22.7649,0.0,0.0433,-0.3626,0.0,0.0,0.0,4170628.8683,4194288.3463,-3222696.6124,3160.4744,2008.2885,6718.3288,4170605.6475,4194269.3935,-3222719.3773,3160.5004,2008.2927,6718.4351,0.0,0.0765,3.9732,0.0,0.0,1.0,0.0,1.0,0.0,0.0,1.172,-23.972,0.0,1.0,0.0,0.0,0.0,-1.0,0.1907170679304818,0.0058309518948453,-0.13946,1.2759894517282149,4.918112145920505,,
439.0054,27.87,-0.056,-0.183,23.896,0.025,-0.183,-0.109,0.003,-0.005,-0.109,0.004,-0.006,1.133,0.022,0.072,0.001,-0.007,0.008,0.0,-0.0,0.0,834.746,-0.0,0.0,-0.0,0.0,0.0,0.0,0.0,0.0,-0.6898,0.6882,-0.2249,0.7181,0.69,-0.0911,0.0925,-0.2243,-0.9701,0.676,0.226,-0.7014,-0.7316,0.0917,-0.6755,-0.0884,0.9698,0.2273,0.0001,-0.0001,0.0,0.0,0.0,0.0,-0.0261,-0.0042,-0.1063,23.2155,18.952,22.7435,0.0,0.0433,-0.3626,0.0,0.0,0.0,4171264.3534,4194692.1178,-3221345.4193,3159.3804,2007.1883,6719.1739,4171241.1378,4194673.1658,-3221368.1628,3159.4064,2007.1925,6719.2802,0.0,0.0765,3.9732,0.0,0.0,1.0,0.0,1.0,0.0,0.0,1.172,-23.972,0.0,1.0,0.0,0.0,0.0,-1.0,0.19137659209004637,0.0058309518948453,-0.13935,1.278743128073071,4.914232952344919,,
439.2115,27.847,-0.056,-0.184,23.874,0.026,-0.184,-0.109,0.003,-0.004,-0.109,0.004,-0.004,1.133,0.021,0.073,0.001,-0.007,0.008,0.0,-0.0,0.0,834.741,1.0,0.0,-0.0,0.0,0.0,0.0,0.0,0.0,-0.6898,0.6882,-0.2249,0.7181,0.69,-0.0911,0.0925,-0.2243,-0.9701,0.676,0.226,-0.7014,-0.7316,0.0917,-0.6755,-0.0884,0.9698,0.2273,0.0001,-0.0001,0.0,0.0,0.0,0.0,-0.0252,-0.0051,-0.1064,23.2102,18.9511,22.7215,0.0,0.0433,-0.3626,0.0,0.0,0.0,4171916.7699,4195106.562,-3219957.5649,3158.2575,2006.0574,6720.0414,4171893.5598,4195087.6108,-3219980.2864,3158.2827,2006.0625,6720.1478,0.0,0.0765,3.9732,0.0,0.0,1.0,0.0,1.0,0.0,0.0,1.172,-23.972,0.0,1.0,0.0,0.0,0.0,-1.0,0.1923330444827409,0.005,-0.139235,1.2955384577532503,4.910177431788624,,
439.4145,27.825,-0.055,-0.184,23.852,0.027,-0.184,-0.109,0.003,0.003,-0.109,0.004,0.002,1.133,0.019,0.075,0.001,-0.007,0.008,0.0,-0.0,0.0,834.713,1.0,0.0,-0.0,0.0,0.0,0.0,0.0,0.0,-0.6898,0.6882,-0.2249,0.7181,0.69,-0.091,0.0925,-0.2243,-0.9701,0.676,0.226,-0.7014,-0.7316,0.0917,-0.6755,-0.0884,0.9698,0.2273,0.0001,-0.0001,0.0,0.0,0.0,0.0,-0.0205,-0.01,-0.1071,23.2055,18.9496,22.6998,0.0,0.0433,-0.3626,0.0,0.0,0.0,4172560.2308,4195515.232,-3218588.1014,3157.1533,2004.9376,6720.8963,4172537.0253,4195496.2824,-3218610.8011,3157.1738,2004.9475,6721.0034,0.0,0.0765,3.9732,0.0,0.0,1.0,0.0,1.0,0.0,0.0,1.172,-23.972,0.0,1.0,0.0,0.0,0.0,-1.0,0.19204426573058617,0.004242640687119285,-0.139125,1.2976746955728977,4.906298238213038,,
439.6208,27.802,-0.054,-0.183,23.829,0.027,-0.183,-0.109,0.003,0.01,-0.109,0.004,0.009,1.134,0.018,0.076,0.001,-0.007,0.006,0.0,-0.0,0.0,834.684,1.0,0.0,-0.0,0.0,0.0,0.0,0.0,0.0,-0.6898,0.6882,-0.2249,0.7181,0.69,-0.091,0.0926,-0.2243,-0.9701,0.676,0.226,-0.7014,-0.7316,0.0917,-0.6755,-0.0884,0.9698,0.2273,0.0001,-0.0001,0.0,0.0,0.0,0.0,-0.0158,-0.0149,-0.1077,23.2018,18.9471,22.6777,0.0,0.0433,-0.3626,0.0,0.0,0.0,4173209.5644,4195927.5454,-3217205.4761,3156.0385,2003.807,6721.759,4173186.3627,4195908.5984,-3217228.1537,3156.0543,2003.8218,6721.8668,0.0,0.0765,3.9732,0.0,0.0,1.0,0.0,1.0,0.0,0.0,1.172,-23.972,0.0,1.0,0.0,0.0,0.0,-1.0,0.19080094339389414,0.01044030650891055,-0.13901,1.283432380962265,4.902242717656743,,
439.8235,27.78,-0.054,-0.18,23.807,0.028,-0.181,-0.109,0.004,0.016,-0.109,0.004,0.016,1.134,0.016,0.078,0.001,-0.007,0.007,0.0,-0.0,0.0,834.656,1.0,0.0,-0.0,0.0,0.0,0.0,0.0,0.0,-0.6898,0.6882,-0.2249,0.7181,0.69,-0.091,0.0926,-0.2242,-0.9701,0.676,0.226,-0.7014,-0.7316,0.0917,-0.6755,-0.0884,0.9698,0.2273,0.0001,-0.0001,0.0,0.0,0.0,0.0,-0.0112,-0.0197,-0.1084,23.199,18.9436,22.6557,0.0,0.0433,-0.3626,0.0,0.0,0.0,4173850.1645,4196334.2276,-3215840.7981,3154.9381,2002.6911,6722.6101,4173826.9655,4196315.2841,-3215863.4538,3154.9492,2002.7108,6722.7184,0.0,0.0765,3.9732,0.0,0.0,1.0,0.0,1.0,0.0,0.0,1.172,-23.972,0.0,1.0,0.0,0.0,0.0,-1.0,0.1879255171603899,0.01649242250247064,-0.1389,1.3023954042113652,4.898363524081157,,
440.0289,27.758,-0.053,-0.176,23.785,0.029,-0.177,-0.109,0.004,0.023,-0.109,0.004,0.023,1.134,0.015,0.079,0.001,-0.007,0.007,0.0,-0.0,0.0,834.628,1.0,0.0,-0.0,0.0,0.0,0.0,0.0,0.0,-0.6898,0.6882,-0.2249,0.7181,0.69,-0.0909,0.0926,-0.2242,-0.9701,0.676,0.226,-0.7014,-0.7316,0.0917,-0.6755,-0.0884,0.9698,0.2273,0.0001,-0.0001,0.0,0.0,0.0,0.0,-0.0065,-0.0246,-0.109,23.1972,18.9391,22.6335,0.0,0.0433,-0.3626,0.0,0.0,0.0,4174494.5007,4196743.1967,-3214467.5015,3153.8307,2001.5682,6723.466,4174471.3035,4196724.2576,-3214490.135,3153.8372,2001.5928,6723.575,0.0,0.0765,3.9732,0.0,0.0,1.0,0.0,1.0,0.0,0.0,1.172,-23.972,0.0,1.0,0.0,0.0,0.0,-1.0,0.18380696395947568,0.023345235059857503,-0.13879,1.3020167415250852,4.894484330505571,,
440.229,27.736,-0.052,-0.171,23.763,0.03,-0.172,-0.109,0.004,0.025,-0.109,0.004,0.025,1.134,0.013,0.08,0.001,-0.007,0.007,0.0,-0.0,0.0,834.619,-0.0,0.0,-0.0,0.0,0.0,0.0,0.0,0.0,-0.6898,0.6882,-0.2249,0.7181,0.69,-0.0909,0.0926,-0.2242,-0.9701,0.676,0.226,-0.7014,-0.7316,0.0917,-0.6755,-0.0884,0.9698,0.2273,0.0001,-0.0001,0.0,0.0,0.0,0.0,-0.0049,-0.0262,-0.1092,23.1962,18.9339,22.6117,0.0,0.0433,-0.3626,0.0,0.0,0.0,4175123.5782,4197142.3979,-3213126.0952,3152.746,2000.4745,6724.302,4175100.382,4197123.464,-3213148.7069,3152.7509,2000.5008,6724.4112,0.0,0.0765,3.9732,0.0,0.0,1.0,0.0,1.0,0.0,0.0,1.172,-23.972,0.0,1.0,0.0,0.0,0.0,-1.0,0.17873164241398332,0.02531797780234433,-0.13868,1.301081578444787,4.8906051369299846,,
440.4301,27.714,-0.051,-0.166,23.741,0.031,-0.167,-0.109,0.004,0.025,-0.109,0.004,0.025,1.134,0.012,0.082,0.001,-0.007,0.007,0.0,-0.0,0.0,834.619,-0.0,0.0,-0.0,0.0,0.0,0.0,0.0,0.0,-0.6898,0.6882,-0.2249,0.7181,0.69,-0.0909,0.0927,-0.2242,-0.9701,0.676,0.226,-0.7014,-0.7316,0.0917,-0.6755,-0.0884,0.9698,0.2273,0.0001,-0.0001,0.0,0.0,0.0,0.0,-0.0049,-0.0262,-0.1092,23.1952,18.9286,22.5898,0.0,0.0433,-0.3626,0.0,0.0,0.0,4175757.6418,4197544.682,-3211773.4186,3151.6506,1999.3734,6725.1448,4175734.4466,4197525.7534,-3211796.0084,3151.6555,1999.3996,6725.254,0.0,0.0765,3.9732,0.0,0.0,1.0,0.0,1.0,0.0,0.0,1.172,-23.972,0.0,1.0,0.0,0.0,0.0,-1.0,0.17365770930194838,0.02531797780234433,-0.13857,1.3002282865698014,4.886725943354398,,
440.6321,27.692,-0.051,-0.161,23.719,0.032,-0.162,-0.109,0.004,0.025,-0.109,0.004,0.025,1.134,0.01,0.083,0.001,-0.007,0.007,0.0,-0.0,0.0,834.619,-0.0,0.0,-0.0,0.0,0.0,0.0,0.0,0.0,-0.6898,0.6882,-0.2249,0.7181,0.69,-0.0908,0.0927,-0.2241,-0.9701,0.676,0.226,-0.7014,-0.7316,0.0917,-0.6755,-0.0884,0.9698,0.2273,0.0001,-0.0001,0.0,0.0,0.0,0.0,-0.0049,-0.0262,-0.1092,23.1942,18.9234,22.5679,0.0,0.0433,-0.3626,0.0,0.0,0.0,4176389.8447,4197945.7041,-3210424.0751,3150.5578,1998.2749,6725.985,4176366.6505,4197926.7808,-3210446.6429,3150.5628,1998.3012,6726.0943,0.0,0.0765,3.9732,0.0,0.0,1.0,0.0,1.0,0.0,0.0,1.172,-23.972,0.0,1.0,0.0,0.0,0.0,-1.0,0.16888457596832224,0.02531797780234433,-0.13846,1.3133275044588852,4.882846749778812,,
440.8322,27.67,-0.05,-0.156,23.697,0.032,-0.157,-0.109,0.004,0.025,-0.109,0.004,0.025,1.134,0.009,0.084,0.001,-0.007,0.007,0.0,-0.0,0.0,834.619,-0.0,0.0,-0.0,0.0,0.0,0.0,0.0,0.0,-0.6898,0.6882,-0.2249,0.7181,0.69,-0.0908,0.0927,-0.2241,-0.9701,0.676,0.226,-0.7014,-0.7316,0.0917,-0.6755,-0.0884,0.9698,0.2273,0.0001,-0.0001,0.0,0.0,0.0,0.0,-0.0049,-0.0262,-0.1093,23.1932,18.9181,22.5459,0.0,0.0433,-0.3626,0.0,0.0,0.0,4177021.8387,4198346.5125,-3209074.5412,3149.4649,1997.1764,6726.8249,4176998.6455,4198327.5943,-3209097.0871,3149.4698,1997.2026,6726.9342,0.0,0.0765,3.9732,0.0,0.0,1.0,0.0,1.0,0.0,0.0,1.172,-23.972,0.0,1.0,0.0,0.0,0.0,-1.0,0.16381697103780182,0.02531797780234433,-0.13835,1.2967367655761224,4.878967556203226,,
441.0333,27.648,-0.049,-0.151,23.675,0.033,-0.152,-0.109,0.004,0.025,-0.109,0.004,0.025,1.134,0.007,0.086,0.001,-0.007,0.007,0.0,-0.0,0.0,834.619,-0.0,0.0,-0.0,0.0,0.0,0.0,0.0,0.0,-0.6898,0.6882,-0.2249,0.7181,0.69,-0.0907,0.0927,-0.2241,-0.9701,0.676,0.226,-0.7014,-0.7316,0.0917,-0.6755,-0.0884,0.9698,0.2273,0.0001,-0.0001,0.0,0.0,0.0,0.0,-0.0049,-0.0262,-0.1093,23.1922,18.9128,22.5238,0.0,0.0433,-0.3626,0.0,0.0,0.0,4177660.6028,4198751.5316,-3207709.9031,3148.3597,1996.0656,6727.6738,4177637.4106,4198732.6188,-3207732.4269,3148.3646,1996.0918,6727.783,0.0,0.0765,3.9732,0.0,0.0,1.0,0.0,1.0,0.0,0.0,1.172,-23.972,0.0,1.0,0.0,0.0,0.0,-1.0,0.15875137794677563,0.02531797780234433,-0.13824,1.2961263116384165,4.87508836262764,,
441.2388,27.625,-0.048,-0.146,23.652,0.034,-0.147,-0.109,0.004,0.025,-0.109,0.004,0.025,1.134,0.006,0.087,0.001,-0.007,0.007,0.0,-0.0,0.0,834.619,-0.0,0.0,-0.0,0.0,0.0,0.0,0.0,0.0,-0.6897,0.6882,-0.2249,0.7181,0.69,-0.0907,0.0928,-0.2241,-0.9701,0.676,0.226,-0.7014,-0.7316,0.0917,-0.6755,-0.0884,0.9698,0.2273,0.0001,-0.0001,0.0,0.0,0.0,0.0,-0.0049,-0.0262,-0.1093,23.1912,18.9074,22.5014,0.0,0.0433,-0.3626,0.0,0.0,0.0,4178305.5506,4199160.3872,-3206331.394,3147.2433,1994.9435,6728.5308,4178282.3594,4199141.4797,-3206353.8954,3147.2482,1994.9697,6728.64,0.0,0.0765,3.9732,0.0,0.0,1.0,0.0,1.0,0.0,0.0,1.172,-23.972,0.0,1.0,0.0,0.0,0.0,-1.0,0.15368799562750501,0.02531797780234433,-0.138125,1.2956054670888566,4.871032842071345,,
441.4389,27.603,-0.048,-0.14,23.63,0.035,-0.142,-0.11,0.004,0.025,-0.11,0.004,0.025,1.134,0.004,0.088,0.001,-0.007,0.007,0.0,-0.0,0.0,834.619,-0.0,0.0,-0.0,0.0,0.0,0.0,0.0,0.0,-0.6897,0.6882,-0.2249,0.7181,0.69,-0.0907,0.0928,-0.2241,-0.9702,0.676,0.226,-0.7014,-0.7316,0.0917,-0.6755,-0.0884,0.9698,0.2273,0.0001,-0.0001,0.0,0.0,0.0,0.0,-0.0049,-0.0262,-0.1093,23.1902,18.9022,22.4795,0.0,0.0433,-0.3626,0.0,0.0,0.0,4178935.3201,4199559.5389,-3204984.6836,3146.1525,1993.8474,6729.3675,4178912.1299,4199540.6367,-3205007.1631,3146.1574,1993.8736,6729.4768,0.0,0.0765,3.9732,0.0,0.0,1.0,0.0,1.0,0.0,0.0,1.172,-23.972,0.0,1.0,0.0,0.0,0.0,-1.0,0.14800000000000002,0.02531797780234433,-0.138015,1.3126915876192544,4.867153648495759,,
441.6461,27.581,-0.047,-0.135,23.608,0.036,-0.137,-0.11,0.004,0.025,-0.11,0.004,0.025,1.135,0.003,0.09,0.001,-0.007,0.007,0.0,-0.0,0.0,834.619,-0.0,0.0,-0.0,0.0,0.0,0.0,0.0,0.0,-0.6897,0.6882,-0.2249,0.7181,0.69,-0.0906,0.0928,-0.224,-0.9702,0.676,0.226,-0.7014,-0.7316,0.0917,-0.6755,-0.0884,0.9698,0.2273,0.0001,-0.0001,0.0,0.0,0.0,0.0,-0.0049,-0.0262,-0.1093,23.1892,18.8968,22.4569,0.0,0.0433,-0.3626,0.0,0.0,0.0,4179584.8974,4199971.16,-3203594.9512,3145.0269,1992.7162,6730.2305,4179561.7082,4199952.2632,-3203617.4082,3145.0318,1992.7425,6730.3399,0.0,0.0765,3.9732,0.0,0.0,1.0,0.0,1.0,0.0,0.0,1.172,-23.972,0.0,1.0,0.0,0.0,0.0,-1.0,0.14294754282603112,0.02531797780234433,-0.137905,1.31225021911402,4.863274454920172,,
441.8522,27.558,-0.046,-0.13,23.585,0.037,-0.131,-0.11,0.004,0.025,-0.11,0.004,0.025,1.135,0.001,0.091,0.001,-0.007,0.007,0.0,-0.0,0.0,834.619,-0.0,0.0,-0.0,0.0,0.0,0.0,0.0,0.0,-0.6897,0.6882,-0.2249,0.7181,0.69,-0.0906,0.0928,-0.224,-0.9702,0.676,0.226,-0.7014,-0.7316,0.0917,-0.6755,-0.0884,0.9698,0.2273,0.0001,-0.0001,0.0,0.0,0.0,0.0,-0.0049,-0.0262,-0.1093,23.1882,18.8914,22.4343,0.0,0.0433,-0.3626,0.0,0.0,0.0,4180236.4371,4200383.9378,-3202200.3419,3143.8973,1991.5812,6731.0961,4180213.2489,4200365.0464,-3202222.7762,3143.9022,1991.6074,6731.2054,0.0,0.0765,3.9732,0.0,0.0,1.0,0.0,1.0,0.0,0.0,1.172,-23.972,0.0,1.0,0.0,0.0,0.0,-1.0,0.1378985134075056,0.02531797780234433,-0.13779,1.3081102590733964,4.859218934363878,,
442.0534,27.536,-0.045,-0.125,23.563,0.038,-0.126,-0.11,0.004,0.025,-0.11,0.004,0.025,1.135,-0.0,0.092,0.001,-0.007,0.007,0.0,-0.0,0.0,834.619,-0.0,0.0,-0.0,0.0,0.0,0.0,0.0,0.0,-0.6897,0.6882,-0.2249,0.7181,0.69,-0.0906,0.0929,-0.224,-0.9702,0.676,0.226,-0.7014,-0.7316,0.0917,-0.6755,-0.0884,0.9698,0.2273,0.0001,-0.0001,0.0,0.0,0.0,0.0,-0.0049,-0.0262,-0.1093,23.1872,18.8861,22.4123,0.0,0.0433,-0.3626,0.0,0.0,0.0,4180868.3332,4200784.1875,-3200847.129,3142.8012,1990.4798,6731.9355,4180845.1459,4200765.3014,-3200869.5413,3142.8061,1990.506,6732.0448,0.0,0.0765,3.9732,0.0,0.0,1.0,0.0,1.0,0.0,0.0,1.172,-23.972,0.0,1.0,0.0,0.0,0.0,-1.0,0.13285330255586422,0.02531797780234433,-0.13768,1.3079679568414828,4.855339740788292,,
442.2544,27.514,-0.045,-0.12,23.541,0.038,-0.121,-0.11,0.004,0.025,-0.11,0.004,0.025,1.135,-0.002,0.094,0.001,-0.007,0.007,0.0,-0.0,0.0,834.619,-0.0,0.0,-0.0,0.0,0.0,0.0,0.0,0.0,-0.6897,0.6883,-0.2249,0.7181,0.69,-0.0905,0.0929,-0.224,-0.9702,0.676,0.226,-0.7014,-0.7316,0.0917,-0.6755,-0.0884,0.9698,0.2273,0.0001,-0.0001,0.0,0.0,0.0,0.0,-0.0049,-0.0262,-0.1093,23.1862,18.8809,22.3903,0.0,0.0433,-0.3626,0.0,0.0,0.0,4181500.1559,4201184.3087,-3199493.4345,3141.7047,1989.3781,6732.7748,4181476.9697,4201165.4278,-3199515.8248,3141.7096,1989.4043,6732.8841,0.0,0.0765,3.9732,0.0,0.0,1.0,0.0,1.0,0.0,0.0,1.172,-23.972,0.0,1.0,0.0,0.0,0.0,-1.0,0.12816005617976295,0.02531797780234433,-0.13757,1.305836506019634,4.851460547212705,,
442.4555,27.492,-0.044,-0.115,23.519,0.039,-0.116,-0.11,0.004,0.025,-0.11,0.004,0.025,1.135,-0.003,0.095,0.001,-0.007,0.007,0.0,-0.0,0.0,834.619,-0.0,0.0,-0.0,0.0,0.0,0.0,0.0,0.0,-0.6897,0.6883,-0.2249,0.7181,0.69,-0.0905,0.0929,-0.2239,-0.9702,0.676,0.226,-0.7014,-0.7316,0.0917,-0.6755,-0.0884,0.9698,0.2273,0.0001,-0.0001,0.0,0.0,0.0,0.0,-0.0049,-0.0262,-0.1094,23.1853,18.8756,22.3683,0.0,0.0433,-0.3626,0.0,0.0,0.0,4182131.0204,4201583.7415,-3198141.1507,3140.6093,1988.2776,6733.6127,4182107.8352,4201564.8659,-3198163.519,3140.6142,1988.3038,6733.722,0.0,0.0765,3.9732,0.0,0.0,1.0,0.0,1.0,0.0,0.0,1.172,-23.972,0.0,1.0,0.0,0.0,0.0,-1.0,0.12313001258832065,0.02531797780234433,-0.13746,1.3058610917244788,4.8475813536371195,,
442.6557,27.47,-0.043,-0.109,23.497,0.04,-0.111,-0.11,0.004,0.025,-0.11,0.004,0.025,1.135,-0.005,0.096,0.001,-0.007,0.007,0.0,-0.0,0.0,834.619,-0.0,0.0,-0.0,0.0,0.0,0.0,0.0,0.0,-0.6897,0.6883,-0.2249,0.7181,0.69,-0.0905,0.0929,-0.2239,-0.9702,0.676,0.226,-0.7014,-0.7316,0.0917,-0.6755,-0.0884,0.9698,0.2273,0.0001,-0.0001,0.0,0.0,0.0,0.0,-0.0049,-0.0262,-0.1094,23.1843,18.8704,22.3465,0.0,0.0433,-0.3626,0.0,0.0,0.0,4182759.5081,4201981.5883,-3196793.3239,3139.5175,1987.1807,6734.4474,4182736.3239,4201962.7179,-3196815.6704,3139.5224,1987.2069,6734.5567,0.0,0.0765,3.9732,0.0,0.0,1.0,0.0,1.0,0.0,0.0,1.172,-23.972,0.0,1.0,0.0,0.0,0.0,-1.0,0.11717508267545622,0.02531797780234433,-0.13735,1.3088119094368071,4.843702160061532,,
442.8569,27.448,-0.042,-0.104,23.475,0.041,-0.106,-0.11,0.004,0.025,-0.11,0.004,0.025,1.135,-0.006,0.098,0.001,-0.007,0.007,0.0,-0.0,0.0,834.619,-0.0,0.0,-0.0,0.0,0.0,0.0,0.0,0.0,-0.6897,0.6883,-0.2249,0.7181,0.69,-0.0904,0.093,-0.2239,-0.9702,0.676,0.226,-0.7014,-0.7316,0.0917,-0.6755,-0.0884,0.9698,0.2273,0.0001,-0.0001,0.0,0.0,0.0,0.0,-0.0049,-0.0262,-0.1094,23.1833,18.8651,22.3244,0.0,0.0433,-0.3626,0.0,0.0,0.0,4183393.8572,4202383.0628,-3195432.2847,3138.4149,1986.0731,6735.2898,4183370.6739,4202364.1977,-3195454.6091,3138.4198,1986.0993,6735.3991,0.0,0.0765,3.9732,0.0,0.0,1.0,0.0,1.0,0.0,0.0,1.172,-23.972,0.0,1.0,0.0,0.0,0.0,-1.0,0.11216059914247961,0.02531797780234433,-0.13724,1.3088950824200412,4.839822966485947,,
443.057,27.426,-0.042,-0.099,23.453,0.042,-0.101,-0.11,0.004,0.024,-0.11,0.004,0.024,1.135,-0.008,0.099,0.001,-0.007,0.007,0.0,-0.0,0.0,834.615,-1.0,0.0,-0.0,0.0,0.0,0.0,0.0,0.0,-0.6897,0.6883,-0.2249,0.7181,0.6901,-0.0904,0.093,-0.2239,-0.9702,0.676,0.226,-0.7014,-0.7316,0.0917,-0.6755,-0.0884,0.9698,0.2273,0.0001,-0.0001,0.0,0.0,0.0,0.0,-0.0056,-0.0254,-0.1093,23.1823,18.8599,22.3025,0.0,0.0433,-0.3626,0.0,0.0,0.0,4184020.9131,4202779.8401,-3194086.2555,3137.3238,1984.9786,6736.1225,4183997.7307,4202760.9802,-3194108.558,3137.3294,1985.004,6736.2318,0.0,0.0765,3.9732,0.0,0.0,1.0,0.0,1.0,0.0,0.0,1.172,-23.972,0.0,1.0,0.0,0.0,0.0,-1.0,0.10754068997360952,0.02433105012119288,-0.13713,1.3232309660806145,4.83594377291036,,
443.2623,27.403,-0.041,-0.095,23.43,0.043,-0.097,-0.11,0.004,0.018,-0.11,0.004,0.017,1.135,-0.009,0.101,0.001,-0.007,0.007,0.0,-0.0,0.0,834.588,-1.0,0.0,-0.0,0.0,0.0,0.0,0.0,0.0,-0.6897,0.6883,-0.2249,0.7181,0.6901,-0.0904,0.093,-0.2238,-0.9702,0.676,0.226,-0.7014,-0.7316,0.0917,-0.6755,-0.0884,0.9698,0.2273,0.0001,-0.0001,0.0,0.0,0.0,0.0,-0.0104,-0.0205,-0.1087,23.1807,18.8552,22.2801,0.0,0.0433,-0.3626,0.0,0.0,0.0,4184665.7733,4203187.7998,-3192701.3447,3136.1971,1983.8566,6736.9794,4184642.5926,4203168.9447,-3192723.6247,3136.2075,1983.877,6737.0881,0.0,0.0765,3.9732,0.0,0.0,1.0,0.0,1.0,0.0,0.0,1.172,-23.972,0.0,1.0,0.0,0.0,0.0,-1.0,0.10346980235798268,0.018439088914585774,-0.137015,1.3238920223633457,4.831888252354066,,
443.4638,27.381,-0.04,-0.092,23.408,0.043,-0.094,-0.11,0.004,0.011,-0.11,0.004,0.01,1.136,-0.011,0.102,0.001,-0.007,0.007,0.0,-0.0,0.0,834.561,-1.0,0.0,-0.0,0.0,0.0,0.0,0.0,0.0,-0.6897,0.6883,-0.2249,0.7181,0.6901,-0.0903,0.093,-0.2238,-0.9702,0.676,0.226,-0.7014,-0.7316,0.0917,-0.6755,-0.0884,0.9698,0.2273,0.0001,-0.0001,0.0,0.0,0.0,0.0,-0.015,-0.0156,-0.108,23.1781,18.8515,22.2581,0.0,0.0433,-0.3626,0.0,0.0,0.0,4185300.6146,4203589.3392,-3191337.291,3135.0873,1982.7515,6737.8229,4185277.4365,4203570.4876,-3191359.5492,3135.1024,1982.7671,6737.931,0.0,0.0765,3.9732,0.0,0.0,1.0,0.0,1.0,0.0,0.0,1.172,-23.972,0.0,1.0,0.0,0.0,0.0,-1.0,0.10031948963187562,0.011704699910719625,-0.136905,1.3086785889502794,4.82800905877848,,
443.6675,27.359,-0.039,-0.091,23.386,0.044,-0.093,-0.11,0.003,0.005,-0.11,0.004,0.005,1.136,-0.012,0.103,0.001,-0.007,0.006,0.0,-0.0,0.0,834.539,-0.0,0.0,-0.0,0.0,0.0,0.0,0.0,0.0,-0.6897,0.6883,-0.2249,0.7181,0.6901,-0.0903,0.0931,-0.2238,-0.9702,0.676,0.226,-0.7014,-0.7316,0.0917,-0.6755,-0.0884,0.9698,0.2273,0.0001,-0.0001,0.0,0.0,0.0,0.0,-0.0188,-0.0116,-0.1075,23.1746,18.8489,22.2365,0.0,0.0433,-0.3626,0.0,0.0,0.0,4185929.5887,4203987.087,-3189985.1985,3133.9881,1981.6553,6738.6585,4185906.414,4203968.2381,-3190007.435,3134.0069,1981.6669,6738.766,0.0,0.0765,3.9732,0.0,0.0,1.0,0.0,1.0,0.0,0.0,1.172,-23.972,0.0,1.0,0.0,0.0,0.0,-1.0,0.09900505037623081,0.0058309518948453,-0.136795,1.3105101049996268,4.824129865202893,,
443.8733,27.336,-0.039,-0.089,23.363,0.045,-0.092,-0.11,0.003,0.005,-0.11,0.004,0.005,1.136,-0.014,0.104,0.001,-0.007,0.006,0.0,-0.0,0.0,834.539,-0.0,0.0,-0.0,0.0,0.0,0.0,0.0,0.0,-0.6897,0.6883,-0.2249,0.7181,0.6901,-0.0903,0.0931,-0.2238,-0.9702,0.676,0.226,-0.7014,-0.7316,0.0917,-0.6755,-0.0884,0.9698,0.2273,0.0001,-0.0001,0.0,0.0,0.0,0.0,-0.0188,-0.0116,-0.1076,23.1707,18.8465,22.2141,0.0,0.0433,-0.3626,0.0,0.0,0.0,4186582.004,4204399.5724,-3188582.0401,3132.8513,1980.5136,6739.5246,4186558.8333,4204380.7259,-3188604.2542,3132.8701,1980.5252,6739.6321,0.0,0.0765,3.9732,0.0,0.0,1.0,0.0,1.0,0.0,0.0,1.172,-23.972,0.0,1.0,0.0,0.0,0.0,-1.0,0.09716995420396163,0.0058309518948453,-0.13668,1.3290812617122105,4.820074344646598,,
444.0737,27.315,-0.038,-0.088,23.342,0.046,-0.091,-0.11,0.003,0.005,-0.11,0.004,0.005,1.136,-0.015,0.106,0.001,-0.007,0.006,0.0,-0.0,0.0,834.539,-0.0,0.0,-0.0,0.0,0.0,0.0,0.0,0.0,-0.6897,0.6883,-0.2249,0.7181,0.6901,-0.0902,0.0931,-0.2237,-0.9702,0.676,0.226,-0.7014,-0.7316,0.0917,-0.6755,-0.0884,0.9698,0.2273,0.0001,-0.0001,0.0,0.0,0.0,0.0,-0.0188,-0.0116,-0.1076,23.167,18.8442,22.1928,0.0,0.0433,-0.3626,0.0,0.0,0.0,4187203.9756,4204792.7279,-3187243.7137,3131.7669,1979.4247,6740.3502,4187180.8086,4204773.8838,-3187265.9065,3131.7858,1979.4363,6740.4577,0.0,0.0765,3.9732,0.0,0.0,1.0,0.0,1.0,0.0,0.0,1.172,-23.972,0.0,1.0,0.0,0.0,0.0,-1.0,0.09585405573057407,0.0058309518948453,-0.136575,1.3309015976770362,4.816371478051721,,
444.2738,27.293,-0.037,-0.087,23.32,0.047,-0.09,-0.11,0.003,0.005,-0.11,0.004,0.005,1.136,-0.016,0.107,0.001,-0.007,0.006,0.0,-0.0,0.0,834.539,-0.0,0.0,-0.0,0.0,0.0,0.0,0.0,0.0,-0.6897,0.6883,-0.2249,0.7181,0.6901,-0.0902,0.0931,-0.2237,-0.9702,0.676,0.226,-0.7014,-0.7316,0.0917,-0.6755,-0.0884,0.9698,0.2273,0.0001,-0.0001,0.0,0.0,0.0,0.0,-0.0188,-0.0116,-0.1076,23.1632,18.8419,22.1712,0.0,0.0433,-0.3626,0.0,0.0,0.0,4187831.385,4205189.2395,-3185893.0518,3130.6726,1978.3258,6741.1829,4187808.2218,4205170.3977,-3185915.223,3130.6914,1978.3374,6741.2905,0.0,0.0765,3.9732,0.0,0.0,1.0,0.0,1.0,0.0,0.0,1.172,-23.972,0.0,1.0,0.0,0.0,0.0,-1.0,0.09454099639838794,0.0058309518948453,-0.136465,1.3327338953690913,4.812492284476135,,
444.4798,27.27,-0.037,-0.086,23.297,0.047,-0.089,-0.11,0.003,0.005,-0.11,0.004,0.005,1.136,-0.018,0.108,0.001,-0.007,0.006,0.0,-0.0,0.0,834.539,-0.0,0.0,-0.0,0.0,0.0,0.0,0.0,0.0,-0.6897,0.6883,-0.2249,0.7181,0.6901,-0.0902,0.0932,-0.2237,-0.9702,0.676,0.226,-0.7014,-0.7316,0.0917,-0.6755,-0.0884,0.9698,0.2273,0.0001,-0.0001,0.0,0.0,0.0,0.0,-0.0188,-0.0116,-0.1076,23.1593,18.8395,22.149,0.0,0.0433,-0.3626,0.0,0.0,0.0,4188476.3857,4205596.7834,-3184503.853,3129.547,1977.1955,6742.039,4188453.2265,4205577.9439,-3184526.002,3129.5658,1977.2071,6742.1466,0.0,0.0765,3.9732,0.0,0.0,1.0,0.0,1.0,0.0,0.0,1.172,-23.972,0.0,1.0,0.0,0.0,0.0,-1.0,0.09362157870918433,0.0058309518948453,-0.13635,1.3324710439721752,4.80843676391984,,
444.6801,27.248,-0.036,-0.085,23.275,0.048,-0.088,-0.11,0.003,0.005,-0.11,0.004,0.005,1.137,-0.019,0.11,0.001,-0.007,0.006,0.0,-0.0,0.0,834.539,-0.0,0.0,-0.0,0.0,0.0,0.0,0.0,0.0,-0.6897,0.6883,-0.2249,0.7181,0.6901,-0.0901,0.0932,-0.2237,-0.9702,0.676,0.226,-0.7014,-0.7316,0.0917,-0.6755,-0.0884,0.9698,0.2273,0.0001,-0.0001,0.0,0.0,0.0,0.0,-0.0188,-0.0116,-0.1076,23.1555,18.8371,22.1274,0.0,0.0433,-0.3626,0.0,0.0,0.0,4189105.2925,4205994.0753,-3183148.6649,3128.4489,1976.093,6742.8736,4189082.137,4205975.2381,-3183170.7923,3128.4677,1976.1046,6742.9812,0.0,0.0765,3.9732,0.0,0.0,1.0,0.0,1.0,0.0,0.0,1.172,-23.972,0.0,1.0,0.0,0.0,0.0,-1.0,0.09230926280715279,0.0058309518948453,-0.13624,1.3343152864898822,4.804557570344254,,
444.8812,27.226,-0.035,-0.084,23.253,0.049,-0.087,-0.11,0.003,0.005,-0.11,0.004,0.005,1.137,-0.02,0.111,0.001,-0.007,0.006,0.0,-0.0,0.0,834.539,-0.0,0.0,-0.0,0.0,0.0,0.0,0.0,0.0,-0.6897,0.6883,-0.2249,0.7181,0.6901,-0.0901,0.0932,-0.2237,-0.9702,0.676,0.226,-0.7014,-0.7316,0.0917,-0.6755,-0.0884,0.9698,0.2273,0.0001,-0.0001,0.0,0.0,0.0,0.0,-0.0188,-0.0116,-0.1076,23.1517,18.8348,22.1059,0.0,0.0433,-0.3626,0.0,0.0,0.0,4189732.0657,4206389.9376,-3181797.4331,3127.354,1974.9937,6743.7054,4189708.914,4206371.1028,-3181819.5389,3127.3728,1975.0053,6743.813,0.0,0.0765,3.9732,0.0,0.0,1.0,0.0,1.0,0.0,0.0,1.172,-23.972,0.0,1.0,0.0,0.0,0.0,-1.0,0.091,0.0058309518948453,-0.13613,1.3361666848924696,4.800678376768667,,
445.082,27.204,-0.035,-0.083,23.231,0.05,-0.086,-0.11,0.003,0.005,-0.11,0.004,0.005,1.137,-0.022,0.112,0.001,-0.007,0.006,0.0,-0.0,0.0,834.539,-0.0,0.0,-0.0,0.0,0.0,0.0,0.0,0.0,-0.6897,0.6883,-0.2249,0.7181,0.6901,-0.0901,0.0932,-0.2236,-0.9702,0.676,0.226,-0.7014,-0.7316,0.0917,-0.6755,-0.0884,0.9698,0.2273,0.0001,-0.0001,0.0,0.0,0.0,0.0,-0.0188,-0.0116,-0.1076,23.148,18.8325,22.0843,0.0,0.0433,-0.3626,0.0,0.0,0.0,4190356.4579,4206784.2147,-3180450.699,3126.2627,1973.8981,6744.5339,4190333.3099,4206765.3822,-3180472.7834,3126.2815,1973.9097,6744.6415,0.0,0.0765,3.9732,0.0,0.0,1.0,0.0,1.0,0.0,0.0,1.172,-23.972,0.0,1.0,0.0,0.0,0.0,-1.0,0.09007774419910837,0.0058309518948453,-0.13602,1.3522317636373926,4.796799183193081,,
445.2825,27.182,-0.034,-0.082,23.209,0.05,-0.085,-0.11,0.003,0.005,-0.11,0.004,0.005,1.137,-0.023,0.114,0.001,-0.007,0.006,0.0,-0.0,0.0,834.539,-0.0,0.0,-0.0,0.0,0.0,0.0,0.0,0.0,-0.6897,0.6883,-0.2249,0.7181,0.6901,-0.09,0.0932,-0.2236,-0.9702,0.676,0.226,-0.7014,-0.7316,0.0917,-0.6755,-0.0884,0.9698,0.2273,0.0001,-0.0001,0.0,0.0,0.0,0.0,-0.0188,-0.0116,-0.1076,23.1442,18.8302,22.0626,0.0,0.0433,-0.3626,0.0,0.0,0.0,4190988.8403,4207183.4544,-3179086.0849,3125.1569,1972.788,6745.3729,4190965.6962,4207164.6242,-3179108.1475,3125.1757,1972.7996,6745.4806,0.0,0.0765,3.9732,0.0,0.0,1.0,0.0,1.0,0.0,0.0,1.172,-23.972,0.0,1.0,0.0,0.0,0.0,-1.0,0.08876936408468859,0.0058309518948453,-0.13591,1.3377742475093186,4.792919989617495,,
445.4838,27.16,-0.033,-0.081,23.187,0.051,-0.084,-0.11,0.003,0.005,-0.11,0.004,0.005,1.137,-0.024,0.115,0.001,-0.007,0.006,0.0,-0.0,0.0,834.539,-0.0,0.0,-0.0,0.0,0.0,0.0,0.0,0.0,-0.6897,0.6883,-0.2249,0.7181,0.6901,-0.09,0.0933,-0.2236,-0.9702,0.676,0.226,-0.7014,-0.7316,0.0917,-0.6755,-0.0884,0.9698,0.2273,0.0001,-0.0001,0.0,0.0,0.0,0.0,-0.0188,-0.0116,-0.1077,23.1404,18.8279,22.041,0.0,0.0433,-0.3626,0.0,0.0,0.0,4191615.8528,4207579.2217,-3177732.412,3124.0599,1971.6868,6746.2048,4191592.7124,4207560.3939,-3177754.4529,3124.0788,1971.6984,6746.3125,0.0,0.0765,3.9732,0.0,0.0,1.0,0.0,1.0,0.0,0.0,1.172,-23.972,0.0,1.0,0.0,0.0,0.0,-1.0,0.08746427842267951,0.0058309518948453,-0.1358,1.339644799818576,4.789040796041909,,
445.6889,27.137,-0.032,-0.08,23.164,0.052,-0.083,-0.11,0.003,0.005,-0.11,0.004,0.005,1.137,-0.026,0.116,0.001,-0.007,0.006,0.0,-0.0,0.0,834.539,-0.0,0.0,-0.0,0.0,0.0,0.0,0.0,0.0,-0.6897,0.6883,-0.2249,0.7181,0.6901,-0.09,0.0933,-0.2236,-0.9702,0.676,0.226,-0.7014,-0.7316,0.0917,-0.6755,-0.0884,0.9698,0.2273,0.0001,-0.0001,0.0,0.0,0.0,0.0,-0.0188,-0.0116,-0.1077,23.1365,18.8255,22.0189,0.0,0.0433,-0.3626,0.0,0.0,0.0,4192257.2731,4207983.998,-3176346.9714,3122.9372,1970.5598,6747.0557,4192234.1366,4207965.1725,-3176368.9902,3122.956,1970.5714,6747.1634,0.0,0.0765,3.9732,0.0,0.0,1.0,0.0,1.0,0.0,0.0,1.172,-23.972,0.0,1.0,0.0,0.0,0.0,-1.0,0.08616263691415206,0.0058309518948453,-0.135685,1.3415278040673753,4.784985275485614,,
445.8896,27.115,-0.032,-0.079,23.142,0.053,-0.082,-0.11,0.003,0.005,-0.11,0.004,0.005,1.137,-0.027,0.118,0.001,-0.007,0.006,0.0,-0.0,0.0,834.539,-0.0,0.0,-0.0,0.0,0.0,0.0,0.0,0.0,-0.6897,0.6883,-0.2249,0.7181,0.6901,-0.0899,0.0933,-0.2235,-0.9702,0.676,0.226,-0.7014,-0.7316,0.0917,-0.6755,-0.0884,0.9698,0.2273,0.0001,-0.0001,0.0,0.0,0.0,0.0,-0.0188,-0.0116,-0.1077,23.1327,18.8232,21.9973,0.0,0.0433,-0.3626,0.0,0.0,0.0,4192882.598,4208378.5345,-3174995.6461,3121.8421,1969.4606,6747.8852,4192859.4652,4208359.7114,-3175017.6434,3121.8609,1969.4722,6747.9929,0.0,0.0765,3.9732,0.0,0.0,1.0,0.0,1.0,0.0,0.0,1.172,-23.972,0.0,1.0,0.0,0.0,0.0,-1.0,0.08523496934944014,0.0058309518948453,-0.135575,1.3576353639457828,4.7811060819100275,,
446.0898,27.093,-0.031,-0.078,23.12,0.054,-0.081,-0.11,0.003,0.005,-0.11,0.004,0.005,1.138,-0.028,0.119,0.001,-0.007,0.006,0.0,-0.0,0.0,834.539,-0.0,0.0,-0.0,0.0,0.0,0.0,0.0,0.0,-0.6897,0.6883,-0.2249,0.7181,0.6901,-0.0899,0.0933,-0.2235,-0.9702,0.676,0.226,-0.7014,-0.7316,0.0917,-0.6755,-0.0884,0.9698,0.2273,0.0001,-0.0001,0.0,0.0,0.0,0.0,-0.0188,-0.0116,-0.1077,23.129,18.8209,21.9757,0.0,0.0433,-0.3626,0.0,0.0,0.0,4193508.8776,4208773.5916,-3173641.6141,3120.7447,1968.3592,6748.7159,4193485.7486,4208754.7707,-3173663.5898,3120.7635,1968.3708,6748.8236,0.0,0.0765,3.9732,0.0,0.0,1.0,0.0,1.0,0.0,0.0,1.172,-23.972,0.0,1.0,0.0,0.0,0.0,-1.0,0.08393449827097318,0.0058309518948453,-0.135465,1.3595316725662907,4.777226888334441,,
446.2926,27.071,-0.03,-0.077,23.098,0.054,-0.08,-0.11,0.003,0.005,-0.11,0.004,0.005,1.138,-0.03,0.12,0.001,-0.007,0.006,0.0,-0.0,0.0,834.539,-0.0,0.0,-0.0,0.0,0.0,0.0,0.0,0.0,-0.6897,0.6883,-0.2249,0.7181,0.6901,-0.0899,0.0934,-0.2235,-0.9702,0.676,0.226,-0.7014,-0.7316,0.0917,-0.6755,-0.0884,0.9698,0.2273,0.0001,-0.0001,0.0,0.0,0.0,0.0,-0.0188,-0.0116,-0.1077,23.1252,18.8185,21.9539,0.0,0.0433,-0.3626,0.0,0.0,0.0,4194141.1862,4209172.3683,-3172273.8968,3119.6362,1967.2468,6749.5546,4194118.0611,4209153.5497,-3172295.8507,3119.6551,1967.2584,6749.6623,0.0,0.0765,3.9732,0.0,0.0,1.0,0.0,1.0,0.0,0.0,1.172,-23.972,0.0,1.0,0.0,0.0,0.0,-1.0,0.08263776376451629,0.0058309518948453,-0.135355,1.3450759911314278,4.773347694758856,,
446.4928,27.049,-0.03,-0.076,23.076,0.055,-0.079,-0.11,0.003,0.005,-0.11,0.004,0.005,1.138,-0.031,0.121,0.017,-0.007,0.006,0.0,-0.0,0.0,834.535,-0.0,0.0,-0.0,0.0,0.0,0.628,0.0,0.0,-0.6897,0.6883,-0.2249,0.7181,0.6901,-0.0898,0.0934,-0.2235,-0.9702,0.676,0.226,-0.7014,-0.7316,0.0917,-0.6755,-0.0884,0.9698,0.2273,0.0001,-0.0001,0.0003,0.0,0.0,0.0,-0.0188,-0.0116,-0.1077,23.1214,18.8162,21.9322,0.0,0.0433,-0.3626,0.0,0.0,0.0,4194768.6413,4209568.0009,-3170916.0303,3118.5357,1966.1423,6750.3867,4194745.5199,4209549.1847,-3170937.9625,3118.5545,1966.1539,6750.4944,0.0,0.0765,3.9732,0.0,0.0,1.0,0.0,1.0,0.0,0.0,1.172,-23.972,0.0,1.0,0.0,0.0,0.0,-1.0,0.08170679286326199,0.0058309518948453,-0.135245,1.361214335342573,4.769468501183269,,
446.6949,27.027,-0.029,-0.075,23.054,0.056,-0.078,-0.11,0.003,0.005,-0.11,0.004,0.005,1.149,-0.032,0.123,0.089,-0.006,0.007,0.0,-0.0,0.002,834.517,-0.0,0.0,-0.0,0.0,0.0,1.0,0.0,0.0,-0.6898,0.6882,-0.2249,0.718,0.6903,-0.0898,0.0934,-0.2234,-0.9702,0.676,0.226,-0.7014,-0.7316,0.0917,-0.6755,-0.0884,0.9698,0.2273,0.0001,-0.0001,0.0016,0.0,0.0,0.0,-0.0188,-0.0116,-0.1077,23.1176,18.8139,21.9104,0.0,0.0433,-0.3626,0.0,0.0,0.0,4195397.9223,4209964.7021,-3169553.5621,3117.4314,1965.0342,6751.2212,4195374.8048,4209945.8882,-3169575.4725,3117.4503,1965.0458,6751.329,0.0,0.0765,3.9732,0.0,0.0,1.0,0.0,1.0,0.0,0.0,1.172,-23.972,0.0,1.0,0.0,0.0,0.0,-1.0,0.08041144197189849,0.0058309518948453,-0.135135,1.3631298913183114,4.765589307607683,,
446.8992,27.004,-0.028,-0.074,23.031,0.057,-0.077,-0.11,0.004,0.005,-0.11,0.004,0.005,1.175,-0.034,0.124,0.162,-0.006,0.007,0.0,-0.0,0.003,834.498,-0.0,0.0,-0.0,0.0,0.0,1.0,0.0,0.0,-0.6901,0.6879,-0.2249,0.7177,0.6906,-0.0898,0.0936,-0.2234,-0.9702,0.676,0.226,-0.7014,-0.7316,0.0917,-0.6755,-0.0884,0.9698,0.2273,0.0001,-0.0001,0.0028,0.0,0.0,0.0,-0.0188,-0.0116,-0.1077,23.1137,18.8115,21.8884,0.0,0.0433,-0.3626,0.0,0.0,0.0,4196035.9066,4210366.8048,-3168171.5852,3116.3113,1963.9102,6752.0672,4196012.7928,4210347.9933,-3168193.4736,3116.3301,1963.9218,6752.175,0.0,0.0765,3.9732,0.0,0.0,1.0,0.0,1.0,0.0,0.0,1.172,-23.972,0.0,1.0,0.0,0.0,0.0,-1.0,0.07912016177940992,0.006403124237432849,-0.13502,1.365058230008921,4.7615337870513885,,
447.1019,26.982,-0.028,-0.072,23.009,0.058,-0.076,-0.11,0.004,0.005,-0.11,0.004,0.005,1.214,-0.035,0.125,0.231,-0.006,0.007,0.0,-0.0,0.004,834.481,-0.0,0.0,-0.0,0.0,0.0,1.0,0.0,0.0,-0.6906,0.6874,-0.2249,0.7172,0.6911,-0.0897,0.0937,-0.2233,-0.9702,0.676,0.226,-0.7014,-0.7316,0.0917,-0.6755,-0.0884,0.9698,0.2273,0.0001,-0.0001,0.004,0.0,0.0,0.0,-0.0188,-0.0116,-0.1077,23.11,18.8091,21.8665,0.0,0.0433,-0.3626,0.0,0.0,0.0,4196667.9713,4210765.0921,-3166801.7701,3115.201,1962.7962,6752.9053,4196644.8613,4210746.283,-3166823.6367,3115.2199,1962.8077,6753.013,0.0,0.0765,3.9732,0.0,0.0,1.0,0.0,1.0,0.0,0.0,1.172,-23.972,0.0,1.0,0.0,0.0,0.0,-1.0,0.07725283166331186,0.006403124237432849,-0.13491,1.3834787738972656,4.757654593475801,,
447.303,26.96,-0.027,-0.071,22.987,0.058,-0.076,-0.11,0.004,0.005,-0.11,0.004,0.005,1.268,-0.036,0.127,0.303,-0.006,0.007,0.0,-0.0,0.005,834.462,-0.0,0.0,-0.0,0.0,0.0,1.0,0.0,0.0,-0.6912,0.6868,-0.2249,0.7165,0.6918,-0.0897,0.094,-0.2232,-0.9702,0.676,0.226,-0.7014,-0.7316,0.0917,-0.6755,-0.0884,0.9698,0.2273,0.0001,-0.0001,0.0053,0.0,0.0,0.0,-0.0188,-0.0116,-0.1078,23.1061,18.8068,21.8448,0.0,0.0433,-0.3626,0.0,0.0,0.0,4197295.1332,4211160.2073,-3165441.9269,3114.0988,1961.6902,6753.7368,4197272.0271,4211141.4005,-3165463.7717,3114.1176,1961.7018,6753.8446,0.0,0.0765,3.9732,0.0,0.0,1.0,0.0,1.0,0.0,0.0,1.172,-23.972,0.0,1.0,0.0,0.0,0.0,-1.0,0.07596051605933177,0.006403124237432849,-0.1348,1.3717921847865393,4.753775399900216,,
447.5034,26.938,-0.026,-0.07,22.965,0.059,-0.075,-0.11,0.004,0.006,-0.11,0.004,0.005,1.335,-0.038,0.128,0.358,-0.006,0.007,0.0,-0.0,0.006,834.445,-0.0,0.0,-0.0,0.0,0.0,0.0,0.0,0.0,-0.692,0.686,-0.2249,0.7157,0.6926,-0.0897,0.0943,-0.223,-0.9702,0.676,0.226,-0.7014,-0.7316,0.0917,-0.6755,-0.0884,0.9698,0.2273,0.0001,-0.0001,0.0062,0.0,0.0,0.0,-0.0188,-0.0116,-0.1078,23.1024,18.8044,21.8232,0.0,0.0433,-0.3626,0.0,0.0,0.0,4197919.2523,4211553.3226,-3164088.0408,3113.0013,1960.5892,6754.5642,4197896.1498,4211534.5182,-3164109.8641,3113.0202,1960.6008,6754.672,0.0,0.0765,3.9732,0.0,0.0,1.0,0.0,1.0,0.0,0.0,1.172,-23.972,0.0,1.0,0.0,0.0,0.0,-1.0,0.07467261881037789,0.007211102550927979,-0.13469,1.373681795189738,4.749896206324629,,
447.7086,26.916,-0.025,-0.069,22.943,0.06,-0.074,-0.11,0.004,0.005,-0.11,0.004,0.005,1.4,-0.039,0.129,0.278,-0.006,0.007,0.0,-0.0,0.005,834.427,-0.0,0.0,-0.0,0.0,0.0,0.0,0.0,0.0,-0.6928,0.6852,-0.2249,0.7149,0.6934,-0.0896,0.0945,-0.2229,-0.9702,0.676,0.226,-0.7014,-0.7316,0.0917,-0.6755,-0.0884,0.9698,0.2273,0.0001,-0.0001,0.0048,0.0,0.0,0.0,-0.0188,-0.0116,-0.1078,23.0986,18.8021,21.8013,0.0,0.0433,-0.3626,0.0,0.0,0.0,4198552.6494,4211952.1979,-3162713.3703,3111.887,1959.4713,6755.4039,4198529.5508,4211933.3959,-3162735.1716,3111.9058,1959.4829,6755.5116,0.0,0.0765,3.9732,0.0,0.0,1.0,0.0,1.0,0.0,0.0,1.172,-23.972,0.0,1.0,0.0,0.0,0.0,-1.0,0.0733893725276351,0.006403124237432849,-0.13458,1.375578716104213,4.746017012749044,,
447.9136,26.893,-0.025,-0.068,22.92,0.061,-0.073,-0.11,0.004,0.005,-0.11,0.004,0.005,1.449,-0.04,0.131,0.197,-0.006,0.007,0.0,-0.0,0.003,834.409,-0.0,0.0,-0.0,0.0,0.0,0.0,0.0,0.0,-0.6933,0.6846,-0.2249,0.7143,0.694,-0.0896,0.0948,-0.2228,-0.9702,0.676,0.226,-0.7014,-0.7316,0.0917,-0.6755,-0.0884,0.9698,0.2273,0.0001,-0.0001,0.0034,0.0,0.0,0.0,-0.0188,-0.0116,-0.1078,23.0948,18.7997,21.779,0.0,0.0433,-0.3625,0.0,0.0,0.0,4199194.5603,4212356.3485,-3161319.5432,3110.7572,1958.3378,6756.2547,4199171.4655,4212337.5489,-3161341.3223,3110.776,1958.3494,6756.3625,0.0,0.0765,3.9732,0.0,0.0,1.0,0.0,1.0,0.0,0.0,1.172,-23.972,0.0,1.0,0.0,0.0,0.0,-1.0,0.07244998274671982,0.006403124237432849,-0.134465,1.3917021637040288,4.741961492192749,,
448.1137,26.871,-0.024,-0.067,22.898,0.062,-0.072,-0.11,0.004,0.005,-0.11,0.004,0.005,1.482,-0.042,0.132,0.127,-0.006,0.007,0.0,-0.0,0.002,834.394,-0.0,0.0,-0.0,0.0,0.0,0.0,0.0,0.0,-0.6937,0.6842,-0.2249,0.714,0.6944,-0.0896,0.0949,-0.2227,-0.9703,0.676,0.226,-0.7014,-0.7316,0.0917,-0.6755,-0.0884,0.9698,0.2273,0.0001,-0.0001,0.0022,0.0,0.0,0.0,-0.0188,-0.0116,-0.1078,23.091,18.7973,21.7575,0.0,0.0433,-0.3625,0.0,0.0,0.0,4199816.7354,4212747.99,-3159967.9209,3109.6615,1957.2387,6757.0794,4199793.6444,4212729.1927,-3159989.6783,3109.6803,1957.2503,6757.1872,0.0,0.0765,3.9732,0.0,0.0,1.0,0.0,1.0,0.0,0.0,1.172,-23.972,0.0,1.0,0.0,0.0,0.0,-1.0,0.07116881339463235,0.006403124237432849,-0.134355,1.3936179305141212,4.7380822986171625,,
448.316,26.849,-0.023,-0.066,22.876,0.062,-0.071,-0.11,0.004,0.005,-0.11,0.004,0.005,1.5,-0.043,0.133,0.048,-0.007,0.006,0.0,-0.0,0.001,834.377,-0.0,0.0,-0.0,0.0,0.0,0.0,0.0,0.0,-0.6939,0.684,-0.2249,0.7137,0.6947,-0.0895,0.095,-0.2227,-0.9703,0.676,0.226,-0.7014,-0.7316,0.0917,-0.6755,-0.0884,0.9698,0.2273,0.0001,-0.0001,0.0008,0.0,0.0,0.0,-0.0188,-0.0116,-0.1078,23.0872,18.795,21.7356,0.0,0.0433,-0.3625,0.0,0.0,0.0,4200446.5353,4213144.3479,-3158599.0785,3108.5518,1956.1257,6757.9141,4200423.4481,4213125.5529,-3158620.8141,3108.5706,1956.1373,6758.0219,0.0,0.0765,3.9732,0.0,0.0,1.0,0.0,1.0,0.0,0.0,1.172,-23.972,0.0,1.0,0.0,0.0,0.0,-1.0,0.06989277502002622,0.006403124237432849,-0.134245,1.379174380388385,4.734203105041576,,
448.519,26.827,-0.023,-0.065,22.854,0.063,-0.07,-0.11,0.004,0.005,-0.11,0.004,0.005,1.503,-0.045,0.135,0.006,-0.007,0.006,0.0,-0.0,0.0,834.367,-0.0,0.0,-0.0,0.0,0.0,0.0,0.0,0.0,-0.694,0.684,-0.2249,0.7137,0.6947,-0.0895,0.095,-0.2226,-0.9703,0.676,0.226,-0.7014,-0.7316,0.0917,-0.6755,-0.0884,0.9698,0.2273,0.0001,-0.0001,0.0001,0.0,0.0,0.0,-0.0188,-0.0116,-0.1078,23.0834,18.7927,21.7139,0.0,0.0433,-0.3625,0.0,0.0,0.0,4201073.4145,4213538.7841,-3157235.9314,3107.4467,1955.0173,6758.7448,4201050.331,4213519.9914,-3157257.6453,3107.4655,1955.0288,6758.8526,0.0,0.0765,3.9732,0.0,0.0,1.0,0.0,1.0,0.0,0.0,1.172,-23.972,0.0,1.0,0.0,0.0,0.0,-1.0,0.0689492567037528,0.006403124237432849,-0.134135,1.3953232078694209,4.73032391146599,,
448.7194,26.804,-0.022,-0.064,22.831,0.064,-0.069,-0.11,0.004,0.005,-0.11,0.004,0.005,1.504,-0.046,0.136,0.006,-0.007,0.006,0.0,-0.0,0.0,834.367,-0.0,0.0,-0.0,0.0,0.0,0.0,0.0,0.0,-0.694,0.684,-0.2249,0.7137,0.6947,-0.0895,0.0951,-0.2226,-0.9703,0.676,0.226,-0.7014,-0.7316,0.0917,-0.6755,-0.0884,0.9698,0.2273,0.0001,-0.0001,0.0001,0.0,0.0,0.0,-0.0188,-0.0116,-0.1078,23.0797,18.7903,21.6922,0.0,0.0433,-0.3625,0.0,0.0,0.0,4201698.6754,4213932.1191,-3155875.6532,3106.3439,1953.9112,6759.5734,4201675.5957,4213913.3287,-3155897.3454,3106.3627,1953.9228,6759.6812,0.0,0.0765,3.9732,0.0,0.0,1.0,0.0,1.0,0.0,0.0,1.172,-23.972,0.0,1.0,0.0,0.0,0.0,-1.0,0.06767569726275452,0.006403124237432849,-0.13402,1.3972646552023857,4.726268390909695,,
448.9219,26.782,-0.021,-0.063,22.809,0.065,-0.068,-0.11,0.004,0.005,-0.11,0.004,0.005,1.506,-0.047,0.137,0.006,-0.007,0.006,0.0,-0.0,0.0,834.367,-0.0,0.0,-0.0,0.0,0.0,0.0,0.0,0.0,-0.694,0.6839,-0.2249,0.7137,0.6947,-0.0894,0.0951,-0.2226,-0.9703,0.676,0.226,-0.7014,-0.7316,0.0917,-0.6755,-0.0884,0.9698,0.2273,0.0001,-0.0001,0.0001,0.0,0.0,0.0,-0.0188,-0.0116,-0.1079,23.0758,18.788,21.6704,0.0,0.0433,-0.3625,0.0,0.0,0.0,4202324.7729,4214325.8969,-3154512.9056,3105.239,1952.8032,6760.403,4202301.6971,4214307.1089,-3154534.576,3105.2579,1952.8148,6760.5108,0.0,0.0765,3.9732,0.0,0.0,1.0,0.0,1.0,0.0,0.0,1.172,-23.972,0.0,1.0,0.0,0.0,0.0,-1.0,0.06640783086353597,0.006403124237432849,-0.13391,1.3992073676256829,4.722389197334109,,
449.1227,26.76,-0.02,-0.062,22.787,0.066,-0.067,-0.11,0.004,0.005,-0.11,0.004,0.005,1.507,-0.049,0.138,0.006,-0.007,0.006,0.0,-0.0,0.0,834.367,-0.0,0.0,-0.0,0.0,0.0,0.0,0.0,0.0,-0.694,0.6839,-0.2249,0.7137,0.6948,-0.0894,0.0951,-0.2226,-0.9703,0.676,0.226,-0.7014,-0.7316,0.0917,-0.6755,-0.0884,0.9698,0.2273,0.0001,-0.0001,0.0001,0.0,0.0,0.0,-0.0188,-0.0116,-0.1079,23.0721,18.7857,21.6486,0.0,0.0433,-0.3625,0.0,0.0,0.0,4202953.5791,4214721.2948,-3153143.6032,3104.1289,1951.6899,6761.2361,4202930.507,4214702.5091,-3153165.2518,3104.1477,1951.7015,6761.3439,0.0,0.0765,3.9732,0.0,0.0,1.0,0.0,1.0,0.0,0.0,1.172,-23.972,0.0,1.0,0.0,0.0,0.0,-1.0,0.06514598989960932,0.006403124237432849,-0.1338,1.4011574286381174,4.718510003758523,,
449.325,26.738,-0.02,-0.061,22.765,0.066,-0.066,-0.11,0.004,0.005,-0.11,0.004,0.005,1.508,-0.05,0.14,0.006,-0.007,0.006,0.0,-0.0,0.0,834.367,-0.0,0.0,-0.0,0.0,0.0,0.0,0.0,0.0,-0.694,0.6839,-0.2249,0.7137,0.6948,-0.0894,0.0951,-0.2225,-0.9703,0.676,0.226,-0.7014,-0.7316,0.0917,-0.6755,-0.0884,0.9698,0.2273,0.0001,-0.0001,0.0001,0.0,0.0,0.0,-0.0188,-0.0116,-0.1079,23.0683,18.7834,21.627,0.0,0.0433,-0.3625,0.0,0.0,0.0,4203574.9963,4215111.9635,-3151789.7465,3103.0312,1950.5892,6762.0593,4203551.928,4215093.1801,-3151811.3734,3103.05,1950.6007,6762.1672,0.0,0.0765,3.9732,0.0,0.0,1.0,0.0,1.0,0.0,0.0,1.172,-23.972,0.0,1.0,0.0,0.0,0.0,-1.0,0.06419501538281613,0.006403124237432849,-0.13369,1.40095713347735,4.714630810182936,,
449.5313,26.715,-0.019,-0.06,22.742,0.067,-0.065,-0.11,0.004,0.005,-0.11,0.004,0.005,1.509,-0.051,0.141,0.006,-0.007,0.006,0.0,-0.0,0.0,834.367,-0.0,0.0,-0.0,0.0,0.0,0.0,0.0,0.0,-0.694,0.6839,-0.2249,0.7136,0.6948,-0.0894,0.0952,-0.2225,-0.9703,0.676,0.226,-0.7014,-0.7316,0.0917,-0.6755,-0.0884,0.9698,0.2273,0.0001,-0.0001,0.0001,0.0,0.0,0.0,-0.0188,-0.0116,-0.1079,23.0644,18.781,21.6048,0.0,0.0433,-0.3625,0.0,0.0,0.0,4204212.1346,4215512.4305,-3150400.9674,3101.9052,1949.4601,6762.9034,4204189.0702,4215493.6495,-3150422.5722,3101.924,1949.4716,6763.0113,0.0,0.0765,3.9732,0.0,0.0,1.0,0.0,1.0,0.0,0.0,1.172,-23.972,0.0,1.0,0.0,0.0,0.0,-1.0,0.06293647591023825,0.006403124237432849,-0.133575,1.4029258924496792,4.710575289626642,,
449.7382,26.693,-0.018,-0.058,22.72,0.068,-0.064,-0.11,0.004,0.005,-0.11,0.004,0.005,1.51,-0.053,0.142,0.006,-0.007,0.006,0.0,-0.0,0.0,834.367,-0.0,0.0,-0.0,0.0,0.0,0.0,0.0,0.0,-0.694,0.6839,-0.2249,0.7136,0.6948,-0.0893,0.0952,-0.2225,-0.9703,0.676,0.226,-0.7014,-0.7316,0.0917,-0.6755,-0.0884,0.9698,0.2273,0.0001,-0.0001,0.0001,0.0,0.0,0.0,-0.0188,-0.0116,-0.1079,23.0605,18.7786,21.5823,0.0,0.0433,-0.3625,0.0,0.0,0.0,4204858.122,4215918.3711,-3148992.2083,3100.7629,1948.3148,6763.7591,4204835.0615,4215899.5925,-3149013.7907,3100.7817,1948.3263,6763.867,0.0,0.0765,3.9732,0.0,0.0,1.0,0.0,1.0,0.0,0.0,1.172,-23.972,0.0,1.0,0.0,0.0,0.0,-1.0,0.06072890580275591,0.006403124237432849,-0.133465,1.4071445831312468,4.706696096051056,,
449.9449,26.67,-0.017,-0.057,22.697,0.069,-0.063,-0.11,0.004,0.005,-0.11,0.004,0.005,1.512,-0.054,0.144,0.006,-0.007,0.006,0.0,-0.0,0.0,834.367,-0.0,0.0,-0.0,0.0,0.0,0.0,0.0,0.0,-0.694,0.6839,-0.2249,0.7136,0.6948,-0.0893,0.0952,-0.2225,-0.9703,0.676,0.226,-0.7014,-0.7316,0.0917,-0.6755,-0.0884,0.9698,0.2273,0.0001,-0.0001,0.0001,0.0,0.0,0.0,-0.0188,-0.0115,-0.1079,23.0566,18.7763,21.56,0.0,0.0433,-0.3625,0.0,0.0,0.0,4205500.5508,4216321.9867,-3147590.5214,3099.6263,1947.1753,6764.61,4205477.4942,4216303.2105,-3147612.0814,3099.6451,1947.1868,6764.7179,0.0,0.0765,3.9732,0.0,0.0,1.0,0.0,1.0,0.0,0.0,1.172,-23.972,0.0,1.0,0.0,0.0,0.0,-1.0,0.05948108943185221,0.006403124237432849,-0.13335,1.4091040353528836,4.702640575494761,,
450.15,26.647,-0.017,-0.056,22.674,0.07,-0.062,-0.11,0.004,0.005,-0.11,0.004,0.005,1.513,-0.055,0.145,-0.005,-0.007,0.006,0.0,-0.0,-0.0,834.365,-0.0,0.0,-0.0,0.0,0.0,-0.44,0.0,0.0,-0.694,0.6839,-0.2249,0.7136,0.6948,-0.0893,0.0952,-0.2224,-0.9703,0.676,0.226,-0.7014,-0.7316,0.0917,-0.6755,-0.0884,0.9698,0.2273,0.0001,-0.0001,-0.0001,0.0,0.0,0.0,-0.0188,-0.0115,-0.1079,23.0527,18.7739,21.5378,0.0,0.0433,-0.3625,0.0,0.0,0.0,4206138.4931,4216722.6967,-3146197.9377,3098.4971,1946.0432,6765.4549,4206115.4404,4216703.9228,-3146219.4755,3098.5159,1946.0547,6765.5628,0.0,0.0765,3.9732,0.0,0.0,1.0,0.0,1.0,0.0,0.0,1.172,-23.972,0.0,1.0,0.0,0.0,0.0,-1.0,0.05852349955359813,0.006403124237432849,-0.133235,1.4253071227421512,4.698585054938466,,
450.3542,26.625,-0.016,-0.055,22.652,0.071,-0.061,-0.11,0.004,0.005,-0.11,0.004,0.005,1.504,-0.057,0.146,-0.083,-0.007,0.006,0.0,-0.0,-0.001,834.348,-0.0,0.0,-0.0,0.0,0.0,-1.0,0.0,0.0,-0.6939,0.684,-0.2249,0.7137,0.6947,-0.0892,0.0952,-0.2224,-0.9703,0.676,0.226,-0.7014,-0.7316,0.0917,-0.6755,-0.0884,0.9698,0.2273,0.0001,-0.0001,-0.0014,0.0,0.0,0.0,-0.0188,-0.0115,-0.1079,23.0489,18.7716,21.5158,0.0,0.0433,-0.3625,0.0,0.0,0.0,4206769.7511,4217119.1223,-3144819.2741,3097.3792,1944.9225,6766.2908,4206746.7022,4217100.3507,-3144840.7899,3097.398,1944.934,6766.3988,0.0,0.0765,3.9732,0.0,0.0,1.0,0.0,1.0,0.0,0.0,1.172,-23.972,0.0,1.0,0.0,0.0,0.0,-1.0,0.05728001396647874,0.006403124237432849,-0.133125,1.4272788856540946,4.69470586136288,,
450.5554,26.603,-0.015,-0.054,22.63,0.071,-0.06,-0.11,0.004,0.005,-0.11,0.004,0.005,1.48,-0.058,0.148,-0.157,-0.007,0.006,0.0,-0.0,-0.003,834.331,-0.0,0.0,-0.0,0.0,0.0,-1.0,0.0,0.0,-0.6936,0.6843,-0.2249,0.714,0.6944,-0.0892,0.0952,-0.2225,-0.9703,0.676,0.226,-0.7014,-0.7316,0.0917,-0.6755,-0.0884,0.9698,0.2273,0.0001,-0.0001,-0.0027,0.0,0.0,0.0,-0.0188,-0.0115,-0.1079,23.0451,18.7693,21.494,0.0,0.0433,-0.3625,0.0,0.0,0.0,4207393.1844,4217510.5502,-3143457.0444,3096.2745,1943.8151,6767.1164,4207370.1393,4217491.7809,-3143478.5385,3096.2933,1943.8267,6767.2244,0.0,0.0765,3.9732,0.0,0.0,1.0,0.0,1.0,0.0,0.0,1.172,-23.972,0.0,1.0,0.0,0.0,0.0,-1.0,0.05604462507680821,0.006403124237432849,-0.133015,1.4128455557901325,4.690826667787294,,
450.7631,26.58,-0.015,-0.053,22.607,0.072,-0.059,-0.11,0.004,0.005,-0.11,0.004,0.005,1.439,-0.059,0.149,-0.236,-0.007,0.006,0.0,-0.0,-0.004,834.314,-0.0,0.0,-0.0,0.0,0.0,-1.0,0.0,0.0,-0.6932,0.6848,-0.2249,0.7145,0.6939,-0.0892,0.095,-0.2225,-0.9703,0.676,0.226,-0.7014,-0.7316,0.0917,-0.6755,-0.0884,0.9698,0.2273,0.0001,-0.0001,-0.0041,0.0,0.0,0.0,-0.0188,-0.0115,-0.108,23.0412,18.7669,21.4719,0.0,0.0433,-0.3625,0.0,0.0,0.0,4208029.5719,4217910.0256,-3142065.8357,3095.1463,1942.6843,6767.959,4208006.5307,4217891.2587,-3142087.3075,3095.1651,1942.6958,6768.067,0.0,0.0765,3.9732,0.0,0.0,1.0,0.0,1.0,0.0,0.0,1.172,-23.972,0.0,1.0,0.0,0.0,0.0,-1.0,0.055081757415681644,0.006403124237432849,-0.1329,1.429079648261741,4.686771147230998,,
450.9631,26.558,-0.014,-0.052,22.585,0.073,-0.058,-0.11,0.004,0.005,-0.11,0.004,0.005,1.384,-0.061,0.15,-0.31,-0.007,0.006,0.0,-0.0,-0.005,834.298,-0.0,0.0,-0.0,0.0,0.0,-1.0,0.0,0.0,-0.6925,0.6855,-0.2249,0.7152,0.6932,-0.0891,0.0948,-0.2226,-0.9703,0.676,0.226,-0.7014,-0.7316,0.0917,-0.6755,-0.0884,0.9698,0.2273,0.0001,-0.0001,-0.0054,0.0,0.0,0.0,-0.0188,-0.0115,-0.108,23.0374,18.7646,21.4501,0.0,0.0433,-0.3625,0.0,0.0,0.0,4208652.3649,4218300.8833,-3140703.6866,3094.0417,1941.577,6768.7836,4208629.3275,4218282.1187,-3140725.1367,3094.0605,1941.5886,6768.8916,0.0,0.0765,3.9732,0.0,0.0,1.0,0.0,1.0,0.0,0.0,1.172,-23.972,0.0,1.0,0.0,0.0,0.0,-1.0,0.053851648071345036,0.006403124237432849,-0.13279,1.4310713640731212,4.682891953655413,,
451.1672,26.535,-0.013,-0.051,22.562,0.074,-0.057,-0.11,0.004,0.005,-0.11,0.004,0.005,1.313,-0.062,0.152,-0.387,-0.008,0.006,0.0,-0.0,-0.007,834.281,-0.0,0.0,-0.0,0.0,0.0,-1.0,0.0,0.0,-0.6916,0.6863,-0.2249,0.716,0.6924,-0.0891,0.0946,-0.2227,-0.9703,0.676,0.226,-0.7014,-0.7316,0.0917,-0.6755,-0.0884,0.9698,0.2273,0.0001,-0.0001,-0.0067,0.0,0.0,0.0,-0.0188,-0.0115,-0.108,23.0335,18.7623,21.4279,0.0,0.0433,-0.3625,0.0,0.0,0.0,4209288.1407,4218699.8032,-3139312.4668,3092.9134,1940.4462,6769.6253,4209265.1072,4218681.0409,-3139333.8947,3092.9322,1940.4578,6769.7333,0.0,0.0765,3.9732,0.0,0.0,1.0,0.0,1.0,0.0,0.0,1.172,-23.972,0.0,1.0,0.0,0.0,0.0,-1.0,0.05263078946776306,0.006403124237432849,-0.132675,1.4330774299656293,4.678836433099118,,
451.3753,26.513,-0.012,-0.05,22.54,0.075,-0.056,-0.11,0.004,0.005,-0.11,0.004,0.005,1.225,-0.064,0.153,-0.466,-0.008,0.006,0.0,-0.0,-0.008,834.263,-0.0,0.0,-0.0,0.0,0.0,-1.0,0.0,0.0,-0.6906,0.6874,-0.2249,0.7171,0.6913,-0.0891,0.0943,-0.2228,-0.9703,0.676,0.226,-0.7014,-0.7316,0.0917,-0.6755,-0.0884,0.9698,0.2273,0.0001,-0.0001,-0.0081,0.0,0.0,0.0,-0.0188,-0.0115,-0.108,23.0296,18.76,21.4057,0.0,0.0433,-0.3625,0.0,0.0,0.0,4209924.1092,4219098.7565,-3137920.1482,3091.7843,1939.3146,6770.4672,4209901.0796,4219079.9965,-3137941.5539,3091.8031,1939.3261,6770.5752,0.0,0.0765,3.9732,0.0,0.0,1.0,0.0,1.0,0.0,0.0,1.172,-23.972,0.0,1.0,0.0,0.0,0.0,-1.0,0.05141984052872977,0.006403124237432849,-0.13256500000000002,1.4350841353102244,4.674957239523533,,
451.5773,26.49,-0.012,-0.049,22.517,0.076,-0.055,-0.11,0.004,0.005,-0.11,0.004,0.005,1.123,-0.065,0.154,-0.539,-0.008,0.006,0.0,-0.0,-0.009,834.247,-0.0,0.0,-0.0,0.0,0.0,-1.0,0.0,0.0,-0.6893,0.6886,-0.2249,0.7183,0.69,-0.089,0.0939,-0.2229,-0.9703,0.676,0.226,-0.7014,-0.7316,0.0917,-0.6755,-0.0884,0.9698,0.2273,0.0001,-0.0001,-0.0094,0.0,0.0,0.0,-0.0188,-0.0115,-0.108,23.0257,18.7577,21.3837,0.0,0.0433,-0.3625,0.0,0.0,0.0,4210554.0367,4219493.8347,-3136540.3803,3090.6652,1938.1931,6771.3011,4210531.011,4219475.077,-3136561.7641,3090.684,1938.2047,6771.4091,0.0,0.0765,3.9732,0.0,0.0,1.0,0.0,1.0,0.0,0.0,1.172,-23.972,0.0,1.0,0.0,0.0,0.0,-1.0,0.050447993022517755,0.006403124237432849,-0.13244999999999998,1.45136965383055,4.670901718967237,,
451.7786,26.468,-0.011,-0.048,22.495,0.076,-0.054,-0.11,0.004,0.005,-0.11,0.004,0.005,1.007,-0.066,0.156,-0.612,-0.008,0.006,0.0,-0.0,-0.011,834.232,-0.0,0.0,-0.0,0.0,0.0,-1.0,0.0,0.0,-0.6879,0.69,-0.2249,0.7197,0.6885,-0.089,0.0935,-0.2231,-0.9703,0.676,0.226,-0.7014,-0.7316,0.0917,-0.6755,-0.0884,0.9698,0.2273,0.0001,-0.0001,-0.0107,0.0,0.0,0.0,-0.0188,-0.0115,-0.108,23.0219,18.7555,21.362,0.0,0.0433,-0.3625,0.0,0.0,0.0,4211175.8933,4219883.7667,-3135177.637,3089.56,1937.0856,6772.1242,4211152.8715,4219865.0112,-3135198.999,3089.5788,1937.0971,6772.2322,0.0,0.0765,3.9732,0.0,0.0,1.0,0.0,1.0,0.0,0.0,1.172,-23.972,0.0,1.0,0.0,0.0,0.0,-1.0,0.04924428900898052,0.006403124237432849,-0.13234,1.4369432508890747,4.667022525391651,,
451.9816,26.446,-0.01,-0.047,22.473,0.077,-0.053,-0.11,0.004,0.005,-0.11,0.004,0.005,0.881,-0.068,0.157,-0.592,-0.008,0.006,0.0,-0.0,-0.01,834.215,-0.0,0.0,-0.0,0.0,0.0,0.0,0.0,0.0,-0.6864,0.6915,-0.2249,0.7212,0.687,-0.089,0.093,-0.2233,-0.9703,0.676,0.226,-0.7014,-0.7316,0.0917,-0.6755,-0.0884,0.9698,0.2273,0.0001,-0.0001,-0.0103,0.0,0.0,0.0,-0.0188,-0.0115,-0.108,23.018,18.7532,21.34,0.0,0.0433,-0.3625,0.0,0.0,0.0,4211805.6418,4220278.5627,-3133796.9283,3088.4401,1935.9634,6772.9576,4211782.6238,4220259.8095,-3133818.2682,3088.4589,1935.975,6773.0657,0.0,0.0765,3.9732,0.0,0.0,1.0,0.0,1.0,0.0,0.0,1.172,-23.972,0.0,1.0,0.0,0.0,0.0,-1.0,0.04805205510693585,0.006403124237432849,-0.13223000000000001,1.4389701173355611,4.663143331816065,,
452.1817,26.424,-0.009,-0.046,22.451,0.078,-0.052,-0.11,0.004,0.005,-0.11,0.004,0.005,0.77,-0.069,0.158,-0.521,-0.008,0.006,0.0,-0.0,-0.009,834.197,-0.0,0.0,-0.0,0.0,0.0,0.0,0.0,0.0,-0.6851,0.6929,-0.2249,0.7226,0.6856,-0.0889,0.0926,-0.2234,-0.9703,0.676,0.226,-0.7014,-0.7316,0.0917,-0.6755,-0.0884,0.9698,0.2273,0.0001,-0.0001,-0.0091,0.0,0.0,0.0,-0.0188,-0.0115,-0.108,23.0142,18.751,21.3185,0.0,0.0433,-0.3625,0.0,0.0,0.0,4212420.2461,4220663.7817,-3132448.7793,3087.3467,1934.8678,6773.771,4212397.232,4220645.0307,-3132470.0978,3087.3655,1934.8793,6773.879,0.0,0.0765,3.9732,0.0,0.0,1.0,0.0,1.0,0.0,0.0,1.172,-23.972,0.0,1.0,0.0,0.0,0.0,-1.0,0.04687216658103186,0.006403124237432849,-0.13212,1.441004498962577,4.659264138240478,,
452.382,26.402,-0.009,-0.045,22.429,0.079,-0.051,-0.11,0.004,0.005,-0.11,0.004,0.005,0.673,-0.07,0.159,-0.449,-0.008,0.006,0.0,-0.0,-0.008,834.178,-0.0,0.0,-0.0,0.0,0.0,0.0,0.0,0.0,-0.6839,0.694,-0.2249,0.7237,0.6843,-0.0889,0.0922,-0.2236,-0.9703,0.676,0.226,-0.7014,-0.7316,0.0917,-0.6755,-0.0884,0.9698,0.2273,0.0001,-0.0001,-0.0078,0.0,0.0,0.0,-0.0188,-0.0115,-0.1081,23.0104,18.7487,21.2968,0.0,0.0433,-0.3625,0.0,0.0,0.0,4213040.9304,4221052.7287,-3131086.6434,3086.2418,1933.7608,6774.5923,4213017.92,4221033.9799,-3131107.9402,3086.2606,1933.7723,6774.7004,0.0,0.0765,3.9732,0.0,0.0,1.0,0.0,1.0,0.0,0.0,1.172,-23.972,0.0,1.0,0.0,0.0,0.0,-1.0,0.04589117562233506,0.006403124237432849,-0.13201000000000002,1.4573238179649535,4.655384944664893,,
452.5868,26.379,-0.008,-0.044,22.406,0.08,-0.05,-0.11,0.004,0.005,-0.11,0.004,0.005,0.588,-0.072,0.161,-0.378,-0.008,0.006,0.0,-0.0,-0.007,834.16,-0.0,0.0,-0.0,0.0,0.0,0.0,0.0,0.0,-0.6829,0.6951,-0.2249,0.7247,0.6833,-0.0889,0.0919,-0.2237,-0.9703,0.676,0.226,-0.7014,-0.7316,0.0917,-0.6755,-0.0884,0.9698,0.2273,0.0001,-0.0001,-0.0066,0.0,0.0,0.0,-0.0188,-0.0115,-0.1081,23.0065,18.7464,21.2747,0.0,0.0433,-0.3625,0.0,0.0,0.0,4213671.3949,4221447.7186,-3129702.3785,3085.119,1932.6359,6775.4266,4213648.3884,4221428.9722,-3129723.6531,3085.1378,1932.6474,6775.5346,0.0,0.0765,3.9732,0.0,0.0,1.0,0.0,1.0,0.0,0.0,1.172,-23.972,0.0,1.0,0.0,0.0,0.0,-1.0,0.04472135954999579,0.006403124237432849,-0.131895,1.459383913374519,4.651329424108598,,
452.7893,26.357,-0.007,-0.043,22.384,0.081,-0.049,-0.11,0.004,0.005,-0.11,0.004,0.005,0.519,-0.073,0.162,-0.306,-0.008,0.006,0.0,-0.0,-0.005,834.142,-0.0,0.0,-0.0,0.0,0.0,0.0,0.0,0.0,-0.682,0.6959,-0.2249,0.7256,0.6824,-0.0888,0.0917,-0.2238,-0.9703,0.676,0.226,-0.7014,-0.7316,0.0917,-0.6755,-0.0884,0.9698,0.2273,0.0001,-0.0001,-0.0053,0.0,0.0,0.0,-0.0188,-0.0115,-0.1081,23.0027,18.7442,21.2528,0.0,0.0433,-0.3625,0.0,0.0,0.0,4214296.8009,4221839.4548,-3128328.5489,3084.0046,1931.5195,6776.254,4214273.7983,4221820.7106,-3128349.8017,3084.0234,1931.531,6776.3621,0.0,0.0765,3.9732,0.0,0.0,1.0,0.0,1.0,0.0,0.0,1.172,-23.972,0.0,1.0,0.0,0.0,0.0,-1.0,0.043566041821583926,0.006403124237432849,-0.13178499999999999,1.4614442377426333,4.647450230533011,,
452.992,26.334,-0.006,-0.042,22.361,0.081,-0.048,-0.11,0.004,0.005,-0.11,0.004,0.005,0.464,-0.074,0.163,-0.236,-0.007,0.006,0.0,-0.0,-0.004,834.125,-0.0,0.0,-0.0,0.0,0.0,0.0,0.0,0.0,-0.6813,0.6966,-0.2249,0.7262,0.6817,-0.0888,0.0915,-0.2238,-0.9703,0.676,0.226,-0.7014,-0.7316,0.0917,-0.6755,-0.0884,0.9698,0.2273,0.0001,-0.0001,-0.0041,0.0,0.0,0.0,-0.0188,-0.0115,-0.1081,22.9988,18.7419,21.2308,0.0,0.0433,-0.3625,0.0,0.0,0.0,4214922.9996,4222231.6022,-3126952.3144,3082.8882,1930.4011,6777.0825,4214900.0008,4222212.8603,-3126973.5452,3082.907,1930.4126,6777.1906,0.0,0.0765,3.9732,0.0,0.0,1.0,0.0,1.0,0.0,0.0,1.172,-23.972,0.0,1.0,0.0,0.0,0.0,-1.0,0.042426406871192854,0.006403124237432849,-0.13167,1.447034264466394,4.643394709976716,,
453.1996,26.312,-0.006,-0.041,22.339,0.082,-0.047,-0.11,0.004,0.005,-0.11,0.004,0.005,0.417,-0.076,0.165,-0.26,-0.007,0.006,0.0,-0.0,-0.005,834.107,-0.0,0.0,-0.0,0.0,0.0,-1.0,0.0,0.0,-0.6808,0.6971,-0.2249,0.7268,0.6811,-0.0888,0.0913,-0.2239,-0.9703,0.676,0.226,-0.7014,-0.7316,0.0917,-0.6755,-0.0884,0.9698,0.2273,0.0001,-0.0001,-0.0045,0.0,0.0,0.0,-0.0188,-0.0115,-0.1081,22.9949,18.7395,21.2086,0.0,0.0433,-0.3625,0.0,0.0,0.0,4215556.6161,4222628.308,-3125559.0998,3081.7581,1929.269,6777.9207,4215533.6211,4222609.5684,-3125580.3084,3081.7768,1929.2805,6778.0288,0.0,0.0765,3.9732,0.0,0.0,1.0,0.0,1.0,0.0,0.0,1.172,-23.972,0.0,1.0,0.0,0.0,0.0,-1.0,0.04143669871020132,0.006403124237432849,-0.13156,1.4633941156402632,4.639515516401131,,
453.404,26.289,-0.005,-0.04,22.316,0.083,-0.046,-0.11,0.004,0.005,-0.11,0.004,0.005,0.356,-0.077,0.166,-0.311,-0.008,0.006,0.0,-0.0,-0.005,834.09,-0.0,0.0,-0.0,0.0,0.0,0.0,0.0,0.0,-0.68,0.6978,-0.2249,0.7275,0.6803,-0.0887,0.0911,-0.224,-0.9703,0.676,0.226,-0.7014,-0.7316,0.0917,-0.6755,-0.0884,0.9698,0.2273,0.0001,-0.0001,-0.0054,0.0,0.0,0.0,-0.0188,-0.0115,-0.1081,22.9911,18.7372,21.1864,0.0,0.0433,-0.3625,0.0,0.0,0.0,4216190.2973,4223024.9671,-3124165.0583,3080.6272,1928.1363,6778.7589,4216167.3062,4223006.2299,-3124186.2447,3080.646,1928.1478,6778.867,0.0,0.0765,3.9732,0.0,0.0,1.0,0.0,1.0,0.0,0.0,1.172,-23.972,0.0,1.0,0.0,0.0,0.0,-1.0,0.04031128874149275,0.006403124237432849,-0.131445,1.4654823734542668,4.635459995844836,,
453.6056,26.267,-0.004,-0.039,22.294,0.084,-0.045,-0.11,0.004,0.005,-0.11,0.004,0.005,0.3,-0.078,0.167,-0.241,-0.007,0.006,0.0,-0.0,-0.004,834.072,-0.0,0.0,-0.0,0.0,0.0,0.0,0.0,0.0,-0.6793,0.6985,-0.2249,0.7282,0.6796,-0.0887,0.0909,-0.224,-0.9703,0.676,0.226,-0.7014,-0.7316,0.0917,-0.6755,-0.0884,0.9698,0.2273,0.0001,-0.0001,-0.0042,0.0,0.0,0.0,-0.0188,-0.0115,-0.1081,22.9872,18.7349,21.1645,0.0,0.0433,-0.3625,0.0,0.0,0.0,4216813.3964,4223414.9168,-3122793.6315,3079.5146,1927.022,6779.5831,4216790.4092,4223396.1819,-3122814.796,3079.5334,1927.0334,6779.6912,0.0,0.0765,3.9732,0.0,0.0,1.0,0.0,1.0,0.0,0.0,1.172,-23.972,0.0,1.0,0.0,0.0,0.0,-1.0,0.03920459156782532,0.006403124237432849,-0.131335,1.467570674017864,4.63158080226925,,
453.8106,26.244,-0.003,-0.038,22.271,0.085,-0.044,-0.11,0.004,0.005,-0.11,0.004,0.005,0.259,-0.08,0.169,-0.168,-0.007,0.006,0.0,-0.0,-0.003,834.054,-0.0,0.0,-0.0,0.0,0.0,0.0,0.0,0.0,-0.6788,0.699,-0.2249,0.7287,0.6791,-0.0887,0.0908,-0.2241,-0.9703,0.676,0.226,-0.7014,-0.7316,0.0917,-0.6755,-0.0884,0.9698,0.2273,0.0001,-0.0001,-0.0029,0.0,0.0,0.0,-0.0188,-0.0115,-0.1081,22.9833,18.7326,21.1424,0.0,0.0433,-0.3625,0.0,0.0,0.0,4217441.9406,4223808.1887,-3121409.5456,3078.3918,1925.8974,6780.4144,4217418.9572,4223789.4561,-3121430.688,3078.4105,1925.9089,6780.5225,0.0,0.0765,3.9732,0.0,0.0,1.0,0.0,1.0,0.0,0.0,1.172,-23.972,0.0,1.0,0.0,0.0,0.0,-1.0,0.03811823710509183,0.006403124237432849,-0.13122,1.4696743181455942,4.627525281712955,,
454.0173,26.221,-0.003,-0.037,22.249,0.086,-0.043,-0.11,0.004,0.005,-0.11,0.004,0.005,0.231,-0.081,0.17,-0.097,-0.007,0.006,0.0,-0.0,-0.002,834.036,-0.0,0.0,-0.0,0.0,0.0,0.0,0.0,0.0,-0.6785,0.6993,-0.2249,0.729,0.6787,-0.0886,0.0907,-0.2241,-0.9703,0.676,0.226,-0.7014,-0.7316,0.0917,-0.6755,-0.0884,0.9698,0.2273,0.0001,-0.0001,-0.0017,0.0,0.0,0.0,-0.0188,-0.0115,-0.1082,22.9795,18.7303,21.1201,0.0,0.0433,-0.3625,0.0,0.0,0.0,4218078.2621,4224206.2391,-3120007.6453,3077.2544,1924.7583,6781.2559,4218055.2827,4224187.5089,-3120028.7654,3077.2732,1924.7698,6781.364,0.0,0.0765,3.9732,0.0,0.0,1.0,0.0,1.0,0.0,0.0,1.172,-23.972,0.0,1.0,0.0,0.0,0.0,-1.0,0.03712142238654117,0.006403124237432849,-0.131105,1.4864052181453493,4.62346976115666,,
454.2185,26.199,-0.002,-0.036,22.226,0.087,-0.042,-0.11,0.004,0.005,-0.11,0.004,0.005,0.219,-0.083,0.171,-0.025,-0.007,0.006,0.0,-0.0,-0.0,834.017,-0.0,0.0,-0.0,0.0,0.0,0.0,0.0,0.0,-0.6783,0.6995,-0.2249,0.7292,0.6786,-0.0886,0.0907,-0.2241,-0.9703,0.676,0.226,-0.7014,-0.7316,0.0917,-0.6755,-0.0884,0.9698,0.2273,0.0001,-0.0001,-0.0004,0.0,0.0,0.0,-0.0188,-0.0115,-0.1082,22.9756,18.728,21.0982,0.0,0.0433,-0.3625,0.0,0.0,0.0,4218699.7246,4224594.9087,-3118637.8168,3076.1431,1923.6454,6782.0777,4218676.7489,4224576.1807,-3118658.915,3076.1618,1923.6569,6782.1858,0.0,0.0765,3.9732,0.0,0.0,1.0,0.0,1.0,0.0,0.0,1.172,-23.972,0.0,1.0,0.0,0.0,0.0,-1.0,0.03605551275463989,0.006403124237432849,-0.130995,1.4882039882025853,4.619590567581074,,
454.4233,26.177,-0.001,-0.035,22.204,0.087,-0.041,-0.11,0.004,0.005,-0.11,0.004,0.005,0.217,-0.084,0.173,-0.008,-0.007,0.006,0.0,-0.0,-0.0,834.013,-0.0,0.0,-0.0,0.0,0.0,0.0,0.0,0.0,-0.6783,0.6995,-0.2249,0.7292,0.6786,-0.0886,0.0907,-0.2241,-0.9703,0.676,0.226,-0.7014,-0.7316,0.0917,-0.6755,-0.0884,0.9698,0.2273,0.0001,-0.0001,-0.0001,0.0,0.0,0.0,-0.0188,-0.0115,-0.1082,22.9719,18.7257,21.0764,0.0,0.0433,-0.3625,0.0,0.0,0.0,4219320.9958,4224983.3744,-3117267.7475,3075.0315,1922.5323,6782.8992,4219298.0239,4224964.6487,-3117288.8239,3075.0502,1922.5438,6783.0073,0.0,0.0765,3.9732,0.0,0.0,1.0,0.0,1.0,0.0,0.0,1.172,-23.972,0.0,1.0,0.0,0.0,0.0,-1.0,0.035014282800023194,0.006403124237432849,-0.130885,1.4738005577570905,4.615711374005488,,
454.6296,26.154,-0.0,-0.034,22.181,0.088,-0.04,-0.11,0.004,0.005,-0.11,0.004,0.005,0.215,-0.085,0.174,-0.008,-0.007,0.006,0.0,-0.0,-0.0,834.013,-0.0,0.0,-0.0,0.0,0.0,0.0,0.0,0.0,-0.6783,0.6995,-0.2249,0.7292,0.6786,-0.0885,0.0907,-0.2241,-0.9703,0.676,0.226,-0.7014,-0.7316,0.0917,-0.6755,-0.0884,0.9698,0.2273,0.0001,-0.0001,-0.0001,0.0,0.0,0.0,-0.0188,-0.0115,-0.1082,22.968,18.7233,21.0539,0.0,0.0433,-0.3625,0.0,0.0,0.0,4219960.6568,4225383.2506,-3115856.4309,3073.8864,1921.3857,6783.7449,4219937.6889,4225364.5273,-3115877.4848,3073.9052,1921.3972,6783.8531,0.0,0.0765,3.9732,0.0,0.0,1.0,0.0,1.0,0.0,0.0,1.172,-23.972,0.0,1.0,0.0,0.0,0.0,-1.0,0.034,0.006403124237432849,-0.13077,1.475932713661786,4.611655853449193,,
454.8337,26.132,0.0,-0.033,22.159,0.089,-0.039,-0.11,0.004,0.005,-0.11,0.004,0.005,0.214,-0.087,0.175,-0.008,-0.007,0.006,0.0,-0.0,-0.0,834.013,-0.0,0.0,-0.0,0.0,0.0,0.0,0.0,0.0,-0.6782,0.6996,-0.2249,0.7292,0.6785,-0.0885,0.0907,-0.224,-0.9704,0.676,0.226,-0.7014,-0.7316,0.0917,-0.6755,-0.0884,0.9698,0.2273,0.0001,-0.0001,-0.0001,0.0,0.0,0.0,-0.0188,-0.0115,-0.1082,22.9641,18.721,21.0318,0.0,0.0433,-0.3625,0.0,0.0,0.0,4220586.9902,4225774.7081,-3114473.8428,3072.7646,1920.2625,6784.5729,4220564.0261,4225755.9871,-3114494.8746,3072.7834,1920.274,6784.6811,0.0,0.0765,3.9732,0.0,0.0,1.0,0.0,1.0,0.0,0.0,1.172,-23.972,0.0,1.0,0.0,0.0,0.0,-1.0,0.033,0.006403124237432849,-0.13066,1.4923797418724203,4.607776659873607,,
455.0343,26.109,0.001,-0.032,22.137,0.09,-0.038,-0.11,0.004,0.005,-0.11,0.004,0.005,0.212,-0.088,0.177,-0.008,-0.007,0.006,0.0,-0.0,-0.0,834.013,-0.0,0.0,-0.0,0.0,0.0,0.0,0.0,0.0,-0.6782,0.6996,-0.2249,0.7292,0.6785,-0.0885,0.0907,-0.224,-0.9704,0.676,0.226,-0.7014,-0.7316,0.0917,-0.6755,-0.0884,0.9698,0.2273,0.0001,-0.0001,-0.0001,0.0,0.0,0.0,-0.0188,-0.0115,-0.1082,22.9604,18.7187,21.0101,0.0,0.0433,-0.3625,0.0,0.0,0.0,4221203.4427,4226159.9063,-3113112.405,3071.6599,1919.1565,6785.3879,4221180.4823,4226141.1876,-3113133.4151,3071.6787,1919.168,6785.4961,0.0,0.0765,3.9732,0.0,0.0,1.0,0.0,1.0,0.0,0.0,1.172,-23.972,0.0,1.0,0.0,0.0,0.0,-1.0,0.032015621187164243,0.006403124237432849,-0.13054500000000002,1.494845330759363,4.6037211393173125,,
455.2359,26.087,0.002,-0.031,22.114,0.091,-0.037,-0.11,0.004,0.005,-0.11,0.004,0.005,0.211,-0.089,0.178,-0.008,-0.007,0.006,0.0,-0.0,-0.0,834.013,-0.0,0.0,-0.0,0.0,0.0,0.0,0.0,0.0,-0.6782,0.6996,-0.2249,0.7293,0.6785,-0.0884,0.0907,-0.224,-0.9704,0.676,0.226,-0.7014,-0.7316,0.0917,-0.6755,-0.0884,0.9698,0.2273,0.0001,-0.0001,-0.0001,0.0,0.0,0.0,-0.0188,-0.0115,-0.1082,22.9566,18.7164,20.9883,0.0,0.0433,-0.3625,0.0,0.0,0.0,4221822.8034,4226546.8376,-3111743.8873,3070.5495,1918.0448,6786.2066,4221799.8469,4226528.1212,-3111764.8755,3070.5683,1918.0563,6786.3148,0.0,0.0765,3.9732,0.0,0.0,1.0,0.0,1.0,0.0,0.0,1.172,-23.972,0.0,1.0,0.0,0.0,0.0,-1.0,0.031064449134018134,0.006403124237432849,-0.130435,1.4966801511441143,4.5998419457417254,,
455.4424,26.065,0.003,-0.03,22.092,0.092,-0.036,-0.11,0.004,0.005,-0.11,0.004,0.005,0.209,-0.091,0.179,-0.008,-0.007,0.006,0.0,-0.0,-0.0,834.013,-0.0,0.0,-0.0,0.0,0.0,0.0,0.0,0.0,-0.6782,0.6996,-0.2249,0.7293,0.6785,-0.0884,0.0908,-0.224,-0.9704,0.676,0.226,-0.7014,-0.7316,0.0917,-0.6755,-0.0884,0.9698,0.2273,0.0001,-0.0001,-0.0001,0.0,0.0,0.0,-0.0187,-0.0115,-0.1082,22.9527,18.714,20.966,0.0,0.0433,-0.3625,0.0,0.0,0.0,4222454.2408,4226941.2263,-3110348.0082,3069.4168,1916.9109,6787.0412,4222431.2881,4226922.5123,-3110368.9742,3069.4356,1916.9224,6787.1494,0.0,0.0765,3.9732,0.0,0.0,1.0,0.0,1.0,0.0,0.0,1.172,-23.972,0.0,1.0,0.0,0.0,0.0,-1.0,0.030149626863362672,0.006403124237432849,-0.130325,1.4988377560403419,4.59596275216614,,
455.6478,26.042,0.003,-0.028,22.069,0.092,-0.035,-0.11,0.004,0.005,-0.11,0.004,0.005,0.208,-0.092,0.181,-0.008,-0.007,0.006,0.0,-0.0,-0.0,834.013,-0.0,0.0,-0.0,0.0,0.0,0.0,0.0,0.0,-0.6781,0.6997,-0.2249,0.7293,0.6785,-0.0884,0.0908,-0.224,-0.9704,0.676,0.226,-0.7014,-0.7316,0.0917,-0.6755,-0.0884,0.9698,0.2273,0.0001,-0.0001,-0.0001,0.0,0.0,0.0,-0.0187,-0.0115,-0.1082,22.9489,18.7117,20.9438,0.0,0.0433,-0.3625,0.0,0.0,0.0,4223083.0572,4227333.891,-3108957.239,3068.2883,1915.7812,6787.8722,4223060.1083,4227315.1793,-3108978.1829,3068.307,1915.7926,6787.9805,0.0,0.0765,3.9732,0.0,0.0,1.0,0.0,1.0,0.0,0.0,1.172,-23.972,0.0,1.0,0.0,0.0,0.0,-1.0,0.02816025568065745,0.006403124237432849,-0.13021000000000002,1.5004375148749176,4.591907231609845,,
455.8536,26.019,0.004,-0.027,22.046,0.093,-0.034,-0.11,0.004,0.005,-0.11,0.004,0.005,0.206,-0.093,0.182,-0.008,-0.007,0.006,0.0,-0.0,-0.0,834.013,-0.0,0.0,-0.0,0.0,0.0,0.0,0.0,0.0,-0.6781,0.6997,-0.2249,0.7293,0.6784,-0.0883,0.0908,-0.2239,-0.9704,0.676,0.226,-0.7014,-0.7316,0.0917,-0.6755,-0.0884,0.9698,0.2273,0.0001,-0.0001,-0.0001,0.0,0.0,0.0,-0.0187,-0.0115,-0.1083,22.945,18.7093,20.9213,0.0,0.0433,-0.3625,0.0,0.0,0.0,4223720.3625,4227731.7679,-3107546.9969,3067.1439,1914.6357,6788.7145,4223697.4176,4227713.0586,-3107567.9183,3067.1626,1914.6471,6788.8227,0.0,0.0765,3.9732,0.0,0.0,1.0,0.0,1.0,0.0,0.0,1.172,-23.972,0.0,1.0,0.0,0.0,0.0,-1.0,0.02729468812791236,0.006403124237432849,-0.130095,1.5025933982504887,4.58785171105355,,
456.0607,25.996,0.005,-0.026,22.023,0.094,-0.033,-0.11,0.004,0.005,-0.11,0.004,0.005,0.205,-0.095,0.183,-0.008,-0.007,0.006,0.0,-0.0,-0.0,834.013,-0.0,0.0,-0.0,0.0,0.0,0.0,0.0,0.0,-0.6781,0.6997,-0.2249,0.7293,0.6784,-0.0883,0.0908,-0.2239,-0.9704,0.676,0.226,-0.7014,-0.7316,0.0917,-0.6755,-0.0884,0.9698,0.2273,0.0001,-0.0001,-0.0001,0.0,0.0,0.0,-0.0187,-0.0115,-0.1083,22.9411,18.707,20.8991,0.0,0.0433,-0.3625,0.0,0.0,0.0,4224350.7678,4228125.2488,-3106151.3337,3066.0113,1913.502,6789.5475,4224327.8267,4228106.5418,-3106172.2328,3066.03,1913.5135,6789.6558,0.0,0.0765,3.9732,0.0,0.0,1.0,0.0,1.0,0.0,0.0,1.172,-23.972,0.0,1.0,0.0,0.0,0.0,-1.0,0.02647640458974745,0.006403124237432849,-0.12997999999999998,1.5047571635818593,4.583796190497255,,
456.2616,25.974,0.006,-0.025,22.001,0.095,-0.032,-0.11,0.004,0.005,-0.11,0.004,0.005,0.203,-0.096,0.185,-0.008,-0.007,0.006,0.0,-0.0,-0.0,834.013,-0.0,0.0,-0.0,0.0,0.0,0.0,0.0,0.0,-0.6781,0.6997,-0.2249,0.7294,0.6784,-0.0883,0.0908,-0.2239,-0.9704,0.676,0.226,-0.7014,-0.7316,0.0917,-0.6755,-0.0884,0.9698,0.2273,0.0001,-0.0001,-0.0001,0.0,0.0,0.0,-0.0187,-0.0115,-0.1083,22.9373,18.7047,20.8773,0.0,0.0433,-0.3625,0.0,0.0,0.0,4224968.9786,4228511.0328,-3104782.0029,3064.9,1912.3898,6790.3644,4224946.0412,4228492.3281,-3104802.8801,3064.9188,1912.4013,6790.4727,0.0,0.0765,3.9732,0.0,0.0,1.0,0.0,1.0,0.0,0.0,1.172,-23.972,0.0,1.0,0.0,0.0,0.0,-1.0,0.025709920264364885,0.006403124237432849,-0.12987,1.506920167544407,4.5799169969216695,,
456.4619,25.952,0.007,-0.024,21.979,0.096,-0.031,-0.11,0.004,0.005,-0.11,0.004,0.005,0.202,-0.098,0.186,-0.008,-0.007,0.006,0.0,-0.0,-0.0,834.013,-0.0,0.0,-0.0,0.0,0.0,0.0,0.0,0.0,-0.6781,0.6998,-0.2249,0.7294,0.6784,-0.0882,0.0908,-0.2239,-0.9704,0.676,0.226,-0.7014,-0.7316,0.0917,-0.6755,-0.0884,0.9698,0.2273,0.0001,-0.0001,-0.0001,0.0,0.0,0.0,-0.0187,-0.0114,-0.1083,22.9336,18.7024,20.8556,0.0,0.0433,-0.3625,0.0,0.0,0.0,4225582.1316,4228893.5772,-3103423.2202,3063.7973,1911.2862,6791.1745,4225559.1979,4228874.8748,-3103444.0758,3063.8161,1911.2976,6791.2828,0.0,0.0765,3.9732,0.0,0.0,1.0,0.0,1.0,0.0,0.0,1.172,-23.972,0.0,1.0,0.0,0.0,0.0,-1.0,0.025,0.006403124237432849,-0.12976000000000001,1.5090909029182045,4.576037803346083,,
456.6634,25.93,0.007,-0.023,21.957,0.097,-0.03,-0.11,0.004,0.005,-0.11,0.004,0.005,0.2,-0.099,0.187,-0.008,-0.007,0.006,0.0,-0.0,-0.0,834.013,-0.0,0.0,-0.0,0.0,0.0,0.0,0.0,0.0,-0.678,0.6998,-0.2249,0.7294,0.6784,-0.0882,0.0909,-0.2239,-0.9704,0.676,0.226,-0.7014,-0.7316,0.0917,-0.6755,-0.0884,0.9698,0.2273,0.0001,-0.0001,-0.0001,0.0,0.0,0.0,-0.0187,-0.0114,-0.1083,22.9298,18.7001,20.8337,0.0,0.0433,-0.3625,0.0,0.0,0.0,4226199.3207,4229278.556,-3102054.8333,3062.6868,1910.1748,6791.9899,4226176.3909,4229259.8559,-3102075.6671,3062.7055,1910.1862,6792.0982,0.0,0.0765,3.9732,0.0,0.0,1.0,0.0,1.0,0.0,0.0,1.172,-23.972,0.0,1.0,0.0,0.0,0.0,-1.0,0.024041630560342614,0.006403124237432849,-0.12965,1.5255942399834286,4.572158609770497,,
456.867,25.907,0.008,-0.022,21.934,0.098,-0.029,-0.11,0.004,0.005,-0.11,0.004,0.005,0.199,-0.1,0.188,-0.008,-0.007,0.006,0.0,-0.0,-0.0,834.013,-0.0,0.0,-0.0,0.0,0.0,0.0,0.0,0.0,-0.678,0.6998,-0.2249,0.7294,0.6784,-0.0882,0.0909,-0.2238,-0.9704,0.676,0.226,-0.7014,-0.7316,0.0917,-0.6755,-0.0884,0.9698,0.2273,0.0001,-0.0001,-0.0001,0.0,0.0,0.0,-0.0187,-0.0114,-0.1083,22.926,18.6978,20.8115,0.0,0.0433,-0.3625,0.0,0.0,0.0,4226828.6815,4229671.0398,-3100658.7825,3061.5537,1909.041,6792.8213,4226805.7556,4229652.342,-3100679.594,3061.5725,1909.0524,6792.9296,0.0,0.0765,3.9732,0.0,0.0,1.0,0.0,1.0,0.0,0.0,1.172,-23.972,0.0,1.0,0.0,0.0,0.0,-1.0,0.02340939982143925,0.006403124237432849,-0.129535,1.5277919699810243,4.568103089214202,,
457.073,25.885,0.009,-0.021,21.912,0.099,-0.028,-0.11,0.004,0.005,-0.11,0.004,0.005,0.197,-0.102,0.19,-0.008,-0.007,0.006,0.0,-0.0,-0.0,834.013,-0.0,0.0,-0.0,0.0,0.0,0.0,0.0,0.0,-0.678,0.6998,-0.2249,0.7294,0.6783,-0.0881,0.0909,-0.2238,-0.9704,0.676,0.226,-0.7014,-0.7316,0.0917,-0.6755,-0.0884,0.9698,0.2273,0.0001,-0.0001,-0.0001,0.0,0.0,0.0,-0.0187,-0.0114,-0.1083,22.9221,18.6954,20.7892,0.0,0.0433,-0.3625,0.0,0.0,0.0,4227457.1191,4230062.8604,-3099264.0916,3060.4218,1907.9083,6793.6514,4227434.197,4230044.1649,-3099284.8809,3060.4405,1907.9197,6793.7597,0.0,0.0765,3.9732,0.0,0.0,1.0,0.0,1.0,0.0,0.0,1.172,-23.972,0.0,1.0,0.0,0.0,0.0,-1.0,0.022847319317591725,0.006403124237432849,-0.129425,1.5299885945967076,4.564223895638616,,
457.2807,25.862,0.01,-0.02,21.889,0.099,-0.027,-0.11,0.004,0.005,-0.11,0.004,0.005,0.195,-0.103,0.191,-0.008,-0.007,0.006,0.0,-0.0,-0.0,834.013,-0.0,0.0,-0.0,0.0,0.0,0.0,0.0,0.0,-0.678,0.6998,-0.2249,0.7295,0.6783,-0.0881,0.0909,-0.2238,-0.9704,0.676,0.226,-0.7014,-0.7316,0.0917,-0.6755,-0.0884,0.9698,0.2273,0.0001,-0.0001,-0.0001,0.0,0.0,0.0,-0.0187,-0.0114,-0.1083,22.9183,18.6931,20.7669,0.0,0.0433,-0.3625,0.0,0.0,0.0,4228088.1593,4230456.2154,-3097862.934,3059.2846,1906.7704,6794.4849,4228065.241,4230437.5223,-3097883.7009,3059.3033,1906.7818,6794.5932,0.0,0.0765,3.9732,0.0,0.0,1.0,0.0,1.0,0.0,0.0,1.172,-23.972,0.0,1.0,0.0,0.0,0.0,-1.0,0.022360679774997897,0.006403124237432849,-0.12930999999999998,1.515623300595865,4.560168375082321,,
457.4874,25.839,0.01,-0.019,21.866,0.1,-0.026,-0.11,0.004,0.005,-0.11,0.004,0.005,0.194,-0.104,0.192,-0.008,-0.007,0.006,0.0,-0.0,-0.0,834.013,-0.0,0.0,-0.0,0.0,0.0,0.0,0.0,0.0,-0.6779,0.6999,-0.2249,0.7295,0.6783,-0.0881,0.0909,-0.2238,-0.9704,0.676,0.226,-0.7014,-0.7316,0.0917,-0.6755,-0.0884,0.9698,0.2273,0.0001,-0.0001,-0.0001,0.0,0.0,0.0,-0.0187,-0.0114,-0.1084,22.9144,18.6907,20.7444,0.0,0.0433,-0.3625,0.0,0.0,0.0,4228723.3617,4230852.0754,-3096451.8352,3058.1392,1905.6245,6795.3238,4228700.4473,4230833.3847,-3096472.5796,3058.158,1905.6359,6795.4321,0.0,0.0765,3.9732,0.0,0.0,1.0,0.0,1.0,0.0,0.0,1.172,-23.972,0.0,1.0,0.0,0.0,0.0,-1.0,0.021470910553583886,0.006403124237432849,-0.129195,1.532174494347231,4.5561128545260265,,
457.6891,25.817,0.011,-0.018,21.844,0.101,-0.025,-0.11,0.004,0.005,-0.11,0.004,0.005,0.192,-0.106,0.194,-0.008,-0.007,0.006,0.0,-0.0,-0.0,834.013,-0.0,0.0,-0.0,0.0,0.0,0.0,0.0,0.0,-0.6779,0.6999,-0.2249,0.7295,0.6783,-0.088,0.0909,-0.2238,-0.9704,0.676,0.226,-0.7014,-0.7316,0.0917,-0.6755,-0.0884,0.9698,0.2273,0.0001,-0.0001,-0.0001,0.0,0.0,0.0,-0.0187,-0.0114,-0.1084,22.9106,18.6885,20.7226,0.0,0.0433,-0.3625,0.0,0.0,0.0,4229337.7579,4231234.8834,-3095086.2895,3057.0308,1904.5155,6796.1352,4229314.8473,4231216.195,-3095107.0121,3057.0496,1904.527,6796.2435,0.0,0.0765,3.9732,0.0,0.0,1.0,0.0,1.0,0.0,0.0,1.172,-23.972,0.0,1.0,0.0,0.0,0.0,-1.0,0.021095023109728987,0.006403124237432849,-0.129085,1.5343922524000395,4.55223366095044,,
457.8954,25.794,0.012,-0.017,21.821,0.102,-0.024,-0.11,0.004,0.005,-0.11,0.004,0.005,0.191,-0.107,0.195,-0.008,-0.007,0.006,0.0,-0.0,-0.0,834.013,-0.0,0.0,-0.0,0.0,0.0,0.0,0.0,0.0,-0.6779,0.6999,-0.2249,0.7295,0.6783,-0.088,0.091,-0.2237,-0.9704,0.676,0.226,-0.7014,-0.7316,0.0917,-0.6755,-0.0884,0.9698,0.2273,0.0001,-0.0001,-0.0001,0.0,0.0,0.0,-0.0187,-0.0114,-0.1084,22.9067,18.6861,20.7003,0.0,0.0433,-0.3625,0.0,0.0,0.0,4229968.056,4231627.5118,-3093684.7169,3055.8932,1903.3774,6796.9675,4229945.1493,4231608.8257,-3093705.4172,3055.9119,1903.3888,6797.0758,0.0,0.0765,3.9732,0.0,0.0,1.0,0.0,1.0,0.0,0.0,1.172,-23.972,0.0,1.0,0.0,0.0,0.0,-1.0,0.020808652046684813,0.006403124237432849,-0.12897,1.5366271047588855,4.548178140394145,,
458.0971,25.772,0.013,-0.016,21.799,0.103,-0.023,-0.11,0.004,0.005,-0.11,0.004,0.005,0.189,-0.108,0.196,-0.008,-0.007,0.006,0.0,-0.0,-0.0,834.013,-0.0,0.0,-0.0,0.0,0.0,0.0,0.0,0.0,-0.6779,0.6999,-0.2249,0.7295,0.6783,-0.088,0.091,-0.2237,-0.9704,0.676,0.226,-0.7014,-0.7316,0.0917,-0.6755,-0.0884,0.9698,0.2273,0.0001,-0.0001,-0.0001,0.0,0.0,0.0,-0.0187,-0.0114,-0.1084,22.903,18.6838,20.6785,0.0,0.0433,-0.3625,0.0,0.0,0.0,4230583.4021,4232010.7411,-3092315.7208,3054.7819,1902.2657,6797.78,4230560.4991,4231992.0572,-3092336.3992,3054.8006,1902.2772,6797.8883,0.0,0.0765,3.9732,0.0,0.0,1.0,0.0,1.0,0.0,0.0,1.172,-23.972,0.0,1.0,0.0,0.0,0.0,-1.0,0.0206155281280883,0.006403124237432849,-0.12886,1.5388605476050465,4.544298946818559,,
458.2976,25.75,0.014,-0.015,21.777,0.104,-0.022,-0.11,0.004,0.005,-0.11,0.004,0.005,0.188,-0.11,0.198,-0.008,-0.007,0.006,0.0,-0.0,-0.0,834.013,-0.0,0.0,-0.0,0.0,0.0,0.0,0.0,0.0,-0.6778,0.7,-0.2249,0.7296,0.6782,-0.0879,0.091,-0.2237,-0.9704,0.676,0.226,-0.7014,-0.7316,0.0917,-0.6755,-0.0884,0.9698,0.2273,0.0001,-0.0001,-0.0001,0.0,0.0,0.0,-0.0187,-0.0114,-0.1084,22.8992,18.6815,20.6567,0.0,0.0433,-0.3625,0.0,0.0,0.0,4231196.2989,4232392.3606,-3090951.5181,3053.6745,1901.158,6798.5892,4231173.3997,4232373.6791,-3090972.1748,3053.6933,1901.1694,6798.6976,0.0,0.0765,3.9732,0.0,0.0,1.0,0.0,1.0,0.0,0.0,1.172,-23.972,0.0,1.0,0.0,0.0,0.0,-1.0,0.020518284528683192,0.006403124237432849,-0.12875,1.541101806409444,4.540419753242973,,
458.5041,25.727,0.014,-0.013,21.754,0.105,-0.021,-0.11,0.004,0.005,-0.11,0.004,0.005,0.186,-0.111,0.199,-0.008,-0.007,0.006,0.0,-0.0,-0.0,834.013,-0.0,0.0,-0.0,0.0,0.0,0.0,0.0,0.0,-0.6778,0.7,-0.2249,0.7296,0.6782,-0.0879,0.091,-0.2237,-0.9704,0.676,0.226,-0.7014,-0.7316,0.0917,-0.6755,-0.0884,0.9698,0.2273,0.0001,-0.0001,-0.0001,0.0,0.0,0.0,-0.0187,-0.0114,-0.1084,22.8953,18.6792,20.6342,0.0,0.0433,-0.3625,0.0,0.0,0.0,4231830.4261,4232787.1111,-3089539.3664,3052.5282,1900.0114,6799.4263,4231807.5308,4232768.432,-3089560.0006,3052.5469,1900.0228,6799.5347,0.0,0.0765,3.9732,0.0,0.0,1.0,0.0,1.0,0.0,0.0,1.172,-23.972,0.0,1.0,0.0,0.0,0.0,-1.0,0.0191049731745428,0.006403124237432849,-0.128635,1.5591493029546788,4.536364232686679,,
458.7067,25.704,0.015,-0.012,21.731,0.106,-0.02,-0.11,0.004,0.005,-0.11,0.004,0.005,0.185,-0.112,0.2,-0.008,-0.007,0.006,0.0,-0.0,-0.0,834.013,-0.0,0.0,-0.0,0.0,0.0,0.0,0.0,0.0,-0.6778,0.7,-0.2249,0.7296,0.6782,-0.0879,0.091,-0.2237,-0.9704,0.676,0.226,-0.7014,-0.7316,0.0917,-0.6755,-0.0884,0.9698,0.2273,0.0001,-0.0001,-0.0001,0.0,0.0,0.0,-0.0187,-0.0114,-0.1084,22.8916,18.6769,20.6124,0.0,0.0433,-0.3625,0.0,0.0,0.0,4232444.8917,4233169.5359,-3088170.3296,3051.4168,1898.8998,6800.2375,4232422.0001,4233150.859,-3088190.9419,3051.4355,1898.9112,6800.3459,0.0,0.0765,3.9732,0.0,0.0,1.0,0.0,1.0,0.0,0.0,1.172,-23.972,0.0,1.0,0.0,0.0,0.0,-1.0,0.019209372712298545,0.006403124237432849,-0.12852,1.5613955027415964,4.5323087121303836,,
458.9085,25.682,0.016,-0.011,21.709,0.106,-0.019,-0.11,0.004,0.005,-0.11,0.004,0.005,0.183,-0.114,0.202,-0.008,-0.007,0.006,0.0,-0.0,-0.0,834.013,-0.0,0.0,-0.0,0.0,0.0,0.0,0.0,0.0,-0.6778,0.7,-0.2249,0.7296,0.6782,-0.0878,0.091,-0.2236,-0.9704,0.676,0.226,-0.7014,-0.7316,0.0917,-0.6755,-0.0884,0.9698,0.2273,0.0001,-0.0001,-0.0001,0.0,0.0,0.0,-0.0187,-0.0114,-0.1084,22.8878,18.6746,20.5904,0.0,0.0433,-0.3625,0.0,0.0,0.0,4233061.7441,4233553.3614,-3086795.3065,3050.3006,1897.7834,6801.0517,4233038.8563,4233534.6868,-3086815.8969,3050.3193,1897.7948,6801.1601,0.0,0.0765,3.9732,0.0,0.0,1.0,0.0,1.0,0.0,0.0,1.172,-23.972,0.0,1.0,0.0,0.0,0.0,-1.0,0.0194164878389476,0.006403124237432849,-0.12841,1.547037771783398,4.528429518554797,,
459.1136,25.659,0.017,-0.01,21.686,0.107,-0.019,-0.11,0.004,0.005,-0.11,0.004,0.005,0.182,-0.115,0.203,-0.008,-0.007,0.006,0.0,-0.0,-0.0,834.013,-0.0,0.0,-0.0,0.0,0.0,0.0,0.0,0.0,-0.6777,0.7001,-0.2249,0.7296,0.6782,-0.0878,0.0911,-0.2236,-0.9704,0.676,0.226,-0.7014,-0.7316,0.0917,-0.6755,-0.0884,0.9698,0.2273,0.0001,-0.0001,-0.0001,0.0,0.0,0.0,-0.0187,-0.0114,-0.1084,22.8839,18.6723,20.5682,0.0,0.0433,-0.3625,0.0,0.0,0.0,4233687.1731,4233942.4363,-3085400.4847,3049.1682,1896.6509,6801.8772,4233664.2891,4233923.764,-3085421.0528,3049.1869,1896.6623,6801.9856,0.0,0.0765,3.9732,0.0,0.0,1.0,0.0,1.0,0.0,0.0,1.172,-23.972,0.0,1.0,0.0,0.0,0.0,-1.0,0.01972308292331602,0.006403124237432849,-0.128295,1.5510685712270296,4.524373997998502,,
459.3171,25.637,0.017,-0.009,21.664,0.108,-0.018,-0.11,0.004,0.005,-0.11,0.004,0.005,0.18,-0.117,0.204,-0.008,-0.007,0.006,0.0,-0.0,-0.0,834.013,-0.0,0.0,-0.0,0.0,0.0,0.0,0.0,0.0,-0.6777,0.7001,-0.2249,0.7297,0.6782,-0.0878,0.0911,-0.2236,-0.9704,0.676,0.226,-0.7014,-0.7316,0.0917,-0.6755,-0.0884,0.9698,0.2273,0.0001,-0.0001,-0.0001,0.0,0.0,0.0,-0.0187,-0.0114,-0.1085,22.8802,18.67,20.5461,0.0,0.0433,-0.3625,0.0,0.0,0.0,4234307.888,4234328.4919,-3084015.4947,3048.0438,1895.5264,6802.6964,4234285.0079,4234309.8219,-3084036.0408,3048.0625,1895.5379,6802.8048,0.0,0.0765,3.9732,0.0,0.0,1.0,0.0,1.0,0.0,0.0,1.172,-23.972,0.0,1.0,0.0,0.0,0.0,-1.0,0.019235384061671346,0.006403124237432849,-0.128185,1.56762485934615,4.520494804422917,,
459.5223,25.614,0.018,-0.008,21.641,0.109,-0.017,-0.11,0.004,0.005,-0.11,0.004,0.005,0.179,-0.118,0.206,-0.008,-0.007,0.006,0.0,-0.0,-0.0,834.013,-0.0,0.0,-0.0,0.0,0.0,0.0,0.0,0.0,-0.6777,0.7001,-0.2249,0.7297,0.6781,-0.0877,0.0911,-0.2236,-0.9704,0.676,0.226,-0.7014,-0.7316,0.0917,-0.6755,-0.0884,0.9698,0.2273,0.0001,-0.0001,-0.0001,0.0,0.0,0.0,-0.0187,-0.0114,-0.1085,22.8763,18.6676,20.5239,0.0,0.0433,-0.3625,0.0,0.0,0.0,4234932.6688,4234716.9887,-3082620.7491,3046.9114,1894.3941,6803.5209,4234909.7925,4234698.3211,-3082641.273,3046.9301,1894.4055,6803.6293,0.0,0.0765,3.9732,0.0,0.0,1.0,0.0,1.0,0.0,0.0,1.172,-23.972,0.0,1.0,0.0,0.0,0.0,-1.0,0.01969771560359221,0.006403124237432849,-0.12807000000000002,1.569874489208882,4.516439283866622,,
459.7273,25.591,0.019,-0.007,21.619,0.11,-0.016,-0.11,0.004,0.005,-0.11,0.004,0.005,0.177,-0.119,0.207,-0.008,-0.007,0.006,0.0,-0.0,-0.0,834.013,-0.0,0.0,-0.0,0.0,0.0,0.0,0.0,0.0,-0.6777,0.7001,-0.2249,0.7297,0.6781,-0.0877,0.0911,-0.2236,-0.9704,0.676,0.226,-0.7014,-0.7316,0.0917,-0.6755,-0.0884,0.9698,0.2273,0.0001,-0.0001,-0.0001,0.0,0.0,0.0,-0.0187,-0.0114,-0.1085,22.8724,18.6653,20.5015,0.0,0.0433,-0.3625,0.0,0.0,0.0,4235559.6391,4235106.7587,-3081220.4242,3045.7745,1893.2573,6804.3482,4235536.7667,4235088.0934,-3081240.9258,3045.7932,1893.2687,6804.4567,0.0,0.0765,3.9732,0.0,0.0,1.0,0.0,1.0,0.0,0.0,1.172,-23.972,0.0,1.0,0.0,0.0,0.0,-1.0,0.020248456731316585,0.006403124237432849,-0.127955,1.5724539490070122,4.512383763310328,,
459.9273,25.569,0.02,-0.006,21.597,0.111,-0.015,-0.11,0.004,0.005,-0.11,0.004,0.005,0.176,-0.121,0.208,-0.008,-0.007,0.006,0.0,-0.0,-0.0,834.013,-0.0,0.0,-0.0,0.0,0.0,0.0,0.0,0.0,-0.6776,0.7002,-0.2249,0.7297,0.6781,-0.0877,0.0911,-0.2235,-0.9704,0.676,0.226,-0.7014,-0.7316,0.0917,-0.6755,-0.0884,0.9698,0.2273,0.0001,-0.0001,-0.0001,0.0,0.0,0.0,-0.0187,-0.0114,-0.1085,22.8687,18.6631,20.4799,0.0,0.0433,-0.3625,0.0,0.0,0.0,4236165.6756,4235483.4306,-3079866.1952,3044.675,1892.1579,6805.1478,4236142.8069,4235464.7676,-3079886.6752,3044.6937,1892.1693,6805.2563,0.0,0.0765,3.9732,0.0,0.0,1.0,0.0,1.0,0.0,0.0,1.172,-23.972,0.0,1.0,0.0,0.0,0.0,-1.0,0.0208806130178211,0.006403124237432849,-0.127845,1.574709522591172,4.508504569734741,,
460.1314,25.547,0.021,-0.005,21.574,0.112,-0.014,-0.111,0.004,0.005,-0.11,0.004,0.005,0.174,-0.122,0.21,-0.008,-0.007,0.006,0.0,-0.0,-0.0,834.013,-0.0,0.0,-0.0,0.0,0.0,0.0,0.0,0.0,-0.6776,0.7002,-0.2249,0.7297,0.6781,-0.0876,0.0911,-0.2235,-0.9704,0.676,0.226,-0.7014,-0.7316,0.0917,-0.6755,-0.0884,0.9698,0.2273,0.0001,-0.0001,-0.0001,0.0,0.0,0.0,-0.0187,-0.0114,-0.1085,22.8649,18.6607,20.4577,0.0,0.0433,-0.3625,0.0,0.0,0.0,4236790.3423,4235871.5947,-3078469.6606,3043.5411,1891.0242,6805.972,4236767.4775,4235852.934,-3078490.1182,3043.5598,1891.0356,6806.0805,0.0,0.0765,3.9732,0.0,0.0,1.0,0.0,1.0,0.0,0.0,1.172,-23.972,0.0,1.0,0.0,0.0,0.0,-1.0,0.021587033144922906,0.006403124237432849,-0.12773500000000002,1.5766515208598437,4.504625376159155,,
460.3319,25.525,0.021,-0.004,21.552,0.113,-0.013,-0.111,0.004,0.005,-0.111,0.004,0.005,0.173,-0.123,0.211,-0.008,-0.007,0.006,0.0,-0.0,-0.0,834.013,-0.0,0.0,-0.0,0.0,0.0,0.0,0.0,0.0,-0.6776,0.7002,-0.2249,0.7298,0.6781,-0.0876,0.0912,-0.2235,-0.9704,0.676,0.226,-0.7014,-0.7316,0.0917,-0.6755,-0.0884,0.9698,0.2273,0.0001,-0.0001,-0.0001,0.0,0.0,0.0,-0.0187,-0.0114,-0.1085,22.8611,18.6585,20.436,0.0,0.0433,-0.3625,0.0,0.0,0.0,4237398.2986,4236249.2911,-3077109.8168,3042.4369,1889.9203,6806.774,4237375.4375,4236230.6326,-3077130.2528,3042.4556,1889.9317,6806.8825,0.0,0.0765,3.9732,0.0,0.0,1.0,0.0,1.0,0.0,0.0,1.172,-23.972,0.0,1.0,0.0,0.0,0.0,-1.0,0.021377558326431952,0.006403124237432849,-0.127625,1.5932635720349313,4.500746182583568,,
460.5384,25.502,0.022,-0.003,21.529,0.113,-0.012,-0.111,0.004,0.005,-0.111,0.004,0.005,0.171,-0.125,0.212,-0.008,-0.007,0.006,0.0,-0.0,-0.0,834.013,-0.0,0.0,-0.0,0.0,0.0,0.0,0.0,0.0,-0.6776,0.7002,-0.2249,0.7298,0.678,-0.0876,0.0912,-0.2235,-0.9704,0.676,0.226,-0.7014,-0.7316,0.0917,-0.6755,-0.0884,0.9698,0.2273,0.0001,-0.0001,-0.0001,0.0,0.0,0.0,-0.0187,-0.0114,-0.1085,22.8573,18.6561,20.4136,0.0,0.0433,-0.3625,0.0,0.0,0.0,4238025.6806,4236638.9677,-3075705.8413,3041.2969,1888.7807,6807.6016,4238002.8234,4236620.3116,-3075726.255,3041.3156,1888.792,6807.7102,0.0,0.0765,3.9732,0.0,0.0,1.0,0.0,1.0,0.0,0.0,1.172,-23.972,0.0,1.0,0.0,0.0,0.0,-1.0,0.022203603311174516,0.006403124237432849,-0.12750999999999998,1.5789327658142662,4.496690662027274,,
460.7385,25.48,0.023,-0.002,21.507,0.114,-0.011,-0.111,0.004,0.005,-0.111,0.004,0.005,0.169,-0.126,0.213,-0.008,-0.007,0.006,0.0,-0.0,-0.0,834.013,-0.0,0.0,-0.0,0.0,0.0,0.0,0.0,0.0,-0.6775,0.7002,-0.2249,0.7298,0.678,-0.0875,0.0912,-0.2235,-0.9704,0.676,0.226,-0.7014,-0.7316,0.0917,-0.6755,-0.0884,0.9698,0.2273,0.0001,-0.0001,-0.0001,0.0,0.0,0.0,-0.0187,-0.0114,-0.1085,22.8535,18.6539,20.3918,0.0,0.0433,-0.3625,0.0,0.0,0.0,4238635.6073,4237017.7173,-3074340.259,3040.188,1887.6722,6808.4061,4238612.7538,4236999.0634,-3074360.6508,3040.2067,1887.6836,6808.5147,0.0,0.0765,3.9732,0.0,0.0,1.0,0.0,1.0,0.0,0.0,1.172,-23.972,0.0,1.0,0.0,0.0,0.0,-1.0,0.02308679276123039,0.006403124237432849,-0.1274,1.5812180509670923,4.492811468451688,,
460.9387,25.458,0.024,-0.001,21.485,0.115,-0.01,-0.111,0.004,0.005,-0.111,0.004,0.005,0.168,-0.127,0.215,-0.008,-0.007,0.006,0.0,-0.0,-0.0,834.013,-0.0,0.0,-0.0,0.0,0.0,0.0,0.0,0.0,-0.6775,0.7003,-0.2249,0.7298,0.678,-0.0875,0.0912,-0.2234,-0.9704,0.676,0.226,-0.7014,-0.7316,0.0917,-0.6755,-0.0884,0.9698,0.2273,0.0001,-0.0001,-0.0001,0.0,0.0,0.0,-0.0187,-0.0114,-0.1086,22.8498,18.6516,20.3702,0.0,0.0433,-0.3625,0.0,0.0,0.0,4239241.9325,4237394.1471,-3072982.0837,3039.0852,1886.5698,6809.2058,4239219.0827,4237375.4955,-3073002.4538,3039.1039,1886.5811,6809.3144,0.0,0.0765,3.9732,0.0,0.0,1.0,0.0,1.0,0.0,0.0,1.172,-23.972,0.0,1.0,0.0,0.0,0.0,-1.0,0.024020824298928628,0.006403124237432849,-0.12729,1.5835113452511294,4.488932274876101,,
461.1389,25.436,0.025,0.0,21.463,0.116,-0.009,-0.111,0.004,0.005,-0.111,0.004,0.005,0.166,-0.129,0.216,-0.008,-0.007,0.006,0.0,-0.0,-0.0,834.013,-0.0,0.0,-0.0,0.0,0.0,0.0,0.0,0.0,-0.6775,0.7003,-0.2249,0.7298,0.678,-0.0875,0.0912,-0.2234,-0.9704,0.676,0.226,-0.7014,-0.7316,0.0917,-0.6755,-0.0884,0.9698,0.2273,0.0001,-0.0001,-0.0001,0.0,0.0,0.0,-0.0187,-0.0114,-0.1086,22.846,18.6493,20.3484,0.0,0.0433,-0.3625,0.0,0.0,0.0,4239852.5073,4237773.1308,-3071613.7319,3037.974,1885.4591,6810.0111,4239829.6613,4237754.4815,-3071634.0803,3037.9927,1885.4705,6810.1196,0.0,0.0765,3.9732,0.0,0.0,1.0,0.0,1.0,0.0,0.0,1.172,-23.972,0.0,1.0,0.0,0.0,0.0,-1.0,0.025,0.006403124237432849,-0.12718,1.5858126630588758,4.485053081300515,,
461.3411,25.413,0.025,0.001,21.44,0.117,-0.008,-0.111,0.004,0.005,-0.111,0.004,0.005,0.165,-0.13,0.217,-0.008,-0.007,0.006,0.0,-0.0,-0.0,834.013,-0.0,0.0,-0.0,0.0,0.0,0.0,0.0,0.0,-0.6775,0.7003,-0.2249,0.7299,0.678,-0.0874,0.0912,-0.2234,-0.9704,0.676,0.226,-0.7014,-0.7316,0.0917,-0.6755,-0.0884,0.9698,0.2273,0.0001,-0.0001,-0.0001,0.0,0.0,0.0,-0.0187,-0.0114,-0.1086,22.8423,18.647,20.3265,0.0,0.0433,-0.3625,0.0,0.0,0.0,4240464.6996,4238153.0338,-3070241.0871,3036.8593,1884.345,6810.8184,4240441.8572,4238134.3867,-3070261.4136,3036.878,1884.3564,6810.927,0.0,0.0765,3.9732,0.0,0.0,1.0,0.0,1.0,0.0,0.0,1.172,-23.972,0.0,1.0,0.0,0.0,0.0,-1.0,0.02501999200639361,0.006403124237432849,-0.127065,1.6024841113191177,4.48099756074422,,
461.5422,25.391,0.026,0.002,21.418,0.118,-0.007,-0.111,0.004,0.005,-0.111,0.004,0.005,0.163,-0.131,0.219,-0.008,-0.007,0.006,0.0,-0.0,-0.0,834.013,-0.0,0.0,-0.0,0.0,0.0,0.0,0.0,0.0,-0.6775,0.7003,-0.2249,0.7299,0.678,-0.0874,0.0913,-0.2234,-0.9704,0.676,0.226,-0.7014,-0.7316,0.0917,-0.6755,-0.0884,0.9698,0.2273,0.0001,-0.0001,-0.0001,0.0,0.0,0.0,-0.0187,-0.0114,-0.1086,22.8386,18.6448,20.3046,0.0,0.0433,-0.3625,0.0,0.0,0.0,4241075.2013,4238531.8026,-3068871.5715,3035.7471,1883.2335,6811.6234,4241052.3627,4238513.1578,-3068891.8761,3035.7658,1883.2448,6811.732,0.0,0.0765,3.9732,0.0,0.0,1.0,0.0,1.0,0.0,0.0,1.172,-23.972,0.0,1.0,0.0,0.0,0.0,-1.0,0.026076809620810593,0.006403124237432849,-0.12695499999999998,1.6048037105188,4.477118367168634,,
461.7477,25.368,0.027,0.004,21.396,0.119,-0.006,-0.111,0.004,0.005,-0.111,0.004,0.005,0.162,-0.133,0.22,-0.008,-0.007,0.006,0.0,-0.0,-0.0,834.013,-0.0,0.0,-0.0,0.0,0.0,0.0,0.0,0.0,-0.6774,0.7004,-0.2249,0.7299,0.6779,-0.0874,0.0913,-0.2234,-0.9705,0.676,0.226,-0.7014,-0.7316,0.0917,-0.6755,-0.0884,0.9698,0.2273,0.0001,-0.0001,-0.0001,0.0,0.0,0.0,-0.0187,-0.0114,-0.1086,22.8347,18.6425,20.2825,0.0,0.0433,-0.3625,0.0,0.0,0.0,4241695.3611,4238916.4768,-3067479.709,3034.6168,1882.1038,6812.4411,4241672.5263,4238897.8343,-3067499.9914,3034.6355,1882.1152,6812.5497,0.0,0.0765,3.9732,0.0,0.0,1.0,0.0,1.0,0.0,0.0,1.172,-23.972,0.0,1.0,0.0,0.0,0.0,-1.0,0.02729468812791236,0.006403124237432849,-0.12683999999999998,1.6088189758894662,4.473062846612339,,
461.9547,25.345,0.028,0.005,21.373,0.12,-0.005,-0.111,0.004,0.005,-0.111,0.004,0.005,0.16,-0.134,0.221,-0.008,-0.007,0.006,0.0,-0.0,-0.0,834.013,-0.0,0.0,-0.0,0.0,0.0,0.0,0.0,0.0,-0.6774,0.7004,-0.2249,0.7299,0.6779,-0.0873,0.0913,-0.2233,-0.9705,0.676,0.226,-0.7014,-0.7316,0.0917,-0.6755,-0.0884,0.9698,0.2273,0.0001,-0.0001,-0.0001,0.0,0.0,0.0,-0.0187,-0.0114,-0.1086,22.8308,18.6401,20.2599,0.0,0.0433,-0.3625,0.0,0.0,0.0,4242325.7203,4239307.3875,-3066064.2549,3033.4672,1880.9551,6813.2721,4242302.8895,4239288.7474,-3066084.5148,3033.4859,1880.9664,6813.3808,0.0,0.0765,3.9732,0.0,0.0,1.0,0.0,1.0,0.0,0.0,1.172,-23.972,0.0,1.0,0.0,0.0,0.0,-1.0,0.028442925306655785,0.006403124237432849,-0.126725,1.6111432802053756,4.469007326056045,,
462.1548,25.323,0.029,0.006,21.35,0.121,-0.004,-0.111,0.004,0.005,-0.111,0.004,0.005,0.159,-0.135,0.223,-0.008,-0.007,0.006,0.0,-0.0,-0.0,834.013,-0.0,0.0,-0.0,0.0,0.0,0.0,0.0,0.0,-0.6774,0.7004,-0.2249,0.7299,0.6779,-0.0873,0.0913,-0.2233,-0.9705,0.676,0.226,-0.7014,-0.7316,0.0917,-0.6755,-0.0884,0.9698,0.2273,0.0001,-0.0001,-0.0001,0.0,0.0,0.0,-0.0187,-0.0114,-0.1086,22.8271,18.6378,20.238,0.0,0.0433,-0.3625,0.0,0.0,0.0,4242936.312,4239685.9533,-3064692.511,3032.3532,1879.8418,6814.0771,4242913.4849,4239667.3154,-3064712.7491,3032.3718,1879.8532,6814.1857,0.0,0.0765,3.9732,0.0,0.0,1.0,0.0,1.0,0.0,0.0,1.172,-23.972,0.0,1.0,0.0,0.0,0.0,-1.0,0.029614185789921695,0.006403124237432849,-0.126615,1.6131400898991164,4.465128132480459,,
462.362,25.3,0.029,0.007,21.327,0.121,-0.003,-0.111,0.004,0.005,-0.111,0.004,0.005,0.157,-0.137,0.224,-0.008,-0.007,0.006,0.0,-0.0,-0.0,834.013,-0.0,0.0,-0.0,0.0,0.0,0.0,0.0,0.0,-0.6774,0.7004,-0.2249,0.73,0.6779,-0.0873,0.0913,-0.2233,-0.9705,0.676,0.226,-0.7014,-0.7316,0.0917,-0.6755,-0.0884,0.9698,0.2273,0.0001,-0.0001,-0.0001,0.0,0.0,0.0,-0.0187,-0.0114,-0.1086,22.8232,18.6355,20.2156,0.0,0.0433,-0.3625,0.0,0.0,0.0,4243562.4525,4240074.071,-3063285.1424,3031.2101,1878.6997,6814.9025,4243539.6292,4240055.4355,-3063305.358,3031.2288,1878.711,6815.0111,0.0,0.0765,3.9732,0.0,0.0,1.0,0.0,1.0,0.0,0.0,1.172,-23.972,0.0,1.0,0.0,0.0,0.0,-1.0,0.029832867780352598,0.006403124237432849,-0.1265,1.61318069973641,4.461072611924164,,
462.5624,25.278,0.03,0.008,21.305,0.122,-0.002,-0.111,0.004,0.005,-0.111,0.004,0.005,0.156,-0.138,0.225,-0.008,-0.007,0.006,0.0,-0.0,-0.0,834.013,-0.0,0.0,-0.0,0.0,0.0,0.0,0.0,0.0,-0.6773,0.7005,-0.2249,0.73,0.6779,-0.0872,0.0914,-0.2233,-0.9705,0.676,0.226,-0.7014,-0.7316,0.0917,-0.6755,-0.0884,0.9698,0.2273,0.0001,-0.0001,-0.0001,0.0,0.0,0.0,-0.0187,-0.0113,-0.1086,22.8195,18.6333,20.1939,0.0,0.0433,-0.3625,0.0,0.0,0.0,4244167.6183,4240449.1023,-3061924.2515,3030.1048,1877.5953,6815.7001,4244144.7988,4240430.469,-3061944.4454,3030.1235,1877.6066,6815.8088,0.0,0.0765,3.9732,0.0,0.0,1.0,0.0,1.0,0.0,0.0,1.172,-23.972,0.0,1.0,0.0,0.0,0.0,-1.0,0.031048349392520047,0.006403124237432849,-0.12639,1.6155161048936415,4.457193418348577,,
462.7693,25.255,0.031,0.009,21.282,0.123,-0.001,-0.111,0.004,0.005,-0.111,0.004,0.005,0.154,-0.14,0.227,-0.008,-0.007,0.006,0.0,-0.0,-0.0,834.013,-0.0,0.0,-0.0,0.0,0.0,0.0,0.0,0.0,-0.6773,0.7005,-0.2249,0.73,0.6779,-0.0872,0.0914,-0.2233,-0.9705,0.676,0.226,-0.7014,-0.7316,0.0917,-0.6755,-0.0884,0.9698,0.2273,0.0001,-0.0001,-0.0001,0.0,0.0,0.0,-0.0187,-0.0113,-0.1087,22.8156,18.6309,20.1713,0.0,0.0433,-0.3625,0.0,0.0,0.0,4244796.4707,4240838.7237,-3060509.4008,3028.9556,1876.4472,6816.5289,4244773.6551,4240820.0927,-3060529.5721,3028.9743,1876.4585,6816.6376,0.0,0.0765,3.9732,0.0,0.0,1.0,0.0,1.0,0.0,0.0,1.172,-23.972,0.0,1.0,0.0,0.0,0.0,-1.0,0.03228002478313795,0.006403124237432849,-0.126275,1.617871101977186,4.453137897792283,,
462.9714,25.233,0.032,0.01,21.26,0.124,-0.0,-0.109,0.004,0.005,-0.109,0.004,0.005,0.153,-0.141,0.228,-0.008,-0.007,0.006,0.0,-0.0,-0.0,834.009,-0.0,0.0,1.0,0.0,0.0,0.0,0.0,0.0,-0.6773,0.7005,-0.2249,0.73,0.6778,-0.0872,0.0914,-0.2232,-0.9705,0.676,0.226,-0.7014,-0.7316,0.0917,-0.6755,-0.0884,0.9698,0.2273,0.0001,-0.0001,-0.0001,0.0,0.0,0.0,-0.0183,-0.0112,-0.1073,22.8118,18.6286,20.1492,0.0,0.0433,-0.3624,0.0,0.0,0.0,4245412.8455,4241220.5263,-3059121.9347,3027.829,1875.3214,6817.3425,4245390.0336,4241201.8977,-3059142.0839,3027.8473,1875.3326,6817.4499,0.0,0.0765,3.9732,0.0,0.0,1.0,0.0,1.0,0.0,0.0,1.172,-23.972,0.0,1.0,0.0,0.0,0.0,-1.0,0.03352610922848042,0.006403124237432849,-0.126165,1.6202228879306575,4.449258704216697,,
463.1736,25.212,0.033,0.011,21.239,0.125,0.001,-0.102,0.004,0.005,-0.102,0.005,0.005,0.151,-0.142,0.229,-0.008,-0.007,0.006,0.0,-0.0,-0.0,833.986,-0.0,0.0,1.0,0.0,0.0,0.0,0.0,0.0,-0.6773,0.7005,-0.2249,0.73,0.6778,-0.0871,0.0914,-0.2232,-0.9705,0.676,0.226,-0.7014,-0.7316,0.0917,-0.6755,-0.0884,0.9698,0.2273,0.0001,-0.0001,-0.0001,0.0,0.0,0.0,-0.0166,-0.0105,-0.1,22.8083,18.6265,20.1284,0.0,0.0433,-0.3624,0.0,0.0,0.0,4246022.4716,4241598.0631,-3057748.9868,3026.7156,1874.2081,6818.1532,4245999.6632,4241579.4366,-3057769.1151,3026.7321,1874.2185,6818.2532,0.0,0.0765,3.9732,0.0,0.0,1.0,0.0,1.0,0.0,0.0,1.172,-23.972,0.0,1.0,0.0,0.0,0.0,-1.0,0.034785054261852175,0.006403124237432849,-0.12606,1.6225711572574288,4.445555837621819,,
463.379,25.191,0.034,0.012,21.218,0.126,0.002,-0.101,0.004,0.005,-0.101,0.005,0.005,0.15,-0.144,0.23,-0.008,-0.007,0.006,0.0,-0.0,-0.0,833.985,-0.0,0.0,-0.0,0.0,0.0,0.0,0.0,0.0,-0.6772,0.7005,-0.2249,0.7301,0.6778,-0.0871,0.0914,-0.2232,-0.9705,0.676,0.226,-0.7014,-0.7316,0.0917,-0.6755,-0.0884,0.9698,0.2273,0.0001,-0.0001,-0.0001,0.0,0.0,0.0,-0.0164,-0.0104,-0.0994,22.805,18.6243,20.108,0.0,0.0433,-0.3624,0.0,0.0,0.0,4246642.9354,4241982.2238,-3056350.9465,3025.5801,1873.0737,6818.9714,4246620.1304,4241963.5994,-3056371.0545,3025.5965,1873.0841,6819.0708,0.0,0.0765,3.9732,0.0,0.0,1.0,0.0,1.0,0.0,0.0,1.172,-23.972,0.0,1.0,0.0,0.0,0.0,-1.0,0.0360555127546399,0.006403124237432849,-0.12595499999999998,1.624927386436935,4.441852971026941,,
463.5846,25.17,0.034,0.013,21.197,0.127,0.003,-0.101,0.004,0.005,-0.101,0.005,0.005,0.148,-0.145,0.232,-0.008,-0.007,0.006,0.0,-0.0,-0.0,833.985,-0.0,0.0,-0.0,0.0,0.0,0.0,0.0,0.0,-0.6772,0.7006,-0.2249,0.7301,0.6778,-0.0871,0.0914,-0.2232,-0.9705,0.676,0.226,-0.7014,-0.7316,0.0917,-0.6755,-0.0884,0.9698,0.2273,0.0001,-0.0001,-0.0001,0.0,0.0,0.0,-0.0164,-0.0104,-0.0994,22.8016,18.6222,20.0874,0.0,0.0433,-0.3624,0.0,0.0,0.0,4247268.9679,4242369.7426,-3054939.6574,3024.4337,1871.9286,6819.7962,4247246.1664,4242351.1204,-3054959.7448,3024.4501,1871.939,6819.8957,0.0,0.0765,3.9732,0.0,0.0,1.0,0.0,1.0,0.0,0.0,1.172,-23.972,0.0,1.0,0.0,0.0,0.0,-1.0,0.03640054944640259,0.006403124237432849,-0.12585000000000002,1.641654102618562,4.438150104432064,,
463.7859,25.15,0.035,0.014,21.177,0.128,0.004,-0.101,0.004,0.005,-0.101,0.005,0.005,0.147,-0.146,0.233,-0.008,-0.007,0.006,0.0,-0.0,-0.0,833.985,-0.0,0.0,-0.0,0.0,0.0,0.0,0.0,0.0,-0.6772,0.7006,-0.2249,0.7301,0.6778,-0.0871,0.0915,-0.2232,-0.9705,0.676,0.226,-0.7014,-0.7316,0.0917,-0.6755,-0.0884,0.9698,0.2273,0.0001,-0.0001,-0.0001,0.0,0.0,0.0,-0.0164,-0.0104,-0.0994,22.7983,18.6201,20.0675,0.0,0.0433,-0.3624,0.0,0.0,0.0,4247873.1277,4242743.6364,-3053577.0084,3023.3268,1870.823,6820.5922,4247850.3294,4242725.0162,-3053597.0759,3023.3432,1870.8334,6820.6916,0.0,0.0765,3.9732,0.0,0.0,1.0,0.0,1.0,0.0,0.0,1.172,-23.972,0.0,1.0,0.0,0.0,0.0,-1.0,0.03769615364994153,0.006403124237432849,-0.12575,1.6440161510450773,4.434623564817894,,
463.9933,25.129,0.036,0.015,21.156,0.129,0.005,-0.101,0.004,0.005,-0.101,0.005,0.005,0.145,-0.148,0.234,-0.008,-0.007,0.006,0.0,-0.0,-0.0,833.985,-0.0,0.0,-0.0,0.0,0.0,0.0,0.0,0.0,-0.6772,0.7006,-0.2249,0.7301,0.6778,-0.087,0.0915,-0.2231,-0.9705,0.676,0.226,-0.7014,-0.7316,0.0917,-0.6755,-0.0884,0.9698,0.2273,0.0001,-0.0001,-0.0001,0.0,0.0,0.0,-0.0164,-0.0104,-0.0995,22.7949,18.618,20.0469,0.0,0.0433,-0.3624,0.0,0.0,0.0,4248498.7981,4243130.7539,-3052165.1484,3022.1798,1869.6775,6821.4164,4248476.0032,4243112.1359,-3052185.1954,3022.1962,1869.6879,6821.5158,0.0,0.0765,3.9732,0.0,0.0,1.0,0.0,1.0,0.0,0.0,1.172,-23.972,0.0,1.0,0.0,0.0,0.0,-1.0,0.039,0.006403124237432849,-0.125645,1.6463980532566498,4.430920698223017,,
464.1991,25.108,0.037,0.016,21.135,0.13,0.006,-0.101,0.004,0.005,-0.101,0.005,0.005,0.143,-0.149,0.236,-0.008,-0.007,0.006,0.0,-0.0,-0.0,833.985,-0.0,0.0,-0.0,0.0,0.0,0.0,0.0,0.0,-0.6771,0.7006,-0.2249,0.7301,0.6777,-0.087,0.0915,-0.2231,-0.9705,0.676,0.226,-0.7014,-0.7316,0.0917,-0.6755,-0.0884,0.9698,0.2273,0.0001,-0.0001,-0.0001,0.0,0.0,0.0,-0.0164,-0.0104,-0.0995,22.7915,18.6159,20.0264,0.0,0.0433,-0.3624,0.0,0.0,0.0,4249123.5978,4243517.2428,-3050754.5459,3021.0339,1868.533,6822.2394,4249100.8064,4243498.6269,-3050774.5723,3021.0503,1868.5434,6822.3389,0.0,0.0765,3.9732,0.0,0.0,1.0,0.0,1.0,0.0,0.0,1.172,-23.972,0.0,1.0,0.0,0.0,0.0,-1.0,0.04031128874149274,0.006403124237432849,-0.12554,1.6487879308823334,4.4272178316281385,,
464.406,25.087,0.038,0.017,21.114,0.131,0.007,-0.101,0.004,0.005,-0.101,0.005,0.005,0.142,-0.15,0.237,-0.008,-0.007,0.006,0.0,-0.0,-0.0,833.985,-0.0,0.0,-0.0,0.0,0.0,0.0,0.0,0.0,-0.6771,0.7007,-0.2249,0.7302,0.6777,-0.087,0.0915,-0.2231,-0.9705,0.676,0.226,-0.7014,-0.7316,0.0917,-0.6755,-0.0884,0.9698,0.2273,0.0001,-0.0001,-0.0001,0.0,0.0,0.0,-0.0164,-0.0104,-0.0995,22.7881,18.6137,20.0058,0.0,0.0433,-0.3624,0.0,0.0,0.0,4249747.8034,4243903.2739,-3049344.5824,3019.8885,1867.3891,6823.0615,4249725.0153,4243884.6602,-3049364.5882,3019.9049,1867.3995,6823.161,0.0,0.0765,3.9732,0.0,0.0,1.0,0.0,1.0,0.0,0.0,1.172,-23.972,0.0,1.0,0.0,0.0,0.0,-1.0,0.0416293165929973,0.006403124237432849,-0.125435,1.6511857973235347,4.42351496503326,,
464.6134,25.066,0.039,0.019,21.093,0.132,0.008,-0.101,0.004,0.005,-0.101,0.005,0.005,0.14,-0.152,0.238,-0.008,-0.007,0.006,0.0,-0.0,-0.0,833.985,-0.0,0.0,-0.0,0.0,0.0,0.0,0.0,0.0,-0.6771,0.7007,-0.2249,0.7302,0.6777,-0.0869,0.0915,-0.2231,-0.9705,0.676,0.226,-0.7014,-0.7316,0.0917,-0.6755,-0.0884,0.9698,0.2273,0.0001,-0.0001,-0.0001,0.0,0.0,0.0,-0.0164,-0.0104,-0.0995,22.7847,18.6116,19.9852,0.0,0.0433,-0.3624,0.0,0.0,0.0,4250372.5302,4244289.5373,-3047932.7354,3018.7414,1866.2437,6823.8843,4250349.7455,4244270.9257,-3047952.7207,3018.7578,1866.2541,6823.9838,0.0,0.0765,3.9732,0.0,0.0,1.0,0.0,1.0,0.0,0.0,1.172,-23.972,0.0,1.0,0.0,0.0,0.0,-1.0,0.043382023926967724,0.006403124237432849,-0.12533,1.654748042786106,4.419812098438383,,
464.819,25.045,0.039,0.02,21.072,0.133,0.009,-0.101,0.004,0.005,-0.101,0.005,0.005,0.139,-0.153,0.24,-0.008,-0.007,0.006,0.0,-0.0,-0.0,833.985,-0.0,0.0,-0.0,0.0,0.0,0.0,0.0,0.0,-0.6771,0.7007,-0.2249,0.7302,0.6777,-0.0869,0.0915,-0.2231,-0.9705,0.676,0.226,-0.7014,-0.7316,0.0917,-0.6755,-0.0884,0.9698,0.2273,0.0001,-0.0001,-0.0001,0.0,0.0,0.0,-0.0164,-0.0104,-0.0995,22.7813,18.6095,19.9647,0.0,0.0433,-0.3624,0.0,0.0,0.0,4250994.6813,4244674.1184,-3046526.0064,3017.5986,1865.1025,6824.7036,4250971.8999,4244655.509,-3046545.9711,3017.615,1865.1129,6824.8031,0.0,0.0765,3.9732,0.0,0.0,1.0,0.0,1.0,0.0,0.0,1.172,-23.972,0.0,1.0,0.0,0.0,0.0,-1.0,0.04382921400162225,0.006403124237432849,-0.125225,1.6715036661196836,4.416109231843506,,
465.0263,25.024,0.04,0.021,21.051,0.134,0.01,-0.101,0.004,0.005,-0.101,0.005,0.005,0.137,-0.155,0.241,-0.008,-0.007,0.006,0.0,-0.0,-0.0,833.985,-0.0,0.0,-0.0,0.0,0.0,0.0,0.0,0.0,-0.677,0.7007,-0.2249,0.7302,0.6777,-0.0869,0.0916,-0.223,-0.9705,0.676,0.226,-0.7014,-0.7316,0.0917,-0.6755,-0.0884,0.9698,0.2273,0.0001,-0.0001,-0.0001,0.0,0.0,0.0,-0.0164,-0.0104,-0.0995,22.778,18.6073,19.9442,0.0,0.0433,-0.3624,0.0,0.0,0.0,4251617.4657,4245059.0013,-3045117.1418,3016.4539,1863.9596,6825.5237,4251594.6877,4245040.3939,-3045137.0859,3016.4703,1863.97,6825.6232,0.0,0.0765,3.9732,0.0,0.0,1.0,0.0,1.0,0.0,0.0,1.172,-23.972,0.0,1.0,0.0,0.0,0.0,-1.0,0.04517742799230607,0.006403124237432849,-0.12512,1.6739052814828523,4.412406365248628,,
465.2336,25.003,0.041,0.022,21.03,0.134,0.011,-0.101,0.004,0.005,-0.101,0.005,0.005,0.136,-0.156,0.242,-0.008,-0.007,0.006,0.0,-0.0,-0.0,833.985,-0.0,0.0,-0.0,0.0,0.0,0.0,0.0,0.0,-0.677,0.7008,-0.2249,0.7302,0.6776,-0.0868,0.0916,-0.223,-0.9705,0.676,0.226,-0.7014,-0.7316,0.0917,-0.6755,-0.0884,0.9698,0.2273,0.0001,-0.0001,-0.0001,0.0,0.0,0.0,-0.0164,-0.0104,-0.0995,22.7745,18.6052,19.9235,0.0,0.0433,-0.3624,0.0,0.0,0.0,4252244.9347,4245446.6883,-3043696.9671,3015.3,1862.8075,6826.3499,4252222.1602,4245428.0831,-3043716.8906,3015.3164,1862.8179,6826.4494,0.0,0.0765,3.9732,0.0,0.0,1.0,0.0,1.0,0.0,0.0,1.172,-23.972,0.0,1.0,0.0,0.0,0.0,-1.0,0.04652956049652737,0.006403124237432849,-0.125015,1.659616518015746,4.408703498653749,,
465.4383,24.982,0.042,0.023,21.01,0.135,0.012,-0.101,0.004,0.005,-0.101,0.005,0.005,0.134,-0.157,0.243,-0.008,-0.007,0.006,0.0,-0.0,-0.0,833.985,-0.0,0.0,-0.0,0.0,0.0,0.0,0.0,0.0,-0.677,0.7008,-0.2249,0.7303,0.6776,-0.0868,0.0916,-0.223,-0.9705,0.676,0.226,-0.7014,-0.7316,0.0917,-0.6755,-0.0884,0.9698,0.2273,0.0001,-0.0001,-0.0001,0.0,0.0,0.0,-0.0164,-0.0104,-0.0995,22.7711,18.6031,19.903,0.0,0.0433,-0.3624,0.0,0.0,0.0,4252864.5799,4245829.4515,-3042293.7992,3014.16,1861.6693,6827.1657,4252841.8088,4245810.8484,-3042313.7022,3014.1763,1861.6797,6827.2652,0.0,0.0765,3.9732,0.0,0.0,1.0,0.0,1.0,0.0,0.0,1.172,-23.972,0.0,1.0,0.0,0.0,0.0,-1.0,0.047885279575251516,0.006403124237432849,-0.12491,1.662356967884017,4.405000632058872,,
465.6401,24.962,0.043,0.024,20.989,0.136,0.013,-0.101,0.004,0.005,-0.101,0.005,0.005,0.133,-0.159,0.245,-0.008,-0.007,0.006,0.0,-0.0,-0.0,833.985,-0.0,0.0,-0.0,0.0,0.0,0.0,0.0,0.0,-0.677,0.7008,-0.2249,0.7303,0.6776,-0.0868,0.0916,-0.223,-0.9705,0.676,0.226,-0.7014,-0.7316,0.0917,-0.6755,-0.0884,0.9698,0.2273,0.0001,-0.0001,-0.0001,0.0,0.0,0.0,-0.0164,-0.0104,-0.0996,22.7679,18.601,19.8829,0.0,0.0433,-0.3624,0.0,0.0,0.0,4253471.1618,4246204.0587,-3040919.5372,3013.0433,1860.5546,6827.9642,4253448.394,4246185.4577,-3040939.4201,3013.0597,1860.5649,6828.0638,0.0,0.0765,3.9732,0.0,0.0,1.0,0.0,1.0,0.0,0.0,1.172,-23.972,0.0,1.0,0.0,0.0,0.0,-1.0,0.04924428900898052,0.006403124237432849,-0.12481,1.6644390499223152,4.401474092444703,,
465.8462,24.941,0.044,0.025,20.968,0.137,0.014,-0.101,0.004,0.005,-0.101,0.005,0.005,0.131,-0.16,0.246,-0.008,-0.007,0.006,0.0,-0.0,-0.0,833.985,-0.0,0.0,-0.0,0.0,0.0,0.0,0.0,0.0,-0.6769,0.7008,-0.2249,0.7303,0.6776,-0.0867,0.0916,-0.223,-0.9705,0.676,0.226,-0.7014,-0.7316,0.0917,-0.6755,-0.0884,0.9698,0.2273,0.0001,-0.0001,-0.0001,0.0,0.0,0.0,-0.0164,-0.0104,-0.0996,22.7645,18.5989,19.8625,0.0,0.0433,-0.3624,0.0,0.0,0.0,4254088.6269,4246585.2993,-3039519.9282,3011.9061,1859.4193,6828.777,4254065.8624,4246566.7004,-3039539.7907,3011.9225,1859.4296,6828.8766,0.0,0.0765,3.9732,0.0,0.0,1.0,0.0,1.0,0.0,0.0,1.172,-23.972,0.0,1.0,0.0,0.0,0.0,-1.0,0.05060632371551998,0.006403124237432849,-0.124705,1.6668688045105833,4.397771225849825,,
466.0478,24.921,0.045,0.026,20.948,0.138,0.015,-0.101,0.004,0.005,-0.101,0.005,0.005,0.129,-0.161,0.247,-0.008,-0.007,0.006,0.0,-0.0,-0.0,833.985,-0.0,0.0,-0.0,0.0,0.0,0.0,0.0,0.0,-0.6769,0.7008,-0.2249,0.7303,0.6776,-0.0867,0.0916,-0.2229,-0.9705,0.676,0.226,-0.7014,-0.7316,0.0917,-0.6755,-0.0884,0.9698,0.2273,0.0001,-0.0001,-0.0001,0.0,0.0,0.0,-0.0164,-0.0104,-0.0996,22.7612,18.5968,19.8424,0.0,0.0433,-0.3624,0.0,0.0,0.0,4254698.3633,4246961.681,-3038137.1542,3010.7825,1858.2977,6829.5796,4254675.6021,4246943.0842,-3038156.9966,3010.7989,1858.308,6829.6792,0.0,0.0765,3.9732,0.0,0.0,1.0,0.0,1.0,0.0,0.0,1.172,-23.972,0.0,1.0,0.0,0.0,0.0,-1.0,0.05197114584074513,0.006403124237432849,-0.124605,1.669293564687141,4.3942446862356555,,
466.2546,24.9,0.045,0.027,20.927,0.139,0.016,-0.101,0.004,0.005,-0.101,0.005,0.005,0.128,-0.163,0.249,-0.008,-0.007,0.006,0.0,-0.0,-0.0,833.985,-0.0,0.0,-0.0,0.0,0.0,0.0,0.0,0.0,-0.6769,0.7009,-0.2249,0.7303,0.6776,-0.0867,0.0917,-0.2229,-0.9705,0.676,0.226,-0.7014,-0.7316,0.0917,-0.6755,-0.0884,0.9698,0.2273,0.0001,-0.0001,-0.0001,0.0,0.0,0.0,-0.0164,-0.0104,-0.0996,22.7578,18.5947,19.8218,0.0,0.0433,-0.3624,0.0,0.0,0.0,4255321.7173,4247346.3787,-3036722.7989,3009.6332,1857.1505,6830.4,4255298.9595,4247327.784,-3036742.6207,3009.6496,1857.1609,6830.4996,0.0,0.0765,3.9732,0.0,0.0,1.0,0.0,1.0,0.0,0.0,1.172,-23.972,0.0,1.0,0.0,0.0,0.0,-1.0,0.052478567053607705,0.006403124237432849,-0.1245,1.6861151866494586,4.390541819640777,,
466.4584,24.879,0.046,0.028,20.906,0.14,0.017,-0.101,0.004,0.005,-0.101,0.005,0.005,0.126,-0.164,0.25,-0.008,-0.007,0.006,0.0,-0.0,-0.0,833.985,-0.0,0.0,-0.0,0.0,0.0,0.0,0.0,0.0,-0.6769,0.7009,-0.2249,0.7304,0.6775,-0.0866,0.0917,-0.2229,-0.9705,0.676,0.226,-0.7014,-0.7316,0.0917,-0.6755,-0.0884,0.9698,0.2273,0.0001,-0.0001,-0.0001,0.0,0.0,0.0,-0.0164,-0.0103,-0.0996,22.7545,18.5926,19.8015,0.0,0.0433,-0.3624,0.0,0.0,0.0,4255932.7104,4247723.3598,-3035335.8011,3008.5061,1856.0256,6831.2041,4255909.9559,4247704.7672,-3035355.6026,3008.5225,1856.0359,6831.3037,0.0,0.0765,3.9732,0.0,0.0,1.0,0.0,1.0,0.0,0.0,1.172,-23.972,0.0,1.0,0.0,0.0,0.0,-1.0,0.053851648071345036,0.006403124237432849,-0.124395,1.6885708054413529,4.3868389530459,,
466.6594,24.859,0.047,0.029,20.886,0.141,0.018,-0.101,0.004,0.005,-0.101,0.005,0.005,0.125,-0.165,0.251,-0.008,-0.007,0.006,0.0,-0.0,-0.0,833.985,-0.0,0.0,-0.0,0.0,0.0,0.0,0.0,0.0,-0.6769,0.7009,-0.2249,0.7304,0.6775,-0.0866,0.0917,-0.2229,-0.9705,0.676,0.226,-0.7014,-0.7316,0.0917,-0.6755,-0.0884,0.9698,0.2273,0.0001,-0.0001,-0.0001,0.0,0.0,0.0,-0.0164,-0.0103,-0.0996,22.7512,18.5905,19.7817,0.0,0.0433,-0.3624,0.0,0.0,0.0,4256533.1784,4248093.7624,-3033972.0262,3007.3978,1854.9195,6831.9943,4256510.4272,4248075.1719,-3033991.8079,3007.4142,1854.9298,6832.0939,0.0,0.0765,3.9732,0.0,0.0,1.0,0.0,1.0,0.0,0.0,1.172,-23.972,0.0,1.0,0.0,0.0,0.0,-1.0,0.055226805085936304,0.006403124237432849,-0.124295,1.6910210870184776,4.383312413431731,,
466.866,24.838,0.048,0.03,20.865,0.142,0.019,-0.101,0.004,0.005,-0.101,0.005,0.005,0.123,-0.167,0.252,-0.008,-0.007,0.006,0.0,-0.0,-0.0,833.985,-0.0,0.0,-0.0,0.0,0.0,0.0,0.0,0.0,-0.6768,0.7009,-0.2249,0.7304,0.6775,-0.0866,0.0917,-0.2229,-0.9705,0.676,0.226,-0.7014,-0.7316,0.0917,-0.6755,-0.0884,0.9698,0.2273,0.0001,-0.0001,-0.0001,0.0,0.0,0.0,-0.0164,-0.0103,-0.0996,22.7478,18.5884,19.7609,0.0,0.0433,-0.3624,0.0,0.0,0.0,4257159.7139,4248480.1545,-3032548.3475,3006.2409,1853.7648,6832.8187,4257136.9661,4248461.5661,-3032568.1084,3006.2572,1853.7752,6832.9183,0.0,0.0765,3.9732,0.0,0.0,1.0,0.0,1.0,0.0,0.0,1.172,-23.972,0.0,1.0,0.0,0.0,0.0,-1.0,0.056603886792339624,0.006403124237432849,-0.12419000000000001,1.693492859578677,4.379609546836853,,
467.0718,24.817,0.049,0.031,20.844,0.143,0.02,-0.101,0.004,0.005,-0.101,0.005,0.005,0.122,-0.168,0.254,-0.008,-0.007,0.006,0.0,-0.0,-0.0,833.985,-0.0,0.0,-0.0,0.0,0.0,0.0,0.0,0.0,-0.6768,0.701,-0.2249,0.7304,0.6775,-0.0865,0.0917,-0.2229,-0.9705,0.676,0.226,-0.7014,-0.7316,0.0917,-0.6755,-0.0884,0.9698,0.2273,0.0001,-0.0001,-0.0001,0.0,0.0,0.0,-0.0164,-0.0103,-0.0996,22.7444,18.5863,19.7403,0.0,0.0433,-0.3624,0.0,0.0,0.0,4257779.9878,4248862.5946,-3031138.1859,3005.0949,1852.6212,6833.6348,4257757.2434,4248844.0083,-3031157.9262,3005.1112,1852.6315,6833.7344,0.0,0.0765,3.9732,0.0,0.0,1.0,0.0,1.0,0.0,0.0,1.172,-23.972,0.0,1.0,0.0,0.0,0.0,-1.0,0.0579827560572969,0.006403124237432849,-0.124085,1.6959727881204218,4.375906680241975,,
467.2776,24.796,0.05,0.033,20.824,0.144,0.021,-0.101,0.004,0.005,-0.101,0.005,0.005,0.12,-0.17,0.255,-0.008,-0.007,0.006,0.0,-0.0,-0.0,833.985,-0.0,0.0,-0.0,0.0,0.0,0.0,0.0,0.0,-0.6768,0.701,-0.2249,0.7304,0.6775,-0.0865,0.0917,-0.2228,-0.9705,0.676,0.226,-0.7014,-0.7316,0.0917,-0.6755,-0.0884,0.9698,0.2273,0.0001,-0.0001,-0.0001,0.0,0.0,0.0,-0.0164,-0.0103,-0.0996,22.7411,18.5841,19.7199,0.0,0.0433,-0.3624,0.0,0.0,0.0,4258396.0383,4249242.3416,-3029736.924,3003.956,1851.4848,6834.4453,4258373.2972,4249223.7574,-3029756.6439,3003.9724,1851.4951,6834.5449,0.0,0.0765,3.9732,0.0,0.0,1.0,0.0,1.0,0.0,0.0,1.172,-23.972,0.0,1.0,0.0,0.0,0.0,-1.0,0.05990826320300064,0.006403124237432849,-0.12397999999999999,1.6997766484689278,4.372203813647097,,
467.4833,24.775,0.051,0.034,20.803,0.145,0.022,-0.101,0.004,0.005,-0.101,0.005,0.005,0.119,-0.171,0.256,-0.008,-0.007,0.006,0.0,-0.0,-0.0,833.985,-0.0,0.0,-0.0,0.0,0.0,0.0,0.0,0.0,-0.6768,0.701,-0.2249,0.7305,0.6774,-0.0865,0.0918,-0.2228,-0.9705,0.676,0.226,-0.7014,-0.7316,0.0917,-0.6755,-0.0884,0.9698,0.2273,0.0001,-0.0001,-0.0001,0.0,0.0,0.0,-0.0164,-0.0103,-0.0997,22.7376,18.582,19.6993,0.0,0.0433,-0.3624,0.0,0.0,0.0,4259016.7708,4249624.8842,-3028324.3103,3002.808,1850.3392,6835.2618,4258994.0332,4249606.3022,-3028344.0096,3002.8243,1850.3496,6835.3615,0.0,0.0765,3.9732,0.0,0.0,1.0,0.0,1.0,0.0,0.0,1.172,-23.972,0.0,1.0,0.0,0.0,0.0,-1.0,0.061294371682887816,0.006403124237432849,-0.123875,1.7022509749556698,4.36850094705222,,
467.6896,24.755,0.052,0.035,20.782,0.146,0.023,-0.101,0.004,0.005,-0.101,0.005,0.005,0.117,-0.172,0.257,-0.008,-0.007,0.006,0.0,-0.0,-0.0,833.985,-0.0,0.0,-0.0,0.0,0.0,0.0,0.0,0.0,-0.6767,0.701,-0.2249,0.7305,0.6774,-0.0864,0.0918,-0.2228,-0.9705,0.676,0.226,-0.7014,-0.7316,0.0917,-0.6755,-0.0884,0.9698,0.2273,0.0001,-0.0001,-0.0001,0.0,0.0,0.0,-0.0164,-0.0103,-0.0997,22.7343,18.5799,19.6788,0.0,0.0433,-0.3624,0.0,0.0,0.0,4259633.8513,4250005.0864,-3026919.3041,3001.6661,1849.1999,6836.0735,4259611.117,4249986.5065,-3026938.9829,3001.6824,1849.2102,6836.1732,0.0,0.0765,3.9732,0.0,0.0,1.0,0.0,1.0,0.0,0.0,1.172,-23.972,0.0,1.0,0.0,0.0,0.0,-1.0,0.06268173577685927,0.006403124237432849,-0.123775,1.704390222944012,4.3649744074380505,,
467.8914,24.734,0.052,0.036,20.761,0.147,0.024,-0.101,0.004,0.005,-0.101,0.005,0.005,0.116,-0.174,0.259,-0.008,-0.007,0.006,0.0,-0.0,-0.0,833.985,-0.0,0.0,-0.0,0.0,0.0,0.0,0.0,0.0,-0.6767,0.7011,-0.2249,0.7305,0.6774,-0.0864,0.0918,-0.2228,-0.9705,0.676,0.226,-0.7014,-0.7316,0.0917,-0.6755,-0.0884,0.9698,0.2273,0.0001,-0.0001,-0.0001,0.0,0.0,0.0,-0.0164,-0.0103,-0.0997,22.731,18.5778,19.6587,0.0,0.0433,-0.3624,0.0,0.0,0.0,4260238.41,4250377.4867,-3025542.1275,3000.5467,1848.0831,6836.8687,4260215.679,4250358.9089,-3025561.7863,3000.5631,1848.0934,6836.9684,0.0,0.0765,3.9732,0.0,0.0,1.0,0.0,1.0,0.0,0.0,1.172,-23.972,0.0,1.0,0.0,0.0,0.0,-1.0,0.06324555320336758,0.006403124237432849,-0.12367,1.7212608761393366,4.361271540843173,,
468.0991,24.713,0.053,0.037,20.74,0.148,0.025,-0.101,0.004,0.005,-0.101,0.005,0.005,0.114,-0.175,0.26,-0.008,-0.007,0.006,0.0,-0.0,-0.0,833.985,-0.0,0.0,-0.0,0.0,0.0,0.0,0.0,0.0,-0.6767,0.7011,-0.2249,0.7305,0.6774,-0.0864,0.0918,-0.2228,-0.9705,0.676,0.226,-0.7014,-0.7316,0.0917,-0.6755,-0.0884,0.9698,0.2273,0.0001,-0.0001,-0.0001,0.0,0.0,0.0,-0.0164,-0.0103,-0.0997,22.7276,18.5757,19.638,0.0,0.0433,-0.3624,0.0,0.0,0.0,4260860.9756,4250760.889,-3024123.2274,2999.3935,1846.9325,6837.6875,4260838.248,4250742.3132,-3024142.8654,2999.4098,1846.9429,6837.7872,0.0,0.0765,3.9732,0.0,0.0,1.0,0.0,1.0,0.0,0.0,1.172,-23.972,0.0,1.0,0.0,0.0,0.0,-1.0,0.06463745044476925,0.006403124237432849,-0.12356500000000001,1.72376139972815,4.357568674248295,,
468.2999,24.693,0.054,0.038,20.72,0.149,0.026,-0.101,0.004,0.005,-0.101,0.005,0.005,0.112,-0.176,0.261,-0.008,-0.007,0.006,0.0,-0.0,-0.0,833.985,-0.0,0.0,-0.0,0.0,0.0,0.0,0.0,0.0,-0.6767,0.7011,-0.2249,0.7306,0.6774,-0.0863,0.0918,-0.2227,-0.9705,0.676,0.226,-0.7014,-0.7316,0.0917,-0.6755,-0.0884,0.9698,0.2273,0.0001,-0.0001,-0.0001,0.0,0.0,0.0,-0.0163,-0.0103,-0.0997,22.7243,18.5737,19.618,0.0,0.0433,-0.3624,0.0,0.0,0.0,4261465.0915,4251132.8419,-3022745.6896,2998.2738,1845.8156,6838.4819,4261442.3672,4251114.2683,-3022765.3076,2998.2902,1845.8259,6838.5816,0.0,0.0765,3.9732,0.0,0.0,1.0,0.0,1.0,0.0,0.0,1.172,-23.972,0.0,1.0,0.0,0.0,0.0,-1.0,0.0660302960768767,0.006403124237432849,-0.123465,1.7262557602701438,4.354042134634126,,
468.5069,24.672,0.055,0.039,20.699,0.15,0.027,-0.101,0.004,0.005,-0.101,0.005,0.005,0.111,-0.178,0.263,-0.008,-0.007,0.006,0.0,-0.0,-0.0,833.985,-0.0,0.0,-0.0,0.0,0.0,0.0,0.0,0.0,-0.6766,0.7011,-0.2249,0.7306,0.6774,-0.0863,0.0918,-0.2227,-0.9705,0.676,0.226,-0.7014,-0.7316,0.0917,-0.6755,-0.0884,0.9698,0.2273,0.0001,-0.0001,-0.0001,0.0,0.0,0.0,-0.0163,-0.0103,-0.0997,22.7209,18.5715,19.5973,0.0,0.0433,-0.3624,0.0,0.0,0.0,4262084.9587,4251514.403,-3021331.5371,2997.1243,1844.6689,6839.297,4262062.2378,4251495.8315,-3021351.1344,2997.1407,1844.6792,6839.3967,0.0,0.0765,3.9732,0.0,0.0,1.0,0.0,1.0,0.0,0.0,1.172,-23.972,0.0,1.0,0.0,0.0,0.0,-1.0,0.06742403132415029,0.006403124237432849,-0.12336,1.7287726372337477,4.350339268039248,,
468.7074,24.651,0.056,0.04,20.679,0.151,0.028,-0.101,0.004,0.005,-0.101,0.005,0.005,0.109,-0.179,0.264,-0.008,-0.007,0.006,0.0,-0.0,-0.0,833.985,-0.0,0.0,-0.0,0.0,0.0,0.0,0.0,0.0,-0.6766,0.7011,-0.2249,0.7306,0.6773,-0.0863,0.0919,-0.2227,-0.9705,0.676,0.226,-0.7014,-0.7316,0.0917,-0.6755,-0.0884,0.9698,0.2273,0.0001,-0.0001,-0.0001,0.0,0.0,0.0,-0.0163,-0.0103,-0.0997,22.7177,18.5695,19.5774,0.0,0.0433,-0.3624,0.0,0.0,0.0,4262685.2745,4251883.8429,-3019961.3071,2996.0105,1843.5579,6840.0863,4262662.5568,4251865.2734,-3019980.8845,2996.0269,1843.5682,6840.186,0.0,0.0765,3.9732,0.0,0.0,1.0,0.0,1.0,0.0,0.0,1.172,-23.972,0.0,1.0,0.0,0.0,0.0,-1.0,0.06881860213634101,0.006403124237432849,-0.123255,1.7316298829907588,4.34663640144437,,
468.9102,24.631,0.057,0.041,20.658,0.152,0.029,-0.101,0.004,0.005,-0.101,0.005,0.005,0.108,-0.18,0.265,-0.008,-0.007,0.006,0.0,-0.0,-0.0,833.985,-0.0,0.0,-0.0,0.0,0.0,0.0,0.0,0.0,-0.6766,0.7012,-0.2249,0.7306,0.6773,-0.0862,0.0919,-0.2227,-0.9706,0.676,0.226,-0.7014,-0.7316,0.0917,-0.6755,-0.0884,0.9698,0.2273,0.0001,-0.0001,-0.0001,0.0,0.0,0.0,-0.0163,-0.0103,-0.0997,22.7144,18.5674,19.5572,0.0,0.0433,-0.3624,0.0,0.0,0.0,4263290.905,4252256.4667,-3018578.2733,2994.8863,1842.4365,6840.8826,4263268.1906,4252237.8993,-3018597.8305,2994.9026,1842.4469,6840.9823,0.0,0.0765,3.9732,0.0,0.0,1.0,0.0,1.0,0.0,0.0,1.172,-23.972,0.0,1.0,0.0,0.0,0.0,-1.0,0.07021395872616784,0.006403124237432849,-0.123155,1.733816422475614,4.343109861830201,,
469.1144,24.61,0.058,0.042,20.637,0.153,0.029,-0.101,0.004,0.005,-0.101,0.005,0.005,0.106,-0.182,0.266,-0.008,-0.007,0.006,0.0,-0.0,-0.0,833.985,-0.0,0.0,-0.0,0.0,0.0,0.0,0.0,0.0,-0.6766,0.7012,-0.2249,0.7306,0.6773,-0.0862,0.0919,-0.2227,-0.9706,0.676,0.226,-0.7014,-0.7316,0.0917,-0.6755,-0.0884,0.9698,0.2273,0.0001,-0.0001,-0.0001,0.0,0.0,0.0,-0.0163,-0.0103,-0.0998,22.711,18.5653,19.5367,0.0,0.0433,-0.3624,0.0,0.0,0.0,4263907.2623,4252635.6015,-3017170.0412,2993.7416,1841.2948,6841.6928,4263884.5513,4252617.0362,-3017189.5779,2993.7579,1841.3051,6841.7926,0.0,0.0765,3.9732,0.0,0.0,1.0,0.0,1.0,0.0,0.0,1.172,-23.972,0.0,1.0,0.0,0.0,0.0,-1.0,0.07161005515987263,0.006403124237432849,-0.12304999999999999,1.7374220973955228,4.339406995235323,,
469.3169,24.59,0.058,0.043,20.617,0.154,0.03,-0.101,0.004,0.005,-0.101,0.005,0.005,0.105,-0.183,0.268,-0.008,-0.007,0.006,0.0,-0.0,-0.0,833.985,-0.0,0.0,-0.0,0.0,0.0,0.0,0.0,0.0,-0.6765,0.7012,-0.2249,0.7307,0.6773,-0.0862,0.0919,-0.2226,-0.9706,0.676,0.226,-0.7014,-0.7316,0.0917,-0.6755,-0.0884,0.9698,0.2273,0.0001,-0.0001,-0.0001,0.0,0.0,0.0,-0.0163,-0.0103,-0.0998,22.7077,18.5632,19.5165,0.0,0.0433,-0.3624,0.0,0.0,0.0,4264511.1555,4253006.9816,-3015789.6057,2992.6194,1840.1756,6842.4867,4264488.4478,4252988.4184,-3015809.1222,2992.6357,1840.1859,6842.5864,0.0,0.0765,3.9732,0.0,0.0,1.0,0.0,1.0,0.0,0.0,1.172,-23.972,0.0,1.0,0.0,0.0,0.0,-1.0,0.0722011080247388,0.006403124237432849,-0.12295,1.754313022166986,4.335880455621154,,
469.5218,24.569,0.059,0.044,20.596,0.155,0.031,-0.101,0.004,0.005,-0.101,0.005,0.005,0.103,-0.185,0.269,-0.008,-0.007,0.006,0.0,-0.0,-0.0,833.985,-0.0,0.0,-0.0,0.0,0.0,0.0,0.0,0.0,-0.6765,0.7012,-0.2249,0.7307,0.6773,-0.0861,0.0919,-0.2226,-0.9706,0.676,0.226,-0.7014,-0.7316,0.0917,-0.6755,-0.0884,0.9698,0.2273,0.0001,-0.0001,-0.0001,0.0,0.0,0.0,-0.0163,-0.0103,-0.0998,22.7043,18.5611,19.496,0.0,0.0433,-0.3624,0.0,0.0,0.0,4265126.0982,4253385.0682,-3014383.2122,2991.4761,1839.0354,6843.2949,4265103.3939,4253366.5071,-3014402.7082,2991.4924,1839.0457,6843.3947,0.0,0.0765,3.9732,0.0,0.0,1.0,0.0,1.0,0.0,0.0,1.172,-23.972,0.0,1.0,0.0,0.0,0.0,-1.0,0.07360027173862879,0.006403124237432849,-0.122845,1.7568475466160556,4.3321775890262755,,
469.7304,24.548,0.06,0.045,20.575,0.155,0.032,-0.101,0.004,0.005,-0.101,0.005,0.005,0.102,-0.186,0.27,-0.008,-0.007,0.006,0.0,-0.0,-0.0,833.985,-0.0,0.0,-0.0,0.0,0.0,0.0,0.0,0.0,-0.6765,0.7013,-0.2249,0.7307,0.6773,-0.0861,0.0919,-0.2226,-0.9706,0.676,0.226,-0.7014,-0.7316,0.0917,-0.6755,-0.0884,0.9698,0.2273,0.0001,-0.0001,-0.0001,0.0,0.0,0.0,-0.0163,-0.0103,-0.0998,22.701,18.559,19.4754,0.0,0.0433,-0.3624,0.0,0.0,0.0,4265743.8721,4253764.8047,-3012969.6377,2990.3269,1837.8894,6844.1069,4265721.1711,4253746.2457,-3012989.1131,2990.3432,1837.8997,6844.2067,0.0,0.0765,3.9732,0.0,0.0,1.0,0.0,1.0,0.0,0.0,1.172,-23.972,0.0,1.0,0.0,0.0,0.0,-1.0,0.075,0.006403124237432849,-0.12273999999999999,1.7426287777753606,4.328474722431398,,
469.9358,24.527,0.061,0.047,20.554,0.157,0.033,-0.101,0.004,0.005,-0.101,0.005,0.005,0.1,-0.187,0.272,-0.008,-0.007,0.006,0.0,-0.0,-0.0,833.985,-0.0,0.0,-0.0,0.0,0.0,0.0,0.0,0.0,-0.6765,0.7013,-0.2249,0.7307,0.6772,-0.0861,0.092,-0.2226,-0.9706,0.676,0.226,-0.7014,-0.7316,0.0917,-0.6755,-0.0884,0.9698,0.2273,0.0001,-0.0001,-0.0001,0.0,0.0,0.0,-0.0163,-0.0103,-0.0998,22.6976,18.5569,19.4547,0.0,0.0433,-0.3624,0.0,0.0,0.0,4266363.6133,4254145.6594,-3011550.8449,2989.1734,1836.7392,6844.9213,4266340.9157,4254127.1025,-3011570.2997,2989.1898,1836.7495,6845.0211,0.0,0.0765,3.9732,0.0,0.0,1.0,0.0,1.0,0.0,0.0,1.172,-23.972,0.0,1.0,0.0,0.0,0.0,-1.0,0.07700649323271382,0.006403124237432849,-0.12263500000000001,1.762889311915242,4.324771855836521,,
470.1436,24.506,0.062,0.048,20.533,0.157,0.034,-0.101,0.004,0.005,-0.101,0.005,0.005,0.099,-0.189,0.273,-0.008,-0.007,0.006,0.0,-0.0,-0.0,833.985,-0.0,0.0,-0.0,0.0,0.0,0.0,0.0,0.0,-0.6764,0.7013,-0.2249,0.7307,0.6772,-0.086,0.092,-0.2226,-0.9706,0.676,0.226,-0.7014,-0.7316,0.0917,-0.6755,-0.0884,0.9698,0.2273,0.0001,-0.0001,-0.0001,0.0,0.0,0.0,-0.0163,-0.0103,-0.0998,22.6942,18.5548,19.4341,0.0,0.0433,-0.3624,0.0,0.0,0.0,4266981.1958,4254525.0963,-3010136.2822,2988.0234,1835.5925,6845.7329,4266958.5015,4254506.5415,-3010155.7162,2988.0397,1835.6028,6845.8327,0.0,0.0765,3.9732,0.0,0.0,1.0,0.0,1.0,0.0,0.0,1.172,-23.972,0.0,1.0,0.0,0.0,0.0,-1.0,0.07840918313565064,0.006403124237432849,-0.12253,1.7486674343951008,4.321068989241643,,
470.3505,24.485,0.063,0.049,20.512,0.158,0.035,-0.101,0.004,0.005,-0.101,0.005,0.005,0.097,-0.19,0.274,-0.008,-0.007,0.006,0.0,-0.0,-0.0,833.985,-0.0,0.0,-0.0,0.0,0.0,0.0,0.0,0.0,-0.6764,0.7013,-0.2249,0.7308,0.6772,-0.086,0.092,-0.2225,-0.9706,0.676,0.226,-0.7014,-0.7316,0.0917,-0.6755,-0.0884,0.9698,0.2273,0.0001,-0.0001,-0.0001,0.0,0.0,0.0,-0.0163,-0.0103,-0.0998,22.6908,18.5527,19.4134,0.0,0.0433,-0.3624,0.0,0.0,0.0,4267601.1159,4254905.8778,-3008715.649,2986.8684,1834.4409,6846.5474,4267578.4251,4254887.3252,-3008735.0624,2986.8847,1834.4512,6846.6473,0.0,0.0765,3.9732,0.0,0.0,1.0,0.0,1.0,0.0,0.0,1.172,-23.972,0.0,1.0,0.0,0.0,0.0,-1.0,0.07981227975693966,0.006403124237432849,-0.12242499999999999,1.7512101167131664,4.317366122646765,,
470.556,24.464,0.064,0.05,20.491,0.159,0.036,-0.101,0.004,0.005,-0.101,0.005,0.005,0.095,-0.191,0.275,-0.008,-0.007,0.006,0.0,-0.0,-0.0,833.985,-0.0,0.0,-0.0,0.0,0.0,0.0,0.0,0.0,-0.6764,0.7014,-0.2249,0.7308,0.6772,-0.086,0.092,-0.2225,-0.9706,0.676,0.226,-0.7014,-0.7316,0.0917,-0.6755,-0.0884,0.9698,0.2273,0.0001,-0.0001,-0.0001,0.0,0.0,0.0,-0.0163,-0.0103,-0.0998,22.6875,18.5506,19.3928,0.0,0.0433,-0.3624,0.0,0.0,0.0,4268217.1341,4255284.1717,-3007303.2456,2985.72,1833.296,6847.3568,4268194.4466,4255265.6212,-3007322.6384,2985.7363,1833.3063,6847.4566,0.0,0.0765,3.9732,0.0,0.0,1.0,0.0,1.0,0.0,0.0,1.172,-23.972,0.0,1.0,0.0,0.0,0.0,-1.0,0.08121576201698781,0.006403124237432849,-0.12232,1.7537612366035098,4.313663256051887,,
470.759,24.443,0.065,0.051,20.471,0.16,0.037,-0.101,0.004,0.005,-0.101,0.005,0.005,0.094,-0.193,0.277,-0.008,-0.007,0.006,0.0,-0.0,-0.0,833.985,-0.0,0.0,-0.0,0.0,0.0,0.0,0.0,0.0,-0.6764,0.7014,-0.2249,0.7308,0.6772,-0.0859,0.092,-0.2225,-0.9706,0.676,0.226,-0.7014,-0.7316,0.0917,-0.6755,-0.0884,0.9698,0.2273,0.0001,-0.0001,-0.0001,0.0,0.0,0.0,-0.0163,-0.0103,-0.0998,22.6842,18.5485,19.3727,0.0,0.0433,-0.3624,0.0,0.0,0.0,4268818.0029,4255653.0752,-3005924.8909,2984.5993,1832.1787,6848.1462,4268795.3187,4255634.5267,-3005944.2636,2984.6156,1832.189,6848.246,0.0,0.0765,3.9732,0.0,0.0,1.0,0.0,1.0,0.0,0.0,1.172,-23.972,0.0,1.0,0.0,0.0,0.0,-1.0,0.08261961026293939,0.006403124237432849,-0.122215,1.7566523665813882,4.30996038945701,,
470.9595,24.423,0.066,0.052,20.45,0.161,0.038,-0.101,0.004,0.005,-0.101,0.005,0.005,0.092,-0.194,0.278,-0.008,-0.007,0.006,0.0,-0.0,-0.0,833.985,-0.0,0.0,-0.0,0.0,0.0,0.0,0.0,0.0,-0.6763,0.7014,-0.2249,0.7308,0.6771,-0.0859,0.0921,-0.2225,-0.9706,0.676,0.226,-0.7014,-0.7316,0.0917,-0.6755,-0.0884,0.9698,0.2273,0.0001,-0.0001,-0.0001,0.0,0.0,0.0,-0.0163,-0.0103,-0.0999,22.6809,18.5465,19.3526,0.0,0.0433,-0.3624,0.0,0.0,0.0,4269417.2444,4256020.8933,-3004549.5962,2983.4811,1831.064,6848.9334,4269394.5635,4256002.3469,-3004568.9488,2983.4974,1831.0742,6849.0332,0.0,0.0765,3.9732,0.0,0.0,1.0,0.0,1.0,0.0,0.0,1.172,-23.972,0.0,1.0,0.0,0.0,0.0,-1.0,0.08402380615040002,0.006403124237432849,-0.12211499999999999,1.7588730011921472,4.30643384984284,,
471.1613,24.403,0.066,0.053,20.43,0.162,0.039,-0.101,0.004,0.005,-0.101,0.005,0.005,0.091,-0.195,0.279,-0.008,-0.007,0.006,0.0,-0.0,-0.0,833.985,-0.0,0.0,-0.0,0.0,0.0,0.0,0.0,0.0,-0.6763,0.7014,-0.2249,0.7308,0.6771,-0.0859,0.0921,-0.2225,-0.9706,0.676,0.226,-0.7014,-0.7316,0.0917,-0.6755,-0.0884,0.9698,0.2273,0.0001,-0.0001,-0.0001,0.0,0.0,0.0,-0.0163,-0.0103,-0.0999,22.6776,18.5444,19.3325,0.0,0.0433,-0.3624,0.0,0.0,0.0,4270019.2751,4256390.3368,-3003167.222,2982.3571,1829.9435,6849.7241,4269996.5975,4256371.7924,-3003186.5545,2982.3734,1829.9538,6849.824,0.0,0.0765,3.9732,0.0,0.0,1.0,0.0,1.0,0.0,0.0,1.172,-23.972,0.0,1.0,0.0,0.0,0.0,-1.0,0.08464632301523795,0.006403124237432849,-0.122015,1.7758191838617143,4.302907310228671,,
471.3616,24.382,0.067,0.054,20.409,0.163,0.04,-0.101,0.004,0.005,-0.101,0.005,0.005,0.089,-0.197,0.28,-0.008,-0.007,0.006,0.0,-0.0,-0.0,833.985,-0.0,0.0,-0.0,0.0,0.0,0.0,0.0,0.0,-0.6763,0.7015,-0.2249,0.7309,0.6771,-0.0858,0.0921,-0.2224,-0.9706,0.676,0.226,-0.7014,-0.7316,0.0917,-0.6755,-0.0884,0.9698,0.2273,0.0001,-0.0001,-0.0001,0.0,0.0,0.0,-0.0163,-0.0103,-0.0999,22.6743,18.5423,19.3124,0.0,0.0433,-0.3624,0.0,0.0,0.0,4270617.9417,4256757.6296,-3001791.8967,2981.2387,1828.8288,6850.5104,4270595.2673,4256739.0872,-3001811.2091,2981.255,1828.839,6850.6103,0.0,0.0765,3.9732,0.0,0.0,1.0,0.0,1.0,0.0,0.0,1.172,-23.972,0.0,1.0,0.0,0.0,0.0,-1.0,0.08605230967266364,0.006403124237432849,-0.12191,1.7784052509485153,4.299204443633793,,
471.5627,24.362,0.068,0.055,20.389,0.164,0.041,-0.102,0.004,0.005,-0.101,0.005,0.005,0.088,-0.198,0.282,-0.008,-0.007,0.006,0.0,-0.0,-0.0,833.985,-0.0,0.0,-0.0,0.0,0.0,0.0,0.0,0.0,-0.6763,0.7015,-0.2249,0.7309,0.6771,-0.0858,0.0921,-0.2224,-0.9706,0.676,0.226,-0.7014,-0.7316,0.0917,-0.6755,-0.0884,0.9698,0.2273,0.0001,-0.0001,-0.0001,0.0,0.0,0.0,-0.0163,-0.0103,-0.0999,22.6711,18.5403,19.2924,0.0,0.0433,-0.3624,0.0,0.0,0.0,4271214.9158,4257123.7984,-3000419.7875,2980.123,1827.7167,6851.2944,4271192.2448,4257105.2581,-3000439.0799,2980.1393,1827.727,6851.3943,0.0,0.0765,3.9732,0.0,0.0,1.0,0.0,1.0,0.0,0.0,1.172,-23.972,0.0,1.0,0.0,0.0,0.0,-1.0,0.08745856161634492,0.006403124237432849,-0.12180999999999999,1.7809835595441885,4.295677904019623,,
471.7632,24.342,0.069,0.056,20.369,0.165,0.042,-0.102,0.004,0.005,-0.102,0.005,0.005,0.086,-0.199,0.283,-0.008,-0.007,0.006,0.0,-0.0,-0.0,833.985,-0.0,0.0,-0.0,0.0,0.0,0.0,0.0,0.0,-0.6762,0.7015,-0.2249,0.7309,0.6771,-0.0858,0.0921,-0.2224,-0.9706,0.676,0.226,-0.7014,-0.7316,0.0917,-0.6755,-0.0884,0.9698,0.2273,0.0001,-0.0001,-0.0001,0.0,0.0,0.0,-0.0163,-0.0103,-0.0999,22.6678,18.5383,19.2724,0.0,0.0433,-0.3624,0.0,0.0,0.0,4271811.545,4257489.6698,-2999047.8026,2979.0073,1826.6047,6852.0779,4271788.8772,4257471.1316,-2999067.075,2979.0236,1826.615,6852.1778,0.0,0.0765,3.9732,0.0,0.0,1.0,0.0,1.0,0.0,0.0,1.172,-23.972,0.0,1.0,0.0,0.0,0.0,-1.0,0.08886506625215558,0.006403124237432849,-0.12171,1.7835701021607482,4.292151364405454,,
471.9638,24.321,0.07,0.057,20.349,0.166,0.043,-0.102,0.004,0.005,-0.102,0.005,0.005,0.085,-0.201,0.284,-0.008,-0.007,0.006,0.0,-0.0,-0.0,833.985,-0.0,0.0,-0.0,0.0,0.0,0.0,0.0,0.0,-0.6762,0.7015,-0.2249,0.7309,0.6771,-0.0858,0.0921,-0.2224,-0.9706,0.676,0.226,-0.7014,-0.7316,0.0917,-0.6755,-0.0884,0.9698,0.2273,0.0001,-0.0001,-0.0001,0.0,0.0,0.0,-0.0163,-0.0102,-0.0999,22.6645,18.5362,19.2524,0.0,0.0433,-0.3624,0.0,0.0,0.0,4272407.5543,4257855.0756,-2997676.5727,2977.8922,1825.4934,6852.8606,4272384.8897,4257836.5394,-2997695.8251,2977.9085,1825.5037,6852.9605,0.0,0.0765,3.9732,0.0,0.0,1.0,0.0,1.0,0.0,0.0,1.172,-23.972,0.0,1.0,0.0,0.0,0.0,-1.0,0.09027181176868004,0.006403124237432849,-0.121605,1.7865155052718023,4.288448497810577,,
472.1708,24.3,0.071,0.058,20.327,0.167,0.044,-0.102,0.004,0.005,-0.102,0.005,0.005,0.083,-0.202,0.286,-0.008,-0.007,0.006,0.0,-0.0,-0.0,833.985,-0.0,0.0,-0.0,0.0,0.0,0.0,0.0,0.0,-0.6762,0.7015,-0.2249,0.7309,0.677,-0.0857,0.0922,-0.2224,-0.9706,0.676,0.226,-0.7014,-0.7316,0.0917,-0.6755,-0.0884,0.9698,0.2273,0.0001,-0.0001,-0.0001,0.0,0.0,0.0,-0.0163,-0.0102,-0.0999,22.6611,18.5341,19.2316,0.0,0.0433,-0.3624,0.0,0.0,0.0,4273027.9028,4258235.3129,-2996248.6303,2976.731,1824.3362,6853.6751,4273005.2417,4258216.7787,-2996267.8619,2976.7473,1824.3464,6853.775,0.0,0.0765,3.9732,0.0,0.0,1.0,0.0,1.0,0.0,0.0,1.172,-23.972,0.0,1.0,0.0,0.0,0.0,-1.0,0.09167878707749137,0.006403124237432849,-0.1215,1.788801202728719,4.284745631215699,,
472.3784,24.279,0.072,0.059,20.306,0.168,0.045,-0.102,0.004,0.005,-0.102,0.005,0.005,0.082,-0.204,0.287,-0.008,-0.007,0.006,0.0,-0.0,-0.0,833.985,-0.0,0.0,-0.0,0.0,0.0,0.0,0.0,0.0,-0.6762,0.7016,-0.2249,0.731,0.677,-0.0857,0.0922,-0.2224,-0.9706,0.676,0.226,-0.7014,-0.7316,0.0917,-0.6755,-0.0884,0.9698,0.2273,0.0001,-0.0001,-0.0001,0.0,0.0,0.0,-0.0163,-0.0102,-0.0999,22.6577,18.532,19.2109,0.0,0.0433,-0.3624,0.0,0.0,0.0,4273643.607,4258612.6112,-2994830.6629,2975.5779,1823.1871,6854.4834,4273620.9492,4258594.0792,-2994849.8738,2975.5942,1823.1973,6854.5833,0.0,0.0765,3.9732,0.0,0.0,1.0,0.0,1.0,0.0,0.0,1.172,-23.972,0.0,1.0,0.0,0.0,0.0,-1.0,0.0930859817588019,0.006403124237432849,-0.121395,1.791429555653577,4.281042764620821,,
472.5842,24.258,0.073,0.061,20.285,0.169,0.046,-0.102,0.004,0.005,-0.102,0.005,0.005,0.08,-0.205,0.288,-0.008,-0.007,0.006,0.0,-0.0,-0.0,833.985,-0.0,0.0,-0.0,0.0,0.0,0.0,0.0,0.0,-0.6761,0.7016,-0.2249,0.731,0.677,-0.0857,0.0922,-0.2223,-0.9706,0.676,0.226,-0.7014,-0.7316,0.0917,-0.6755,-0.0884,0.9698,0.2273,0.0001,-0.0001,-0.0001,0.0,0.0,0.0,-0.0163,-0.0102,-0.0999,22.6544,18.5299,19.1901,0.0,0.0433,-0.3624,0.0,0.0,0.0,4274262.0575,4258991.5002,-2993405.6492,2974.419,1822.0323,6855.2953,4274239.4031,4258972.9704,-2993424.8394,2974.4353,1822.0425,6855.3952,0.0,0.0765,3.9732,0.0,0.0,1.0,0.0,1.0,0.0,0.0,1.172,-23.972,0.0,1.0,0.0,0.0,0.0,-1.0,0.09513148795220223,0.006403124237432849,-0.12129,1.7948539566979291,4.277339898025943,,
472.7866,24.238,0.074,0.062,20.265,0.17,0.047,-0.102,0.004,0.005,-0.102,0.005,0.005,0.079,-0.206,0.289,-0.008,-0.007,0.006,0.0,-0.0,-0.0,833.985,-0.0,0.0,-0.0,0.0,0.0,0.0,0.0,0.0,-0.6761,0.7016,-0.2249,0.731,0.677,-0.0856,0.0922,-0.2223,-0.9706,0.676,0.226,-0.7014,-0.7316,0.0917,-0.6755,-0.0884,0.9698,0.2273,0.0001,-0.0001,-0.0001,0.0,0.0,0.0,-0.0163,-0.0102,-0.1,22.6511,18.5278,19.17,0.0,0.0433,-0.3624,0.0,0.0,0.0,4274861.2588,4259358.5082,-2992024.2978,2973.2955,1820.9129,6856.0818,4274838.6077,4259339.9804,-2992043.4678,2973.3118,1820.9231,6856.1818,0.0,0.0765,3.9732,0.0,0.0,1.0,0.0,1.0,0.0,0.0,1.172,-23.972,0.0,1.0,0.0,0.0,0.0,-1.0,0.09654014708917735,0.006403124237432849,-0.12118999999999999,1.7974611388052355,4.273813358411774,,
472.9872,24.217,0.075,0.063,20.244,0.171,0.048,-0.102,0.004,0.005,-0.102,0.005,0.005,0.077,-0.208,0.291,-0.008,-0.007,0.006,0.0,-0.0,-0.0,833.985,-0.0,0.0,-0.0,0.0,0.0,0.0,0.0,0.0,-0.6761,0.7016,-0.2249,0.731,0.677,-0.0856,0.0922,-0.2223,-0.9706,0.676,0.226,-0.7014,-0.7316,0.0917,-0.6755,-0.0884,0.9698,0.2273,0.0001,-0.0001,-0.0001,0.0,0.0,0.0,-0.0163,-0.0102,-0.1,22.6478,18.5258,19.15,0.0,0.0433,-0.3624,0.0,0.0,0.0,4275455.7744,4259722.5606,-2990653.0725,2972.1803,1819.8017,6856.8621,4275433.1266,4259704.0348,-2990672.2225,2972.1966,1819.812,6856.9621,0.0,0.0765,3.9732,0.0,0.0,1.0,0.0,1.0,0.0,0.0,1.172,-23.972,0.0,1.0,0.0,0.0,0.0,-1.0,0.09794896630388705,0.006403124237432849,-0.121085,1.8000937834869115,4.270110491816896,,
473.1881,24.197,0.075,0.064,20.224,0.172,0.049,-0.102,0.004,0.005,-0.102,0.005,0.005,0.076,-0.209,0.292,-0.008,-0.007,0.006,0.0,-0.0,-0.0,833.985,-0.0,0.0,-0.0,0.0,0.0,0.0,0.0,0.0,-0.6761,0.7017,-0.2249,0.731,0.677,-0.0856,0.0922,-0.2223,-0.9706,0.676,0.226,-0.7014,-0.7316,0.0917,-0.6755,-0.0884,0.9698,0.2273,0.0001,-0.0001,-0.0001,0.0,0.0,0.0,-0.0163,-0.0102,-0.1,22.6445,18.5237,19.1297,0.0,0.0433,-0.3624,0.0,0.0,0.0,4276058.0809,4260091.2959,-2989263.1982,2971.0499,1818.6755,6857.6526,4276035.4363,4260072.7721,-2989282.3279,2971.0662,1818.6857,6857.7526,0.0,0.0765,3.9732,0.0,0.0,1.0,0.0,1.0,0.0,0.0,1.172,-23.972,0.0,1.0,0.0,0.0,0.0,-1.0,0.09859513172565874,0.006403124237432849,-0.120985,1.8171094046600762,4.266583952202727,,
473.3953,24.176,0.076,0.065,20.203,0.173,0.05,-0.102,0.004,0.005,-0.102,0.005,0.005,0.074,-0.21,0.293,-0.008,-0.007,0.006,0.0,-0.0,-0.0,833.985,-0.0,0.0,-0.0,0.0,0.0,0.0,0.0,0.0,-0.6761,0.7017,-0.2249,0.7311,0.6769,-0.0855,0.0923,-0.2223,-0.9706,0.676,0.226,-0.7014,-0.7316,0.0917,-0.6755,-0.0884,0.9698,0.2273,0.0001,-0.0001,-0.0001,0.0,0.0,0.0,-0.0163,-0.0102,-0.1,22.6412,18.5216,19.1092,0.0,0.0433,-0.3624,0.0,0.0,0.0,4276669.0938,4260465.2715,-2987852.5271,2969.9025,1817.5324,6858.4545,4276646.4527,4260446.7498,-2987871.6363,2969.9188,1817.5427,6858.5545,0.0,0.0765,3.9732,0.0,0.0,1.0,0.0,1.0,0.0,0.0,1.172,-23.972,0.0,1.0,0.0,0.0,0.0,-1.0,0.10000499987500625,0.006403124237432849,-0.12087999999999999,1.819760314793019,4.262881085607849,,
473.6002,24.155,0.077,0.066,20.182,0.174,0.051,-0.102,0.004,0.005,-0.102,0.005,0.005,0.073,-0.212,0.295,-0.008,-0.007,0.006,0.0,-0.0,-0.0,833.985,-0.0,0.0,-0.0,0.0,0.0,0.0,0.0,0.0,-0.676,0.7017,-0.2249,0.7311,0.6769,-0.0855,0.0923,-0.2222,-0.9706,0.676,0.226,-0.7014,-0.7316,0.0917,-0.6755,-0.0884,0.9698,0.2273,0.0001,-0.0001,-0.0001,0.0,0.0,0.0,-0.0163,-0.0102,-0.1,22.6378,18.5196,19.0886,0.0,0.0433,-0.3624,0.0,0.0,0.0,4277278.8608,4260838.394,-2986444.0244,2968.7569,1816.3912,6859.2546,4277256.2229,4260819.8745,-2986463.113,2968.7732,1816.4014,6859.3546,0.0,0.0765,3.9732,0.0,0.0,1.0,0.0,1.0,0.0,0.0,1.172,-23.972,0.0,1.0,0.0,0.0,0.0,-1.0,0.10141498903022177,0.006403124237432849,-0.12077500000000001,1.8224198498472926,4.259178219012972,,
473.8081,24.134,0.078,0.067,20.161,0.175,0.052,-0.102,0.004,0.005,-0.102,0.005,0.005,0.071,-0.213,0.296,-0.008,-0.007,0.006,0.0,-0.0,-0.0,833.985,-0.0,0.0,-0.0,0.0,0.0,0.0,0.0,0.0,-0.676,0.7017,-0.2249,0.7311,0.6769,-0.0855,0.0923,-0.2222,-0.9706,0.676,0.226,-0.7014,-0.7316,0.0917,-0.6755,-0.0884,0.9698,0.2273,0.0001,-0.0001,-0.0001,0.0,0.0,0.0,-0.0163,-0.0102,-0.1,22.6345,18.5175,19.0679,0.0,0.0433,-0.3624,0.0,0.0,0.0,4277893.281,4261214.2727,-2985024.055,2967.6019,1815.2407,6860.0608,4277870.6465,4261195.7552,-2985043.123,2967.6182,1815.2509,6860.1608,0.0,0.0765,3.9732,0.0,0.0,1.0,0.0,1.0,0.0,0.0,1.172,-23.972,0.0,1.0,0.0,0.0,0.0,-1.0,0.10282509421342632,0.006403124237432849,-0.12067,1.8250880260373024,4.2554753524180935,,
474.0091,24.113,0.079,0.068,20.141,0.176,0.053,-0.102,0.004,0.005,-0.102,0.005,0.005,0.069,-0.214,0.297,-0.008,-0.007,0.006,0.0,-0.0,-0.0,833.985,-0.0,0.0,-0.0,0.0,0.0,0.0,0.0,0.0,-0.676,0.7018,-0.2249,0.7311,0.6769,-0.0854,0.0923,-0.2222,-0.9706,0.676,0.226,-0.7014,-0.7316,0.0917,-0.6755,-0.0884,0.9698,0.2273,0.0001,-0.0001,-0.0001,0.0,0.0,0.0,-0.0163,-0.0102,-0.1,22.6312,18.5154,19.0478,0.0,0.0433,-0.3624,0.0,0.0,0.0,4278491.0479,4261579.8748,-2983641.8862,2966.4776,1814.1208,6860.845,4278468.4167,4261561.3594,-2983660.934,2966.4939,1814.131,6860.9451,0.0,0.0765,3.9732,0.0,0.0,1.0,0.0,1.0,0.0,0.0,1.172,-23.972,0.0,1.0,0.0,0.0,0.0,-1.0,0.10423531071570709,0.006403124237432849,-0.12056499999999999,1.8281012270075603,4.251772485823216,,
474.2101,24.093,0.08,0.069,20.12,0.177,0.054,-0.102,0.004,0.005,-0.102,0.005,0.005,0.068,-0.216,0.298,-0.008,-0.007,0.006,0.0,-0.0,-0.0,833.985,-0.0,0.0,-0.0,0.0,0.0,0.0,0.0,0.0,-0.676,0.7018,-0.2249,0.7311,0.6769,-0.0854,0.0923,-0.2222,-0.9706,0.676,0.226,-0.7014,-0.7316,0.0917,-0.6755,-0.0884,0.9698,0.2273,0.0001,-0.0001,-0.0001,0.0,0.0,0.0,-0.0163,-0.0102,-0.1,22.6279,18.5134,19.0278,0.0,0.0433,-0.3624,0.0,0.0,0.0,4279084.0769,4261942.4931,-2982269.9972,2965.3617,1813.0093,6861.623,4279061.449,4261923.9798,-2982289.025,2965.3779,1813.0195,6861.7231,0.0,0.0765,3.9732,0.0,0.0,1.0,0.0,1.0,0.0,0.0,1.172,-23.972,0.0,1.0,0.0,0.0,0.0,-1.0,0.10564563407921787,0.006403124237432849,-0.120465,1.830432423375193,4.248245946209047,,
474.4125,24.072,0.081,0.07,20.1,0.178,0.055,-0.102,0.004,0.005,-0.102,0.005,0.005,0.066,-0.217,0.3,-0.008,-0.007,0.006,0.0,-0.0,-0.0,833.985,-0.0,0.0,-0.0,0.0,0.0,0.0,0.0,0.0,-0.6759,0.7018,-0.2249,0.7312,0.6769,-0.0854,0.0923,-0.2222,-0.9706,0.676,0.226,-0.7014,-0.7316,0.0917,-0.6755,-0.0884,0.9698,0.2273,0.0001,-0.0001,-0.0001,0.0,0.0,0.0,-0.0163,-0.0102,-0.1001,22.6246,18.5113,19.0074,0.0,0.0433,-0.3624,0.0,0.0,0.0,4279688.2275,4262311.8232,-2980871.694,2964.2242,1811.8764,6862.4155,4279665.6029,4262293.3119,-2980890.7013,2964.2405,1811.8866,6862.5156,0.0,0.0765,3.9732,0.0,0.0,1.0,0.0,1.0,0.0,0.0,1.172,-23.972,0.0,1.0,0.0,0.0,0.0,-1.0,0.10705606008068858,0.006403124237432849,-0.12036,1.8334624604590268,4.244543079614169,,
474.6161,24.052,0.082,0.071,20.079,0.179,0.056,-0.102,0.004,0.005,-0.102,0.005,0.005,0.065,-0.218,0.301,-0.008,-0.007,0.006,0.0,-0.0,-0.0,833.985,-0.0,0.0,-0.0,0.0,0.0,0.0,0.0,0.0,-0.6759,0.7018,-0.2249,0.7312,0.6768,-0.0853,0.0924,-0.2221,-0.9706,0.676,0.226,-0.7014,-0.7316,0.0917,-0.6755,-0.0884,0.9698,0.2273,0.0001,-0.0001,-0.0001,0.0,0.0,0.0,-0.0163,-0.0102,-0.1001,22.6213,18.5093,18.9871,0.0,0.0433,-0.3624,0.0,0.0,0.0,4280288.1309,4262678.4688,-2979482.5279,2963.0942,1810.751,6863.2024,4280265.5096,4262659.9595,-2979501.515,2963.1104,1810.7612,6863.3024,0.0,0.0765,3.9732,0.0,0.0,1.0,0.0,1.0,0.0,0.0,1.172,-23.972,0.0,1.0,0.0,0.0,0.0,-1.0,0.10846658471621572,0.006403124237432849,-0.12025999999999999,1.8358110223679507,4.2410165399999995,,
474.8202,24.031,0.083,0.072,20.058,0.18,0.057,-0.102,0.004,0.005,-0.102,0.005,0.005,0.063,-0.22,0.302,-0.008,-0.007,0.006,0.0,-0.0,-0.0,833.985,-0.0,0.0,-0.0,0.0,0.0,0.0,0.0,0.0,-0.6759,0.7018,-0.2249,0.7312,0.6768,-0.0853,0.0924,-0.2221,-0.9706,0.676,0.226,-0.7014,-0.7316,0.0917,-0.6755,-0.0884,0.9698,0.2273,0.0001,-0.0001,-0.0001,0.0,0.0,0.0,-0.0163,-0.0102,-0.1001,22.618,18.5072,18.9667,0.0,0.0433,-0.3624,0.0,0.0,0.0,4280893.6739,4263048.4719,-2978079.6019,2961.9529,1809.6144,6863.9966,4280871.0559,4263029.9648,-2978098.5686,2961.9691,1809.6246,6864.0966,0.0,0.0765,3.9732,0.0,0.0,1.0,0.0,1.0,0.0,0.0,1.172,-23.972,0.0,1.0,0.0,0.0,0.0,-1.0,0.10987720418721984,0.006403124237432849,-0.120155,1.8385223668226935,4.237313673405121,,
475.0222,24.01,0.084,0.073,20.037,0.181,0.058,-0.102,0.005,0.005,-0.102,0.005,0.005,0.062,-0.221,0.303,-0.008,-0.007,0.006,0.0,-0.0,-0.0,833.985,-0.0,0.0,-0.0,0.0,0.0,0.0,0.0,0.0,-0.6759,0.7019,-0.2249,0.7312,0.6768,-0.0853,0.0924,-0.2221,-0.9706,0.676,0.226,-0.7014,-0.7316,0.0917,-0.6755,-0.0884,0.9698,0.2273,0.0001,-0.0001,-0.0001,0.0,0.0,0.0,-0.0163,-0.0102,-0.1001,22.6147,18.5051,18.9462,0.0,0.0433,-0.3624,0.0,0.0,0.0,4281498.9417,4263418.2171,-2976676.6116,2960.8115,1808.4779,6864.7903,4281476.327,4263399.712,-2976695.5578,2960.8278,1808.4881,6864.8904,0.0,0.0765,3.9732,0.0,0.0,1.0,0.0,1.0,0.0,0.0,1.172,-23.972,0.0,1.0,0.0,0.0,0.0,-1.0,0.11128791488746656,0.007071067811865475,-0.12005,1.841242449235244,4.233610806810244,,
475.2263,23.99,0.085,0.074,20.017,0.182,0.059,-0.102,0.005,0.005,-0.102,0.005,0.005,0.06,-0.223,0.305,-0.008,-0.007,0.006,0.0,-0.0,-0.0,833.985,-0.0,0.0,-0.0,0.0,0.0,0.0,0.0,0.0,-0.6758,0.7019,-0.2249,0.7312,0.6768,-0.0852,0.0924,-0.2221,-0.9706,0.676,0.226,-0.7014,-0.7316,0.0917,-0.6755,-0.0884,0.9698,0.2273,0.0001,-0.0001,-0.0001,0.0,0.0,0.0,-0.0163,-0.0102,-0.1001,22.6114,18.5031,18.926,0.0,0.0433,-0.3624,0.0,0.0,0.0,4282097.0605,4263783.5069,-2975289.5011,2959.6831,1807.3542,6865.5747,4282074.4492,4263765.0039,-2975308.4271,2959.6993,1807.3644,6865.6748,0.0,0.0765,3.9732,0.0,0.0,1.0,0.0,1.0,0.0,0.0,1.172,-23.972,0.0,1.0,0.0,0.0,0.0,-1.0,0.11269871339105873,0.007071067811865475,-0.11994999999999999,1.8439526400207538,4.230084267196075,,
475.4263,23.969,0.085,0.075,19.997,0.183,0.06,-0.102,0.005,0.005,-0.102,0.005,0.005,0.059,-0.224,0.306,-0.008,-0.007,0.006,0.0,-0.0,-0.0,833.985,-0.0,0.0,-0.0,0.0,0.0,0.0,0.0,0.0,-0.6758,0.7019,-0.2249,0.7313,0.6768,-0.0852,0.0924,-0.2221,-0.9706,0.676,0.226,-0.7014,-0.7316,0.0917,-0.6755,-0.0884,0.9698,0.2273,0.0001,-0.0001,-0.0001,0.0,0.0,0.0,-0.0163,-0.0102,-0.1001,22.6081,18.501,18.9059,0.0,0.0433,-0.3624,0.0,0.0,0.0,4282689.5611,4264145.2787,-2973914.7436,2958.5646,1806.2406,6866.3515,4282666.9529,4264126.7777,-2973933.6495,2958.5809,1806.2507,6866.4517,0.0,0.0765,3.9732,0.0,0.0,1.0,0.0,1.0,0.0,0.0,1.172,-23.972,0.0,1.0,0.0,0.0,0.0,-1.0,0.11335784048754634,0.007071067811865475,-0.11984500000000001,1.8614309725701284,4.2263814006011975,,
475.6313,23.948,0.086,0.077,19.976,0.184,0.061,-0.102,0.005,0.005,-0.102,0.005,0.005,0.057,-0.225,0.307,-0.008,-0.007,0.006,0.0,-0.0,-0.0,833.985,-0.0,0.0,-0.0,0.0,0.0,0.0,0.0,0.0,-0.6758,0.7019,-0.2249,0.7313,0.6767,-0.0852,0.0924,-0.222,-0.9706,0.676,0.226,-0.7014,-0.7316,0.0917,-0.6755,-0.0884,0.9698,0.2273,0.0001,-0.0001,-0.0001,0.0,0.0,0.0,-0.0162,-0.0102,-0.1001,22.6048,18.499,18.8853,0.0,0.0433,-0.3624,0.0,0.0,0.0,4283299.6117,4264517.6763,-2972498.5585,2957.4124,1805.0934,6867.1514,4283277.0069,4264499.1773,-2972517.4437,2957.4287,1805.1036,6867.2515,0.0,0.0765,3.9732,0.0,0.0,1.0,0.0,1.0,0.0,0.0,1.172,-23.972,0.0,1.0,0.0,0.0,0.0,-1.0,0.11543396380615195,0.007071067811865475,-0.11974,1.8647528771116624,4.222678534006319,,
475.8338,23.928,0.087,0.078,19.955,0.185,0.062,-0.102,0.005,0.005,-0.102,0.005,0.005,0.056,-0.227,0.308,-0.008,-0.007,0.006,0.0,-0.0,-0.0,833.985,-0.0,0.0,-0.0,0.0,0.0,0.0,0.0,0.0,-0.6758,0.702,-0.2249,0.7313,0.6767,-0.0851,0.0925,-0.222,-0.9706,0.676,0.226,-0.7014,-0.7316,0.0917,-0.6755,-0.0884,0.9698,0.2273,0.0001,-0.0001,-0.0001,0.0,0.0,0.0,-0.0162,-0.0102,-0.1001,22.6015,18.4969,18.8651,0.0,0.0433,-0.3624,0.0,0.0,0.0,4283895.0641,4264881.0741,-2971115.5714,2956.2872,1803.9732,6867.932,4283872.4626,4264862.5772,-2971134.4365,2956.3035,1803.9833,6868.0321,0.0,0.0765,3.9732,0.0,0.0,1.0,0.0,1.0,0.0,0.0,1.172,-23.972,0.0,1.0,0.0,0.0,0.0,-1.0,0.11684605256490267,0.007071067811865475,-0.11964000000000001,1.8671299655940503,4.21915199439215,,
476.0344,23.907,0.088,0.079,19.935,0.186,0.063,-0.102,0.005,0.005,-0.102,0.005,0.005,0.054,-0.228,0.31,-0.008,-0.007,0.006,0.0,-0.0,-0.0,833.985,-0.0,0.0,-0.0,0.0,0.0,0.0,0.0,0.0,-0.6757,0.702,-0.2249,0.7313,0.6767,-0.0851,0.0925,-0.222,-0.9706,0.676,0.226,-0.7014,-0.7316,0.0917,-0.6755,-0.0884,0.9698,0.2273,0.0001,-0.0001,-0.0001,0.0,0.0,0.0,-0.0162,-0.0102,-0.1001,22.5982,18.4949,18.845,0.0,0.0433,-0.3624,0.0,0.0,0.0,4284488.8128,4265243.3453,-2969735.8596,2955.1646,1802.8556,6868.7103,4284466.2146,4265224.8504,-2969754.7046,2955.1809,1802.8658,6868.8105,0.0,0.0765,3.9732,0.0,0.0,1.0,0.0,1.0,0.0,0.0,1.172,-23.972,0.0,1.0,0.0,0.0,0.0,-1.0,0.11825819210524063,0.007071067811865475,-0.119535,1.870212156903236,4.215449127797272,,
476.2345,23.887,0.089,0.08,19.914,0.187,0.064,-0.102,0.005,0.005,-0.102,0.005,0.005,0.053,-0.229,0.311,-0.008,-0.007,0.006,0.0,-0.0,-0.0,833.985,-0.0,0.0,-0.0,0.0,0.0,0.0,0.0,0.0,-0.6757,0.702,-0.2249,0.7313,0.6767,-0.0851,0.0925,-0.222,-0.9707,0.676,0.226,-0.7014,-0.7316,0.0917,-0.6755,-0.0884,0.9698,0.2273,0.0001,-0.0001,-0.0001,0.0,0.0,0.0,-0.0162,-0.0102,-0.1002,22.595,18.4929,18.8251,0.0,0.0433,-0.3624,0.0,0.0,0.0,4285077.0873,4265602.1908,-2968368.1956,2954.0518,1801.7478,6869.4814,4285054.4923,4265583.6979,-2968387.0206,2954.0681,1801.758,6869.5816,0.0,0.0765,3.9732,0.0,0.0,1.0,0.0,1.0,0.0,0.0,1.172,-23.972,0.0,1.0,0.0,0.0,0.0,-1.0,0.11967038062946068,0.007071067811865475,-0.119435,1.8726068642984472,4.211922588183103,,
476.4407,23.866,0.09,0.081,19.893,0.188,0.065,-0.102,0.005,0.005,-0.102,0.005,0.005,0.051,-0.231,0.312,-0.008,-0.007,0.006,0.0,-0.0,-0.0,833.985,-0.0,0.0,-0.0,0.0,0.0,0.0,0.0,0.0,-0.6757,0.702,-0.2249,0.7314,0.6767,-0.085,0.0925,-0.222,-0.9707,0.676,0.226,-0.7014,-0.7316,0.0917,-0.6755,-0.0884,0.9698,0.2273,0.0001,-0.0001,-0.0001,0.0,0.0,0.0,-0.0162,-0.0102,-0.1002,22.5916,18.4908,18.8044,0.0,0.0433,-0.3624,0.0,0.0,0.0,4285687.2516,4265974.2986,-2966948.9353,2952.897,1800.5983,6870.2811,4285664.6599,4265955.8078,-2966967.7397,2952.9133,1800.6085,6870.3813,0.0,0.0765,3.9732,0.0,0.0,1.0,0.0,1.0,0.0,0.0,1.172,-23.972,0.0,1.0,0.0,0.0,0.0,-1.0,0.1210826164236634,0.007071067811865475,-0.11932999999999999,1.8753680833660025,4.208219721588225,,
476.6418,23.846,0.091,0.082,19.873,0.189,0.066,-0.102,0.005,0.005,-0.102,0.005,0.005,0.05,-0.232,0.314,-0.008,-0.007,0.006,0.0,-0.0,-0.0,833.985,-0.0,0.0,-0.0,0.0,0.0,0.0,0.0,0.0,-0.6757,0.702,-0.2249,0.7314,0.6767,-0.085,0.0925,-0.222,-0.9707,0.676,0.226,-0.7014,-0.7316,0.0917,-0.6755,-0.0884,0.9698,0.2273,0.0001,-0.0001,-0.0001,0.0,0.0,0.0,-0.0162,-0.0102,-0.1002,22.5884,18.4888,18.7842,0.0,0.0433,-0.3624,0.0,0.0,0.0,4286280.3817,4266335.9299,-2965568.6056,2951.7739,1799.4803,6871.0585,4286257.7933,4266317.4411,-2965587.3898,2951.7901,1799.4905,6871.1586,0.0,0.0765,3.9732,0.0,0.0,1.0,0.0,1.0,0.0,0.0,1.172,-23.972,0.0,1.0,0.0,0.0,0.0,-1.0,0.12249489785293101,0.007071067811865475,-0.11923,1.8781185608799285,4.204693181974056,,
476.8419,23.825,0.092,0.083,19.853,0.19,0.067,-0.102,0.005,0.005,-0.102,0.005,0.005,0.048,-0.233,0.315,-0.008,-0.007,0.006,0.0,-0.0,-0.0,833.985,-0.0,0.0,-0.0,0.0,0.0,0.0,0.0,0.0,-0.6756,0.7021,-0.2249,0.7314,0.6766,-0.085,0.0925,-0.2219,-0.9707,0.676,0.226,-0.7014,-0.7316,0.0917,-0.6755,-0.0884,0.9698,0.2273,0.0001,-0.0001,-0.0001,0.0,0.0,0.0,-0.0162,-0.0102,-0.1002,22.5851,18.4867,18.7641,0.0,0.0433,-0.3624,0.0,0.0,0.0,4286872.4031,4266696.7984,-2964190.1772,2950.6522,1798.3639,6871.8343,4286849.818,4266678.3116,-2964208.9414,2950.6685,1798.3741,6871.9344,0.0,0.0765,3.9732,0.0,0.0,1.0,0.0,1.0,0.0,0.0,1.172,-23.972,0.0,1.0,0.0,0.0,0.0,-1.0,0.12390722335683259,0.007071067811865475,-0.119125,1.8812350341424962,4.200990315379178,,
477.0428,23.805,0.093,0.084,19.832,0.191,0.068,-0.102,0.005,0.005,-0.102,0.005,0.005,0.047,-0.235,0.316,-0.008,-0.007,0.006,0.0,-0.0,-0.0,833.985,-0.0,0.0,-0.0,0.0,0.0,0.0,0.0,0.0,-0.6756,0.7021,-0.2249,0.7314,0.6766,-0.0849,0.0926,-0.2219,-0.9707,0.676,0.226,-0.7014,-0.7316,0.0917,-0.6755,-0.0884,0.9698,0.2273,0.0001,-0.0001,-0.0001,0.0,0.0,0.0,-0.0162,-0.0102,-0.1002,22.5819,18.4847,18.7441,0.0,0.0433,-0.3624,0.0,0.0,0.0,4287462.3841,4267056.3369,-2962815.8217,2949.5339,1797.2509,6872.6073,4287439.8022,4267037.8521,-2962834.5658,2949.5501,1797.261,6872.7075,0.0,0.0765,3.9732,0.0,0.0,1.0,0.0,1.0,0.0,0.0,1.172,-23.972,0.0,1.0,0.0,0.0,0.0,-1.0,0.12531959144523253,0.007071067811865475,-0.11902499999999999,1.8836651833368991,4.197463775765009,,
477.2516,23.784,0.094,0.085,19.811,0.192,0.069,-0.102,0.005,0.005,-0.102,0.005,0.005,0.045,-0.236,0.317,-0.008,-0.007,0.006,0.0,-0.0,-0.0,833.985,-0.0,0.0,-0.0,0.0,0.0,0.0,0.0,0.0,-0.6756,0.7021,-0.2249,0.7314,0.6766,-0.0849,0.0926,-0.2219,-0.9707,0.676,0.226,-0.7014,-0.7316,0.0917,-0.6755,-0.0884,0.9698,0.2273,0.0001,-0.0001,-0.0001,0.0,0.0,0.0,-0.0162,-0.0101,-0.1002,22.5785,18.4826,18.7232,0.0,0.0433,-0.3624,0.0,0.0,0.0,4288076.5496,4267430.5215,-2961384.413,2948.3691,1796.0916,6873.412,4288053.9711,4267412.0389,-2961403.1363,2948.3853,1796.1018,6873.5122,0.0,0.0765,3.9732,0.0,0.0,1.0,0.0,1.0,0.0,0.0,1.172,-23.972,0.0,1.0,0.0,0.0,0.0,-1.0,0.1267320006943787,0.007071067811865475,-0.11892,1.8864616552361921,4.1937609091701304,,
477.4545,23.763,0.095,0.086,19.79,0.193,0.07,-0.102,0.005,0.005,-0.102,0.005,0.005,0.043,-0.237,0.319,-0.008,-0.007,0.006,0.0,-0.0,-0.0,833.985,-0.0,0.0,-0.0,0.0,0.0,0.0,0.0,0.0,-0.6756,0.7021,-0.2249,0.7315,0.6766,-0.0849,0.0926,-0.2219,-0.9707,0.676,0.226,-0.7014,-0.7316,0.0917,-0.6755,-0.0884,0.9698,0.2273,0.0001,-0.0001,-0.0001,0.0,0.0,0.0,-0.0162,-0.0101,-0.1002,22.5752,18.4806,18.7027,0.0,0.0433,-0.3624,0.0,0.0,0.0,4288679.47,4267797.7642,-2959978.4961,2947.225,1794.9531,6874.2019,4288656.8948,4267779.2837,-2959997.1989,2947.2412,1794.9632,6874.3021,0.0,0.0765,3.9732,0.0,0.0,1.0,0.0,1.0,0.0,0.0,1.172,-23.972,0.0,1.0,0.0,0.0,0.0,-1.0,0.12814444974324873,0.007071067811865475,-0.118815,1.889267056649163,4.190058042575253,,
477.6616,23.742,0.096,0.087,19.769,0.194,0.071,-0.102,0.005,0.005,-0.102,0.005,0.005,0.042,-0.239,0.32,-0.008,-0.007,0.006,0.0,-0.0,-0.0,833.985,-0.0,0.0,-0.0,0.0,0.0,0.0,0.0,0.0,-0.6755,0.7022,-0.2249,0.7315,0.6766,-0.0848,0.0926,-0.2219,-0.9707,0.676,0.226,-0.7014,-0.7316,0.0917,-0.6755,-0.0884,0.9698,0.2273,0.0001,-0.0001,-0.0001,0.0,0.0,0.0,-0.0162,-0.0101,-0.1002,22.5718,18.4785,18.682,0.0,0.0433,-0.3624,0.0,0.0,0.0,4289288.6995,4268168.7577,-2958557.1518,2946.0683,1793.8021,6875.0,4289266.1277,4268150.2792,-2958575.8339,2946.0845,1793.8122,6875.1002,0.0,0.0765,3.9732,0.0,0.0,1.0,0.0,1.0,0.0,0.0,1.172,-23.972,0.0,1.0,0.0,0.0,0.0,-1.0,0.12955693729013512,0.007071067811865475,-0.11871000000000001,1.8920814049368713,4.186355175980376,,
477.8667,23.721,0.097,0.088,19.748,0.195,0.072,-0.102,0.005,0.005,-0.102,0.005,0.005,0.04,-0.24,0.321,-0.008,-0.007,0.006,0.0,-0.0,-0.0,833.985,-0.0,0.0,-0.0,0.0,0.0,0.0,0.0,0.0,-0.6755,0.7022,-0.2249,0.7315,0.6766,-0.0848,0.0926,-0.2218,-0.9707,0.676,0.226,-0.7014,-0.7316,0.0917,-0.6755,-0.0884,0.9698,0.2273,0.0001,-0.0001,-0.0001,0.0,0.0,0.0,-0.0162,-0.0101,-0.1002,22.5685,18.4764,18.6613,0.0,0.0433,-0.3624,0.0,0.0,0.0,4289897.6368,4268539.4811,-2957135.7645,2944.9115,1792.651,6875.7976,4289875.0683,4268521.0048,-2957154.4258,2944.9277,1792.6612,6875.8978,0.0,0.0765,3.9732,0.0,0.0,1.0,0.0,1.0,0.0,0.0,1.172,-23.972,0.0,1.0,0.0,0.0,0.0,-1.0,0.13096946208945046,0.007071067811865475,-0.118605,1.8949047175121463,4.182652309385498,,
478.0668,23.701,0.098,0.089,19.728,0.196,0.073,-0.102,0.005,0.005,-0.102,0.005,0.005,0.039,-0.242,0.322,-0.008,-0.007,0.006,0.0,-0.0,-0.0,833.985,-0.0,0.0,-0.0,0.0,0.0,0.0,0.0,0.0,-0.6755,0.7022,-0.2249,0.7315,0.6765,-0.0848,0.0926,-0.2218,-0.9707,0.676,0.226,-0.7014,-0.7316,0.0917,-0.6755,-0.0884,0.9698,0.2273,0.0001,-0.0001,-0.0001,0.0,0.0,0.0,-0.0162,-0.0101,-0.1003,22.5653,18.4744,18.6414,0.0,0.0433,-0.3624,0.0,0.0,0.0,4290482.2501,4268895.3091,-2955770.4736,2943.8004,1791.5455,6876.5633,4290459.6848,4268876.8347,-2955789.115,2943.8166,1791.5556,6876.6635,0.0,0.0765,3.9732,0.0,0.0,1.0,0.0,1.0,0.0,0.0,1.172,-23.972,0.0,1.0,0.0,0.0,0.0,-1.0,0.13238202294873727,0.007071067811865475,-0.118505,1.8977163606223848,4.179125769771328,,
478.2712,23.68,0.098,0.09,19.707,0.197,0.074,-0.102,0.005,0.005,-0.102,0.005,0.005,0.037,-0.243,0.324,-0.008,-0.007,0.006,0.0,-0.0,-0.0,833.985,-0.0,0.0,-0.0,0.0,0.0,0.0,0.0,0.0,-0.6755,0.7022,-0.2249,0.7315,0.6765,-0.0847,0.0927,-0.2218,-0.9707,0.676,0.226,-0.7014,-0.7316,0.0917,-0.6755,-0.0884,0.9698,0.2273,0.0001,-0.0001,-0.0001,0.0,0.0,0.0,-0.0162,-0.0101,-0.1003,22.5619,18.4723,18.6207,0.0,0.0433,-0.3624,0.0,0.0,0.0,4291088.3259,4269264.1102,-2954354.3554,2942.6479,1790.3988,6877.357,4291065.764,4269245.6379,-2954372.9761,2942.6641,1790.4089,6877.4573,0.0,0.0765,3.9732,0.0,0.0,1.0,0.0,1.0,0.0,0.0,1.172,-23.972,0.0,1.0,0.0,0.0,0.0,-1.0,0.13305637902783918,0.007071067811865475,-0.1184,1.9149652856239983,4.17542290317645,,
478.4773,23.659,0.099,0.092,19.686,0.198,0.075,-0.102,0.005,0.005,-0.102,0.005,0.005,0.036,-0.244,0.325,-0.008,-0.007,0.006,0.0,-0.0,-0.0,833.985,-0.0,0.0,-0.0,0.0,0.0,0.0,0.0,0.0,-0.6755,0.7023,-0.2249,0.7316,0.6765,-0.0847,0.0927,-0.2218,-0.9707,0.676,0.226,-0.7014,-0.7316,0.0917,-0.6755,-0.0884,0.9698,0.2273,0.0001,-0.0001,-0.0001,0.0,0.0,0.0,-0.0162,-0.0101,-0.1003,22.5586,18.4703,18.6002,0.0,0.0433,-0.3624,0.0,0.0,0.0,4291690.3113,4269630.3314,-2952947.0831,2941.5025,1789.2593,6878.1454,4291667.7527,4269611.8612,-2952965.6833,2941.5187,1789.2694,6878.2456,0.0,0.0765,3.9732,0.0,0.0,1.0,0.0,1.0,0.0,0.0,1.172,-23.972,0.0,1.0,0.0,0.0,0.0,-1.0,0.1351480669488099,0.007071067811865475,-0.118295,1.9182082421396554,4.171720036581573,,
478.6823,23.638,0.1,0.093,19.665,0.2,0.076,-0.102,0.005,0.005,-0.102,0.005,0.005,0.034,-0.246,0.326,-0.008,-0.007,0.006,0.0,-0.0,-0.0,833.985,-1.0,-0.537,-0.0,0.0,0.0,0.0,0.0,0.0,-0.6754,0.7023,-0.2249,0.7316,0.6765,-0.0847,0.0927,-0.2218,-0.9707,0.676,0.226,-0.7014,-0.7316,0.0917,-0.6755,-0.0884,0.9698,0.2273,0.0001,-0.0001,-0.0001,0.0,0.0,0.0,-0.0162,-0.0101,-0.1003,22.5553,18.4682,18.5796,0.0,0.0433,-0.3624,0.0,0.0,0.0,4292293.7162,4269997.3251,-2951535.782,2940.3539,1788.1165,6878.9355,4292271.1609,4269978.8569,-2951554.3616,2940.3701,1788.1267,6879.0357,0.0,0.0765,3.9732,0.0,0.0,1.0,0.0,1.0,0.0,0.0,1.172,-23.972,0.0,1.0,0.0,0.0,0.0,-1.0,0.13656134152826707,0.007071067811865475,-0.11819,1.9379285012219307,4.168017169986696,,
478.8868,23.617,0.101,0.093,19.644,0.2,0.076,-0.102,-0.002,-0.002,-0.102,-0.002,-0.002,0.033,-0.247,0.328,-0.007,-0.007,0.006,0.0,-0.0,-0.0,833.934,-1.0,-1.0,-0.0,0.0,0.0,0.0,0.0,0.0,-0.6754,0.7023,-0.2249,0.7316,0.6765,-0.0847,0.0927,-0.2217,-0.9707,0.676,0.226,-0.7014,-0.7316,0.0917,-0.6755,-0.0884,0.9698,0.2273,0.0001,-0.0001,-0.0001,0.0,0.0,0.0,-0.0257,-0.0099,-0.0981,22.551,18.4662,18.5593,0.0,0.0433,-0.3624,0.0,0.0,0.0,4292896.2204,4270363.6808,-2950125.8724,2939.1968,1786.9752,6879.7265,4292873.6693,4270345.2146,-2950144.4317,2939.2225,1786.9851,6879.8246,0.0,0.0765,3.9732,0.0,0.0,1.0,0.0,1.0,0.0,0.0,1.172,-23.972,0.0,1.0,0.0,0.0,0.0,-1.0,0.1372953021774598,0.00282842712474619,-0.11808500000000001,1.9239673421862622,4.1643143033918175,,
479.0908,23.596,0.099,0.092,19.624,0.199,0.075,-0.102,-0.01,-0.008,-0.102,-0.01,-0.009,0.031,-0.248,0.329,-0.007,-0.007,0.006,0.0,-0.0,-0.0,833.881,-1.0,-1.0,-0.0,0.0,0.0,0.0,0.0,0.0,-0.6754,0.7023,-0.2249,0.7316,0.6764,-0.0846,0.0927,-0.2217,-0.9707,0.676,0.226,-0.7014,-0.7316,0.0917,-0.6755,-0.0884,0.9698,0.2273,0.0001,-0.0001,-0.0001,0.0,0.0,0.0,-0.0359,-0.0103,-0.0957,22.5447,18.4642,18.5395,0.0,0.0433,-0.3624,0.0,0.0,0.0,4293496.2757,4270728.4582,-2948720.9788,2938.0431,1785.8373,6880.5145,4293473.7309,4270709.994,-2948739.5183,2938.079,1785.8476,6880.6102,0.0,0.0765,3.9732,0.0,0.0,1.0,0.0,1.0,0.0,0.0,1.172,-23.972,0.0,1.0,0.0,0.0,0.0,-1.0,0.1351480669488099,0.012806248474865698,-0.11798,1.9367566578004058,4.160611436796939,,
479.2972,23.575,0.097,0.09,19.603,0.197,0.073,-0.102,-0.011,-0.009,-0.102,-0.01,-0.01,0.03,-0.25,0.33,-0.007,-0.007,0.006,0.0,-0.0,-0.0,833.877,-0.0,0.0,-0.0,0.0,0.0,0.0,0.0,0.0,-0.6754,0.7023,-0.2249,0.7316,0.6764,-0.0846,0.0927,-0.2217,-0.9707,0.676,0.226,-0.7014,-0.7316,0.0917,-0.6755,-0.0884,0.9698,0.2273,0.0001,-0.0001,-0.0001,0.0,0.0,0.0,-0.0366,-0.0099,-0.0956,22.5372,18.4621,18.5198,0.0,0.0433,-0.3624,0.0,0.0,0.0,4294100.3725,4271095.602,-2947305.904,2936.8905,1784.692,6881.3054,4294077.8353,4271077.1399,-2947324.4238,2936.9272,1784.7019,6881.401,0.0,0.0765,3.9732,0.0,0.0,1.0,0.0,1.0,0.0,0.0,1.172,-23.972,0.0,1.0,0.0,0.0,0.0,-1.0,0.13232157798333574,0.014212670403551895,-0.117875,1.932395095464344,4.156908570202062,,
479.4991,23.555,0.095,0.088,19.582,0.195,0.071,-0.102,-0.011,-0.009,-0.102,-0.01,-0.01,0.028,-0.251,0.331,-0.007,-0.007,0.006,0.0,-0.0,-0.0,833.877,-0.0,0.0,-0.0,0.0,0.0,0.0,0.0,0.0,-0.6753,0.7024,-0.2249,0.7317,0.6764,-0.0846,0.0928,-0.2217,-0.9707,0.676,0.226,-0.7014,-0.7316,0.0917,-0.6755,-0.0884,0.9698,0.2273,0.0001,-0.0001,-0.0001,0.0,0.0,0.0,-0.0366,-0.0099,-0.0956,22.5298,18.4601,18.5005,0.0,0.0433,-0.3624,0.0,0.0,0.0,4294694.233,4271456.4351,-2945914.1095,2935.7576,1783.5652,6882.0828,4294671.7032,4271437.9749,-2945932.61,2935.7943,1783.5751,6882.1784,0.0,0.0765,3.9732,0.0,0.0,1.0,0.0,1.0,0.0,0.0,1.172,-23.972,0.0,1.0,0.0,0.0,0.0,-1.0,0.12949517365523705,0.014212670403551895,-0.117775,1.9276734520994487,4.153382030587893,,
479.7004,23.534,0.093,0.086,19.561,0.192,0.069,-0.102,-0.011,-0.009,-0.102,-0.01,-0.01,0.027,-0.252,0.333,-0.007,-0.007,0.006,0.0,-0.0,-0.0,833.877,-0.0,0.0,-0.0,0.0,0.0,0.0,0.0,0.0,-0.6753,0.7024,-0.2249,0.7317,0.6764,-0.0845,0.0928,-0.2217,-0.9707,0.676,0.226,-0.7014,-0.7316,0.0917,-0.6755,-0.0884,0.9698,0.2273,0.0001,-0.0001,-0.0001,0.0,0.0,0.0,-0.0366,-0.0099,-0.0956,22.5224,18.4582,18.4811,0.0,0.0433,-0.3624,0.0,0.0,0.0,4295288.6481,4271817.5163,-2944520.3193,2934.6231,1782.4368,6882.8608,4295266.1257,4271799.0582,-2944538.8004,2934.6597,1782.4467,6882.9564,0.0,0.0765,3.9732,0.0,0.0,1.0,0.0,1.0,0.0,0.0,1.172,-23.972,0.0,1.0,0.0,0.0,0.0,-1.0,0.12666885963013957,0.014212670403551895,-0.11767,1.9064342122435154,4.149679163993015,,
479.9042,23.513,0.091,0.085,19.541,0.19,0.067,-0.102,-0.011,-0.009,-0.102,-0.01,-0.01,0.025,-0.254,0.334,-0.007,-0.007,0.006,0.0,-0.0,-0.0,833.877,-0.0,0.0,-0.0,0.0,0.0,0.0,0.0,0.0,-0.6753,0.7024,-0.2249,0.7317,0.6764,-0.0845,0.0928,-0.2216,-0.9707,0.676,0.226,-0.7014,-0.7316,0.0917,-0.6755,-0.0884,0.9698,0.2273,0.0001,-0.0001,-0.0001,0.0,0.0,0.0,-0.0366,-0.0099,-0.0956,22.515,18.4562,18.4618,0.0,0.0433,-0.3624,0.0,0.0,0.0,4295881.5197,4272177.5712,-2943129.4552,2933.4909,1781.3108,6883.6367,4295859.0047,4272159.1151,-2943147.917,2933.5275,1781.3207,6883.7323,0.0,0.0765,3.9732,0.0,0.0,1.0,0.0,1.0,0.0,0.0,1.172,-23.972,0.0,1.0,0.0,0.0,0.0,-1.0,0.12452309022827855,0.014212670403551895,-0.117565,1.9030751564459987,4.145976297398137,,
480.1092,23.492,0.089,0.083,19.52,0.188,0.065,-0.102,-0.011,-0.009,-0.102,-0.01,-0.01,0.023,-0.255,0.335,-0.007,-0.007,0.006,0.0,-0.0,-0.0,833.877,-0.0,0.0,-0.0,0.0,0.0,0.0,0.0,0.0,-0.6753,0.7024,-0.2249,0.7317,0.6764,-0.0845,0.0928,-0.2216,-0.9707,0.676,0.226,-0.7014,-0.7316,0.0917,-0.6755,-0.0884,0.9698,0.2273,0.0001,-0.0001,-0.0001,0.0,0.0,0.0,-0.0366,-0.0099,-0.0957,22.5075,18.4541,18.4422,0.0,0.0433,-0.3624,0.0,0.0,0.0,4296483.4253,4272543.022,-2941716.6865,2932.3408,1780.1671,6884.4244,4296460.9178,4272524.5678,-2941735.1287,2932.3774,1780.177,6884.52,0.0,0.0765,3.9732,0.0,0.0,1.0,0.0,1.0,0.0,0.0,1.172,-23.972,0.0,1.0,0.0,0.0,0.0,-1.0,0.12169634341261039,0.014212670403551895,-0.11746000000000001,1.8987712785634676,4.142273430803259,,
480.3166,23.471,0.086,0.081,19.499,0.186,0.063,-0.102,-0.011,-0.009,-0.102,-0.01,-0.01,0.022,-0.256,0.337,-0.007,-0.007,0.006,0.0,-0.0,-0.0,833.877,-0.0,0.0,-0.0,0.0,0.0,0.0,0.0,0.0,-0.6752,0.7025,-0.2249,0.7317,0.6763,-0.0844,0.0928,-0.2216,-0.9707,0.676,0.226,-0.7014,-0.7316,0.0917,-0.6755,-0.0884,0.9698,0.2273,0.0001,-0.0001,-0.0001,0.0,0.0,0.0,-0.0366,-0.0099,-0.0957,22.4999,18.4521,18.4224,0.0,0.0433,-0.3624,0.0,0.0,0.0,4297090.0616,4272911.2524,-2940292.0908,2931.1811,1779.0139,6885.2182,4297067.5617,4272892.8003,-2940310.5132,2931.2177,1779.0238,6885.3138,0.0,0.0765,3.9732,0.0,0.0,1.0,0.0,1.0,0.0,0.0,1.172,-23.972,0.0,1.0,0.0,0.0,0.0,-1.0,0.1181397477566293,0.014212670403551895,-0.117355,1.9088677985811577,4.138570564208382,,
480.5244,23.45,0.084,0.079,19.478,0.184,0.061,-0.102,-0.011,-0.009,-0.102,-0.01,-0.01,0.02,-0.258,0.338,-0.007,-0.007,0.006,0.0,-0.0,-0.0,833.877,-0.0,0.0,-0.0,0.0,0.0,0.0,0.0,0.0,-0.6752,0.7025,-0.2249,0.7318,0.6763,-0.0844,0.0928,-0.2216,-0.9707,0.676,0.226,-0.7014,-0.7316,0.0917,-0.6755,-0.0884,0.9698,0.2273,0.0001,-0.0001,-0.0001,0.0,0.0,0.0,-0.0366,-0.0099,-0.0957,22.4923,18.4501,18.4025,0.0,0.0433,-0.3624,0.0,0.0,0.0,4297698.7706,4273280.6474,-2938861.8951,2930.0168,1777.8562,6886.0146,4297676.2783,4273262.1973,-2938880.2976,2930.0534,1777.8661,6886.1103,0.0,0.0765,3.9732,0.0,0.0,1.0,0.0,1.0,0.0,0.0,1.172,-23.972,0.0,1.0,0.0,0.0,0.0,-1.0,0.11531261856362468,0.014212670403551895,-0.11725,1.9045732007756866,4.134867697613504,,
480.7306,23.429,0.082,0.077,19.456,0.182,0.059,-0.102,-0.011,-0.009,-0.102,-0.01,-0.01,0.019,-0.259,0.339,-0.007,-0.007,0.006,0.0,-0.0,-0.0,833.877,-0.0,0.0,-0.0,0.0,0.0,0.0,0.0,0.0,-0.6752,0.7025,-0.2249,0.7318,0.6763,-0.0844,0.0929,-0.2216,-0.9707,0.676,0.226,-0.7014,-0.7316,0.0917,-0.6755,-0.0884,0.9698,0.2273,0.0001,-0.0001,-0.0001,0.0,0.0,0.0,-0.0366,-0.0099,-0.0957,22.4847,18.448,18.3827,0.0,0.0433,-0.3624,0.0,0.0,0.0,4298305.1963,4273648.5638,-2937436.3329,2928.8562,1776.7022,6886.808,4298282.7116,4273630.1157,-2937454.7156,2928.8928,1776.7121,6886.9037,0.0,0.0765,3.9732,0.0,0.0,1.0,0.0,1.0,0.0,0.0,1.172,-23.972,0.0,1.0,0.0,0.0,0.0,-1.0,0.1124855546281388,0.014212670403551895,-0.117145,1.8999377774055963,4.1311648310186255,,
480.9313,23.409,0.08,0.075,19.436,0.18,0.057,-0.102,-0.011,-0.009,-0.102,-0.01,-0.01,0.017,-0.26,0.34,-0.007,-0.007,0.006,0.0,-0.0,-0.0,833.877,-0.0,0.0,-0.0,0.0,0.0,0.0,0.0,0.0,-0.6752,0.7025,-0.2249,0.7318,0.6763,-0.0843,0.0929,-0.2215,-0.9707,0.676,0.226,-0.7014,-0.7316,0.0917,-0.6755,-0.0884,0.9698,0.2273,0.0001,-0.0001,-0.0001,0.0,0.0,0.0,-0.0366,-0.0099,-0.0957,22.4774,18.4461,18.3636,0.0,0.0433,-0.3624,0.0,0.0,0.0,4298888.0147,4274002.0697,-2936065.5798,2927.7402,1775.5927,6887.5704,4298865.5373,4273983.6236,-2936083.9434,2927.7768,1775.6026,6887.6661,0.0,0.0765,3.9732,0.0,0.0,1.0,0.0,1.0,0.0,0.0,1.172,-23.972,0.0,1.0,0.0,0.0,0.0,-1.0,0.10965856099730655,0.014212670403551895,-0.117045,1.8956354075316968,4.127638291404456,,
481.1374,23.388,0.078,0.073,19.415,0.178,0.055,-0.102,-0.011,-0.009,-0.102,-0.01,-0.01,0.016,-0.262,0.342,-0.007,-0.007,0.006,0.0,-0.0,-0.0,833.877,-0.0,0.0,-0.0,0.0,0.0,0.0,0.0,0.0,-0.6751,0.7026,-0.2249,0.7318,0.6763,-0.0843,0.0929,-0.2215,-0.9707,0.676,0.226,-0.7014,-0.7316,0.0917,-0.6755,-0.0884,0.9698,0.2273,0.0001,-0.0001,-0.0001,0.0,0.0,0.0,-0.0366,-0.0099,-0.0957,22.4699,18.4441,18.3438,0.0,0.0433,-0.3624,0.0,0.0,0.0,4299493.9244,4274369.4902,-2934639.8025,2926.5794,1774.4386,6888.363,4299471.4545,4274351.0461,-2934658.1463,2926.616,1774.4485,6888.4587,0.0,0.0765,3.9732,0.0,0.0,1.0,0.0,1.0,0.0,0.0,1.172,-23.972,0.0,1.0,0.0,0.0,0.0,-1.0,0.10683164325236226,0.014212670403551895,-0.11694,1.8913585671404598,4.123935424809579,,
481.3378,23.367,0.076,0.072,19.395,0.176,0.053,-0.102,-0.011,-0.009,-0.102,-0.01,-0.01,0.014,-0.263,0.343,-0.007,-0.007,0.006,0.0,-0.0,-0.0,833.877,-0.0,0.0,-0.0,0.0,0.0,0.0,0.0,0.0,-0.6751,0.7026,-0.2249,0.7318,0.6763,-0.0843,0.0929,-0.2215,-0.9707,0.676,0.226,-0.7014,-0.7316,0.0917,-0.6755,-0.0884,0.9698,0.2273,0.0001,-0.0001,-0.0001,0.0,0.0,0.0,-0.0366,-0.0099,-0.0957,22.4625,18.4421,18.3246,0.0,0.0433,-0.3624,0.0,0.0,0.0,4300082.2595,4274726.1646,-2933254.6793,2925.4517,1773.3175,6889.1325,4300059.797,4274707.7225,-2933273.0039,2925.4882,1773.3274,6889.2282,0.0,0.0765,3.9732,0.0,0.0,1.0,0.0,1.0,0.0,0.0,1.172,-23.972,0.0,1.0,0.0,0.0,0.0,-1.0,0.1046900186264192,0.014212670403551895,-0.11683500000000001,1.8884579178898078,4.120232558214701,,
481.5381,23.347,0.074,0.07,19.374,0.174,0.051,-0.102,-0.011,-0.009,-0.102,-0.01,-0.01,0.013,-0.265,0.344,-0.007,-0.007,0.006,0.0,-0.0,-0.0,833.877,-0.0,0.0,-0.0,0.0,0.0,0.0,0.0,0.0,-0.6751,0.7026,-0.2249,0.7319,0.6762,-0.0842,0.0929,-0.2215,-0.9707,0.676,0.226,-0.7014,-0.7316,0.0917,-0.6755,-0.0884,0.9698,0.2273,0.0001,-0.0001,-0.0001,0.0,0.0,0.0,-0.0366,-0.0099,-0.0957,22.4552,18.4401,18.3054,0.0,0.0433,-0.3624,0.0,0.0,0.0,4300667.0464,4275080.6005,-2931877.2287,2924.3301,1772.2026,6889.8973,4300644.5912,4275062.1603,-2931895.5342,2924.3667,1772.2125,6889.993,0.0,0.0765,3.9732,0.0,0.0,1.0,0.0,1.0,0.0,0.0,1.172,-23.972,0.0,1.0,0.0,0.0,0.0,-1.0,0.10186265262597474,0.014212670403551895,-0.116735,1.8838667368381716,4.116706018600532,,
481.7411,23.326,0.071,0.068,19.353,0.172,0.049,-0.102,-0.011,-0.009,-0.102,-0.01,-0.01,0.011,-0.266,0.345,-0.007,-0.007,0.006,0.0,-0.0,-0.0,833.877,-0.0,0.0,-0.0,0.0,0.0,0.0,0.0,0.0,-0.6751,0.7026,-0.2249,0.7319,0.6762,-0.0842,0.093,-0.2215,-0.9707,0.676,0.226,-0.7014,-0.7316,0.0917,-0.6755,-0.0884,0.9698,0.2273,0.0001,-0.0001,-0.0001,0.0,0.0,0.0,-0.0366,-0.0099,-0.0957,22.4478,18.4381,18.286,0.0,0.0433,-0.3624,0.0,0.0,0.0,4301259.5567,4275439.6289,-2930480.8893,2923.1932,1771.0725,6890.6721,4301237.1089,4275421.1907,-2930499.1753,2923.2298,1771.0823,6890.7679,0.0,0.0765,3.9732,0.0,0.0,1.0,0.0,1.0,0.0,0.0,1.172,-23.972,0.0,1.0,0.0,0.0,0.0,-1.0,0.0983107318658548,0.014212670403551895,-0.11663,1.8940150047891298,4.113003152005654,,
481.9426,23.305,0.069,0.066,19.333,0.17,0.048,-0.102,-0.011,-0.009,-0.102,-0.01,-0.01,0.01,-0.267,0.347,-0.007,-0.007,0.006,0.0,-0.0,-0.0,833.877,-0.0,0.0,-0.0,0.0,0.0,0.0,0.0,0.0,-0.675,0.7026,-0.2249,0.7319,0.6762,-0.0842,0.093,-0.2215,-0.9707,0.676,0.226,-0.7014,-0.7316,0.0917,-0.6755,-0.0884,0.9698,0.2273,0.0001,-0.0001,-0.0001,0.0,0.0,0.0,-0.0366,-0.0099,-0.0958,22.4403,18.4361,18.2665,0.0,0.0433,-0.3624,0.0,0.0,0.0,4301855.0275,4275800.3608,-2929076.8691,2922.05,1769.9362,6891.4508,4301832.5871,4275781.9247,-2929095.1357,2922.0866,1769.946,6891.5465,0.0,0.0765,3.9732,0.0,0.0,1.0,0.0,1.0,0.0,0.0,1.172,-23.972,0.0,1.0,0.0,0.0,0.0,-1.0,0.09548298277703729,0.014212670403551895,-0.116525,1.888833547024229,4.109300285410776,,
482.1432,23.285,0.067,0.064,19.312,0.168,0.046,-0.102,-0.01,-0.009,-0.102,-0.01,-0.01,0.008,-0.269,0.348,-0.007,-0.007,0.006,0.0,-0.0,-0.0,833.877,-0.0,0.0,-0.0,0.0,0.0,0.0,0.0,0.0,-0.675,0.7027,-0.2249,0.7319,0.6762,-0.0841,0.093,-0.2214,-0.9707,0.676,0.226,-0.7014,-0.7316,0.0917,-0.6755,-0.0884,0.9698,0.2273,0.0001,-0.0001,-0.0001,0.0,0.0,0.0,-0.0366,-0.0098,-0.0958,22.4331,18.4342,18.2475,0.0,0.0433,-0.3624,0.0,0.0,0.0,4302434.4724,4276151.2976,-2927709.9551,2920.937,1768.8299,6892.2084,4302412.0393,4276132.8634,-2927728.2026,2920.9735,1768.8398,6892.3041,0.0,0.0765,3.9732,0.0,0.0,1.0,0.0,1.0,0.0,0.0,1.172,-23.972,0.0,1.0,0.0,0.0,0.0,-1.0,0.09265527507918803,0.01345362404707371,-0.116425,1.8842094049606657,4.105773745796607,,
482.344,23.265,0.065,0.062,19.292,0.166,0.044,-0.102,-0.01,-0.009,-0.102,-0.01,-0.01,0.007,-0.27,0.349,-0.007,-0.007,0.006,0.0,-0.0,-0.0,833.877,-0.0,0.0,-0.0,0.0,0.0,0.0,0.0,0.0,-0.675,0.7027,-0.2249,0.7319,0.6762,-0.0841,0.093,-0.2214,-0.9707,0.676,0.226,-0.7014,-0.7316,0.0917,-0.6755,-0.0884,0.9698,0.2273,0.0001,-0.0001,-0.0001,0.0,0.0,0.0,-0.0366,-0.0098,-0.0958,22.4257,18.4322,18.2282,0.0,0.0433,-0.3624,0.0,0.0,0.0,4303022.2559,4276507.1967,-2926322.6869,2919.8073,1767.7072,6892.9768,4302999.8301,4276488.7645,-2926340.9152,2919.8439,1767.717,6893.0726,0.0,0.0765,3.9732,0.0,0.0,1.0,0.0,1.0,0.0,0.0,1.172,-23.972,0.0,1.0,0.0,0.0,0.0,-1.0,0.0898276126811795,0.01345362404707371,-0.116325,1.8799444739733178,4.1022472061824375,,
482.5505,23.243,0.063,0.061,19.271,0.164,0.042,-0.102,-0.01,-0.009,-0.102,-0.01,-0.01,0.005,-0.271,0.35,-0.007,-0.007,0.006,0.0,-0.0,-0.0,833.877,-0.0,0.0,-0.0,0.0,0.0,0.0,0.0,0.0,-0.675,0.7027,-0.2249,0.732,0.6761,-0.0841,0.093,-0.2214,-0.9707,0.676,0.226,-0.7014,-0.7316,0.0917,-0.6755,-0.0884,0.9698,0.2273,0.0001,-0.0001,-0.0001,0.0,0.0,0.0,-0.0366,-0.0098,-0.0958,22.4182,18.4302,18.2085,0.0,0.0433,-0.3624,0.0,0.0,0.0,4303625.5701,4276872.408,-2924898.0408,2918.6472,1766.5543,6893.7655,4303603.152,4276853.9778,-2924916.2492,2918.6838,1766.5641,6893.8613,0.0,0.0765,3.9732,0.0,0.0,1.0,0.0,1.0,0.0,0.0,1.172,-23.972,0.0,1.0,0.0,0.0,0.0,-1.0,0.08769264507357502,0.01345362404707371,-0.116215,1.8773111442152304,4.098368012606851,,
482.7512,23.223,0.061,0.059,19.25,0.162,0.04,-0.102,-0.01,-0.009,-0.102,-0.01,-0.01,0.004,-0.273,0.352,-0.007,-0.007,0.006,0.0,-0.0,-0.0,833.877,-0.0,0.0,-0.0,0.0,0.0,0.0,0.0,0.0,-0.6749,0.7027,-0.2249,0.732,0.6761,-0.084,0.093,-0.2214,-0.9707,0.676,0.226,-0.7014,-0.7316,0.0917,-0.6755,-0.0884,0.9698,0.2273,0.0001,-0.0001,-0.0001,0.0,0.0,0.0,-0.0366,-0.0098,-0.0958,22.4108,18.4282,18.1891,0.0,0.0433,-0.3624,0.0,0.0,0.0,4304214.364,4277228.7397,-2923506.979,2917.5144,1765.4286,6894.5352,4304191.9532,4277210.3115,-2923525.1682,2917.551,1765.4384,6894.631,0.0,0.0765,3.9732,0.0,0.0,1.0,0.0,1.0,0.0,0.0,1.172,-23.972,0.0,1.0,0.0,0.0,0.0,-1.0,0.0848645980371085,0.01345362404707371,-0.116115,1.8727482126960417,4.094841472992682,,
482.9525,23.202,0.059,0.057,19.23,0.16,0.038,-0.102,-0.01,-0.009,-0.102,-0.01,-0.01,0.002,-0.274,0.353,-0.007,-0.007,0.006,0.0,-0.0,-0.0,833.877,-0.0,0.0,-0.0,0.0,0.0,0.0,0.0,0.0,-0.6749,0.7028,-0.2249,0.732,0.6761,-0.084,0.0931,-0.2214,-0.9707,0.676,0.226,-0.7014,-0.7316,0.0917,-0.6755,-0.0884,0.9698,0.2273,0.0001,-0.0001,-0.0001,0.0,0.0,0.0,-0.0366,-0.0098,-0.0958,22.4034,18.4263,18.17,0.0,0.0433,-0.3624,0.0,0.0,0.0,4304797.2913,4277581.4335,-2922129.0917,2916.3924,1764.3136,6895.2971,4304774.8878,4277563.0072,-2922147.2616,2916.4289,1764.3234,6895.3929,0.0,0.0765,3.9732,0.0,0.0,1.0,0.0,1.0,0.0,0.0,1.172,-23.972,0.0,1.0,0.0,0.0,0.0,-1.0,0.08203657720797473,0.01345362404707371,-0.11601,1.8689180856475196,4.091138606397805,,
483.1533,23.182,0.057,0.055,19.209,0.158,0.036,-0.102,-0.01,-0.009,-0.102,-0.01,-0.01,0.001,-0.275,0.354,-0.007,-0.007,0.006,0.0,-0.0,-0.0,833.877,-0.0,0.0,-0.0,0.0,0.0,0.0,0.0,0.0,-0.6749,0.7028,-0.2249,0.732,0.6761,-0.084,0.0931,-0.2213,-0.9707,0.676,0.226,-0.7014,-0.7316,0.0917,-0.6755,-0.0884,0.9698,0.2273,0.0001,-0.0001,-0.0001,0.0,0.0,0.0,-0.0366,-0.0098,-0.0958,22.3961,18.4243,18.1507,0.0,0.0433,-0.3624,0.0,0.0,0.0,4305384.3887,4277936.5621,-2920740.6584,2915.2617,1763.19,6896.0644,4305361.9926,4277918.1378,-2920758.809,2915.2982,1763.1999,6896.1602,0.0,0.0765,3.9732,0.0,0.0,1.0,0.0,1.0,0.0,0.0,1.172,-23.972,0.0,1.0,0.0,0.0,0.0,-1.0,0.0792085853932514,0.01345362404707371,-0.11591,1.86437048464183,4.087612066783635,,
483.354,23.161,0.054,0.053,19.189,0.156,0.034,-0.102,-0.01,-0.009,-0.102,-0.01,-0.01,-0.001,-0.277,0.356,-0.007,-0.007,0.006,0.0,-0.0,-0.0,833.877,-0.0,0.0,-0.0,0.0,0.0,0.0,0.0,0.0,-0.6749,0.7028,-0.2249,0.732,0.6761,-0.0839,0.0931,-0.2213,-0.9707,0.676,0.226,-0.7014,-0.7316,0.0917,-0.6755,-0.0884,0.9698,0.2273,0.0001,-0.0001,-0.0001,0.0,0.0,0.0,-0.0366,-0.0098,-0.0958,22.3888,18.4224,18.1315,0.0,0.0433,-0.3624,0.0,0.0,0.0,4305968.217,4278289.6255,-2919359.2691,2914.1367,1762.0722,6896.8273,4305945.8282,4278271.2031,-2919377.4006,2914.1732,1762.0821,6896.9232,0.0,0.0765,3.9732,0.0,0.0,1.0,0.0,1.0,0.0,0.0,1.172,-23.972,0.0,1.0,0.0,0.0,0.0,-1.0,0.07566372975210778,0.01345362404707371,-0.115805,1.8748988092488816,4.083909200188757,,
483.5564,23.141,0.052,0.051,19.168,0.154,0.032,-0.102,-0.01,-0.009,-0.102,-0.01,-0.01,-0.003,-0.278,0.357,-0.007,-0.007,0.006,0.0,-0.0,-0.0,833.877,-0.0,0.0,-0.0,0.0,0.0,0.0,0.0,0.0,-0.6749,0.7028,-0.2249,0.7321,0.6761,-0.0839,0.0931,-0.2213,-0.9708,0.676,0.226,-0.7014,-0.7316,0.0917,-0.6755,-0.0884,0.9698,0.2273,0.0001,-0.0001,-0.0001,0.0,0.0,0.0,-0.0366,-0.0098,-0.0958,22.3814,18.4204,18.1121,0.0,0.0433,-0.3624,0.0,0.0,0.0,4306557.9683,4278646.1817,-2917963.1681,2912.9997,1760.9426,6897.5979,4306535.5869,4278627.7613,-2917981.2802,2913.0362,1760.9524,6897.6938,0.0,0.0765,3.9732,0.0,0.0,1.0,0.0,1.0,0.0,0.0,1.172,-23.972,0.0,1.0,0.0,0.0,0.0,-1.0,0.07283543093852057,0.01345362404707371,-0.11570499999999999,1.8703593542863381,4.080382660574588,,
483.7625,23.12,0.05,0.049,19.147,0.152,0.03,-0.102,-0.01,-0.009,-0.102,-0.01,-0.01,-0.004,-0.279,0.358,-0.007,-0.007,0.006,0.0,-0.0,-0.0,833.877,-0.0,0.0,-0.0,0.0,0.0,0.0,0.0,0.0,-0.6748,0.7029,-0.2249,0.7321,0.676,-0.0839,0.0931,-0.2213,-0.9708,0.676,0.226,-0.7014,-0.7316,0.0917,-0.6755,-0.0884,0.9698,0.2273,0.0001,-0.0001,-0.0001,0.0,0.0,0.0,-0.0366,-0.0098,-0.0959,22.3737,18.4184,18.0922,0.0,0.0433,-0.3624,0.0,0.0,0.0,4307162.0937,4279011.3354,-2916532.3134,2911.8343,1759.7848,6898.3873,4307139.7199,4278992.917,-2916550.4056,2911.8709,1759.7947,6898.4831,0.0,0.0765,3.9732,0.0,0.0,1.0,0.0,1.0,0.0,0.0,1.172,-23.972,0.0,1.0,0.0,0.0,0.0,-1.0,0.07000714249274856,0.01345362404707371,-0.11560000000000001,1.8662031501664427,4.076679793979711,,
483.9693,23.099,0.048,0.048,19.126,0.149,0.028,-0.102,-0.01,-0.009,-0.102,-0.01,-0.01,-0.006,-0.281,0.359,-0.007,-0.007,0.006,0.0,-0.0,-0.0,833.877,-0.0,0.0,-0.0,0.0,0.0,0.0,0.0,0.0,-0.6748,0.7029,-0.2249,0.7321,0.676,-0.0838,0.0931,-0.2213,-0.9708,0.676,0.226,-0.7014,-0.7316,0.0917,-0.6755,-0.0884,0.9698,0.2273,0.0001,-0.0001,-0.0001,0.0,0.0,0.0,-0.0366,-0.0098,-0.0959,22.3662,18.4164,18.0725,0.0,0.0433,-0.3624,0.0,0.0,0.0,4307761.3993,4279373.4829,-2915112.1454,2910.6777,1758.6358,6899.1703,4307739.033,4279355.0666,-2915130.2179,2910.7142,1758.6456,6899.2661,0.0,0.0765,3.9732,0.0,0.0,1.0,0.0,1.0,0.0,0.0,1.172,-23.972,0.0,1.0,0.0,0.0,0.0,-1.0,0.06788225099390856,0.01345362404707371,-0.115495,1.8468501719429737,4.072976927384833,,
484.1769,23.077,0.046,0.046,19.105,0.147,0.026,-0.102,-0.01,-0.009,-0.102,-0.01,-0.01,-0.007,-0.282,0.361,-0.007,-0.007,0.006,0.0,-0.0,-0.0,833.877,-0.0,0.0,-0.0,0.0,0.0,0.0,0.0,0.0,-0.6748,0.7029,-0.2249,0.7321,0.676,-0.0838,0.0932,-0.2212,-0.9708,0.676,0.226,-0.7014,-0.7316,0.0917,-0.6755,-0.0884,0.9698,0.2273,0.0001,-0.0001,-0.0001,0.0,0.0,0.0,-0.0365,-0.0098,-0.0959,22.3587,18.4143,18.0526,0.0,0.0433,-0.3624,0.0,0.0,0.0,4308363.1238,4279736.9987,-2913685.5174,2909.5157,1757.4815,6899.9563,4308340.7651,4279718.5843,-2913703.5701,2909.5523,1757.4913,6900.0522,0.0,0.0765,3.9732,0.0,0.0,1.0,0.0,1.0,0.0,0.0,1.172,-23.972,0.0,1.0,0.0,0.0,0.0,-1.0,0.06505382386916236,0.01345362404707371,-0.11538500000000002,1.843129399290444,4.069097733809246,,
484.3774,23.057,0.044,0.044,19.084,0.145,0.024,-0.102,-0.01,-0.009,-0.102,-0.01,-0.01,-0.009,-0.283,0.362,-0.007,-0.007,0.006,0.0,-0.0,-0.0,833.877,-0.0,0.0,-0.0,0.0,0.0,0.0,0.0,0.0,-0.6748,0.7029,-0.2249,0.7321,0.676,-0.0838,0.0932,-0.2212,-0.9708,0.676,0.226,-0.7014,-0.7316,0.0917,-0.6755,-0.0884,0.9698,0.2273,0.0001,-0.0001,-0.0001,0.0,0.0,0.0,-0.0365,-0.0098,-0.0959,22.3513,18.4124,18.0334,0.0,0.0433,-0.3624,0.0,0.0,0.0,4308947.1923,4280089.7587,-2912300.0469,2908.3873,1756.3606,6900.7192,4308924.8409,4280071.3463,-2912318.0803,2908.4238,1756.3704,6900.8151,0.0,0.0765,3.9732,0.0,0.0,1.0,0.0,1.0,0.0,0.0,1.172,-23.972,0.0,1.0,0.0,0.0,0.0,-1.0,0.06222539674441618,0.01345362404707371,-0.115285,1.8386726406044338,4.065571194195076,,
484.5828,23.036,0.042,0.042,19.063,0.143,0.022,-0.102,-0.01,-0.009,-0.102,-0.01,-0.01,-0.01,-0.285,0.363,-0.007,-0.007,0.006,0.0,-0.0,-0.0,833.877,-0.0,0.0,-0.0,0.0,0.0,0.0,0.0,0.0,-0.6747,0.7029,-0.2249,0.7322,0.676,-0.0837,0.0932,-0.2212,-0.9708,0.676,0.226,-0.7014,-0.7316,0.0917,-0.6755,-0.0884,0.9698,0.2273,0.0001,-0.0001,-0.0001,0.0,0.0,0.0,-0.0365,-0.0098,-0.0959,22.3438,18.4104,18.0136,0.0,0.0433,-0.3624,0.0,0.0,0.0,4309545.8065,4280451.2126,-2910879.354,2907.2301,1755.2112,6901.5011,4309523.4627,4280432.8022,-2910897.3676,2907.2666,1755.221,6901.597,0.0,0.0765,3.9732,0.0,0.0,1.0,0.0,1.0,0.0,0.0,1.172,-23.972,0.0,1.0,0.0,0.0,0.0,-1.0,0.05939696961967,0.01345362404707371,-0.11518,1.8345976913986253,4.061868327600199,,
484.7894,23.015,0.04,0.04,19.042,0.141,0.02,-0.102,-0.01,-0.009,-0.102,-0.01,-0.01,-0.012,-0.286,0.364,-0.007,-0.007,0.006,0.0,-0.0,-0.0,833.877,-0.0,0.0,-0.0,0.0,0.0,0.0,0.0,0.0,-0.6747,0.703,-0.2249,0.7322,0.676,-0.0837,0.0932,-0.2212,-0.9708,0.676,0.226,-0.7014,-0.7316,0.0917,-0.6755,-0.0884,0.9698,0.2273,0.0001,-0.0001,-0.0001,0.0,0.0,0.0,-0.0365,-0.0098,-0.0959,22.3363,18.4084,17.9938,0.0,0.0433,-0.3624,0.0,0.0,0.0,4310145.4653,4280813.2038,-2909455.455,2906.0703,1754.0592,6902.2843,4310123.129,4280794.7954,-2909473.4488,2906.1068,1754.069,6902.3802,0.0,0.0765,3.9732,0.0,0.0,1.0,0.0,1.0,0.0,0.0,1.172,-23.972,0.0,1.0,0.0,0.0,0.0,-1.0,0.0565685424949238,0.01345362404707371,-0.115075,1.830532201279025,4.058165461005322,,
484.9909,22.994,0.037,0.038,19.022,0.139,0.018,-0.102,-0.01,-0.009,-0.102,-0.01,-0.01,-0.013,-0.287,0.366,-0.007,-0.007,0.006,0.0,-0.0,-0.0,833.877,-0.0,0.0,-0.0,0.0,0.0,0.0,0.0,0.0,-0.6747,0.703,-0.2249,0.7322,0.6759,-0.0837,0.0932,-0.2212,-0.9708,0.676,0.226,-0.7014,-0.7316,0.0917,-0.6755,-0.0884,0.9698,0.2273,0.0001,-0.0001,-0.0001,0.0,0.0,0.0,-0.0365,-0.0098,-0.0959,22.3289,18.4064,17.9745,0.0,0.0433,-0.3624,0.0,0.0,0.0,4310730.1783,4281166.0829,-2908066.3439,2904.9387,1752.9354,6903.0478,4310707.8494,4281147.6765,-2908084.3184,2904.9753,1752.9452,6903.1437,0.0,0.0765,3.9732,0.0,0.0,1.0,0.0,1.0,0.0,0.0,1.172,-23.972,0.0,1.0,0.0,0.0,0.0,-1.0,0.05303772242470447,0.01345362404707371,-0.11497,1.8411224350287878,4.0544625944104435,,
485.1926,22.974,0.035,0.036,19.001,0.137,0.016,-0.102,-0.01,-0.009,-0.102,-0.01,-0.01,-0.015,-0.289,0.367,-0.007,-0.007,0.006,0.0,-0.0,-0.0,833.877,-0.0,0.0,-0.0,0.0,0.0,0.0,0.0,0.0,-0.6747,0.703,-0.225,0.7322,0.6759,-0.0837,0.0932,-0.2211,-0.9708,0.676,0.226,-0.7014,-0.7316,0.0917,-0.6755,-0.0884,0.9698,0.2273,0.0001,-0.0001,-0.0001,0.0,0.0,0.0,-0.0365,-0.0098,-0.0959,22.3216,18.4045,17.9553,0.0,0.0433,-0.3624,0.0,0.0,0.0,4311313.0951,4281517.7898,-2906680.8052,2903.8101,1751.8146,6903.809,4311290.7735,4281499.3854,-2906698.7605,2903.8466,1751.8243,6903.9049,0.0,0.0765,3.9732,0.0,0.0,1.0,0.0,1.0,0.0,0.0,1.172,-23.972,0.0,1.0,0.0,0.0,0.0,-1.0,0.050209560842532766,0.01345362404707371,-0.11487,1.8366942440290723,4.050936054796274,,
485.3932,22.953,0.033,0.035,18.981,0.135,0.015,-0.102,-0.01,-0.009,-0.102,-0.01,-0.01,-0.016,-0.29,0.368,-0.007,-0.007,0.006,0.0,-0.0,-0.0,833.877,-0.0,0.0,-0.0,0.0,0.0,0.0,0.0,0.0,-0.6746,0.703,-0.225,0.7322,0.6759,-0.0836,0.0933,-0.2211,-0.9708,0.676,0.226,-0.7014,-0.7316,0.0917,-0.6755,-0.0884,0.9698,0.2273,0.0001,-0.0001,-0.0001,0.0,0.0,0.0,-0.0365,-0.0098,-0.0959,22.3142,18.4025,17.9359,0.0,0.0433,-0.3624,0.0,0.0,0.0,4311898.5226,4281870.9227,-2905288.6033,2902.676,1750.6883,6904.5733,4311876.2084,4281852.5202,-2905306.5392,2902.7125,1750.6981,6904.6693,0.0,0.0765,3.9732,0.0,0.0,1.0,0.0,1.0,0.0,0.0,1.172,-23.972,0.0,1.0,0.0,0.0,0.0,-1.0,0.048104053883222773,0.01345362404707371,-0.11476499999999999,1.8326637908500083,4.047233188201396,,
485.5942,22.933,0.031,0.033,18.96,0.133,0.013,-0.102,-0.01,-0.009,-0.102,-0.01,-0.01,-0.018,-0.291,0.37,-0.007,-0.007,0.006,0.0,-0.0,-0.0,833.877,-0.0,0.0,-0.0,0.0,0.0,0.0,0.0,0.0,-0.6746,0.7031,-0.225,0.7323,0.6759,-0.0836,0.0933,-0.2211,-0.9708,0.676,0.226,-0.7014,-0.7316,0.0917,-0.6755,-0.0884,0.9698,0.2273,0.0001,-0.0001,-0.0001,0.0,0.0,0.0,-0.0365,-0.0098,-0.096,22.3069,18.4006,17.9166,0.0,0.0433,-0.3624,0.0,0.0,0.0,4312482.1759,4282222.8963,-2903899.9281,2901.5448,1749.565,6905.3353,4312459.869,4282204.4957,-2903917.8447,2901.5813,1749.5748,6905.4313,0.0,0.0765,3.9732,0.0,0.0,1.0,0.0,1.0,0.0,0.0,1.172,-23.972,0.0,1.0,0.0,0.0,0.0,-1.0,0.045276925690687087,0.01345362404707371,-0.114665,1.8282473909553758,4.043706648587227,,
485.7969,22.912,0.029,0.031,18.939,0.131,0.011,-0.102,-0.01,-0.009,-0.102,-0.01,-0.01,-0.019,-0.293,0.371,-0.007,-0.007,0.006,0.0,-0.0,-0.0,833.877,-0.0,0.0,-0.0,0.0,0.0,0.0,0.0,0.0,-0.6746,0.7031,-0.225,0.7323,0.6759,-0.0836,0.0933,-0.2211,-0.9708,0.676,0.226,-0.7014,-0.7316,0.0917,-0.6755,-0.0884,0.9698,0.2273,0.0001,-0.0001,-0.0001,0.0,0.0,0.0,-0.0365,-0.0098,-0.096,22.2994,18.3986,17.8971,0.0,0.0433,-0.3624,0.0,0.0,0.0,4313071.6147,4282578.2692,-2902496.7779,2900.4017,1748.43,6906.1048,4313049.3152,4282559.8706,-2902514.675,2900.4382,1748.4398,6906.2008,0.0,0.0765,3.9732,0.0,0.0,1.0,0.0,1.0,0.0,0.0,1.172,-23.972,0.0,1.0,0.0,0.0,0.0,-1.0,0.042449970553582246,0.01345362404707371,-0.11456,1.8242176970594965,4.0400037819923496,,
486.0,22.891,0.027,0.029,18.918,0.129,0.009,-0.102,-0.01,-0.009,-0.102,-0.01,-0.01,-0.021,-0.294,0.372,-0.007,-0.007,0.006,0.0,-0.0,-0.0,833.877,-0.0,0.0,-0.0,0.0,0.0,0.0,0.0,0.0,-0.6746,0.7031,-0.225,0.7323,0.6758,-0.0835,0.0933,-0.2211,-0.9708,0.676,0.226,-0.7014,-0.7316,0.0917,-0.6755,-0.0884,0.9698,0.2273,0.0001,-0.0001,-0.0001,0.0,0.0,0.0,-0.0365,-0.0098,-0.096,22.292,18.3966,17.8776,0.0,0.0433,-0.3624,0.0,0.0,0.0,4313662.3589,4282934.3378,-2901089.811,2899.2555,1747.2919,6906.8759,4313640.0668,4282915.9412,-2901107.6886,2899.292,1747.3017,6906.9719,0.0,0.0765,3.9732,0.0,0.0,1.0,0.0,1.0,0.0,0.0,1.172,-23.972,0.0,1.0,0.0,0.0,0.0,-1.0,0.0396232255123179,0.01345362404707371,-0.11445499999999999,1.8201983837453435,4.036300915397471,,
486.2024,22.87,0.025,0.027,18.898,0.127,0.007,-0.102,-0.01,-0.006,-0.102,-0.01,-0.007,-0.022,-0.295,0.373,-0.007,-0.007,0.006,0.0,-0.0,-0.0,833.867,1.0,0.0,-0.0,0.0,0.0,0.0,0.0,0.0,-0.6745,0.7031,-0.225,0.7323,0.6758,-0.0835,0.0933,-0.2211,-0.9708,0.676,0.226,-0.7014,-0.7316,0.0917,-0.6755,-0.0884,0.9698,0.2273,0.0001,-0.0001,-0.0001,0.0,0.0,0.0,-0.0347,-0.0117,-0.0962,22.2847,18.3946,17.8581,0.0,0.0433,-0.3624,0.0,0.0,0.0,4314249.2442,4283287.9903,-2899691.3273,2898.1179,1746.1588,6907.6417,4314226.9595,4283269.5957,-2899709.1855,2898.1527,1746.1705,6907.7379,0.0,0.0765,3.9732,0.0,0.0,1.0,0.0,1.0,0.0,0.0,1.172,-23.972,0.0,1.0,0.0,0.0,0.0,-1.0,0.0367967389859482,0.0116619037896906,-0.11435000000000001,1.816552150774103,4.032598048802594,,
486.408,22.849,0.023,0.027,18.877,0.125,0.006,-0.102,-0.01,0.0,-0.102,-0.01,-0.0,-0.024,-0.297,0.375,-0.008,-0.007,0.006,0.0,-0.0,-0.0,833.839,1.0,0.0,-0.0,0.0,0.0,0.0,0.0,0.0,-0.6745,0.7032,-0.225,0.7323,0.6758,-0.0835,0.0933,-0.221,-0.9708,0.676,0.226,-0.7014,-0.7316,0.0917,-0.6755,-0.0884,0.9698,0.2273,0.0001,-0.0001,-0.0001,0.0,0.0,0.0,-0.0301,-0.0167,-0.0969,22.278,18.3917,17.8383,0.0,0.0433,-0.3624,0.0,0.0,0.0,4314842.8564,4283645.6032,-2898276.101,2896.9695,1745.0091,6908.4157,4314820.5783,4283627.2115,-2898293.9393,2896.9997,1745.0258,6908.5126,0.0,0.0765,3.9732,0.0,0.0,1.0,0.0,1.0,0.0,0.0,1.172,-23.972,0.0,1.0,0.0,0.0,0.0,-1.0,0.0354682957019364,0.01,-0.114245,1.8143940062213102,4.028895182207716,,
486.6136,22.828,0.021,0.027,18.856,0.123,0.007,-0.102,-0.01,0.003,-0.102,-0.01,0.003,-0.026,-0.298,0.376,-0.008,-0.007,0.006,0.0,-0.0,-0.0,833.826,-0.0,0.0,-0.0,0.0,0.0,0.0,0.0,0.0,-0.6745,0.7032,-0.225,0.7324,0.6758,-0.0834,0.0934,-0.221,-0.9708,0.676,0.226,-0.7014,-0.7316,0.0917,-0.6755,-0.0884,0.9698,0.2273,0.0001,-0.0001,-0.0001,0.0,0.0,0.0,-0.028,-0.019,-0.0972,22.2722,18.3879,17.8184,0.0,0.0433,-0.3624,0.0,0.0,0.0,4315438.3099,4284004.2314,-2896855.7596,2895.8145,1743.858,6909.1925,4315416.0377,4283985.8435,-2896873.578,2895.8425,1743.877,6909.2897,0.0,0.0765,3.9732,0.0,0.0,1.0,0.0,1.0,0.0,0.0,1.172,-23.972,0.0,1.0,0.0,0.0,0.0,-1.0,0.03420526275297414,0.01044030650891055,-0.11413999999999999,1.8070026941625044,4.025192315612839,,
486.8177,22.807,0.018,0.028,18.835,0.121,0.007,-0.102,-0.01,0.003,-0.102,-0.01,0.003,-0.027,-0.299,0.377,-0.008,-0.007,0.006,0.0,-0.0,-0.0,833.826,-0.0,0.0,-0.0,0.0,0.0,0.0,0.0,0.0,-0.6745,0.7032,-0.225,0.7324,0.6758,-0.0834,0.0934,-0.221,-0.9708,0.676,0.226,-0.7014,-0.7316,0.0917,-0.6755,-0.0884,0.9698,0.2273,0.0001,-0.0001,-0.0001,0.0,0.0,0.0,-0.028,-0.019,-0.0972,22.2664,18.384,17.7985,0.0,0.0433,-0.3624,0.0,0.0,0.0,4316029.8682,4284360.4216,-2895443.9882,2894.6642,1742.7162,6909.9644,4316007.6017,4284342.0376,-2895461.7867,2894.6922,1742.7352,6910.0616,0.0,0.0765,3.9732,0.0,0.0,1.0,0.0,1.0,0.0,0.0,1.172,-23.972,0.0,1.0,0.0,0.0,0.0,-1.0,0.033286633954186476,0.01044030650891055,-0.114035,1.8186697262389073,4.0214894490179605,,
487.0195,22.787,0.016,0.029,18.814,0.119,0.008,-0.102,-0.01,0.003,-0.102,-0.01,0.003,-0.029,-0.301,0.378,-0.008,-0.007,0.006,0.0,-0.0,-0.0,833.826,-0.0,0.0,-0.0,0.0,0.0,0.0,0.0,0.0,-0.6744,0.7032,-0.225,0.7324,0.6758,-0.0834,0.0934,-0.221,-0.9708,0.676,0.226,-0.7014,-0.7316,0.0917,-0.6755,-0.0884,0.9698,0.2273,0.0001,-0.0001,-0.0001,0.0,0.0,0.0,-0.028,-0.019,-0.0972,22.2608,18.3802,17.779,0.0,0.0433,-0.3624,0.0,0.0,0.0,4316612.02,4284710.8582,-2894053.9643,2893.5317,1741.592,6910.7239,4316589.7592,4284692.478,-2894071.7433,2893.5597,1741.6109,6910.8211,0.0,0.0765,3.9732,0.0,0.0,1.0,0.0,1.0,0.0,0.0,1.172,-23.972,0.0,1.0,0.0,0.0,0.0,-1.0,0.03312099032335839,0.01044030650891055,-0.113935,1.813094998127463,4.017962909403791,,
487.2269,22.766,0.014,0.029,18.793,0.117,0.009,-0.102,-0.01,0.003,-0.102,-0.01,0.003,-0.03,-0.302,0.38,-0.008,-0.007,0.006,0.0,-0.0,-0.0,833.826,-0.0,0.0,-0.0,0.0,0.0,0.0,0.0,0.0,-0.6744,0.7032,-0.225,0.7324,0.6757,-0.0833,0.0934,-0.221,-0.9708,0.676,0.226,-0.7014,-0.7316,0.0917,-0.6755,-0.0884,0.9698,0.2273,0.0001,-0.0001,-0.0001,0.0,0.0,0.0,-0.028,-0.019,-0.0972,22.255,18.3763,17.7588,0.0,0.0433,-0.3624,0.0,0.0,0.0,4317212.5679,4285072.2754,-2892619.2844,2892.3627,1740.4317,6911.5074,4317190.313,4285053.8991,-2892637.0432,2892.3907,1740.4506,6911.6046,0.0,0.0765,3.9732,0.0,0.0,1.0,0.0,1.0,0.0,0.0,1.172,-23.972,0.0,1.0,0.0,0.0,0.0,-1.0,0.03220248437620924,0.01044030650891055,-0.11382999999999999,1.8057208815584842,4.014260042808913,,
487.4342,22.744,0.012,0.03,18.772,0.115,0.009,-0.102,-0.01,0.003,-0.102,-0.01,0.003,-0.032,-0.304,0.381,-0.008,-0.007,0.006,0.0,-0.0,-0.0,833.826,-0.0,0.0,-0.0,0.0,0.0,0.0,0.0,0.0,-0.6744,0.7033,-0.225,0.7324,0.6757,-0.0833,0.0934,-0.2209,-0.9708,0.676,0.226,-0.7014,-0.7316,0.0917,-0.6755,-0.0884,0.9698,0.2273,0.0001,-0.0001,-0.0001,0.0,0.0,0.0,-0.028,-0.019,-0.0972,22.2492,18.3724,17.7386,0.0,0.0433,-0.3624,0.0,0.0,0.0,4317811.5996,4285432.6855,-2891187.4864,2891.196,1739.2738,6912.2888,4317789.3504,4285414.3131,-2891205.225,2891.2241,1739.2927,6912.3861,0.0,0.0765,3.9732,0.0,0.0,1.0,0.0,1.0,0.0,0.0,1.172,-23.972,0.0,1.0,0.0,0.0,0.0,-1.0,0.032310988842807024,0.01044030650891055,-0.11372,1.8034622289503708,4.010380849233328,,
487.6357,22.724,0.01,0.031,18.751,0.113,0.01,-0.102,-0.01,0.003,-0.102,-0.01,0.003,-0.033,-0.305,0.382,-0.008,-0.007,0.006,0.0,-0.0,-0.0,833.826,-0.0,0.0,-0.0,0.0,0.0,0.0,0.0,0.0,-0.6744,0.7033,-0.225,0.7325,0.6757,-0.0833,0.0934,-0.2209,-0.9708,0.676,0.226,-0.7014,-0.7316,0.0917,-0.6755,-0.0884,0.9698,0.2273,0.0001,-0.0001,-0.0001,0.0,0.0,0.0,-0.028,-0.0189,-0.0972,22.2435,18.3686,17.7189,0.0,0.0433,-0.3624,0.0,0.0,0.0,4318397.1116,4285784.87,-2889787.2898,2890.0551,1738.1414,6913.0526,4318374.868,4285766.5014,-2889805.0088,2890.0831,1738.1604,6913.1498,0.0,0.0765,3.9732,0.0,0.0,1.0,0.0,1.0,0.0,0.0,1.172,-23.972,0.0,1.0,0.0,0.0,0.0,-1.0,0.03257299494980466,0.01044030650891055,-0.11362,1.7978613008684055,4.0068543096191584,,
487.8426,22.702,0.008,0.032,18.73,0.111,0.01,-0.102,-0.01,0.003,-0.102,-0.01,0.003,-0.035,-0.306,0.384,-0.008,-0.007,0.006,0.0,-0.0,-0.0,833.826,-0.0,0.0,-0.0,0.0,0.0,0.0,0.0,0.0,-0.6743,0.7033,-0.225,0.7325,0.6757,-0.0832,0.0935,-0.2209,-0.9708,0.676,0.226,-0.7014,-0.7316,0.0917,-0.6755,-0.0884,0.9698,0.2273,0.0001,-0.0001,-0.0001,0.0,0.0,0.0,-0.028,-0.0189,-0.0973,22.2377,18.3647,17.6989,0.0,0.0433,-0.3624,0.0,0.0,0.0,4318993.3764,4286143.4295,-2888360.6502,2888.8926,1736.9877,6913.8302,4318971.1387,4286125.0648,-2888378.3491,2888.9206,1737.0067,6913.9275,0.0,0.0765,3.9732,0.0,0.0,1.0,0.0,1.0,0.0,0.0,1.172,-23.972,0.0,1.0,0.0,0.0,0.0,-1.0,0.03298484500494128,0.01044030650891055,-0.11351000000000001,1.7956941447754424,4.002975116043572,,
488.0456,22.682,0.006,0.032,18.709,0.109,0.011,-0.102,-0.01,0.003,-0.102,-0.01,0.003,-0.036,-0.308,0.385,-0.008,-0.007,0.006,0.0,-0.0,-0.0,833.826,-0.0,0.0,-0.0,0.0,0.0,0.0,0.0,0.0,-0.6743,0.7033,-0.225,0.7325,0.6757,-0.0832,0.0935,-0.2209,-0.9708,0.676,0.226,-0.7014,-0.7316,0.0917,-0.6755,-0.0884,0.9698,0.2273,0.0001,-0.0001,-0.0001,0.0,0.0,0.0,-0.028,-0.0189,-0.0973,22.2321,18.3608,17.6792,0.0,0.0433,-0.3624,0.0,0.0,0.0,4319576.7849,4286494.167,-2886964.0604,2887.7546,1735.8584,6914.5911,4319554.5529,4286475.8061,-2886981.7397,2887.7826,1735.8773,6914.6883,0.0,0.0765,3.9732,0.0,0.0,1.0,0.0,1.0,0.0,0.0,1.172,-23.972,0.0,1.0,0.0,0.0,0.0,-1.0,0.032557641192199414,0.01044030650891055,-0.11341,1.7877919671696512,3.9994485764294025,,
488.248,22.661,0.004,0.033,18.688,0.107,0.012,-0.102,-0.01,0.003,-0.102,-0.01,0.003,-0.038,-0.309,0.386,-0.008,-0.007,0.006,0.0,-0.0,-0.0,833.826,-0.0,0.0,-0.0,0.0,0.0,0.0,0.0,0.0,-0.6743,0.7034,-0.225,0.7325,0.6757,-0.0832,0.0935,-0.2209,-0.9708,0.676,0.226,-0.7014,-0.7316,0.0917,-0.6755,-0.0884,0.9698,0.2273,0.0001,-0.0001,-0.0001,0.0,0.0,0.0,-0.028,-0.0189,-0.0973,22.2264,18.357,17.6594,0.0,0.0433,-0.3624,0.0,0.0,0.0,4320165.2352,4286847.8445,-2885554.687,2886.6061,1734.7187,6915.3584,4320143.0089,4286829.4875,-2885572.3464,2886.6341,1734.7376,6915.4557,0.0,0.0765,3.9732,0.0,0.0,1.0,0.0,1.0,0.0,0.0,1.172,-23.972,0.0,1.0,0.0,0.0,0.0,-1.0,0.03324154027718933,0.01044030650891055,-0.113305,1.7825456692552544,3.9957457098345253,,
488.4507,22.64,0.002,0.034,18.668,0.105,0.012,-0.102,-0.01,0.003,-0.102,-0.01,0.003,-0.039,-0.31,0.388,-0.008,-0.007,0.006,0.0,-0.0,-0.0,833.826,-0.0,0.0,-0.0,0.0,0.0,0.0,0.0,0.0,-0.6743,0.7034,-0.225,0.7325,0.6756,-0.0831,0.0935,-0.2208,-0.9708,0.676,0.226,-0.7014,-0.7316,0.0917,-0.6755,-0.0884,0.9698,0.2273,0.0001,-0.0001,-0.0001,0.0,0.0,0.0,-0.028,-0.0189,-0.0973,22.2207,18.3532,17.6398,0.0,0.0433,-0.3624,0.0,0.0,0.0,4320745.8453,4287196.72,-2884163.388,2885.4723,1733.5937,6916.1155,4320723.6245,4287178.3668,-2884181.0279,2885.5003,1733.6126,6916.2128,0.0,0.0765,3.9732,0.0,0.0,1.0,0.0,1.0,0.0,0.0,1.172,-23.972,0.0,1.0,0.0,0.0,0.0,-1.0,0.03405877273185281,0.01044030650891055,-0.11320000000000001,1.7803142807629357,3.992042843239647,,
488.6567,22.619,-0.0,0.034,18.647,0.103,0.013,-0.102,-0.009,0.003,-0.102,-0.008,0.003,-0.041,-0.312,0.389,-0.008,-0.007,0.006,0.0,-0.0,-0.0,833.811,-0.0,1.0,-0.0,0.0,0.0,0.0,0.0,0.0,-0.6743,0.7034,-0.225,0.7326,0.6756,-0.0831,0.0935,-0.2208,-0.9708,0.676,0.226,-0.7014,-0.7316,0.0917,-0.6755,-0.0884,0.9698,0.2273,0.0001,-0.0001,-0.0001,0.0,0.0,0.0,-0.027,-0.018,-0.0976,22.2149,18.3493,17.6196,0.0,0.0433,-0.3624,0.0,0.0,0.0,4321344.4842,4287556.3348,-2882728.1567,2884.3036,1732.4341,6916.8957,4321322.2693,4287537.9855,-2882745.7764,2884.3306,1732.4521,6916.9933,0.0,0.0765,3.9732,0.0,0.0,1.0,0.0,1.0,0.0,0.0,1.172,-23.972,0.0,1.0,0.0,0.0,0.0,-1.0,0.034,0.009486832980505138,-0.113095,1.7727896228643918,3.9883399766447694,,
488.8622,22.598,-0.002,0.035,18.625,0.102,0.013,-0.102,-0.002,0.003,-0.102,-0.002,0.003,-0.043,-0.313,0.39,-0.008,-0.007,0.006,0.0,-0.0,-0.0,833.744,-0.0,1.0,-0.0,0.0,0.0,0.0,0.0,0.0,-0.6742,0.7034,-0.225,0.7326,0.6756,-0.0831,0.0935,-0.2208,-0.9708,0.676,0.226,-0.7014,-0.7316,0.0917,-0.6755,-0.0884,0.9698,0.2273,0.0001,-0.0001,-0.0001,0.0,0.0,0.0,-0.0225,-0.0136,-0.099,22.2098,18.3461,17.5994,0.0,0.0433,-0.3624,0.0,0.0,0.0,4321938.2141,4287912.9073,-2881303.9599,2883.1475,1731.2869,6917.6683,4321916.0043,4287894.5612,-2881321.5593,2883.17,1731.3005,6917.7673,0.0,0.0765,3.9732,0.0,0.0,1.0,0.0,1.0,0.0,0.0,1.172,-23.972,0.0,1.0,0.0,0.0,0.0,-1.0,0.03505709628591621,0.0036055512754639895,-0.11299,1.7865778660451084,3.984637110049891,,
489.0657,22.577,-0.001,0.036,18.605,0.102,0.014,-0.102,0.004,0.003,-0.102,0.004,0.003,-0.044,-0.314,0.391,-0.006,-0.007,0.006,0.0,-0.0,-0.0,833.677,-0.0,1.0,-0.0,0.0,0.0,0.0,0.0,0.0,-0.6742,0.7035,-0.225,0.7326,0.6756,-0.083,0.0936,-0.2208,-0.9708,0.676,0.226,-0.7014,-0.7316,0.0917,-0.6755,-0.0884,0.9698,0.2273,0.0001,-0.0001,-0.0001,0.0,0.0,0.0,-0.018,-0.0093,-0.1005,22.2057,18.3437,17.5791,0.0,0.0433,-0.3624,0.0,0.0,0.0,4322525.2188,4288265.3491,-2879895.176,2882.0038,1730.1521,6918.4321,4322503.0131,4288247.0054,-2879912.7551,2882.0218,1730.1614,6918.5325,0.0,0.0765,3.9732,0.0,0.0,1.0,0.0,1.0,0.0,0.0,1.172,-23.972,0.0,1.0,0.0,0.0,0.0,-1.0,0.03601388621073821,0.005,-0.11288500000000001,1.7725508427413128,3.980934243455014,,
489.2696,22.556,0.0,0.037,18.584,0.104,0.015,-0.102,0.01,0.003,-0.102,0.011,0.003,-0.046,-0.316,0.393,-0.007,-0.007,0.006,0.0,-0.0,-0.0,833.61,-0.0,1.0,-0.0,0.0,0.0,0.0,0.0,0.0,-0.6742,0.7035,-0.225,0.7326,0.6756,-0.083,0.0936,-0.2208,-0.9708,0.676,0.226,-0.7014,-0.7316,0.0917,-0.6755,-0.0884,0.9698,0.2273,0.0001,-0.0001,-0.0001,0.0,0.0,0.0,-0.0135,-0.005,-0.1019,22.2025,18.3423,17.5584,0.0,0.0433,-0.3624,0.0,0.0,0.0,4323112.7321,4288618.0049,-2878484.4558,2880.8586,1729.0159,6919.1964,4323090.5295,4288599.6626,-2878502.0143,2880.8721,1729.0208,6919.2983,0.0,0.0765,3.9732,0.0,0.0,1.0,0.0,1.0,0.0,0.0,1.172,-23.972,0.0,1.0,0.0,0.0,0.0,-1.0,0.037,0.01044030650891055,-0.11278,1.7917541564107722,3.977231376860136,,
489.4698,22.536,0.002,0.037,18.563,0.106,0.015,-0.102,0.012,0.003,-0.102,0.013,0.003,-0.047,-0.317,0.394,-0.007,-0.007,0.006,0.0,-0.0,-0.0,833.59,-0.0,0.0,-0.0,0.0,0.0,0.0,0.0,0.0,-0.6742,0.7035,-0.225,0.7326,0.6755,-0.083,0.0936,-0.2207,-0.9708,0.676,0.226,-0.7014,-0.7316,0.0917,-0.6755,-0.0884,0.9698,0.2273,0.0001,-0.0001,-0.0001,0.0,0.0,0.0,-0.0121,-0.0037,-0.1023,22.2001,18.3415,17.538,0.0,0.0433,-0.3623,0.0,0.0,0.0,4323689.1753,4288963.9266,-2877099.6216,2879.7313,1727.8975,6919.9473,4323666.9752,4288945.585,-2877117.1595,2879.7434,1727.9012,6920.0496,0.0,0.0765,3.9732,0.0,0.0,1.0,0.0,1.0,0.0,0.0,1.172,-23.972,0.0,1.0,0.0,0.0,0.0,-1.0,0.03705401462729781,0.012369316876852983,-0.11268,1.7967552611554656,3.973704837245967,,
489.6745,22.515,0.005,0.038,18.542,0.109,0.016,-0.102,0.012,0.003,-0.102,0.013,0.003,-0.048,-0.318,0.395,-0.007,-0.007,0.006,0.0,-0.0,-0.0,833.59,-0.0,0.0,-0.0,0.0,0.0,0.0,0.0,0.0,-0.6741,0.7035,-0.225,0.7327,0.6755,-0.0829,0.0936,-0.2207,-0.9708,0.676,0.226,-0.7014,-0.7316,0.0917,-0.6755,-0.0884,0.9698,0.2273,0.0001,-0.0001,-0.0001,0.0,0.0,0.0,-0.0121,-0.0037,-0.1023,22.1976,18.3408,17.5172,0.0,0.0433,-0.3623,0.0,0.0,0.0,4324274.0233,4289314.8016,-2875693.8858,2878.5855,1726.761,6920.7095,4324251.8257,4289296.4608,-2875711.403,2878.5977,1726.7647,6920.8118,0.0,0.0765,3.9732,0.0,0.0,1.0,0.0,1.0,0.0,0.0,1.172,-23.972,0.0,1.0,0.0,0.0,0.0,-1.0,0.0383275357934736,0.012369316876852983,-0.11257500000000001,1.8043244611440787,3.970001970651089,,
489.8815,22.494,0.008,0.039,18.521,0.112,0.017,-0.102,0.012,0.003,-0.102,0.013,0.003,-0.05,-0.32,0.397,-0.007,-0.007,0.006,0.0,-0.0,-0.0,833.59,-0.0,0.0,-0.0,0.0,0.0,0.0,0.0,0.0,-0.6741,0.7035,-0.225,0.7327,0.6755,-0.0829,0.0936,-0.2207,-0.9708,0.676,0.226,-0.7014,-0.7316,0.0917,-0.6755,-0.0884,0.9698,0.2273,0.0001,-0.0001,-0.0001,0.0,0.0,0.0,-0.0121,-0.0037,-0.1023,22.1951,18.3401,17.496,0.0,0.0433,-0.3623,0.0,0.0,0.0,4324871.0996,4289672.919,-2874258.0178,2877.4152,1725.6002,6921.4875,4324848.9046,4289654.5789,-2874275.5138,2877.4273,1725.6038,6921.5898,0.0,0.0765,3.9732,0.0,0.0,1.0,0.0,1.0,0.0,0.0,1.172,-23.972,0.0,1.0,0.0,0.0,0.0,-1.0,0.03981205847478877,0.012369316876852983,-0.11247,1.811916306042479,3.966299104056211,,
490.0897,22.473,0.01,0.039,18.5,0.114,0.017,-0.102,0.012,0.003,-0.102,0.013,0.003,-0.051,-0.321,0.398,-0.007,-0.007,0.006,0.0,-0.0,-0.0,833.59,-0.0,0.0,-0.0,0.0,0.0,0.0,0.0,0.0,-0.6741,0.7036,-0.225,0.7327,0.6755,-0.0829,0.0936,-0.2207,-0.9708,0.676,0.226,-0.7014,-0.7316,0.0917,-0.6755,-0.0884,0.9698,0.2273,0.0001,-0.0001,-0.0001,0.0,0.0,0.0,-0.0121,-0.0037,-0.1023,22.1926,18.3393,17.4748,0.0,0.0433,-0.3623,0.0,0.0,0.0,4325466.3192,4290029.8276,-2872825.8756,2876.2479,1724.4424,6922.263,4325444.1266,4290011.4883,-2872843.3504,2876.26,1724.446,6922.3654,0.0,0.0765,3.9732,0.0,0.0,1.0,0.0,1.0,0.0,0.0,1.172,-23.972,0.0,1.0,0.0,0.0,0.0,-1.0,0.04026164427839479,0.012369316876852983,-0.11236499999999999,1.8173417830174177,3.9625962374613333,,
490.2956,22.452,0.013,0.04,18.479,0.117,0.018,-0.102,0.012,0.003,-0.102,0.013,0.003,-0.052,-0.323,0.399,-0.007,-0.007,0.006,0.0,-0.0,-0.0,833.59,-0.0,0.0,-0.0,0.0,0.0,0.0,0.0,0.0,-0.6741,0.7036,-0.225,0.7327,0.6755,-0.0828,0.0937,-0.2207,-0.9708,0.676,0.226,-0.7014,-0.7316,0.0917,-0.6755,-0.0884,0.9698,0.2273,0.0001,-0.0001,-0.0001,0.0,0.0,0.0,-0.0121,-0.0037,-0.1024,22.1901,18.3386,17.4538,0.0,0.0433,-0.3623,0.0,0.0,0.0,4326057.3562,4290384.1343,-2871403.0658,2875.0881,1723.2922,6923.0331,4326035.1662,4290365.7957,-2871420.5196,2875.1003,1723.2958,6923.1354,0.0,0.0765,3.9732,0.0,0.0,1.0,0.0,1.0,0.0,0.0,1.172,-23.972,0.0,1.0,0.0,0.0,0.0,-1.0,0.042059481689626185,0.012369316876852983,-0.11226000000000001,1.8249705489714136,3.958893370866456,,
490.5006,22.43,0.015,0.041,18.458,0.119,0.018,-0.102,0.009,0.003,-0.102,0.01,0.003,-0.054,-0.324,0.401,-0.007,-0.007,0.007,0.0,-0.0,-0.0,833.579,-0.0,-1.0,-0.0,0.0,0.0,0.0,0.0,0.0,-0.674,0.7036,-0.225,0.7327,0.6755,-0.0828,0.0937,-0.2206,-0.9708,0.676,0.226,-0.7014,-0.7316,0.0917,-0.6755,-0.0884,0.9698,0.2273,0.0001,-0.0001,-0.0001,0.0,0.0,0.0,-0.0143,-0.0057,-0.1017,22.1875,18.3377,17.4325,0.0,0.0433,-0.3623,0.0,0.0,0.0,4326653.8031,4290741.5894,-2869966.4857,2873.915,1722.1288,6923.8107,4326631.6157,4290723.2517,-2869983.9182,2873.9292,1722.1345,6923.9124,0.0,0.0765,3.9732,0.0,0.0,1.0,0.0,1.0,0.0,0.0,1.172,-23.972,0.0,1.0,0.0,0.0,0.0,-1.0,0.04365775990588615,0.009486832980505138,-0.11215,1.8329888434190331,3.9550141772908693,,
490.704,22.41,0.016,0.042,18.437,0.121,0.019,-0.102,0.001,0.003,-0.102,0.002,0.003,-0.055,-0.325,0.402,-0.007,-0.007,0.008,0.0,-0.0,-0.0,833.549,-0.0,-1.0,-0.0,0.0,0.0,0.0,0.0,0.0,-0.674,0.7036,-0.225,0.7327,0.6755,-0.0828,0.0937,-0.2206,-0.9708,0.676,0.226,-0.7014,-0.7316,0.0917,-0.6755,-0.0884,0.9698,0.2273,0.0001,-0.0001,-0.0001,0.0,0.0,0.0,-0.0199,-0.0111,-0.0999,22.184,18.336,17.412,0.0,0.0433,-0.3623,0.0,0.0,0.0,4327237.76,4291091.4665,-2868559.2618,2872.7623,1720.9858,6924.5731,4327215.576,4291073.1305,-2868576.6738,2872.7821,1720.9969,6924.6731,0.0,0.0765,3.9732,0.0,0.0,1.0,0.0,1.0,0.0,0.0,1.172,-23.972,0.0,1.0,0.0,0.0,0.0,-1.0,0.044944410108488465,0.0031622776601683794,-0.11205,1.851896308828233,3.9514876376767,,
490.9091,22.388,0.016,0.042,18.416,0.12,0.02,-0.103,-0.007,0.003,-0.102,-0.006,0.003,-0.057,-0.327,0.404,-0.007,-0.007,0.008,0.0,-0.0,-0.0,833.518,-0.0,-1.0,-0.0,0.0,0.0,0.0,0.0,0.0,-0.674,0.7036,-0.2249,0.7328,0.6754,-0.0827,0.0937,-0.2206,-0.9709,0.676,0.226,-0.7014,-0.7316,0.0917,-0.6755,-0.0884,0.9698,0.2273,0.0001,-0.0001,-0.0001,0.0,0.0,0.0,-0.0255,-0.0165,-0.0982,22.1794,18.3332,17.3917,0.0,0.0433,-0.3623,0.0,0.0,0.0,4327827.3724,4291444.6384,-2867137.6832,2871.5978,1719.8313,6925.3429,4327805.1931,4291426.3052,-2867155.0749,2871.6233,1719.8478,6925.4411,0.0,0.0765,3.9732,0.0,0.0,1.0,0.0,1.0,0.0,0.0,1.172,-23.972,0.0,1.0,0.0,0.0,0.0,-1.0,0.044944410108488465,0.007615773105863909,-0.11194000000000001,1.8332080049761978,3.9476084441011143,,
491.1115,22.368,0.013,0.043,18.395,0.118,0.02,-0.103,-0.015,0.003,-0.103,-0.014,0.003,-0.058,-0.328,0.405,-0.007,-0.007,0.007,0.0,-0.0,-0.0,833.487,-0.0,-1.0,-0.0,0.0,0.0,0.0,0.0,0.0,-0.674,0.7037,-0.2249,0.7328,0.6754,-0.0827,0.0937,-0.2206,-0.9709,0.676,0.226,-0.7014,-0.7316,0.0917,-0.6755,-0.0884,0.9698,0.2273,0.0001,-0.0001,-0.0001,0.0,0.0,0.0,-0.031,-0.0218,-0.0965,22.1736,18.3294,17.372,0.0,0.0433,-0.3623,0.0,0.0,0.0,4328408.7167,4291792.7661,-2865735.3174,2870.4491,1718.6924,6926.1017,4328386.5431,4291774.4367,-2865752.6894,2870.4801,1718.7143,6926.1982,0.0,0.0765,3.9732,0.0,0.0,1.0,0.0,1.0,0.0,0.0,1.172,-23.972,0.0,1.0,0.0,0.0,0.0,-1.0,0.0449221548904324,0.015297058540778355,-0.11184,1.8443151763538703,3.944081904486944,,
491.3169,22.347,0.01,0.044,18.374,0.115,0.021,-0.103,-0.016,0.003,-0.103,-0.016,0.003,-0.059,-0.329,0.407,-0.007,-0.007,0.007,0.0,-0.0,-0.0,833.481,-0.0,0.0,-0.0,0.0,0.0,0.0,0.0,0.0,-0.674,0.7037,-0.2249,0.7328,0.6754,-0.0827,0.0938,-0.2206,-0.9709,0.676,0.226,-0.7014,-0.7316,0.0917,-0.6755,-0.0884,0.9698,0.2273,0.0001,-0.0001,-0.0001,0.0,0.0,0.0,-0.0322,-0.0229,-0.0961,22.167,18.3247,17.3523,0.0,0.0433,-0.3623,0.0,0.0,0.0,4328997.4811,4292145.2444,-2864314.3222,2869.2895,1717.5427,6926.8688,4328975.3141,4292126.9197,-2864331.6745,2869.3217,1717.5657,6926.9649,0.0,0.0765,3.9732,0.0,0.0,1.0,0.0,1.0,0.0,0.0,1.172,-23.972,0.0,1.0,0.0,0.0,0.0,-1.0,0.0451220566907139,0.016278820596099707,-0.111735,1.8364272862387758,3.940379037892067,,
491.5181,22.326,0.007,0.044,18.354,0.112,0.022,-0.103,-0.016,0.003,-0.103,-0.016,0.003,-0.061,-0.331,0.408,-0.007,-0.007,0.007,0.0,-0.0,-0.0,833.481,-0.0,0.0,-0.0,0.0,0.0,0.0,0.0,0.0,-0.6739,0.7037,-0.2249,0.7328,0.6754,-0.0826,0.0938,-0.2205,-0.9709,0.676,0.226,-0.7014,-0.7316,0.0917,-0.6755,-0.0884,0.9698,0.2273,0.0001,-0.0001,-0.0001,0.0,0.0,0.0,-0.0322,-0.0229,-0.0961,22.1606,18.3201,17.333,0.0,0.0433,-0.3623,0.0,0.0,0.0,4329572.6475,4292489.4912,-2862925.4438,2868.1572,1716.4201,6927.6178,4329550.4869,4292471.1711,-2862942.7768,2868.1894,1716.4431,6927.7139,0.0,0.0765,3.9732,0.0,0.0,1.0,0.0,1.0,0.0,0.0,1.172,-23.972,0.0,1.0,0.0,0.0,0.0,-1.0,0.044553338819890924,0.016278820596099707,-0.11163000000000001,1.8267987476248413,3.936676171297189,,
491.7189,22.305,0.004,0.045,18.333,0.109,0.022,-0.103,-0.016,0.003,-0.103,-0.016,0.003,-0.062,-0.332,0.41,-0.007,-0.007,0.007,0.0,-0.0,-0.0,833.481,-0.0,0.0,-0.0,0.0,0.0,0.0,0.0,0.0,-0.6739,0.7037,-0.2249,0.7328,0.6754,-0.0826,0.0938,-0.2205,-0.9709,0.676,0.226,-0.7014,-0.7316,0.0917,-0.6755,-0.0884,0.9698,0.2273,0.0001,-0.0001,-0.0001,0.0,0.0,0.0,-0.0322,-0.0229,-0.0961,22.1541,18.3155,17.3136,0.0,0.0433,-0.3623,0.0,0.0,0.0,4330150.8604,4292835.4718,-2861528.5026,2867.0183,1715.291,6928.3706,4330128.7063,4292817.1563,-2861545.8162,2867.0505,1715.314,6928.4667,0.0,0.0765,3.9732,0.0,0.0,1.0,0.0,1.0,0.0,0.0,1.172,-23.972,0.0,1.0,0.0,0.0,0.0,-1.0,0.04517742799230607,0.016278820596099707,-0.111525,1.8213794941429347,3.9329733047023114,,
491.9212,22.285,0.0,0.046,18.312,0.105,0.023,-0.103,-0.016,0.003,-0.103,-0.016,0.003,-0.063,-0.333,0.411,-0.007,-0.007,0.007,0.0,-0.0,-0.0,833.481,-0.0,0.0,-0.0,0.0,0.0,0.0,0.0,0.0,-0.6739,0.7038,-0.2249,0.7328,0.6754,-0.0826,0.0938,-0.2205,-0.9709,0.676,0.226,-0.7014,-0.7316,0.0917,-0.6755,-0.0884,0.9698,0.2273,0.0001,-0.0001,-0.0001,0.0,0.0,0.0,-0.0322,-0.0229,-0.0961,22.1476,18.3109,17.2942,0.0,0.0433,-0.3623,0.0,0.0,0.0,4330728.3493,4293180.9292,-2860132.6017,2865.8803,1714.1628,6929.1224,4330706.2017,4293162.6183,-2860149.8959,2865.9125,1714.1858,6929.2186,0.0,0.0765,3.9732,0.0,0.0,1.0,0.0,1.0,0.0,0.0,1.172,-23.972,0.0,1.0,0.0,0.0,0.0,-1.0,0.046,0.016278820596099707,-0.111425,1.8104584420962633,3.929446765088142,,
492.1294,22.264,-0.003,0.046,18.291,0.102,0.023,-0.103,-0.016,0.003,-0.103,-0.016,0.003,-0.065,-0.335,0.413,-0.007,-0.007,0.007,0.0,-0.0,-0.0,833.481,-0.0,0.0,-0.0,0.0,0.0,0.0,0.0,0.0,-0.6739,0.7038,-0.2249,0.7329,0.6753,-0.0825,0.0938,-0.2205,-0.9709,0.676,0.226,-0.7014,-0.7316,0.0917,-0.6755,-0.0884,0.9698,0.2273,0.0001,-0.0001,-0.0001,0.0,0.0,0.0,-0.0322,-0.0229,-0.0962,22.141,18.3062,17.2744,0.0,0.0433,-0.3623,0.0,0.0,0.0,4331320.0667,4293534.8042,-2858701.5809,2864.7136,1713.0063,6929.8927,4331297.9258,4293516.498,-2858718.8553,2864.7458,1713.0292,6929.9889,0.0,0.0765,3.9732,0.0,0.0,1.0,0.0,1.0,0.0,0.0,1.172,-23.972,0.0,1.0,0.0,0.0,0.0,-1.0,0.046097722286464436,0.016278820596099707,-0.11132,1.8029042761822491,3.925743898493264,,
492.3357,22.242,-0.006,0.047,18.27,0.099,0.024,-0.103,-0.016,0.003,-0.103,-0.016,0.003,-0.066,-0.336,0.414,-0.007,-0.007,0.007,0.0,-0.0,-0.0,833.481,-0.0,0.0,-0.0,0.0,0.0,0.0,0.0,0.0,-0.6738,0.7038,-0.2249,0.7329,0.6753,-0.0825,0.0938,-0.2204,-0.9709,0.676,0.226,-0.7014,-0.7316,0.0917,-0.6755,-0.0884,0.9698,0.2273,0.0001,-0.0001,-0.0001,0.0,0.0,0.0,-0.0322,-0.0229,-0.0962,22.1343,18.3014,17.2544,0.0,0.0433,-0.3623,0.0,0.0,0.0,4331914.7187,4293890.3389,-2857262.7128,2863.5405,1711.8434,6930.6667,4331892.5844,4293872.0374,-2857279.9672,2863.5726,1711.8663,6930.7629,0.0,0.0765,3.9732,0.0,0.0,1.0,0.0,1.0,0.0,0.0,1.172,-23.972,0.0,1.0,0.0,0.0,0.0,-1.0,0.04738143096192853,0.016278820596099707,-0.11121,1.7953293599792255,3.9218647049176782,,
492.543,22.221,-0.01,0.048,18.249,0.096,0.025,-0.103,-0.016,0.003,-0.103,-0.016,0.003,-0.068,-0.337,0.416,-0.007,-0.007,0.007,0.0,-0.0,-0.0,833.481,-0.0,0.0,-0.0,0.0,0.0,0.0,0.0,0.0,-0.6738,0.7038,-0.2249,0.7329,0.6753,-0.0825,0.0939,-0.2204,-0.9709,0.676,0.226,-0.7014,-0.7316,0.0917,-0.6755,-0.0884,0.9698,0.2273,0.0001,-0.0001,-0.0001,0.0,0.0,0.0,-0.0322,-0.0229,-0.0962,22.1276,18.2967,17.2345,0.0,0.0433,-0.3623,0.0,0.0,0.0,4332507.6463,4294244.7472,-2855827.2693,2862.3701,1710.6833,6931.4384,4332485.5186,4294226.4505,-2855844.5038,2862.4023,1710.7062,6931.5346,0.0,0.0765,3.9732,0.0,0.0,1.0,0.0,1.0,0.0,0.0,1.172,-23.972,0.0,1.0,0.0,0.0,0.0,-1.0,0.04903060268852505,0.016278820596099707,-0.111105,1.8016065905907321,3.9181618383228,,
492.7439,22.2,-0.013,0.049,18.228,0.093,0.025,-0.103,-0.016,0.003,-0.103,-0.016,0.003,-0.069,-0.339,0.417,-0.007,-0.007,0.007,0.0,-0.0,-0.0,833.481,-0.0,0.0,-0.0,0.0,0.0,0.0,0.0,0.0,-0.6738,0.7038,-0.2249,0.7329,0.6753,-0.0824,0.0939,-0.2204,-0.9709,0.676,0.226,-0.7014,-0.7316,0.0917,-0.6755,-0.0884,0.9698,0.2273,0.0001,-0.0001,-0.0001,0.0,0.0,0.0,-0.0322,-0.0229,-0.0962,22.1212,18.2921,17.2152,0.0,0.0433,-0.3623,0.0,0.0,0.0,4333083.0193,4294588.5715,-2854433.6097,2861.2337,1709.5571,6932.1872,4333060.8982,4294570.2794,-2854450.8249,2861.2659,1709.58,6932.2834,0.0,0.0765,3.9732,0.0,0.0,1.0,0.0,1.0,0.0,0.0,1.172,-23.972,0.0,1.0,0.0,0.0,0.0,-1.0,0.0506951674225463,0.016278820596099707,-0.111,1.7961959999751738,3.9144589717279223,,
492.9513,22.179,-0.016,0.049,18.207,0.089,0.026,-0.103,-0.016,0.003,-0.103,-0.016,0.003,-0.07,-0.34,0.419,-0.007,-0.007,0.007,0.0,-0.0,-0.0,833.481,-0.0,0.0,-0.0,0.0,0.0,0.0,0.0,0.0,-0.6738,0.7039,-0.2249,0.7329,0.6753,-0.0824,0.0939,-0.2204,-0.9709,0.676,0.226,-0.7014,-0.7316,0.0917,-0.6755,-0.0884,0.9698,0.2273,0.0001,-0.0001,-0.0001,0.0,0.0,0.0,-0.0322,-0.0229,-0.0962,22.1145,18.2874,17.1952,0.0,0.0433,-0.3623,0.0,0.0,0.0,4333676.6796,4294943.2291,-2852994.9193,2860.0607,1708.3944,6932.9598,4333654.5651,4294924.9417,-2853012.1145,2860.0928,1708.4173,6933.056,0.0,0.0765,3.9732,0.0,0.0,1.0,0.0,1.0,0.0,0.0,1.172,-23.972,0.0,1.0,0.0,0.0,0.0,-1.0,0.05154609587543949,0.016278820596099707,-0.110895,1.7691290803626836,3.9107561051330446,,
493.1553,22.158,-0.02,0.05,18.186,0.086,0.026,-0.103,-0.016,0.003,-0.103,-0.016,0.003,-0.072,-0.342,0.42,-0.007,-0.007,0.007,0.0,-0.0,-0.0,833.481,-0.0,0.0,-0.0,0.0,0.0,0.0,0.0,0.0,-0.6738,0.7039,-0.2249,0.733,0.6753,-0.0823,0.0939,-0.2203,-0.9709,0.676,0.226,-0.7014,-0.7316,0.0917,-0.6755,-0.0884,0.9698,0.2273,0.0001,-0.0001,-0.0001,0.0,0.0,0.0,-0.0322,-0.0229,-0.0962,22.1079,18.2827,17.1757,0.0,0.0433,-0.3623,0.0,0.0,0.0,4334257.3772,4295290.0502,-2851586.9135,2858.9126,1707.2566,6933.7154,4334235.2693,4295271.7675,-2851604.0891,2858.9447,1707.2795,6933.8116,0.0,0.0765,3.9732,0.0,0.0,1.0,0.0,1.0,0.0,0.0,1.172,-23.972,0.0,1.0,0.0,0.0,0.0,-1.0,0.05385164807134505,0.016278820596099707,-0.11079,1.7779415434174348,3.9070532385381673,,
493.3592,22.137,-0.023,0.051,18.165,0.083,0.027,-0.103,-0.016,0.003,-0.103,-0.016,0.003,-0.073,-0.343,0.422,-0.007,-0.007,0.007,0.0,-0.0,-0.0,833.481,-0.0,0.0,-0.0,0.0,0.0,0.0,0.0,0.0,-0.6737,0.7039,-0.2249,0.733,0.6753,-0.0823,0.0939,-0.2203,-0.9709,0.676,0.226,-0.7014,-0.7316,0.0917,-0.6755,-0.0884,0.9698,0.2273,0.0001,-0.0001,-0.0001,0.0,0.0,0.0,-0.0322,-0.0229,-0.0962,22.1013,18.2781,17.156,0.0,0.0433,-0.3623,0.0,0.0,0.0,4334840.9261,4295638.4817,-2850171.2703,2857.7582,1706.1127,6934.4746,4334818.8248,4295620.2036,-2850188.4263,2857.7904,1706.1356,6934.5708,0.0,0.0765,3.9732,0.0,0.0,1.0,0.0,1.0,0.0,0.0,1.172,-23.972,0.0,1.0,0.0,0.0,0.0,-1.0,0.055946402922797456,0.016278820596099707,-0.110685,1.7698896358171425,3.903350371943289,,
493.5617,22.116,-0.026,0.051,18.144,0.08,0.028,-0.103,-0.014,0.003,-0.103,-0.014,0.003,-0.074,-0.344,0.423,-0.007,-0.007,0.007,0.0,-0.0,-0.0,833.46,-0.0,1.0,-0.0,0.0,0.0,0.0,0.0,0.0,-0.6737,0.7039,-0.2249,0.733,0.6752,-0.0823,0.094,-0.2203,-0.9709,0.676,0.226,-0.7014,-0.7316,0.0917,-0.6755,-0.0884,0.9698,0.2273,0.0001,-0.0001,-0.0001,0.0,0.0,0.0,-0.0307,-0.0215,-0.0967,22.0948,18.2734,17.1363,0.0,0.0433,-0.3623,0.0,0.0,0.0,4335426.3441,4295987.9357,-2848750.3638,2856.601,1704.9659,6935.2357,4335404.2493,4295969.6622,-2848767.5,2856.6317,1704.9874,6935.3324,0.0,0.0765,3.9732,0.0,0.0,1.0,0.0,1.0,0.0,0.0,1.172,-23.972,0.0,1.0,0.0,0.0,0.0,-1.0,0.05724508712544684,0.014317821063276354,-0.11058,1.759657038850413,3.8996475053484114,,
493.7656,22.095,-0.028,0.052,18.123,0.078,0.028,-0.103,-0.008,0.003,-0.103,-0.007,0.003,-0.076,-0.346,0.425,-0.007,-0.007,0.007,0.0,-0.0,-0.0,833.393,-0.0,1.0,-0.0,0.0,0.0,0.0,0.0,0.0,-0.6737,0.704,-0.2249,0.733,0.6752,-0.0822,0.094,-0.2203,-0.9709,0.676,0.226,-0.7014,-0.7316,0.0917,-0.6755,-0.0884,0.9698,0.2273,0.0001,-0.0001,-0.0001,0.0,0.0,0.0,-0.0262,-0.0172,-0.0981,22.0891,18.2695,17.1165,0.0,0.0433,-0.3623,0.0,0.0,0.0,4336006.5185,4296334.1676,-2847341.4624,2855.4566,1703.8318,6935.989,4335984.4294,4296315.8981,-2847358.5789,2855.4828,1703.849,6936.0871,0.0,0.0765,3.9732,0.0,0.0,1.0,0.0,1.0,0.0,0.0,1.172,-23.972,0.0,1.0,0.0,0.0,0.0,-1.0,0.0590592922409336,0.008544003745317531,-0.11047499999999999,1.7567730997822137,3.8959446387535333,,
493.9667,22.075,-0.029,0.053,18.102,0.077,0.029,-0.103,-0.005,0.003,-0.103,-0.005,0.003,-0.077,-0.347,0.426,-0.007,-0.007,0.007,0.0,-0.0,-0.0,833.371,-0.0,0.0,-0.0,0.0,0.0,0.0,0.0,0.0,-0.6737,0.704,-0.2249,0.733,0.6752,-0.0822,0.094,-0.2202,-0.9709,0.676,0.226,-0.7014,-0.7316,0.0917,-0.6755,-0.0884,0.9698,0.2273,0.0001,-0.0001,-0.0001,0.0,0.0,0.0,-0.0247,-0.0157,-0.0986,22.084,18.2663,17.0968,0.0,0.0433,-0.3623,0.0,0.0,0.0,4336577.4229,4296674.7777,-2845954.3733,2854.3269,1702.7125,6936.7311,4336555.3389,4296656.5114,-2845971.4701,2854.3516,1702.7282,6936.8297,0.0,0.0765,3.9732,0.0,0.0,1.0,0.0,1.0,0.0,0.0,1.172,-23.972,0.0,1.0,0.0,0.0,0.0,-1.0,0.06041522986797286,0.0058309518948453,-0.110375,1.753534230580813,3.892418099139364,,
494.1697,22.054,-0.03,0.054,18.082,0.076,0.03,-0.103,-0.005,0.003,-0.103,-0.005,0.003,-0.079,-0.348,0.428,-0.007,-0.007,0.007,0.0,-0.0,-0.0,833.371,-0.0,0.0,-0.0,0.0,0.0,0.0,0.0,0.0,-0.6736,0.704,-0.2249,0.7331,0.6752,-0.0822,0.094,-0.2202,-0.9709,0.676,0.226,-0.7014,-0.7316,0.0917,-0.6755,-0.0884,0.9698,0.2273,0.0001,-0.0001,-0.0001,0.0,0.0,0.0,-0.0247,-0.0157,-0.0986,22.0791,18.2632,17.0768,0.0,0.0433,-0.3623,0.0,0.0,0.0,4337155.8214,4297019.7682,-2844548.3607,2853.1803,1701.5764,6937.4834,4337133.7423,4297001.505,-2844565.4375,2853.205,1701.5921,6937.582,0.0,0.0765,3.9732,0.0,0.0,1.0,0.0,1.0,0.0,0.0,1.172,-23.972,0.0,1.0,0.0,0.0,0.0,-1.0,0.061773780845922,0.0058309518948453,-0.11026999999999999,1.7510709396502246,3.8887152325444863,,
494.378,22.033,-0.032,0.054,18.06,0.075,0.03,-0.103,-0.005,0.003,-0.103,-0.005,0.003,-0.08,-0.35,0.429,-0.007,-0.007,0.007,0.0,-0.0,-0.0,833.371,-0.0,0.0,-0.0,0.0,0.0,0.0,0.0,0.0,-0.6736,0.704,-0.2249,0.7331,0.6752,-0.0821,0.094,-0.2202,-0.9709,0.676,0.226,-0.7014,-0.7316,0.0917,-0.6755,-0.0884,0.9698,0.2273,0.0001,-0.0001,-0.0001,0.0,0.0,0.0,-0.0247,-0.0157,-0.0986,22.0739,18.2599,17.0563,0.0,0.0433,-0.3623,0.0,0.0,0.0,4337748.943,4297373.4449,-2843105.8156,2852.0039,1700.4109,6938.2547,4337726.8691,4297355.185,-2843122.8719,2852.0286,1700.4266,6938.3533,0.0,0.0765,3.9732,0.0,0.0,1.0,0.0,1.0,0.0,0.0,1.172,-23.972,0.0,1.0,0.0,0.0,0.0,-1.0,0.06276941930590087,0.0058309518948453,-0.11016500000000001,1.7624830351177958,3.885012365949609,,
494.5786,22.012,-0.033,0.055,18.04,0.074,0.031,-0.103,-0.005,0.003,-0.103,-0.005,0.003,-0.082,-0.351,0.431,-0.007,-0.007,0.007,0.0,-0.0,-0.0,833.371,-0.0,0.0,-0.0,0.0,0.0,0.0,0.0,0.0,-0.6736,0.704,-0.2249,0.7331,0.6752,-0.0821,0.094,-0.2202,-0.9709,0.676,0.226,-0.7014,-0.7316,0.0917,-0.6755,-0.0884,0.9698,0.2273,0.0001,-0.0001,-0.0001,0.0,0.0,0.0,-0.0247,-0.0157,-0.0986,22.0689,18.2568,17.0364,0.0,0.0433,-0.3623,0.0,0.0,0.0,4338323.6216,4297716.0323,-2841707.4033,2850.8634,1699.2811,6939.002,4338301.5526,4297697.7755,-2841724.4398,2850.8881,1699.2968,6939.1006,0.0,0.0765,3.9732,0.0,0.0,1.0,0.0,1.0,0.0,0.0,1.172,-23.972,0.0,1.0,0.0,0.0,0.0,-1.0,0.0641404708432983,0.0058309518948453,-0.11006,1.7600183565958842,3.8813094993547312,,
494.7787,21.992,-0.034,0.056,18.019,0.073,0.031,-0.103,-0.005,0.003,-0.103,-0.005,0.003,-0.083,-0.352,0.432,-0.007,-0.007,0.007,0.0,-0.0,-0.0,833.371,-0.0,0.0,-0.0,0.0,0.0,0.0,0.0,0.0,-0.6736,0.7041,-0.2249,0.7331,0.6751,-0.0821,0.0941,-0.2202,-0.9709,0.676,0.226,-0.7014,-0.7316,0.0917,-0.6755,-0.0884,0.9698,0.2273,0.0001,-0.0001,-0.0001,0.0,0.0,0.0,-0.0247,-0.0157,-0.0986,22.064,18.2536,17.0168,0.0,0.0433,-0.3623,0.0,0.0,0.0,4338891.5194,4298054.4881,-2840324.7938,2849.7358,1698.164,6939.7404,4338869.4554,4298036.2345,-2840341.8106,2849.7605,1698.1797,6939.839,0.0,0.0765,3.9732,0.0,0.0,1.0,0.0,1.0,0.0,0.0,1.172,-23.972,0.0,1.0,0.0,0.0,0.0,-1.0,0.0655133574166368,0.0058309518948453,-0.10996,1.7593808802081037,3.877782959740562,,
494.9855,21.97,-0.035,0.056,17.998,0.072,0.032,-0.103,-0.005,0.003,-0.103,-0.005,0.003,-0.084,-0.354,0.434,-0.007,-0.007,0.007,0.0,-0.0,-0.0,833.371,-0.0,0.0,-0.0,0.0,0.0,0.0,0.0,0.0,-0.6736,0.7041,-0.2249,0.7331,0.6751,-0.082,0.0941,-0.2201,-0.9709,0.676,0.226,-0.7014,-0.7316,0.0917,-0.6755,-0.0884,0.9698,0.2273,0.0001,-0.0001,-0.0001,0.0,0.0,0.0,-0.0247,-0.0157,-0.0986,22.0589,18.2504,16.9962,0.0,0.0433,-0.3623,0.0,0.0,0.0,4339484.4806,4298407.7864,-2838880.4255,2848.5578,1696.9971,6940.5113,4339462.4217,4298389.536,-2838897.4218,2848.5824,1697.0128,6940.6099,0.0,0.0765,3.9732,0.0,0.0,1.0,0.0,1.0,0.0,0.0,1.172,-23.972,0.0,1.0,0.0,0.0,0.0,-1.0,0.06603786792439623,0.0058309518948453,-0.10984999999999999,1.754699666130144,3.8739037661649753,,
495.1898,21.949,-0.036,0.057,17.977,0.071,0.033,-0.103,-0.005,0.003,-0.103,-0.005,0.003,-0.086,-0.355,0.435,-0.007,-0.007,0.007,0.0,-0.0,-0.0,833.371,-0.0,0.0,-0.0,0.0,0.0,0.0,0.0,0.0,-0.6735,0.7041,-0.2249,0.7331,0.6751,-0.082,0.0941,-0.2201,-0.9709,0.676,0.226,-0.7014,-0.7316,0.0917,-0.6755,-0.0884,0.9698,0.2273,0.0001,-0.0001,-0.0001,0.0,0.0,0.0,-0.0247,-0.0157,-0.0986,22.0539,18.2472,16.9762,0.0,0.0433,-0.3623,0.0,0.0,0.0,4340063.2463,4298752.5336,-2837469.9022,2847.4073,1695.8576,6941.2636,4340041.1924,4298734.2863,-2837486.8784,2847.432,1695.8733,6941.3623,0.0,0.0765,3.9732,0.0,0.0,1.0,0.0,1.0,0.0,0.0,1.172,-23.972,0.0,1.0,0.0,0.0,0.0,-1.0,0.0674166151627327,0.0058309518948453,-0.10974500000000001,1.7518362165777108,3.870200899570098,,
495.3901,21.929,-0.037,0.058,17.956,0.07,0.033,-0.103,-0.005,0.003,-0.103,-0.005,0.003,-0.087,-0.356,0.437,-0.007,-0.007,0.007,0.0,-0.0,-0.0,833.371,-0.0,0.0,-0.0,0.0,0.0,0.0,0.0,0.0,-0.6735,0.7041,-0.2249,0.7332,0.6751,-0.082,0.0941,-0.2201,-0.9709,0.676,0.226,-0.7014,-0.7316,0.0917,-0.6755,-0.0884,0.9698,0.2273,0.0001,-0.0001,-0.0001,0.0,0.0,0.0,-0.0247,-0.0157,-0.0987,22.0489,18.2441,16.9563,0.0,0.0433,-0.3623,0.0,0.0,0.0,4340636.52,4299093.9181,-2836072.0524,2846.2672,1694.7284,6942.0088,4340614.471,4299075.6741,-2836089.0087,2846.2918,1694.7441,6942.1075,0.0,0.0765,3.9732,0.0,0.0,1.0,0.0,1.0,0.0,0.0,1.172,-23.972,0.0,1.0,0.0,0.0,0.0,-1.0,0.06879680225126747,0.0058309518948453,-0.10964499999999999,1.751147198859621,3.8666743599559283,,
495.5945,21.908,-0.038,0.059,17.935,0.069,0.034,-0.103,-0.005,0.003,-0.103,-0.005,0.003,-0.089,-0.358,0.438,-0.007,-0.007,0.007,0.0,-0.0,-0.0,833.371,-0.0,0.0,-0.0,0.0,0.0,0.0,0.0,0.0,-0.6735,0.7042,-0.2249,0.7332,0.6751,-0.0819,0.0941,-0.2201,-0.9709,0.676,0.226,-0.7014,-0.7316,0.0917,-0.6755,-0.0884,0.9698,0.2273,0.0001,-0.0001,-0.0001,0.0,0.0,0.0,-0.0247,-0.0157,-0.0987,22.0439,18.2409,16.9362,0.0,0.0433,-0.3623,0.0,0.0,0.0,4341216.9362,4299439.464,-2834656.0584,2845.1122,1693.5845,6942.7632,4341194.8923,4299421.2232,-2834672.9946,2845.1369,1693.6002,6942.8619,0.0,0.0765,3.9732,0.0,0.0,1.0,0.0,1.0,0.0,0.0,1.172,-23.972,0.0,1.0,0.0,0.0,0.0,-1.0,0.070178344238091,0.0058309518948453,-0.10954000000000001,1.7482565436761688,3.862971493361051,,
495.8007,21.886,-0.039,0.059,17.914,0.068,0.034,-0.103,-0.005,0.003,-0.103,-0.005,0.0,-0.09,-0.362,0.44,-0.007,-0.041,0.007,0.0,-0.001,-0.0,833.35,-0.0,0.0,-0.0,0.0,-1.0,0.0,0.0,0.0,-0.6735,0.7042,-0.2249,0.7332,0.6751,-0.0819,0.0942,-0.22,-0.9709,0.676,0.226,-0.7014,-0.7316,0.0917,-0.6755,-0.0884,0.9698,0.2273,0.0001,-0.0007,-0.0001,0.0,0.0,0.0,-0.0247,-0.0157,-0.0987,22.0388,18.2377,16.9158,0.0,0.0433,-0.3623,0.0,0.0,0.0,4341804.9164,4299789.4178,-2833220.8716,2843.9416,1692.4251,6943.5273,4341782.8776,4299771.1802,-2833237.7874,2843.9662,1692.4408,6943.626,0.0,0.0765,3.9732,0.0,0.0,1.0,0.0,1.0,0.0,0.0,1.172,-23.972,0.0,1.0,0.0,0.0,0.0,-1.0,0.07072481884034769,0.0058309518948453,-0.10943,1.7461723206800042,3.8590922997854644,,
496.0062,21.865,-0.041,0.06,17.893,0.067,0.034,-0.103,-0.005,0.003,-0.103,-0.005,-0.003,-0.092,-0.375,0.442,-0.006,-0.089,0.008,0.0,-0.002,-0.0,833.321,-0.0,0.0,-0.0,0.0,-1.0,0.0,0.0,0.0,-0.6734,0.7042,-0.2251,0.7332,0.675,-0.0817,0.0944,-0.22,-0.9709,0.676,0.226,-0.7014,-0.7316,0.0917,-0.6755,-0.0884,0.9698,0.2273,0.0001,-0.0015,-0.0001,0.0,0.0,0.0,-0.0247,-0.0157,-0.0987,22.0336,18.2345,16.8955,0.0,0.0433,-0.3623,0.0,0.0,0.0,4342390.4814,4300137.8392,-2831790.8348,2842.7751,1691.27,6944.2883,4342368.4477,4300119.6047,-2831807.7303,2842.7997,1691.2857,6944.387,0.0,0.0765,3.9732,0.0,0.0,1.0,0.0,1.0,0.0,0.0,1.172,-23.972,0.0,1.0,0.0,0.0,0.0,-1.0,0.07267048919609666,0.0058309518948453,-0.10932499999999999,1.7601935728476887,3.8553894331905862,,
496.2075,21.845,-0.042,0.06,17.872,0.066,0.033,-0.103,-0.005,0.003,-0.103,-0.005,-0.007,-0.093,-0.398,0.443,-0.006,-0.136,0.008,0.0,-0.002,-0.0,833.293,-0.0,0.0,-0.0,0.0,-0.323,0.0,0.0,0.0,-0.6733,0.7042,-0.2253,0.7333,0.675,-0.0814,0.0948,-0.22,-0.9709,0.676,0.226,-0.7014,-0.7316,0.0917,-0.6755,-0.0884,0.9698,0.2273,0.0001,-0.0024,-0.0001,0.0,0.0,0.0,-0.0246,-0.0157,-0.0987,22.0286,18.2315,16.8757,0.0,0.0433,-0.3623,0.0,0.0,0.0,4342961.6919,4300477.6278,-2830395.1379,2841.6366,1690.1426,6945.0305,4342939.6633,4300459.3963,-2830412.0136,2841.6612,1690.1583,6945.1292,0.0,0.0765,3.9732,0.0,0.0,1.0,0.0,1.0,0.0,0.0,1.172,-23.972,0.0,1.0,0.0,0.0,0.0,-1.0,0.07323933369440222,0.0058309518948453,-0.10922499999999999,1.7601413275741358,3.851862893576417,,
496.4126,21.823,-0.043,0.061,17.851,0.065,0.032,-0.103,-0.005,0.003,-0.103,-0.005,-0.005,-0.095,-0.424,0.445,-0.006,-0.107,0.008,0.0,-0.002,-0.0,833.265,-0.0,0.0,-0.0,0.0,0.0,0.0,0.0,0.0,-0.6732,0.7043,-0.2256,0.7333,0.675,-0.081,0.0952,-0.22,-0.9708,0.676,0.226,-0.7014,-0.7316,0.0917,-0.6755,-0.0884,0.9698,0.2273,0.0001,-0.0019,-0.0001,0.0,0.0,0.0,-0.0246,-0.0157,-0.0987,22.0234,18.2284,16.8554,0.0,0.0433,-0.3623,0.0,0.0,0.0,4343546.4486,4300825.3807,-2828965.6081,2840.4705,1688.9879,6945.7902,4343524.4251,4300807.1523,-2828982.4635,2840.4951,1689.0036,6945.889,0.0,0.0765,3.9732,0.0,0.0,1.0,0.0,1.0,0.0,0.0,1.172,-23.972,0.0,1.0,0.0,0.0,0.0,-1.0,0.07463243262818116,0.0058309518948453,-0.109115,1.7637160879025326,3.8479837000008312,,
496.6128,21.803,-0.044,0.062,17.831,0.064,0.031,-0.103,-0.005,0.003,-0.103,-0.005,-0.001,-0.096,-0.441,0.446,-0.007,-0.06,0.007,0.0,-0.001,-0.0,833.237,-0.0,0.0,-0.0,0.0,0.0,0.0,0.0,0.0,-0.6731,0.7043,-0.2258,0.7334,0.675,-0.0808,0.0955,-0.2199,-0.9708,0.676,0.226,-0.7014,-0.7316,0.0917,-0.6755,-0.0884,0.9698,0.2273,0.0001,-0.001,-0.0001,0.0,0.0,0.0,-0.0246,-0.0157,-0.0987,22.0185,18.2253,16.8356,0.0,0.0433,-0.3623,0.0,0.0,0.0,4344115.2493,4301163.5534,-2827574.3718,2839.3356,1687.8642,6946.5292,4344093.2308,4301145.3281,-2827591.2073,2839.3602,1687.8798,6946.6279,0.0,0.0765,3.9732,0.0,0.0,1.0,0.0,1.0,0.0,0.0,1.172,-23.972,0.0,1.0,0.0,0.0,0.0,-1.0,0.07602631123499284,0.0058309518948453,-0.109015,1.7674341531969235,3.844457160386662,,
496.8173,21.782,-0.045,0.062,17.81,0.063,0.031,-0.103,-0.005,0.003,-0.103,-0.005,0.003,-0.097,-0.448,0.448,-0.007,-0.013,0.007,0.0,-0.0,-0.0,833.209,-0.0,0.0,-0.0,0.0,0.0,0.0,0.0,0.0,-0.673,0.7043,-0.2258,0.7334,0.675,-0.0807,0.0956,-0.2199,-0.9708,0.676,0.226,-0.7014,-0.7316,0.0917,-0.6755,-0.0884,0.9698,0.2273,0.0001,-0.0002,-0.0001,0.0,0.0,0.0,-0.0246,-0.0157,-0.0987,22.0134,18.2222,16.8155,0.0,0.0433,-0.3623,0.0,0.0,0.0,4344694.4043,4301507.7899,-2826157.0844,2838.1794,1686.7194,6947.2815,4344672.391,4301489.5677,-2826173.8998,2838.204,1686.7351,6947.3802,0.0,0.0765,3.9732,0.0,0.0,1.0,0.0,1.0,0.0,0.0,1.172,-23.972,0.0,1.0,0.0,0.0,0.0,-1.0,0.07660939890117921,0.0058309518948453,-0.10891,1.764948809091932,3.8407542937917842,,
497.0179,21.761,-0.046,0.063,17.789,0.062,0.032,-0.103,-0.005,0.003,-0.103,-0.005,0.003,-0.099,-0.45,0.449,-0.007,-0.007,0.007,0.0,-0.0,-0.0,833.205,-0.0,0.0,-0.0,0.0,0.0,0.0,0.0,0.0,-0.673,0.7043,-0.2258,0.7334,0.675,-0.0806,0.0956,-0.2199,-0.9708,0.676,0.226,-0.7014,-0.7316,0.0917,-0.6755,-0.0884,0.9698,0.2273,0.0001,-0.0001,-0.0001,0.0,0.0,0.0,-0.0246,-0.0157,-0.0987,22.0085,18.2191,16.7957,0.0,0.0433,-0.3623,0.0,0.0,0.0,4345261.0723,4301844.5138,-2824769.647,2837.0475,1685.5989,6948.0175,4345239.0639,4301826.2948,-2824786.4427,2837.0721,1685.6145,6948.1163,0.0,0.0765,3.9732,0.0,0.0,1.0,0.0,1.0,0.0,0.0,1.172,-23.972,0.0,1.0,0.0,0.0,0.0,-1.0,0.07800640999302558,0.0058309518948453,-0.108805,1.7619047359998317,3.837051427196906,,
497.2181,21.741,-0.047,0.064,17.769,0.061,0.033,-0.103,-0.005,0.003,-0.103,-0.005,0.003,-0.1,-0.451,0.451,-0.007,-0.007,0.007,0.0,-0.0,-0.0,833.205,-0.0,0.0,-0.0,0.0,0.0,0.0,0.0,0.0,-0.673,0.7043,-0.2258,0.7334,0.6749,-0.0806,0.0957,-0.2199,-0.9708,0.676,0.226,-0.7014,-0.7316,0.0917,-0.6755,-0.0884,0.9698,0.2273,0.0001,-0.0001,-0.0001,0.0,0.0,0.0,-0.0246,-0.0156,-0.0988,22.0035,18.2159,16.776,0.0,0.0433,-0.3623,0.0,0.0,0.0,4345826.9785,4302180.6955,-2823383.3787,2835.9165,1684.4792,6948.7525,4345804.9749,4302162.4795,-2823400.1547,2835.9412,1684.4949,6948.8513,0.0,0.0765,3.9732,0.0,0.0,1.0,0.0,1.0,0.0,0.0,1.172,-23.972,0.0,1.0,0.0,0.0,0.0,-1.0,0.07940403012442127,0.0058309518948453,-0.108705,1.7588506676153692,3.833524887582737,,
497.4224,21.72,-0.048,0.064,17.748,0.06,0.033,-0.103,-0.005,0.003,-0.103,-0.005,0.003,-0.102,-0.452,0.452,-0.007,-0.007,0.007,0.0,-0.0,-0.0,833.205,-0.0,0.0,-0.0,0.0,0.0,0.0,0.0,0.0,-0.673,0.7044,-0.2258,0.7335,0.6749,-0.0806,0.0957,-0.2199,-0.9708,0.676,0.226,-0.7014,-0.7316,0.0917,-0.6755,-0.0884,0.9698,0.2273,0.0001,-0.0001,-0.0001,0.0,0.0,0.0,-0.0246,-0.0156,-0.0988,21.9985,18.2128,16.7559,0.0,0.0433,-0.3623,0.0,0.0,0.0,4346403.7484,4302523.2392,-2821969.7747,2834.7633,1683.3376,6949.5015,4346381.7499,4302505.0264,-2821986.5306,2834.7879,1683.3532,6949.6003,0.0,0.0765,3.9732,0.0,0.0,1.0,0.0,1.0,0.0,0.0,1.172,-23.972,0.0,1.0,0.0,0.0,0.0,-1.0,0.08,0.0058309518948453,-0.10859999999999999,1.7563485848375493,3.829822020987859,,
497.6276,21.699,-0.049,0.065,17.726,0.059,0.034,-0.103,-0.005,0.004,-0.103,-0.005,0.004,-0.103,-0.453,0.454,-0.007,0.006,0.007,0.0,0.0,-0.0,833.197,-0.0,0.0,-0.0,0.0,0.111,0.0,0.0,0.0,-0.6729,0.7044,-0.2258,0.7335,0.6749,-0.0805,0.0957,-0.2198,-0.9708,0.676,0.226,-0.7014,-0.7316,0.0917,-0.6755,-0.0884,0.9698,0.2273,0.0001,0.0001,-0.0001,0.0,0.0,0.0,-0.0246,-0.0156,-0.0988,21.9934,18.2095,16.7353,0.0,0.0433,-0.3623,0.0,0.0,0.0,4346995.2768,4302874.4514,-2820519.2429,2833.5798,1682.1661,6950.2697,4346973.2834,4302856.2419,-2820535.9782,2833.6044,1682.1817,6950.3684,0.0,0.0765,3.9732,0.0,0.0,1.0,0.0,1.0,0.0,0.0,1.172,-23.972,0.0,1.0,0.0,0.0,0.0,-1.0,0.08140024569987489,0.006403124237432849,-0.10849500000000001,1.7528921111610103,3.826119154392982,,
497.8317,21.678,-0.05,0.066,17.705,0.058,0.035,-0.103,-0.005,0.004,-0.103,-0.005,0.006,-0.105,-0.45,0.455,-0.007,0.03,0.007,0.0,0.001,-0.0,833.174,-0.0,0.0,-0.0,0.0,0.618,0.0,0.0,0.0,-0.6729,0.7044,-0.2258,0.7335,0.6749,-0.0805,0.0956,-0.2198,-0.9708,0.676,0.226,-0.7014,-0.7316,0.0917,-0.6755,-0.0884,0.9698,0.2273,0.0001,0.0005,-0.0001,0.0,0.0,0.0,-0.0246,-0.0156,-0.0988,21.9884,18.2063,16.7151,0.0,0.0433,-0.3622,0.0,0.0,0.0,4347573.3421,4303217.5753,-2819100.9857,2832.4227,1681.0207,6951.0202,4347551.3537,4303199.369,-2819117.7009,2832.4473,1681.0364,6951.119,0.0,0.0765,3.9732,0.0,0.0,1.0,0.0,1.0,0.0,0.0,1.172,-23.972,0.0,1.0,0.0,0.0,0.0,-1.0,0.08280096617793781,0.006403124237432849,-0.10839,1.7498322729832136,3.822416287798104,,
498.0349,21.657,-0.051,0.067,17.684,0.057,0.036,-0.103,-0.005,0.004,-0.103,-0.005,0.009,-0.106,-0.439,0.457,-0.008,0.078,0.007,0.0,0.001,-0.0,833.146,-0.0,0.0,-0.0,0.0,1.0,0.0,0.0,0.0,-0.673,0.7044,-0.2256,0.7335,0.6749,-0.0807,0.0954,-0.2198,-0.9709,0.676,0.226,-0.7014,-0.7316,0.0917,-0.6755,-0.0884,0.9698,0.2273,0.0001,0.0014,-0.0001,0.0,0.0,0.0,-0.0246,-0.0156,-0.0988,21.9835,18.2031,16.6952,0.0,0.0433,-0.3622,0.0,0.0,0.0,4348146.6205,4303557.7652,-2817693.7506,2831.2745,1679.8843,6951.7645,4348124.637,4303539.5621,-2817710.4457,2831.2991,1679.8999,6951.8633,0.0,0.0765,3.9732,0.0,0.0,1.0,0.0,1.0,0.0,0.0,1.172,-23.972,0.0,1.0,0.0,0.0,0.0,-1.0,0.08420213774008355,0.006403124237432849,-0.108285,1.7467692007808657,3.818713421203226,,
498.24,21.636,-0.052,0.067,17.663,0.056,0.039,-0.103,-0.005,0.004,-0.103,-0.005,0.013,-0.108,-0.419,0.458,-0.008,0.126,0.007,0.0,0.002,-0.0,833.117,-0.0,0.0,-0.0,0.0,1.0,0.0,0.0,0.0,-0.673,0.7045,-0.2254,0.7335,0.6749,-0.0809,0.0951,-0.2198,-0.9709,0.676,0.226,-0.7014,-0.7316,0.0917,-0.6755,-0.0884,0.9698,0.2273,0.0001,0.0022,-0.0001,0.0,0.0,0.0,-0.0246,-0.0156,-0.0988,21.9785,18.1998,16.6749,0.0,0.0433,-0.3622,0.0,0.0,0.0,4348726.9489,4303902.0448,-2816268.4745,2830.1116,1678.7334,6952.5179,4348704.9704,4303883.845,-2816285.1494,2830.1362,1678.749,6952.6167,0.0,0.0765,3.9732,0.0,0.0,1.0,0.0,1.0,0.0,0.0,1.172,-23.972,0.0,1.0,0.0,0.0,0.0,-1.0,0.08481155581640984,0.006403124237432849,-0.10818,1.7346888686686404,3.815010554608348,,
498.44,21.615,-0.053,0.068,17.643,0.055,0.042,-0.103,-0.005,0.005,-0.103,-0.005,0.016,-0.109,-0.389,0.46,-0.008,0.171,0.007,0.0,0.003,-0.0,833.09,-0.0,0.0,-0.0,0.0,1.0,0.0,0.0,0.0,-0.6731,0.7045,-0.225,0.7335,0.6749,-0.0813,0.0946,-0.2197,-0.971,0.676,0.226,-0.7014,-0.7316,0.0917,-0.6755,-0.0884,0.9698,0.2273,0.0001,0.003,-0.0001,0.0,0.0,0.0,-0.0246,-0.0156,-0.0988,21.9737,18.1966,16.6551,0.0,0.0433,-0.3622,0.0,0.0,0.0,4349292.5111,4304237.4734,-2814878.75,2828.9776,1677.6111,6953.252,4349270.5374,4304219.2768,-2814895.4051,2829.0023,1677.6267,6953.3508,0.0,0.0765,3.9732,0.0,0.0,1.0,0.0,1.0,0.0,0.0,1.172,-23.972,0.0,1.0,0.0,0.0,0.0,-1.0,0.08621484790916238,0.007071067811865475,-0.10807499999999999,1.7265711538397295,3.81130768801347,,
498.645,21.594,-0.055,0.069,17.622,0.054,0.045,-0.103,-0.005,0.005,-0.103,-0.005,0.02,-0.11,-0.349,0.461,-0.009,0.219,0.007,0.0,0.004,-0.0,833.061,-0.0,0.0,-0.0,0.0,1.0,0.0,0.0,0.0,-0.6733,0.7045,-0.2245,0.7334,0.6748,-0.0818,0.0939,-0.2197,-0.971,0.676,0.226,-0.7014,-0.7316,0.0917,-0.6755,-0.0884,0.9698,0.2273,0.0001,0.0038,-0.0001,0.0,0.0,0.0,-0.0246,-0.0156,-0.0988,21.9688,18.1932,16.6348,0.0,0.0433,-0.3622,0.0,0.0,0.0,4349872.8959,4304581.5993,-2813451.8733,2827.8134,1676.4589,6954.0053,4349850.9271,4304563.4061,-2813468.5081,2827.838,1676.4745,6954.1041,0.0,0.0765,3.9732,0.0,0.0,1.0,0.0,1.0,0.0,0.0,1.172,-23.972,0.0,1.0,0.0,0.0,0.0,-1.0,0.08823831367382312,0.007071067811865475,-0.10797000000000001,1.7331027744744494,3.8076048214185927,,
498.8462,21.573,-0.056,0.07,17.601,0.053,0.05,-0.103,-0.005,0.005,-0.103,-0.005,0.024,-0.112,-0.3,0.462,-0.009,0.264,0.007,0.0,0.005,-0.0,833.034,-0.0,0.0,-0.0,0.0,1.0,0.0,0.0,0.0,-0.6734,0.7045,-0.2239,0.7334,0.6748,-0.0824,0.0931,-0.2197,-0.9711,0.676,0.226,-0.7014,-0.7316,0.0917,-0.6755,-0.0884,0.9698,0.2273,0.0001,0.0046,-0.0001,0.0,0.0,0.0,-0.0246,-0.0156,-0.0988,21.9641,18.1898,16.6149,0.0,0.0433,-0.3622,0.0,0.0,0.0,4350441.5767,4304918.6938,-2812053.0479,2826.6719,1675.3294,6954.7433,4350419.6125,4304900.5039,-2812069.6628,2826.6965,1675.345,6954.8421,0.0,0.0765,3.9732,0.0,0.0,1.0,0.0,1.0,0.0,0.0,1.172,-23.972,0.0,1.0,0.0,0.0,0.0,-1.0,0.08964373932405989,0.007071067811865475,-0.107865,1.7227758667384676,3.803901954823715,,
499.0475,21.553,-0.057,0.071,17.58,0.052,0.055,-0.103,-0.005,0.005,-0.103,-0.005,0.027,-0.113,-0.242,0.464,-0.01,0.308,0.007,0.0,0.005,-0.0,833.005,-0.0,0.0,-0.0,0.0,0.148,0.0,0.0,0.0,-0.6736,0.7045,-0.2232,0.7333,0.6748,-0.0831,0.0921,-0.2197,-0.9712,0.676,0.226,-0.7014,-0.7316,0.0917,-0.6755,-0.0884,0.9698,0.2273,0.0001,0.0054,-0.0001,0.0,0.0,0.0,-0.0246,-0.0156,-0.0989,21.9594,18.1864,16.5949,0.0,0.0433,-0.3622,0.0,0.0,0.0,4351010.7543,4305255.9913,-2810652.2876,2825.5289,1674.1984,6955.4819,4350988.7949,4305237.8049,-2810668.8825,2825.5535,1674.214,6955.5808,0.0,0.0765,3.9732,0.0,0.0,1.0,0.0,1.0,0.0,0.0,1.172,-23.972,0.0,1.0,0.0,0.0,0.0,-1.0,0.09104943712072029,0.007071067811865475,-0.107765,1.7149598072910113,3.8003754152095457,,
499.2515,21.532,-0.058,0.073,17.559,0.051,0.06,-0.103,-0.005,0.005,-0.103,-0.005,0.023,-0.115,-0.184,0.465,-0.009,0.261,0.007,0.0,0.005,-0.0,832.977,-0.0,0.0,-0.0,0.0,0.0,0.0,0.0,0.0,-0.6738,0.7046,-0.2225,0.7332,0.6748,-0.0838,0.0911,-0.2196,-0.9713,0.676,0.226,-0.7014,-0.7316,0.0917,-0.6755,-0.0884,0.9698,0.2273,0.0001,0.0045,-0.0001,0.0,0.0,0.0,-0.0246,-0.0156,-0.0989,21.9547,18.183,16.5748,0.0,0.0433,-0.3622,0.0,0.0,0.0,4351586.2682,4305596.9507,-2809235.2064,2824.3725,1673.0542,6956.2287,4351564.3135,4305578.7677,-2809251.7812,2824.3971,1673.0698,6956.3275,0.0,0.0765,3.9732,0.0,0.0,1.0,0.0,1.0,0.0,0.0,1.172,-23.972,0.0,1.0,0.0,0.0,0.0,-1.0,0.09323625904121206,0.007071067811865475,-0.10766,1.710633830341052,3.796672548614668,,
499.458,21.51,-0.059,0.074,17.538,0.05,0.064,-0.103,-0.005,0.005,-0.103,-0.005,0.02,-0.116,-0.135,0.467,-0.009,0.214,0.007,0.0,0.004,-0.0,832.949,-0.0,0.0,-0.0,0.0,0.0,0.0,0.0,0.0,-0.674,0.7046,-0.2219,0.7332,0.6748,-0.0844,0.0903,-0.2196,-0.9714,0.676,0.226,-0.7014,-0.7316,0.0917,-0.6755,-0.0884,0.9698,0.2273,0.0001,0.0037,-0.0001,0.0,0.0,0.0,-0.0246,-0.0156,-0.0989,21.9498,18.1796,16.5543,0.0,0.0433,-0.3622,0.0,0.0,0.0,4352168.9994,4305942.0907,-2807799.6068,2823.201,1671.8951,6956.9847,4352147.0495,4305923.9112,-2807816.1611,2823.2256,1671.9107,6957.0836,0.0,0.0765,3.9732,0.0,0.0,1.0,0.0,1.0,0.0,0.0,1.172,-23.972,0.0,1.0,0.0,0.0,0.0,-1.0,0.09464142856064674,0.007071067811865475,-0.10755,1.7085443933446918,3.7927933550390818,,
499.6607,21.49,-0.06,0.075,17.517,0.049,0.068,-0.103,-0.005,0.005,-0.103,-0.005,0.016,-0.118,-0.097,0.468,-0.008,0.166,0.007,0.0,0.003,-0.0,832.92,-0.0,0.0,-0.0,0.0,0.0,0.0,0.0,0.0,-0.6741,0.7046,-0.2214,0.7331,0.6748,-0.0849,0.0896,-0.2196,-0.9715,0.676,0.226,-0.7014,-0.7316,0.0917,-0.6755,-0.0884,0.9698,0.2273,0.0001,0.0029,-0.0001,0.0,0.0,0.0,-0.0246,-0.0156,-0.0989,21.945,18.1762,16.5343,0.0,0.0433,-0.3622,0.0,0.0,0.0,4352740.9629,4306280.76,-2806389.8016,2822.0505,1670.7568,6957.7267,4352719.0179,4306262.5838,-2806406.3359,2822.0751,1670.7724,6957.8256,0.0,0.0765,3.9732,0.0,0.0,1.0,0.0,1.0,0.0,0.0,1.172,-23.972,0.0,1.0,0.0,0.0,0.0,-1.0,0.09604686356149274,0.007071067811865475,-0.10744999999999999,1.7073904416222458,3.789266815424912,,
499.861,21.469,-0.061,0.075,17.496,0.048,0.071,-0.103,-0.005,0.004,-0.103,-0.005,0.013,-0.119,-0.068,0.47,-0.008,0.121,0.007,0.0,0.002,-0.0,832.893,-0.0,0.0,-0.0,0.0,0.0,0.0,0.0,0.0,-0.6742,0.7046,-0.2211,0.7331,0.6747,-0.0853,0.0891,-0.2196,-0.9715,0.676,0.226,-0.7014,-0.7316,0.0917,-0.6755,-0.0884,0.9698,0.2273,0.0001,0.0021,-0.0001,0.0,0.0,0.0,-0.0246,-0.0156,-0.0989,21.9402,18.173,16.5144,0.0,0.0433,-0.3622,0.0,0.0,0.0,4353308.3706,4306616.6402,-2804990.5099,2820.9085,1669.6271,6958.4628,4353286.4304,4306598.4672,-2805007.0242,2820.9331,1669.6427,6958.5617,0.0,0.0765,3.9732,0.0,0.0,1.0,0.0,1.0,0.0,0.0,1.172,-23.972,0.0,1.0,0.0,0.0,0.0,-1.0,0.09667471230885562,0.006403124237432849,-0.10734500000000001,1.7081404423422122,3.7855639488300348,,
500.0647,21.448,-0.062,0.076,17.476,0.047,0.073,-0.103,-0.005,0.004,-0.103,-0.005,0.009,-0.12,-0.048,0.471,-0.008,0.074,0.007,0.0,0.001,-0.0,832.864,-0.0,0.0,-0.0,0.0,0.0,0.0,0.0,0.0,-0.6743,0.7047,-0.2208,0.7331,0.6747,-0.0855,0.0888,-0.2195,-0.9716,0.676,0.226,-0.7014,-0.7316,0.0917,-0.6755,-0.0884,0.9698,0.2273,0.0001,0.0013,-0.0001,0.0,0.0,0.0,-0.0246,-0.0156,-0.0989,21.9353,18.1697,16.4942,0.0,0.0433,-0.3622,0.0,0.0,0.0,4353881.6064,4306955.8778,-2803576.1181,2819.7542,1668.4852,6959.2063,4353859.6711,4306937.7081,-2803592.6124,2819.7788,1668.5008,6959.3052,0.0,0.0765,3.9732,0.0,0.0,1.0,0.0,1.0,0.0,0.0,1.172,-23.972,0.0,1.0,0.0,0.0,0.0,-1.0,0.09808159868191382,0.006403124237432849,-0.10724,1.7076536344522362,3.781861082235157,,
500.27,21.427,-0.063,0.077,17.454,0.046,0.075,-0.103,-0.005,0.004,-0.103,-0.005,0.005,-0.122,-0.038,0.472,-0.007,0.026,0.007,0.0,0.0,-0.0,832.835,-0.0,0.0,-0.0,0.0,0.0,0.0,0.0,0.0,-0.6743,0.7047,-0.2207,0.7331,0.6747,-0.0856,0.0886,-0.2195,-0.9716,0.676,0.226,-0.7014,-0.7316,0.0917,-0.6755,-0.0884,0.9698,0.2273,0.0001,0.0004,-0.0001,0.0,0.0,0.0,-0.0246,-0.0156,-0.0989,21.9303,18.1665,16.4739,0.0,0.0433,-0.3622,0.0,0.0,0.0,4354459.8634,4307297.9922,-2802148.5996,2818.5892,1667.3327,6959.9562,4354437.9331,4307279.8257,-2802165.0735,2818.6138,1667.3483,6960.0552,0.0,0.0765,3.9732,0.0,0.0,1.0,0.0,1.0,0.0,0.0,1.172,-23.972,0.0,1.0,0.0,0.0,0.0,-1.0,0.09948869282486326,0.006403124237432849,-0.107135,1.7066309896483187,3.778158215640279,,
500.4769,21.406,-0.064,0.078,17.433,0.045,0.075,-0.103,-0.005,0.004,-0.103,-0.005,0.004,-0.123,-0.036,0.474,-0.007,0.007,0.007,0.0,0.0,-0.0,832.824,-0.0,0.0,-0.0,0.0,0.0,0.0,0.0,0.0,-0.6743,0.7047,-0.2207,0.7331,0.6747,-0.0856,0.0885,-0.2195,-0.9716,0.676,0.226,-0.7014,-0.7316,0.0917,-0.6755,-0.0884,0.9698,0.2273,0.0001,0.0001,-0.0001,0.0,0.0,0.0,-0.0246,-0.0156,-0.0989,21.9252,18.1633,16.4536,0.0,0.0433,-0.3622,0.0,0.0,0.0,4355040.2606,4307641.2774,-2800715.0477,2817.4192,1666.1754,6960.7089,4355018.3353,4307623.1141,-2800731.5013,2817.4438,1666.191,6960.8078,0.0,0.0765,3.9732,0.0,0.0,1.0,0.0,1.0,0.0,0.0,1.172,-23.972,0.0,1.0,0.0,0.0,0.0,-1.0,0.10089598604503551,0.006403124237432849,-0.10703,1.702616965456505,3.774455349045401,,
500.6819,21.384,-0.065,0.079,17.412,0.044,0.076,-0.103,-0.005,0.004,-0.103,-0.005,0.004,-0.125,-0.034,0.476,-0.007,0.007,0.007,0.0,0.0,-0.0,832.824,-0.0,0.0,-0.0,0.0,0.0,0.0,0.0,0.0,-0.6743,0.7047,-0.2206,0.7331,0.6747,-0.0856,0.0885,-0.2195,-0.9716,0.676,0.226,-0.7014,-0.7316,0.0917,-0.6755,-0.0884,0.9698,0.2273,0.0001,0.0001,-0.0001,0.0,0.0,0.0,-0.0246,-0.0156,-0.0989,21.9202,18.1601,16.4332,0.0,0.0433,-0.3622,0.0,0.0,0.0,4355620.479,4307984.3612,-2799281.1859,2816.2489,1665.0179,6961.4613,4355598.5588,4307966.2011,-2799297.619,2816.2735,1665.0335,6961.5602,0.0,0.0765,3.9732,0.0,0.0,1.0,0.0,1.0,0.0,0.0,1.172,-23.972,0.0,1.0,0.0,0.0,0.0,-1.0,0.10230347012687302,0.006403124237432849,-0.10692,1.7006859547033664,3.770576155469815,,
500.8823,21.364,-0.066,0.079,17.392,0.043,0.077,-0.103,-0.005,0.004,-0.103,-0.005,0.004,-0.126,-0.033,0.477,-0.007,0.007,0.007,0.0,0.0,-0.0,832.824,-0.0,0.0,-0.0,0.0,0.0,0.0,0.0,0.0,-0.6743,0.7048,-0.2206,0.7331,0.6747,-0.0856,0.0885,-0.2195,-0.9716,0.676,0.226,-0.7014,-0.7316,0.0917,-0.6755,-0.0884,0.9698,0.2273,0.0001,0.0001,-0.0001,0.0,0.0,0.0,-0.0246,-0.0156,-0.099,21.9153,18.157,16.4135,0.0,0.0433,-0.3622,0.0,0.0,0.0,4356179.43,4308314.7786,-2797899.1715,2815.1209,1663.9023,6962.186,4356157.5147,4308296.6217,-2797915.5851,2815.1455,1663.9178,6962.2849,0.0,0.0765,3.9732,0.0,0.0,1.0,0.0,1.0,0.0,0.0,1.172,-23.972,0.0,1.0,0.0,0.0,0.0,-1.0,0.1029417310909429,0.006403124237432849,-0.10682,1.699846025297221,3.7670496158556457,,
501.0856,21.343,-0.067,0.08,17.371,0.042,0.078,-0.103,-0.005,0.004,-0.103,-0.005,0.004,-0.128,-0.032,0.479,-0.007,0.007,0.007,0.0,0.0,-0.0,832.824,-0.0,0.0,-0.0,0.0,0.0,0.0,0.0,0.0,-0.6743,0.7048,-0.2206,0.7332,0.6746,-0.0856,0.0885,-0.2194,-0.9716,0.676,0.226,-0.7014,-0.7316,0.0917,-0.6755,-0.0884,0.9698,0.2273,0.0001,0.0001,-0.0001,0.0,0.0,0.0,-0.0246,-0.0156,-0.099,21.9103,18.1538,16.3933,0.0,0.0433,-0.3622,0.0,0.0,0.0,4356753.4636,4308654.0193,-2796479.1381,2813.9618,1662.756,6962.9302,4356731.5533,4308635.8655,-2796495.5315,2813.9864,1662.7715,6963.0292,0.0,0.0765,3.9732,0.0,0.0,1.0,0.0,1.0,0.0,0.0,1.172,-23.972,0.0,1.0,0.0,0.0,0.0,-1.0,0.10435037134576954,0.006403124237432849,-0.106715,1.6975523847325278,3.763346749260768,,
501.2918,21.322,-0.068,0.081,17.349,0.041,0.079,-0.103,-0.005,0.004,-0.103,-0.005,0.004,-0.129,-0.03,0.48,-0.007,0.007,0.007,0.0,0.0,-0.0,832.824,-0.0,0.0,-0.0,0.0,0.0,0.0,0.0,0.0,-0.6743,0.7048,-0.2205,0.7332,0.6746,-0.0856,0.0884,-0.2194,-0.9716,0.676,0.226,-0.7014,-0.7316,0.0917,-0.6755,-0.0884,0.9698,0.2273,0.0001,0.0001,-0.0001,0.0,0.0,0.0,-0.0246,-0.0156,-0.099,21.9053,18.1506,16.3729,0.0,0.0433,-0.3622,0.0,0.0,0.0,4357334.353,4308997.2153,-2795041.3983,2812.7883,1661.5954,6963.6832,4357312.4477,4308979.0648,-2795057.7713,2812.8129,1661.611,6963.7822,0.0,0.0765,3.9732,0.0,0.0,1.0,0.0,1.0,0.0,0.0,1.172,-23.972,0.0,1.0,0.0,0.0,0.0,-1.0,0.10575916035975323,0.006403124237432849,-0.10661,1.694874643806365,3.7596438826658902,,
501.497,21.301,-0.069,0.081,17.328,0.04,0.08,-0.103,-0.005,0.004,-0.103,-0.005,0.004,-0.13,-0.029,0.482,-0.007,0.007,0.007,0.0,0.0,-0.0,832.824,-0.0,0.0,-0.0,0.0,0.0,0.0,0.0,0.0,-0.6743,0.7048,-0.2205,0.7332,0.6746,-0.0856,0.0884,-0.2194,-0.9716,0.676,0.226,-0.7014,-0.7316,0.0917,-0.6755,-0.0884,0.9698,0.2273,0.0001,0.0001,-0.0001,0.0,0.0,0.0,-0.0245,-0.0155,-0.099,21.9003,18.1474,16.3526,0.0,0.0433,-0.3622,0.0,0.0,0.0,4357910.6611,4309337.6097,-2793614.247,2811.6234,1660.4435,6964.4302,4357888.7608,4309319.4623,-2793630.5996,2811.6479,1660.459,6964.5292,0.0,0.0765,3.9732,0.0,0.0,1.0,0.0,1.0,0.0,0.0,1.172,-23.972,0.0,1.0,0.0,0.0,0.0,-1.0,0.1064048871058092,0.006403124237432849,-0.10650499999999999,1.6942764286940781,3.755941016071012,,
501.7005,21.28,-0.071,0.082,17.307,0.039,0.08,-0.103,-0.005,0.004,-0.103,-0.005,0.004,-0.132,-0.027,0.483,-0.007,0.007,0.007,0.0,0.0,-0.0,832.824,-0.0,0.0,-0.0,0.0,0.0,0.0,0.0,0.0,-0.6742,0.7048,-0.2204,0.7332,0.6746,-0.0856,0.0884,-0.2194,-0.9716,0.676,0.226,-0.7014,-0.7316,0.0917,-0.6755,-0.0884,0.9698,0.2273,0.0001,0.0001,-0.0001,0.0,0.0,0.0,-0.0245,-0.0155,-0.099,21.8953,18.1442,16.3324,0.0,0.0433,-0.3622,0.0,0.0,0.0,4358483.8731,4309676.081,-2792194.0243,2810.4641,1659.2971,6965.1731,4358461.9778,4309657.9368,-2792210.3567,2810.4886,1659.3127,6965.2721,0.0,0.0765,3.9732,0.0,0.0,1.0,0.0,1.0,0.0,0.0,1.172,-23.972,0.0,1.0,0.0,0.0,0.0,-1.0,0.10846658471621572,0.006403124237432849,-0.10640000000000001,1.7042983255163713,3.7522381494761348,,
501.9024,21.259,-0.072,0.083,17.286,0.039,0.081,-0.103,-0.005,0.004,-0.103,-0.005,0.004,-0.133,-0.026,0.485,-0.007,0.007,0.007,0.0,0.0,-0.0,832.824,-0.0,0.0,-0.0,0.0,0.0,0.0,0.0,0.0,-0.6742,0.7049,-0.2204,0.7332,0.6746,-0.0856,0.0883,-0.2193,-0.9716,0.676,0.226,-0.7014,-0.7316,0.0917,-0.6755,-0.0884,0.9698,0.2273,0.0001,0.0001,-0.0001,0.0,0.0,0.0,-0.0245,-0.0155,-0.099,21.8903,18.1411,16.3125,0.0,0.0433,-0.3622,0.0,0.0,0.0,4359050.1805,4310010.3827,-2790790.1845,2809.3181,1658.164,6965.9071,4359028.2902,4309992.2416,-2790806.497,2809.3427,1658.1796,6966.0061,0.0,0.0765,3.9732,0.0,0.0,1.0,0.0,1.0,0.0,0.0,1.172,-23.972,0.0,1.0,0.0,0.0,0.0,-1.0,0.10987720418721984,0.006403124237432849,-0.106295,1.7190611393861481,3.748535282881257,,
502.1088,21.238,-0.073,0.084,17.265,0.038,0.082,-0.103,-0.005,0.004,-0.103,-0.005,0.004,-0.135,-0.025,0.486,-0.007,0.007,0.007,0.0,0.0,-0.0,832.824,-0.0,0.0,-0.0,0.0,0.0,0.0,0.0,0.0,-0.6742,0.7049,-0.2204,0.7332,0.6746,-0.0856,0.0883,-0.2193,-0.9717,0.676,0.226,-0.7014,-0.7316,0.0917,-0.6755,-0.0884,0.9698,0.2273,0.0001,0.0001,-0.0001,0.0,0.0,0.0,-0.0245,-0.0155,-0.099,21.8853,18.1379,16.2919,0.0,0.0433,-0.3622,0.0,0.0,0.0,4359632.2669,4310353.9031,-2789346.4788,2808.1396,1656.9988,6966.6613,4359610.3817,4310335.7652,-2789362.7707,2808.1641,1657.0143,6966.7604,0.0,0.0765,3.9732,0.0,0.0,1.0,0.0,1.0,0.0,0.0,1.172,-23.972,0.0,1.0,0.0,0.0,0.0,-1.0,0.11128791488746656,0.006403124237432849,-0.10618999999999999,1.7167658332008926,3.744832416286379,,
502.3158,21.216,-0.074,0.084,17.244,0.037,0.083,-0.103,-0.005,0.004,-0.103,-0.005,0.004,-0.136,-0.023,0.488,-0.007,0.007,0.007,0.0,0.0,-0.0,832.824,-0.0,0.0,-0.0,0.0,0.0,0.0,0.0,0.0,-0.6742,0.7049,-0.2203,0.7333,0.6745,-0.0856,0.0883,-0.2193,-0.9717,0.676,0.226,-0.7014,-0.7316,0.0917,-0.6755,-0.0884,0.9698,0.2273,0.0001,0.0001,-0.0001,0.0,0.0,0.0,-0.0245,-0.0155,-0.099,21.8802,18.1347,16.2715,0.0,0.0433,-0.3622,0.0,0.0,0.0,4360212.0279,4310695.9541,-2787907.784,2806.9651,1655.8376,6967.4125,4360190.1477,4310677.8194,-2787924.0554,2806.9897,1655.8531,6967.5116,0.0,0.0765,3.9732,0.0,0.0,1.0,0.0,1.0,0.0,0.0,1.172,-23.972,0.0,1.0,0.0,0.0,0.0,-1.0,0.11194641575325223,0.006403124237432849,-0.10608000000000001,1.7166191012459222,3.740953222710793,,
502.522,21.195,-0.075,0.085,17.223,0.036,0.084,-0.103,-0.005,0.004,-0.103,-0.005,0.004,-0.138,-0.022,0.489,-0.007,0.007,0.007,0.0,0.0,-0.0,832.824,-0.0,0.0,-0.0,0.0,0.0,0.0,0.0,0.0,-0.6742,0.7049,-0.2203,0.7333,0.6745,-0.0856,0.0882,-0.2193,-0.9717,0.676,0.226,-0.7014,-0.7316,0.0917,-0.6755,-0.0884,0.9698,0.2273,0.0001,0.0001,-0.0001,0.0,0.0,0.0,-0.0245,-0.0155,-0.099,21.8752,18.1315,16.2511,0.0,0.0433,-0.3622,0.0,0.0,0.0,4360789.5283,4311036.5751,-2786473.9465,2805.7946,1654.6804,6968.1607,4360767.6531,4311018.4436,-2786490.1976,2805.8191,1654.6959,6968.2598,0.0,0.0765,3.9732,0.0,0.0,1.0,0.0,1.0,0.0,0.0,1.172,-23.972,0.0,1.0,0.0,0.0,0.0,-1.0,0.11335784048754634,0.006403124237432849,-0.105975,1.7143545501902742,3.7372503561159154,,
502.7252,21.174,-0.076,0.086,17.202,0.035,0.085,-0.103,-0.005,0.004,-0.103,-0.005,0.004,-0.139,-0.02,0.491,-0.007,0.007,0.007,0.0,0.0,-0.0,832.824,-0.0,0.0,-0.0,0.0,0.0,0.0,0.0,0.0,-0.6742,0.705,-0.2203,0.7333,0.6745,-0.0856,0.0882,-0.2192,-0.9717,0.676,0.226,-0.7014,-0.7316,0.0917,-0.6755,-0.0884,0.9698,0.2273,0.0001,0.0001,-0.0001,0.0,0.0,0.0,-0.0245,-0.0155,-0.0991,21.8702,18.1283,16.2309,0.0,0.0433,-0.3622,0.0,0.0,0.0,4361361.4221,4311373.795,-2785053.2839,2804.6348,1653.5339,6968.9016,4361339.5519,4311355.6667,-2785069.5148,2804.6593,1653.5494,6969.0006,0.0,0.0765,3.9732,0.0,0.0,1.0,0.0,1.0,0.0,0.0,1.172,-23.972,0.0,1.0,0.0,0.0,0.0,-1.0,0.11476933388322857,0.006403124237432849,-0.10586999999999999,1.7120918316077873,3.733547489521037,,
502.9259,21.153,-0.077,0.087,17.181,0.034,0.085,-0.103,-0.005,0.004,-0.103,-0.005,0.004,-0.141,-0.019,0.492,-0.007,0.007,0.007,0.0,0.0,-0.0,832.824,-0.0,0.0,-0.0,0.0,0.0,0.0,0.0,0.0,-0.6742,0.705,-0.2202,0.7333,0.6745,-0.0856,0.0882,-0.2192,-0.9717,0.676,0.226,-0.7014,-0.7316,0.0917,-0.6755,-0.0884,0.9698,0.2273,0.0001,0.0001,-0.0001,0.0,0.0,0.0,-0.0245,-0.0155,-0.0991,21.8653,18.1252,16.2111,0.0,0.0433,-0.3622,0.0,0.0,0.0,4361923.6012,4311705.1942,-2783656.0372,2803.4941,1652.4062,6969.6298,4361901.7359,4311687.0689,-2783672.2483,2803.5186,1652.4218,6969.7289,0.0,0.0765,3.9732,0.0,0.0,1.0,0.0,1.0,0.0,0.0,1.172,-23.972,0.0,1.0,0.0,0.0,0.0,-1.0,0.11618089343777659,0.006403124237432849,-0.105765,1.7076616214932034,3.7298446229261595,,
503.1315,21.132,-0.078,0.087,17.16,0.033,0.086,-0.103,-0.005,0.004,-0.103,-0.005,0.004,-0.142,-0.018,0.494,-0.007,0.007,0.007,0.0,0.0,-0.0,832.824,-0.0,0.0,-0.0,0.0,0.0,0.0,0.0,0.0,-0.6742,0.705,-0.2202,0.7333,0.6745,-0.0856,0.0882,-0.2192,-0.9717,0.676,0.226,-0.7014,-0.7316,0.0917,-0.6755,-0.0884,0.9698,0.2273,0.0001,0.0001,-0.0001,0.0,0.0,0.0,-0.0245,-0.0155,-0.0991,21.8603,18.122,16.1906,0.0,0.0433,-0.3622,0.0,0.0,0.0,4362501.7925,4312045.9375,-2782218.2442,2802.3202,1651.2459,6970.3787,4362479.9322,4312027.8155,-2782234.4348,2802.3447,1651.2614,6970.4777,0.0,0.0765,3.9732,0.0,0.0,1.0,0.0,1.0,0.0,0.0,1.172,-23.972,0.0,1.0,0.0,0.0,0.0,-1.0,0.11684605256490267,0.006403124237432849,-0.10566,1.707204936076813,3.726141756331282,,
503.3378,21.111,-0.079,0.088,17.139,0.032,0.087,-0.103,-0.005,0.004,-0.103,-0.005,0.004,-0.143,-0.016,0.495,-0.007,0.007,0.007,0.0,0.0,-0.0,832.824,-0.0,0.0,-0.0,0.0,0.0,0.0,0.0,0.0,-0.6741,0.705,-0.2202,0.7333,0.6745,-0.0856,0.0881,-0.2192,-0.9717,0.676,0.226,-0.7014,-0.7316,0.0917,-0.6755,-0.0884,0.9698,0.2273,0.0001,0.0001,-0.0001,0.0,0.0,0.0,-0.0245,-0.0155,-0.0991,21.8552,18.1188,16.1702,0.0,0.0433,-0.3622,0.0,0.0,0.0,4363078.0022,4312385.4166,-2780784.6281,2801.1497,1650.089,6971.1249,4363056.147,4312367.2977,-2780800.7984,2801.1742,1650.1045,6971.224,0.0,0.0765,3.9732,0.0,0.0,1.0,0.0,1.0,0.0,0.0,1.172,-23.972,0.0,1.0,0.0,0.0,0.0,-1.0,0.11825819210524063,0.006403124237432849,-0.10555500000000001,1.7049422311641458,3.722438889736404,,
503.5428,21.09,-0.08,0.089,17.117,0.031,0.088,-0.103,-0.005,0.004,-0.103,-0.005,0.004,-0.145,-0.015,0.497,-0.007,0.007,0.007,0.0,0.0,-0.0,832.824,-0.0,0.0,-0.0,0.0,0.0,0.0,0.0,0.0,-0.6741,0.705,-0.2201,0.7333,0.6744,-0.0856,0.0881,-0.2191,-0.9717,0.676,0.226,-0.7014,-0.7316,0.0917,-0.6755,-0.0884,0.9698,0.2273,0.0001,0.0001,-0.0001,0.0,0.0,0.0,-0.0245,-0.0155,-0.0991,21.8502,18.1156,16.1497,0.0,0.0433,-0.3622,0.0,0.0,0.0,4363656.6672,4312726.2455,-2779344.1449,2799.9736,1648.9266,6971.8742,4363634.8171,4312708.1298,-2779360.2947,2799.9981,1648.9421,6971.9733,0.0,0.0765,3.9732,0.0,0.0,1.0,0.0,1.0,0.0,0.0,1.172,-23.972,0.0,1.0,0.0,0.0,0.0,-1.0,0.11967038062946068,0.006403124237432849,-0.10545,1.7022887931827522,3.7187360231415263,,
503.7482,21.069,-0.081,0.089,17.096,0.03,0.089,-0.103,-0.005,0.004,-0.103,-0.005,0.004,-0.146,-0.014,0.498,-0.007,0.007,0.007,0.0,0.0,-0.0,832.824,-0.0,0.0,-0.0,0.0,0.0,0.0,0.0,0.0,-0.6741,0.7051,-0.2201,0.7334,0.6744,-0.0856,0.0881,-0.2191,-0.9717,0.676,0.226,-0.7014,-0.7316,0.0917,-0.6755,-0.0884,0.9698,0.2273,0.0001,0.0001,-0.0001,0.0,0.0,0.0,-0.0245,-0.0155,-0.0991,21.8452,18.1125,16.1295,0.0,0.0433,-0.3622,0.0,0.0,0.0,4364228.4749,4313062.94,-2777919.9858,2798.8108,1647.7774,6972.6146,4364206.6297,4313044.8275,-2777936.1153,2798.8353,1647.7929,6972.7137,0.0,0.0765,3.9732,0.0,0.0,1.0,0.0,1.0,0.0,0.0,1.172,-23.972,0.0,1.0,0.0,0.0,0.0,-1.0,0.12034118164618461,0.006403124237432849,-0.105345,1.7020705645817535,3.7150331565466486,,
503.9544,21.047,-0.082,0.09,17.075,0.029,0.09,-0.103,-0.005,0.004,-0.103,-0.005,0.004,-0.148,-0.012,0.5,-0.007,0.007,0.007,0.0,0.0,-0.0,832.824,-0.0,0.0,-0.0,0.0,0.0,0.0,0.0,0.0,-0.6741,0.7051,-0.2201,0.7334,0.6744,-0.0856,0.088,-0.2191,-0.9717,0.676,0.226,-0.7014,-0.7316,0.0917,-0.6755,-0.0884,0.9698,0.2273,0.0001,0.0001,-0.0001,0.0,0.0,0.0,-0.0245,-0.0155,-0.0991,21.8401,18.1093,16.1092,0.0,0.0433,-0.3622,0.0,0.0,0.0,4364802.3519,4313400.7574,-2776489.9269,2797.6432,1646.6235,6973.3576,4364780.5118,4313382.6481,-2776506.0361,2797.6677,1646.639,6973.4568,0.0,0.0765,3.9732,0.0,0.0,1.0,0.0,1.0,0.0,0.0,1.172,-23.972,0.0,1.0,0.0,0.0,0.0,-1.0,0.1217538500417954,0.006403124237432849,-0.10523500000000001,1.7002408602595034,3.7111539629710624,,
504.1555,21.027,-0.083,0.091,17.054,0.028,0.09,-0.103,-0.005,0.004,-0.103,-0.005,0.004,-0.149,-0.011,0.501,-0.007,0.007,0.007,0.0,0.0,-0.0,832.824,-0.0,0.0,-0.0,0.0,0.0,0.0,0.0,0.0,-0.6741,0.7051,-0.22,0.7334,0.6744,-0.0856,0.088,-0.2191,-0.9717,0.676,0.226,-0.7014,-0.7316,0.0917,-0.6755,-0.0884,0.9698,0.2273,0.0001,0.0001,-0.0001,0.0,0.0,0.0,-0.0245,-0.0155,-0.0991,21.8352,18.1062,16.0892,0.0,0.0433,-0.3622,0.0,0.0,0.0,4365364.8661,4313731.7933,-2775087.454,2796.498,1645.4918,6974.0859,4365343.0309,4313713.6871,-2775103.5432,2796.5225,1645.5073,6974.185,0.0,0.0765,3.9732,0.0,0.0,1.0,0.0,1.0,0.0,0.0,1.172,-23.972,0.0,1.0,0.0,0.0,0.0,-1.0,0.1231665539016173,0.006403124237432849,-0.105135,1.6951272422038004,3.707627423356893,,
504.3623,21.005,-0.084,0.092,17.033,0.027,0.091,-0.103,-0.005,0.004,-0.103,-0.005,0.004,-0.151,-0.009,0.503,-0.007,0.007,0.007,0.0,0.0,-0.0,832.824,-0.0,0.0,-0.0,0.0,0.0,0.0,0.0,0.0,-0.6741,0.7051,-0.22,0.7334,0.6744,-0.0856,0.088,-0.2191,-0.9717,0.676,0.226,-0.7014,-0.7316,0.0917,-0.6755,-0.0884,0.9698,0.2273,0.0001,0.0001,-0.0001,0.0,0.0,0.0,-0.0245,-0.0155,-0.0991,21.8302,18.103,16.0688,0.0,0.0433,-0.3622,0.0,0.0,0.0,4365941.753,4314071.1918,-2773648.3967,2795.3229,1644.3307,6974.8326,4365919.9228,4314053.0888,-2773664.4655,2795.3474,1644.3462,6974.9317,0.0,0.0765,3.9732,0.0,0.0,1.0,0.0,1.0,0.0,0.0,1.172,-23.972,0.0,1.0,0.0,0.0,0.0,-1.0,0.12457929201917949,0.006403124237432849,-0.105025,1.6932672907316193,3.7037482297813065,,
504.5648,20.984,-0.085,0.092,17.012,0.026,0.092,-0.103,-0.005,0.004,-0.103,-0.005,0.004,-0.152,-0.008,0.504,-0.007,0.007,0.007,0.0,0.0,-0.0,832.824,-0.0,0.0,-0.0,0.0,0.0,0.0,0.0,0.0,-0.6741,0.7052,-0.22,0.7334,0.6744,-0.0856,0.088,-0.219,-0.9717,0.676,0.226,-0.7014,-0.7316,0.0917,-0.6755,-0.0884,0.9698,0.2273,0.0001,0.0001,-0.0001,0.0,0.0,0.0,-0.0245,-0.0155,-0.0991,21.8252,18.0998,16.0486,0.0,0.0433,-0.3622,0.0,0.0,0.0,4366510.5388,4314405.7292,-2772228.8047,2794.1637,1643.1853,6975.5688,4366488.7137,4314387.6294,-2772244.8533,2794.1882,1643.2008,6975.6679,0.0,0.0765,3.9732,0.0,0.0,1.0,0.0,1.0,0.0,0.0,1.172,-23.972,0.0,1.0,0.0,0.0,0.0,-1.0,0.12525573839150045,0.006403124237432849,-0.10492000000000001,1.6931432202771028,3.700045363186429,,
504.7709,20.963,-0.086,0.093,16.991,0.025,0.093,-0.103,-0.005,0.004,-0.103,-0.005,0.004,-0.154,-0.007,0.506,-0.007,0.007,0.007,0.0,0.0,-0.0,832.824,-0.0,0.0,-0.0,0.0,0.0,0.0,0.0,0.0,-0.6741,0.7052,-0.2199,0.7334,0.6744,-0.0856,0.0879,-0.219,-0.9718,0.676,0.226,-0.7014,-0.7316,0.0917,-0.6755,-0.0884,0.9698,0.2273,0.0001,0.0001,-0.0001,0.0,0.0,0.0,-0.0245,-0.0155,-0.0992,21.8202,18.0967,16.0283,0.0,0.0433,-0.3622,0.0,0.0,0.0,4367082.7788,4314742.2027,-2770799.8482,2792.9968,1642.0324,6976.3094,4367060.9586,4314724.106,-2770815.8765,2793.0213,1642.0478,6976.4085,0.0,0.0765,3.9732,0.0,0.0,1.0,0.0,1.0,0.0,0.0,1.172,-23.972,0.0,1.0,0.0,0.0,0.0,-1.0,0.12666885963013957,0.006403124237432849,-0.104815,1.690918532668541,3.6963424965915515,,
504.9785,20.942,-0.087,0.094,16.97,0.024,0.094,-0.103,-0.005,0.004,-0.103,-0.005,0.004,-0.155,-0.005,0.508,-0.007,0.007,0.007,0.0,0.0,-0.0,832.824,-0.0,0.0,-0.0,0.0,0.0,0.0,0.0,0.0,-0.674,0.7052,-0.2199,0.7334,0.6743,-0.0856,0.0879,-0.219,-0.9718,0.676,0.226,-0.7014,-0.7316,0.0917,-0.6755,-0.0884,0.9698,0.2273,0.0001,0.0001,-0.0001,0.0,0.0,0.0,-0.0245,-0.0155,-0.0992,21.8151,18.0934,16.0077,0.0,0.0433,-0.3622,0.0,0.0,0.0,4367662.0458,4315082.7109,-2769352.5788,2791.815,1640.8647,6977.059,4367640.2307,4315064.6174,-2769368.5866,2791.8395,1640.8802,6977.1582,0.0,0.0765,3.9732,0.0,0.0,1.0,0.0,1.0,0.0,0.0,1.172,-23.972,0.0,1.0,0.0,0.0,0.0,-1.0,0.12808200498118383,0.006403124237432849,-0.10471,1.6886963223094111,3.6926396299966737,,
505.184,20.921,-0.088,0.095,16.948,0.024,0.095,-0.103,-0.005,0.004,-0.103,-0.005,0.004,-0.156,-0.004,0.509,-0.007,0.007,0.007,0.0,0.0,-0.0,832.824,-0.0,0.0,-0.0,0.0,0.0,0.0,0.0,0.0,-0.674,0.7052,-0.2198,0.7335,0.6743,-0.0856,0.0879,-0.219,-0.9718,0.676,0.226,-0.7014,-0.7316,0.0917,-0.6755,-0.0884,0.9698,0.2273,0.0001,0.0001,-0.0001,0.0,0.0,0.0,-0.0245,-0.0155,-0.0992,21.8101,18.0902,15.9871,0.0,0.0433,-0.3622,0.0,0.0,0.0,4368241.9077,4315423.4705,-2767903.0526,2790.6313,1639.6953,6977.8093,4368220.0977,4315405.3803,-2767919.0397,2790.6557,1639.7107,6977.9085,0.0,0.0765,3.9732,0.0,0.0,1.0,0.0,1.0,0.0,0.0,1.172,-23.972,0.0,1.0,0.0,0.0,0.0,-1.0,0.12949517365523705,0.006403124237432849,-0.104605,1.7030857270780404,3.6889367634017955,,
505.3904,20.899,-0.089,0.095,16.927,0.023,0.095,-0.103,-0.005,0.004,-0.103,-0.004,0.004,-0.158,-0.002,0.511,-0.007,0.007,0.007,0.0,0.0,-0.0,832.824,-0.0,0.0,-0.0,0.0,0.0,0.0,0.0,0.0,-0.674,0.7053,-0.2198,0.7335,0.6743,-0.0856,0.0878,-0.2189,-0.9718,0.676,0.226,-0.7014,-0.7316,0.0917,-0.6755,-0.0884,0.9698,0.2273,0.0001,0.0001,-0.0001,0.0,0.0,0.0,-0.0245,-0.0155,-0.0992,21.8051,18.0871,15.9667,0.0,0.0433,-0.3622,0.0,0.0,0.0,4368814.822,4315760.0501,-2766470.1414,2789.4611,1638.5392,6978.5506,4368793.0169,4315741.9631,-2766486.1081,2789.4855,1638.5547,6978.6498,0.0,0.0765,3.9732,0.0,0.0,1.0,0.0,1.0,0.0,0.0,1.172,-23.972,0.0,1.0,0.0,0.0,0.0,-1.0,0.13017680284904834,0.006403124237432849,-0.104495,1.700824319261068,3.68505756982621,,
505.597,20.878,-0.09,0.096,16.906,0.022,0.096,-0.103,-0.005,0.004,-0.103,-0.004,0.004,-0.159,-0.001,0.512,-0.007,0.007,0.007,0.0,0.0,-0.0,832.824,-0.0,0.0,-0.0,0.0,0.0,0.0,0.0,0.0,-0.674,0.7053,-0.2198,0.7335,0.6743,-0.0856,0.0878,-0.2189,-0.9718,0.676,0.226,-0.7014,-0.7316,0.0917,-0.6755,-0.0884,0.9698,0.2273,0.0001,0.0001,-0.0001,0.0,0.0,0.0,-0.0245,-0.0154,-0.0992,21.8,18.0839,15.9462,0.0,0.0433,-0.3622,0.0,0.0,0.0,4369392.8132,4316099.5153,-2765023.7635,2788.2798,1637.3724,6979.2983,4369371.0132,4316081.4315,-2765039.7096,2788.3043,1637.3878,6979.3975,0.0,0.0765,3.9732,0.0,0.0,1.0,0.0,1.0,0.0,0.0,1.172,-23.972,0.0,1.0,0.0,0.0,0.0,-1.0,0.13159027319676783,0.006403124237432849,-0.10439,1.698600824040313,3.6813547032313316,,
505.7979,20.857,-0.091,0.097,16.885,0.021,0.097,-0.103,-0.005,0.004,-0.103,-0.004,0.004,-0.161,0.0,0.514,-0.007,0.007,0.007,0.0,0.0,-0.0,832.824,-0.0,0.0,-0.0,0.0,0.0,0.0,0.0,0.0,-0.674,0.7053,-0.2197,0.7335,0.6743,-0.0856,0.0878,-0.2189,-0.9718,0.676,0.226,-0.7014,-0.7316,0.0917,-0.6755,-0.0884,0.9698,0.2273,0.0001,0.0001,-0.0001,0.0,0.0,0.0,-0.0245,-0.0154,-0.0992,21.7951,18.0808,15.9262,0.0,0.0433,-0.3622,0.0,0.0,0.0,4369952.769,4316428.2943,-2763621.7859,2787.1348,1636.2414,6980.0226,4369930.974,4316410.2136,-2763637.7122,2787.1593,1636.2568,6980.1219,0.0,0.0765,3.9732,0.0,0.0,1.0,0.0,1.0,0.0,0.0,1.172,-23.972,0.0,1.0,0.0,0.0,0.0,-1.0,0.13300375934536587,0.006403124237432849,-0.104285,1.696379906690747,3.677651836636454,,
506.0062,20.836,-0.092,0.098,16.864,0.02,0.098,-0.103,-0.005,0.004,-0.103,-0.004,0.004,-0.162,0.002,0.515,-0.007,0.007,0.007,0.0,0.0,-0.0,832.824,-0.0,0.0,-0.0,0.0,0.0,0.0,0.0,0.0,-0.674,0.7053,-0.2197,0.7335,0.6743,-0.0856,0.0878,-0.2189,-0.9718,0.676,0.226,-0.7014,-0.7316,0.0917,-0.6755,-0.0884,0.9698,0.2273,0.0001,0.0001,-0.0001,0.0,0.0,0.0,-0.0245,-0.0154,-0.0992,21.79,18.0776,15.9058,0.0,0.0433,-0.3622,0.0,0.0,0.0,4370527.6213,4316765.7236,-2762181.7644,2785.9587,1635.0797,6980.7662,4370505.8312,4316747.646,-2762197.6702,2785.9832,1635.0952,6980.8654,0.0,0.0765,3.9732,0.0,0.0,1.0,0.0,1.0,0.0,0.0,1.172,-23.972,0.0,1.0,0.0,0.0,0.0,-1.0,0.13441726079637242,0.006403124237432849,-0.10418,1.6941616257279628,3.673948970041576,,
506.2112,20.815,-0.093,0.098,16.842,0.019,0.099,-0.103,-0.005,0.004,-0.103,-0.004,0.004,-0.164,0.003,0.517,-0.007,0.007,0.007,0.0,0.0,-0.0,832.824,-0.0,0.0,-0.0,0.0,0.0,0.0,0.0,0.0,-0.674,0.7053,-0.2197,0.7335,0.6742,-0.0856,0.0877,-0.2188,-0.9718,0.676,0.226,-0.7014,-0.7316,0.0917,-0.6755,-0.0884,0.9698,0.2273,0.0001,0.0001,-0.0001,0.0,0.0,0.0,-0.0245,-0.0154,-0.0992,21.785,18.0744,15.8851,0.0,0.0433,-0.3622,0.0,0.0,0.0,4371106.1478,4317105.2118,-2760731.765,2784.7745,1633.9101,6981.5144,4371084.3628,4317087.1374,-2760747.6501,2784.7989,1633.9255,6981.6136,0.0,0.0765,3.9732,0.0,0.0,1.0,0.0,1.0,0.0,0.0,1.172,-23.972,0.0,1.0,0.0,0.0,0.0,-1.0,0.1351036639029453,0.006403124237432849,-0.104075,1.693989875776689,3.670246103446699,,
506.412,20.794,-0.094,0.099,16.822,0.018,0.1,-0.103,-0.005,0.004,-0.103,-0.004,0.004,-0.165,0.005,0.518,-0.007,0.007,0.007,0.0,0.0,-0.0,832.824,-0.0,0.0,-0.0,0.0,0.0,0.0,0.0,0.0,-0.674,0.7054,-0.2196,0.7335,0.6742,-0.0856,0.0877,-0.2188,-0.9718,0.676,0.226,-0.7014,-0.7316,0.0917,-0.6755,-0.0884,0.9698,0.2273,0.0001,0.0001,-0.0001,0.0,0.0,0.0,-0.0245,-0.0154,-0.0992,21.7801,18.0713,15.8653,0.0,0.0433,-0.3622,0.0,0.0,0.0,4371661.6099,4317431.0721,-2759338.8518,2783.6368,1632.7865,6982.2327,4371639.8297,4317413.0008,-2759354.7171,2783.6612,1632.8019,6982.332,0.0,0.0765,3.9732,0.0,0.0,1.0,0.0,1.0,0.0,0.0,1.172,-23.972,0.0,1.0,0.0,0.0,0.0,-1.0,0.136517398158623,0.006403124237432849,-0.10397,1.6922025752222356,3.6665432368518207,,
506.6172,20.773,-0.095,0.1,16.801,0.017,0.1,-0.103,-0.005,0.004,-0.103,-0.004,0.004,-0.166,0.006,0.52,-0.007,0.007,0.007,0.0,0.0,-0.0,832.824,-0.0,0.0,-0.0,0.0,0.0,0.0,0.0,0.0,-0.6739,0.7054,-0.2196,0.7336,0.6742,-0.0856,0.0877,-0.2188,-0.9718,0.676,0.226,-0.7014,-0.7316,0.0917,-0.6755,-0.0884,0.9698,0.2273,0.0001,0.0001,-0.0001,0.0,0.0,0.0,-0.0244,-0.0154,-0.0993,21.7752,18.0682,15.8452,0.0,0.0433,-0.3622,0.0,0.0,0.0,4372227.5522,4317762.9875,-2757918.9187,2782.477,1631.6411,6982.9645,4372205.7771,4317744.9194,-2757934.7639,2782.5015,1631.6565,6983.0638,0.0,0.0765,3.9732,0.0,0.0,1.0,0.0,1.0,0.0,0.0,1.172,-23.972,0.0,1.0,0.0,0.0,0.0,-1.0,0.1379311422413372,0.006403124237432849,-0.103865,1.68704753966246,3.662840370256943,,
506.8201,20.752,-0.096,0.1,16.779,0.016,0.101,-0.103,-0.005,0.004,-0.103,-0.004,0.004,-0.168,0.007,0.521,-0.007,0.007,0.007,0.0,0.0,-0.0,832.824,-0.0,0.0,-0.0,0.0,0.0,0.0,0.0,0.0,-0.6739,0.7054,-0.2196,0.7336,0.6742,-0.0856,0.0876,-0.2188,-0.9718,0.676,0.226,-0.7014,-0.7316,0.0917,-0.6755,-0.0884,0.9698,0.2273,0.0001,0.0001,-0.0001,0.0,0.0,0.0,-0.0244,-0.0154,-0.0993,21.7702,18.065,15.8248,0.0,0.0433,-0.3622,0.0,0.0,0.0,4372798.3809,4318097.6724,-2756485.9795,2781.3066,1630.4853,6983.7026,4372776.6107,4318079.6074,-2756501.8043,2781.331,1630.5007,6983.8018,0.0,0.0765,3.9732,0.0,0.0,1.0,0.0,1.0,0.0,0.0,1.172,-23.972,0.0,1.0,0.0,0.0,0.0,-1.0,0.13862178760930766,0.006403124237432849,-0.10375999999999999,1.6869439884872093,3.659137503662065,,
507.0238,20.731,-0.097,0.101,16.758,0.015,0.102,-0.103,-0.005,0.004,-0.103,-0.004,0.004,-0.169,0.009,0.523,-0.007,0.007,0.007,0.0,0.0,-0.0,832.824,-0.0,0.0,-0.0,0.0,0.0,0.0,0.0,0.0,-0.6739,0.7054,-0.2195,0.7336,0.6742,-0.0856,0.0876,-0.2187,-0.9718,0.676,0.226,-0.7014,-0.7316,0.0917,-0.6755,-0.0884,0.9698,0.2273,0.0001,0.0001,-0.0001,0.0,0.0,0.0,-0.0244,-0.0154,-0.0993,21.7652,18.0619,15.8045,0.0,0.0433,-0.3622,0.0,0.0,0.0,4373365.265,4318429.9492,-2755062.1947,2780.1436,1629.3369,6984.4354,4373343.4998,4318411.8873,-2755077.9993,2780.1681,1629.3523,6984.5347,0.0,0.0765,3.9732,0.0,0.0,1.0,0.0,1.0,0.0,0.0,1.172,-23.972,0.0,1.0,0.0,0.0,0.0,-1.0,0.14003570973148244,0.006403124237432849,-0.10365500000000001,1.684763523502062,3.6554346370671875,,
507.2268,20.71,-0.098,0.102,16.738,0.014,0.103,-0.103,-0.005,0.004,-0.103,-0.004,0.004,-0.171,0.01,0.524,-0.007,0.007,0.007,0.0,0.0,-0.0,832.824,-0.0,0.0,-0.0,0.0,0.0,0.0,0.0,0.0,-0.6739,0.7055,-0.2195,0.7336,0.6742,-0.0856,0.0876,-0.2187,-0.9718,0.676,0.226,-0.7014,-0.7316,0.0917,-0.6755,-0.0884,0.9698,0.2273,0.0001,0.0001,-0.0001,0.0,0.0,0.0,-0.0244,-0.0154,-0.0993,21.7603,18.0587,15.7844,0.0,0.0433,-0.3622,0.0,0.0,0.0,4373928.2851,4318759.867,-2753647.3751,2778.9879,1628.1957,6985.1632,4373906.5248,4318741.8083,-2753663.1595,2779.0124,1628.2112,6985.2625,0.0,0.0765,3.9732,0.0,0.0,1.0,0.0,1.0,0.0,0.0,1.172,-23.972,0.0,1.0,0.0,0.0,0.0,-1.0,0.14144963768069538,0.006403124237432849,-0.10355,1.682981775220039,3.65173177047231,,
507.4272,20.689,-0.099,0.103,16.717,0.014,0.104,-0.103,-0.005,0.004,-0.103,-0.004,0.004,-0.172,0.012,0.526,-0.007,0.007,0.007,0.0,0.0,-0.0,832.824,-0.0,0.0,-0.0,0.0,0.0,0.0,0.0,0.0,-0.6739,0.7055,-0.2195,0.7336,0.6741,-0.0856,0.0876,-0.2187,-0.9719,0.676,0.226,-0.7014,-0.7316,0.0917,-0.6755,-0.0884,0.9698,0.2273,0.0001,0.0001,-0.0001,0.0,0.0,0.0,-0.0244,-0.0154,-0.0993,21.7554,18.0556,15.7645,0.0,0.0433,-0.3622,0.0,0.0,0.0,4374486.2166,4319086.7101,-2752244.6183,2777.8421,1627.0644,6985.8844,4374464.4612,4319068.6545,-2752260.3828,2777.8665,1627.0798,6985.9837,0.0,0.0765,3.9732,0.0,0.0,1.0,0.0,1.0,0.0,0.0,1.172,-23.972,0.0,1.0,0.0,0.0,0.0,-1.0,0.14286357128393506,0.006403124237432849,-0.103445,1.6977666852720632,3.648028903877432,,
507.6292,20.668,-0.1,0.103,16.696,0.013,0.104,-0.103,-0.005,0.004,-0.103,-0.004,0.004,-0.174,0.013,0.527,-0.007,0.007,0.007,0.0,0.0,-0.0,832.824,-0.0,0.0,-0.0,0.0,0.0,0.0,0.0,0.0,-0.6739,0.7055,-0.2194,0.7336,0.6741,-0.0856,0.0875,-0.2187,-0.9719,0.676,0.226,-0.7014,-0.7316,0.0917,-0.6755,-0.0884,0.9698,0.2273,0.0001,0.0001,-0.0001,0.0,0.0,0.0,-0.0244,-0.0154,-0.0993,21.7504,18.0525,15.7444,0.0,0.0433,-0.3622,0.0,0.0,0.0,4375047.5594,4319415.4584,-2750832.5528,2776.6886,1625.9255,6986.6099,4375025.8089,4319397.4059,-2750848.2972,2776.713,1625.9409,6986.7092,0.0,0.0765,3.9732,0.0,0.0,1.0,0.0,1.0,0.0,0.0,1.172,-23.972,0.0,1.0,0.0,0.0,0.0,-1.0,0.14355835050598764,0.006403124237432849,-0.10334,1.6950701700765345,3.644326037282554,,
507.8295,20.648,-0.101,0.104,16.675,0.012,0.105,-0.103,-0.005,0.004,-0.103,-0.004,0.004,-0.175,0.014,0.529,-0.007,0.007,0.007,0.0,0.0,-0.0,832.824,-0.0,0.0,-0.0,0.0,0.0,0.0,0.0,0.0,-0.6739,0.7055,-0.2194,0.7337,0.6741,-0.0856,0.0875,-0.2187,-0.9719,0.676,0.226,-0.7014,-0.7316,0.0917,-0.6755,-0.0884,0.9698,0.2273,0.0001,0.0001,-0.0001,0.0,0.0,0.0,-0.0244,-0.0154,-0.0993,21.7456,18.0494,15.7245,0.0,0.0433,-0.3622,0.0,0.0,0.0,4375603.4026,4319740.8935,-2749433.6003,2775.5458,1624.7973,6987.3282,4375581.6571,4319722.844,-2749449.3248,2775.5702,1624.8127,6987.4275,0.0,0.0765,3.9732,0.0,0.0,1.0,0.0,1.0,0.0,0.0,1.172,-23.972,0.0,1.0,0.0,0.0,0.0,-1.0,0.14497241116847026,0.006403124237432849,-0.10324,1.6924883268163853,3.6407994976683846,,
508.0374,20.626,-0.102,0.105,16.654,0.011,0.106,-0.103,-0.005,0.004,-0.103,-0.004,0.004,-0.176,0.016,0.53,-0.007,0.007,0.007,0.0,0.0,-0.0,832.824,-0.0,0.0,-0.0,0.0,0.0,0.0,0.0,0.0,-0.6739,0.7055,-0.2194,0.7337,0.6741,-0.0856,0.0875,-0.2186,-0.9719,0.676,0.226,-0.7014,-0.7316,0.0917,-0.6755,-0.0884,0.9698,0.2273,0.0001,0.0001,-0.0001,0.0,0.0,0.0,-0.0244,-0.0154,-0.0993,21.7405,18.0463,15.704,0.0,0.0433,-0.3622,0.0,0.0,0.0,4376177.6509,4320077.0079,-2747987.5675,2774.3645,1623.6311,6988.0702,4376155.9104,4320058.9616,-2748003.2715,2774.3889,1623.6465,6988.1696,0.0,0.0765,3.9732,0.0,0.0,1.0,0.0,1.0,0.0,0.0,1.172,-23.972,0.0,1.0,0.0,0.0,0.0,-1.0,0.14638647478507022,0.006403124237432849,-0.10313,1.6907167642893839,3.636920304092799,,
508.2434,20.605,-0.103,0.106,16.633,0.01,0.107,-0.103,-0.005,0.004,-0.103,-0.004,0.004,-0.178,0.017,0.532,-0.007,0.007,0.007,0.0,0.0,-0.0,832.824,-0.0,0.0,-0.0,0.0,0.0,0.0,0.0,0.0,-0.6738,0.7056,-0.2193,0.7337,0.6741,-0.0856,0.0874,-0.2186,-0.9719,0.676,0.226,-0.7014,-0.7316,0.0917,-0.6755,-0.0884,0.9698,0.2273,0.0001,0.0001,-0.0001,0.0,0.0,0.0,-0.0244,-0.0154,-0.0993,21.7355,18.0431,15.6835,0.0,0.0433,-0.3622,0.0,0.0,0.0,4376749.7322,4320411.7559,-2746546.2287,2773.187,1622.4687,6988.8094,4376727.9967,4320393.7128,-2746561.9121,2773.2114,1622.4841,6988.9087,0.0,0.0765,3.9732,0.0,0.0,1.0,0.0,1.0,0.0,0.0,1.172,-23.972,0.0,1.0,0.0,0.0,0.0,-1.0,0.14780054127099804,0.006403124237432849,-0.103025,1.6885449286636343,3.6332174374979207,,
508.4448,20.584,-0.104,0.106,16.612,0.009,0.108,-0.103,-0.005,0.004,-0.103,-0.004,0.004,-0.179,0.018,0.533,-0.007,0.007,0.007,0.0,0.0,-0.0,832.824,-0.0,0.0,-0.0,0.0,0.0,0.0,0.0,0.0,-0.6738,0.7056,-0.2193,0.7337,0.6741,-0.0856,0.0874,-0.2186,-0.9719,0.676,0.226,-0.7014,-0.7316,0.0917,-0.6755,-0.0884,0.9698,0.2273,0.0001,0.0001,-0.0001,0.0,0.0,0.0,-0.0244,-0.0154,-0.0994,21.7305,18.04,15.6633,0.0,0.0433,-0.3622,0.0,0.0,0.0,4377313.2072,4320741.3729,-2745125.8222,2772.0265,1621.3232,6989.5374,4377291.4767,4320723.3329,-2745141.4855,2772.0509,1621.3386,6989.6367,0.0,0.0765,3.9732,0.0,0.0,1.0,0.0,1.0,0.0,0.0,1.172,-23.972,0.0,1.0,0.0,0.0,0.0,-1.0,0.14849915824677257,0.006403124237432849,-0.10292,1.6891938088902576,3.629514570903043,,
508.6459,20.563,-0.105,0.107,16.591,0.008,0.109,-0.103,-0.005,0.004,-0.103,-0.004,0.004,-0.181,0.02,0.535,-0.007,0.007,0.007,0.0,0.0,-0.0,832.824,-0.0,0.0,-0.0,0.0,0.0,0.0,0.0,0.0,-0.6738,0.7056,-0.2193,0.7337,0.674,-0.0856,0.0874,-0.2186,-0.9719,0.676,0.226,-0.7014,-0.7316,0.0917,-0.6755,-0.0884,0.9698,0.2273,0.0001,0.0001,-0.0001,0.0,0.0,0.0,-0.0244,-0.0154,-0.0994,21.7256,18.0369,15.6434,0.0,0.0433,-0.3622,0.0,0.0,0.0,4377867.4309,4321065.4853,-2743728.0146,2770.8845,1620.196,6990.2533,4377845.7053,4321047.4484,-2743743.6581,2770.909,1620.2114,6990.3527,0.0,0.0765,3.9732,0.0,0.0,1.0,0.0,1.0,0.0,0.0,1.172,-23.972,0.0,1.0,0.0,0.0,0.0,-1.0,0.14991330828181998,0.006403124237432849,-0.10281499999999999,1.6870594856685328,3.6258117043081652,,
508.8527,20.542,-0.106,0.108,16.57,0.007,0.109,-0.103,-0.005,0.004,-0.103,-0.004,0.004,-0.182,0.021,0.536,-0.007,0.007,0.007,0.0,0.0,-0.0,832.824,-0.0,0.0,-0.0,0.0,0.0,0.0,0.0,0.0,-0.6738,0.7056,-0.2192,0.7337,0.674,-0.0856,0.0873,-0.2185,-0.9719,0.676,0.226,-0.7014,-0.7316,0.0917,-0.6755,-0.0884,0.9698,0.2273,0.0001,0.0001,-0.0001,0.0,0.0,0.0,-0.0244,-0.0154,-0.0994,21.7207,18.0337,15.623,0.0,0.0433,-0.3622,0.0,0.0,0.0,4378435.6443,4321397.6836,-2742294.1744,2769.7131,1619.0398,6990.9873,4378413.9236,4321379.6499,-2742309.7975,2769.7375,1619.0552,6991.0866,0.0,0.0765,3.9732,0.0,0.0,1.0,0.0,1.0,0.0,0.0,1.172,-23.972,0.0,1.0,0.0,0.0,0.0,-1.0,0.15132745950421556,0.006403124237432849,-0.10271000000000001,1.6814931538118447,3.622108837713288,,
509.0559,20.521,-0.107,0.108,16.549,0.006,0.11,-0.103,-0.005,0.004,-0.103,-0.004,0.004,-0.184,0.023,0.538,-0.007,0.007,0.007,0.0,0.0,-0.0,832.824,-0.0,0.0,-0.0,0.0,0.0,0.0,0.0,0.0,-0.6738,0.7057,-0.2192,0.7337,0.674,-0.0856,0.0873,-0.2185,-0.9719,0.676,0.226,-0.7014,-0.7316,0.0917,-0.6755,-0.0884,0.9698,0.2273,0.0001,0.0001,-0.0001,0.0,0.0,0.0,-0.0244,-0.0154,-0.0994,21.7157,18.0306,15.6028,0.0,0.0433,-0.3622,0.0,0.0,0.0,4378999.7829,4321727.4038,-2740869.8703,2768.5494,1617.8913,6991.7159,4378978.0671,4321709.3732,-2740885.4731,2768.5738,1617.9067,6991.8152,0.0,0.0765,3.9732,0.0,0.0,1.0,0.0,1.0,0.0,0.0,1.172,-23.972,0.0,1.0,0.0,0.0,0.0,-1.0,0.15202960238058902,0.006403124237432849,-0.102605,1.6822148720917578,3.61840597111841,,
509.2618,20.5,-0.108,0.109,16.527,0.006,0.111,-0.103,-0.005,0.004,-0.103,-0.004,0.004,-0.185,0.024,0.539,-0.007,0.007,0.007,0.0,0.0,-0.0,832.824,-0.0,0.0,-0.0,0.0,0.0,0.0,0.0,0.0,-0.6738,0.7057,-0.2191,0.7338,0.674,-0.0856,0.0873,-0.2185,-0.9719,0.676,0.226,-0.7014,-0.7316,0.0917,-0.6755,-0.0884,0.9698,0.2273,0.0001,0.0001,-0.0001,0.0,0.0,0.0,-0.0244,-0.0154,-0.0994,21.7106,18.0274,15.5821,0.0,0.0433,-0.3622,0.0,0.0,0.0,4379575.3626,4322063.7127,-2739415.9079,2767.3614,1616.7189,6992.4592,4379553.652,4322045.6852,-2739431.49,2767.3858,1616.7343,6992.5586,0.0,0.0765,3.9732,0.0,0.0,1.0,0.0,1.0,0.0,0.0,1.172,-23.972,0.0,1.0,0.0,0.0,0.0,-1.0,0.15344380078712858,0.006403124237432849,-0.1025,1.6965920155520537,3.614703104523532,,
509.4684,20.478,-0.109,0.11,16.506,0.005,0.112,-0.103,-0.005,0.004,-0.103,-0.004,0.004,-0.187,0.025,0.541,-0.007,0.007,0.007,0.0,0.0,-0.0,832.824,-0.0,0.0,-0.0,0.0,0.0,0.0,0.0,0.0,-0.6738,0.7057,-0.2191,0.7338,0.674,-0.0856,0.0873,-0.2185,-0.9719,0.676,0.226,-0.7014,-0.7316,0.0917,-0.6755,-0.0884,0.9698,0.2273,0.0001,0.0001,-0.0001,0.0,0.0,0.0,-0.0244,-0.0154,-0.0994,21.7057,18.0243,15.5616,0.0,0.0433,-0.3622,0.0,0.0,0.0,4380145.0297,4322396.4689,-2737976.1125,2766.185,1615.558,6993.1948,4380123.324,4322378.4447,-2737991.6741,2766.2094,1615.5733,6993.2942,0.0,0.0765,3.9732,0.0,0.0,1.0,0.0,1.0,0.0,0.0,1.172,-23.972,0.0,1.0,0.0,0.0,0.0,-1.0,0.15485799947048262,0.006403124237432849,-0.10239000000000001,1.6948669417083053,3.610823910947946,,
509.6753,20.457,-0.11,0.111,16.485,0.004,0.113,-0.103,-0.005,0.004,-0.103,-0.004,0.004,-0.188,0.027,0.543,-0.007,0.007,0.007,0.0,0.0,-0.0,832.824,-0.0,0.0,-0.0,0.0,0.0,0.0,0.0,0.0,-0.6738,0.7057,-0.2191,0.7338,0.674,-0.0856,0.0872,-0.2184,-0.9719,0.676,0.226,-0.7014,-0.7316,0.0917,-0.6755,-0.0884,0.9698,0.2273,0.0001,0.0001,-0.0001,0.0,0.0,0.0,-0.0244,-0.0153,-0.0994,21.7006,18.0211,15.5411,0.0,0.0433,-0.3622,0.0,0.0,0.0,4380716.2821,4322730.053,-2736531.5461,2765.0047,1614.3932,6993.9324,4380694.5815,4322712.0319,-2736547.0872,2765.0291,1614.4086,6994.0318,0.0,0.0765,3.9732,0.0,0.0,1.0,0.0,1.0,0.0,0.0,1.172,-23.972,0.0,1.0,0.0,0.0,0.0,-1.0,0.15627219842313603,0.006403124237432849,-0.102285,1.6927392681456364,3.607121044353068,,
509.877,20.436,-0.111,0.111,16.464,0.003,0.114,-0.103,-0.005,0.004,-0.103,-0.004,0.004,-0.189,0.028,0.544,-0.007,0.007,0.007,0.0,0.0,-0.0,832.824,-0.0,0.0,-0.0,0.0,0.0,0.0,0.0,0.0,-0.6737,0.7058,-0.219,0.7338,0.674,-0.0856,0.0872,-0.2184,-0.972,0.676,0.226,-0.7014,-0.7316,0.0917,-0.6755,-0.0884,0.9698,0.2273,0.0001,0.0001,-0.0001,0.0,0.0,0.0,-0.0244,-0.0153,-0.0994,21.6957,18.018,15.521,0.0,0.0433,-0.3622,0.0,0.0,0.0,4381274.895,4323056.1614,-2735118.1954,2763.8498,1613.2537,6994.6535,4381253.1993,4323038.1434,-2735133.7164,2763.8742,1613.269,6994.753,0.0,0.0765,3.9732,0.0,0.0,1.0,0.0,1.0,0.0,0.0,1.172,-23.972,0.0,1.0,0.0,0.0,0.0,-1.0,0.15697770542341355,0.006403124237432849,-0.10217999999999999,1.6937147274213151,3.6034181777581904,,
510.083,20.415,-0.112,0.112,16.442,0.002,0.114,-0.103,-0.005,0.004,-0.103,-0.004,0.004,-0.191,0.03,0.546,-0.007,0.007,0.007,0.0,0.0,-0.0,832.824,-0.0,0.0,-0.0,0.0,0.0,0.0,0.0,0.0,-0.6737,0.7058,-0.219,0.7338,0.6739,-0.0856,0.0872,-0.2184,-0.972,0.676,0.226,-0.7014,-0.7316,0.0917,-0.6755,-0.0884,0.9698,0.2273,0.0001,0.0001,-0.0001,0.0,0.0,0.0,-0.0244,-0.0153,-0.0994,21.6907,18.0148,15.5005,0.0,0.0433,-0.3622,0.0,0.0,0.0,4381843.8219,4323388.1941,-2733677.9921,2762.673,1612.0925,6995.388,4381822.1313,4323370.1793,-2733693.4926,2762.6973,1612.1079,6995.4874,0.0,0.0765,3.9732,0.0,0.0,1.0,0.0,1.0,0.0,0.0,1.172,-23.972,0.0,1.0,0.0,0.0,0.0,-1.0,0.15839191898578667,0.006403124237432849,-0.102075,1.6874829254716412,3.5997153111633122,,
510.2857,20.394,-0.113,0.113,16.422,0.001,0.115,-0.103,-0.005,0.004,-0.103,-0.004,0.004,-0.192,0.031,0.547,-0.007,0.007,0.007,0.0,0.0,-0.0,832.824,-0.0,0.0,-0.0,0.0,0.0,0.0,0.0,0.0,-0.6737,0.7058,-0.219,0.7338,0.6739,-0.0856,0.0871,-0.2184,-0.972,0.676,0.226,-0.7014,-0.7316,0.0917,-0.6755,-0.0884,0.9698,0.2273,0.0001,0.0001,-0.0001,0.0,0.0,0.0,-0.0244,-0.0153,-0.0994,21.6858,18.0117,15.4805,0.0,0.0433,-0.3622,0.0,0.0,0.0,4382399.2294,4323712.2421,-2732271.2789,2761.5235,1610.9584,6996.1049,4382377.5436,4323694.2303,-2732286.7594,2761.5478,1610.9737,6996.2043,0.0,0.0765,3.9732,0.0,0.0,1.0,0.0,1.0,0.0,0.0,1.172,-23.972,0.0,1.0,0.0,0.0,0.0,-1.0,0.15980613254815976,0.006403124237432849,-0.10196999999999999,1.6857618583339746,3.5960124445684345,,
510.4872,20.373,-0.114,0.114,16.401,0.0,0.116,-0.103,-0.005,0.004,-0.103,-0.004,0.004,-0.194,0.032,0.549,-0.007,0.007,0.007,0.0,0.0,-0.0,832.824,-0.0,0.0,-0.0,0.0,0.0,0.0,0.0,0.0,-0.6737,0.7058,-0.2189,0.7338,0.6739,-0.0856,0.0871,-0.2183,-0.972,0.676,0.226,-0.7014,-0.7316,0.0917,-0.6755,-0.0884,0.9698,0.2273,0.0001,0.0001,-0.0001,0.0,0.0,0.0,-0.0244,-0.0153,-0.0995,21.6809,18.0086,15.4604,0.0,0.0433,-0.3622,0.0,0.0,0.0,4382957.1838,4324037.6828,-2730857.3737,2760.3681,1609.8185,6996.825,4382935.5029,4324019.6741,-2730872.8341,2760.3924,1609.8338,6996.9244,0.0,0.0765,3.9732,0.0,0.0,1.0,0.0,1.0,0.0,0.0,1.172,-23.972,0.0,1.0,0.0,0.0,0.0,-1.0,0.16122034611053285,0.006403124237432849,-0.10186500000000001,1.6836427602894264,3.592309577973557,,
510.6898,20.352,-0.115,0.114,16.38,-0.001,0.117,-0.103,-0.005,0.004,-0.103,-0.004,0.004,-0.195,0.034,0.55,-0.007,0.007,0.007,0.0,0.0,-0.0,832.824,-0.0,0.0,-0.0,0.0,0.0,0.0,0.0,0.0,-0.6737,0.7058,-0.2189,0.7339,0.6739,-0.0856,0.0871,-0.2183,-0.972,0.676,0.226,-0.7014,-0.7316,0.0917,-0.6755,-0.0884,0.9698,0.2273,0.0001,0.0001,-0.0001,0.0,0.0,0.0,-0.0244,-0.0153,-0.0995,21.676,18.0055,15.4402,0.0,0.0433,-0.3622,0.0,0.0,0.0,4383516.9096,4324364.0617,-2729438.2405,2759.2084,1608.6744,6997.5473,4383495.2337,4324346.0562,-2729453.6808,2759.2327,1608.6897,6997.6468,0.0,0.0765,3.9732,0.0,0.0,1.0,0.0,1.0,0.0,0.0,1.172,-23.972,0.0,1.0,0.0,0.0,0.0,-1.0,0.16192899678562825,0.006403124237432849,-0.10176,1.6847297367569305,3.588606711378679,,
510.8944,20.331,-0.116,0.115,16.359,-0.001,0.118,-0.103,-0.005,0.004,-0.103,-0.004,0.004,-0.197,0.035,0.552,-0.007,0.007,0.007,0.0,0.0,-0.0,832.824,-0.0,0.0,-0.0,0.0,0.0,0.0,0.0,0.0,-0.6737,0.7059,-0.2189,0.7339,0.6739,-0.0856,0.0871,-0.2183,-0.972,0.676,0.226,-0.7014,-0.7316,0.0917,-0.6755,-0.0884,0.9698,0.2273,0.0001,0.0001,-0.0001,0.0,0.0,0.0,-0.0244,-0.0153,-0.0995,21.671,18.0024,15.4199,0.0,0.0433,-0.3622,0.0,0.0,0.0,4384082.1361,4324693.5517,-2728004.4083,2758.0366,1607.5185,6998.2767,4384060.4652,4324675.5493,-2728019.8282,2758.061,1607.5338,6998.3762,0.0,0.0765,3.9732,0.0,0.0,1.0,0.0,1.0,0.0,0.0,1.172,-23.972,0.0,1.0,0.0,0.0,0.0,-1.0,0.1633431969810803,0.006403124237432849,-0.101655,1.6995002682576,3.5849038447838013,,
511.0959,20.31,-0.117,0.116,16.338,-0.002,0.119,-0.103,-0.005,0.004,-0.103,-0.004,0.004,-0.198,0.036,0.553,-0.007,0.007,0.007,0.0,0.0,-0.0,832.824,-0.0,0.0,-0.0,0.0,0.0,0.0,0.0,0.0,-0.6737,0.7059,-0.2188,0.7339,0.6739,-0.0856,0.087,-0.2183,-0.972,0.676,0.226,-0.7014,-0.7316,0.0917,-0.6755,-0.0884,0.9698,0.2273,0.0001,0.0001,-0.0001,0.0,0.0,0.0,-0.0244,-0.0153,-0.0995,21.6661,17.9993,15.3999,0.0,0.0433,-0.3622,0.0,0.0,0.0,4384636.2469,4325016.4678,-2726598.0367,2756.8873,1606.3847,6998.9916,4384614.5808,4324998.4685,-2726613.4365,2756.9116,1606.4001,6999.0911,0.0,0.0765,3.9732,0.0,0.0,1.0,0.0,1.0,0.0,0.0,1.172,-23.972,0.0,1.0,0.0,0.0,0.0,-1.0,0.1647573974060042,0.006403124237432849,-0.10154999999999999,1.697419454481177,3.5812009781889236,,
511.3032,20.289,-0.118,0.116,16.316,-0.003,0.119,-0.103,-0.005,0.004,-0.103,-0.004,0.004,-0.199,0.038,0.555,-0.007,0.007,0.007,0.0,0.0,-0.0,832.824,-0.0,0.0,-0.0,0.0,0.0,0.0,0.0,0.0,-0.6737,0.7059,-0.2188,0.7339,0.6738,-0.0856,0.087,-0.2182,-0.972,0.676,0.226,-0.7014,-0.7316,0.0917,-0.6755,-0.0884,0.9698,0.2273,0.0001,0.0001,-0.0001,0.0,0.0,0.0,-0.0244,-0.0153,-0.0995,21.6611,17.9961,15.3792,0.0,0.0433,-0.3622,0.0,0.0,0.0,4385207.7328,4325349.4121,-2725146.7983,2755.7012,1605.2149,6999.7289,4385186.0718,4325331.416,-2725162.1775,2755.7256,1605.2302,6999.8284,0.0,0.0765,3.9732,0.0,0.0,1.0,0.0,1.0,0.0,0.0,1.172,-23.972,0.0,1.0,0.0,0.0,0.0,-1.0,0.16546903033498445,0.006403124237432849,-0.10144500000000001,1.6942730685519738,3.5774981115940463,,
511.5089,20.267,-0.119,0.117,16.295,-0.004,0.12,-0.103,-0.005,0.004,-0.103,-0.004,0.004,-0.201,0.039,0.556,-0.007,0.007,0.007,0.0,0.0,-0.0,832.824,-0.0,0.0,-0.0,0.0,0.0,0.0,0.0,0.0,-0.6736,0.7059,-0.2188,0.7339,0.6738,-0.0856,0.087,-0.2182,-0.972,0.676,0.226,-0.7014,-0.7316,0.0917,-0.6755,-0.0884,0.9698,0.2273,0.0001,0.0001,-0.0001,0.0,0.0,0.0,-0.0243,-0.0153,-0.0995,21.656,17.993,15.3587,0.0,0.0433,-0.3622,0.0,0.0,0.0,4385776.9854,4325680.956,-2723700.4623,2754.5192,1604.049,7000.4633,4385755.3293,4325662.963,-2723715.821,2754.5435,1604.0643,7000.5628,0.0,0.0765,3.9732,0.0,0.0,1.0,0.0,1.0,0.0,0.0,1.172,-23.972,0.0,1.0,0.0,0.0,0.0,-1.0,0.16688319268278637,0.006403124237432849,-0.101335,1.6926022432874268,3.5736189180184597,,
511.71,20.247,-0.12,0.118,16.274,-0.005,0.121,-0.103,-0.005,0.004,-0.103,-0.004,0.004,-0.202,0.041,0.558,-0.007,0.007,0.007,0.0,0.0,-0.0,832.824,-0.0,0.0,-0.0,0.0,0.0,0.0,0.0,0.0,-0.6736,0.706,-0.2187,0.7339,0.6738,-0.0856,0.0869,-0.2182,-0.972,0.676,0.226,-0.7014,-0.7316,0.0917,-0.6755,-0.0884,0.9698,0.2273,0.0001,0.0001,-0.0001,0.0,0.0,0.0,-0.0243,-0.0153,-0.0995,21.6512,17.9899,15.3388,0.0,0.0433,-0.3622,0.0,0.0,0.0,4386328.1293,4326001.8594,-2722299.3967,2753.3741,1602.9196,7001.1742,4386306.4781,4325983.8695,-2722314.7355,2753.3984,1602.9349,7001.2737,0.0,0.0765,3.9732,0.0,0.0,1.0,0.0,1.0,0.0,0.0,1.172,-23.972,0.0,1.0,0.0,0.0,0.0,-1.0,0.1682973558912914,0.006403124237432849,-0.101235,1.6901189631015037,3.5700923784042904,,
511.9107,20.226,-0.121,0.119,16.254,-0.006,0.122,-0.103,-0.005,0.004,-0.103,-0.004,0.004,-0.204,0.042,0.559,-0.007,0.007,0.007,0.0,0.0,-0.0,832.824,-0.0,0.0,-0.0,0.0,0.0,0.0,0.0,0.0,-0.6736,0.706,-0.2187,0.7339,0.6738,-0.0856,0.0869,-0.2182,-0.972,0.676,0.226,-0.7014,-0.7316,0.0917,-0.6755,-0.0884,0.9698,0.2273,0.0001,0.0001,-0.0001,0.0,0.0,0.0,-0.0243,-0.0153,-0.0995,21.6463,17.9868,15.3187,0.0,0.0433,-0.3622,0.0,0.0,0.0,4386882.7328,4326324.6835,-2720888.8055,2752.2212,1601.7826,7001.8895,4386861.0865,4326306.6967,-2720904.1242,2752.2455,1601.7979,7001.989,0.0,0.0765,3.9732,0.0,0.0,1.0,0.0,1.0,0.0,0.0,1.172,-23.972,0.0,1.0,0.0,0.0,0.0,-1.0,0.1697115199389835,0.006403124237432849,-0.10113,1.6884531548226989,3.566389511809412,,
512.1158,20.205,-0.122,0.119,16.232,-0.007,0.123,-0.103,-0.005,0.004,-0.103,-0.006,0.004,-0.205,0.043,0.56,-0.007,0.007,-0.013,-0.0,0.0,-0.0,832.795,-0.0,0.0,-0.0,-0.408,0.0,0.0,0.0,0.0,-0.6736,0.706,-0.2187,0.734,0.6738,-0.0856,0.0869,-0.2182,-0.972,0.676,0.226,-0.7014,-0.7316,0.0917,-0.6755,-0.0884,0.9698,0.2273,-0.0002,0.0001,-0.0001,0.0,0.0,0.0,-0.0243,-0.0153,-0.0995,21.6413,17.9837,15.2982,0.0,0.0433,-0.3622,0.0,0.0,0.0,4387449.2626,4326654.3528,-2719447.1198,2751.0428,1600.6205,7002.6201,4387427.6213,4326636.3691,-2719462.418,2751.0672,1600.6358,7002.7196,0.0,0.0765,3.9732,0.0,0.0,1.0,0.0,1.0,0.0,0.0,1.172,-23.972,0.0,1.0,0.0,0.0,0.0,-1.0,0.17042593699317013,0.006403124237432849,-0.10102499999999999,1.689468799353642,3.5626866452145345,,
512.3207,20.183,-0.123,0.12,16.211,-0.008,0.123,-0.103,-0.005,0.004,-0.104,-0.009,0.004,-0.207,0.045,0.552,-0.007,0.006,-0.062,-0.001,0.0,-0.0,832.727,-0.0,0.0,-0.0,-1.0,0.0,0.0,0.0,0.0,-0.6736,0.706,-0.2187,0.734,0.6737,-0.0857,0.0869,-0.2183,-0.972,0.676,0.226,-0.7014,-0.7316,0.0917,-0.6755,-0.0884,0.9698,0.2273,-0.0011,0.0001,-0.0001,0.0,0.0,0.0,-0.0243,-0.0153,-0.0996,21.6363,17.9805,15.2779,0.0,0.0433,-0.3621,0.0,0.0,0.0,4388011.3127,4326981.318,-2718016.0776,2749.8732,1599.4671,7003.3448,4387989.6764,4326963.3375,-2718031.3555,2749.8975,1599.4824,7003.4444,0.0,0.0765,3.9732,0.0,0.0,1.0,0.0,1.0,0.0,0.0,1.172,-23.972,0.0,1.0,0.0,0.0,0.0,-1.0,0.17184004189943622,0.006403124237432849,-0.100915,1.6836327413518033,3.5588074516389487,,
512.5261,20.162,-0.124,0.121,16.19,-0.011,0.124,-0.103,-0.005,0.004,-0.104,-0.013,0.004,-0.208,0.046,0.534,-0.007,0.006,-0.11,-0.002,0.0,-0.0,832.659,-0.0,0.0,-0.0,-1.0,0.0,0.0,0.0,0.0,-0.6736,0.7059,-0.2189,0.734,0.6737,-0.086,0.0868,-0.2186,-0.9719,0.676,0.226,-0.7014,-0.7316,0.0917,-0.6755,-0.0884,0.9698,0.2273,-0.0019,0.0001,-0.0001,0.0,0.0,0.0,-0.0243,-0.0153,-0.0996,21.6312,17.9773,15.2574,0.0,0.0433,-0.3621,0.0,0.0,0.0,4388578.6013,4327311.2331,-2716570.9248,2748.6919,1598.3023,7004.0763,4388556.9701,4327293.2558,-2716586.1821,2748.7163,1598.3176,7004.1758,0.0,0.0765,3.9732,0.0,0.0,1.0,0.0,1.0,0.0,0.0,1.172,-23.972,0.0,1.0,0.0,0.0,0.0,-1.0,0.17325414857947846,0.006403124237432849,-0.10081,1.6479536307036178,3.5551045850440706,,
512.7296,20.141,-0.125,0.122,16.169,-0.014,0.125,-0.103,-0.006,0.004,-0.104,-0.017,0.004,-0.209,0.047,0.507,-0.007,0.006,-0.159,-0.003,0.0,-0.0,832.591,-0.0,0.0,-0.0,-1.0,0.0,0.0,0.0,0.0,-0.6736,0.7058,-0.2193,0.734,0.6736,-0.0863,0.0868,-0.2191,-0.9718,0.676,0.226,-0.7014,-0.7316,0.0917,-0.6755,-0.0884,0.9698,0.2273,-0.0028,0.0001,-0.0001,0.0,0.0,0.0,-0.0243,-0.0153,-0.0996,21.6261,17.9741,15.2371,0.0,0.0433,-0.3621,0.0,0.0,0.0,4389138.299,4327636.6365,-2715144.3557,2747.5259,1597.1526,7004.7978,4389116.6729,4327618.6625,-2715159.5928,2747.5502,1597.1678,7004.8974,0.0,0.0765,3.9732,0.0,0.0,1.0,0.0,1.0,0.0,0.0,1.172,-23.972,0.0,1.0,0.0,0.0,0.0,-1.0,0.1746682569902156,0.007211102550927979,-0.10070499999999999,1.6123511097895133,3.551401718449193,,
512.9348,20.12,-0.126,0.122,16.148,-0.017,0.126,-0.103,-0.006,0.004,-0.104,-0.02,0.004,-0.211,0.049,0.47,-0.007,0.006,-0.207,-0.004,0.0,-0.0,832.524,-0.0,0.0,-0.0,-1.0,0.0,0.0,0.0,0.0,-0.6736,0.7057,-0.2197,0.734,0.6736,-0.0868,0.0868,-0.2197,-0.9717,0.676,0.226,-0.7014,-0.7316,0.0917,-0.6755,-0.0884,0.9698,0.2273,-0.0036,0.0001,-0.0001,0.0,0.0,0.0,-0.0243,-0.0153,-0.0996,21.621,17.9708,15.2169,0.0,0.0433,-0.3621,0.0,0.0,0.0,4389698.8124,4327962.4178,-2713714.9536,2746.3574,1596.0005,7005.5204,4389677.1914,4327944.447,-2713730.1705,2746.3817,1596.0158,7005.62,0.0,0.0765,3.9732,0.0,0.0,1.0,0.0,1.0,0.0,0.0,1.172,-23.972,0.0,1.0,0.0,0.0,0.0,-1.0,0.17538529014715004,0.007211102550927979,-0.10060000000000001,1.5806538566354453,3.5476988518543155,,
513.141,20.099,-0.128,0.123,16.126,-0.022,0.127,-0.103,-0.006,0.004,-0.104,-0.024,0.004,-0.212,0.05,0.422,-0.007,0.006,-0.256,-0.004,0.0,-0.0,832.454,-0.0,0.0,-0.0,-0.876,0.0,0.0,0.0,0.0,-0.6735,0.7056,-0.2203,0.734,0.6735,-0.0873,0.0867,-0.2205,-0.9715,0.676,0.226,-0.7014,-0.7316,0.0917,-0.6755,-0.0884,0.9698,0.2273,-0.0045,0.0001,-0.0001,0.0,0.0,0.0,-0.0243,-0.0153,-0.0996,21.6158,17.9674,15.1964,0.0,0.0433,-0.3621,0.0,0.0,0.0,4390266.917,4328292.5128,-2712265.4197,2745.1725,1594.8323,7006.2527,4390245.3012,4328274.5454,-2712280.6161,2745.1968,1594.8476,7006.3523,0.0,0.0765,3.9732,0.0,0.0,1.0,0.0,1.0,0.0,0.0,1.172,-23.972,0.0,1.0,0.0,0.0,0.0,-1.0,0.17751901306620652,0.007211102550927979,-0.100495,1.525517754254504,3.5439959852594374,,
513.347,20.077,-0.129,0.124,16.105,-0.027,0.128,-0.103,-0.006,0.004,-0.104,-0.023,0.004,-0.214,0.051,0.369,-0.007,0.006,-0.237,-0.004,0.0,-0.0,832.403,-0.0,0.0,-0.0,0.0,0.0,0.0,0.0,0.0,-0.6735,0.7054,-0.2209,0.7341,0.6734,-0.088,0.0867,-0.2214,-0.9713,0.676,0.226,-0.7014,-0.7316,0.0917,-0.6755,-0.0884,0.9698,0.2273,-0.0041,0.0001,-0.0001,0.0,0.0,0.0,-0.0243,-0.0152,-0.0996,21.6106,17.9641,15.176,0.0,0.0433,-0.3621,0.0,0.0,0.0,4390830.8436,4328620.0818,-2710825.7784,2743.9956,1593.6721,7006.9795,4390809.233,4328602.1178,-2710840.9545,2744.02,1593.6874,7007.0791,0.0,0.0765,3.9732,0.0,0.0,1.0,0.0,1.0,0.0,0.0,1.172,-23.972,0.0,1.0,0.0,0.0,0.0,-1.0,0.178932948335403,0.007211102550927979,-0.100385,1.457571647458447,3.5401167916838516,,
513.5517,20.056,-0.13,0.124,16.083,-0.031,0.128,-0.103,-0.006,0.003,-0.104,-0.019,0.004,-0.215,0.052,0.325,-0.008,0.006,-0.19,-0.003,0.0,-0.0,832.36,-0.0,0.0,-0.0,0.0,0.0,0.0,0.0,0.0,-0.6735,0.7052,-0.2214,0.7341,0.6733,-0.0885,0.0867,-0.2222,-0.9711,0.676,0.226,-0.7014,-0.7316,0.0917,-0.6755,-0.0884,0.9698,0.2273,-0.0033,0.0001,-0.0001,0.0,0.0,0.0,-0.0243,-0.0152,-0.0996,21.6054,17.9607,15.1556,0.0,0.0433,-0.362,0.0,0.0,0.0,4391395.0378,4328947.7085,-2709384.6836,2742.8176,1592.5108,7007.7066,4391373.4325,4328929.7478,-2709399.8392,2742.8419,1592.526,7007.8062,0.0,0.0765,3.9732,0.0,0.0,1.0,0.0,1.0,0.0,0.0,1.172,-23.972,0.0,1.0,0.0,0.0,0.0,-1.0,0.179655225362359,0.00670820393249937,-0.10028000000000001,1.4048715597905685,3.536413925088974,,
513.7537,20.035,-0.131,0.125,16.063,-0.035,0.129,-0.103,-0.006,0.003,-0.104,-0.018,0.004,-0.217,0.054,0.29,-0.008,0.006,-0.179,-0.003,0.0,-0.0,832.307,-0.0,0.0,-0.0,-0.349,0.0,0.0,0.0,0.0,-0.6735,0.7051,-0.2219,0.7341,0.6732,-0.0889,0.0867,-0.2228,-0.971,0.676,0.226,-0.7014,-0.7316,0.0917,-0.6755,-0.0884,0.9698,0.2273,-0.0031,0.0001,-0.0001,0.0,0.0,0.0,-0.0244,-0.0152,-0.0996,21.6003,17.9575,15.1357,0.0,0.0433,-0.362,0.0,0.0,0.0,4391947.3804,4329268.3575,-2707973.1202,2741.6636,1591.3733,7008.4183,4391925.7801,4329250.4,-2707988.2559,2741.6879,1591.3885,7008.5179,0.0,0.0765,3.9732,0.0,0.0,1.0,0.0,1.0,0.0,0.0,1.172,-23.972,0.0,1.0,0.0,0.0,0.0,-1.0,0.18106904760339357,0.00670820393249937,-0.100175,1.3539913852641872,3.5327110584940957,,
513.9549,20.014,-0.133,0.126,16.042,-0.039,0.13,-0.103,-0.006,0.003,-0.104,-0.022,0.004,-0.219,0.055,0.249,-0.008,0.006,-0.226,-0.004,0.0,-0.0,832.242,-0.0,0.0,-0.0,-0.994,0.0,0.0,0.0,0.0,-0.6735,0.705,-0.2223,0.7341,0.6731,-0.0894,0.0866,-0.2235,-0.9709,0.676,0.226,-0.7014,-0.7316,0.0917,-0.6755,-0.0884,0.9698,0.2273,-0.0039,0.0001,-0.0001,0.0,0.0,0.0,-0.0244,-0.0151,-0.0996,21.5952,17.9543,15.1157,0.0,0.0433,-0.362,0.0,0.0,0.0,4392499.6393,4329588.8639,-2706561.0312,2740.5092,1590.2354,7009.1299,4392478.0441,4329570.9096,-2706576.1469,2740.5335,1590.2506,7009.2295,0.0,0.0765,3.9732,0.0,0.0,1.0,0.0,1.0,0.0,0.0,1.172,-23.972,0.0,1.0,0.0,0.0,0.0,-1.0,0.18320753259623362,0.00670820393249937,-0.10006999999999999,1.316647745048079,3.529008191899218,,
514.1597,19.993,-0.134,0.127,16.02,-0.044,0.131,-0.103,-0.006,0.003,-0.104,-0.025,0.004,-0.22,0.056,0.198,-0.008,0.006,-0.275,-0.005,0.0,-0.0,832.173,-0.0,0.0,-0.0,-0.994,0.0,0.0,0.0,0.0,-0.6735,0.7048,-0.223,0.7341,0.673,-0.0901,0.0866,-0.2243,-0.9707,0.676,0.226,-0.7014,-0.7316,0.0917,-0.6755,-0.0884,0.9698,0.2273,-0.0048,0.0001,-0.0001,0.0,0.0,0.0,-0.0244,-0.0151,-0.0996,21.5901,17.951,15.0954,0.0,0.0433,-0.362,0.0,0.0,0.0,4393061.3557,4329914.7623,-2705124.0002,2739.3343,1589.0774,7009.8535,4393039.7657,4329896.8113,-2705139.0955,2739.3587,1589.0926,7009.9532,0.0,0.0765,3.9732,0.0,0.0,1.0,0.0,1.0,0.0,0.0,1.172,-23.972,0.0,1.0,0.0,0.0,0.0,-1.0,0.1846212338816963,0.00670820393249937,-0.1,1.2494225553408924,3.52530532530434,1.5,0.15
514.36,19.973,-0.135,0.127,16.0,-0.049,0.132,-0.103,-0.006,0.003,-0.104,-0.025,0.004,-0.222,0.057,0.141,-0.008,0.006,-0.266,-0.005,0.0,-0.0,832.12,-0.0,0.0,-0.0,0.0,0.0,0.0,0.0,0.0,-0.6735,0.7046,-0.2236,0.7341,0.6729,-0.0907,0.0866,-0.2253,-0.9704,0.676,0.226,-0.7014,-0.7316,0.0917,-0.6755,-0.0884,0.9698,0.2273,-0.0047,0.0001,-0.0001,0.0,0.0,0.0,-0.0244,-0.0151,-0.0997,21.5849,17.9477,15.0755,0.0,0.0433,-0.362,0.0,0.0,0.0,4393609.2445,4330232.544,-2703721.6079,2738.1878,1587.9474,7010.5593,4393587.6595,4330214.5963,-2703736.6834,2738.2121,1587.9625,7010.659,0.0,0.0765,3.9732,0.0,0.0,1.0,0.0,1.0,0.0,0.0,1.172,-23.972,0.0,1.0,0.0,0.0,0.0,-1.0,0.18534832073693033,0.00670820393249937,-0.1,1.188670439939352,3.5217787856901706,1.5,0.15
514.5641,19.951,-0.137,0.128,15.978,-0.054,0.132,-0.103,-0.006,0.003,-0.104,-0.021,0.004,-0.223,0.059,0.091,-0.006,0.006,-0.22,-0.004,0.0,-0.0,832.077,-0.0,0.0,-0.0,0.0,0.0,0.0,0.0,0.0,-0.6735,0.7044,-0.2242,0.7341,0.6728,-0.0913,0.0865,-0.2261,-0.9702,0.676,0.226,-0.7014,-0.7316,0.0917,-0.6755,-0.0884,0.9698,0.2273,-0.0038,0.0001,-0.0001,0.0,0.0,0.0,-0.0244,-0.0151,-0.0997,21.5797,17.9444,15.0553,0.0,0.0433,-0.362,0.0,0.0,0.0,4394168.1017,4330556.5915,-2702290.3902,2737.0176,1586.7942,7011.2792,4394146.522,4330538.6471,-2702305.4455,2737.042,1586.8093,7011.3788,0.0,0.0765,3.9732,0.0,0.0,1.0,0.0,1.0,0.0,0.0,1.172,-23.972,0.0,1.0,0.0,0.0,0.0,-1.0,0.1874913331330278,0.00670820393249937,-0.1,1.1296995906490908,3.517899592114585,1.5,0.15
514.7701,19.93,-0.138,0.129,15.957,-0.058,0.133,-0.103,-0.006,0.003,-0.104,-0.018,0.004,-0.225,0.06,0.051,-0.007,0.007,-0.172,-0.003,0.0,-0.0,832.033,-0.0,0.0,-0.0,0.0,0.0,0.0,0.0,0.0,-0.6734,0.7043,-0.2247,0.7342,0.6727,-0.0918,0.0865,-0.2268,-0.9701,0.676,0.226,-0.7014,-0.7316,0.0917,-0.6755,-0.0884,0.9698,0.2273,-0.003,0.0001,-0.0001,0.0,0.0,0.0,-0.0244,-0.015,-0.0997,21.5746,17.9411,15.0349,0.0,0.0433,-0.362,0.0,0.0,0.0,4394730.7397,4330882.7333,-2700848.7236,2735.8389,1585.6327,7012.0038,4394709.1651,4330864.7922,-2700863.7585,2735.8633,1585.6477,7012.1035,0.0,0.0765,3.9732,0.0,0.0,1.0,0.0,1.0,0.0,0.0,1.172,-23.972,0.0,1.0,0.0,0.0,0.0,-1.0,0.188904737897174,0.00670820393249937,-0.1,1.0806013916856099,3.514196725519707,1.5,0.15
514.9754,19.909,-0.139,0.129,15.936,-0.061,0.134,-0.103,-0.005,0.003,-0.104,-0.014,0.004,-0.226,0.061,0.021,-0.007,0.007,-0.125,-0.002,0.0,-0.0,831.99,-0.0,0.0,-0.0,0.0,0.0,0.0,0.0,0.0,-0.6734,0.7042,-0.2251,0.7342,0.6727,-0.0922,0.0865,-0.2273,-0.97,0.676,0.226,-0.7014,-0.7316,0.0917,-0.6755,-0.0884,0.9698,0.2273,-0.0022,0.0001,-0.0001,0.0,0.0,0.0,-0.0244,-0.015,-0.0997,21.5694,17.9379,15.0144,0.0,0.0433,-0.362,0.0,0.0,0.0,4395293.8141,4331209.0296,-2699405.1683,2734.6585,1584.4696,7012.7289,4395272.2448,4331191.0917,-2699420.1827,2734.683,1584.4846,7012.8286,0.0,0.0765,3.9732,0.0,0.0,1.0,0.0,1.0,0.0,0.0,1.172,-23.972,0.0,1.0,0.0,0.0,0.0,-1.0,0.18963649437806007,0.0058309518948453,-0.1,1.0540603932961032,3.510493858924829,1.5,0.15
515.181,19.888,-0.14,0.13,15.914,-0.063,0.135,-0.104,-0.005,0.003,-0.104,-0.01,0.004,-0.227,0.063,-0.0,-0.007,0.007,-0.077,-0.001,0.0,-0.0,831.946,-0.0,0.0,-0.0,0.0,0.0,0.0,0.0,0.0,-0.6734,0.7041,-0.2253,0.7342,0.6726,-0.0925,0.0864,-0.2277,-0.9699,0.676,0.226,-0.7014,-0.7316,0.0917,-0.6755,-0.0884,0.9698,0.2273,-0.0013,0.0001,-0.0001,0.0,0.0,0.0,-0.0244,-0.0149,-0.0997,21.5643,17.9348,14.994,0.0,0.0433,-0.3619,0.0,0.0,0.0,4395854.8709,4331534.0585,-2697966.0176,2733.4818,1583.3101,7013.4514,4395833.3066,4331516.1237,-2697981.0116,2733.5062,1583.325,7013.5511,0.0,0.0765,3.9732,0.0,0.0,1.0,0.0,1.0,0.0,0.0,1.172,-23.972,0.0,1.0,0.0,0.0,0.0,-1.0,0.19104973174542803,0.0058309518948453,-0.1,1.0369856063324323,3.5067909923299516,1.5,0.15
515.3853,19.866,-0.141,0.131,15.893,-0.065,0.135,-0.104,-0.005,0.003,-0.104,-0.007,0.004,-0.229,0.064,-0.011,-0.007,0.007,-0.029,-0.0,0.0,-0.0,831.902,-0.0,0.0,-0.0,0.0,0.0,0.0,0.0,0.0,-0.6734,0.7041,-0.2254,0.7342,0.6726,-0.0926,0.0864,-0.2279,-0.9698,0.676,0.226,-0.7014,-0.7316,0.0917,-0.6755,-0.0884,0.9698,0.2273,-0.0005,0.0001,-0.0001,0.0,0.0,0.0,-0.0245,-0.0149,-0.0997,21.5593,17.9317,14.9736,0.0,0.0433,-0.3619,0.0,0.0,0.0,4396414.2142,4331857.9974,-2696530.4938,2732.308,1582.1536,7014.1715,4396392.655,4331840.0657,-2696545.4675,2732.3325,1582.1684,7014.2712,0.0,0.0765,3.9732,0.0,0.0,1.0,0.0,1.0,0.0,0.0,1.172,-23.972,0.0,1.0,0.0,0.0,0.0,-1.0,0.19246298345396187,0.0058309518948453,-0.1,1.012600080301647,3.502911798754365,1.5,0.15
515.5861,19.846,-0.142,0.131,15.873,-0.066,0.136,-0.104,-0.005,0.003,-0.104,-0.005,0.004,-0.23,0.066,-0.013,-0.007,0.007,-0.007,-0.0,0.0,-0.0,831.882,-0.0,0.0,-0.0,0.0,0.0,0.0,0.0,0.0,-0.6734,0.7041,-0.2254,0.7342,0.6726,-0.0927,0.0864,-0.2279,-0.9698,0.676,0.226,-0.7014,-0.7316,0.0917,-0.6755,-0.0884,0.9698,0.2273,-0.0001,0.0001,-0.0001,0.0,0.0,0.0,-0.0245,-0.0149,-0.0997,21.5544,17.9287,14.9538,0.0,0.0433,-0.3619,0.0,0.0,0.0,4396958.1784,4332172.9358,-2695133.7088,2731.1658,1581.0282,7014.8719,4396936.624,4332155.0071,-2695148.6626,2731.1903,1581.0431,7014.9716,0.0,0.0765,3.9732,0.0,0.0,1.0,0.0,1.0,0.0,0.0,1.172,-23.972,0.0,1.0,0.0,0.0,0.0,-1.0,0.19319679086361657,0.0058309518948453,-0.1,1.0179592510809228,3.4993852591401957,1.5,0.15
515.7869,19.825,-0.143,0.132,15.852,-0.067,0.137,-0.104,-0.005,0.003,-0.104,-0.005,0.004,-0.232,0.067,-0.015,-0.007,0.007,-0.007,-0.0,0.0,-0.0,831.882,-0.0,0.0,-0.0,0.0,0.0,0.0,0.0,0.0,-0.6734,0.7041,-0.2254,0.7342,0.6725,-0.0927,0.0863,-0.2279,-0.9698,0.676,0.226,-0.7014,-0.7316,0.0917,-0.6755,-0.0884,0.9698,0.2273,-0.0001,0.0001,-0.0001,0.0,0.0,0.0,-0.0245,-0.0149,-0.0997,21.5495,17.9257,14.9337,0.0,0.0433,-0.3619,0.0,0.0,0.0,4397507.8606,4332491.0908,-2693721.506,2730.0111,1579.8905,7015.5794,4397486.3112,4332473.1651,-2693736.4398,2730.0355,1579.9054,7015.6792,0.0,0.0765,3.9732,0.0,0.0,1.0,0.0,1.0,0.0,0.0,1.172,-23.972,0.0,1.0,0.0,0.0,0.0,-1.0,0.19460986614249545,0.0058309518948453,-0.1,1.0167459592754853,3.495682392545318,1.5,0.15
515.993,19.804,-0.144,0.133,15.83,-0.068,0.138,-0.104,-0.005,0.003,-0.104,-0.005,0.004,-0.233,0.069,-0.016,-0.007,0.007,-0.007,-0.0,0.0,-0.0,831.882,-0.0,0.0,-0.0,0.0,0.0,0.0,0.0,0.0,-0.6734,0.7041,-0.2254,0.7342,0.6725,-0.0927,0.0863,-0.228,-0.9698,0.676,0.226,-0.7014,-0.7316,0.0917,-0.6755,-0.0884,0.9698,0.2273,-0.0001,0.0001,-0.0001,0.0,0.0,0.0,-0.0245,-0.0149,-0.0997,21.5444,17.9226,14.9132,0.0,0.0433,-0.3619,0.0,0.0,0.0,4398069.4613,4332816.0465,-2692277.9184,2728.8306,1578.7275,7016.3023,4398047.9168,4332798.1239,-2692292.8317,2728.8551,1578.7424,7016.402,0.0,0.0765,3.9732,0.0,0.0,1.0,0.0,1.0,0.0,0.0,1.172,-23.972,0.0,1.0,0.0,0.0,0.0,-1.0,0.1960229578391266,0.0058309518948453,-0.1,1.0152995475263111,3.4919795259504403,1.5,0.15
516.1935,19.783,-0.145,0.133,15.81,-0.069,0.138,-0.104,-0.005,0.003,-0.104,-0.005,0.004,-0.235,0.07,-0.018,-0.007,0.007,-0.007,-0.0,0.0,-0.0,831.882,-0.0,0.0,-0.0,0.0,0.0,0.0,0.0,0.0,-0.6734,0.7041,-0.2254,0.7343,0.6725,-0.0928,0.0863,-0.228,-0.9698,0.676,0.226,-0.7014,-0.7316,0.0917,-0.6755,-0.0884,0.9698,0.2273,-0.0001,0.0001,-0.0001,0.0,0.0,0.0,-0.0245,-0.0148,-0.0997,21.5395,17.9196,14.8932,0.0,0.0433,-0.3619,0.0,0.0,0.0,4398617.3936,4333132.998,-2690868.7223,2727.6782,1577.5923,7017.0075,4398595.8541,4333115.0784,-2690883.6155,2727.7027,1577.6071,7017.1072,0.0,0.0765,3.9732,0.0,0.0,1.0,0.0,1.0,0.0,0.0,1.172,-23.972,0.0,1.0,0.0,0.0,0.0,-1.0,0.1967587355112855,0.0058309518948453,-0.1,1.0129538329952517,3.488276659355563,1.5,0.15
516.3947,19.762,-0.145,0.134,15.789,-0.07,0.139,-0.104,-0.005,0.003,-0.104,-0.005,0.004,-0.236,0.072,-0.019,-0.007,0.007,-0.007,-0.0,0.0,-0.0,831.882,-0.0,0.0,-0.0,0.0,0.0,0.0,0.0,0.0,-0.6734,0.7041,-0.2254,0.7343,0.6725,-0.0928,0.0863,-0.228,-0.9698,0.676,0.226,-0.7014,-0.7316,0.0917,-0.6755,-0.0884,0.9698,0.2273,-0.0001,0.0001,-0.0001,0.0,0.0,0.0,-0.0245,-0.0148,-0.0997,21.5346,17.9166,14.8732,0.0,0.0433,-0.3619,0.0,0.0,0.0,4399163.0697,4333448.5511,-2689464.592,2726.53,1576.4612,7017.7097,4399141.5351,4333430.6345,-2689479.4652,2726.5544,1576.476,7017.8095,0.0,0.0765,3.9732,0.0,0.0,1.0,0.0,1.0,0.0,0.0,1.172,-23.972,0.0,1.0,0.0,0.0,0.0,-1.0,0.197436065600994,0.0058309518948453,-0.1,0.9991567651768131,3.484573792760685,1.5,0.15
516.5967,19.741,-0.146,0.135,15.768,-0.071,0.14,-0.104,-0.005,0.003,-0.104,-0.005,0.004,-0.238,0.073,-0.02,-0.007,0.007,-0.007,-0.0,0.0,-0.0,831.882,-0.0,0.0,-0.0,0.0,0.0,0.0,0.0,0.0,-0.6733,0.7041,-0.2254,0.7343,0.6725,-0.0928,0.0862,-0.228,-0.9698,0.676,0.226,-0.7014,-0.7316,0.0917,-0.6755,-0.0884,0.9698,0.2273,-0.0001,0.0001,-0.0001,0.0,0.0,0.0,-0.0244,-0.0148,-0.0998,21.5297,17.9136,14.8531,0.0,0.0433,-0.3619,0.0,0.0,0.0,4399714.0437,4333767.0728,-2688046.0884,2725.3699,1575.3185,7018.4187,4399692.514,4333749.1592,-2688060.9415,2725.3944,1575.3333,7018.5184,0.0,0.0765,3.9732,0.0,0.0,1.0,0.0,1.0,0.0,0.0,1.172,-23.972,0.0,1.0,0.0,0.0,0.0,-1.0,0.19884918908559823,0.0058309518948453,-0.1,0.9980322949675638,3.480870926165807,1.5,0.15
516.803,19.72,-0.147,0.135,15.747,-0.072,0.141,-0.104,-0.005,0.003,-0.104,-0.005,0.004,-0.239,0.075,-0.022,-0.007,0.007,-0.007,-0.0,0.0,-0.0,831.882,-0.0,0.0,-0.0,0.0,0.0,0.0,0.0,0.0,-0.6733,0.7041,-0.2254,0.7343,0.6724,-0.0929,0.0862,-0.2281,-0.9698,0.676,0.226,-0.7014,-0.7316,0.0917,-0.6755,-0.0884,0.9698,0.2273,-0.0001,0.0001,-0.0001,0.0,0.0,0.0,-0.0244,-0.0148,-0.0998,21.5246,17.9105,14.8325,0.0,0.0433,-0.3619,0.0,0.0,0.0,4400276.0836,4334091.8936,-2686598.3229,2724.186,1574.1523,7019.1418,4400254.559,4334073.9831,-2686613.1554,2724.2104,1574.1671,7019.2416,0.0,0.0765,3.9732,0.0,0.0,1.0,0.0,1.0,0.0,0.0,1.172,-23.972,0.0,1.0,0.0,0.0,0.0,-1.0,0.19958456854175874,0.0058309518948453,-0.1,1.00412712324337,3.477168059570929,1.5,0.15
517.0045,19.699,-0.148,0.136,15.726,-0.073,0.141,-0.104,-0.005,0.003,-0.104,-0.005,0.004,-0.241,0.076,-0.023,-0.007,0.007,-0.007,-0.0,0.0,-0.0,831.882,-0.0,0.0,-0.0,0.0,0.0,0.0,0.0,0.0,-0.6733,0.7041,-0.2254,0.7343,0.6724,-0.0929,0.0862,-0.2281,-0.9698,0.676,0.226,-0.7014,-0.7316,0.0917,-0.6755,-0.0884,0.9698,0.2273,-0.0001,0.0001,-0.0001,0.0,0.0,0.0,-0.0244,-0.0148,-0.0998,21.5197,17.9075,14.8123,0.0,0.0433,-0.3619,0.0,0.0,0.0,4400827.3275,4334410.378,-2685177.6145,2723.0241,1573.0079,7019.851,4400805.8077,4334392.4705,-2685192.4268,2723.0485,1573.0227,7019.9508,0.0,0.0765,3.9732,0.0,0.0,1.0,0.0,1.0,0.0,0.0,1.172,-23.972,0.0,1.0,0.0,0.0,0.0,-1.0,0.2009975124224178,0.0058309518948453,-0.1,0.9943561746793923,3.473465192976052,1.5,0.15
517.2115,19.677,-0.149,0.136,15.704,-0.074,0.142,-0.104,-0.005,0.003,-0.104,-0.005,0.004,-0.242,0.078,-0.025,-0.007,0.007,-0.007,-0.0,0.0,-0.0,831.882,-0.0,0.0,-0.0,0.0,0.0,0.0,0.0,0.0,-0.6733,0.7042,-0.2254,0.7343,0.6724,-0.093,0.0861,-0.2281,-0.9698,0.676,0.226,-0.7014,-0.7316,0.0917,-0.6755,-0.0884,0.9698,0.2273,-0.0001,0.0001,-0.0001,0.0,0.0,0.0,-0.0244,-0.0148,-0.0998,21.5146,17.9045,14.7917,0.0,0.0433,-0.3619,0.0,0.0,0.0,4401390.7152,4334735.7799,-2683724.8302,2721.8359,1571.8377,7020.5757,4401369.2006,4334717.8754,-2683739.6218,2721.8603,1571.8525,7020.6755,0.0,0.0765,3.9732,0.0,0.0,1.0,0.0,1.0,0.0,0.0,1.172,-23.972,0.0,1.0,0.0,0.0,0.0,-1.0,0.2017349746573459,0.0058309518948453,-0.1,1.000558876374027,3.4695859994004654,1.5,0.15
517.4184,19.656,-0.15,0.137,15.683,-0.075,0.143,-0.104,-0.005,0.003,-0.104,-0.005,0.004,-0.244,0.079,-0.026,-0.007,0.007,-0.007,-0.0,0.0,-0.0,831.882,-0.0,0.0,-0.0,0.0,0.0,0.0,0.0,0.0,-0.6733,0.7042,-0.2254,0.7343,0.6724,-0.093,0.0861,-0.2282,-0.9698,0.676,0.226,-0.7014,-0.7316,0.0917,-0.6755,-0.0884,0.9698,0.2273,-0.0001,0.0001,-0.0001,0.0,0.0,0.0,-0.0244,-0.0148,-0.0998,21.5096,17.9014,14.771,0.0,0.0433,-0.3619,0.0,0.0,0.0,4401953.4595,4335060.7101,-2682272.9214,2720.6484,1570.6682,7021.2995,4401931.9499,4335042.8087,-2682287.6925,2720.6728,1570.683,7021.3993,0.0,0.0765,3.9732,0.0,0.0,1.0,0.0,1.0,0.0,0.0,1.172,-23.972,0.0,1.0,0.0,0.0,0.0,-1.0,0.20314772949752602,0.0058309518948453,-0.1,0.999553396027883,3.4658831328055872,1.5,0.15
517.626,19.635,-0.151,0.138,15.661,-0.076,0.144,-0.104,-0.004,0.003,-0.104,-0.005,0.004,-0.245,0.081,-0.027,-0.007,0.007,-0.007,-0.0,0.0,-0.0,831.882,-0.0,0.0,-0.0,0.0,0.0,0.0,0.0,0.0,-0.6733,0.7042,-0.2254,0.7344,0.6724,-0.093,0.0861,-0.2282,-0.9698,0.676,0.226,-0.7014,-0.7316,0.0917,-0.6755,-0.0884,0.9698,0.2273,-0.0001,0.0001,-0.0001,0.0,0.0,0.0,-0.0244,-0.0148,-0.0998,21.5045,17.8983,14.7504,0.0,0.0433,-0.3619,0.0,0.0,0.0,4402516.5621,4335385.7471,-2680819.3034,2719.4595,1569.4974,7022.0237,4402495.0576,4335367.8488,-2680834.0538,2719.4839,1569.5122,7022.1235,0.0,0.0765,3.9732,0.0,0.0,1.0,0.0,1.0,0.0,0.0,1.172,-23.972,0.0,1.0,0.0,0.0,0.0,-1.0,0.20456050449683585,0.005,-0.1,0.9983247944818295,3.46218026621071,1.5,0.15
517.8348,19.613,-0.152,0.138,15.64,-0.078,0.145,-0.104,-0.004,0.003,-0.104,-0.005,0.004,-0.247,0.082,-0.029,-0.007,0.007,-0.007,-0.0,0.0,-0.0,831.882,-0.0,0.0,-0.0,0.0,0.0,0.0,0.0,0.0,-0.6733,0.7042,-0.2254,0.7344,0.6723,-0.0931,0.086,-0.2282,-0.9698,0.676,0.226,-0.7014,-0.7316,0.0917,-0.6755,-0.0884,0.9698,0.2273,-0.0001,0.0001,-0.0001,0.0,0.0,0.0,-0.0244,-0.0148,-0.0998,21.4995,17.8952,14.7296,0.0,0.0433,-0.3619,0.0,0.0,0.0,4403082.2281,4335712.1623,-2679358.2796,2718.2645,1568.3207,7022.7511,4403060.7286,4335694.2671,-2679373.0092,2718.2889,1568.3355,7022.851,0.0,0.0765,3.9732,0.0,0.0,1.0,0.0,1.0,0.0,0.0,1.172,-23.972,0.0,1.0,0.0,0.0,0.0,-1.0,0.20529978080845582,0.005,-0.1,0.9905185398855672,3.4583010726351233,1.5,0.15
518.037,19.592,-0.153,0.139,15.619,-0.078,0.145,-0.104,-0.004,0.003,-0.104,-0.003,0.001,-0.248,0.081,-0.028,-0.007,-0.024,0.025,0.0,-0.0,-0.0,831.815,-0.0,0.0,-0.0,0.686,-0.993,0.0,0.0,0.0,-0.6732,0.7042,-0.2254,0.7344,0.6723,-0.093,0.086,-0.2282,-0.9698,0.676,0.226,-0.7014,-0.7316,0.0917,-0.6755,-0.0884,0.9698,0.2273,0.0004,-0.0004,-0.0001,0.0,0.0,0.0,-0.0244,-0.0148,-0.0998,21.4945,17.8922,14.7092,0.0,0.0433,-0.3619,0.0,0.0,0.0,4403637.4809,4336032.4701,-2677923.3793,2717.0909,1567.165,7023.4651,4403615.9864,4336014.5779,-2677938.0885,2717.1153,1567.1798,7023.5649,0.0,0.0765,3.9732,0.0,0.0,1.0,0.0,1.0,0.0,0.0,1.172,-23.972,0.0,1.0,0.0,0.0,0.0,-1.0,0.20671236053995418,0.005,-0.1,0.9950784874526317,3.4545982060402456,1.5,0.15
518.2424,19.57,-0.154,0.14,15.597,-0.079,0.145,-0.104,-0.004,0.003,-0.104,0.001,-0.002,-0.25,0.072,-0.018,-0.008,-0.069,0.071,0.001,-0.001,-0.0,831.72,-0.0,0.0,-0.0,0.745,-0.883,0.0,0.0,0.0,-0.6732,0.7043,-0.2254,0.7344,0.6723,-0.0928,0.0862,-0.228,-0.9698,0.676,0.226,-0.7014,-0.7316,0.0917,-0.6755,-0.0884,0.9698,0.2273,0.0012,-0.0012,-0.0001,0.0,0.0,0.0,-0.0244,-0.0148,-0.0998,21.4894,17.8892,14.6886,0.0,0.0433,-0.3619,0.0,0.0,0.0,4404197.3468,4336355.3404,-2676475.7783,2715.9068,1565.9991,7024.1849,4404175.8574,4336337.4512,-2676490.4669,2715.9312,1566.0139,7024.2847,0.0,0.0765,3.9732,0.0,0.0,1.0,0.0,1.0,0.0,0.0,1.172,-23.972,0.0,1.0,0.0,0.0,0.0,-1.0,0.2081249624624591,0.005,-0.1,0.9850455723087121,3.45071901246466,1.5,0.15
518.4441,19.549,-0.155,0.14,15.576,-0.078,0.145,-0.104,-0.004,0.003,-0.104,-0.001,-0.0,-0.251,0.059,-0.005,-0.008,-0.044,0.045,0.001,-0.001,-0.0,831.638,-0.0,0.0,-0.0,0.0,0.0,0.0,0.0,0.0,-0.6731,0.7043,-0.2254,0.7345,0.6723,-0.0925,0.0864,-0.2278,-0.9699,0.676,0.226,-0.7014,-0.7316,0.0917,-0.6755,-0.0884,0.9698,0.2273,0.0008,-0.0008,-0.0001,0.0,0.0,0.0,-0.0244,-0.0148,-0.0999,21.4845,17.8864,14.6685,0.0,0.0433,-0.3619,0.0,0.0,0.0,4404744.5008,4336670.7832,-2675060.2957,2714.749,1564.8591,7024.8883,4404723.0163,4336652.8969,-2675074.9642,2714.7734,1564.8739,7024.9882,0.0,0.0765,3.9732,0.0,0.0,1.0,0.0,1.0,0.0,0.0,1.172,-23.972,0.0,1.0,0.0,0.0,0.0,-1.0,0.20886598574205423,0.005,-0.1,1.0124763817826792,3.4470161458697817,1.5,0.15
518.6502,19.528,-0.155,0.141,15.555,-0.079,0.145,-0.104,-0.004,0.003,-0.104,-0.004,0.003,-0.253,0.054,0.0,-0.008,-0.006,0.007,0.0,-0.0,-0.0,831.571,-0.0,0.0,-0.0,0.0,0.0,0.0,0.0,0.0,-0.6731,0.7044,-0.2254,0.7345,0.6723,-0.0924,0.0865,-0.2277,-0.9699,0.676,0.226,-0.7014,-0.7316,0.0917,-0.6755,-0.0884,0.9698,0.2273,0.0001,-0.0001,-0.0001,0.0,0.0,0.0,-0.0244,-0.0148,-0.0999,21.4795,17.8834,14.648,0.0,0.0433,-0.3619,0.0,0.0,0.0,4405301.3192,4336991.7002,-2673619.042,2713.57,1563.6985,7025.6041,4405279.8397,4336973.8169,-2673633.69,2713.5944,1563.7133,7025.7039,0.0,0.0765,3.9732,0.0,0.0,1.0,0.0,1.0,0.0,0.0,1.172,-23.972,0.0,1.0,0.0,0.0,0.0,-1.0,0.20953758612716716,0.005,-0.1,0.9901887484225358,3.443313279274904,1.5,0.15
518.856,19.507,-0.156,0.142,15.534,-0.08,0.145,-0.104,-0.004,0.003,-0.104,-0.004,0.003,-0.254,0.052,0.002,-0.008,-0.006,0.007,0.0,-0.0,-0.0,831.571,-0.0,0.0,-0.0,0.0,0.0,0.0,0.0,0.0,-0.6731,0.7044,-0.2254,0.7345,0.6723,-0.0923,0.0865,-0.2277,-0.9699,0.676,0.226,-0.7014,-0.7316,0.0917,-0.6755,-0.0884,0.9698,0.2273,0.0001,-0.0001,-0.0001,0.0,0.0,0.0,-0.0244,-0.0148,-0.0999,21.4744,17.8803,14.6273,0.0,0.0433,-0.3619,0.0,0.0,0.0,4405862.9917,4337315.3146,-2672164.4417,2712.3801,1562.5271,7026.326,4405841.5172,4337297.4343,-2672179.069,2712.4045,1562.5418,7026.4258,0.0,0.0765,3.9732,0.0,0.0,1.0,0.0,1.0,0.0,0.0,1.172,-23.972,0.0,1.0,0.0,0.0,0.0,-1.0,0.21095023109728986,0.005,-0.1,0.9804469266911618,3.4396104126800267,1.5,0.15
519.0591,19.486,-0.157,0.142,15.513,-0.081,0.146,-0.104,-0.004,0.003,-0.104,-0.004,0.003,-0.256,0.051,0.003,-0.008,-0.006,0.007,0.0,-0.0,-0.0,831.571,-0.0,0.0,-0.0,0.0,0.0,0.0,0.0,0.0,-0.673,0.7044,-0.2254,0.7345,0.6723,-0.0923,0.0865,-0.2277,-0.9699,0.676,0.226,-0.7014,-0.7316,0.0917,-0.6755,-0.0884,0.9698,0.2273,0.0001,-0.0001,-0.0001,0.0,0.0,0.0,-0.0244,-0.0148,-0.0999,21.4695,17.8774,14.6072,0.0,0.0433,-0.3619,0.0,0.0,0.0,4406408.467,4337629.5001,-2670751.0376,2711.2239,1561.3889,7027.027,4406386.9975,4337611.6228,-2670765.6448,2711.2483,1561.4036,7027.1269,0.0,0.0765,3.9732,0.0,0.0,1.0,0.0,1.0,0.0,0.0,1.172,-23.972,0.0,1.0,0.0,0.0,0.0,-1.0,0.21169081227110448,0.005,-0.1,0.9865141645929248,3.4359075460851485,1.5,0.15
519.266,19.464,-0.158,0.143,15.491,-0.081,0.147,-0.104,-0.004,0.003,-0.104,-0.004,0.003,-0.258,0.05,0.005,-0.008,-0.006,0.007,0.0,-0.0,-0.0,831.571,-0.0,0.0,-0.0,0.0,0.0,0.0,0.0,0.0,-0.673,0.7045,-0.2254,0.7346,0.6722,-0.0923,0.0865,-0.2277,-0.9699,0.676,0.226,-0.7014,-0.7316,0.0917,-0.6755,-0.0884,0.9698,0.2273,0.0001,-0.0001,-0.0001,0.0,0.0,0.0,-0.0244,-0.0148,-0.0999,21.4644,17.8743,14.5865,0.0,0.0433,-0.3619,0.0,0.0,0.0,4406971.0521,4337953.4414,-2669292.5165,2710.0308,1560.2144,7027.7499,4406949.5876,4337935.5671,-2669307.103,2710.0551,1560.2291,7027.8498,0.0,0.0765,3.9732,0.0,0.0,1.0,0.0,1.0,0.0,0.0,1.172,-23.972,0.0,1.0,0.0,0.0,0.0,-1.0,0.21310326135467753,0.005,-0.1,1.0005034447149759,3.432028352509562,1.5,0.15
519.4738,19.443,-0.159,0.143,15.47,-0.082,0.147,-0.104,-0.004,0.003,-0.104,-0.004,0.003,-0.259,0.048,0.006,-0.008,-0.006,0.007,0.0,-0.0,-0.0,831.571,-0.0,0.0,-0.0,0.0,0.0,0.0,0.0,0.0,-0.673,0.7045,-0.2254,0.7346,0.6722,-0.0922,0.0866,-0.2276,-0.9699,0.676,0.226,-0.7014,-0.7316,0.0917,-0.6755,-0.0884,0.9698,0.2273,0.0001,-0.0001,-0.0001,0.0,0.0,0.0,-0.0244,-0.0148,-0.0999,21.4594,17.8713,14.5658,0.0,0.0433,-0.3619,0.0,0.0,0.0,4407532.2188,4338276.4651,-2667836.8832,2708.8399,1559.0422,7028.471,4407510.7593,4338258.5938,-2667851.449,2708.8643,1559.057,7028.5709,0.0,0.0765,3.9732,0.0,0.0,1.0,0.0,1.0,0.0,0.0,1.172,-23.972,0.0,1.0,0.0,0.0,0.0,-1.0,0.21384573879317773,0.005,-0.1,0.997900942512192,3.4283254859146846,1.5,0.15
519.6745,19.422,-0.16,0.144,15.449,-0.083,0.148,-0.104,-0.004,0.003,-0.104,-0.004,0.003,-0.261,0.047,0.007,-0.008,-0.006,0.007,0.0,-0.0,-0.0,831.571,-0.0,0.0,-0.0,0.0,0.0,0.0,0.0,0.0,-0.673,0.7045,-0.2254,0.7346,0.6722,-0.0922,0.0866,-0.2276,-0.9699,0.676,0.226,-0.7014,-0.7316,0.0917,-0.6755,-0.0884,0.9698,0.2273,0.0001,-0.0001,-0.0001,0.0,0.0,0.0,-0.0244,-0.0148,-0.0999,21.4545,17.8683,14.5457,0.0,0.0433,-0.3619,0.0,0.0,0.0,4408075.5743,4338589.1398,-2666426.701,2707.6863,1557.9067,7029.169,4408054.1198,4338571.2715,-2666441.2468,2707.7106,1557.9215,7029.2689,0.0,0.0765,3.9732,0.0,0.0,1.0,0.0,1.0,0.0,0.0,1.172,-23.972,0.0,1.0,0.0,0.0,0.0,-1.0,0.21525798475317937,0.005,-0.1,0.9968301615772845,3.424622619319807,1.5,0.15
519.8759,19.401,-0.161,0.145,15.428,-0.084,0.148,-0.104,-0.004,0.003,-0.104,-0.004,0.003,-0.262,0.046,0.009,-0.008,-0.006,0.007,0.0,-0.0,-0.0,831.571,-0.0,0.0,-0.0,0.0,0.0,0.0,0.0,0.0,-0.6729,0.7045,-0.2254,0.7346,0.6722,-0.0921,0.0866,-0.2276,-0.9699,0.676,0.226,-0.7014,-0.7316,0.0917,-0.6755,-0.0884,0.9698,0.2273,0.0001,-0.0001,-0.0001,0.0,0.0,0.0,-0.0244,-0.0148,-0.0999,21.4496,17.8653,14.5255,0.0,0.0433,-0.3619,0.0,0.0,0.0,4408622.585,4338903.8225,-2665006.2808,2706.5242,1556.763,7029.8717,4408601.1354,4338885.9572,-2665020.8063,2706.5486,1556.7777,7029.9717,0.0,0.0765,3.9732,0.0,0.0,1.0,0.0,1.0,0.0,0.0,1.172,-23.972,0.0,1.0,0.0,0.0,0.0,-1.0,0.2166702563805194,0.005,-0.1,0.9869667494705363,3.420919752724929,1.5,0.15
520.0828,19.38,-0.162,0.145,15.406,-0.084,0.149,-0.104,-0.004,0.003,-0.104,-0.004,0.003,-0.264,0.045,0.01,-0.008,-0.006,0.007,0.0,-0.0,-0.0,831.571,-0.0,0.0,-0.0,0.0,0.0,0.0,0.0,0.0,-0.6729,0.7046,-0.2254,0.7346,0.6722,-0.0921,0.0866,-0.2276,-0.9699,0.676,0.226,-0.7014,-0.7316,0.0917,-0.6755,-0.0884,0.9698,0.2273,0.0001,-0.0001,-0.0001,0.0,0.0,0.0,-0.0244,-0.0148,-0.0999,21.4446,17.8623,14.5049,0.0,0.0433,-0.3619,0.0,0.0,0.0,4409180.293,4339224.56,-2663557.3107,2705.3387,1555.5963,7030.5881,4409158.8484,4339206.6977,-2663571.8156,2705.3631,1555.611,7030.688,0.0,0.0765,3.9732,0.0,0.0,1.0,0.0,1.0,0.0,0.0,1.172,-23.972,0.0,1.0,0.0,0.0,0.0,-1.0,0.2174143509522773,0.005,-0.1,1.0079515512942705,3.417216886130051,1.5,0.15
520.2861,19.358,-0.162,0.146,15.385,-0.085,0.149,-0.104,-0.002,0.003,-0.104,-0.002,0.003,-0.265,0.043,0.012,-0.008,-0.006,0.007,0.0,-0.0,-0.0,831.55,-0.736,1.0,-0.0,0.0,0.0,0.0,0.0,0.0,-0.6729,0.7046,-0.2254,0.7347,0.6722,-0.0921,0.0866,-0.2275,-0.9699,0.676,0.226,-0.7014,-0.7316,0.0917,-0.6755,-0.0884,0.9698,0.2273,0.0001,-0.0001,-0.0001,0.0,0.0,0.0,-0.0229,-0.0134,-0.1004,21.4396,17.8593,14.4844,0.0,0.0433,-0.3619,0.0,0.0,0.0,4409735.1268,4339543.5454,-2662115.0305,2704.1602,1554.4364,7031.3002,4409713.6872,4339525.6861,-2662129.515,2704.1831,1554.4498,7031.4006,0.0,0.0765,3.9732,0.0,0.0,1.0,0.0,1.0,0.0,0.0,1.172,-23.972,0.0,1.0,0.0,0.0,0.0,-1.0,0.21808255317654368,0.0036055512754639895,-0.1,0.9858676807117497,3.413337692554465,1.5,0.15
520.4866,19.338,-0.162,0.146,15.364,-0.085,0.149,-0.104,0.004,-0.002,-0.104,0.004,-0.002,-0.267,0.042,0.013,-0.008,-0.006,0.007,0.0,-0.0,-0.0,831.475,-1.0,1.0,-0.0,0.0,0.0,0.0,0.0,0.0,-0.6729,0.7046,-0.2254,0.7347,0.6721,-0.092,0.0866,-0.2275,-0.9699,0.676,0.226,-0.7014,-0.7316,0.0917,-0.6755,-0.0884,0.9698,0.2273,0.0001,-0.0001,-0.0001,0.0,0.0,0.0,-0.022,-0.0056,-0.1014,21.4351,17.8574,14.4642,0.0,0.0433,-0.3618,0.0,0.0,0.0,4410277.3813,4339855.2038,-2660704.7012,2703.0072,1553.3087,7031.9957,4410255.9462,4339837.3463,-2660719.1654,2703.0292,1553.3143,7032.097,0.0,0.0765,3.9732,0.0,0.0,1.0,0.0,1.0,0.0,0.0,1.172,-23.972,0.0,1.0,0.0,0.0,0.0,-1.0,0.21808255317654368,0.004472135954999579,-0.1,0.985626128899687,3.409811152940296,1.5,0.15
520.6907,19.316,-0.161,0.145,15.343,-0.083,0.148,-0.104,0.01,-0.007,-0.104,0.011,-0.008,-0.268,0.041,0.015,-0.007,-0.006,0.007,0.0,-0.0,-0.0,831.399,-1.0,1.0,-0.0,0.0,0.0,0.0,0.0,0.0,-0.6728,0.7046,-0.2254,0.7347,0.6721,-0.092,0.0867,-0.2275,-0.9699,0.676,0.226,-0.7014,-0.7316,0.0917,-0.6755,-0.0884,0.9698,0.2273,0.0001,-0.0001,-0.0001,0.0,0.0,0.0,-0.0212,0.0025,-0.1023,21.4308,17.8571,14.4434,0.0,0.0433,-0.3618,0.0,0.0,0.0,4410827.8757,4340171.5028,-2659272.1796,2701.8359,1552.1634,7032.7016,4410806.4449,4340153.6457,-2659286.6231,2701.8571,1552.1609,7032.8039,0.0,0.0765,3.9732,0.0,0.0,1.0,0.0,1.0,0.0,0.0,1.172,-23.972,0.0,1.0,0.0,0.0,0.0,-1.0,0.2166702563805194,0.012206555615733704,-0.1,1.0021372269568718,3.4059319593647093,1.5,0.15
520.8922,19.296,-0.158,0.143,15.322,-0.081,0.146,-0.104,0.013,-0.009,-0.104,0.013,-0.01,-0.27,0.039,0.016,-0.007,-0.006,0.007,0.0,-0.0,-0.0,831.365,-0.0,0.0,-0.0,0.0,0.0,0.0,0.0,0.0,-0.6728,0.7046,-0.2254,0.7347,0.6721,-0.092,0.0867,-0.2275,-0.9699,0.676,0.226,-0.7014,-0.7316,0.0917,-0.6755,-0.0884,0.9698,0.2273,0.0001,-0.0001,-0.0001,0.0,0.0,0.0,-0.0207,0.0059,-0.1028,21.4265,17.8582,14.4228,0.0,0.0433,-0.3618,0.0,0.0,0.0,4411369.6977,4340482.7242,-2657861.4833,2700.6821,1551.0311,7033.3968,4411348.2712,4340464.866,-2657875.9061,2700.7028,1551.0252,7033.4996,0.0,0.0765,3.9732,0.0,0.0,1.0,0.0,1.0,0.0,0.0,1.172,-23.972,0.0,1.0,0.0,0.0,0.0,-1.0,0.21310326135467753,0.015811388300841896,-0.1,0.9916489282299834,3.40240541975054,1.5,0.15
521.0961,19.274,-0.156,0.142,15.301,-0.078,0.144,-0.104,0.013,-0.009,-0.104,0.013,-0.01,-0.271,0.038,0.018,-0.007,-0.006,0.007,0.0,-0.0,-0.0,831.365,-0.0,0.0,-0.0,0.0,0.0,0.0,0.0,0.0,-0.6728,0.7047,-0.2254,0.7347,0.6721,-0.0919,0.0867,-0.2275,-0.9699,0.676,0.226,-0.7014,-0.7316,0.0917,-0.6755,-0.0884,0.9698,0.2273,0.0001,-0.0001,-0.0001,0.0,0.0,0.0,-0.0207,0.0059,-0.1028,21.4223,17.8594,14.4017,0.0,0.0433,-0.3618,0.0,0.0,0.0,4411924.8707,4340801.5162,-2656415.2544,2699.4988,1549.8668,7034.1096,4411903.4484,4340783.6568,-2656429.6561,2699.5194,1549.8608,7034.2124,0.0,0.0765,3.9732,0.0,0.0,1.0,0.0,1.0,0.0,0.0,1.172,-23.972,0.0,1.0,0.0,0.0,0.0,-1.0,0.21095023109728986,0.015811388300841896,-0.1,1.0027312591419875,3.3985262261749543,1.5,0.15
521.303,19.253,-0.153,0.14,15.28,-0.075,0.143,-0.104,0.013,-0.009,-0.104,0.013,-0.01,-0.273,0.037,0.019,-0.007,-0.006,0.007,0.0,-0.0,-0.0,831.365,-0.0,0.0,-0.0,0.0,0.0,0.0,0.0,0.0,-0.6728,0.7047,-0.2254,0.7348,0.6721,-0.0919,0.0867,-0.2274,-0.9699,0.676,0.226,-0.7014,-0.7316,0.0917,-0.6755,-0.0884,0.9698,0.2273,0.0001,-0.0001,-0.0001,0.0,0.0,0.0,-0.0207,0.0059,-0.1028,21.4181,17.8606,14.3807,0.0,0.0433,-0.3618,0.0,0.0,0.0,4412476.5363,4341118.1955,-2654977.3881,2698.3222,1548.7092,7034.8177,4412455.1182,4341100.3349,-2654991.7688,2698.3429,1548.7033,7034.9205,0.0,0.0765,3.9732,0.0,0.0,1.0,0.0,1.0,0.0,0.0,1.172,-23.972,0.0,1.0,0.0,0.0,0.0,-1.0,0.20738611332488008,0.015811388300841896,-0.1,1.0161581378769178,3.394823359580076,1.5,0.15
521.5036,19.232,-0.15,0.138,15.259,-0.073,0.141,-0.104,0.013,-0.009,-0.104,0.013,-0.01,-0.274,0.035,0.02,-0.007,-0.006,0.007,0.0,-0.0,-0.0,831.365,-0.0,0.0,-0.0,0.0,0.0,0.0,0.0,0.0,-0.6727,0.7047,-0.2254,0.7348,0.6721,-0.0919,0.0867,-0.2274,-0.9699,0.676,0.226,-0.7014,-0.7316,0.0917,-0.6755,-0.0884,0.9698,0.2273,0.0001,-0.0001,-0.0001,0.0,0.0,0.0,-0.0207,0.0059,-0.1028,21.4139,17.8619,14.36,0.0,0.0433,-0.3618,0.0,0.0,0.0,4413018.2447,4341429.0633,-2653564.7201,2697.1662,1547.572,7035.513,4412996.8308,4341411.2014,-2653579.0802,2697.1869,1547.566,7035.6159,0.0,0.0765,3.9732,0.0,0.0,1.0,0.0,1.0,0.0,0.0,1.172,-23.972,0.0,1.0,0.0,0.0,0.0,-1.0,0.20382345301755633,0.015811388300841896,-0.1,1.005960215608915,3.3911204929851984,1.5,0.15
521.7105,19.211,-0.148,0.136,15.237,-0.07,0.139,-0.104,0.013,-0.009,-0.104,0.013,-0.01,-0.275,0.034,0.022,-0.007,-0.006,0.007,0.0,-0.0,-0.0,831.365,-0.0,0.0,-0.0,0.0,0.0,0.0,0.0,0.0,-0.6727,0.7047,-0.2254,0.7348,0.672,-0.0918,0.0867,-0.2274,-0.9699,0.676,0.226,-0.7014,-0.7316,0.0917,-0.6755,-0.0884,0.9698,0.2273,0.0001,-0.0001,-0.0001,0.0,0.0,0.0,-0.0207,0.006,-0.1028,21.4096,17.8631,14.3386,0.0,0.0433,-0.3618,0.0,0.0,0.0,4413579.4065,4341750.9938,-2652100.5403,2695.9681,1546.3933,7036.2332,4413557.9969,4341733.1307,-2652114.8789,2695.9888,1546.3874,7036.3361,0.0,0.0765,3.9732,0.0,0.0,1.0,0.0,1.0,0.0,0.0,1.172,-23.972,0.0,1.0,0.0,0.0,0.0,-1.0,0.2009975124224178,0.015811388300841896,-0.1,1.0237584118142284,3.38741762639032,1.5,0.15
521.9156,19.189,-0.145,0.134,15.216,-0.067,0.137,-0.104,0.013,-0.009,-0.104,0.013,-0.01,-0.277,0.033,0.023,-0.007,-0.006,0.007,0.0,-0.0,-0.0,831.365,-0.0,0.0,-0.0,0.0,0.0,0.0,0.0,0.0,-0.6727,0.7048,-0.2254,0.7348,0.672,-0.0918,0.0868,-0.2274,-0.9699,0.676,0.226,-0.7014,-0.7316,0.0917,-0.6755,-0.0884,0.9698,0.2273,0.0001,-0.0001,-0.0001,0.0,0.0,0.0,-0.0207,0.006,-0.1028,21.4054,17.8643,14.3175,0.0,0.0433,-0.3618,0.0,0.0,0.0,4414132.347,4342068.108,-2650657.0248,2694.7868,1545.2313,7036.9428,4414110.9416,4342050.2437,-2650671.3423,2694.8075,1545.2253,7037.0457,0.0,0.0765,3.9732,0.0,0.0,1.0,0.0,1.0,0.0,0.0,1.172,-23.972,0.0,1.0,0.0,0.0,0.0,-1.0,0.197436065600994,0.015811388300841896,-0.1,1.0294293486946906,3.3835384328147344,1.5,0.15
522.1164,19.168,-0.143,0.132,15.195,-0.064,0.135,-0.104,0.013,-0.009,-0.104,0.013,-0.01,-0.278,0.031,0.025,-0.007,-0.006,0.007,0.0,-0.0,-0.0,831.365,-0.0,0.0,-0.0,0.0,0.0,0.0,0.0,0.0,-0.6727,0.7048,-0.2254,0.7348,0.672,-0.0918,0.0868,-0.2273,-0.9699,0.676,0.226,-0.7014,-0.7316,0.0917,-0.6755,-0.0884,0.9698,0.2273,0.0001,-0.0001,-0.0001,0.0,0.0,0.0,-0.0207,0.006,-0.1028,21.4013,17.8655,14.2969,0.0,0.0433,-0.3618,0.0,0.0,0.0,4414671.8439,4342377.4164,-2649247.8557,2693.6336,1544.097,7037.6351,4414650.4426,4342359.5509,-2649262.1526,2693.6543,1544.091,7037.7379,0.0,0.0765,3.9732,0.0,0.0,1.0,0.0,1.0,0.0,0.0,1.172,-23.972,0.0,1.0,0.0,0.0,0.0,-1.0,0.19460986614249545,0.015811388300841896,-0.1,1.047885264840484,3.3798355662198567,1.5,0.15
522.3174,19.148,-0.14,0.13,15.175,-0.062,0.133,-0.104,0.013,-0.009,-0.104,0.013,-0.01,-0.279,0.03,0.026,-0.007,-0.006,0.007,0.0,-0.0,-0.0,831.365,-0.0,0.0,-0.0,0.0,0.0,0.0,0.0,0.0,-0.6727,0.7048,-0.2254,0.7348,0.672,-0.0917,0.0868,-0.2273,-0.9699,0.676,0.226,-0.7014,-0.7316,0.0917,-0.6755,-0.0884,0.9698,0.2273,0.0001,-0.0001,-0.0001,0.0,0.0,0.0,-0.0207,0.006,-0.1029,21.3972,17.8667,14.2765,0.0,0.0433,-0.3618,0.0,0.0,0.0,4415208.2671,4342684.8682,-2647845.9825,2692.4864,1542.9685,7038.3233,4415186.8699,4342667.0015,-2647860.2589,2692.5071,1542.9626,7038.4262,0.0,0.0765,3.9732,0.0,0.0,1.0,0.0,1.0,0.0,0.0,1.172,-23.972,0.0,1.0,0.0,0.0,0.0,-1.0,0.19104973174542803,0.015811388300841896,-0.1,1.0377676705908923,3.3763090266056874,1.5,0.15
522.5205,19.127,-0.137,0.128,15.153,-0.059,0.131,-0.104,0.013,-0.009,-0.104,0.013,-0.01,-0.281,0.029,0.028,-0.007,-0.006,0.007,0.0,-0.0,-0.0,831.364,1.0,0.0,-0.0,0.0,0.0,0.0,0.0,0.0,-0.6726,0.7048,-0.2254,0.7349,0.672,-0.0917,0.0868,-0.2273,-0.9699,0.676,0.226,-0.7014,-0.7316,0.0917,-0.6755,-0.0884,0.9698,0.2273,0.0001,-0.0001,-0.0001,0.0,0.0,0.0,-0.0205,0.0058,-0.1029,21.3929,17.868,14.2554,0.0,0.0433,-0.3618,0.0,0.0,0.0,4415759.1261,4343000.4967,-2646405.6141,2691.3078,1541.809,7039.03,4415737.7332,4342982.6287,-2646419.8695,2691.3283,1541.8032,7039.1329,0.0,0.0765,3.9732,0.0,0.0,1.0,0.0,1.0,0.0,0.0,1.172,-23.972,0.0,1.0,0.0,0.0,0.0,-1.0,0.1874913331330278,0.015811388300841896,-0.1,1.0431829443678056,3.3726061600108093,1.5,0.15
522.7245,19.105,-0.135,0.127,15.132,-0.056,0.129,-0.104,0.013,-0.003,-0.104,0.013,-0.003,-0.282,0.027,0.029,-0.007,-0.006,0.007,0.0,-0.0,-0.0,831.339,-0.0,0.0,-0.0,0.0,0.0,0.0,0.0,0.0,-0.6726,0.7048,-0.2254,0.7349,0.672,-0.0917,0.0868,-0.2273,-0.97,0.676,0.226,-0.7014,-0.7316,0.0917,-0.6755,-0.0884,0.9698,0.2273,0.0001,-0.0001,-0.0001,0.0,0.0,0.0,-0.0164,0.0013,-0.1034,21.3892,17.8687,14.2343,0.0,0.0433,-0.3618,0.0,0.0,0.0,4416308.4328,4343315.1363,-2644968.5328,2690.1358,1540.6478,7039.7341,4416287.0436,4343297.2676,-2644982.7672,2690.1522,1540.6465,7039.8375,0.0,0.0765,3.9732,0.0,0.0,1.0,0.0,1.0,0.0,0.0,1.172,-23.972,0.0,1.0,0.0,0.0,0.0,-1.0,0.18534832073693033,0.013341664064126334,-0.1,1.0564114263363662,3.3687269664352235,1.5,0.15
522.928,19.084,-0.132,0.127,15.111,-0.053,0.129,-0.104,0.013,-0.003,-0.104,0.013,-0.003,-0.284,0.026,0.031,-0.007,-0.006,0.007,0.0,-0.0,-0.0,831.339,-0.0,0.0,-0.0,0.0,0.0,0.0,0.0,0.0,-0.6726,0.7049,-0.2254,0.7349,0.672,-0.0916,0.0868,-0.2273,-0.97,0.676,0.226,-0.7014,-0.7316,0.0917,-0.6755,-0.0884,0.9698,0.2273,0.0001,-0.0001,-0.0001,0.0,0.0,0.0,-0.0164,0.0013,-0.1034,21.3859,17.869,14.2134,0.0,0.0433,-0.3618,0.0,0.0,0.0,4416854.0337,4343627.5544,-2643540.3876,2688.9669,1539.4983,7040.4339,4416832.6478,4343609.6855,-2643554.6009,2688.9833,1539.497,7040.5373,0.0,0.0765,3.9732,0.0,0.0,1.0,0.0,1.0,0.0,0.0,1.172,-23.972,0.0,1.0,0.0,0.0,0.0,-1.0,0.18317477992343814,0.013341664064126334,-0.1,1.0648832698064978,3.3650240998403453,1.5,0.15
523.1303,19.063,-0.129,0.126,15.09,-0.051,0.128,-0.104,0.013,-0.003,-0.104,0.013,-0.003,-0.285,0.025,0.032,-0.007,-0.006,0.007,0.0,-0.0,-0.0,831.339,-0.0,0.0,-0.0,0.0,0.0,0.0,0.0,0.0,-0.6726,0.7049,-0.2254,0.7349,0.6719,-0.0916,0.0869,-0.2272,-0.97,0.676,0.226,-0.7014,-0.7316,0.0917,-0.6755,-0.0884,0.9698,0.2273,0.0001,-0.0001,-0.0001,0.0,0.0,0.0,-0.0164,0.0014,-0.1034,21.3825,17.8692,14.1924,0.0,0.0433,-0.3618,0.0,0.0,0.0,4417397.9195,4343938.8938,-2642115.9693,2687.8011,1538.3519,7041.1314,4417376.537,4343921.0245,-2642130.1617,2687.8175,1538.3505,7041.2348,0.0,0.0765,3.9732,0.0,0.0,1.0,0.0,1.0,0.0,0.0,1.172,-23.972,0.0,1.0,0.0,0.0,0.0,-1.0,0.18032470712578463,0.013341664064126334,-0.1,1.0561065808295502,3.3613212332454676,1.5,0.15
523.3377,19.042,-0.127,0.125,15.069,-0.048,0.127,-0.104,0.013,-0.003,-0.104,0.013,-0.003,-0.286,0.023,0.034,-0.007,-0.006,0.007,0.0,-0.0,-0.0,831.339,-0.0,0.0,-0.0,0.0,0.0,0.0,0.0,0.0,-0.6725,0.7049,-0.2254,0.7349,0.6719,-0.0916,0.0869,-0.2272,-0.97,0.676,0.226,-0.7014,-0.7316,0.0917,-0.6755,-0.0884,0.9698,0.2273,0.0001,-0.0001,-0.0001,0.0,0.0,0.0,-0.0164,0.0014,-0.1035,21.3792,17.8695,14.1711,0.0,0.0433,-0.3618,0.0,0.0,0.0,4417951.4025,4344255.6273,-2640665.6371,2686.6141,1537.1846,7041.8411,4417930.0233,4344237.7577,-2640679.8083,2686.6305,1537.1833,7041.9446,0.0,0.0765,3.9732,0.0,0.0,1.0,0.0,1.0,0.0,0.0,1.172,-23.972,0.0,1.0,0.0,0.0,0.0,-1.0,0.17819652072922187,0.013341664064126334,-0.1,1.0766421139614255,3.3576183666505903,1.5,0.15
523.5382,19.021,-0.124,0.125,15.048,-0.045,0.127,-0.104,0.013,-0.003,-0.104,0.013,-0.003,-0.288,0.022,0.035,-0.007,-0.006,0.007,0.0,-0.0,-0.0,831.339,-0.0,0.0,-0.0,0.0,0.0,0.0,0.0,0.0,-0.6725,0.7049,-0.2254,0.735,0.6719,-0.0915,0.0869,-0.2272,-0.97,0.676,0.226,-0.7014,-0.7316,0.0917,-0.6755,-0.0884,0.9698,0.2273,0.0001,-0.0001,-0.0001,0.0,0.0,0.0,-0.0164,0.0014,-0.1035,21.3758,17.8698,14.1502,0.0,0.0433,-0.3618,0.0,0.0,0.0,4418494.6489,4344566.4053,-2639241.3603,2685.4483,1536.0383,7042.5377,4418473.2731,4344548.5355,-2639255.5105,2685.4647,1536.037,7042.6411,0.0,0.0765,3.9732,0.0,0.0,1.0,0.0,1.0,0.0,0.0,1.172,-23.972,0.0,1.0,0.0,0.0,0.0,-1.0,0.17607100840286002,0.013341664064126334,-0.1,1.0852075050661707,3.3539155000557126,1.5,0.15
523.7384,19.0,-0.122,0.124,15.027,-0.043,0.126,-0.104,0.013,-0.003,-0.104,0.013,-0.003,-0.289,0.021,0.036,-0.007,-0.006,0.007,0.0,-0.0,-0.0,831.339,-0.0,0.0,-0.0,0.0,0.0,0.0,0.0,0.0,-0.6725,0.705,-0.2254,0.735,0.6719,-0.0915,0.0869,-0.2272,-0.97,0.676,0.226,-0.7014,-0.7316,0.0917,-0.6755,-0.0884,0.9698,0.2273,0.0001,-0.0001,-0.0001,0.0,0.0,0.0,-0.0164,0.0014,-0.1035,21.3726,17.8701,14.1296,0.0,0.0433,-0.3618,0.0,0.0,0.0,4419028.9746,4344871.985,-2637839.735,2684.3011,1534.9103,7043.2227,4419007.602,4344854.1148,-2637853.8646,2684.3175,1534.909,7043.3262,0.0,0.0765,3.9732,0.0,0.0,1.0,0.0,1.0,0.0,0.0,1.172,-23.972,0.0,1.0,0.0,0.0,0.0,-1.0,0.17395401691251627,0.013341664064126334,-0.1,1.0897499307212712,3.3502126334608344,1.5,0.15
523.9465,18.978,-0.119,0.123,15.005,-0.04,0.125,-0.104,0.013,-0.003,-0.104,0.013,-0.003,-0.29,0.02,0.038,-0.007,-0.006,0.007,0.0,-0.0,-0.0,831.339,-0.0,0.0,-0.0,0.0,0.0,0.0,0.0,0.0,-0.6725,0.705,-0.2254,0.735,0.6719,-0.0915,0.0869,-0.2271,-0.97,0.676,0.226,-0.7014,-0.7316,0.0917,-0.6755,-0.0884,0.9698,0.2273,0.0001,-0.0001,-0.0001,0.0,0.0,0.0,-0.0164,0.0014,-0.1035,21.3691,17.8704,14.108,0.0,0.0433,-0.3618,0.0,0.0,0.0,4419588.9761,4345192.1479,-2636369.9657,2683.098,1533.7275,7043.9406,4419567.607,4345174.2775,-2636384.0737,2683.1144,1533.7261,7044.0441,0.0,0.0765,3.9732,0.0,0.0,1.0,0.0,1.0,0.0,0.0,1.172,-23.972,0.0,1.0,0.0,0.0,0.0,-1.0,0.1711432148815722,0.013341664064126334,-0.1,1.0971936024296605,3.3463334398852487,1.5,0.15
524.1492,18.957,-0.116,0.123,14.984,-0.037,0.125,-0.104,0.013,-0.003,-0.104,0.014,-0.003,-0.292,0.018,0.039,-0.007,-0.006,0.007,0.0,-0.0,-0.0,831.339,-0.0,0.0,-0.0,0.0,0.0,0.0,0.0,0.0,-0.6725,0.705,-0.2253,0.735,0.6719,-0.0914,0.0869,-0.2271,-0.97,0.676,0.226,-0.7014,-0.7316,0.0917,-0.6755,-0.0884,0.9698,0.2273,0.0001,-0.0001,-0.0001,0.0,0.0,0.0,-0.0164,0.0014,-0.1035,21.3658,17.8707,14.0869,0.0,0.0433,-0.3618,0.0,0.0,0.0,4420135.4964,4345504.5038,-2634934.7983,2681.9233,1532.5726,7044.6411,4420114.1306,4345486.6331,-2634948.8852,2681.9397,1532.5712,7044.7446,0.0,0.0765,3.9732,0.0,0.0,1.0,0.0,1.0,0.0,0.0,1.172,-23.972,0.0,1.0,0.0,0.0,0.0,-1.0,0.1690709910067366,0.013341664064126334,-0.1,1.1058514676355953,3.3426305732903705,1.5,0.15
524.3495,18.936,-0.114,0.122,14.963,-0.034,0.124,-0.104,0.013,-0.002,-0.104,0.014,-0.002,-0.293,0.017,0.041,-0.007,-0.006,0.007,0.0,-0.0,-0.0,831.335,1.0,0.0,-0.0,0.0,0.0,0.0,0.0,0.0,-0.6724,0.705,-0.2253,0.735,0.6718,-0.0914,0.087,-0.2271,-0.97,0.676,0.226,-0.7014,-0.7316,0.0917,-0.6755,-0.0884,0.9698,0.2273,0.0001,-0.0001,-0.0001,0.0,0.0,0.0,-0.0156,0.0005,-0.1036,21.3625,17.871,14.0661,0.0,0.0433,-0.3618,0.0,0.0,0.0,4420675.4634,4345813.0174,-2633516.0825,2680.7627,1531.43,7045.3331,4420654.1009,4345795.1464,-2633530.1486,2680.7783,1531.4295,7045.4367,0.0,0.0765,3.9732,0.0,0.0,1.0,0.0,1.0,0.0,0.0,1.172,-23.972,0.0,1.0,0.0,0.0,0.0,-1.0,0.16697305171793442,0.013152946437965905,-0.1,1.1267707463094834,3.3389277066954928,1.5,0.15
524.5517,18.915,-0.111,0.123,14.942,-0.031,0.124,-0.104,0.013,0.005,-0.104,0.013,0.004,-0.295,0.016,0.042,-0.007,-0.007,0.007,0.0,-0.0,-0.0,831.307,1.0,0.0,-0.0,0.0,0.0,0.0,0.0,0.0,-0.6724,0.705,-0.2253,0.735,0.6718,-0.0914,0.087,-0.2271,-0.97,0.676,0.226,-0.7014,-0.7316,0.0917,-0.6755,-0.0884,0.9698,0.2273,0.0001,-0.0001,-0.0001,0.0,0.0,0.0,-0.0111,-0.0044,-0.1042,21.3598,17.8706,14.045,0.0,0.0433,-0.3618,0.0,0.0,0.0,4421217.9201,4346122.8555,-2632090.0671,2679.5999,1530.2776,7046.0277,4421196.5603,4346104.9849,-2632104.1121,2679.611,1530.282,7046.1319,0.0,0.0765,3.9732,0.0,0.0,1.0,0.0,1.0,0.0,0.0,1.172,-23.972,0.0,1.0,0.0,0.0,0.0,-1.0,0.1656804152578089,0.01392838827718412,-0.1,1.130319393258586,3.335224840100615,1.5,0.15
524.7583,18.894,-0.108,0.124,14.921,-0.029,0.126,-0.104,0.013,0.012,-0.104,0.013,0.011,-0.296,0.014,0.044,-0.007,-0.007,0.007,0.0,-0.0,-0.0,831.279,1.0,0.0,-0.0,0.0,0.0,0.0,0.0,0.0,-0.6724,0.7051,-0.2253,0.7351,0.6718,-0.0913,0.087,-0.2271,-0.97,0.676,0.226,-0.7014,-0.7316,0.0917,-0.6755,-0.0884,0.9698,0.2273,0.0001,-0.0001,-0.0001,0.0,0.0,0.0,-0.0065,-0.0094,-0.1048,21.358,17.8692,14.0235,0.0,0.0433,-0.3618,0.0,0.0,0.0,4421769.7278,4346437.9328,-2630638.6934,2678.4164,1529.1046,7046.7342,4421748.3698,4346420.0636,-2630652.7169,2678.4229,1529.1141,7046.839,0.0,0.0765,3.9732,0.0,0.0,1.0,0.0,1.0,0.0,0.0,1.172,-23.972,0.0,1.0,0.0,0.0,0.0,-1.0,0.1644384383287557,0.01769180601295413,-0.1,1.1302570230656084,3.331521973505737,1.5,0.15
524.9588,18.873,-0.106,0.127,14.9,-0.026,0.129,-0.104,0.013,0.018,-0.104,0.013,0.018,-0.297,0.013,0.045,-0.007,-0.007,0.007,0.0,-0.0,-0.0,831.251,1.0,-0.272,-0.0,0.0,0.0,0.0,0.0,0.0,-0.6724,0.7051,-0.2253,0.7351,0.6718,-0.0913,0.087,-0.227,-0.97,0.676,0.226,-0.7014,-0.7316,0.0917,-0.6755,-0.0884,0.9698,0.2273,0.0001,-0.0001,-0.0001,0.0,0.0,0.0,-0.002,-0.0144,-0.1054,21.3572,17.8668,14.0023,0.0,0.0433,-0.3618,0.0,0.0,0.0,4422309.3377,4346745.9468,-2629218.636,2677.2584,1527.957,7047.425,4422287.9806,4346728.08,-2629232.6383,2677.2604,1527.9714,7047.5304,0.0,0.0765,3.9732,0.0,0.0,1.0,0.0,1.0,0.0,0.0,1.172,-23.972,0.0,1.0,0.0,0.0,0.0,-1.0,0.1654236984231703,0.022203603311174516,-0.1,1.1558741141552282,3.3278191069108596,1.5,0.15
525.163,18.852,-0.103,0.132,14.879,-0.023,0.133,-0.104,0.013,0.023,-0.104,0.013,0.023,-0.299,0.012,0.047,-0.007,-0.007,0.007,0.0,-0.0,-0.0,831.233,-0.0,0.0,-0.0,0.0,0.0,0.0,0.0,0.0,-0.6723,0.7051,-0.2253,0.7351,0.6718,-0.0913,0.087,-0.227,-0.97,0.676,0.226,-0.7014,-0.7316,0.0917,-0.6755,-0.0884,0.9698,0.2273,0.0001,-0.0001,-0.0001,0.0,0.0,0.0,0.0011,-0.0177,-0.1058,21.3572,17.8635,13.9809,0.0,0.0433,-0.3618,0.0,0.0,0.0,4422851.0241,4347055.047,-2627792.3595,2676.0939,1526.806,7048.1185,4422829.6669,4347037.1835,-2627806.3405,2676.0928,1526.8237,7048.2243,0.0,0.0765,3.9732,0.0,0.0,1.0,0.0,1.0,0.0,0.0,1.172,-23.972,0.0,1.0,0.0,0.0,0.0,-1.0,0.1674305826305338,0.02641968962724581,-0.1,1.1639402681858366,3.324116240315982,1.5,0.15
525.3676,18.831,-0.1,0.136,14.857,-0.021,0.138,-0.104,0.013,0.023,-0.104,0.013,0.023,-0.3,0.01,0.048,-0.007,-0.007,0.007,0.0,-0.0,-0.0,831.233,-0.0,0.0,-0.0,0.0,0.0,0.0,0.0,0.0,-0.6723,0.7051,-0.2253,0.7351,0.6718,-0.0912,0.087,-0.227,-0.97,0.676,0.226,-0.7014,-0.7316,0.0917,-0.6755,-0.0884,0.9698,0.2273,0.0001,-0.0001,-0.0001,0.0,0.0,0.0,0.0011,-0.0177,-0.1058,21.3574,17.8599,13.9593,0.0,0.0433,-0.3618,0.0,0.0,0.0,4423397.7235,4347366.9087,-2626352.11,2674.9148,1525.6472,7048.8188,4423376.3661,4347349.0488,-2626366.0693,2674.9137,1525.6649,7048.9246,0.0,0.0765,3.9732,0.0,0.0,1.0,0.0,1.0,0.0,0.0,1.172,-23.972,0.0,1.0,0.0,0.0,0.0,-1.0,0.16880758276807356,0.02641968962724581,-0.1,1.1677069166408447,3.3204133737211037,1.5,0.15
525.5754,18.809,-0.098,0.141,14.836,-0.018,0.142,-0.104,0.013,0.023,-0.104,0.013,0.023,-0.302,0.009,0.05,-0.007,-0.007,0.007,0.0,-0.0,-0.0,831.233,-0.0,0.0,-0.0,0.0,0.0,0.0,0.0,0.0,-0.6723,0.7052,-0.2253,0.7351,0.6718,-0.0912,0.0871,-0.227,-0.97,0.676,0.226,-0.7014,-0.7316,0.0917,-0.6755,-0.0884,0.9698,0.2273,0.0001,-0.0001,-0.0001,0.0,0.0,0.0,0.0011,-0.0177,-0.1058,21.3576,17.8562,13.9373,0.0,0.0433,-0.3618,0.0,0.0,0.0,4423953.3946,4347683.7863,-2624887.4274,2673.7157,1524.4687,7049.5306,4423932.0369,4347665.9301,-2624901.3647,2673.7146,1524.4864,7049.6364,0.0,0.0765,3.9732,0.0,0.0,1.0,0.0,1.0,0.0,0.0,1.172,-23.972,0.0,1.0,0.0,0.0,0.0,-1.0,0.17171196813268433,0.02641968962724581,-0.1,1.1892753338098196,3.316534180145518,1.5,0.15
525.778,18.788,-0.095,0.146,14.815,-0.015,0.147,-0.104,0.013,0.023,-0.104,0.013,0.023,-0.303,0.008,0.051,-0.007,-0.007,0.007,0.0,-0.0,-0.0,831.233,-0.0,0.0,-0.0,0.0,0.0,0.0,0.0,0.0,-0.6723,0.7052,-0.2253,0.7352,0.6717,-0.0912,0.0871,-0.2269,-0.97,0.676,0.226,-0.7014,-0.7316,0.0917,-0.6755,-0.0884,0.9698,0.2273,0.0001,-0.0001,-0.0001,0.0,0.0,0.0,0.0011,-0.0177,-0.1058,21.3578,17.8526,13.9159,0.0,0.0433,-0.3618,0.0,0.0,0.0,4424495.0064,4347992.5477,-2623459.0266,2672.5462,1523.3195,7050.2242,4424473.6485,4347974.6951,-2623472.9425,2672.5451,1523.3371,7050.33,0.0,0.0765,3.9732,0.0,0.0,1.0,0.0,1.0,0.0,0.0,1.172,-23.972,0.0,1.0,0.0,0.0,0.0,-1.0,0.1741866814656046,0.02641968962724581,-0.1,1.20418103525603,3.31283131355064,1.5,0.15
525.9816,18.767,-0.092,0.151,14.794,-0.012,0.151,-0.104,0.013,0.023,-0.104,0.013,0.023,-0.304,0.006,0.053,-0.007,-0.007,0.007,0.0,-0.0,-0.0,831.233,-0.0,0.0,-0.0,0.0,0.0,0.0,0.0,0.0,-0.6723,0.7052,-0.2253,0.7352,0.6717,-0.0911,0.0871,-0.2269,-0.97,0.676,0.226,-0.7014,-0.7316,0.0917,-0.6755,-0.0884,0.9698,0.2273,0.0001,-0.0001,-0.0001,0.0,0.0,0.0,0.0011,-0.0177,-0.1058,21.3581,17.849,13.8942,0.0,0.0433,-0.3618,0.0,0.0,0.0,4425041.5804,4348304.0386,-2622016.7631,2671.3654,1522.1591,7050.9241,4425020.2223,4348286.1896,-2622030.6573,2671.3643,1522.1768,7051.03,0.0,0.0765,3.9732,0.0,0.0,1.0,0.0,1.0,0.0,0.0,1.172,-23.972,0.0,1.0,0.0,0.0,0.0,-1.0,0.17681911661356076,0.02641968962724581,-0.1,1.2122586096758938,3.309128446955762,1.5,0.15
526.1839,18.745,-0.09,0.155,14.772,-0.01,0.156,-0.104,0.013,0.018,-0.104,0.013,0.018,-0.306,0.005,0.054,-0.007,-0.006,0.007,0.0,-0.0,-0.0,831.214,-1.0,0.0,-0.0,0.0,0.0,0.0,0.0,0.0,-0.6722,0.7052,-0.2253,0.7352,0.6717,-0.0911,0.0871,-0.2269,-0.97,0.676,0.226,-0.7014,-0.7316,0.0917,-0.6755,-0.0884,0.9698,0.2273,0.0001,-0.0001,-0.0001,0.0,0.0,0.0,-0.0021,-0.0141,-0.1054,21.3581,17.8457,13.8727,0.0,0.0433,-0.3618,0.0,0.0,0.0,4425584.6924,4348613.4581,-2620582.8612,2670.1882,1521.009,7051.6199,4425563.3343,4348595.6124,-2620596.7339,2670.1903,1521.0231,7051.7254,0.0,0.0765,3.9732,0.0,0.0,1.0,0.0,1.0,0.0,0.0,1.172,-23.972,0.0,1.0,0.0,0.0,0.0,-1.0,0.1792344832893492,0.022203603311174516,-0.1,1.230261460439101,3.3052492533801763,1.5,0.15
526.3866,18.724,-0.087,0.158,14.751,-0.007,0.159,-0.104,0.013,0.011,-0.104,0.014,0.011,-0.307,0.004,0.056,-0.007,-0.006,0.007,0.0,-0.0,-0.0,831.187,-1.0,0.0,-0.0,0.0,0.0,0.0,0.0,0.0,-0.6722,0.7052,-0.2253,0.7352,0.6717,-0.0911,0.0871,-0.2269,-0.97,0.676,0.226,-0.7014,-0.7316,0.0917,-0.6755,-0.0884,0.9698,0.2273,0.0001,-0.0001,-0.0001,0.0,0.0,0.0,-0.0066,-0.0092,-0.1049,21.3572,17.8433,13.8515,0.0,0.0433,-0.3618,0.0,0.0,0.0,4426124.6357,4348920.976,-2619156.5578,2669.0158,1519.8665,7052.3118,4426103.2784,4348903.1326,-2619170.4093,2669.0225,1519.8757,7052.4167,0.0,0.0765,3.9732,0.0,0.0,1.0,0.0,1.0,0.0,0.0,1.172,-23.972,0.0,1.0,0.0,0.0,0.0,-1.0,0.1803690660839602,0.0170293863659264,-0.1,1.2429411350771291,3.301546386785298,1.5,0.15
526.5877,18.704,-0.085,0.16,14.731,-0.004,0.16,-0.104,0.013,0.005,-0.104,0.014,0.004,-0.308,0.002,0.057,-0.007,-0.006,0.007,0.0,-0.0,-0.0,831.161,-1.0,0.0,-0.0,0.0,0.0,0.0,0.0,0.0,-0.6722,0.7053,-0.2253,0.7352,0.6717,-0.091,0.0871,-0.2268,-0.97,0.676,0.226,-0.7014,-0.7316,0.0917,-0.6755,-0.0884,0.9698,0.2273,0.0001,-0.0001,-0.0001,0.0,0.0,0.0,-0.0111,-0.0043,-0.1043,21.3554,17.842,13.8306,0.0,0.0433,-0.3618,0.0,0.0,0.0,4426656.6781,4349223.8998,-2617750.3769,2667.86,1518.7401,7052.9935,4426635.3227,4349206.0578,-2617764.2075,2667.8711,1518.7444,7053.0978,0.0,0.0765,3.9732,0.0,0.0,1.0,0.0,1.0,0.0,0.0,1.172,-23.972,0.0,1.0,0.0,0.0,0.0,-1.0,0.18117670931993438,0.01392838827718412,-0.1,1.260354266637046,3.298019847171129,1.5,0.15
526.788,18.683,-0.082,0.16,14.71,-0.001,0.16,-0.104,0.013,-0.002,-0.104,0.014,-0.002,-0.31,0.001,0.059,-0.007,-0.006,0.007,0.0,-0.0,-0.0,831.135,-1.0,0.0,-0.0,0.0,0.0,0.0,0.0,0.0,-0.6722,0.7053,-0.2253,0.7353,0.6717,-0.091,0.0872,-0.2268,-0.97,0.676,0.226,-0.7014,-0.7316,0.0917,-0.6755,-0.0884,0.9698,0.2273,0.0001,-0.0001,-0.0001,0.0,0.0,0.0,-0.0156,0.0007,-0.1037,21.3527,17.8417,13.8098,0.0,0.0433,-0.3618,0.0,0.0,0.0,4427191.5682,4349528.351,-2616335.9162,2666.6973,1517.6072,7053.6787,4427170.2155,4349510.5094,-2616349.726,2666.7129,1517.6065,7053.7825,0.0,0.0765,3.9732,0.0,0.0,1.0,0.0,1.0,0.0,0.0,1.172,-23.972,0.0,1.0,0.0,0.0,0.0,-1.0,0.17978876494375282,0.013152946437965905,-0.1,1.2692439838637064,3.294316980576251,1.5,0.15
526.9911,18.662,-0.079,0.159,14.688,0.001,0.159,-0.104,0.013,-0.009,-0.104,0.014,-0.009,-0.311,0.0,0.06,-0.006,-0.005,0.007,0.0,-0.0,-0.0,831.108,-1.0,0.0,-0.0,0.0,0.0,0.0,0.0,0.0,-0.6721,0.7053,-0.2253,0.7353,0.6716,-0.091,0.0872,-0.2268,-0.97,0.676,0.226,-0.7014,-0.7316,0.0917,-0.6755,-0.0884,0.9698,0.2273,0.0001,-0.0001,-0.0001,0.0,0.0,0.0,-0.0202,0.0057,-0.1031,21.3491,17.8423,13.7886,0.0,0.0433,-0.3617,0.0,0.0,0.0,4427737.0877,4349838.7551,-2614892.5685,2665.5109,1516.4511,7054.3775,4427715.7386,4349820.9128,-2614906.3571,2665.531,1516.4454,7054.4807,0.0,0.0765,3.9732,0.0,0.0,1.0,0.0,1.0,0.0,0.0,1.172,-23.972,0.0,1.0,0.0,0.0,0.0,-1.0,0.17754436065389406,0.015811388300841896,-0.1,1.2605261753318664,3.2906141139813734,1.5,0.15
527.1954,18.64,-0.077,0.156,14.667,0.004,0.157,-0.104,0.013,-0.016,-0.104,0.014,-0.016,-0.312,-0.001,0.062,-0.006,-0.005,0.007,0.0,-0.0,-0.0,831.081,-1.0,0.0,-0.0,0.0,0.0,0.0,0.0,0.0,-0.6721,0.7053,-0.2253,0.7353,0.6716,-0.0909,0.0872,-0.2268,-0.97,0.676,0.226,-0.7014,-0.7316,0.0917,-0.6755,-0.0884,0.9698,0.2273,0.0001,-0.0001,-0.0001,0.0,0.0,0.0,-0.0247,0.0107,-0.1026,21.3445,17.844,13.7676,0.0,0.0433,-0.3617,0.0,0.0,0.0,4428281.4376,4350148.3952,-2613451.5344,2664.3263,1515.2969,7055.0748,4428260.0931,4350130.5512,-2613465.302,2664.351,1515.2862,7055.1773,0.0,0.0765,3.9732,0.0,0.0,1.0,0.0,1.0,0.0,0.0,1.172,-23.972,0.0,1.0,0.0,0.0,0.0,-1.0,0.1739683879329805,0.0206155281280883,-0.1,1.2861708018166589,3.286734920405787,1.5,0.15
527.4012,18.619,-0.074,0.152,14.646,0.007,0.153,-0.104,0.013,-0.022,-0.104,0.014,-0.023,-0.314,-0.002,0.063,-0.006,-0.005,0.007,0.0,-0.0,-0.0,831.054,-1.0,0.0,-0.0,0.0,0.0,0.0,0.0,0.0,-0.6721,0.7053,-0.2253,0.7353,0.6716,-0.0909,0.0872,-0.2268,-0.97,0.676,0.226,-0.7014,-0.7316,0.0917,-0.6755,-0.0884,0.9698,0.2273,0.0001,-0.0001,-0.0001,0.0,0.0,0.0,-0.0294,0.0158,-0.102,21.3389,17.8468,13.7465,0.0,0.0433,-0.3617,0.0,0.0,0.0,4428830.4424,4350460.5838,-2611997.3832,2663.1309,1514.1322,7055.7779,4428809.1035,4350442.7371,-2612011.1297,2663.1603,1514.1165,7055.8798,0.0,0.0765,3.9732,0.0,0.0,1.0,0.0,1.0,0.0,0.0,1.172,-23.972,0.0,1.0,0.0,0.0,0.0,-1.0,0.16905620367203328,0.025553864678361272,-0.1,1.290187926211918,3.2830320538109095,1.5,0.15
527.6021,18.598,-0.071,0.147,14.625,0.01,0.147,-0.104,0.013,-0.029,-0.104,0.014,-0.029,-0.315,-0.003,0.064,-0.006,-0.005,0.007,0.0,-0.0,-0.0,831.027,-1.0,0.0,-0.0,0.0,0.0,0.0,0.0,0.0,-0.6721,0.7054,-0.2253,0.7353,0.6716,-0.0909,0.0872,-0.2267,-0.97,0.676,0.226,-0.7014,-0.7316,0.0917,-0.6755,-0.0884,0.9698,0.2273,0.0001,-0.0001,-0.0001,0.0,0.0,0.0,-0.0338,0.0207,-0.1014,21.3326,17.8504,13.7262,0.0,0.0433,-0.3617,0.0,0.0,0.0,4429363.1156,4350763.3902,-2610585.7245,2661.9704,1513.0016,7056.46,4429341.783,4350745.5398,-2610599.4506,2662.0043,1512.981,7056.5614,0.0,0.0765,3.9732,0.0,0.0,1.0,0.0,1.0,0.0,0.0,1.172,-23.972,0.0,1.0,0.0,0.0,0.0,-1.0,0.16324827717314508,0.03178049716414141,-0.1,1.2867347168627676,3.2793291872160313,1.5,0.15
527.8087,18.577,-0.068,0.141,14.604,0.013,0.141,-0.104,0.013,-0.036,-0.104,0.014,-0.036,-0.316,-0.004,0.066,-0.006,-0.004,0.007,0.0,-0.0,-0.0,831.0,-1.0,0.0,-0.0,0.0,0.0,0.0,0.0,0.0,-0.6721,0.7054,-0.2253,0.7353,0.6716,-0.0908,0.0872,-0.2267,-0.97,0.676,0.226,-0.7014,-0.7316,0.0917,-0.6755,-0.0884,0.9698,0.2273,0.0001,-0.0001,-0.0001,0.0,0.0,0.0,-0.0384,0.0257,-0.1008,21.3252,17.8552,13.7055,0.0,0.0433,-0.3617,0.0,0.0,0.0,4429907.8767,4351072.9704,-2609141.2555,2660.783,1511.8448,7057.1575,4429886.5515,4351055.1152,-2609154.9609,2660.8214,1511.8191,7057.2584,0.0,0.0765,3.9732,0.0,0.0,1.0,0.0,1.0,0.0,0.0,1.172,-23.972,0.0,1.0,0.0,0.0,0.0,-1.0,0.15654072952429982,0.03827531841800927,-0.1,1.2891180836521936,3.275626320621154,1.5,0.15
528.0105,18.555,-0.066,0.133,14.582,0.015,0.133,-0.104,0.013,-0.039,-0.104,0.014,-0.039,-0.317,-0.005,0.067,-0.006,-0.004,0.007,0.0,-0.0,-0.0,830.987,-0.0,0.0,-0.0,0.0,0.0,0.0,0.0,0.0,-0.6721,0.7054,-0.2253,0.7353,0.6716,-0.0908,0.0872,-0.2267,-0.9701,0.676,0.226,-0.7014,-0.7316,0.0917,-0.6755,-0.0884,0.9698,0.2273,0.0001,-0.0001,-0.0001,0.0,0.0,0.0,-0.0406,0.0281,-0.1005,21.317,17.8608,13.685,0.0,0.0433,-0.3617,0.0,0.0,0.0,4430449.9798,4351380.9417,-2607703.0536,2659.603,1510.6904,7057.8513,4430428.6628,4351363.0809,-2607716.7385,2659.6436,1510.6623,7057.9518,0.0,0.0765,3.9732,0.0,0.0,1.0,0.0,1.0,0.0,0.0,1.172,-23.972,0.0,1.0,0.0,0.0,0.0,-1.0,0.1484755872189095,0.041109609582188934,-0.1,1.286759731161425,3.2717471270455674,1.5,0.15
528.2142,18.534,-0.063,0.125,14.561,0.018,0.125,-0.104,0.013,-0.039,-0.104,0.014,-0.039,-0.319,-0.006,0.069,-0.006,-0.004,0.007,0.0,-0.0,-0.0,830.987,-0.0,0.0,-0.0,0.0,0.0,0.0,0.0,0.0,-0.672,0.7054,-0.2253,0.7354,0.6716,-0.0908,0.0872,-0.2267,-0.9701,0.676,0.226,-0.7014,-0.7316,0.0917,-0.6755,-0.0884,0.9698,0.2273,0.0001,-0.0001,-0.0001,0.0,0.0,0.0,-0.0406,0.0282,-0.1005,21.3088,17.8665,13.6646,0.0,0.0433,-0.3617,0.0,0.0,0.0,4430989.4239,4351687.3043,-2606271.1293,2658.4303,1509.5387,7058.5413,4430968.1151,4351669.4378,-2606284.7939,2658.4709,1509.5105,7058.6418,0.0,0.0765,3.9732,0.0,0.0,1.0,0.0,1.0,0.0,0.0,1.172,-23.972,0.0,1.0,0.0,0.0,0.0,-1.0,0.1399785697883787,0.041109609582188934,-0.1,1.2879179004487584,3.2680442604506896,1.5,0.15
528.4184,18.513,-0.06,0.117,14.54,0.021,0.117,-0.104,0.013,-0.039,-0.104,0.014,-0.039,-0.32,-0.007,0.07,-0.006,-0.004,0.007,0.0,-0.0,-0.0,830.987,-0.0,0.0,-0.0,0.0,0.0,0.0,0.0,0.0,-0.672,0.7054,-0.2253,0.7354,0.6715,-0.0908,0.0872,-0.2266,-0.9701,0.676,0.226,-0.7014,-0.7316,0.0917,-0.6755,-0.0884,0.9698,0.2273,0.0001,-0.0001,-0.0001,0.0,0.0,0.0,-0.0406,0.0282,-0.1006,21.3006,17.8723,13.6441,0.0,0.0433,-0.3617,0.0,0.0,0.0,4431530.7083,4351994.6127,-2604833.5459,2657.253,1508.3825,7059.2336,4431509.4077,4351976.7404,-2604847.19,2657.2936,1508.3543,7059.3341,0.0,0.0765,3.9732,0.0,0.0,1.0,0.0,1.0,0.0,0.0,1.172,-23.972,0.0,1.0,0.0,0.0,0.0,-1.0,0.13148764200486676,0.041109609582188934,-0.1,1.2896327766566156,3.2643413938558123,1.5,0.15
528.6227,18.492,-0.057,0.109,14.519,0.024,0.109,-0.104,0.013,-0.039,-0.104,0.014,-0.039,-0.321,-0.007,0.071,-0.006,-0.004,0.007,0.0,-0.0,-0.0,830.987,-0.0,0.0,-0.0,0.0,0.0,0.0,0.0,0.0,-0.672,0.7055,-0.2253,0.7354,0.6715,-0.0907,0.0873,-0.2266,-0.9701,0.676,0.226,-0.7014,-0.7316,0.0917,-0.6755,-0.0884,0.9698,0.2273,0.0001,-0.0001,-0.0001,0.0,0.0,0.0,-0.0406,0.0282,-0.1006,21.2923,17.878,13.6237,0.0,0.0433,-0.3617,0.0,0.0,0.0,4432070.2209,4352300.816,-2603399.8973,2656.0788,1507.2294,7059.9235,4432048.9286,4352282.938,-2603413.521,2656.1194,1507.2013,7060.024,0.0,0.0765,3.9732,0.0,0.0,1.0,0.0,1.0,0.0,0.0,1.172,-23.972,0.0,1.0,0.0,0.0,0.0,-1.0,0.12300406497347964,0.041109609582188934,-0.1,1.2919060428116529,3.2606385272609346,1.5,0.15
528.8271,18.47,-0.055,0.101,14.497,0.027,0.101,-0.104,0.013,-0.039,-0.104,0.014,-0.039,-0.322,-0.008,0.073,-0.006,-0.004,0.007,0.0,-0.0,-0.0,830.987,-0.0,0.0,-0.0,0.0,0.0,0.0,0.0,0.0,-0.672,0.7055,-0.2253,0.7354,0.6715,-0.0907,0.0873,-0.2266,-0.9701,0.676,0.226,-0.7014,-0.7316,0.0917,-0.6755,-0.0884,0.9698,0.2273,0.0001,-0.0001,-0.0001,0.0,0.0,0.0,-0.0406,0.0282,-0.1006,21.2839,17.8838,13.6028,0.0,0.0433,-0.3617,0.0,0.0,0.0,4432620.0705,4352612.7847,-2601937.9797,2654.8815,1506.0537,7060.6266,4432598.7866,4352594.9008,-2601951.5826,2654.9221,1506.0255,7060.7271,0.0,0.0765,3.9732,0.0,0.0,1.0,0.0,1.0,0.0,0.0,1.172,-23.972,0.0,1.0,0.0,0.0,0.0,-1.0,0.11500434774390055,0.041109609582188934,-0.1,1.3087147507581216,3.256759333685348,1.5,0.15
529.0306,18.449,-0.052,0.093,14.476,0.03,0.093,-0.104,0.013,-0.039,-0.104,0.014,-0.039,-0.324,-0.009,0.074,-0.006,-0.004,0.007,0.0,-0.0,-0.0,830.987,-0.0,0.0,-0.0,0.0,0.0,0.0,0.0,0.0,-0.672,0.7055,-0.2252,0.7354,0.6715,-0.0907,0.0873,-0.2266,-0.9701,0.676,0.226,-0.7014,-0.7316,0.0917,-0.6755,-0.0884,0.9698,0.2273,0.0001,-0.0001,-0.0001,0.0,0.0,0.0,-0.0406,0.0282,-0.1006,21.2757,17.8896,13.5825,0.0,0.0433,-0.3617,0.0,0.0,0.0,4433157.7489,4352917.7484,-2600507.642,2653.71,1504.9034,7061.314,4433136.4732,4352899.8588,-2600521.2244,2653.7506,1504.8752,7061.4146,0.0,0.0765,3.9732,0.0,0.0,1.0,0.0,1.0,0.0,0.0,1.172,-23.972,0.0,1.0,0.0,0.0,0.0,-1.0,0.10655045753069294,0.041109609582188934,-0.1,1.312177140036768,3.2530564670904707,1.5,0.15
529.2347,18.428,-0.049,0.085,14.455,0.033,0.085,-0.104,0.013,-0.035,-0.104,0.014,-0.035,-0.325,-0.01,0.076,-0.006,-0.004,0.007,0.0,-0.0,-0.0,830.97,1.0,0.0,-0.0,0.0,0.0,0.0,0.0,0.0,-0.6719,0.7055,-0.2252,0.7354,0.6715,-0.0906,0.0873,-0.2266,-0.9701,0.676,0.226,-0.7014,-0.7316,0.0917,-0.6755,-0.0884,0.9698,0.2273,0.0001,-0.0001,-0.0001,0.0,0.0,0.0,-0.0377,0.025,-0.101,21.2675,17.8951,13.5618,0.0,0.0433,-0.3617,0.0,0.0,0.0,4433702.3029,4353226.5109,-2599058.2321,2652.5257,1503.7346,7062.0098,4433681.0353,4353208.6158,-2599071.7939,2652.5634,1503.7095,7062.1107,0.0,0.0765,3.9732,0.0,0.0,1.0,0.0,1.0,0.0,0.0,1.172,-23.972,0.0,1.0,0.0,0.0,0.0,-1.0,0.09811218069128828,0.03733630940518894,-0.1,1.3161926881572064,3.2493536004955925,1.5,0.15
529.436,18.407,-0.047,0.079,14.434,0.035,0.078,-0.104,0.013,-0.028,-0.104,0.014,-0.029,-0.326,-0.011,0.077,-0.006,-0.004,0.007,0.0,-0.0,-0.0,830.942,1.0,0.0,-0.0,0.0,0.0,0.0,0.0,0.0,-0.6719,0.7055,-0.2252,0.7355,0.6715,-0.0906,0.0873,-0.2265,-0.9701,0.676,0.226,-0.7014,-0.7316,0.0917,-0.6755,-0.0884,0.9698,0.2273,0.0001,-0.0001,-0.0001,0.0,0.0,0.0,-0.0332,0.0201,-0.1016,21.2604,17.8997,13.5414,0.0,0.0433,-0.3617,0.0,0.0,0.0,4434235.4478,4353528.7051,-2597638.4238,2651.3673,1502.5879,7062.6907,4434214.1874,4353510.8054,-2597651.9652,2651.4005,1502.5677,7062.7922,0.0,0.0765,3.9732,0.0,0.0,1.0,0.0,1.0,0.0,0.0,1.172,-23.972,0.0,1.0,0.0,0.0,0.0,-1.0,0.09192388155425117,0.030870698080866264,-0.1,1.3155645895220245,3.245650733900715,1.5,0.15
529.6411,18.386,-0.044,0.074,14.413,0.038,0.073,-0.104,0.013,-0.021,-0.104,0.014,-0.022,-0.327,-0.012,0.078,-0.006,-0.004,0.007,0.0,-0.0,-0.0,830.914,1.0,0.0,-0.0,0.0,0.0,0.0,0.0,0.0,-0.6719,0.7056,-0.2252,0.7355,0.6715,-0.0906,0.0873,-0.2265,-0.9701,0.676,0.226,-0.7014,-0.7316,0.0917,-0.6755,-0.0884,0.9698,0.2273,0.0001,-0.0001,-0.0001,0.0,0.0,0.0,-0.0286,0.0151,-0.1022,21.2541,17.9033,13.5205,0.0,0.0433,-0.3617,0.0,0.0,0.0,4434779.5614,4353837.015,-2596188.6217,2650.1843,1501.417,7063.3855,4434758.3073,4353819.1117,-2596202.1422,2650.213,1501.4019,7063.4877,0.0,0.0765,3.9732,0.0,0.0,1.0,0.0,1.0,0.0,0.0,1.172,-23.972,0.0,1.0,0.0,0.0,0.0,-1.0,0.08609297300012353,0.02469817807045694,-0.1,1.32245169896288,3.241947867305837,1.5,0.15
529.8423,18.365,-0.041,0.07,14.392,0.041,0.069,-0.104,0.013,-0.015,-0.104,0.014,-0.015,-0.329,-0.013,0.08,-0.006,-0.004,0.007,0.0,-0.0,-0.0,830.887,1.0,0.0,-0.0,0.0,0.0,0.0,0.0,0.0,-0.6719,0.7056,-0.2252,0.7355,0.6715,-0.0906,0.0873,-0.2265,-0.9701,0.676,0.226,-0.7014,-0.7316,0.0917,-0.6755,-0.0884,0.9698,0.2273,0.0001,-0.0001,-0.0001,0.0,0.0,0.0,-0.0241,0.0102,-0.1028,21.2487,17.9059,13.4999,0.0,0.0433,-0.3617,0.0,0.0,0.0,4435313.3315,4354139.364,-2594765.6126,2649.0232,1500.2677,7064.0671,4435292.0827,4354121.4582,-2594779.1124,2649.0474,1500.2576,7064.1698,0.0,0.0765,3.9732,0.0,0.0,1.0,0.0,1.0,0.0,0.0,1.172,-23.972,0.0,1.0,0.0,0.0,0.0,-1.0,0.08112336284942828,0.019849433241279208,-0.1,1.3300725422698743,3.238245000710959,1.5,0.15
530.0435,18.344,-0.038,0.068,14.371,0.044,0.067,-0.104,0.013,-0.009,-0.104,0.014,-0.01,-0.33,-0.014,0.081,-0.006,-0.004,0.007,0.0,-0.0,-0.0,830.865,-0.0,0.0,-0.0,0.0,0.0,0.0,0.0,0.0,-0.6719,0.7056,-0.2252,0.7355,0.6714,-0.0905,0.0873,-0.2265,-0.9701,0.676,0.226,-0.7014,-0.7316,0.0917,-0.6755,-0.0884,0.9698,0.2273,0.0001,-0.0001,-0.0001,0.0,0.0,0.0,-0.0206,0.0063,-0.1032,21.2443,17.9075,13.4793,0.0,0.0433,-0.3617,0.0,0.0,0.0,4435843.0379,4354439.3131,-2593352.6868,2647.8694,1499.1277,7064.7435,4435821.7935,4354421.4056,-2593366.1661,2647.89,1499.1214,7064.8467,0.0,0.0765,3.9732,0.0,0.0,1.0,0.0,1.0,0.0,0.0,1.172,-23.972,0.0,1.0,0.0,0.0,0.0,-1.0,0.07789736837660179,0.015811388300841896,-0.1,1.3388052294326174,3.2345421341160816,1.5,0.15
530.2466,18.323,-0.036,0.066,14.35,0.047,0.065,-0.104,0.013,-0.009,-0.104,0.014,-0.01,-0.331,-0.015,0.083,-0.006,-0.004,0.007,0.0,-0.0,-0.0,830.865,-0.0,0.0,-0.0,0.0,0.0,0.0,0.0,0.0,-0.6718,0.7056,-0.2252,0.7355,0.6714,-0.0905,0.0873,-0.2265,-0.9701,0.676,0.226,-0.7014,-0.7316,0.0917,-0.6755,-0.0884,0.9698,0.2273,0.0001,-0.0001,-0.0001,0.0,0.0,0.0,-0.0206,0.0063,-0.1032,21.2401,17.9088,13.4583,0.0,0.0433,-0.3617,0.0,0.0,0.0,4436380.6204,4354743.6234,-2591917.9811,2646.6941,1497.9741,7065.4303,4436359.3802,4354725.7146,-2591931.4394,2646.7147,1497.9677,7065.5336,0.0,0.0765,3.9732,0.0,0.0,1.0,0.0,1.0,0.0,0.0,1.172,-23.972,0.0,1.0,0.0,0.0,0.0,-1.0,0.07517978451685,0.015811388300841896,-0.1,1.3618669432053319,3.230839267521204,1.5,0.15
530.45,18.301,-0.033,0.064,14.328,0.049,0.063,-0.104,0.013,-0.009,-0.104,0.014,-0.01,-0.332,-0.015,0.084,-0.006,-0.004,0.007,0.0,-0.0,-0.0,830.865,-0.0,0.0,-0.0,0.0,0.0,0.0,0.0,0.0,-0.6718,0.7056,-0.2252,0.7355,0.6714,-0.0905,0.0874,-0.2264,-0.9701,0.676,0.226,-0.7014,-0.7316,0.0917,-0.6755,-0.0884,0.9698,0.2273,0.0001,-0.0001,-0.0001,0.0,0.0,0.0,-0.0206,0.0063,-0.1032,21.236,17.9101,13.4373,0.0,0.0433,-0.3617,0.0,0.0,0.0,4436919.6185,4355048.6354,-2590478.7176,2645.5151,1496.8168,7066.1189,4436898.3825,4355030.7253,-2590492.1548,2645.5357,1496.8104,7066.2222,0.0,0.0765,3.9732,0.0,0.0,1.0,0.0,1.0,0.0,0.0,1.172,-23.972,0.0,1.0,0.0,0.0,0.0,-1.0,0.07200694410957877,0.015811388300841896,-0.1,1.353283174023826,3.2269600739456172,1.5,0.15
530.6584,18.28,-0.03,0.062,14.307,0.052,0.061,-0.104,0.013,-0.009,-0.104,0.014,-0.01,-0.334,-0.016,0.086,-0.006,-0.004,0.007,0.0,-0.0,-0.0,830.865,-0.0,0.0,-0.0,0.0,0.0,0.0,0.0,0.0,-0.6718,0.7057,-0.2252,0.7356,0.6714,-0.0905,0.0874,-0.2264,-0.9701,0.676,0.226,-0.7014,-0.7316,0.0917,-0.6755,-0.0884,0.9698,0.2273,0.0001,-0.0001,-0.0001,0.0,0.0,0.0,-0.0206,0.0063,-0.1033,21.2318,17.9114,13.4161,0.0,0.0433,-0.3617,0.0,0.0,0.0,4437462.3289,4355355.6473,-2589028.7491,2644.3273,1495.6509,7066.8122,4437441.0971,4355337.7359,-2589042.1652,2644.3479,1495.6446,7066.9154,0.0,0.0765,3.9732,0.0,0.0,1.0,0.0,1.0,0.0,0.0,1.172,-23.972,0.0,1.0,0.0,0.0,0.0,-1.0,0.06887670143089025,0.015811388300841896,-0.1,1.3621989981768117,3.22325720735074,1.5,0.15
530.8615,18.259,-0.027,0.06,14.285,0.055,0.059,-0.104,0.013,-0.009,-0.104,0.014,-0.01,-0.335,-0.017,0.087,-0.006,-0.004,0.007,0.0,-0.0,-0.0,830.865,-0.0,0.0,-0.0,0.0,0.0,0.0,0.0,0.0,-0.6718,0.7057,-0.2252,0.7356,0.6714,-0.0904,0.0874,-0.2264,-0.9701,0.676,0.226,-0.7014,-0.7316,0.0917,-0.6755,-0.0884,0.9698,0.2273,0.0001,-0.0001,-0.0001,0.0,0.0,0.0,-0.0206,0.0063,-0.1033,21.2275,17.9127,13.3947,0.0,0.0433,-0.3617,0.0,0.0,0.0,4438009.0638,4355664.833,-2587567.23,2643.13,1494.4758,7067.5105,4437987.8364,4355646.9203,-2587580.6247,2643.1506,1494.4695,7067.6138,0.0,0.0765,3.9732,0.0,0.0,1.0,0.0,1.0,0.0,0.0,1.172,-23.972,0.0,1.0,0.0,0.0,0.0,-1.0,0.06579513659838392,0.015811388300841896,-0.1,1.3708937589235344,3.219554340755862,1.5,0.15
531.0664,18.237,-0.025,0.058,14.264,0.058,0.057,-0.104,0.013,-0.008,-0.104,0.014,-0.009,-0.336,-0.018,0.088,-0.006,-0.004,0.007,0.0,-0.0,-0.0,830.861,1.0,0.0,-0.0,0.0,0.0,0.0,0.0,0.0,-0.6718,0.7057,-0.2252,0.7356,0.6714,-0.0904,0.0874,-0.2264,-0.9701,0.676,0.226,-0.7014,-0.7316,0.0917,-0.6755,-0.0884,0.9698,0.2273,0.0001,-0.0001,-0.0001,0.0,0.0,0.0,-0.0198,0.0055,-0.1034,21.2233,17.914,13.3735,0.0,0.0433,-0.3617,0.0,0.0,0.0,4438551.4265,4355971.4446,-2586116.5978,2641.9424,1493.3086,7068.203,4438530.2033,4355953.5306,-2586129.9713,2641.9622,1493.3031,7068.3064,0.0,0.0765,3.9732,0.0,0.0,1.0,0.0,1.0,0.0,0.0,1.172,-23.972,0.0,1.0,0.0,0.0,0.0,-1.0,0.06315853069855251,0.015264337522473748,-0.1,1.394535244645529,3.2156751471802756,1.5,0.15
531.272,18.216,-0.022,0.057,14.243,0.061,0.056,-0.104,0.013,-0.001,-0.104,0.014,-0.002,-0.337,-0.019,0.09,-0.006,-0.004,0.007,0.0,-0.0,-0.0,830.833,1.0,0.0,-0.0,0.0,0.0,0.0,0.0,0.0,-0.6717,0.7057,-0.2252,0.7356,0.6714,-0.0904,0.0874,-0.2263,-0.9701,0.676,0.226,-0.7014,-0.7316,0.0917,-0.6755,-0.0884,0.9698,0.2273,0.0001,-0.0001,-0.0001,0.0,0.0,0.0,-0.0152,0.0005,-0.104,21.2197,17.9146,13.3523,0.0,0.0433,-0.3617,0.0,0.0,0.0,4439092.5076,4356277.2293,-2584668.6049,2640.7607,1492.1394,7068.8934,4439071.2879,4356259.3146,-2584681.9571,2640.7759,1492.1389,7068.9974,0.0,0.0765,3.9732,0.0,0.0,1.0,0.0,1.0,0.0,0.0,1.172,-23.972,0.0,1.0,0.0,0.0,0.0,-1.0,0.06109828148156051,0.013038404810405297,-0.1,1.4040262008582496,3.2119722805853983,1.5,0.15
531.4763,18.195,-0.019,0.057,14.222,0.064,0.056,-0.104,0.013,0.001,-0.104,0.014,0.001,-0.339,-0.02,0.091,-0.006,-0.004,0.007,0.0,-0.0,-0.0,830.823,-0.0,0.0,-0.0,0.0,0.0,0.0,0.0,0.0,-0.6717,0.7057,-0.2252,0.7356,0.6713,-0.0903,0.0874,-0.2263,-0.9701,0.676,0.226,-0.7014,-0.7316,0.0917,-0.6755,-0.0884,0.9698,0.2273,0.0001,-0.0001,-0.0001,0.0,0.0,0.0,-0.0136,-0.0013,-0.1042,21.2169,17.9144,13.3312,0.0,0.0433,-0.3617,0.0,0.0,0.0,4439626.1733,4356578.723,-2583239.6803,2639.5916,1490.9888,7069.5746,4439604.9565,4356560.8086,-2583253.0116,2639.6052,1490.9901,7069.6788,0.0,0.0765,3.9732,0.0,0.0,1.0,0.0,1.0,0.0,0.0,1.172,-23.972,0.0,1.0,0.0,0.0,0.0,-1.0,0.06008327554319921,0.013038404810405297,-0.1,1.413930687641078,3.20826941399052,1.5,0.15
531.6819,18.173,-0.017,0.057,14.2,0.066,0.056,-0.104,0.013,0.001,-0.104,0.014,0.001,-0.34,-0.021,0.093,-0.006,-0.004,0.007,0.0,-0.0,-0.0,830.823,-0.0,0.0,-0.0,0.0,0.0,0.0,0.0,0.0,-0.6717,0.7058,-0.2252,0.7356,0.6713,-0.0903,0.0874,-0.2263,-0.9701,0.676,0.226,-0.7014,-0.7316,0.0917,-0.6755,-0.0884,0.9698,0.2273,0.0001,-0.0001,-0.0001,0.0,0.0,0.0,-0.0136,-0.0013,-0.1042,21.2141,17.9142,13.3096,0.0,0.0433,-0.3617,0.0,0.0,0.0,4440174.3932,4356888.3362,-2581770.985,2638.3883,1489.8081,7070.2745,4440153.1791,4356870.422,-2581784.2946,2638.4019,1489.8094,7070.3787,0.0,0.0765,3.9732,0.0,0.0,1.0,0.0,1.0,0.0,0.0,1.172,-23.972,0.0,1.0,0.0,0.0,0.0,-1.0,0.05948108943185221,0.013038404810405297,-0.1,1.4206529338278353,3.2043902204149335,1.5,0.15
531.8835,18.152,-0.014,0.057,14.179,0.069,0.056,-0.104,0.013,0.001,-0.104,0.014,0.001,-0.341,-0.022,0.094,-0.006,-0.004,0.007,0.0,-0.0,-0.0,830.823,-0.0,0.0,-0.0,0.0,0.0,0.0,0.0,0.0,-0.6717,0.7058,-0.2251,0.7357,0.6713,-0.0903,0.0874,-0.2263,-0.9701,0.676,0.226,-0.7014,-0.7316,0.0917,-0.6755,-0.0884,0.9698,0.2273,0.0001,-0.0001,-0.0001,0.0,0.0,0.0,-0.0136,-0.0013,-0.1042,21.2113,17.9139,13.2885,0.0,0.0433,-0.3617,0.0,0.0,0.0,4440706.7262,4357188.8776,-2580344.0682,2637.2192,1488.6609,7070.9541,4440685.5149,4357170.9636,-2580357.3567,2637.2328,1488.6622,7071.0583,0.0,0.0765,3.9732,0.0,0.0,1.0,0.0,1.0,0.0,0.0,1.172,-23.972,0.0,1.0,0.0,0.0,0.0,-1.0,0.05869412236331675,0.013038404810405297,-0.1,1.4306023513620838,3.200687353820056,1.5,0.15
532.0862,18.131,-0.011,0.058,14.158,0.072,0.056,-0.104,0.013,0.001,-0.104,0.014,0.001,-0.342,-0.023,0.096,-0.006,-0.004,0.007,0.0,-0.0,-0.0,830.823,-0.0,0.0,-0.0,0.0,0.0,0.0,0.0,0.0,-0.6717,0.7058,-0.2251,0.7357,0.6713,-0.0903,0.0874,-0.2262,-0.9701,0.676,0.226,-0.7014,-0.7316,0.0917,-0.6755,-0.0884,0.9698,0.2273,0.0001,-0.0001,-0.0001,0.0,0.0,0.0,-0.0136,-0.0013,-0.1042,21.2086,17.9137,13.2676,0.0,0.0433,-0.3617,0.0,0.0,0.0,4441236.8411,4357488.069,-2578922.3309,2636.0543,1487.518,7071.6307,4441215.6325,4357470.1553,-2578935.5985,2636.0679,1487.5193,7071.7349,0.0,0.0765,3.9732,0.0,0.0,1.0,0.0,1.0,0.0,0.0,1.172,-23.972,0.0,1.0,0.0,0.0,0.0,-1.0,0.059033888572581766,0.013038404810405297,-0.1,1.4389698346181687,3.1969844872251785,1.5,0.15
532.2879,18.11,-0.008,0.058,14.137,0.075,0.057,-0.104,0.013,0.001,-0.104,0.014,0.001,-0.344,-0.024,0.097,-0.006,-0.004,0.007,0.0,-0.0,-0.0,830.823,-0.0,0.0,-0.0,0.0,0.0,0.0,0.0,0.0,-0.6717,0.7058,-0.2251,0.7357,0.6713,-0.0902,0.0874,-0.2262,-0.9701,0.676,0.226,-0.7014,-0.7316,0.0917,-0.6755,-0.0884,0.9698,0.2273,0.0001,-0.0001,-0.0001,0.0,0.0,0.0,-0.0136,-0.0013,-0.1042,21.2058,17.9134,13.2463,0.0,0.0433,-0.3617,0.0,0.0,0.0,4441773.7952,4357791.0206,-2577481.474,2634.8738,1486.3597,7072.316,4441752.5893,4357773.1072,-2577494.7203,2634.8874,1486.361,7072.4202,0.0,0.0765,3.9732,0.0,0.0,1.0,0.0,1.0,0.0,0.0,1.172,-23.972,0.0,1.0,0.0,0.0,0.0,-1.0,0.05854912467321779,0.013038404810405297,-0.1,1.4509541670973414,3.1932816206303007,1.5,0.15
532.4899,18.089,-0.006,0.058,14.116,0.078,0.057,-0.104,0.013,0.001,-0.104,0.014,0.001,-0.345,-0.024,0.099,-0.006,-0.004,0.007,0.0,-0.0,-0.0,830.823,-0.0,0.0,-0.0,0.0,0.0,0.0,0.0,0.0,-0.6716,0.7058,-0.2251,0.7357,0.6713,-0.0902,0.0875,-0.2262,-0.9701,0.676,0.226,-0.7014,-0.7316,0.0917,-0.6755,-0.0884,0.9698,0.2273,0.0001,-0.0001,-0.0001,0.0,0.0,0.0,-0.0136,-0.0013,-0.1042,21.2031,17.9132,13.2257,0.0,0.0433,-0.3617,0.0,0.0,0.0,4442296.763,4358085.9844,-2576077.3946,2633.7233,1485.231,7072.9834,4442275.5598,4358068.0712,-2576090.6203,2633.7369,1485.2323,7073.0876,0.0,0.0765,3.9732,0.0,0.0,1.0,0.0,1.0,0.0,0.0,1.172,-23.972,0.0,1.0,0.0,0.0,0.0,-1.0,0.05830951894845301,0.013038404810405297,-0.1,1.4752915991849658,3.1895787540354226,1.5,0.15
532.6921,18.068,-0.003,0.058,14.095,0.08,0.057,-0.104,0.013,0.001,-0.104,0.014,0.001,-0.346,-0.025,0.1,-0.006,-0.004,0.007,0.0,-0.0,-0.0,830.823,-0.0,0.0,-0.0,0.0,0.0,0.0,0.0,0.0,-0.6716,0.7059,-0.2251,0.7357,0.6713,-0.0902,0.0875,-0.2262,-0.9702,0.676,0.226,-0.7014,-0.7316,0.0917,-0.6755,-0.0884,0.9698,0.2273,0.0001,-0.0001,-0.0001,0.0,0.0,0.0,-0.0136,-0.0013,-0.1043,21.2004,17.9129,13.2043,0.0,0.0433,-0.3617,0.0,0.0,0.0,4442835.7754,4358389.8984,-2574629.4521,2632.5369,1484.0671,7073.6711,4442814.575,4358371.9855,-2574642.6564,2632.5504,1484.0684,7073.7754,0.0,0.0765,3.9732,0.0,0.0,1.0,0.0,1.0,0.0,0.0,1.172,-23.972,0.0,1.0,0.0,0.0,0.0,-1.0,0.05807753438292642,0.013038404810405297,-0.1,1.4677812981493736,3.1858758874405453,1.5,0.15
532.8924,18.047,-0.0,0.058,14.074,0.083,0.057,-0.104,0.013,0.001,-0.104,0.014,0.001,-0.347,-0.026,0.102,-0.006,-0.004,0.007,0.0,-0.0,-0.0,830.823,-0.0,0.0,-0.0,0.0,0.0,0.0,0.0,0.0,-0.6716,0.7059,-0.2251,0.7357,0.6712,-0.0901,0.0875,-0.2262,-0.9702,0.676,0.226,-0.7014,-0.7316,0.0917,-0.6755,-0.0884,0.9698,0.2273,0.0001,-0.0001,-0.0001,0.0,0.0,0.0,-0.0136,-0.0013,-0.1043,21.1976,17.9127,13.1833,0.0,0.0433,-0.3617,0.0,0.0,0.0,4443367.2655,4358689.4716,-2573200.9423,2631.3663,1482.9188,7074.3493,4443346.0679,4358671.5589,-2573214.1255,2631.3799,1482.9201,7074.4535,0.0,0.0765,3.9732,0.0,0.0,1.0,0.0,1.0,0.0,0.0,1.172,-23.972,0.0,1.0,0.0,0.0,0.0,-1.0,0.058,0.013038404810405297,-0.1,1.4778473732724189,3.1821730208456676,1.5,0.15
533.0977,18.025,0.002,0.059,14.052,0.086,0.057,-0.104,0.013,0.001,-0.104,0.014,0.001,-0.348,-0.027,0.103,-0.006,-0.004,0.007,0.0,-0.0,-0.0,830.823,-0.0,0.0,-0.0,0.0,0.0,0.0,0.0,0.0,-0.6716,0.7059,-0.2251,0.7357,0.6712,-0.0901,0.0875,-0.2261,-0.9702,0.676,0.226,-0.7014,-0.7316,0.0917,-0.6755,-0.0884,0.9698,0.2273,0.0001,-0.0001,-0.0001,0.0,0.0,0.0,-0.0136,-0.0012,-0.1043,21.1949,17.9124,13.162,0.0,0.0433,-0.3617,0.0,0.0,0.0,4443903.4489,4358991.5902,-2571759.0341,2630.1848,1481.7598,7075.0333,4443882.254,4358973.6777,-2571772.1962,2630.1983,1481.7611,7075.1375,0.0,0.0765,3.9732,0.0,0.0,1.0,0.0,1.0,0.0,0.0,1.172,-23.972,0.0,1.0,0.0,0.0,0.0,-1.0,0.059033888572581766,0.013038404810405297,-0.1,1.5006923611072633,3.178293827270081,1.5,0.15
533.3009,18.004,0.005,0.059,14.031,0.089,0.057,-0.104,0.013,0.001,-0.104,0.014,0.001,-0.35,-0.028,0.104,-0.006,-0.004,0.007,0.0,-0.0,-0.0,830.823,-0.0,0.0,-0.0,0.0,0.0,0.0,0.0,0.0,-0.6716,0.7059,-0.2251,0.7358,0.6712,-0.0901,0.0875,-0.2261,-0.9702,0.676,0.226,-0.7014,-0.7316,0.0917,-0.6755,-0.0884,0.9698,0.2273,0.0001,-0.0001,-0.0001,0.0,0.0,0.0,-0.0136,-0.0012,-0.1043,21.1921,17.9122,13.1408,0.0,0.0433,-0.3617,0.0,0.0,0.0,4444438.6393,4359293.0487,-2570319.0133,2629.0047,1480.6024,7075.7159,4444417.4472,4359275.1366,-2570332.154,2629.0183,1480.6036,7075.8202,0.0,0.0765,3.9732,0.0,0.0,1.0,0.0,1.0,0.0,0.0,1.172,-23.972,0.0,1.0,0.0,0.0,0.0,-1.0,0.05921148537234985,0.013038404810405297,-0.1,1.5108180572317964,3.1745909606752036,1.5,0.15
533.5063,17.983,0.008,0.059,14.01,0.092,0.057,-0.104,0.013,0.001,-0.104,0.014,0.001,-0.351,-0.029,0.106,-0.006,-0.004,0.007,0.0,-0.0,-0.0,830.823,-0.0,0.0,-0.0,0.0,0.0,0.0,0.0,0.0,-0.6715,0.706,-0.2251,0.7358,0.6712,-0.09,0.0875,-0.2261,-0.9702,0.676,0.226,-0.7014,-0.7316,0.0917,-0.6755,-0.0884,0.9698,0.2273,0.0001,-0.0001,-0.0001,0.0,0.0,0.0,-0.0135,-0.0012,-0.1043,21.1893,17.912,13.1194,0.0,0.0433,-0.3617,0.0,0.0,0.0,4444976.2962,4359595.7957,-2568871.563,2627.8186,1479.439,7076.4017,4444955.1069,4359577.8838,-2568884.6824,2627.8321,1479.4402,7076.506,0.0,0.0765,3.9732,0.0,0.0,1.0,0.0,1.0,0.0,0.0,1.172,-23.972,0.0,1.0,0.0,0.0,0.0,-1.0,0.05953990258641678,0.013038404810405297,-0.1,1.5209685294387338,3.170888094080326,1.5,0.15
533.7105,17.961,0.011,0.059,13.988,0.095,0.058,-0.104,0.013,0.001,-0.104,0.014,0.001,-0.352,-0.03,0.107,-0.006,-0.004,0.007,0.0,-0.0,-0.0,830.823,-0.0,0.0,-0.0,0.0,0.0,0.0,0.0,0.0,-0.6715,0.706,-0.2251,0.7358,0.6712,-0.09,0.0875,-0.2261,-0.9702,0.676,0.226,-0.7014,-0.7316,0.0917,-0.6755,-0.0884,0.9698,0.2273,0.0001,-0.0001,-0.0001,0.0,0.0,0.0,-0.0135,-0.0012,-0.1043,21.1865,17.9117,13.0979,0.0,0.0433,-0.3617,0.0,0.0,0.0,4445519.3843,4359901.4981,-2567408.684,2626.6198,1478.2632,7077.0943,4445498.1978,4359883.5863,-2567421.7818,2626.6333,1478.2644,7077.1986,0.0,0.0765,3.9732,0.0,0.0,1.0,0.0,1.0,0.0,0.0,1.172,-23.972,0.0,1.0,0.0,0.0,0.0,-1.0,0.06001666435249463,0.013038404810405297,-0.1,1.5330929261077568,3.1670089005047393,1.5,0.15
533.9106,17.941,0.013,0.059,13.968,0.097,0.058,-0.104,0.013,0.001,-0.104,0.014,0.001,-0.353,-0.031,0.109,-0.006,-0.004,0.007,0.0,-0.0,-0.0,830.823,-0.0,0.0,-0.0,0.0,0.0,0.0,0.0,0.0,-0.6715,0.706,-0.2251,0.7358,0.6712,-0.09,0.0875,-0.226,-0.9702,0.676,0.226,-0.7014,-0.7316,0.0917,-0.6755,-0.0884,0.9698,0.2273,0.0001,-0.0001,-0.0001,0.0,0.0,0.0,-0.0135,-0.0012,-0.1043,21.1839,17.9115,13.0772,0.0,0.0433,-0.3617,0.0,0.0,0.0,4446038.9697,4360193.8735,-2566008.3563,2625.4722,1477.1377,7077.7568,4446017.7858,4360175.962,-2566021.4335,2625.4857,1477.139,7077.8611,0.0,0.0765,3.9732,0.0,0.0,1.0,0.0,1.0,0.0,0.0,1.172,-23.972,0.0,1.0,0.0,0.0,0.0,-1.0,0.060415229867972854,0.013038404810405297,-0.1,1.5400006165333002,3.16348236089057,1.5,0.15
534.1147,17.919,0.016,0.06,13.946,0.1,0.058,-0.104,0.013,0.001,-0.104,0.014,0.001,-0.355,-0.032,0.11,-0.006,-0.004,0.007,0.0,-0.0,-0.0,830.823,-0.0,0.0,-0.0,0.0,0.0,0.0,0.0,0.0,-0.6715,0.706,-0.2251,0.7358,0.6712,-0.09,0.0875,-0.226,-0.9702,0.676,0.226,-0.7014,-0.7316,0.0917,-0.6755,-0.0884,0.9698,0.2273,0.0001,-0.0001,-0.0001,0.0,0.0,0.0,-0.0135,-0.0012,-0.1043,21.1811,17.9112,13.0558,0.0,0.0433,-0.3617,0.0,0.0,0.0,4446577.0237,4360496.5417,-2564557.4663,2624.2831,1475.9717,7078.4428,4446555.8426,4360478.6305,-2564570.5222,2624.2966,1475.9729,7078.5472,0.0,0.0765,3.9732,0.0,0.0,1.0,0.0,1.0,0.0,0.0,1.172,-23.972,0.0,1.0,0.0,0.0,0.0,-1.0,0.062096698785040094,0.013038404810405297,-0.1,1.5486577123384884,3.159603167314984,1.5,0.15
534.3188,17.898,0.019,0.06,13.925,0.103,0.058,-0.104,0.013,0.001,-0.104,0.014,0.001,-0.356,-0.033,0.112,-0.006,-0.004,0.007,0.0,-0.0,-0.0,830.823,-0.0,0.0,-0.0,0.0,0.0,0.0,0.0,0.0,-0.6715,0.706,-0.2251,0.7358,0.6712,-0.0899,0.0876,-0.226,-0.9702,0.676,0.226,-0.7014,-0.7316,0.0917,-0.6755,-0.0884,0.9698,0.2273,0.0001,-0.0001,-0.0001,0.0,0.0,0.0,-0.0135,-0.0012,-0.1043,21.1783,17.911,13.0347,0.0,0.0433,-0.3617,0.0,0.0,0.0,4447109.0894,4360795.7409,-2563121.9412,2623.1066,1474.818,7079.1212,4447087.9111,4360777.8299,-2563134.9759,2623.1201,1474.8192,7079.2255,0.0,0.0765,3.9732,0.0,0.0,1.0,0.0,1.0,0.0,0.0,1.172,-23.972,0.0,1.0,0.0,0.0,0.0,-1.0,0.06293647591023825,0.013038404810405297,-0.1,1.5589032426684994,3.155900300720106,1.5,0.15
534.5212,17.877,0.022,0.06,13.904,0.106,0.058,-0.104,0.014,0.001,-0.104,0.014,0.001,-0.357,-0.034,0.113,-0.006,-0.004,0.007,0.0,-0.0,-0.0,830.818,-0.0,1.0,-0.0,0.0,0.0,0.0,0.0,0.0,-0.6714,0.7061,-0.2251,0.7359,0.6711,-0.0899,0.0876,-0.226,-0.9702,0.676,0.226,-0.7014,-0.7316,0.0917,-0.6755,-0.0884,0.9698,0.2273,0.0001,-0.0001,-0.0001,0.0,0.0,0.0,-0.0132,-0.0009,-0.1045,21.1756,17.9108,13.0134,0.0,0.0433,-0.3617,0.0,0.0,0.0,4447642.91,4361095.8263,-2561680.8973,2621.9259,1473.6602,7079.8015,4447621.7343,4361077.9156,-2561693.9107,2621.9391,1473.6611,7079.906,0.0,0.0765,3.9732,0.0,0.0,1.0,0.0,1.0,0.0,0.0,1.172,-23.972,0.0,1.0,0.0,0.0,0.0,-1.0,0.06390618123468184,0.0140356688476182,-0.1,1.5691739713134998,3.1521974341252283,1.5,0.15
534.7259,17.855,0.025,0.06,13.882,0.11,0.058,-0.104,0.02,0.001,-0.104,0.021,0.001,-0.358,-0.034,0.115,-0.006,-0.004,0.007,0.0,-0.0,-0.0,830.751,-0.0,1.0,-0.0,0.0,0.0,0.0,0.0,0.0,-0.6714,0.7061,-0.225,0.7359,0.6711,-0.0899,0.0876,-0.226,-0.9702,0.676,0.226,-0.7014,-0.7316,0.0917,-0.6755,-0.0884,0.9698,0.2273,0.0001,-0.0001,-0.0001,0.0,0.0,0.0,-0.0086,0.0035,-0.1059,21.1734,17.911,12.9918,0.0,0.0433,-0.3617,0.0,0.0,0.0,4448181.6928,4361398.5998,-2560225.6569,2620.7377,1472.4951,7080.4868,4448160.5194,4361380.6887,-2560238.6487,2620.7464,1472.4916,7080.5927,0.0,0.0765,3.9732,0.0,0.0,1.0,0.0,1.0,0.0,0.0,1.172,-23.972,0.0,1.0,0.0,0.0,0.0,-1.0,0.065,0.020024984394500785,-0.1,1.5971149750251559,3.148318240549642,1.5,0.15
534.9268,17.835,0.03,0.06,13.861,0.114,0.058,-0.104,0.027,0.001,-0.104,0.027,0.001,-0.36,-0.035,0.116,-0.007,-0.004,0.007,0.0,-0.0,-0.0,830.685,-0.0,1.0,-0.0,0.0,0.0,0.0,0.0,0.0,-0.6714,0.7061,-0.225,0.7359,0.6711,-0.0898,0.0876,-0.2259,-0.9702,0.676,0.226,-0.7014,-0.7316,0.0917,-0.6755,-0.0884,0.9698,0.2273,0.0001,-0.0001,-0.0001,0.0,0.0,0.0,-0.0042,0.0077,-0.1074,21.1721,17.9122,12.9705,0.0,0.0433,-0.3616,0.0,0.0,0.0,4448706.2199,4361693.2637,-2558808.1531,2619.5804,1471.3602,7081.1538,4448685.0478,4361675.3515,-2558821.1236,2619.5846,1471.3525,7081.2612,0.0,0.0765,3.9732,0.0,0.0,1.0,0.0,1.0,0.0,0.0,1.172,-23.972,0.0,1.0,0.0,0.0,0.0,-1.0,0.0670820393249937,0.027018512172212593,-0.1,1.5960879762830524,3.144791700935473,1.5,0.15
535.1303,17.813,0.035,0.061,13.84,0.12,0.058,-0.104,0.027,0.001,-0.104,0.027,0.001,-0.361,-0.036,0.118,-0.007,-0.004,0.007,0.0,-0.0,-0.0,830.683,-0.0,0.0,-0.0,0.0,0.0,0.0,0.0,0.0,-0.6714,0.7061,-0.225,0.7359,0.6711,-0.0898,0.0876,-0.2259,-0.9702,0.676,0.226,-0.7014,-0.7316,0.0917,-0.6755,-0.0884,0.9698,0.2273,0.0001,-0.0001,-0.0001,0.0,0.0,0.0,-0.004,0.0078,-0.1074,21.1713,17.9138,12.9486,0.0,0.0433,-0.3616,0.0,0.0,0.0,4449239.0996,4361992.5202,-2557367.2977,2618.3996,1470.2025,7081.8328,4449217.9284,4361974.6064,-2557380.2463,2618.4036,1470.1946,7081.9402,0.0,0.0765,3.9732,0.0,0.0,1.0,0.0,1.0,0.0,0.0,1.172,-23.972,0.0,1.0,0.0,0.0,0.0,-1.0,0.07032780389006897,0.027018512172212593,-0.1,1.6295865643894327,3.1409125073598863,1.5,0.15
535.3357,17.792,0.041,0.061,13.819,0.126,0.059,-0.104,0.027,0.001,-0.104,0.027,0.001,-0.362,-0.037,0.119,-0.007,-0.004,0.007,0.0,-0.0,-0.0,830.683,-0.0,0.0,-0.0,0.0,0.0,0.0,0.0,0.0,-0.6714,0.7061,-0.225,0.7359,0.6711,-0.0898,0.0876,-0.2259,-0.9702,0.676,0.226,-0.7014,-0.7316,0.0917,-0.6755,-0.0884,0.9698,0.2273,0.0001,-0.0001,-0.0001,0.0,0.0,0.0,-0.004,0.0078,-0.1074,21.1704,17.9154,12.9266,0.0,0.0433,-0.3616,0.0,0.0,0.0,4449774.2762,4362292.9652,-2555919.4379,2617.2128,1469.039,7082.5147,4449753.1057,4362275.0498,-2555932.3645,2617.2168,1469.0312,7082.6222,0.0,0.0765,3.9732,0.0,0.0,1.0,0.0,1.0,0.0,0.0,1.172,-23.972,0.0,1.0,0.0,0.0,0.0,-1.0,0.07349829930005183,0.027018512172212593,-0.1,1.6515831170438522,3.137209640765009,1.5,0.15
535.5409,17.77,0.046,0.061,13.797,0.131,0.059,-0.104,0.021,0.001,-0.104,0.022,0.001,-0.364,-0.038,0.121,-0.007,-0.004,0.008,0.0,-0.0,-0.0,830.661,-0.0,-1.0,-0.0,0.0,0.0,0.0,0.0,0.0,-0.6713,0.7062,-0.225,0.7359,0.6711,-0.0898,0.0876,-0.2259,-0.9702,0.676,0.226,-0.7014,-0.7316,0.0917,-0.6755,-0.0884,0.9698,0.2273,0.0001,-0.0001,-0.0001,0.0,0.0,0.0,-0.0081,0.004,-0.1061,21.1693,17.9167,12.9045,0.0,0.0433,-0.3616,0.0,0.0,0.0,4450316.0959,4362597.0361,-2554452.7921,2616.0066,1467.8567,7083.2063,4450294.9266,4362579.1193,-2554465.6966,2616.0146,1467.8527,7083.3124,0.0,0.0765,3.9732,0.0,0.0,1.0,0.0,1.0,0.0,0.0,1.172,-23.972,0.0,1.0,0.0,0.0,0.0,-1.0,0.07640026177965623,0.02102379604162864,-0.1,1.668642586505671,3.1333304471894223,1.5,0.15
535.7441,17.749,0.049,0.061,13.776,0.134,0.059,-0.104,0.013,0.001,-0.104,0.014,0.001,-0.365,-0.039,0.122,-0.007,-0.004,0.008,0.0,-0.0,-0.0,830.63,-0.0,-1.0,-0.0,0.0,0.0,0.0,0.0,0.0,-0.6713,0.7062,-0.225,0.736,0.671,-0.0897,0.0876,-0.2258,-0.9702,0.676,0.226,-0.7014,-0.7316,0.0917,-0.6755,-0.0884,0.9698,0.2273,0.0001,-0.0001,-0.0001,0.0,0.0,0.0,-0.0136,-0.0013,-0.1044,21.1671,17.917,12.8832,0.0,0.0433,-0.3616,0.0,0.0,0.0,4450846.2923,4362894.4821,-2553016.8185,2614.8239,1466.6975,7083.8835,4450825.1251,4362876.565,-2553029.7017,2614.8376,1466.6988,7083.9879,0.0,0.0765,3.9732,0.0,0.0,1.0,0.0,1.0,0.0,0.0,1.172,-23.972,0.0,1.0,0.0,0.0,0.0,-1.0,0.07824321056807422,0.013038404810405297,-0.1,1.6791087687374413,3.1296275805945446,1.5,0.15
535.9479,17.728,0.051,0.061,13.755,0.136,0.059,-0.104,0.005,0.001,-0.104,0.006,0.001,-0.366,-0.04,0.124,-0.007,-0.004,0.007,0.0,-0.0,-0.0,830.599,-0.0,-1.0,-0.0,0.0,0.0,0.0,0.0,0.0,-0.6713,0.7062,-0.225,0.736,0.671,-0.0897,0.0876,-0.2258,-0.9702,0.676,0.226,-0.7014,-0.7316,0.0917,-0.6755,-0.0884,0.9698,0.2273,0.0001,-0.0001,-0.0001,0.0,0.0,0.0,-0.0192,-0.0066,-0.1026,21.1638,17.9162,12.8621,0.0,0.0433,-0.3616,0.0,0.0,0.0,4451378.6817,4363193.0575,-2551574.1104,2613.6357,1465.533,7084.5634,4451357.5179,4363175.1412,-2551586.9725,2613.6549,1465.5396,7084.666,0.0,0.0765,3.9732,0.0,0.0,1.0,0.0,1.0,0.0,0.0,1.172,-23.972,0.0,1.0,0.0,0.0,0.0,-1.0,0.07951100552753687,0.005099019513592785,-0.1,1.6862913280665661,3.1259247139996673,1.5,0.15
536.1531,17.706,0.052,0.061,13.733,0.137,0.059,-0.104,-0.003,0.001,-0.104,-0.002,0.001,-0.368,-0.041,0.125,-0.007,-0.004,0.007,0.0,-0.0,-0.0,830.568,-0.0,-1.0,-0.0,0.0,0.0,0.0,0.0,0.0,-0.6713,0.7062,-0.225,0.736,0.671,-0.0897,0.0876,-0.2258,-0.9702,0.676,0.226,-0.7014,-0.7316,0.0917,-0.6755,-0.0884,0.9698,0.2273,0.0001,-0.0001,-0.0001,0.0,0.0,0.0,-0.0249,-0.012,-0.1008,21.1593,17.9143,12.8412,0.0,0.0433,-0.3616,0.0,0.0,0.0,4451914.3805,4363493.3864,-2550121.6323,2612.4394,1464.3606,7085.2475,4451893.2213,4363475.472,-2550134.4736,2612.4643,1464.3726,7085.3482,0.0,0.0765,3.9732,0.0,0.0,1.0,0.0,1.0,0.0,0.0,1.172,-23.972,0.0,1.0,0.0,0.0,0.0,-1.0,0.08015609770940699,0.0031622776601683794,-0.1,1.6902054952373604,3.1220455204240807,1.5,0.15
536.3552,17.685,0.05,0.062,13.712,0.136,0.059,-0.104,-0.01,0.001,-0.104,-0.01,0.0,-0.369,-0.042,0.127,-0.007,-0.004,0.007,0.0,-0.0,-0.0,830.537,-0.0,-1.0,-0.0,0.0,0.0,0.0,0.0,0.0,-0.6713,0.7062,-0.225,0.736,0.671,-0.0896,0.0877,-0.2258,-0.9702,0.676,0.226,-0.7014,-0.7316,0.0917,-0.6755,-0.0884,0.9698,0.2273,0.0001,-0.0001,-0.0001,0.0,0.0,0.0,-0.0304,-0.0173,-0.099,21.1537,17.9114,12.8211,0.0,0.0433,-0.3616,0.0,0.0,0.0,4452440.9869,4363788.5174,-2548693.0218,2611.2627,1463.2075,7085.9198,4452419.8332,4363770.606,-2548705.8429,2611.2932,1463.2247,7086.0189,0.0,0.0765,3.9732,0.0,0.0,1.0,0.0,1.0,0.0,0.0,1.172,-23.972,0.0,1.0,0.0,0.0,0.0,-1.0,0.07964923100695952,0.01004987562112089,-0.1,1.7004479343057592,3.118342653829203,1.5,0.15
536.5574,17.664,0.047,0.062,13.691,0.133,0.059,-0.105,-0.018,0.001,-0.104,-0.018,0.0,-0.37,-0.043,0.128,-0.007,-0.004,0.008,0.0,-0.0,-0.0,830.508,-0.0,-1.0,-0.0,0.0,0.0,0.0,0.0,0.0,-0.6712,0.7063,-0.225,0.736,0.671,-0.0896,0.0877,-0.2257,-0.9702,0.676,0.226,-0.7014,-0.7316,0.0917,-0.6755,-0.0884,0.9698,0.2273,0.0001,-0.0001,-0.0001,0.0,0.0,0.0,-0.036,-0.0226,-0.0972,21.147,17.9074,12.8013,0.0,0.0433,-0.3616,0.0,0.0,0.0,4452968.7534,4364084.1985,-2547260.4846,2610.0828,1462.0512,7086.5936,4452947.6064,4364066.2911,-2547273.2858,2610.1188,1462.0738,7086.6909,0.0,0.0765,3.9732,0.0,0.0,1.0,0.0,1.0,0.0,0.0,1.172,-23.972,0.0,1.0,0.0,0.0,0.0,-1.0,0.0778010282708397,0.018027756377319945,-0.1,1.6910485616581497,3.1146397872343257,1.5,0.15
536.7586,17.643,0.043,0.062,13.67,0.128,0.059,-0.105,-0.026,0.001,-0.105,-0.026,0.0,-0.372,-0.043,0.13,-0.007,-0.004,0.008,0.0,-0.0,-0.0,830.477,-0.0,-1.0,-0.0,0.0,0.0,0.0,0.0,0.0,-0.6712,0.7063,-0.225,0.736,0.671,-0.0896,0.0877,-0.2257,-0.9702,0.676,0.226,-0.7014,-0.7316,0.0917,-0.6755,-0.0884,0.9698,0.2273,0.0001,-0.0001,-0.0001,0.0,0.0,0.0,-0.0416,-0.0278,-0.0955,21.1392,17.9023,12.7818,0.0,0.0433,-0.3616,0.0,0.0,0.0,4453495.4283,4364379.1685,-2545830.1242,2608.9046,1460.8968,7087.266,4453474.2891,4364361.2662,-2545842.906,2608.9462,1460.9246,7087.3614,0.0,0.0765,3.9732,0.0,0.0,1.0,0.0,1.0,0.0,0.0,1.172,-23.972,0.0,1.0,0.0,0.0,0.0,-1.0,0.07545197147855051,0.026019223662515373,-0.1,1.660617164971279,3.1109369206394475,1.5,0.15
536.9598,17.622,0.037,0.062,13.649,0.122,0.059,-0.105,-0.033,0.001,-0.105,-0.032,0.0,-0.373,-0.044,0.131,-0.007,-0.004,0.007,0.0,-0.0,-0.0,830.452,-0.0,0.0,-0.0,0.0,0.0,0.0,0.0,0.0,-0.6712,0.7063,-0.225,0.7361,0.671,-0.0896,0.0877,-0.2257,-0.9702,0.676,0.226,-0.7014,-0.7316,0.0917,-0.6755,-0.0884,0.9698,0.2273,0.0001,-0.0001,-0.0001,0.0,0.0,0.0,-0.046,-0.0321,-0.094,21.1302,17.8962,12.7627,0.0,0.0433,-0.3616,0.0,0.0,0.0,4454021.7851,4364673.8605,-2544399.8481,2607.7276,1459.7434,7087.9375,4454000.6548,4364655.9643,-2544412.6108,2607.7736,1459.7755,7088.0315,0.0,0.0765,3.9732,0.0,0.0,1.0,0.0,1.0,0.0,0.0,1.172,-23.972,0.0,1.0,0.0,0.0,0.0,-1.0,0.0722011080247388,0.03301514803843836,-0.1,1.6411707452584507,3.1072340540445698,1.5,0.15
537.1651,17.601,0.03,0.062,13.628,0.116,0.06,-0.105,-0.033,0.001,-0.105,-0.032,0.0,-0.374,-0.045,0.133,-0.007,-0.004,0.007,0.0,-0.0,-0.0,830.452,-0.0,0.0,-0.0,0.0,0.0,0.0,0.0,0.0,-0.6712,0.7063,-0.225,0.7361,0.6709,-0.0895,0.0877,-0.2257,-0.9702,0.676,0.226,-0.7014,-0.7316,0.0917,-0.6755,-0.0884,0.9698,0.2273,0.0001,-0.0001,-0.0001,0.0,0.0,0.0,-0.046,-0.0321,-0.0941,21.1208,17.8896,12.7434,0.0,0.0433,-0.3616,0.0,0.0,0.0,4454555.4394,4364972.5362,-2542948.9482,2606.5381,1458.5778,7088.6167,4454534.3186,4364954.6466,-2542961.6917,2606.5841,1458.6099,7088.7108,0.0,0.0765,3.9732,0.0,0.0,1.0,0.0,1.0,0.0,0.0,1.172,-23.972,0.0,1.0,0.0,0.0,0.0,-1.0,0.06887670143089025,0.03301514803843836,-0.1,1.6378018381409785,3.103531187449692,1.5,0.15
537.3694,17.58,0.024,0.062,13.607,0.109,0.06,-0.105,-0.033,0.001,-0.105,-0.032,0.0,-0.376,-0.046,0.134,-0.007,-0.004,0.007,0.0,-0.0,-0.0,830.452,-0.0,0.0,-0.0,0.0,0.0,0.0,0.0,0.0,-0.6712,0.7064,-0.2249,0.7361,0.6709,-0.0895,0.0877,-0.2257,-0.9703,0.676,0.226,-0.7014,-0.7316,0.0917,-0.6755,-0.0884,0.9698,0.2273,0.0001,-0.0001,-0.0001,0.0,0.0,0.0,-0.046,-0.0321,-0.0941,21.1115,17.8832,12.7244,0.0,0.0433,-0.3616,0.0,0.0,0.0,4455083.5755,4365268.0231,-2541512.2573,2605.3602,1457.4237,7089.2889,4455062.464,4365250.1399,-2541524.9817,2605.4062,1457.4557,7089.383,0.0,0.0765,3.9732,0.0,0.0,1.0,0.0,1.0,0.0,0.0,1.172,-23.972,0.0,1.0,0.0,0.0,0.0,-1.0,0.06648308055437864,0.03301514803843836,-0.1,1.6006205582113484,3.099828320854814,1.5,0.15
537.5728,17.558,0.017,0.062,13.585,0.103,0.06,-0.105,-0.032,0.001,-0.105,-0.032,0.0,-0.377,-0.047,0.135,-0.007,-0.004,0.007,0.0,-0.0,-0.0,830.452,-0.0,0.0,-0.0,0.0,0.0,0.0,0.0,0.0,-0.6711,0.7064,-0.2249,0.7361,0.6709,-0.0895,0.0877,-0.2256,-0.9703,0.676,0.226,-0.7014,-0.7316,0.0917,-0.6755,-0.0884,0.9698,0.2273,0.0001,-0.0001,-0.0001,0.0,0.0,0.0,-0.046,-0.0321,-0.0941,21.1021,17.8766,12.7051,0.0,0.0433,-0.3616,0.0,0.0,0.0,4455616.5083,4365566.0915,-2540061.7264,2604.1709,1456.2584,7089.9671,4455595.4063,4365548.2149,-2540074.4316,2604.217,1456.2905,7090.0612,0.0,0.0765,3.9732,0.0,0.0,1.0,0.0,1.0,0.0,0.0,1.172,-23.972,0.0,1.0,0.0,0.0,0.0,-1.0,0.06428841264178171,0.032015621187164243,-0.1,1.595410901276203,3.095949127279228,1.5,0.15
537.7784,17.537,0.01,0.063,13.564,0.096,0.06,-0.105,-0.032,0.001,-0.105,-0.032,0.0,-0.379,-0.048,0.137,-0.007,-0.004,0.007,0.0,-0.0,-0.0,830.452,-0.0,0.0,-0.0,0.0,0.0,0.0,0.0,0.0,-0.6711,0.7064,-0.2249,0.7361,0.6709,-0.0894,0.0877,-0.2256,-0.9703,0.676,0.226,-0.7014,-0.7316,0.0917,-0.6755,-0.0884,0.9698,0.2273,0.0001,-0.0001,-0.0001,0.0,0.0,0.0,-0.046,-0.0321,-0.0941,21.0927,17.8701,12.6859,0.0,0.0433,-0.3616,0.0,0.0,0.0,4456148.944,4365863.7799,-2538611.7446,2602.9821,1455.0936,7090.6446,4456127.8513,4365845.9098,-2538624.4305,2603.0281,1455.1257,7090.7387,0.0,0.0765,3.9732,0.0,0.0,1.0,0.0,1.0,0.0,0.0,1.172,-23.972,0.0,1.0,0.0,0.0,0.0,-1.0,0.06378871373526825,0.032015621187164243,-0.1,1.570938716196992,3.09224626068435,1.5,0.15
537.9788,17.516,0.004,0.063,13.543,0.09,0.06,-0.105,-0.032,0.001,-0.105,-0.032,0.0,-0.38,-0.049,0.138,-0.007,-0.004,0.007,0.0,-0.0,-0.0,830.452,-0.0,0.0,-0.0,0.0,0.0,0.0,0.0,0.0,-0.6711,0.7064,-0.2249,0.7361,0.6709,-0.0894,0.0877,-0.2256,-0.9703,0.676,0.226,-0.7014,-0.7316,0.0917,-0.6755,-0.0884,0.9698,0.2273,0.0001,-0.0001,-0.0001,0.0,0.0,0.0,-0.046,-0.032,-0.0941,21.0835,17.8636,12.667,0.0,0.0433,-0.3616,0.0,0.0,0.0,4456670.4469,4366155.2564,-2537190.7603,2601.817,1453.9522,7091.3081,4456649.3635,4366137.3927,-2537203.4274,2601.863,1453.9842,7091.4022,0.0,0.0765,3.9732,0.0,0.0,1.0,0.0,1.0,0.0,0.0,1.172,-23.972,0.0,1.0,0.0,0.0,0.0,-1.0,0.06312685640834652,0.032015621187164243,-0.1,1.5512604177246272,3.088543394089472,1.5,0.15
538.1859,17.494,-0.003,0.063,13.521,0.083,0.06,-0.105,-0.031,0.001,-0.105,-0.031,0.0,-0.381,-0.05,0.14,-0.007,-0.004,0.007,0.0,-0.0,-0.0,830.439,-0.0,1.0,-0.0,0.0,0.0,0.0,0.0,0.0,-0.6711,0.7064,-0.2249,0.7362,0.6709,-0.0894,0.0877,-0.2256,-0.9703,0.676,0.226,-0.7014,-0.7316,0.0917,-0.6755,-0.0884,0.9698,0.2273,0.0001,-0.0001,-0.0001,0.0,0.0,0.0,-0.0451,-0.0312,-0.0944,21.0739,17.857,12.6474,0.0,0.0433,-0.3616,0.0,0.0,0.0,4457211.7597,4366457.7009,-2535714.9844,2600.6079,1452.7676,7091.9965,4457190.6858,4366439.8439,-2535727.6318,2600.653,1452.7988,7092.0909,0.0,0.0765,3.9732,0.0,0.0,1.0,0.0,1.0,0.0,0.0,1.172,-23.972,0.0,1.0,0.0,0.0,0.0,-1.0,0.06307138812488591,0.031016124838541645,-0.1,1.5282010154080474,3.0846642005138865,1.5,0.15
538.3907,17.473,-0.009,0.063,13.5,0.078,0.06,-0.105,-0.025,0.001,-0.105,-0.024,0.0,-0.383,-0.051,0.141,-0.007,-0.004,0.007,0.0,-0.0,-0.0,830.371,-0.0,1.0,-0.0,0.0,0.0,0.0,0.0,0.0,-0.6711,0.7065,-0.2249,0.7362,0.6709,-0.0894,0.0878,-0.2255,-0.9703,0.676,0.226,-0.7014,-0.7316,0.0917,-0.6755,-0.0884,0.9698,0.2273,0.0001,-0.0001,-0.0001,0.0,0.0,0.0,-0.0405,-0.0269,-0.0959,21.0651,17.8511,12.6279,0.0,0.0433,-0.3616,0.0,0.0,0.0,4457745.2052,4366755.6462,-2534259.8479,2599.4193,1451.6031,7092.6736,4457724.1401,4366737.7952,-2534272.4758,2599.4598,1451.63,7092.7694,0.0,0.0765,3.9732,0.0,0.0,1.0,0.0,1.0,0.0,0.0,1.172,-23.972,0.0,1.0,0.0,0.0,0.0,-1.0,0.06363961030678929,0.02501999200639361,-0.1,1.5261193489449634,3.0809613339190083,1.5,0.15
538.5936,17.451,-0.013,0.063,13.478,0.073,0.06,-0.105,-0.018,0.001,-0.105,-0.018,0.0,-0.384,-0.052,0.143,-0.007,-0.004,0.007,0.0,-0.0,-0.0,830.305,-0.0,1.0,-0.0,0.0,0.0,0.0,0.0,0.0,-0.671,0.7065,-0.2249,0.7362,0.6708,-0.0893,0.0878,-0.2255,-0.9703,0.676,0.226,-0.7014,-0.7316,0.0917,-0.6755,-0.0884,0.9698,0.2273,0.0001,-0.0001,-0.0001,0.0,0.0,0.0,-0.036,-0.0226,-0.0973,21.0574,17.8461,12.6083,0.0,0.0433,-0.3616,0.0,0.0,0.0,4458273.3076,4367050.5063,-2532818.4906,2598.2419,1450.4497,7093.3438,4458252.2503,4367032.6602,-2532831.0989,2598.2779,1450.4722,7093.4411,0.0,0.0765,3.9732,0.0,0.0,1.0,0.0,1.0,0.0,0.0,1.172,-23.972,0.0,1.0,0.0,0.0,0.0,-1.0,0.06432728814430157,0.018027756377319945,-0.1,1.4953454601876588,3.0770821403434225,1.5,0.15
538.794,17.43,-0.016,0.063,13.457,0.07,0.06,-0.105,-0.014,0.001,-0.105,-0.014,0.0,-0.385,-0.052,0.144,-0.007,-0.004,0.007,0.0,-0.0,-0.0,830.264,-0.0,0.0,-0.0,0.0,0.0,0.0,0.0,0.0,-0.671,0.7065,-0.2249,0.7362,0.6708,-0.0893,0.0878,-0.2255,-0.9703,0.676,0.226,-0.7014,-0.7316,0.0917,-0.6755,-0.0884,0.9698,0.2273,0.0001,-0.0001,-0.0001,0.0,0.0,0.0,-0.0333,-0.0199,-0.0982,21.0506,17.8419,12.5887,0.0,0.0433,-0.3615,0.0,0.0,0.0,4458791.8403,4367339.9246,-2531402.4876,2597.0835,1449.3149,7094.0024,4458770.7898,4367322.0827,-2531415.0763,2597.1168,1449.3349,7094.1006,0.0,0.0765,3.9732,0.0,0.0,1.0,0.0,1.0,0.0,0.0,1.172,-23.972,0.0,1.0,0.0,0.0,0.0,-1.0,0.065,0.0140356688476182,-0.1,1.4855814317079898,3.0733792737485444,1.5,0.15
539.0013,17.409,-0.019,0.063,13.436,0.067,0.06,-0.105,-0.014,0.001,-0.105,-0.014,0.0,-0.387,-0.053,0.146,-0.007,-0.004,0.007,0.0,-0.0,-0.0,830.264,-0.0,0.0,-0.0,0.0,0.0,0.0,0.0,0.0,-0.671,0.7065,-0.2249,0.7362,0.6708,-0.0893,0.0878,-0.2255,-0.9703,0.676,0.226,-0.7014,-0.7316,0.0917,-0.6755,-0.0884,0.9698,0.2273,0.0001,-0.0001,-0.0001,0.0,0.0,0.0,-0.0332,-0.0199,-0.0982,21.0437,17.8378,12.5685,0.0,0.0433,-0.3615,0.0,0.0,0.0,4459328.5006,4367639.3584,-2529936.1734,2595.8811,1448.1372,7094.6848,4459307.457,4367621.5205,-2529948.7419,2595.9144,1448.1572,7094.783,0.0,0.0765,3.9732,0.0,0.0,1.0,0.0,1.0,0.0,0.0,1.172,-23.972,0.0,1.0,0.0,0.0,0.0,-1.0,0.0658027355054484,0.0140356688476182,-0.1,1.475794292268576,3.0696764071536666,1.5,0.15
539.208,17.387,-0.022,0.064,13.414,0.065,0.06,-0.105,-0.014,0.001,-0.105,-0.014,0.0,-0.388,-0.054,0.147,-0.007,-0.004,0.007,0.0,-0.0,-0.0,830.264,-0.0,0.0,-0.0,0.0,0.0,0.0,0.0,0.0,-0.671,0.7065,-0.2249,0.7363,0.6708,-0.0892,0.0878,-0.2255,-0.9703,0.676,0.226,-0.7014,-0.7316,0.0917,-0.6755,-0.0884,0.9698,0.2273,0.0001,-0.0001,-0.0001,0.0,0.0,0.0,-0.0332,-0.0199,-0.0982,21.0368,17.8337,12.5481,0.0,0.0433,-0.3615,0.0,0.0,0.0,4459864.8826,4367938.532,-2528469.7999,2594.6787,1446.9595,7095.3668,4459843.8458,4367920.6983,-2528482.348,2594.7119,1446.9794,7095.465,0.0,0.0765,3.9732,0.0,0.0,1.0,0.0,1.0,0.0,0.0,1.172,-23.972,0.0,1.0,0.0,0.0,0.0,-1.0,0.06767569726275452,0.0140356688476182,-0.1,1.4822110654752387,3.0657972135780804,1.5,0.15
539.414,17.365,-0.025,0.064,13.392,0.062,0.06,-0.105,-0.014,0.001,-0.105,-0.014,0.0,-0.39,-0.055,0.148,-0.007,-0.004,0.007,0.0,-0.0,-0.0,830.264,-0.0,0.0,-0.0,0.0,0.0,0.0,0.0,0.0,-0.671,0.7066,-0.2249,0.7363,0.6708,-0.0892,0.0878,-0.2254,-0.9703,0.676,0.226,-0.7014,-0.7316,0.0917,-0.6755,-0.0884,0.9698,0.2273,0.0001,-0.0001,-0.0001,0.0,0.0,0.0,-0.0332,-0.0199,-0.0982,21.0299,17.8296,12.5277,0.0,0.0433,-0.3615,0.0,0.0,0.0,4460403.7531,4368238.9878,-2526995.7994,2593.4699,1445.7757,7096.0518,4460382.7232,4368221.1583,-2527008.3271,2593.5031,1445.7956,7096.15,0.0,0.0765,3.9732,0.0,0.0,1.0,0.0,1.0,0.0,0.0,1.172,-23.972,0.0,1.0,0.0,0.0,0.0,-1.0,0.06870953354520754,0.0140356688476182,-0.1,1.4723806197371503,3.061918020002494,1.5,0.15
539.6176,17.344,-0.028,0.064,13.371,0.059,0.061,-0.105,-0.013,0.001,-0.105,-0.012,0.0,-0.391,-0.056,0.15,-0.007,-0.004,0.007,0.0,-0.0,-0.0,830.248,-0.0,1.0,-0.0,0.0,0.0,0.0,0.0,0.0,-0.6709,0.7066,-0.2249,0.7363,0.6708,-0.0892,0.0878,-0.2254,-0.9703,0.676,0.226,-0.7014,-0.7316,0.0917,-0.6755,-0.0884,0.9698,0.2273,0.0001,-0.0001,-0.0001,0.0,0.0,0.0,-0.0321,-0.0189,-0.0986,21.0232,17.8256,12.5078,0.0,0.0433,-0.3615,0.0,0.0,0.0,4460929.7657,4368532.1728,-2525556.1643,2592.2904,1444.6205,7096.7201,4460908.7425,4368514.3472,-2525568.6721,2592.3225,1444.6394,7096.8187,0.0,0.0765,3.9732,0.0,0.0,1.0,0.0,1.0,0.0,0.0,1.172,-23.972,0.0,1.0,0.0,0.0,0.0,-1.0,0.06985699678629192,0.013038404810405297,-0.1,1.4644043349242317,3.058215153407617,1.5,0.15
539.8193,17.323,-0.03,0.064,13.35,0.057,0.061,-0.105,-0.007,0.001,-0.105,-0.006,0.001,-0.393,-0.057,0.151,-0.007,-0.004,0.007,0.0,-0.0,-0.0,830.182,-0.0,1.0,-0.0,0.0,0.0,0.0,0.0,0.0,-0.6709,0.7066,-0.2249,0.7363,0.6707,-0.0892,0.0878,-0.2254,-0.9703,0.676,0.226,-0.7014,-0.7316,0.0917,-0.6755,-0.0884,0.9698,0.2273,0.0001,-0.0001,-0.0001,0.0,0.0,0.0,-0.0277,-0.0146,-0.1,21.0172,17.8222,12.4878,0.0,0.0433,-0.3615,0.0,0.0,0.0,4461451.3088,4368822.7665,-2524127.9879,2591.1236,1443.4778,7097.3816,4461430.2917,4368804.9443,-2524140.4757,2591.1513,1443.4924,7097.4816,0.0,0.0765,3.9732,0.0,0.0,1.0,0.0,1.0,0.0,0.0,1.172,-23.972,0.0,1.0,0.0,0.0,0.0,-1.0,0.07068238818828916,0.007071067811865475,-0.1,1.4579134123236333,3.054512286812739,1.5,0.15
540.0214,17.302,-0.031,0.064,13.329,0.056,0.061,-0.105,-0.006,0.001,-0.105,-0.005,0.001,-0.394,-0.058,0.153,-0.007,-0.004,0.007,0.0,-0.0,-0.0,830.176,-0.0,0.0,-0.0,0.0,0.0,0.0,0.0,0.0,-0.6709,0.7066,-0.2249,0.7363,0.6707,-0.0891,0.0878,-0.2254,-0.9703,0.676,0.226,-0.7014,-0.7316,0.0917,-0.6755,-0.0884,0.9698,0.2273,0.0001,-0.0001,-0.0001,0.0,0.0,0.0,-0.0273,-0.0143,-0.1001,21.0117,17.8193,12.4676,0.0,0.0433,-0.3615,0.0,0.0,0.0,4461973.8823,4369113.835,-2522696.2054,2589.9497,1442.3284,7098.0455,4461952.8706,4369096.0156,-2522708.673,2589.977,1442.3426,7098.1457,0.0,0.0765,3.9732,0.0,0.0,1.0,0.0,1.0,0.0,0.0,1.172,-23.972,0.0,1.0,0.0,0.0,0.0,-1.0,0.0711125867902441,0.00608276253029822,-0.1,1.4547953551850556,3.050809420217861,1.5,0.15
540.2265,17.281,-0.032,0.064,13.308,0.055,0.061,-0.105,-0.006,0.001,-0.105,-0.005,0.001,-0.396,-0.059,0.154,-0.007,-0.004,0.007,0.0,-0.0,-0.0,830.176,-0.0,0.0,-0.0,0.0,0.0,0.0,0.0,0.0,-0.6709,0.7067,-0.2249,0.7364,0.6707,-0.0891,0.0878,-0.2253,-0.9703,0.676,0.226,-0.7014,-0.7316,0.0917,-0.6755,-0.0884,0.9698,0.2273,0.0001,-0.0001,-0.0001,0.0,0.0,0.0,-0.0273,-0.0142,-0.1002,21.0061,17.8165,12.4472,0.0,0.0433,-0.3615,0.0,0.0,0.0,4462500.9433,4369407.3014,-2521251.3368,2588.7648,1441.168,7098.7153,4462479.9372,4369389.4849,-2521263.784,2588.792,1441.1823,7098.8154,0.0,0.0765,3.9732,0.0,0.0,1.0,0.0,1.0,0.0,0.0,1.172,-23.972,0.0,1.0,0.0,0.0,0.0,-1.0,0.07155417527999326,0.00608276253029822,-0.1,1.4516697545206372,3.047106553622983,1.5,0.15
540.4276,17.26,-0.034,0.065,13.287,0.054,0.061,-0.105,-0.006,0.001,-0.105,-0.005,0.001,-0.397,-0.06,0.156,-0.007,-0.004,0.007,0.0,-0.0,-0.0,830.176,-0.0,0.0,-0.0,0.0,0.0,0.0,0.0,0.0,-0.6708,0.7067,-0.2248,0.7364,0.6707,-0.0891,0.0879,-0.2253,-0.9703,0.676,0.226,-0.7014,-0.7316,0.0917,-0.6755,-0.0884,0.9698,0.2273,0.0001,-0.0001,-0.0001,0.0,0.0,0.0,-0.0273,-0.0142,-0.1002,21.0006,17.8136,12.4269,0.0,0.0433,-0.3615,0.0,0.0,0.0,4463027.221,4369700.2302,-2519807.8162,2587.5808,1440.0089,7099.3839,4463006.2204,4369682.4167,-2519820.243,2587.6081,1440.0231,7099.4841,0.0,0.0765,3.9732,0.0,0.0,1.0,0.0,1.0,0.0,0.0,1.172,-23.972,0.0,1.0,0.0,0.0,0.0,-1.0,0.07335529974037322,0.00608276253029822,-0.1,1.4612983003879707,3.0434036870281056,1.5,0.15
540.6306,17.238,-0.035,0.065,13.265,0.053,0.061,-0.105,-0.006,0.001,-0.105,-0.005,0.001,-0.399,-0.061,0.157,-0.007,-0.004,0.007,0.0,-0.0,-0.0,830.176,-0.0,0.0,-0.0,0.0,0.0,0.0,0.0,0.0,-0.6708,0.7067,-0.2248,0.7364,0.6707,-0.089,0.0879,-0.2253,-0.9703,0.676,0.226,-0.7014,-0.7316,0.0917,-0.6755,-0.0884,0.9698,0.2273,0.0001,-0.0001,-0.0001,0.0,0.0,0.0,-0.0273,-0.0142,-0.1002,20.9951,17.8107,12.4066,0.0,0.0433,-0.3615,0.0,0.0,0.0,4463550.797,4369991.554,-2518370.9188,2586.4023,1438.855,7100.0491,4463529.802,4369973.7433,-2518383.3253,2586.4296,1438.8693,7100.1493,0.0,0.0765,3.9732,0.0,0.0,1.0,0.0,1.0,0.0,0.0,1.172,-23.972,0.0,1.0,0.0,0.0,0.0,-1.0,0.073824115301167,0.00608276253029822,-0.1,1.4581629622840684,3.039524493452519,1.5,0.15
540.8356,17.217,-0.036,0.065,13.244,0.052,0.061,-0.105,-0.006,0.001,-0.105,-0.005,0.001,-0.4,-0.062,0.158,-0.007,-0.004,0.007,0.0,-0.0,-0.0,830.176,-0.0,0.0,-0.0,0.0,0.0,0.0,0.0,0.0,-0.6708,0.7067,-0.2248,0.7364,0.6707,-0.089,0.0879,-0.2253,-0.9703,0.676,0.226,-0.7014,-0.7316,0.0917,-0.6755,-0.0884,0.9698,0.2273,0.0001,-0.0001,-0.0001,0.0,0.0,0.0,-0.0272,-0.0142,-0.1002,20.9895,17.8078,12.386,0.0,0.0433,-0.3615,0.0,0.0,0.0,4464081.895,4370286.9602,-2516912.5691,2585.2062,1437.684,7100.7237,4464060.9055,4370269.1524,-2516924.9551,2585.2334,1437.6982,7100.8239,0.0,0.0765,3.9732,0.0,0.0,1.0,0.0,1.0,0.0,0.0,1.172,-23.972,0.0,1.0,0.0,0.0,0.0,-1.0,0.07430343195303969,0.00608276253029822,-0.1,1.4550077111332291,3.0358216268576412,1.5,0.15
541.0396,17.196,-0.037,0.065,13.223,0.05,0.061,-0.105,-0.006,0.001,-0.105,-0.005,0.001,-0.402,-0.062,0.16,-0.007,-0.004,0.007,0.0,-0.0,-0.0,830.176,-0.0,0.0,-0.0,0.0,0.0,0.0,0.0,0.0,-0.6708,0.7068,-0.2248,0.7364,0.6706,-0.089,0.0879,-0.2253,-0.9703,0.676,0.226,-0.7014,-0.7316,0.0917,-0.6755,-0.0884,0.9698,0.2273,0.0001,-0.0001,-0.0001,0.0,0.0,0.0,-0.0272,-0.0142,-0.1002,20.9839,17.8049,12.3657,0.0,0.0433,-0.3615,0.0,0.0,0.0,4464605.8441,4370578.288,-2515473.0542,2584.0255,1436.5281,7101.3892,4464584.8602,4370560.4831,-2515485.4199,2584.0527,1436.5423,7101.4894,0.0,0.0765,3.9732,0.0,0.0,1.0,0.0,1.0,0.0,0.0,1.172,-23.972,0.0,1.0,0.0,0.0,0.0,-1.0,0.07479304780526062,0.00608276253029822,-0.1,1.4340972863976482,3.032118760262764,1.5,0.15
541.2417,17.174,-0.038,0.065,13.201,0.049,0.061,-0.105,-0.006,0.001,-0.105,-0.005,0.001,-0.403,-0.063,0.161,-0.007,-0.004,0.007,0.0,-0.0,-0.0,830.176,-0.0,0.0,-0.0,0.0,0.0,0.0,0.0,0.0,-0.6708,0.7068,-0.2248,0.7364,0.6706,-0.089,0.0879,-0.2252,-0.9703,0.676,0.226,-0.7014,-0.7316,0.0917,-0.6755,-0.0884,0.9698,0.2273,0.0001,-0.0001,-0.0001,0.0,0.0,0.0,-0.0272,-0.0142,-0.1002,20.9784,17.802,12.3452,0.0,0.0433,-0.3615,0.0,0.0,0.0,4465133.8216,4370871.7533,-2514021.668,2582.835,1435.3627,7102.0597,4465112.8432,4370853.9513,-2514034.0132,2582.8622,1435.3769,7102.1599,0.0,0.0765,3.9732,0.0,0.0,1.0,0.0,1.0,0.0,0.0,1.172,-23.972,0.0,1.0,0.0,0.0,0.0,-1.0,0.07529276193632427,0.00608276253029822,-0.1,1.430934478471747,3.0282395666871773,1.5,0.15
541.4432,17.153,-0.04,0.065,13.18,0.048,0.061,-0.105,-0.006,0.001,-0.105,-0.005,0.001,-0.405,-0.064,0.163,-0.007,-0.004,0.007,0.0,-0.0,-0.0,830.176,-0.0,0.0,-0.0,0.0,0.0,0.0,0.0,0.0,-0.6707,0.7068,-0.2248,0.7365,0.6706,-0.0889,0.0879,-0.2252,-0.9703,0.676,0.226,-0.7014,-0.7316,0.0917,-0.6755,-0.0884,0.9698,0.2273,0.0001,-0.0001,-0.0001,0.0,0.0,0.0,-0.0272,-0.0142,-0.1002,20.9729,17.7992,12.325,0.0,0.0433,-0.3615,0.0,0.0,0.0,4465655.3165,4371161.5143,-2512587.3114,2581.6584,1434.211,7102.7219,4465634.3436,4371143.7151,-2512599.6364,2581.6857,1434.2253,7102.8221,0.0,0.0765,3.9732,0.0,0.0,1.0,0.0,1.0,0.0,0.0,1.172,-23.972,0.0,1.0,0.0,0.0,0.0,-1.0,0.07632168761236874,0.00608276253029822,-0.1,1.442085313030841,3.0245367000922996,1.5,0.15
541.6458,17.132,-0.041,0.066,13.159,0.047,0.062,-0.105,-0.006,0.001,-0.105,-0.005,0.001,-0.406,-0.065,0.164,-0.007,-0.004,0.007,0.0,-0.0,-0.0,830.176,-0.0,0.0,-0.0,0.0,0.0,0.0,0.0,0.0,-0.6707,0.7068,-0.2248,0.7365,0.6706,-0.0889,0.0879,-0.2252,-0.9703,0.676,0.226,-0.7014,-0.7316,0.0917,-0.6755,-0.0884,0.9698,0.2273,0.0001,-0.0001,-0.0001,0.0,0.0,0.0,-0.0272,-0.0142,-0.1002,20.9674,17.7963,12.3048,0.0,0.0433,-0.3615,0.0,0.0,0.0,4466173.9954,4371449.6109,-2511159.917,2580.4876,1433.065,7103.3805,4466153.028,4371431.8146,-2511172.2218,2580.5148,1433.0792,7103.4807,0.0,0.0765,3.9732,0.0,0.0,1.0,0.0,1.0,0.0,0.0,1.172,-23.972,0.0,1.0,0.0,0.0,0.0,-1.0,0.07769813382572326,0.00608276253029822,-0.1,1.4392638588739444,3.0208338334974223,1.5,0.15
541.852,17.111,-0.042,0.066,13.138,0.046,0.062,-0.105,-0.006,0.001,-0.105,-0.005,0.001,-0.408,-0.066,0.166,-0.007,-0.004,0.007,0.0,-0.0,-0.0,830.176,-0.0,0.0,-0.0,0.0,0.0,0.0,0.0,0.0,-0.6707,0.7069,-0.2248,0.7365,0.6706,-0.0889,0.0879,-0.2252,-0.9703,0.676,0.226,-0.7014,-0.7316,0.0917,-0.6755,-0.0884,0.9698,0.2273,0.0001,-0.0001,-0.0001,0.0,0.0,0.0,-0.0272,-0.0142,-0.1002,20.9619,17.7934,12.2843,0.0,0.0433,-0.3615,0.0,0.0,0.0,4466702.6898,4371743.1678,-2509704.158,2579.2934,1431.8962,7104.0517,4466681.7279,4371725.3744,-2509716.4423,2579.3206,1431.9104,7104.1519,0.0,0.0765,3.9732,0.0,0.0,1.0,0.0,1.0,0.0,0.0,1.172,-23.972,0.0,1.0,0.0,0.0,0.0,-1.0,0.07823042886243178,0.00608276253029822,-0.1,1.4360674438803287,3.017130966902544,1.5,0.15
542.053,17.089,-0.043,0.066,13.117,0.045,0.062,-0.105,-0.006,0.001,-0.105,-0.005,0.001,-0.41,-0.067,0.167,-0.007,-0.004,0.007,0.0,-0.0,-0.0,830.176,-0.0,0.0,-0.0,0.0,0.0,0.0,0.0,0.0,-0.6707,0.7069,-0.2248,0.7365,0.6705,-0.0888,0.0879,-0.2251,-0.9703,0.676,0.226,-0.7014,-0.7316,0.0917,-0.6755,-0.0884,0.9698,0.2273,0.0001,-0.0001,-0.0001,0.0,0.0,0.0,-0.0272,-0.0142,-0.1002,20.9564,17.7905,12.264,0.0,0.0433,-0.3615,0.0,0.0,0.0,4467224.6081,4372032.8607,-2508266.261,2578.1139,1430.7418,7104.7142,4467203.6518,4372015.0701,-2508278.525,2578.1411,1430.756,7104.8144,0.0,0.0765,3.9732,0.0,0.0,1.0,0.0,1.0,0.0,0.0,1.172,-23.972,0.0,1.0,0.0,0.0,0.0,-1.0,0.07877182237323192,0.00608276253029822,-0.1,1.4331790574907062,3.013251773326958,1.5,0.15
542.2539,17.069,-0.044,0.066,13.096,0.044,0.062,-0.105,-0.006,0.001,-0.105,-0.005,0.001,-0.411,-0.068,0.168,-0.007,-0.004,0.007,0.0,-0.0,-0.0,830.176,-0.0,0.0,-0.0,0.0,0.0,0.0,0.0,0.0,-0.6706,0.7069,-0.2248,0.7365,0.6705,-0.0888,0.0879,-0.2251,-0.9704,0.676,0.226,-0.7014,-0.7316,0.0917,-0.6755,-0.0884,0.9698,0.2273,0.0001,-0.0001,-0.0001,0.0,0.0,0.0,-0.0272,-0.0142,-0.1003,20.9509,17.7877,12.2439,0.0,0.0433,-0.3615,0.0,0.0,0.0,4467740.4635,4372319.0888,-2506844.2884,2576.9474,1429.6001,7105.3689,4467719.5126,4372301.3011,-2506856.5323,2576.9746,1429.6143,7105.4692,0.0,0.0765,3.9732,0.0,0.0,1.0,0.0,1.0,0.0,0.0,1.172,-23.972,0.0,1.0,0.0,0.0,0.0,-1.0,0.07932212806020777,0.00608276253029822,-0.1,1.4296511142858987,3.0097252337127887,1.5,0.15
542.4566,17.047,-0.045,0.066,13.074,0.043,0.062,-0.105,-0.006,0.001,-0.105,-0.005,0.001,-0.413,-0.069,0.17,-0.007,-0.004,0.007,0.0,-0.0,-0.0,830.176,-0.0,0.0,-0.0,0.0,0.0,0.0,0.0,0.0,-0.6706,0.7069,-0.2248,0.7366,0.6705,-0.0888,0.0879,-0.2251,-0.9704,0.676,0.226,-0.7014,-0.7316,0.0917,-0.6755,-0.0884,0.9698,0.2273,0.0001,-0.0001,-0.0001,0.0,0.0,0.0,-0.0272,-0.0142,-0.1003,20.9453,17.7848,12.2234,0.0,0.0433,-0.3615,0.0,0.0,0.0,4468268.5143,4372611.9813,-2505387.8945,2575.7526,1428.4309,7106.0391,4468247.569,4372594.1964,-2505400.1178,2575.7798,1428.4451,7106.1393,0.0,0.0765,3.9732,0.0,0.0,1.0,0.0,1.0,0.0,0.0,1.172,-23.972,0.0,1.0,0.0,0.0,0.0,-1.0,0.07988116173416608,0.00608276253029822,-0.1,1.426441518813166,3.0058460401372025,1.5,0.15
542.6577,17.026,-0.047,0.066,13.053,0.042,0.062,-0.105,-0.006,0.001,-0.105,-0.005,0.001,-0.414,-0.07,0.171,-0.007,-0.004,0.007,0.0,-0.0,-0.0,830.176,-0.0,0.0,-0.0,0.0,0.0,0.0,0.0,0.0,-0.6706,0.7069,-0.2248,0.7366,0.6705,-0.0888,0.088,-0.2251,-0.9704,0.676,0.226,-0.7014,-0.7316,0.0917,-0.6755,-0.0884,0.9698,0.2273,0.0001,-0.0001,-0.0001,0.0,0.0,0.0,-0.0272,-0.0142,-0.1003,20.9399,17.782,12.2034,0.0,0.0433,-0.3615,0.0,0.0,0.0,4468781.9723,4372896.68,-2503970.9678,2574.5902,1427.2934,7106.6906,4468761.0323,4372878.898,-2503983.1712,2574.6174,1427.3076,7106.7909,0.0,0.0765,3.9732,0.0,0.0,1.0,0.0,1.0,0.0,0.0,1.172,-23.972,0.0,1.0,0.0,0.0,0.0,-1.0,0.0810246875958186,0.00608276253029822,-0.1,1.4375401592672172,3.0021431735423247,1.5,0.15
542.8597,17.005,-0.048,0.067,13.032,0.041,0.062,-0.105,-0.006,0.001,-0.105,-0.005,0.001,-0.416,-0.071,0.173,-0.007,-0.004,0.007,0.0,-0.0,-0.0,830.176,-0.0,0.0,-0.0,0.0,0.0,0.0,0.0,0.0,-0.6706,0.707,-0.2248,0.7366,0.6705,-0.0887,0.088,-0.2251,-0.9704,0.676,0.226,-0.7014,-0.7316,0.0917,-0.6755,-0.0884,0.9698,0.2273,0.0001,-0.0001,-0.0001,0.0,0.0,0.0,-0.0272,-0.0142,-0.1003,20.9344,17.7791,12.1831,0.0,0.0433,-0.3615,0.0,0.0,0.0,4469302.7067,4373185.3127,-2502533.1767,2573.4106,1426.1392,7107.3513,4469281.7723,4373167.5335,-2502545.3598,2573.4378,1426.1534,7107.4516,0.0,0.0765,3.9732,0.0,0.0,1.0,0.0,1.0,0.0,0.0,1.172,-23.972,0.0,1.0,0.0,0.0,0.0,-1.0,0.08241965784932621,0.00608276253029822,-0.1,1.4327907627860577,2.9984403069474466,1.5,0.15
543.0609,16.984,-0.049,0.067,13.011,0.04,0.062,-0.105,-0.006,0.001,-0.105,-0.005,0.001,-0.417,-0.071,0.174,-0.007,-0.004,0.007,0.0,-0.0,-0.0,830.176,-0.0,0.0,-0.0,0.0,0.0,0.0,0.0,0.0,-0.6706,0.707,-0.2248,0.7366,0.6705,-0.0887,0.088,-0.225,-0.9704,0.676,0.226,-0.7014,-0.7316,0.0917,-0.6755,-0.0884,0.9698,0.2273,0.0001,-0.0001,-0.0001,0.0,0.0,0.0,-0.0272,-0.0142,-0.1003,20.9289,17.7763,12.1628,0.0,0.0433,-0.3615,0.0,0.0,0.0,4469822.3595,4373473.2448,-2501097.5828,2572.2329,1424.9868,7108.0106,4469801.4306,4373455.4685,-2501109.7456,2572.26,1425.0009,7108.1109,0.0,0.0765,3.9732,0.0,0.0,1.0,0.0,1.0,0.0,0.0,1.172,-23.972,0.0,1.0,0.0,0.0,0.0,-1.0,0.08300602387778853,0.00608276253029822,-0.1,1.4295399074151756,2.9947374403525693,1.5,0.15
543.2638,16.963,-0.05,0.067,12.99,0.039,0.062,-0.105,-0.006,0.001,-0.105,-0.005,0.001,-0.419,-0.072,0.176,-0.007,-0.004,0.007,0.0,-0.0,-0.0,830.176,-0.0,0.0,-0.0,0.0,0.0,0.0,0.0,0.0,-0.6705,0.707,-0.2247,0.7366,0.6704,-0.0887,0.088,-0.225,-0.9704,0.676,0.226,-0.7014,-0.7316,0.0917,-0.6755,-0.0884,0.9698,0.2273,0.0001,-0.0001,-0.0001,0.0,0.0,0.0,-0.0272,-0.0142,-0.1003,20.9234,17.7734,12.1424,0.0,0.0433,-0.3615,0.0,0.0,0.0,4470345.4284,4373762.9678,-2499651.7513,2571.0466,1423.8262,7108.6741,4470324.505,4373745.1943,-2499663.8937,2571.0738,1423.8403,7108.7744,0.0,0.0765,3.9732,0.0,0.0,1.0,0.0,1.0,0.0,0.0,1.172,-23.972,0.0,1.0,0.0,0.0,0.0,-1.0,0.08360023923410746,0.00608276253029822,-0.1,1.426281012344824,2.9910345737576916,1.5,0.15
543.4687,16.941,-0.051,0.067,12.968,0.037,0.063,-0.105,-0.006,0.001,-0.105,-0.005,0.001,-0.42,-0.073,0.177,-0.007,-0.004,0.007,0.0,-0.0,-0.0,830.176,-0.0,0.0,-0.0,0.0,0.0,0.0,0.0,0.0,-0.6705,0.707,-0.2247,0.7367,0.6704,-0.0886,0.088,-0.225,-0.9704,0.676,0.226,-0.7014,-0.7316,0.0917,-0.6755,-0.0884,0.9698,0.2273,0.0001,-0.0001,-0.0001,0.0,0.0,0.0,-0.0272,-0.0142,-0.1003,20.9178,17.7706,12.122,0.0,0.0433,-0.3615,0.0,0.0,0.0,4470869.5898,4374053.1931,-2498202.0951,2569.8573,1422.6625,7109.3389,4470848.672,4374035.4225,-2498214.2171,2569.8844,1422.6767,7109.4393,0.0,0.0765,3.9732,0.0,0.0,1.0,0.0,1.0,0.0,0.0,1.172,-23.972,0.0,1.0,0.0,0.0,0.0,-1.0,0.08420213774008355,0.00608276253029822,-0.1,1.4071645613756962,2.987155380182105,1.5,0.15
543.6721,16.92,-0.053,0.067,12.947,0.036,0.063,-0.105,-0.006,0.001,-0.105,-0.005,0.001,-0.422,-0.074,0.178,-0.007,-0.004,0.007,0.0,-0.0,-0.0,830.176,-0.0,0.0,-0.0,0.0,0.0,0.0,0.0,0.0,-0.6705,0.7071,-0.2247,0.7367,0.6704,-0.0886,0.088,-0.225,-0.9704,0.676,0.226,-0.7014,-0.7316,0.0917,-0.6755,-0.0884,0.9698,0.2273,0.0001,-0.0001,-0.0001,0.0,0.0,0.0,-0.0272,-0.0141,-0.1003,20.9123,17.7677,12.1015,0.0,0.0433,-0.3615,0.0,0.0,0.0,4471394.4955,4374343.7272,-2496749.5719,2568.6655,1421.4966,7110.0046,4471373.5832,4374325.9595,-2496761.6734,2568.6927,1421.5107,7110.105,0.0,0.0765,3.9732,0.0,0.0,1.0,0.0,1.0,0.0,0.0,1.172,-23.972,0.0,1.0,0.0,0.0,0.0,-1.0,0.08542833253669417,0.00608276253029822,-0.1,1.4182128608799898,2.9834525135872276,1.5,0.15
543.8762,16.899,-0.054,0.067,12.926,0.035,0.063,-0.105,-0.006,0.001,-0.105,-0.005,0.001,-0.423,-0.075,0.18,-0.007,-0.004,0.007,0.0,-0.0,-0.0,830.176,-0.0,0.0,-0.0,0.0,0.0,0.0,0.0,0.0,-0.6705,0.7071,-0.2247,0.7367,0.6704,-0.0886,0.088,-0.225,-0.9704,0.676,0.226,-0.7014,-0.7316,0.0917,-0.6755,-0.0884,0.9698,0.2273,0.0001,-0.0001,-0.0001,0.0,0.0,0.0,-0.0272,-0.0141,-0.1003,20.9068,17.7648,12.0811,0.0,0.0433,-0.3615,0.0,0.0,0.0,4471915.1004,4374631.7784,-2495308.1512,2567.4828,1420.3396,7110.6648,4471894.1936,4374614.0136,-2495320.2323,2567.51,1420.3537,7110.7651,0.0,0.0765,3.9732,0.0,0.0,1.0,0.0,1.0,0.0,0.0,1.172,-23.972,0.0,1.0,0.0,0.0,0.0,-1.0,0.08605230967266364,0.00608276253029822,-0.1,1.4149337212649913,2.97974964699235,1.5,0.15
544.0792,16.877,-0.055,0.068,12.904,0.034,0.063,-0.105,-0.006,0.001,-0.105,-0.005,0.001,-0.425,-0.076,0.181,-0.007,-0.004,0.007,0.0,-0.0,-0.0,830.176,-0.0,0.0,-0.0,0.0,0.0,0.0,0.0,0.0,-0.6704,0.7071,-0.2247,0.7367,0.6704,-0.0886,0.088,-0.2249,-0.9704,0.676,0.226,-0.7014,-0.7316,0.0917,-0.6755,-0.0884,0.9698,0.2273,0.0001,-0.0001,-0.0001,0.0,0.0,0.0,-0.0272,-0.0141,-0.1003,20.9012,17.762,12.0608,0.0,0.0433,-0.3615,0.0,0.0,0.0,4472436.2122,4374920.0083,-2493864.5243,2566.2983,1419.1809,7111.3255,4472415.311,4374902.2464,-2493876.5851,2566.3255,1419.195,7111.4259,0.0,0.0765,3.9732,0.0,0.0,1.0,0.0,1.0,0.0,0.0,1.172,-23.972,0.0,1.0,0.0,0.0,0.0,-1.0,0.08745856161634492,0.00608276253029822,-0.1,1.4100652718289877,2.9758704534167633,1.5,0.15
544.2828,16.856,-0.056,0.068,12.883,0.033,0.063,-0.105,-0.006,0.001,-0.105,-0.005,0.001,-0.426,-0.077,0.183,-0.007,-0.004,0.007,0.0,-0.0,-0.0,830.176,-0.0,0.0,-0.0,0.0,0.0,0.0,0.0,0.0,-0.6704,0.7071,-0.2247,0.7367,0.6704,-0.0885,0.088,-0.2249,-0.9704,0.676,0.226,-0.7014,-0.7316,0.0917,-0.6755,-0.0884,0.9698,0.2273,0.0001,-0.0001,-0.0001,0.0,0.0,0.0,-0.0272,-0.0141,-0.1003,20.8958,17.7591,12.0405,0.0,0.0433,-0.3615,0.0,0.0,0.0,4472954.0899,4375206.3479,-2492429.0652,2565.1204,1418.0287,7111.9821,4472933.1941,4375188.5888,-2492441.1057,2565.1476,1418.0429,7112.0824,0.0,0.0765,3.9732,0.0,0.0,1.0,0.0,1.0,0.0,0.0,1.172,-23.972,0.0,1.0,0.0,0.0,0.0,-1.0,0.08809086218218097,0.00608276253029822,-0.1,1.4067630963935882,2.972167586821886,1.5,0.15
544.4841,16.835,-0.057,0.068,12.862,0.032,0.063,-0.105,-0.006,0.001,-0.105,-0.005,0.001,-0.428,-0.078,0.184,-0.007,-0.004,0.007,0.0,-0.0,-0.0,830.176,-0.0,0.0,-0.0,0.0,0.0,0.0,0.0,0.0,-0.6704,0.7072,-0.2247,0.7368,0.6703,-0.0885,0.088,-0.2249,-0.9704,0.676,0.226,-0.7014,-0.7316,0.0917,-0.6755,-0.0884,0.9698,0.2273,0.0001,-0.0001,-0.0001,0.0,0.0,0.0,-0.0271,-0.0141,-0.1004,20.8903,17.7563,12.0202,0.0,0.0433,-0.3615,0.0,0.0,0.0,4473474.181,4375493.8096,-2490986.6725,2563.9369,1416.8711,7112.6414,4473453.2907,4375476.0533,-2490998.6926,2563.964,1416.8852,7112.7417,0.0,0.0765,3.9732,0.0,0.0,1.0,0.0,1.0,0.0,0.0,1.172,-23.972,0.0,1.0,0.0,0.0,0.0,-1.0,0.0887299273075325,0.00608276253029822,-0.1,1.4034527168541828,2.968464720227008,1.5,0.15
544.6895,16.813,-0.058,0.068,12.84,0.031,0.063,-0.105,-0.006,0.001,-0.105,-0.005,0.001,-0.429,-0.079,0.186,-0.007,-0.004,0.007,0.0,-0.0,-0.0,830.176,-0.0,0.0,-0.0,0.0,0.0,0.0,0.0,0.0,-0.6704,0.7072,-0.2247,0.7368,0.6703,-0.0885,0.0881,-0.2249,-0.9704,0.676,0.226,-0.7014,-0.7316,0.0917,-0.6755,-0.0884,0.9698,0.2273,0.0001,-0.0001,-0.0001,0.0,0.0,0.0,-0.0271,-0.0141,-0.1004,20.8847,17.7534,11.9995,0.0,0.0433,-0.3615,0.0,0.0,0.0,4474002.3203,4375785.615,-2489521.1416,2562.7343,1415.6948,7113.3108,4473981.4356,4375767.8617,-2489533.1411,2562.7614,1415.709,7113.4111,0.0,0.0765,3.9732,0.0,0.0,1.0,0.0,1.0,0.0,0.0,1.172,-23.972,0.0,1.0,0.0,0.0,0.0,-1.0,0.08937561188601732,0.00608276253029822,-0.1,1.4001421875519782,2.9645855266514216,1.5,0.15
544.8921,16.792,-0.06,0.068,12.819,0.03,0.063,-0.105,-0.006,0.001,-0.105,-0.005,0.001,-0.431,-0.08,0.187,-0.007,-0.004,0.007,0.0,-0.0,-0.0,830.176,-0.0,0.0,-0.0,0.0,0.0,0.0,0.0,0.0,-0.6704,0.7072,-0.2247,0.7368,0.6703,-0.0884,0.0881,-0.2248,-0.9704,0.676,0.226,-0.7014,-0.7316,0.0917,-0.6755,-0.0884,0.9698,0.2273,0.0001,-0.0001,-0.0001,0.0,0.0,0.0,-0.0271,-0.0141,-0.1004,20.8792,17.7505,11.9793,0.0,0.0433,-0.3615,0.0,0.0,0.0,4474517.6763,4376070.2555,-2488090.2891,2561.5601,1414.5465,7113.9639,4474496.7971,4376052.505,-2488102.2683,2561.5873,1414.5606,7114.0643,0.0,0.0765,3.9732,0.0,0.0,1.0,0.0,1.0,0.0,0.0,1.172,-23.972,0.0,1.0,0.0,0.0,0.0,-1.0,0.09068627239003707,0.00608276253029822,-0.1,1.411147144277313,2.9608826600565443,1.5,0.15
545.0934,16.771,-0.061,0.068,12.798,0.029,0.063,-0.105,-0.006,0.001,-0.105,-0.005,0.001,-0.432,-0.08,0.188,-0.007,-0.004,0.007,0.0,-0.0,-0.0,830.176,-0.0,0.0,-0.0,0.0,0.0,0.0,0.0,0.0,-0.6703,0.7072,-0.2247,0.7368,0.6703,-0.0884,0.0881,-0.2248,-0.9704,0.676,0.226,-0.7014,-0.7316,0.0917,-0.6755,-0.0884,0.9698,0.2273,0.0001,-0.0001,-0.0001,0.0,0.0,0.0,-0.0271,-0.0141,-0.1004,20.8737,17.7477,11.9591,0.0,0.0433,-0.3615,0.0,0.0,0.0,4475033.9337,4376355.2933,-2486656.1411,2560.3833,1413.3955,7114.6181,4475013.0599,4376337.5456,-2486668.1001,2560.4104,1413.4096,7114.7185,0.0,0.0765,3.9732,0.0,0.0,1.0,0.0,1.0,0.0,0.0,1.172,-23.972,0.0,1.0,0.0,0.0,0.0,-1.0,0.09135097153287425,0.00608276253029822,-0.1,1.407811084052013,2.957179793461666,1.5,0.15
545.2998,16.75,-0.062,0.069,12.777,0.028,0.064,-0.105,-0.006,0.001,-0.105,-0.005,0.001,-0.434,-0.081,0.19,-0.007,-0.004,0.007,0.0,-0.0,-0.0,830.176,-0.0,0.0,-0.0,0.0,0.0,0.0,0.0,0.0,-0.6703,0.7072,-0.2247,0.7368,0.6703,-0.0884,0.0881,-0.2248,-0.9704,0.676,0.226,-0.7014,-0.7316,0.0917,-0.6755,-0.0884,0.9698,0.2273,0.0001,-0.0001,-0.0001,0.0,0.0,0.0,-0.0271,-0.0141,-0.1004,20.8682,17.7448,11.9383,0.0,0.0433,-0.3615,0.0,0.0,0.0,4475561.8431,4376646.6598,-2485188.8059,2559.1791,1412.218,7115.287,4475540.9749,4376628.915,-2485200.7442,2559.2062,1412.2321,7115.3873,0.0,0.0765,3.9732,0.0,0.0,1.0,0.0,1.0,0.0,0.0,1.172,-23.972,0.0,1.0,0.0,0.0,0.0,-1.0,0.09276313923105449,0.00608276253029822,-0.1,1.404847728759729,2.9534769268667884,1.5,0.15
545.5014,16.728,-0.063,0.069,12.755,0.027,0.064,-0.105,-0.006,0.001,-0.105,-0.005,0.001,-0.435,-0.082,0.191,-0.007,-0.004,0.007,0.0,-0.0,-0.0,830.176,-0.0,0.0,-0.0,0.0,0.0,0.0,0.0,0.0,-0.6703,0.7073,-0.2247,0.7369,0.6703,-0.0884,0.0881,-0.2248,-0.9704,0.676,0.226,-0.7014,-0.7316,0.0917,-0.6755,-0.0884,0.9698,0.2273,0.0001,-0.0001,-0.0001,0.0,0.0,0.0,-0.0271,-0.0141,-0.1004,20.8627,17.742,11.9181,0.0,0.0433,-0.3615,0.0,0.0,0.0,4476078.7543,4376931.8534,-2483751.2393,2557.9994,1411.0643,7115.9418,4476057.8915,4376914.1114,-2483763.1574,2558.0265,1411.0784,7116.0422,0.0,0.0765,3.9732,0.0,0.0,1.0,0.0,1.0,0.0,0.0,1.172,-23.972,0.0,1.0,0.0,0.0,0.0,-1.0,0.09343446901438462,0.00608276253029822,-0.1,1.4015044885660293,2.9495977332912022,1.5,0.15
545.7061,16.707,-0.064,0.069,12.734,0.026,0.064,-0.105,-0.006,0.001,-0.105,-0.005,0.001,-0.437,-0.083,0.193,-0.007,-0.004,0.007,0.0,-0.0,-0.0,830.176,-0.0,0.0,-0.0,0.0,0.0,0.0,0.0,0.0,-0.6703,0.7073,-0.2247,0.7369,0.6702,-0.0883,0.0881,-0.2248,-0.9704,0.676,0.226,-0.7014,-0.7316,0.0917,-0.6755,-0.0884,0.9698,0.2273,0.0001,-0.0001,-0.0001,0.0,0.0,0.0,-0.0271,-0.0141,-0.1004,20.8571,17.7391,11.8974,0.0,0.0433,-0.3615,0.0,0.0,0.0,4476604.6656,4377221.9086,-2482287.823,2556.7984,1409.89,7116.608,4476583.8085,4377204.1695,-2482299.7204,2556.8255,1409.904,7116.7084,0.0,0.0765,3.9732,0.0,0.0,1.0,0.0,1.0,0.0,0.0,1.172,-23.972,0.0,1.0,0.0,0.0,0.0,-1.0,0.09411163583744574,0.00608276253029822,-0.1,1.3981453199433742,2.9458948666963245,1.5,0.15
545.911,16.685,-0.065,0.069,12.712,0.025,0.064,-0.105,-0.006,0.001,-0.105,-0.005,0.001,-0.438,-0.084,0.194,-0.007,-0.004,0.007,0.0,-0.0,-0.0,830.176,-0.0,0.0,-0.0,0.0,0.0,0.0,0.0,0.0,-0.6702,0.7073,-0.2247,0.7369,0.6702,-0.0883,0.0881,-0.2247,-0.9704,0.676,0.226,-0.7014,-0.7316,0.0917,-0.6755,-0.0884,0.9698,0.2273,0.0001,-0.0001,-0.0001,0.0,0.0,0.0,-0.0271,-0.0141,-0.1004,20.8516,17.7362,11.8769,0.0,0.0433,-0.3615,0.0,0.0,0.0,4477126.3774,4377509.5432,-2480835.2802,2555.6063,1408.7244,7117.2688,4477105.5258,4377491.807,-2480847.1571,2555.6334,1408.7384,7117.3692,0.0,0.0765,3.9732,0.0,0.0,1.0,0.0,1.0,0.0,0.0,1.172,-23.972,0.0,1.0,0.0,0.0,0.0,-1.0,0.09479451460923254,0.00608276253029822,-0.1,1.3947847386145273,2.942015673120738,1.5,0.15
546.1174,16.664,-0.066,0.069,12.691,0.024,0.064,-0.105,-0.006,0.001,-0.105,-0.005,0.001,-0.44,-0.085,0.196,-0.007,-0.004,0.007,0.0,-0.0,-0.0,830.176,-0.0,0.0,-0.0,0.0,0.0,0.0,0.0,0.0,-0.6702,0.7073,-0.2246,0.7369,0.6702,-0.0883,0.0881,-0.2247,-0.9704,0.676,0.226,-0.7014,-0.7316,0.0917,-0.6755,-0.0884,0.9698,0.2273,0.0001,-0.0001,-0.0001,0.0,0.0,0.0,-0.0271,-0.0141,-0.1004,20.846,17.7333,11.8562,0.0,0.0433,-0.3615,0.0,0.0,0.0,4477652.2755,4377799.3808,-2479370.2597,2554.4039,1407.5488,7117.9348,4477631.4295,4377781.6475,-2479382.1159,2554.431,1407.5628,7118.0352,0.0,0.0765,3.9732,0.0,0.0,1.0,0.0,1.0,0.0,0.0,1.172,-23.972,0.0,1.0,0.0,0.0,0.0,-1.0,0.09548298277703729,0.00608276253029822,-0.1,1.3914085506329095,2.9383128065258606,1.5,0.15
546.3214,16.642,-0.068,0.069,12.669,0.023,0.064,-0.105,-0.006,0.001,-0.105,-0.005,0.001,-0.441,-0.086,0.197,-0.007,-0.004,0.007,0.0,-0.0,-0.0,830.176,-0.0,0.0,-0.0,0.0,0.0,0.0,0.0,0.0,-0.6702,0.7074,-0.2246,0.7369,0.6702,-0.0882,0.0881,-0.2247,-0.9704,0.676,0.226,-0.7014,-0.7316,0.0917,-0.6755,-0.0884,0.9698,0.2273,0.0001,-0.0001,-0.0001,0.0,0.0,0.0,-0.0271,-0.0141,-0.1004,20.8405,17.7305,11.8357,0.0,0.0433,-0.3615,0.0,0.0,0.0,4478174.6534,4378087.174,-2477914.2232,2553.2089,1406.3804,7118.5963,4478153.813,4378069.4436,-2477926.0589,2553.236,1406.3945,7118.6967,0.0,0.0765,3.9732,0.0,0.0,1.0,0.0,1.0,0.0,0.0,1.172,-23.972,0.0,1.0,0.0,0.0,0.0,-1.0,0.09687620966986683,0.00608276253029822,-0.1,1.4023549555692647,2.934433612950274,1.5,0.15
546.5286,16.621,-0.069,0.07,12.648,0.022,0.064,-0.105,-0.006,0.001,-0.105,-0.005,0.001,-0.443,-0.087,0.199,-0.007,-0.004,0.007,0.0,-0.0,-0.0,830.176,-0.0,0.0,-0.0,0.0,0.0,0.0,0.0,0.0,-0.6702,0.7074,-0.2246,0.7369,0.6702,-0.0882,0.0881,-0.2247,-0.9704,0.676,0.226,-0.7014,-0.7316,0.0917,-0.6755,-0.0884,0.9698,0.2273,0.0001,-0.0001,-0.0001,0.0,0.0,0.0,-0.0271,-0.0141,-0.1005,20.8349,17.7276,11.8148,0.0,0.0433,-0.3615,0.0,0.0,0.0,4478704.131,4378378.7719,-2476437.5671,2551.9969,1405.1956,7119.2667,4478683.2962,4378361.0443,-2476449.382,2552.024,1405.2096,7119.3671,0.0,0.0765,3.9732,0.0,0.0,1.0,0.0,1.0,0.0,0.0,1.172,-23.972,0.0,1.0,0.0,0.0,0.0,-1.0,0.09829038610159185,0.00608276253029822,-0.1,1.39743236032921,2.930730746355396,1.5,0.15
546.7303,16.599,-0.07,0.07,12.627,0.02,0.064,-0.105,-0.006,0.001,-0.105,-0.005,0.001,-0.444,-0.088,0.2,-0.007,-0.004,0.007,0.0,-0.0,-0.0,830.176,-0.0,0.0,-0.0,0.0,0.0,0.0,0.0,0.0,-0.6702,0.7074,-0.2246,0.737,0.6702,-0.0882,0.0881,-0.2246,-0.9704,0.676,0.226,-0.7014,-0.7316,0.0917,-0.6755,-0.0884,0.9698,0.2273,0.0001,-0.0001,-0.0001,0.0,0.0,0.0,-0.0271,-0.0141,-0.1005,20.8293,17.7247,11.7945,0.0,0.0433,-0.3615,0.0,0.0,0.0,4479220.7798,4378663.2011,-2474995.8772,2550.8136,1404.0388,7119.9207,4479199.9504,4378645.4764,-2475007.6717,2550.8407,1404.0529,7120.0212,0.0,0.0765,3.9732,0.0,0.0,1.0,0.0,1.0,0.0,0.0,1.172,-23.972,0.0,1.0,0.0,0.0,0.0,-1.0,0.09899494936611666,0.00608276253029822,-0.1,1.37646634326524,2.92685155277981,1.5,0.15
546.9357,16.578,-0.071,0.07,12.605,0.019,0.064,-0.105,-0.006,0.001,-0.105,-0.005,0.001,-0.446,-0.089,0.201,-0.007,-0.004,0.007,0.0,-0.0,-0.0,830.176,-0.0,0.0,-0.0,0.0,0.0,0.0,0.0,0.0,-0.6701,0.7074,-0.2246,0.737,0.6701,-0.0882,0.0882,-0.2246,-0.9704,0.676,0.226,-0.7014,-0.7316,0.0917,-0.6755,-0.0884,0.9698,0.2273,0.0001,-0.0001,-0.0001,0.0,0.0,0.0,-0.0271,-0.014,-0.1005,20.8238,17.7219,11.774,0.0,0.0433,-0.3615,0.0,0.0,0.0,4479742.0112,4378950.0495,-2473540.587,2549.6191,1402.8711,7120.5805,4479721.1874,4378932.3276,-2473552.361,2549.6462,1402.8852,7120.681,0.0,0.0765,3.9732,0.0,0.0,1.0,0.0,1.0,0.0,0.0,1.172,-23.972,0.0,1.0,0.0,0.0,0.0,-1.0,0.09970456358662827,0.00608276253029822,-0.1,1.3727275547328897,2.9231486861849323,1.5,0.15
547.1413,16.556,-0.072,0.07,12.584,0.018,0.064,-0.105,-0.006,0.001,-0.105,-0.005,0.001,-0.448,-0.09,0.203,-0.007,-0.004,0.007,0.0,-0.0,-0.0,830.176,-0.0,0.0,-0.0,0.0,0.0,0.0,0.0,0.0,-0.6701,0.7075,-0.2246,0.737,0.6701,-0.0881,0.0882,-0.2246,-0.9705,0.676,0.226,-0.7014,-0.7316,0.0917,-0.6755,-0.0884,0.9698,0.2273,0.0001,-0.0001,-0.0001,0.0,0.0,0.0,-0.0271,-0.014,-0.1005,20.8183,17.719,11.7534,0.0,0.0433,-0.3615,0.0,0.0,0.0,4480264.7839,4379237.6412,-2472080.1731,2548.4204,1401.6994,7121.2422,4480243.9657,4379219.9222,-2472091.9265,2548.4474,1401.7135,7121.3427,0.0,0.0765,3.9732,0.0,0.0,1.0,0.0,1.0,0.0,0.0,1.172,-23.972,0.0,1.0,0.0,0.0,0.0,-1.0,0.10041912168506553,0.00608276253029822,-0.1,1.369619496941034,2.919269492609346,1.5,0.15
547.3475,16.535,-0.073,0.07,12.562,0.017,0.065,-0.105,-0.006,0.001,-0.105,-0.005,0.001,-0.449,-0.09,0.204,-0.007,-0.004,0.007,0.0,-0.0,-0.0,830.176,-0.0,0.0,-0.0,0.0,0.0,0.0,0.0,0.0,-0.6701,0.7075,-0.2246,0.737,0.6701,-0.0881,0.0882,-0.2246,-0.9705,0.676,0.226,-0.7014,-0.7316,0.0917,-0.6755,-0.0884,0.9698,0.2273,0.0001,-0.0001,-0.0001,0.0,0.0,0.0,-0.0271,-0.014,-0.1005,20.8127,17.7161,11.7325,0.0,0.0433,-0.3615,0.0,0.0,0.0,4480793.0493,4379528.1478,-2470603.5792,2547.2083,1400.5147,7121.9107,4480772.2366,4379510.4317,-2470615.3117,2547.2354,1400.5288,7122.0112,0.0,0.0765,3.9732,0.0,0.0,1.0,0.0,1.0,0.0,0.0,1.172,-23.972,0.0,1.0,0.0,0.0,0.0,-1.0,0.10113851887386922,0.00608276253029822,-0.1,1.3678532610643213,2.9155666260144684,1.5,0.15
547.5485,16.514,-0.074,0.07,12.541,0.016,0.065,-0.105,-0.006,0.001,-0.105,-0.005,0.001,-0.451,-0.091,0.206,-0.007,-0.004,0.007,0.0,-0.0,-0.0,830.176,-0.0,0.0,-0.0,0.0,0.0,0.0,0.0,0.0,-0.6701,0.7075,-0.2246,0.737,0.6701,-0.0881,0.0882,-0.2246,-0.9705,0.676,0.226,-0.7014,-0.7316,0.0917,-0.6755,-0.0884,0.9698,0.2273,0.0001,-0.0001,-0.0001,0.0,0.0,0.0,-0.0271,-0.014,-0.1005,20.8072,17.7133,11.7123,0.0,0.0433,-0.3615,0.0,0.0,0.0,4481305.7444,4379809.9889,-2469169.7039,2546.0313,1399.3644,7122.5595,4481284.9372,4379792.2756,-2469181.4162,2546.0584,1399.3784,7122.66,0.0,0.0765,3.9732,0.0,0.0,1.0,0.0,1.0,0.0,0.0,1.172,-23.972,0.0,1.0,0.0,0.0,0.0,-1.0,0.10186265262597474,0.00608276253029822,-0.1,1.364414582674677,2.9118637594195906,1.5,0.15
547.7531,16.492,-0.076,0.071,12.52,0.015,0.065,-0.105,-0.006,0.001,-0.105,-0.005,0.001,-0.452,-0.092,0.207,-0.007,-0.004,0.007,0.0,-0.0,-0.0,830.176,-0.0,0.0,-0.0,0.0,0.0,0.0,0.0,0.0,-0.67,0.7075,-0.2246,0.7371,0.6701,-0.088,0.0882,-0.2245,-0.9705,0.676,0.226,-0.7014,-0.7316,0.0917,-0.6755,-0.0884,0.9698,0.2273,0.0001,-0.0001,-0.0001,0.0,0.0,0.0,-0.0271,-0.014,-0.1005,20.8017,17.7105,11.692,0.0,0.0433,-0.3615,0.0,0.0,0.0,4481819.1197,4380092.1025,-2467733.1288,2544.8521,1398.2118,7123.209,4481798.318,4380074.3921,-2467744.8208,2544.8791,1398.2259,7123.3095,0.0,0.0765,3.9732,0.0,0.0,1.0,0.0,1.0,0.0,0.0,1.172,-23.972,0.0,1.0,0.0,0.0,0.0,-1.0,0.10400480758118828,0.00608276253029822,-0.1,1.3739956191046319,2.9079845658440044,1.5,0.15
547.9573,16.471,-0.077,0.071,12.498,0.014,0.065,-0.105,-0.006,0.001,-0.105,-0.005,0.001,-0.454,-0.093,0.209,-0.007,-0.004,0.007,0.0,-0.0,-0.0,830.176,-0.0,0.0,-0.0,0.0,0.0,0.0,0.0,0.0,-0.67,0.7076,-0.2246,0.7371,0.67,-0.088,0.0882,-0.2245,-0.9705,0.676,0.226,-0.7014,-0.7316,0.0917,-0.6755,-0.0884,0.9698,0.2273,0.0001,-0.0001,-0.0001,0.0,0.0,0.0,-0.0271,-0.014,-0.1005,20.7962,17.7076,11.6713,0.0,0.0433,-0.3615,0.0,0.0,0.0,4482343.1308,4380379.9559,-2466265.968,2543.6477,1397.0348,7123.8719,4482322.3346,4380362.2483,-2466277.6393,2543.6747,1397.0488,7123.9724,0.0,0.0765,3.9732,0.0,0.0,1.0,0.0,1.0,0.0,0.0,1.172,-23.972,0.0,1.0,0.0,0.0,0.0,-1.0,0.1047377677822093,0.00608276253029822,-0.1,1.3702100853070054,2.9042816992491267,1.5,0.15
548.1596,16.45,-0.078,0.071,12.477,0.013,0.065,-0.105,-0.006,0.001,-0.105,-0.005,0.001,-0.455,-0.094,0.21,-0.007,-0.004,0.007,0.0,-0.0,-0.0,830.176,-0.0,0.0,-0.0,0.0,0.0,0.0,0.0,0.0,-0.67,0.7076,-0.2246,0.7371,0.67,-0.088,0.0882,-0.2245,-0.9705,0.676,0.226,-0.7014,-0.7316,0.0917,-0.6755,-0.0884,0.9698,0.2273,0.0001,-0.0001,-0.0001,0.0,0.0,0.0,-0.027,-0.014,-0.1005,20.7907,17.7047,11.6509,0.0,0.0433,-0.3615,0.0,0.0,0.0,4482859.8557,4380663.7024,-2464818.3975,2542.4593,1395.8735,7124.5255,4482839.065,4380645.9977,-2464830.0484,2542.4864,1395.8876,7124.626,0.0,0.0765,3.9732,0.0,0.0,1.0,0.0,1.0,0.0,0.0,1.172,-23.972,0.0,1.0,0.0,0.0,0.0,-1.0,0.10547511554864493,0.00608276253029822,-0.1,1.3667368964948552,2.9005788326542485,1.5,0.15
548.3666,16.428,-0.079,0.071,12.455,0.012,0.065,-0.105,-0.006,0.001,-0.105,-0.005,0.001,-0.457,-0.095,0.212,-0.007,-0.004,0.007,0.0,-0.0,-0.0,830.176,-0.0,-0.405,-0.0,0.0,0.0,0.0,0.0,0.0,-0.67,0.7076,-0.2246,0.7371,0.67,-0.088,0.0882,-0.2245,-0.9705,0.676,0.226,-0.7014,-0.7316,0.0917,-0.6755,-0.0884,0.9698,0.2273,0.0001,-0.0001,-0.0001,0.0,0.0,0.0,-0.027,-0.014,-0.1005,20.7851,17.7019,11.6302,0.0,0.0433,-0.3615,0.0,0.0,0.0,4483382.7286,4380950.7201,-2463352.7744,2541.2562,1394.6978,7125.1868,4483361.9435,4380933.0182,-2463364.4046,2541.2832,1394.7118,7125.2874,0.0,0.0765,3.9732,0.0,0.0,1.0,0.0,1.0,0.0,0.0,1.172,-23.972,0.0,1.0,0.0,0.0,0.0,-1.0,0.10621675950620975,0.00608276253029822,-0.1,1.363259173597328,2.896699639078663,1.5,0.15
548.5693,16.407,-0.08,0.071,12.434,0.011,0.065,-0.105,-0.008,0.001,-0.105,-0.008,0.001,-0.458,-0.096,0.213,-0.007,-0.004,0.007,0.0,-0.0,-0.0,830.167,-0.0,-1.0,-0.0,0.0,0.0,0.0,0.0,0.0,-0.67,0.7076,-0.2246,0.7371,0.67,-0.0879,0.0882,-0.2244,-0.9705,0.676,0.226,-0.7014,-0.7316,0.0917,-0.6755,-0.0884,0.9698,0.2273,0.0001,-0.0001,-0.0001,0.0,0.0,0.0,-0.0289,-0.0158,-0.1,20.7795,17.699,11.6097,0.0,0.0433,-0.3615,0.0,0.0,0.0,4483900.0694,4381234.5965,-2461901.8424,2540.0631,1393.5321,7125.8417,4483879.2899,4381216.8975,-2461913.4522,2540.092,1393.5479,7125.9416,0.0,0.0765,3.9732,0.0,0.0,1.0,0.0,1.0,0.0,0.0,1.172,-23.972,0.0,1.0,0.0,0.0,0.0,-1.0,0.10696261028976434,0.00806225774829855,-0.1,1.3597681174301806,2.892996772483785,1.5,0.15
548.7712,16.385,-0.083,0.071,12.412,0.009,0.065,-0.105,-0.016,0.001,-0.105,-0.016,0.0,-0.46,-0.097,0.215,-0.007,-0.004,0.007,0.0,-0.0,-0.0,830.136,-0.0,-1.0,-0.0,0.0,0.0,0.0,0.0,0.0,-0.6699,0.7076,-0.2246,0.7372,0.67,-0.0879,0.0882,-0.2244,-0.9705,0.676,0.226,-0.7014,-0.7316,0.0917,-0.6755,-0.0884,0.9698,0.2273,0.0001,-0.0001,-0.0001,0.0,0.0,0.0,-0.0345,-0.0211,-0.0982,20.7731,17.6953,11.5896,0.0,0.0433,-0.3615,0.0,0.0,0.0,4484415.5269,4381517.3354,-2460455.3831,2538.87,1392.3665,7126.4952,4484394.7538,4381499.6401,-2460466.9727,2538.9045,1392.3876,7126.5934,0.0,0.0765,3.9732,0.0,0.0,1.0,0.0,1.0,0.0,0.0,1.172,-23.972,0.0,1.0,0.0,0.0,0.0,-1.0,0.10922453936730518,0.016031219541881397,-0.1,1.3670143412296574,2.889117578908199,1.5,0.15
548.9717,16.364,-0.086,0.072,12.392,0.005,0.065,-0.105,-0.02,0.001,-0.105,-0.02,0.0,-0.461,-0.098,0.216,-0.007,-0.004,0.008,0.0,-0.0,-0.0,830.12,-0.0,0.0,-0.0,0.0,0.0,0.0,0.0,0.0,-0.6699,0.7077,-0.2246,0.7372,0.67,-0.0879,0.0883,-0.2244,-0.9705,0.676,0.226,-0.7014,-0.7316,0.0917,-0.6755,-0.0884,0.9698,0.2273,0.0001,-0.0001,-0.0001,0.0,0.0,0.0,-0.0375,-0.0239,-0.0973,20.7658,17.6907,11.5702,0.0,0.0433,-0.3615,0.0,0.0,0.0,4484920.8943,4381794.4393,-2459036.4446,2537.7021,1391.2256,7127.1351,4484900.1285,4381776.7487,-2459048.0148,2537.7396,1391.2494,7127.2324,0.0,0.0765,3.9732,0.0,0.0,1.0,0.0,1.0,0.0,0.0,1.172,-23.972,0.0,1.0,0.0,0.0,0.0,-1.0,0.11216059914247961,0.020024984394500785,-0.1,1.3372049666036725,2.885414712313321,1.5,0.15
549.1733,16.343,-0.091,0.072,12.37,0.001,0.065,-0.105,-0.02,0.001,-0.105,-0.02,0.0,-0.463,-0.099,0.218,-0.007,-0.004,0.008,0.0,-0.0,-0.0,830.12,-0.0,0.0,-0.0,0.0,0.0,0.0,0.0,0.0,-0.6699,0.7077,-0.2245,0.7372,0.6699,-0.0878,0.0883,-0.2244,-0.9705,0.676,0.226,-0.7014,-0.7316,0.0917,-0.6755,-0.0884,0.9698,0.2273,0.0001,-0.0001,-0.0001,0.0,0.0,0.0,-0.0374,-0.0239,-0.0973,20.7583,17.6859,11.5507,0.0,0.0433,-0.3615,0.0,0.0,0.0,4485430.0167,4382073.5013,-2457606.1779,2536.5279,1390.0783,7127.7787,4485409.2584,4382055.8154,-2457617.7286,2536.5653,1390.1022,7127.876,0.0,0.0765,3.9732,0.0,0.0,1.0,0.0,1.0,0.0,0.0,1.172,-23.972,0.0,1.0,0.0,0.0,0.0,-1.0,0.11603878661895771,0.020024984394500785,-0.1,1.3368828308776572,2.881711845718443,1.5,0.15
549.3782,16.322,-0.095,0.072,12.349,-0.003,0.066,-0.105,-0.02,0.001,-0.105,-0.02,0.0,-0.464,-0.099,0.219,-0.007,-0.004,0.008,0.0,-0.0,-0.0,830.12,-0.0,0.0,-0.0,0.0,0.0,0.0,0.0,0.0,-0.6699,0.7077,-0.2245,0.7372,0.6699,-0.0878,0.0883,-0.2244,-0.9705,0.676,0.226,-0.7014,-0.7316,0.0917,-0.6755,-0.0884,0.9698,0.2273,0.0001,-0.0001,-0.0001,0.0,0.0,0.0,-0.0374,-0.0238,-0.0973,20.7506,17.681,11.5306,0.0,0.0433,-0.3615,0.0,0.0,0.0,4485954.8318,4382361.0591,-2456130.9962,2535.3167,1388.8951,7128.4421,4485934.0812,4382343.3781,-2456142.5267,2535.3541,1388.9189,7128.5394,0.0,0.0765,3.9732,0.0,0.0,1.0,0.0,1.0,0.0,0.0,1.172,-23.972,0.0,1.0,0.0,0.0,0.0,-1.0,0.11920151005754918,0.020024984394500785,-0.1,1.3244626773134585,2.8780089791235652,1.5,0.15
549.5856,16.3,-0.099,0.072,12.327,-0.007,0.066,-0.105,-0.02,0.001,-0.105,-0.02,0.0,-0.466,-0.1,0.221,-0.007,-0.004,0.008,0.0,-0.0,-0.0,830.12,-0.0,0.0,-0.0,0.0,0.0,0.0,0.0,0.0,-0.6698,0.7077,-0.2245,0.7372,0.6699,-0.0878,0.0883,-0.2243,-0.9705,0.676,0.226,-0.7014,-0.7316,0.0917,-0.6755,-0.0884,0.9698,0.2273,0.0001,-0.0001,-0.0001,0.0,0.0,0.0,-0.0374,-0.0238,-0.0973,20.7429,17.6761,11.5107,0.0,0.0433,-0.3615,0.0,0.0,0.0,4486472.9931,4382644.8656,-2454673.6902,2534.1201,1387.7262,7129.097,4486452.2502,4382627.1895,-2454685.2008,2534.1576,1387.7501,7129.1943,0.0,0.0765,3.9732,0.0,0.0,1.0,0.0,1.0,0.0,0.0,1.172,-23.972,0.0,1.0,0.0,0.0,0.0,-1.0,0.122413234578619,0.020024984394500785,-0.1,1.3100769855233347,2.874129785547979,1.5,0.15
549.7862,16.279,-0.103,0.072,12.306,-0.011,0.066,-0.105,-0.02,0.001,-0.105,-0.02,0.0,-0.467,-0.101,0.222,-0.007,-0.004,0.008,0.0,-0.0,-0.0,830.12,-0.0,0.0,-0.0,0.0,0.0,0.0,0.0,0.0,-0.6698,0.7078,-0.2245,0.7373,0.6699,-0.0878,0.0883,-0.2243,-0.9705,0.676,0.226,-0.7014,-0.7316,0.0917,-0.6755,-0.0884,0.9698,0.2273,0.0001,-0.0001,-0.0001,0.0,0.0,0.0,-0.0374,-0.0238,-0.0973,20.7354,17.6713,11.4911,0.0,0.0433,-0.3615,0.0,0.0,0.0,4486982.0133,4382923.5629,-2453241.2948,2532.944,1386.5774,7129.7402,4486961.2779,4382905.8915,-2453252.7859,2532.9815,1386.6012,7129.8375,0.0,0.0765,3.9732,0.0,0.0,1.0,0.0,1.0,0.0,0.0,1.172,-23.972,0.0,1.0,0.0,0.0,0.0,-1.0,0.12567020331009254,0.020024984394500785,-0.1,1.2956550355090044,2.8704269189531013,1.5,0.15
549.9897,16.257,-0.107,0.072,12.285,-0.015,0.066,-0.105,-0.02,0.001,-0.105,-0.02,0.0,-0.469,-0.102,0.224,-0.007,-0.004,0.008,0.0,-0.0,-0.0,830.12,-0.0,0.0,-0.0,0.0,0.0,0.0,0.0,0.0,-0.6698,0.7078,-0.2245,0.7373,0.6699,-0.0877,0.0883,-0.2243,-0.9705,0.676,0.226,-0.7014,-0.7316,0.0917,-0.6755,-0.0884,0.9698,0.2273,0.0001,-0.0001,-0.0001,0.0,0.0,0.0,-0.0374,-0.0238,-0.0973,20.7277,17.6664,11.4711,0.0,0.0433,-0.3615,0.0,0.0,0.0,4487503.6678,4383209.0726,-2451772.5181,2531.738,1385.3994,7130.3994,4487482.9402,4383191.4062,-2451783.9891,2531.7755,1385.4232,7130.4967,0.0,0.0765,3.9732,0.0,0.0,1.0,0.0,1.0,0.0,0.0,1.172,-23.972,0.0,1.0,0.0,0.0,0.0,-1.0,0.12896898852049665,0.020024984394500785,-0.1,1.2815266988662528,2.8665477253775156,1.5,0.15
550.1949,16.236,-0.111,0.072,12.263,-0.019,0.066,-0.105,-0.02,0.001,-0.105,-0.02,0.0,-0.47,-0.103,0.225,-0.007,-0.004,0.008,0.0,-0.0,-0.0,830.12,-0.0,0.0,-0.0,0.0,0.0,0.0,0.0,0.0,-0.6698,0.7078,-0.2245,0.7373,0.6699,-0.0877,0.0883,-0.2243,-0.9705,0.676,0.226,-0.7014,-0.7316,0.0917,-0.6755,-0.0884,0.9698,0.2273,0.0001,-0.0001,-0.0001,0.0,0.0,0.0,-0.0374,-0.0238,-0.0973,20.72,17.6616,11.4512,0.0,0.0433,-0.3615,0.0,0.0,0.0,4488020.3443,4383491.7521,-2450316.9384,2530.5428,1384.232,7131.0521,4487999.6242,4383474.0905,-2450328.3896,2530.5803,1384.2558,7131.1495,0.0,0.0765,3.9732,0.0,0.0,1.0,0.0,1.0,0.0,0.0,1.172,-23.972,0.0,1.0,0.0,0.0,0.0,-1.0,0.13230646242719968,0.020024984394500785,-0.1,1.2667029428987973,2.8628448587826374,1.5,0.15
550.4006,16.215,-0.115,0.073,12.242,-0.023,0.066,-0.105,-0.02,0.001,-0.105,-0.02,0.0,-0.472,-0.104,0.227,-0.007,-0.004,0.008,0.0,-0.0,-0.0,830.12,-0.0,0.0,-0.0,0.0,0.0,0.0,0.0,0.0,-0.6698,0.7078,-0.2245,0.7373,0.6698,-0.0877,0.0883,-0.2242,-0.9705,0.676,0.226,-0.7014,-0.7316,0.0917,-0.6755,-0.0884,0.9698,0.2273,0.0001,-0.0001,-0.0001,0.0,0.0,0.0,-0.0374,-0.0238,-0.0973,20.7124,17.6567,11.4313,0.0,0.0433,-0.3615,0.0,0.0,0.0,4488537.372,4383774.5193,-2448859.5411,2529.3461,1383.0631,7131.7053,4488516.6596,4383756.8626,-2448870.9724,2529.3835,1383.087,7131.8026,0.0,0.0765,3.9732,0.0,0.0,1.0,0.0,1.0,0.0,0.0,1.172,-23.972,0.0,1.0,0.0,0.0,0.0,-1.0,0.13621306838919678,0.020024984394500785,-0.1,1.2504809213787806,2.8591419921877597,1.5,0.15
550.6043,16.193,-0.119,0.073,12.22,-0.027,0.066,-0.105,-0.02,0.001,-0.105,-0.02,0.0,-0.473,-0.105,0.229,-0.007,-0.004,0.008,0.0,-0.0,-0.0,830.12,-0.0,0.0,-0.0,0.0,0.0,0.0,0.0,0.0,-0.6697,0.7079,-0.2245,0.7373,0.6698,-0.0876,0.0883,-0.2242,-0.9705,0.676,0.226,-0.7014,-0.7316,0.0917,-0.6755,-0.0884,0.9698,0.2273,0.0001,-0.0001,-0.0001,0.0,0.0,0.0,-0.0374,-0.0238,-0.0973,20.7047,17.6518,11.4114,0.0,0.0433,-0.3615,0.0,0.0,0.0,4489055.6384,4384057.8581,-2447397.8292,2528.1458,1381.8909,7132.3599,4489034.9337,4384040.2063,-2447409.2405,2528.1832,1381.9147,7132.4572,0.0,0.0765,3.9732,0.0,0.0,1.0,0.0,1.0,0.0,0.0,1.172,-23.972,0.0,1.0,0.0,0.0,0.0,-1.0,0.13960659010233004,0.020024984394500785,-0.1,1.2358889048575672,2.8552627986121735,1.5,0.15
550.81,16.171,-0.124,0.073,12.198,-0.031,0.066,-0.105,-0.02,0.001,-0.105,-0.02,0.0,-0.475,-0.106,0.23,-0.007,-0.004,0.008,0.0,-0.0,-0.0,830.12,-0.0,0.0,-0.0,0.0,0.0,0.0,0.0,0.0,-0.6697,0.7079,-0.2245,0.7374,0.6698,-0.0876,0.0883,-0.2242,-0.9705,0.676,0.226,-0.7014,-0.7316,0.0917,-0.6755,-0.0884,0.9698,0.2273,0.0001,-0.0001,-0.0001,0.0,0.0,0.0,-0.0374,-0.0238,-0.0973,20.697,17.6469,11.3912,0.0,0.0433,-0.3615,0.0,0.0,0.0,4489578.3755,4384343.5339,-2445922.6684,2526.9345,1380.7079,7133.0201,4489557.6785,4384325.887,-2445934.0596,2526.9719,1380.7317,7133.1174,0.0,0.0765,3.9732,0.0,0.0,1.0,0.0,1.0,0.0,0.0,1.172,-23.972,0.0,1.0,0.0,0.0,0.0,-1.0,0.1438923208513922,0.020024984394500785,-0.1,1.2355781898371727,2.851383605036587,1.5,0.15
551.0156,16.15,-0.128,0.073,12.177,-0.035,0.066,-0.105,-0.02,0.001,-0.105,-0.02,0.0,-0.477,-0.107,0.232,-0.007,-0.004,0.008,0.0,-0.0,-0.0,830.12,-0.0,0.0,-0.0,0.0,0.0,0.0,0.0,0.0,-0.6697,0.7079,-0.2245,0.7374,0.6698,-0.0876,0.0883,-0.2242,-0.9705,0.676,0.226,-0.7014,-0.7316,0.0917,-0.6755,-0.0884,0.9698,0.2273,0.0001,-0.0001,-0.0001,0.0,0.0,0.0,-0.0374,-0.0238,-0.0974,20.6893,17.642,11.3711,0.0,0.0433,-0.3615,0.0,0.0,0.0,4490100.64,4384628.8435,-2444448.0011,2525.7235,1379.5253,7133.6796,4490079.9507,4384611.2015,-2444459.3722,2525.7609,1379.5491,7133.777,0.0,0.0765,3.9732,0.0,0.0,1.0,0.0,1.0,0.0,0.0,1.172,-23.972,0.0,1.0,0.0,0.0,0.0,-1.0,0.14735331689514153,0.020024984394500785,-0.1,1.220914329394843,2.847680738441709,1.5,0.15
551.2213,16.128,-0.132,0.073,12.155,-0.039,0.066,-0.105,-0.02,0.001,-0.105,-0.019,0.0,-0.478,-0.108,0.233,-0.007,-0.004,0.008,0.0,-0.0,-0.0,830.115,-0.0,1.0,-0.0,0.0,0.0,0.0,0.0,0.0,-0.6697,0.7079,-0.2245,0.7374,0.6698,-0.0875,0.0884,-0.2241,-0.9705,0.676,0.226,-0.7014,-0.7316,0.0917,-0.6755,-0.0884,0.9698,0.2273,0.0001,-0.0001,-0.0001,0.0,0.0,0.0,-0.0371,-0.0235,-0.0975,20.6816,17.6372,11.3512,0.0,0.0433,-0.3615,0.0,0.0,0.0,4490617.0366,4384910.8418,-2442989.0697,2524.5257,1378.3557,7134.3315,4490596.355,4384893.2046,-2443000.4209,2524.5628,1378.3792,7134.429,0.0,0.0765,3.9732,0.0,0.0,1.0,0.0,1.0,0.0,0.0,1.172,-23.972,0.0,1.0,0.0,0.0,0.0,-1.0,0.1508409758653132,0.020024984394500785,-0.1,1.2062071763224438,2.8438015448661234,1.5,0.15
551.4221,16.107,-0.135,0.073,12.134,-0.042,0.066,-0.105,-0.013,0.001,-0.105,-0.013,0.0,-0.48,-0.109,0.235,-0.008,-0.004,0.008,0.0,-0.0,-0.0,830.049,-0.0,1.0,-0.0,0.0,0.0,0.0,0.0,0.0,-0.6696,0.708,-0.2244,0.7374,0.6698,-0.0875,0.0884,-0.2241,-0.9705,0.676,0.226,-0.7014,-0.7316,0.0917,-0.6755,-0.0884,0.9698,0.2273,0.0001,-0.0001,-0.0001,0.0,0.0,0.0,-0.0326,-0.0192,-0.0989,20.6746,17.6329,11.3314,0.0,0.0433,-0.3615,0.0,0.0,0.0,4491125.8965,4385188.6212,-2441550.6262,2523.3489,1377.2065,7134.9725,4491105.2219,4385170.9883,-2441561.9576,2523.3815,1377.2257,7135.0714,0.0,0.0765,3.9732,0.0,0.0,1.0,0.0,1.0,0.0,0.0,1.172,-23.972,0.0,1.0,0.0,0.0,0.0,-1.0,0.15347312468311838,0.013038404810405297,-0.1,1.1951160766627904,2.840098678271245,1.5,0.15
551.6269,16.085,-0.137,0.073,12.113,-0.044,0.066,-0.105,-0.009,0.001,-0.105,-0.008,0.0,-0.481,-0.109,0.237,-0.008,-0.004,0.008,0.0,-0.0,-0.0,830.004,-0.0,0.0,-0.0,0.0,0.0,0.0,0.0,0.0,-0.6696,0.708,-0.2244,0.7374,0.6697,-0.0875,0.0884,-0.2241,-0.9706,0.676,0.226,-0.7014,-0.7316,0.0917,-0.6755,-0.0884,0.9698,0.2273,0.0001,-0.0001,-0.0001,0.0,0.0,0.0,-0.0295,-0.0163,-0.0999,20.6684,17.6294,11.311,0.0,0.0433,-0.3615,0.0,0.0,0.0,4491641.8293,4385470.1575,-2440091.368,2522.1536,1376.0393,7135.6228,4491621.1609,4385452.5281,-2440102.679,2522.183,1376.0556,7135.7227,0.0,0.0765,3.9732,0.0,0.0,1.0,0.0,1.0,0.0,0.0,1.172,-23.972,0.0,1.0,0.0,0.0,0.0,-1.0,0.15523530526268825,0.009055385138137416,-0.1,1.1879795935675659,2.8362194846956594,1.5,0.15
551.8324,16.064,-0.139,0.074,12.091,-0.046,0.067,-0.105,-0.009,0.001,-0.105,-0.008,0.0,-0.483,-0.11,0.238,-0.008,-0.004,0.008,0.0,-0.0,-0.0,830.004,-0.0,0.0,-0.0,0.0,0.0,0.0,0.0,0.0,-0.6696,0.708,-0.2244,0.7374,0.6697,-0.0875,0.0884,-0.2241,-0.9706,0.676,0.226,-0.7014,-0.7316,0.0917,-0.6755,-0.0884,0.9698,0.2273,0.0001,-0.0001,-0.0001,0.0,0.0,0.0,-0.0295,-0.0163,-0.0999,20.6624,17.6261,11.2907,0.0,0.0433,-0.3615,0.0,0.0,0.0,4492153.8491,4385749.4539,-2438642.3633,2520.9635,1374.8774,7136.2691,4492133.1867,4385731.8279,-2438653.6541,2520.993,1374.8937,7136.369,0.0,0.0765,3.9732,0.0,0.0,1.0,0.0,1.0,0.0,0.0,1.172,-23.972,0.0,1.0,0.0,0.0,0.0,-1.0,0.15747063218263907,0.009055385138137416,-0.1,1.1805999980297772,2.8325166181007813,1.5,0.15
552.0327,16.043,-0.141,0.074,12.07,-0.048,0.067,-0.105,-0.009,0.001,-0.105,-0.008,0.0,-0.484,-0.111,0.24,-0.008,-0.004,0.008,0.0,-0.0,-0.0,830.004,-0.0,0.0,-0.0,0.0,0.0,0.0,0.0,0.0,-0.6696,0.708,-0.2244,0.7375,0.6697,-0.0874,0.0884,-0.224,-0.9706,0.676,0.226,-0.7014,-0.7316,0.0917,-0.6755,-0.0884,0.9698,0.2273,0.0001,-0.0001,-0.0001,0.0,0.0,0.0,-0.0295,-0.0163,-0.0999,20.6564,17.6228,11.2704,0.0,0.0433,-0.3615,0.0,0.0,0.0,4492666.1306,4386028.7889,-2437191.8012,2519.7722,1373.7143,7136.9156,4492645.4742,4386011.1661,-2437203.0716,2519.8017,1373.7306,7137.0155,0.0,0.0765,3.9732,0.0,0.0,1.0,0.0,1.0,0.0,0.0,1.172,-23.972,0.0,1.0,0.0,0.0,0.0,-1.0,0.15923881436383527,0.009055385138137416,-0.1,1.1730977256184574,2.8288137515059035,1.5,0.15
552.2368,16.021,-0.143,0.074,12.049,-0.05,0.067,-0.105,-0.009,0.001,-0.105,-0.008,0.0,-0.486,-0.112,0.241,-0.008,-0.004,0.008,0.0,-0.0,-0.0,830.004,-0.0,0.0,-0.0,0.0,0.0,0.0,0.0,0.0,-0.6695,0.7081,-0.2244,0.7375,0.6697,-0.0874,0.0884,-0.224,-0.9706,0.676,0.226,-0.7014,-0.7316,0.0917,-0.6755,-0.0884,0.9698,0.2273,0.0001,-0.0001,-0.0001,0.0,0.0,0.0,-0.0295,-0.0163,-0.0999,20.6505,17.6195,11.2502,0.0,0.0433,-0.3615,0.0,0.0,0.0,4493175.2921,4386306.3192,-2435749.2625,2518.5874,1372.5577,7137.5581,4493154.6416,4386288.6997,-2435760.5127,2518.6169,1372.574,7137.658,0.0,0.0765,3.9732,0.0,0.0,1.0,0.0,1.0,0.0,0.0,1.172,-23.972,0.0,1.0,0.0,0.0,0.0,-1.0,0.16101242188104617,0.009055385138137416,-0.1,1.165908162803177,2.8249345579303173,1.5,0.15
552.443,16.0,-0.145,0.074,12.027,-0.051,0.067,-0.105,-0.009,0.001,-0.105,-0.008,0.0,-0.488,-0.113,0.243,-0.008,-0.004,0.008,0.0,-0.0,-0.0,830.004,-0.0,0.0,-0.0,0.0,0.0,0.0,0.0,0.0,-0.6695,0.7081,-0.2244,0.7375,0.6697,-0.0874,0.0884,-0.224,-0.9706,0.676,0.226,-0.7014,-0.7316,0.0917,-0.6755,-0.0884,0.9698,0.2273,0.0001,-0.0001,-0.0001,0.0,0.0,0.0,-0.0295,-0.0163,-0.0999,20.6444,17.6161,11.2297,0.0,0.0433,-0.3615,0.0,0.0,0.0,4493693.5923,4386588.7245,-2434280.0024,2517.3806,1371.3797,7138.212,4493672.9479,4386571.1084,-2434291.2321,2517.4101,1371.396,7138.312,0.0,0.0765,3.9732,0.0,0.0,1.0,0.0,1.0,0.0,0.0,1.172,-23.972,0.0,1.0,0.0,0.0,0.0,-1.0,0.16279127740760557,0.009055385138137416,-0.1,1.1759925836122112,2.8212316913354396,1.5,0.15
552.6452,15.978,-0.146,0.074,12.006,-0.053,0.067,-0.105,-0.009,0.001,-0.105,-0.008,0.001,-0.489,-0.114,0.244,-0.008,-0.004,0.008,0.0,-0.0,-0.0,830.004,-0.0,0.0,-0.0,0.0,0.0,0.0,0.0,0.0,-0.6695,0.7081,-0.2244,0.7375,0.6696,-0.0873,0.0884,-0.224,-0.9706,0.676,0.226,-0.7014,-0.7316,0.0917,-0.6755,-0.0884,0.9698,0.2273,0.0001,-0.0001,-0.0001,0.0,0.0,0.0,-0.0295,-0.0163,-0.0999,20.6384,17.6128,11.2093,0.0,0.0433,-0.3615,0.0,0.0,0.0,4494205.9551,4386867.7894,-2432826.7492,2516.187,1370.2145,7138.8584,4494185.3167,4386850.1765,-2432837.9585,2516.2165,1370.2308,7138.9583,0.0,0.0765,3.9732,0.0,0.0,1.0,0.0,1.0,0.0,0.0,1.172,-23.972,0.0,1.0,0.0,0.0,0.0,-1.0,0.163682619724881,0.009055385138137416,-0.1,1.1544697047886319,2.8173524977598534,1.5,0.15
552.8505,15.957,-0.148,0.074,11.984,-0.055,0.067,-0.105,-0.009,0.001,-0.105,-0.008,0.001,-0.491,-0.115,0.246,-0.008,-0.004,0.008,0.0,-0.0,-0.0,830.004,-0.0,0.0,-0.0,0.0,0.0,0.0,0.0,0.0,-0.6695,0.7081,-0.2244,0.7375,0.6696,-0.0873,0.0884,-0.2239,-0.9706,0.676,0.226,-0.7014,-0.7316,0.0917,-0.6755,-0.0884,0.9698,0.2273,0.0001,-0.0001,-0.0001,0.0,0.0,0.0,-0.0294,-0.0163,-0.0999,20.6324,17.6095,11.1889,0.0,0.0433,-0.3615,0.0,0.0,0.0,4494720.2459,4387147.7987,-2431367.202,2514.9882,1369.0443,7139.5071,4494699.6136,4387130.1892,-2431378.3909,2515.0176,1369.0606,7139.6071,0.0,0.0765,3.9732,0.0,0.0,1.0,0.0,1.0,0.0,0.0,1.172,-23.972,0.0,1.0,0.0,0.0,0.0,-1.0,0.16546903033498442,0.009055385138137416,-0.1,1.1465530285226202,2.8136496311649757,1.5,0.15
553.0543,15.936,-0.15,0.075,11.963,-0.056,0.067,-0.105,-0.009,0.001,-0.105,-0.008,0.001,-0.492,-0.116,0.248,-0.008,-0.004,0.008,0.0,-0.0,-0.0,830.004,-0.0,0.0,-0.0,0.0,0.0,0.0,0.0,0.0,-0.6695,0.7082,-0.2244,0.7376,0.6696,-0.0873,0.0884,-0.2239,-0.9706,0.676,0.226,-0.7014,-0.7316,0.0917,-0.6755,-0.0884,0.9698,0.2273,0.0001,-0.0001,-0.0001,0.0,0.0,0.0,-0.0294,-0.0163,-0.0999,20.6264,17.6062,11.1685,0.0,0.0433,-0.3615,0.0,0.0,0.0,4495232.3061,4387426.4883,-2429913.164,2513.7938,1367.8786,7140.153,4495211.6797,4387408.882,-2429924.3325,2513.8233,1367.8949,7140.2529,0.0,0.0765,3.9732,0.0,0.0,1.0,0.0,1.0,0.0,0.0,1.172,-23.972,0.0,1.0,0.0,0.0,0.0,-1.0,0.16770509831248423,0.009055385138137416,-0.1,1.1551802670332236,2.809946764570098,1.5,0.15
553.2576,15.914,-0.152,0.075,11.941,-0.058,0.067,-0.105,-0.009,0.001,-0.105,-0.008,0.001,-0.494,-0.117,0.249,-0.008,-0.004,0.008,0.0,-0.0,-0.0,830.004,-0.0,0.0,-0.0,0.0,0.0,0.0,0.0,0.0,-0.6694,0.7082,-0.2244,0.7376,0.6696,-0.0872,0.0885,-0.2239,-0.9706,0.676,0.226,-0.7014,-0.7316,0.0917,-0.6755,-0.0884,0.9698,0.2273,0.0001,-0.0001,-0.0001,0.0,0.0,0.0,-0.0294,-0.0163,-0.1,20.6204,17.6029,11.1482,0.0,0.0433,-0.3615,0.0,0.0,0.0,4495743.4728,4387704.5868,-2428460.8411,2512.6009,1366.7143,7140.7976,4495722.8524,4387686.9839,-2428471.9893,2512.6303,1366.7306,7140.8976,0.0,0.0765,3.9732,0.0,0.0,1.0,0.0,1.0,0.0,0.0,1.172,-23.972,0.0,1.0,0.0,0.0,0.0,-1.0,0.16949631264425782,0.009055385138137416,-0.1,1.1475418010090206,2.8060675709945118,1.5,0.15
553.4603,15.893,-0.154,0.075,11.92,-0.06,0.067,-0.105,-0.008,0.001,-0.105,-0.007,0.001,-0.496,-0.118,0.251,-0.008,-0.004,0.008,0.0,-0.0,-0.0,829.995,-0.0,1.0,-0.0,0.0,0.0,0.0,0.0,0.0,-0.6694,0.7082,-0.2244,0.7376,0.6696,-0.0872,0.0885,-0.2239,-0.9706,0.676,0.226,-0.7014,-0.7316,0.0917,-0.6755,-0.0884,0.9698,0.2273,0.0001,-0.0001,-0.0001,0.0,0.0,0.0,-0.0288,-0.0157,-0.1002,20.6144,17.5996,11.1278,0.0,0.0433,-0.3615,0.0,0.0,0.0,4496257.3562,4387984.0573,-2426999.9762,2511.4015,1365.5437,7141.4454,4496236.7419,4387966.4577,-2427011.104,2511.4303,1365.5594,7141.5455,0.0,0.0765,3.9732,0.0,0.0,1.0,0.0,1.0,0.0,0.0,1.172,-23.972,0.0,1.0,0.0,0.0,0.0,-1.0,0.1712921480979207,0.00806225774829855,-0.1,1.1398953859891958,2.802364704399634,1.5,0.15
553.6677,15.871,-0.155,0.075,11.898,-0.061,0.068,-0.105,-0.002,0.001,-0.105,-0.001,0.001,-0.497,-0.118,0.252,-0.006,-0.004,0.008,0.0,-0.0,-0.0,829.932,-0.0,0.0,-0.0,0.0,0.0,0.0,0.0,0.0,-0.6694,0.7082,-0.2244,0.7376,0.6696,-0.0872,0.0885,-0.2238,-0.9706,0.676,0.226,-0.7014,-0.7316,0.0917,-0.6755,-0.0884,0.9698,0.2273,0.0001,-0.0001,-0.0001,0.0,0.0,0.0,-0.0246,-0.0116,-0.1015,20.6089,17.5969,11.1071,0.0,0.0433,-0.3615,0.0,0.0,0.0,4496772.3459,4388264.0235,-2425535.1309,2510.2024,1364.3735,7142.0933,4496751.7369,4388246.4266,-2425546.238,2510.227,1364.3851,7142.1948,0.0,0.0765,3.9732,0.0,0.0,1.0,0.0,1.0,0.0,0.0,1.172,-23.972,0.0,1.0,0.0,0.0,0.0,-1.0,0.17219175357722566,0.0022360679774997894,-0.1,1.138208437325393,2.798485510824048,1.5,0.15
553.8688,15.85,-0.155,0.075,11.877,-0.061,0.068,-0.105,-0.002,0.001,-0.105,-0.001,0.001,-0.498,-0.119,0.254,-0.006,-0.004,0.008,0.0,-0.0,-0.0,829.932,-0.0,0.0,-0.0,0.0,0.0,0.0,0.0,0.0,-0.6694,0.7083,-0.2243,0.7376,0.6695,-0.0872,0.0885,-0.2238,-0.9706,0.676,0.226,-0.7014,-0.7316,0.0917,-0.6755,-0.0884,0.9698,0.2273,0.0001,-0.0001,-0.0001,0.0,0.0,0.0,-0.0246,-0.0116,-0.1015,20.604,17.5945,11.0867,0.0,0.0433,-0.3615,0.0,0.0,0.0,4497276.7726,4388538.1435,-2424099.527,2509.0231,1363.2226,7142.7292,4497256.1686,4388520.5489,-2424110.6136,2509.0477,1363.2343,7142.8307,0.0,0.0765,3.9732,0.0,0.0,1.0,0.0,1.0,0.0,0.0,1.172,-23.972,0.0,1.0,0.0,0.0,0.0,-1.0,0.17219175357722566,0.0022360679774997894,-0.1,1.1379466477661055,2.7947826442291697,1.5,0.15
554.074,15.828,-0.155,0.075,11.856,-0.061,0.068,-0.105,-0.002,0.001,-0.105,-0.001,0.001,-0.5,-0.12,0.255,-0.006,-0.004,0.008,0.0,-0.0,-0.0,829.932,-0.0,0.0,-0.0,0.0,0.0,0.0,0.0,0.0,-0.6693,0.7083,-0.2243,0.7377,0.6695,-0.0871,0.0885,-0.2238,-0.9706,0.676,0.226,-0.7014,-0.7316,0.0917,-0.6755,-0.0884,0.9698,0.2273,0.0001,-0.0001,-0.0001,0.0,0.0,0.0,-0.0245,-0.0116,-0.1015,20.599,17.5921,11.0657,0.0,0.0433,-0.3615,0.0,0.0,0.0,4497793.184,4388818.6703,-2422628.9798,2507.8151,1362.0438,7143.3801,4497772.585,4388801.0781,-2422640.0455,2507.8396,1362.0555,7143.4817,0.0,0.0765,3.9732,0.0,0.0,1.0,0.0,1.0,0.0,0.0,1.172,-23.972,0.0,1.0,0.0,0.0,0.0,-1.0,0.17219175357722566,0.0022360679774997894,-0.1,1.1380188391508237,2.7909034506535835,1.5,0.15
554.2749,15.807,-0.156,0.076,11.834,-0.061,0.068,-0.105,-0.002,0.001,-0.105,-0.001,0.001,-0.501,-0.121,0.257,-0.006,-0.004,0.008,0.0,-0.0,-0.0,829.932,-0.0,0.0,-0.0,0.0,0.0,0.0,0.0,0.0,-0.6693,0.7083,-0.2243,0.7377,0.6695,-0.0871,0.0885,-0.2238,-0.9706,0.676,0.226,-0.7014,-0.7316,0.0917,-0.6755,-0.0884,0.9698,0.2273,0.0001,-0.0001,-0.0001,0.0,0.0,0.0,-0.0245,-0.0116,-0.1015,20.594,17.5898,11.0453,0.0,0.0433,-0.3615,0.0,0.0,0.0,4498297.8035,4389092.6876,-2421191.1961,2506.6339,1360.8913,7144.0161,4498277.2094,4389075.0978,-2421202.2414,2506.6585,1360.9029,7144.1176,0.0,0.0765,3.9732,0.0,0.0,1.0,0.0,1.0,0.0,0.0,1.172,-23.972,0.0,1.0,0.0,0.0,0.0,-1.0,0.1735280957078709,0.0022360679774997894,-0.1,1.149856536342319,2.7872005840587057,1.5,0.15
554.4807,15.786,-0.156,0.076,11.813,-0.062,0.068,-0.105,-0.002,0.001,-0.105,-0.002,0.001,-0.502,-0.122,0.258,-0.006,-0.004,0.008,0.0,-0.0,-0.0,829.931,-0.0,-1.0,-0.0,0.0,0.0,0.0,0.0,0.0,-0.6693,0.7083,-0.2243,0.7377,0.6695,-0.0871,0.0885,-0.2237,-0.9706,0.676,0.226,-0.7014,-0.7316,0.0917,-0.6755,-0.0884,0.9698,0.2273,0.0001,-0.0001,-0.0001,0.0,0.0,0.0,-0.0247,-0.0118,-0.1015,20.589,17.5874,11.0244,0.0,0.0433,-0.3615,0.0,0.0,0.0,4498815.068,4389373.4643,-2419716.5491,2505.4222,1359.7091,7144.668,4498794.479,4389355.8769,-2419727.5735,2505.447,1359.7209,7144.7695,0.0,0.0765,3.9732,0.0,0.0,1.0,0.0,1.0,0.0,0.0,1.172,-23.972,0.0,1.0,0.0,0.0,0.0,-1.0,0.1735280957078709,0.0022360679774997894,-0.1,1.1315621833371352,2.783497717463828,1.5,0.15
554.6847,15.764,-0.157,0.076,11.791,-0.063,0.068,-0.105,-0.01,0.001,-0.105,-0.01,0.0,-0.504,-0.123,0.26,-0.006,-0.004,0.007,0.0,-0.0,-0.0,829.9,-0.0,-1.0,-0.0,0.0,0.0,0.0,0.0,0.0,-0.6693,0.7083,-0.2243,0.7377,0.6695,-0.087,0.0885,-0.2237,-0.9706,0.676,0.226,-0.7014,-0.7316,0.0917,-0.6755,-0.0884,0.9698,0.2273,0.0001,-0.0001,-0.0001,0.0,0.0,0.0,-0.0303,-0.0171,-0.0997,20.5834,17.5845,11.0039,0.0,0.0433,-0.3615,0.0,0.0,0.0,4499324.2518,4389649.7489,-2418264.1069,2504.2234,1358.5396,7145.3114,4499303.6684,4389632.1644,-2418275.1108,2504.2537,1358.5567,7145.4111,0.0,0.0765,3.9732,0.0,0.0,1.0,0.0,1.0,0.0,0.0,1.172,-23.972,0.0,1.0,0.0,0.0,0.0,-1.0,0.17442763542512407,0.01004987562112089,-0.1,1.1275499546625825,2.779618523888242,1.5,0.15
554.8873,15.743,-0.16,0.076,11.77,-0.065,0.068,-0.105,-0.011,0.001,-0.105,-0.011,0.0,-0.505,-0.124,0.261,-0.006,-0.004,0.008,0.0,-0.0,-0.0,829.896,-0.0,0.0,-0.0,0.0,0.0,0.0,0.0,0.0,-0.6693,0.7084,-0.2243,0.7377,0.6695,-0.087,0.0885,-0.2237,-0.9706,0.676,0.226,-0.7014,-0.7316,0.0917,-0.6755,-0.0884,0.9698,0.2273,0.0001,-0.0001,-0.0001,0.0,0.0,0.0,-0.031,-0.0177,-0.0995,20.5771,17.5809,10.9838,0.0,0.0433,-0.3615,0.0,0.0,0.0,4499829.55,4389923.8208,-2416821.9347,2503.0378,1357.383,7145.9482,4499808.9728,4389906.2398,-2416832.9185,2503.0689,1357.4007,7146.0477,0.0,0.0765,3.9732,0.0,0.0,1.0,0.0,1.0,0.0,0.0,1.172,-23.972,0.0,1.0,0.0,0.0,0.0,-1.0,0.17713271860387622,0.01104536101718726,-0.1,1.134111691271622,2.775915657293364,1.5,0.15
555.0937,15.721,-0.162,0.076,11.748,-0.067,0.068,-0.105,-0.011,0.001,-0.105,-0.011,0.0,-0.506,-0.125,0.263,-0.006,-0.004,0.008,0.0,-0.0,-0.0,829.896,-0.0,0.0,-0.0,0.0,0.0,0.0,0.0,0.0,-0.6692,0.7084,-0.2243,0.7377,0.6695,-0.087,0.0885,-0.2237,-0.9706,0.676,0.226,-0.7014,-0.7316,0.0917,-0.6755,-0.0884,0.9698,0.2273,0.0001,-0.0001,-0.0001,0.0,0.0,0.0,-0.031,-0.0177,-0.0995,20.5707,17.5773,10.9632,0.0,0.0433,-0.3615,0.0,0.0,0.0,4500348.5753,4390205.2302,-2415339.7392,2501.8201,1356.195,7146.602,4500328.0046,4390187.653,-2415350.7023,2501.8511,1356.2127,7146.7015,0.0,0.0765,3.9732,0.0,0.0,1.0,0.0,1.0,0.0,0.0,1.172,-23.972,0.0,1.0,0.0,0.0,0.0,-1.0,0.17894133116750865,0.01104536101718726,-0.1,1.1263361661084228,2.772036463717778,1.5,0.15
555.2989,15.7,-0.164,0.076,11.727,-0.069,0.068,-0.105,-0.011,0.001,-0.105,-0.011,0.0,-0.508,-0.126,0.265,-0.006,-0.004,0.008,0.0,-0.0,-0.0,829.896,-0.0,0.0,-0.0,0.0,0.0,0.0,0.0,0.0,-0.6692,0.7084,-0.2243,0.7378,0.6694,-0.0869,0.0886,-0.2237,-0.9706,0.676,0.226,-0.7014,-0.7316,0.0917,-0.6755,-0.0884,0.9698,0.2273,0.0001,-0.0001,-0.0001,0.0,0.0,0.0,-0.031,-0.0177,-0.0995,20.5643,17.5736,10.9428,0.0,0.0433,-0.3615,0.0,0.0,0.0,4500861.4449,4390483.1949,-2413874.276,2500.616,1355.0205,7147.248,4500840.8806,4390465.6213,-2413885.2188,2500.647,1355.0382,7147.3475,0.0,0.0765,3.9732,0.0,0.0,1.0,0.0,1.0,0.0,0.0,1.172,-23.972,0.0,1.0,0.0,0.0,0.0,-1.0,0.18075397644312008,0.01104536101718726,-0.1,1.1185546186393966,2.7683335971229,1.5,0.15
555.5059,15.678,-0.166,0.077,11.705,-0.072,0.068,-0.105,-0.011,0.001,-0.105,-0.011,0.0,-0.509,-0.127,0.266,-0.006,-0.004,0.008,0.0,-0.0,-0.0,829.896,-0.0,0.0,-0.0,0.0,0.0,0.0,0.0,0.0,-0.6692,0.7084,-0.2243,0.7378,0.6694,-0.0869,0.0886,-0.2236,-0.9706,0.676,0.226,-0.7014,-0.7316,0.0917,-0.6755,-0.0884,0.9698,0.2273,0.0001,-0.0001,-0.0001,0.0,0.0,0.0,-0.031,-0.0177,-0.0995,20.558,17.57,10.9223,0.0,0.0433,-0.3615,0.0,0.0,0.0,4501375.0519,4390761.4515,-2412405.8703,2499.4096,1353.8436,7147.8948,4501354.4939,4390743.8814,-2412416.7926,2499.4405,1353.8613,7147.9943,0.0,0.0765,3.9732,0.0,0.0,1.0,0.0,1.0,0.0,0.0,1.172,-23.972,0.0,1.0,0.0,0.0,0.0,-1.0,0.18298907071188705,0.01104536101718726,-0.1,1.090927560019712,2.764454403547314,1.5,0.15
555.7078,15.656,-0.169,0.077,11.684,-0.074,0.069,-0.105,-0.011,0.001,-0.105,-0.01,0.0,-0.51,-0.128,0.268,-0.006,-0.004,0.008,0.0,-0.0,-0.0,829.896,-0.0,0.0,-0.0,0.0,0.0,0.0,0.0,0.0,-0.6692,0.7084,-0.2243,0.7378,0.6694,-0.0869,0.0886,-0.2236,-0.9706,0.676,0.226,-0.7014,-0.7316,0.0917,-0.6755,-0.0884,0.9698,0.2273,0.0001,-0.0001,-0.0001,0.0,0.0,0.0,-0.031,-0.0177,-0.0995,20.5516,17.5664,10.9019,0.0,0.0433,-0.3615,0.0,0.0,0.0,4501887.6454,4391039.0519,-2410939.5201,2498.2047,1352.6684,7148.5403,4501867.0938,4391021.4855,-2410950.422,2498.2357,1352.6861,7148.6398,0.0,0.0765,3.9732,0.0,0.0,1.0,0.0,1.0,0.0,0.0,1.172,-23.972,0.0,1.0,0.0,0.0,0.0,-1.0,0.1857148351640224,0.01104536101718726,-0.1,1.0999984332322343,2.760575209971728,1.5,0.15
555.9132,15.635,-0.171,0.077,11.662,-0.076,0.069,-0.105,-0.011,0.001,-0.105,-0.01,0.0,-0.512,-0.128,0.269,-0.006,-0.004,0.008,0.0,-0.0,-0.0,829.896,-0.0,0.0,-0.0,0.0,0.0,0.0,0.0,0.0,-0.6692,0.7085,-0.2243,0.7378,0.6694,-0.0869,0.0886,-0.2236,-0.9707,0.676,0.226,-0.7014,-0.7316,0.0917,-0.6755,-0.0884,0.9698,0.2273,0.0001,-0.0001,-0.0001,0.0,0.0,0.0,-0.031,-0.0177,-0.0996,20.5453,17.5628,10.8816,0.0,0.0433,-0.3615,0.0,0.0,0.0,4502397.5885,4391315.1104,-2409479.9201,2497.0054,1351.4986,7149.1823,4502377.0432,4391297.5476,-2409490.8017,2497.0364,1351.5164,7149.2819,0.0,0.0765,3.9732,0.0,0.0,1.0,0.0,1.0,0.0,0.0,1.172,-23.972,0.0,1.0,0.0,0.0,0.0,-1.0,0.18753666308218242,0.01104536101718726,-0.1,1.0918030654909257,2.75687234337685,1.5,0.15
556.1143,15.614,-0.173,0.077,11.641,-0.078,0.069,-0.105,-0.011,0.001,-0.105,-0.01,0.0,-0.513,-0.129,0.271,-0.006,-0.004,0.008,0.0,-0.0,-0.0,829.896,-0.0,0.0,-0.0,0.0,0.0,0.0,0.0,0.0,-0.6691,0.7085,-0.2243,0.7378,0.6694,-0.0868,0.0886,-0.2236,-0.9707,0.676,0.226,-0.7014,-0.7316,0.0917,-0.6755,-0.0884,0.9698,0.2273,0.0001,-0.0001,-0.0001,0.0,0.0,0.0,-0.031,-0.0177,-0.0996,20.5391,17.5593,10.8616,0.0,0.0433,-0.3615,0.0,0.0,0.0,4502897.3209,4391585.5382,-2408048.7374,2495.8294,1350.3517,7149.8114,4502876.7819,4391567.9789,-2408059.599,2495.8604,1350.3694,7149.911,0.0,0.0765,3.9732,0.0,0.0,1.0,0.0,1.0,0.0,0.0,1.172,-23.972,0.0,1.0,0.0,0.0,0.0,-1.0,0.1893620870184948,0.01104536101718726,-0.1,1.0839416473432146,2.7531694767819723,1.5,0.15
556.318,15.592,-0.175,0.077,11.62,-0.08,0.069,-0.105,-0.011,0.001,-0.105,-0.01,0.0,-0.514,-0.13,0.272,-0.006,-0.004,0.008,0.0,-0.0,-0.0,829.896,-0.0,0.0,-0.0,0.0,0.0,0.0,0.0,0.0,-0.6691,0.7085,-0.2242,0.7378,0.6694,-0.0868,0.0886,-0.2235,-0.9707,0.676,0.226,-0.7014,-0.7316,0.0917,-0.6755,-0.0884,0.9698,0.2273,0.0001,-0.0001,-0.0001,0.0,0.0,0.0,-0.031,-0.0177,-0.0996,20.5327,17.5556,10.8412,0.0,0.0433,-0.3615,0.0,0.0,0.0,4503409.3122,4391862.4938,-2406581.6149,2494.6239,1349.176,7150.4559,4503388.7794,4391844.9382,-2406592.4561,2494.6548,1349.1937,7150.5555,0.0,0.0765,3.9732,0.0,0.0,1.0,0.0,1.0,0.0,0.0,1.172,-23.972,0.0,1.0,0.0,0.0,0.0,-1.0,0.19119100397246727,0.01104536101718726,-0.1,1.076397825944974,2.749290283206386,1.5,0.15
556.5216,15.571,-0.178,0.077,11.598,-0.082,0.069,-0.105,-0.011,0.001,-0.105,-0.01,0.0,-0.516,-0.131,0.274,-0.006,-0.004,0.008,0.0,-0.0,-0.0,829.896,-0.0,0.0,-0.0,0.0,0.0,0.0,0.0,0.0,-0.6691,0.7085,-0.2242,0.7379,0.6693,-0.0868,0.0886,-0.2235,-0.9707,0.676,0.226,-0.7014,-0.7316,0.0917,-0.6755,-0.0884,0.9698,0.2273,0.0001,-0.0001,-0.0001,0.0,0.0,0.0,-0.031,-0.0177,-0.0996,20.5265,17.5521,10.8212,0.0,0.0433,-0.3615,0.0,0.0,0.0,4503911.25,4392133.9067,-2405142.4844,2493.4413,1348.0227,7151.0876,4503890.7235,4392116.3546,-2405153.3056,2493.4722,1348.0404,7151.1872,0.0,0.0765,3.9732,0.0,0.0,1.0,0.0,1.0,0.0,0.0,1.172,-23.972,0.0,1.0,0.0,0.0,0.0,-1.0,0.193940712590214,0.01104536101718726,-0.1,1.0824184426562766,2.745587416611508,1.5,0.15
556.722,15.55,-0.18,0.078,11.577,-0.084,0.069,-0.105,-0.007,0.001,-0.105,-0.007,0.001,-0.517,-0.132,0.275,-0.007,-0.004,0.008,0.0,-0.0,-0.0,829.859,-0.0,1.0,-0.0,0.0,0.0,0.0,0.0,0.0,-0.6691,0.7086,-0.2242,0.7379,0.6693,-0.0867,0.0886,-0.2235,-0.9707,0.676,0.226,-0.7014,-0.7316,0.0917,-0.6755,-0.0884,0.9698,0.2273,0.0001,-0.0001,-0.0001,0.0,0.0,0.0,-0.0285,-0.0153,-0.1004,20.5204,17.5487,10.8009,0.0,0.0433,-0.3614,0.0,0.0,0.0,4504415.8164,4392406.6367,-2403695.0022,2492.2543,1346.8652,7151.7218,4504395.2961,4392389.088,-2403705.8031,2492.2828,1346.8805,7151.8222,0.0,0.0765,3.9732,0.0,0.0,1.0,0.0,1.0,0.0,0.0,1.172,-23.972,0.0,1.0,0.0,0.0,0.0,-1.0,0.19617339269126177,0.007071067811865475,-0.1,1.072611064952932,2.7418845500166307,1.5,0.15
556.9259,15.529,-0.181,0.078,11.556,-0.085,0.069,-0.105,-0.001,0.001,-0.105,-0.001,0.001,-0.518,-0.133,0.277,-0.007,-0.004,0.008,0.0,-0.0,-0.0,829.797,-0.0,0.0,-0.0,0.0,0.0,0.0,0.0,0.0,-0.6691,0.7086,-0.2242,0.7379,0.6693,-0.0867,0.0886,-0.2235,-0.9707,0.676,0.226,-0.7014,-0.7316,0.0917,-0.6755,-0.0884,0.9698,0.2273,0.0001,-0.0001,-0.0001,0.0,0.0,0.0,-0.0242,-0.0113,-0.1017,20.5151,17.546,10.7804,0.0,0.0433,-0.3614,0.0,0.0,0.0,4504921.6417,4392679.9422,-2402243.0894,2491.0654,1345.7057,7152.3569,4504901.1266,4392662.3963,-2402253.8699,2491.0896,1345.717,7152.4587,0.0,0.0765,3.9732,0.0,0.0,1.0,0.0,1.0,0.0,0.0,1.172,-23.972,0.0,1.0,0.0,0.0,0.0,-1.0,0.1970913493789111,0.001414213562373095,-0.1,1.068430117770154,2.7381816834217525,1.5,0.15
557.1264,15.507,-0.181,0.078,11.535,-0.085,0.069,-0.105,-0.001,0.001,-0.105,-0.001,0.001,-0.52,-0.134,0.278,-0.007,-0.004,0.008,0.0,-0.0,-0.0,829.797,-0.0,0.0,-0.0,0.0,0.0,0.0,0.0,0.0,-0.669,0.7086,-0.2242,0.7379,0.6693,-0.0867,0.0886,-0.2234,-0.9707,0.676,0.226,-0.7014,-0.7316,0.0917,-0.6755,-0.0884,0.9698,0.2273,0.0001,-0.0001,-0.0001,0.0,0.0,0.0,-0.0242,-0.0113,-0.1017,20.5102,17.5437,10.76,0.0,0.0433,-0.3614,0.0,0.0,0.0,4505421.7407,4392950.0505,-2400806.8022,2489.8851,1344.5548,7152.9861,4505401.2305,4392932.5067,-2400817.5622,2489.9093,1344.5661,7153.0879,0.0,0.0765,3.9732,0.0,0.0,1.0,0.0,1.0,0.0,0.0,1.172,-23.972,0.0,1.0,0.0,0.0,0.0,-1.0,0.1970913493789111,0.001414213562373095,-0.1,1.0683676629126488,2.7343024898461663,1.5,0.15
557.327,15.486,-0.181,0.078,11.513,-0.085,0.069,-0.105,-0.001,0.001,-0.105,-0.001,0.001,-0.521,-0.135,0.28,-0.007,-0.004,0.008,0.0,-0.0,-0.0,829.797,-0.0,0.0,-0.0,0.0,0.0,0.0,0.0,0.0,-0.669,0.7086,-0.2242,0.7379,0.6693,-0.0866,0.0887,-0.2234,-0.9707,0.676,0.226,-0.7014,-0.7316,0.0917,-0.6755,-0.0884,0.9698,0.2273,0.0001,-0.0001,-0.0001,0.0,0.0,0.0,-0.0242,-0.0113,-0.1017,20.5053,17.5415,10.7395,0.0,0.0433,-0.3614,0.0,0.0,0.0,4505924.113,4393221.2827,-2399363.1727,2488.6987,1343.3981,7153.6181,4505903.6077,4393203.7412,-2399373.9121,2488.7229,1343.4094,7153.7198,0.0,0.0765,3.9732,0.0,0.0,1.0,0.0,1.0,0.0,0.0,1.172,-23.972,0.0,1.0,0.0,0.0,0.0,-1.0,0.1970913493789111,0.001414213562373095,-0.1,1.06760189617977,2.7305996232512886,1.5,0.15
557.5337,15.465,-0.181,0.078,11.492,-0.085,0.069,-0.105,-0.001,0.001,-0.105,-0.001,0.001,-0.522,-0.136,0.282,-0.007,-0.004,0.008,0.0,-0.0,-0.0,829.797,-0.0,0.0,-0.0,0.0,0.0,0.0,0.0,0.0,-0.669,0.7086,-0.2242,0.738,0.6693,-0.0866,0.0887,-0.2234,-0.9707,0.676,0.226,-0.7014,-0.7316,0.0917,-0.6755,-0.0884,0.9698,0.2273,0.0001,-0.0001,-0.0001,0.0,0.0,0.0,-0.0242,-0.0113,-0.1018,20.5003,17.5392,10.7186,0.0,0.0433,-0.3614,0.0,0.0,0.0,4506434.6501,4393496.8164,-2397895.2424,2487.4923,1342.2219,7154.2602,4506414.1498,4393479.2773,-2397905.961,2487.5165,1342.2332,7154.362,0.0,0.0765,3.9732,0.0,0.0,1.0,0.0,1.0,0.0,0.0,1.172,-23.972,0.0,1.0,0.0,0.0,0.0,-1.0,0.1970913493789111,0.001414213562373095,-0.1,1.0671959423766533,2.726896756656411,1.5,0.15
557.7345,15.444,-0.182,0.078,11.471,-0.086,0.07,-0.105,-0.001,0.001,-0.105,-0.001,0.001,-0.524,-0.137,0.283,-0.007,-0.004,0.008,0.0,-0.0,-0.0,829.797,-0.0,0.0,-0.0,0.0,0.0,0.0,0.0,0.0,-0.669,0.7087,-0.2242,0.738,0.6693,-0.0866,0.0887,-0.2234,-0.9707,0.676,0.226,-0.7014,-0.7316,0.0917,-0.6755,-0.0884,0.9698,0.2273,0.0001,-0.0001,-0.0001,0.0,0.0,0.0,-0.0242,-0.0113,-0.1018,20.4955,17.5369,10.6982,0.0,0.0433,-0.3614,0.0,0.0,0.0,4506931.9285,4393765.0907,-2396464.6255,2486.3166,1341.0756,7154.8856,4506911.4329,4393747.5538,-2396475.3237,2486.3407,1341.0869,7154.9874,0.0,0.0765,3.9732,0.0,0.0,1.0,0.0,1.0,0.0,0.0,1.172,-23.972,0.0,1.0,0.0,0.0,0.0,-1.0,0.19801010075246162,0.001414213562373095,-0.1,1.0654544633507392,2.723193890061533,1.5,0.15
557.9399,15.422,-0.182,0.079,11.449,-0.086,0.07,-0.105,-0.001,0.001,-0.105,-0.001,0.001,-0.525,-0.137,0.285,-0.007,-0.004,0.008,0.0,-0.0,-0.0,829.797,-0.0,0.0,-0.0,0.0,0.0,0.0,0.0,0.0,-0.669,0.7087,-0.2242,0.738,0.6692,-0.0866,0.0887,-0.2233,-0.9707,0.676,0.226,-0.7014,-0.7316,0.0917,-0.6755,-0.0884,0.9698,0.2273,0.0001,-0.0001,-0.0001,0.0,0.0,0.0,-0.0242,-0.0113,-0.1018,20.4905,17.5346,10.6773,0.0,0.0433,-0.3614,0.0,0.0,0.0,4507444.0007,4394041.2389,-2394990.6098,2485.1051,1339.8946,7155.5296,4507423.5102,4394023.7043,-2395001.2871,2485.1293,1339.9059,7155.6313,0.0,0.0765,3.9732,0.0,0.0,1.0,0.0,1.0,0.0,0.0,1.172,-23.972,0.0,1.0,0.0,0.0,0.0,-1.0,0.19840614909825752,0.001414213562373095,-0.1,1.0630480637725686,2.719314696485947,1.5,0.15
558.1463,15.4,-0.182,0.079,11.427,-0.086,0.07,-0.105,-0.001,0.001,-0.105,-0.001,0.001,-0.527,-0.138,0.286,-0.007,-0.004,0.008,0.0,-0.0,-0.0,829.797,-0.0,0.0,-0.0,0.0,0.0,0.0,0.0,0.0,-0.6689,0.7087,-0.2242,0.738,0.6692,-0.0865,0.0887,-0.2233,-0.9707,0.676,0.226,-0.7014,-0.7316,0.0917,-0.6755,-0.0884,0.9698,0.2273,0.0001,-0.0001,-0.0001,0.0,0.0,0.0,-0.0242,-0.0113,-0.1018,20.4855,17.5323,10.6563,0.0,0.0433,-0.3614,0.0,0.0,0.0,4507955.0929,4394316.7503,-2393518.5645,2483.8952,1338.7153,7156.1722,4507934.6073,4394299.218,-2393529.2208,2483.9194,1338.7265,7156.274,0.0,0.0765,3.9732,0.0,0.0,1.0,0.0,1.0,0.0,0.0,1.172,-23.972,0.0,1.0,0.0,0.0,0.0,-1.0,0.19840614909825752,0.001414213562373095,-0.1,1.0626165854345073,2.7154355029103607,1.5,0.15
558.3545,15.378,-0.183,0.079,11.406,-0.086,0.07,-0.105,-0.001,0.001,-0.105,-0.001,0.001,-0.528,-0.139,0.288,-0.007,-0.004,0.008,0.0,-0.0,-0.0,829.797,-0.0,0.0,-0.0,0.0,0.0,0.0,0.0,0.0,-0.6689,0.7087,-0.2242,0.738,0.6692,-0.0865,0.0887,-0.2233,-0.9707,0.676,0.226,-0.7014,-0.7316,0.0917,-0.6755,-0.0884,0.9698,0.2273,0.0001,-0.0001,-0.0001,0.0,0.0,0.0,-0.0242,-0.0113,-0.1018,20.4805,17.53,10.6351,0.0,0.0433,-0.3614,0.0,0.0,0.0,4508472.4077,4394595.5055,-2392027.7331,2482.6699,1337.5208,7156.8225,4508451.9272,4394577.9755,-2392038.3683,2482.6941,1337.5321,7156.9243,0.0,0.0765,3.9732,0.0,0.0,1.0,0.0,1.0,0.0,0.0,1.172,-23.972,0.0,1.0,0.0,0.0,0.0,-1.0,0.19932385707686875,0.001414213562373095,-0.1,1.0768375024011163,2.7115563093347745,1.5,0.15
558.5569,15.357,-0.183,0.079,11.384,-0.086,0.07,-0.105,-0.001,-0.001,-0.105,-0.001,-0.001,-0.529,-0.14,0.289,-0.007,-0.004,0.008,0.0,-0.0,-0.0,829.79,-1.0,0.0,-0.0,0.0,0.0,0.0,0.0,0.0,-0.6689,0.7088,-0.2242,0.738,0.6692,-0.0865,0.0887,-0.2233,-0.9707,0.676,0.226,-0.7014,-0.7316,0.0917,-0.6755,-0.0884,0.9698,0.2273,0.0001,-0.0001,-0.0001,0.0,0.0,0.0,-0.0253,-0.01,-0.1016,20.4756,17.5277,10.6143,0.0,0.0433,-0.3614,0.0,0.0,0.0,4508979.5157,4394868.6526,-2390565.4705,2481.4669,1336.3506,7157.4601,4508959.0401,4394851.1249,-2390576.0848,2481.4922,1336.3606,7157.5618,0.0,0.0765,3.9732,0.0,0.0,1.0,0.0,1.0,0.0,0.0,1.172,-23.972,0.0,1.0,0.0,0.0,0.0,-1.0,0.19932385707686875,0.001414213562373095,-0.1,1.0760583522120724,2.7078534427398964,1.5,0.15
558.7627,15.335,-0.183,0.078,11.362,-0.086,0.069,-0.105,-0.001,-0.008,-0.105,-0.001,-0.008,-0.531,-0.141,0.291,-0.007,-0.004,0.007,0.0,-0.0,-0.0,829.763,-1.0,0.0,-0.0,0.0,0.0,0.0,0.0,0.0,-0.6689,0.7088,-0.2241,0.7381,0.6692,-0.0864,0.0887,-0.2232,-0.9707,0.676,0.226,-0.7014,-0.7316,0.0917,-0.6755,-0.0884,0.9698,0.2273,0.0001,-0.0001,-0.0001,0.0,0.0,0.0,-0.0299,-0.0049,-0.101,20.4698,17.5262,10.5934,0.0,0.0433,-0.3614,0.0,0.0,0.0,4509491.6776,4395144.4145,-2389087.7787,2480.2477,1335.1719,7158.1045,4509471.2077,4395126.8884,-2389098.3721,2480.2776,1335.1768,7158.2055,0.0,0.0765,3.9732,0.0,0.0,1.0,0.0,1.0,0.0,0.0,1.172,-23.972,0.0,1.0,0.0,0.0,0.0,-1.0,0.19892963580120485,0.00806225774829855,-0.1,1.075124808626583,2.7039742491643106,1.5,0.15
558.9632,15.314,-0.183,0.076,11.342,-0.087,0.067,-0.105,-0.001,-0.009,-0.105,-0.001,-0.01,-0.532,-0.142,0.292,-0.007,-0.004,0.007,0.0,-0.0,-0.0,829.757,-0.0,0.0,-0.0,0.0,0.0,0.0,0.0,0.0,-0.6689,0.7088,-0.2241,0.7381,0.6692,-0.0864,0.0887,-0.2232,-0.9707,0.676,0.226,-0.7014,-0.7316,0.0917,-0.6755,-0.0884,0.9698,0.2273,0.0001,-0.0001,-0.0001,0.0,0.0,0.0,-0.0309,-0.0038,-0.1009,20.4638,17.5254,10.5734,0.0,0.0433,-0.3614,0.0,0.0,0.0,4509983.0935,4395408.9044,-2387669.1362,2479.0806,1334.0365,7158.7221,4509962.6297,4395391.3789,-2387679.7096,2479.1115,1334.0403,7158.8231,0.0,0.0765,3.9732,0.0,0.0,1.0,0.0,1.0,0.0,0.0,1.172,-23.972,0.0,1.0,0.0,0.0,0.0,-1.0,0.19815398053029365,0.009055385138137416,-0.1,1.055963099892148,2.7002713825694324,1.5,0.15
559.1671,15.293,-0.184,0.074,11.32,-0.087,0.065,-0.105,-0.001,-0.009,-0.105,-0.001,-0.01,-0.534,-0.143,0.294,-0.007,-0.004,0.007,0.0,-0.0,-0.0,829.757,-0.0,0.0,-0.0,0.0,0.0,0.0,0.0,0.0,-0.6688,0.7088,-0.2241,0.7381,0.6691,-0.0864,0.0887,-0.2232,-0.9707,0.676,0.226,-0.7014,-0.7316,0.0917,-0.6755,-0.0884,0.9698,0.2273,0.0001,-0.0001,-0.0001,0.0,0.0,0.0,-0.0309,-0.0038,-0.1009,20.4575,17.5246,10.5528,0.0,0.0433,-0.3614,0.0,0.0,0.0,4510488.8221,4395680.9919,-2386208.3533,2477.8799,1332.8663,7159.3576,4510468.3646,4395663.4673,-2386218.9061,2477.9108,1332.8701,7159.4585,0.0,0.0765,3.9732,0.0,0.0,1.0,0.0,1.0,0.0,0.0,1.172,-23.972,0.0,1.0,0.0,0.0,0.0,-1.0,0.1983229689168655,0.009055385138137416,-0.1,1.0685646607956574,2.6965685159745547,1.5,0.15
559.3697,15.271,-0.184,0.073,11.299,-0.087,0.063,-0.105,-0.001,-0.009,-0.105,-0.001,-0.01,-0.535,-0.144,0.295,-0.007,-0.004,0.007,0.0,-0.0,-0.0,829.757,-0.0,0.0,-0.0,0.0,0.0,0.0,0.0,0.0,-0.6688,0.7088,-0.2241,0.7381,0.6691,-0.0864,0.0888,-0.2232,-0.9707,0.676,0.226,-0.7014,-0.7316,0.0917,-0.6755,-0.0884,0.9698,0.2273,0.0001,-0.0001,-0.0001,0.0,0.0,0.0,-0.0309,-0.0038,-0.1009,20.4511,17.5239,10.5321,0.0,0.0433,-0.3614,0.0,0.0,0.0,4510995.7526,4395953.619,-2384743.2555,2476.6755,1331.6927,7159.9945,4510975.3015,4395936.0951,-2384753.7876,2476.7064,1331.6964,7160.0955,0.0,0.0765,3.9732,0.0,0.0,1.0,0.0,1.0,0.0,0.0,1.172,-23.972,0.0,1.0,0.0,0.0,0.0,-1.0,0.19795201438732568,0.009055385138137416,-0.1,1.0661632619571295,2.692689322398969,1.5,0.15
559.5746,15.25,-0.184,0.071,11.277,-0.087,0.061,-0.105,-0.001,-0.009,-0.105,-0.001,-0.01,-0.536,-0.144,0.297,-0.007,-0.004,0.007,0.0,-0.0,-0.0,829.757,-0.0,0.0,-0.0,0.0,0.0,0.0,0.0,0.0,-0.6688,0.7089,-0.2241,0.7381,0.6691,-0.0863,0.0888,-0.2232,-0.9707,0.676,0.226,-0.7014,-0.7316,0.0917,-0.6755,-0.0884,0.9698,0.2273,0.0001,-0.0001,-0.0001,0.0,0.0,0.0,-0.0309,-0.0038,-0.1009,20.4449,17.5231,10.5116,0.0,0.0433,-0.3614,0.0,0.0,0.0,4511498.5555,4396223.9198,-2383289.2532,2475.4803,1330.528,7160.6261,4511478.1107,4396206.3967,-2383299.7649,2475.5112,1330.5317,7160.7271,0.0,0.0765,3.9732,0.0,0.0,1.0,0.0,1.0,0.0,0.0,1.172,-23.972,0.0,1.0,0.0,0.0,0.0,-1.0,0.19722322378462429,0.009055385138137416,-0.1,1.0646442395204088,2.688986455804091,1.5,0.15
559.7783,15.228,-0.184,0.069,11.256,-0.087,0.059,-0.105,-0.001,-0.009,-0.105,-0.001,-0.01,-0.538,-0.145,0.298,-0.007,-0.004,0.007,0.0,-0.0,-0.0,829.757,-0.0,0.0,-0.0,0.0,0.0,0.0,0.0,0.0,-0.6688,0.7089,-0.2241,0.7381,0.6691,-0.0863,0.0888,-0.2231,-0.9707,0.676,0.226,-0.7014,-0.7316,0.0917,-0.6755,-0.0884,0.9698,0.2273,0.0001,-0.0001,-0.0001,0.0,0.0,0.0,-0.0309,-0.0037,-0.101,20.4386,17.5224,10.491,0.0,0.0433,-0.3614,0.0,0.0,0.0,4512003.938,4396495.5005,-2381826.9552,2474.2782,1329.3566,7161.2609,4511983.4995,4396477.9781,-2381837.4462,2474.3091,1329.3604,7161.3619,0.0,0.0765,3.9732,0.0,0.0,1.0,0.0,1.0,0.0,0.0,1.172,-23.972,0.0,1.0,0.0,0.0,0.0,-1.0,0.1965120861423032,0.009055385138137416,-0.1,1.0638890273834607,2.6851072622285046,1.5,0.15
559.982,15.207,-0.185,0.067,11.234,-0.087,0.058,-0.105,-0.001,-0.009,-0.105,-0.001,-0.01,-0.539,-0.146,0.3,-0.007,-0.004,0.007,0.0,-0.0,-0.0,829.757,-0.0,0.0,-0.0,0.0,0.0,0.0,0.0,0.0,-0.6688,0.7089,-0.2241,0.7382,0.6691,-0.0863,0.0888,-0.2231,-0.9707,0.676,0.226,-0.7014,-0.7316,0.0917,-0.6755,-0.0884,0.9698,0.2273,0.0001,-0.0001,-0.0001,0.0,0.0,0.0,-0.0309,-0.0037,-0.101,20.4323,17.5216,10.4704,0.0,0.0433,-0.3614,0.0,0.0,0.0,4512508.9392,4396766.7687,-2380364.9236,2473.0763,1328.1855,7161.8952,4512488.507,4396749.2471,-2380375.394,2473.1072,1328.1893,7161.9961,0.0,0.0765,3.9732,0.0,0.0,1.0,0.0,1.0,0.0,0.0,1.172,-23.972,0.0,1.0,0.0,0.0,0.0,-1.0,0.1967587355112855,0.009055385138137416,-0.1,1.0783187361174396,2.681404395633627,1.5,0.15
560.1864,15.186,-0.185,0.065,11.213,-0.087,0.056,-0.105,-0.001,-0.009,-0.105,-0.001,-0.01,-0.54,-0.147,0.301,-0.007,-0.004,0.007,0.0,-0.0,-0.0,829.757,-0.0,0.0,-0.0,0.0,0.0,0.0,0.0,0.0,-0.6687,0.7089,-0.2241,0.7382,0.6691,-0.0862,0.0888,-0.2231,-0.9707,0.676,0.226,-0.7014,-0.7316,0.0917,-0.6755,-0.0884,0.9698,0.2273,0.0001,-0.0001,-0.0001,0.0,0.0,0.0,-0.0309,-0.0037,-0.101,20.426,17.5209,10.45,0.0,0.0433,-0.3614,0.0,0.0,0.0,4513009.2551,4397035.4145,-2378915.6251,2471.8849,1327.0247,7162.5234,4512988.8291,4397017.8936,-2378926.0751,2471.9158,1327.0284,7162.6244,0.0,0.0765,3.9732,0.0,0.0,1.0,0.0,1.0,0.0,0.0,1.172,-23.972,0.0,1.0,0.0,0.0,0.0,-1.0,0.19608671551127577,0.009055385138137416,-0.1,1.0771940381700857,2.677701529038749,1.5,0.15
560.3879,15.164,-0.185,0.063,11.191,-0.088,0.054,-0.105,-0.001,-0.005,-0.105,-0.001,-0.005,-0.542,-0.148,0.303,-0.007,-0.004,0.007,0.0,-0.0,-0.0,829.739,1.0,0.0,-0.0,0.0,0.0,0.0,0.0,0.0,-0.6687,0.7089,-0.2241,0.7382,0.6691,-0.0862,0.0888,-0.2231,-0.9708,0.676,0.226,-0.7014,-0.7316,0.0917,-0.6755,-0.0884,0.9698,0.2273,0.0001,-0.0001,-0.0001,0.0,0.0,0.0,-0.0279,-0.007,-0.1014,20.4199,17.5199,10.4294,0.0,0.0433,-0.3614,0.0,0.0,0.0,4513512.5257,4397305.5402,-2377456.9332,2470.6887,1325.853,7163.1549,4513492.1058,4397288.0203,-2377467.3626,2470.7166,1325.86,7163.2563,0.0,0.0765,3.9732,0.0,0.0,1.0,0.0,1.0,0.0,0.0,1.172,-23.972,0.0,1.0,0.0,0.0,0.0,-1.0,0.1954328529188478,0.005099019513592785,-0.1,1.0578283296634978,2.673822335463163,1.5,0.15
560.5935,15.143,-0.185,0.063,11.17,-0.088,0.053,-0.105,-0.001,-0.002,-0.105,-0.001,-0.002,-0.543,-0.149,0.305,-0.007,-0.004,0.008,0.0,-0.0,-0.0,829.728,-0.0,0.0,-0.0,0.0,0.0,0.0,0.0,0.0,-0.6687,0.709,-0.2241,0.7382,0.669,-0.0862,0.0888,-0.223,-0.9708,0.676,0.226,-0.7014,-0.7316,0.0917,-0.6755,-0.0884,0.9698,0.2273,0.0001,-0.0001,-0.0001,0.0,0.0,0.0,-0.0261,-0.0089,-0.1016,20.4145,17.5182,10.4086,0.0,0.0433,-0.3614,0.0,0.0,0.0,4514017.2995,4397576.364,-2375993.0474,2469.4869,1324.6786,7163.7884,4513996.885,4397558.8458,-2376003.456,2469.5131,1324.6876,7163.89,0.0,0.0765,3.9732,0.0,0.0,1.0,0.0,1.0,0.0,0.0,1.172,-23.972,0.0,1.0,0.0,0.0,0.0,-1.0,0.1954328529188478,0.0022360679774997894,-0.1,1.0561037487918188,2.670119468868285,1.5,0.15
560.7946,15.121,-0.186,0.062,11.149,-0.088,0.053,-0.105,-0.001,-0.002,-0.105,-0.001,-0.002,-0.544,-0.149,0.306,-0.007,-0.004,0.008,0.0,-0.0,-0.0,829.728,-0.0,0.0,-0.0,0.0,0.0,0.0,0.0,0.0,-0.6687,0.709,-0.2241,0.7382,0.669,-0.0862,0.0888,-0.223,-0.9708,0.676,0.226,-0.7014,-0.7316,0.0917,-0.6755,-0.0884,0.9698,0.2273,0.0001,-0.0001,-0.0001,0.0,0.0,0.0,-0.0261,-0.0089,-0.1016,20.4092,17.5164,10.3881,0.0,0.0433,-0.3614,0.0,0.0,0.0,4514515.3251,4397843.4614,-2374547.9069,2468.2988,1323.5212,7164.4136,4514494.9159,4397825.9451,-2374558.295,2468.3249,1323.5301,7164.5152,0.0,0.0765,3.9732,0.0,0.0,1.0,0.0,1.0,0.0,0.0,1.172,-23.972,0.0,1.0,0.0,0.0,0.0,-1.0,0.19606121493043951,0.0022360679774997894,-0.1,1.0713200616919225,2.666240275292699,1.5,0.15
561.0023,15.1,-0.186,0.062,11.127,-0.088,0.052,-0.105,-0.001,-0.002,-0.105,-0.001,-0.002,-0.546,-0.15,0.308,-0.007,-0.004,0.008,0.0,-0.0,-0.0,829.728,-0.0,0.0,-0.0,0.0,0.0,0.0,0.0,0.0,-0.6687,0.709,-0.224,0.7382,0.669,-0.0861,0.0888,-0.223,-0.9708,0.676,0.226,-0.7014,-0.7316,0.0917,-0.6755,-0.0884,0.9698,0.2273,0.0001,-0.0001,-0.0001,0.0,0.0,0.0,-0.0261,-0.0089,-0.1016,20.4038,17.5145,10.3671,0.0,0.0433,-0.3614,0.0,0.0,0.0,4515025.9432,4398117.2036,-2373065.3697,2467.0799,1322.3338,7165.0544,4515005.5393,4398099.6891,-2373075.7368,2467.1061,1322.3427,7165.1561,0.0,0.0765,3.9732,0.0,0.0,1.0,0.0,1.0,0.0,0.0,1.172,-23.972,0.0,1.0,0.0,0.0,0.0,-1.0,0.19606121493043951,0.0022360679774997894,-0.1,1.0692875196261897,2.662537408697821,1.5,0.15
561.2072,15.078,-0.186,0.062,11.105,-0.088,0.052,-0.105,-0.001,-0.002,-0.105,-0.001,-0.002,-0.547,-0.151,0.309,-0.007,-0.004,0.008,0.0,-0.0,-0.0,829.728,-0.0,0.0,-0.0,0.0,0.0,0.0,0.0,0.0,-0.6686,0.709,-0.224,0.7383,0.669,-0.0861,0.0888,-0.223,-0.9708,0.676,0.226,-0.7014,-0.7316,0.0917,-0.6755,-0.0884,0.9698,0.2273,0.0001,-0.0001,-0.0001,0.0,0.0,0.0,-0.0261,-0.0089,-0.1016,20.3985,17.5127,10.3463,0.0,0.0433,-0.3614,0.0,0.0,0.0,4515530.1283,4398387.3885,-2371600.6621,2465.8757,1321.1608,7165.6872,4515509.7298,4398369.8757,-2371611.0084,2465.9018,1321.1697,7165.7888,0.0,0.0765,3.9732,0.0,0.0,1.0,0.0,1.0,0.0,0.0,1.172,-23.972,0.0,1.0,0.0,0.0,0.0,-1.0,0.19606121493043951,0.0022360679774997894,-0.1,1.0687843552717837,2.6586582151222347,1.5,0.15
561.4126,15.056,-0.186,0.061,11.084,-0.088,0.051,-0.105,-0.001,-0.002,-0.105,-0.001,-0.002,-0.549,-0.152,0.311,-0.007,-0.004,0.008,0.0,-0.0,-0.0,829.728,-0.0,0.0,-0.0,0.0,0.0,0.0,0.0,0.0,-0.6686,0.7091,-0.224,0.7383,0.669,-0.0861,0.0888,-0.2229,-0.9708,0.676,0.226,-0.7014,-0.7316,0.0917,-0.6755,-0.0884,0.9698,0.2273,0.0001,-0.0001,-0.0001,0.0,0.0,0.0,-0.0261,-0.0089,-0.1017,20.3931,17.5109,10.3253,0.0,0.0433,-0.3614,0.0,0.0,0.0,4516040.2461,4398660.6428,-2370117.8578,2464.6565,1319.9732,7166.3272,4516019.8531,4398643.1319,-2370128.1831,2464.6826,1319.9822,7166.4289,0.0,0.0765,3.9732,0.0,0.0,1.0,0.0,1.0,0.0,0.0,1.172,-23.972,0.0,1.0,0.0,0.0,0.0,-1.0,0.19574728606036917,0.0022360679774997894,-0.1,1.068440247670697,2.6547790215466485,1.5,0.15
561.6192,15.035,-0.187,0.061,11.062,-0.088,0.051,-0.105,-0.001,-0.002,-0.105,-0.001,-0.002,-0.55,-0.153,0.312,-0.007,-0.004,0.008,0.0,-0.0,-0.0,829.728,-0.0,0.0,-0.0,0.0,0.0,0.0,0.0,0.0,-0.6686,0.7091,-0.224,0.7383,0.669,-0.086,0.0889,-0.2229,-0.9708,0.676,0.226,-0.7014,-0.7316,0.0917,-0.6755,-0.0884,0.9698,0.2273,0.0001,-0.0001,-0.0001,0.0,0.0,0.0,-0.0261,-0.0089,-0.1017,20.3877,17.5091,10.3043,0.0,0.0433,-0.3614,0.0,0.0,0.0,4516547.8623,4398932.4469,-2368641.4697,2463.4426,1318.7909,7166.9641,4516527.4746,4398914.9378,-2368651.7741,2463.4687,1318.7998,7167.0658,0.0,0.0765,3.9732,0.0,0.0,1.0,0.0,1.0,0.0,0.0,1.172,-23.972,0.0,1.0,0.0,0.0,0.0,-1.0,0.19669773765857096,0.0022360679774997894,-0.1,1.081971782011714,2.6510761549517707,1.5,0.15
561.8252,15.013,-0.187,0.06,11.04,-0.089,0.05,-0.105,-0.001,-0.002,-0.105,-0.001,-0.002,-0.551,-0.154,0.314,-0.007,-0.004,0.008,0.0,-0.0,-0.0,829.728,-0.0,0.0,-0.0,0.0,0.0,0.0,0.0,0.0,-0.6686,0.7091,-0.224,0.7383,0.669,-0.086,0.0889,-0.2229,-0.9708,0.676,0.226,-0.7014,-0.7316,0.0917,-0.6755,-0.0884,0.9698,0.2273,0.0001,-0.0001,-0.0001,0.0,0.0,0.0,-0.0261,-0.0089,-0.1017,20.3823,17.5072,10.2833,0.0,0.0433,-0.3614,0.0,0.0,0.0,4517056.9996,4399204.9556,-2367159.7907,2462.2243,1317.6044,7167.6028,4517036.6172,4399187.4483,-2367170.074,2462.2504,1317.6133,7167.7045,0.0,0.0765,3.9732,0.0,0.0,1.0,0.0,1.0,0.0,0.0,1.172,-23.972,0.0,1.0,0.0,0.0,0.0,-1.0,0.19638991827484423,0.0022360679774997894,-0.1,1.062923071405117,2.6471969613761845,1.5,0.15
562.0315,14.991,-0.187,0.06,11.019,-0.089,0.05,-0.105,-0.001,-0.002,-0.105,-0.001,-0.002,-0.553,-0.154,0.315,-0.007,-0.004,0.008,0.0,-0.0,-0.0,829.728,-0.0,0.0,-0.0,0.0,0.0,0.0,0.0,0.0,-0.6686,0.7091,-0.224,0.7383,0.6689,-0.086,0.0889,-0.2229,-0.9708,0.676,0.226,-0.7014,-0.7316,0.0917,-0.6755,-0.0884,0.9698,0.2273,0.0001,-0.0001,-0.0001,0.0,0.0,0.0,-0.0261,-0.0089,-0.1017,20.377,17.5054,10.2625,0.0,0.0433,-0.3614,0.0,0.0,0.0,4517559.636,4399473.8762,-2365696.1813,2461.0208,1316.4323,7168.2332,4517539.259,4399456.3708,-2365706.4438,2461.0469,1316.4412,7168.3349,0.0,0.0765,3.9732,0.0,0.0,1.0,0.0,1.0,0.0,0.0,1.172,-23.972,0.0,1.0,0.0,0.0,0.0,-1.0,0.19638991827484423,0.0022360679774997894,-0.1,1.0627821260591057,2.6433177678005984,1.5,0.15
562.2382,14.969,-0.187,0.059,10.997,-0.089,0.049,-0.105,-0.001,-0.002,-0.105,-0.001,-0.002,-0.554,-0.155,0.317,-0.007,-0.004,0.008,0.0,-0.0,-0.0,829.728,-0.0,0.0,-0.0,0.0,0.0,0.0,0.0,0.0,-0.6685,0.7091,-0.224,0.7383,0.6689,-0.0859,0.0889,-0.2228,-0.9708,0.676,0.226,-0.7014,-0.7316,0.0917,-0.6755,-0.0884,0.9698,0.2273,0.0001,-0.0001,-0.0001,0.0,0.0,0.0,-0.0261,-0.0089,-0.1017,20.3716,17.5036,10.2414,0.0,0.0433,-0.3614,0.0,0.0,0.0,4518071.5292,4399747.6385,-2364204.7493,2459.7944,1315.238,7168.8752,4518051.1576,4399730.1349,-2364214.9907,2459.8205,1315.2469,7168.9769,0.0,0.0765,3.9732,0.0,0.0,1.0,0.0,1.0,0.0,0.0,1.172,-23.972,0.0,1.0,0.0,0.0,0.0,-1.0,0.19608671551127577,0.0022360679774997894,-0.1,1.062069790445468,2.639438574225012,1.5,0.15
562.4429,14.948,-0.188,0.059,10.975,-0.089,0.049,-0.105,-0.001,-0.002,-0.105,-0.001,-0.002,-0.555,-0.156,0.318,-0.007,-0.004,0.008,0.0,-0.0,-0.0,829.728,-0.0,0.0,-0.0,0.0,0.0,0.0,0.0,0.0,-0.6685,0.7092,-0.224,0.7384,0.6689,-0.0859,0.0889,-0.2228,-0.9708,0.676,0.226,-0.7014,-0.7316,0.0917,-0.6755,-0.0884,0.9698,0.2273,0.0001,-0.0001,-0.0001,0.0,0.0,0.0,-0.0261,-0.0089,-0.1017,20.3662,17.5018,10.2206,0.0,0.0433,-0.3614,0.0,0.0,0.0,4518573.3857,4400015.9241,-2362741.7106,2458.5913,1314.0665,7169.5045,4518553.0194,4399998.4223,-2362751.9312,2458.6174,1314.0754,7169.6062,0.0,0.0765,3.9732,0.0,0.0,1.0,0.0,1.0,0.0,0.0,1.172,-23.972,0.0,1.0,0.0,0.0,0.0,-1.0,0.1970406049523803,0.0022360679774997894,-0.1,1.0755905781113797,2.6357357076301344,1.5,0.15
562.646,14.926,-0.188,0.058,10.954,-0.089,0.048,-0.105,-0.001,-0.002,-0.105,-0.001,-0.002,-0.557,-0.157,0.32,-0.007,-0.004,0.008,0.0,-0.0,-0.0,829.728,-0.0,0.0,-0.0,0.0,0.0,0.0,0.0,0.0,-0.6685,0.7092,-0.224,0.7384,0.6689,-0.0859,0.0889,-0.2228,-0.9708,0.676,0.226,-0.7014,-0.7316,0.0917,-0.6755,-0.0884,0.9698,0.2273,0.0001,-0.0001,-0.0001,0.0,0.0,0.0,-0.0261,-0.0089,-0.1017,20.3609,17.5,10.1999,0.0,0.0433,-0.3614,0.0,0.0,0.0,4519074.6223,4400283.7708,-2361279.6337,2457.389,1312.8958,7170.133,4519054.2614,4400266.2708,-2361289.8336,2457.4151,1312.9046,7170.2347,0.0,0.0765,3.9732,0.0,0.0,1.0,0.0,1.0,0.0,0.0,1.172,-23.972,0.0,1.0,0.0,0.0,0.0,-1.0,0.19674348782107123,0.0022360679774997894,-0.1,1.075268852133641,2.6318565140545482,1.5,0.15
562.8491,14.905,-0.188,0.058,10.932,-0.089,0.048,-0.105,-0.001,-0.002,-0.105,-0.001,-0.002,-0.558,-0.158,0.322,-0.007,-0.004,0.008,0.0,-0.0,-0.0,829.728,-0.0,0.0,-0.0,0.0,0.0,0.0,0.0,0.0,-0.6685,0.7092,-0.224,0.7384,0.6689,-0.0859,0.0889,-0.2228,-0.9708,0.676,0.226,-0.7014,-0.7316,0.0917,-0.6755,-0.0884,0.9698,0.2273,0.0001,-0.0001,-0.0001,0.0,0.0,0.0,-0.0261,-0.0089,-0.1017,20.3556,17.4982,10.1791,0.0,0.0433,-0.3614,0.0,0.0,0.0,4519576.2565,4400551.7222,-2359815.5488,2456.1851,1311.7235,7170.7618,4519555.9009,4400534.224,-2359825.7279,2456.2111,1311.7323,7170.8635,0.0,0.0765,3.9732,0.0,0.0,1.0,0.0,1.0,0.0,0.0,1.172,-23.972,0.0,1.0,0.0,0.0,0.0,-1.0,0.19674348782107123,0.0022360679774997894,-0.1,1.0743847299200249,2.6281536474596705,1.5,0.15
563.0519,14.884,-0.188,0.058,10.911,-0.089,0.047,-0.105,-0.001,-0.002,-0.105,-0.001,-0.002,-0.56,-0.159,0.323,-0.007,-0.004,0.008,0.0,-0.0,-0.0,829.728,-0.0,0.0,-0.0,0.0,0.0,0.0,0.0,0.0,-0.6685,0.7092,-0.224,0.7384,0.6689,-0.0858,0.0889,-0.2227,-0.9708,0.676,0.226,-0.7014,-0.7316,0.0917,-0.6755,-0.0884,0.9698,0.2273,0.0001,-0.0001,-0.0001,0.0,0.0,0.0,-0.0261,-0.0089,-0.1017,20.3504,17.4964,10.1589,0.0,0.0433,-0.3614,0.0,0.0,0.0,4520064.6306,4400812.4866,-2358389.3548,2455.0122,1310.5815,7171.374,4520044.2802,4400794.9902,-2358399.5137,2455.0383,1310.5904,7171.4757,0.0,0.0765,3.9732,0.0,0.0,1.0,0.0,1.0,0.0,0.0,1.172,-23.972,0.0,1.0,0.0,0.0,0.0,-1.0,0.19674348782107123,0.0022360679774997894,-0.1,1.07323139732826,2.6244507808647928,1.5,0.15
563.2549,14.862,-0.188,0.057,10.89,-0.089,0.047,-0.105,-0.001,-0.002,-0.105,-0.001,-0.002,-0.561,-0.159,0.325,-0.007,-0.004,0.008,0.0,-0.0,-0.0,829.728,-0.0,0.0,-0.0,0.0,0.0,0.0,0.0,0.0,-0.6684,0.7093,-0.2239,0.7384,0.6688,-0.0858,0.0889,-0.2227,-0.9708,0.676,0.226,-0.7014,-0.7316,0.0917,-0.6755,-0.0884,0.9698,0.2273,0.0001,-0.0001,-0.0001,0.0,0.0,0.0,-0.0261,-0.0089,-0.1017,20.3451,17.4946,10.138,0.0,0.0433,-0.3614,0.0,0.0,0.0,4520567.6914,4401080.9854,-2356919.4326,2453.8034,1309.4046,7172.0045,4520547.3464,4401063.4908,-2356929.5707,2453.8294,1309.4135,7172.1062,0.0,0.0765,3.9732,0.0,0.0,1.0,0.0,1.0,0.0,0.0,1.172,-23.972,0.0,1.0,0.0,0.0,0.0,-1.0,0.1964510117052086,0.0022360679774997894,-0.1,1.073563829426457,2.6205715872892066,1.5,0.15
563.4578,14.841,-0.189,0.057,10.868,-0.09,0.046,-0.105,-0.001,-0.002,-0.105,-0.001,-0.002,-0.562,-0.16,0.326,-0.007,-0.004,0.008,0.0,-0.0,-0.0,829.728,-0.0,0.0,-0.0,0.0,0.0,0.0,0.0,0.0,-0.6684,0.7093,-0.2239,0.7385,0.6688,-0.0858,0.0889,-0.2227,-0.9708,0.676,0.226,-0.7014,-0.7316,0.0917,-0.6755,-0.0884,0.9698,0.2273,0.0001,-0.0001,-0.0001,0.0,0.0,0.0,-0.0261,-0.0089,-0.1017,20.3398,17.4928,10.1172,0.0,0.0433,-0.3614,0.0,0.0,0.0,4521068.59,4401348.2218,-2355454.9804,2452.599,1308.2321,7172.6322,4521048.2502,4401330.729,-2355465.0977,2452.6251,1308.241,7172.7339,0.0,0.0765,3.9732,0.0,0.0,1.0,0.0,1.0,0.0,0.0,1.172,-23.972,0.0,1.0,0.0,0.0,0.0,-1.0,0.19740820651634522,0.0022360679774997894,-0.1,1.0680878554326438,2.6168687206943284,1.5,0.15
563.662,14.819,-0.189,0.056,10.847,-0.09,0.046,-0.105,-0.001,-0.002,-0.105,-0.001,-0.002,-0.564,-0.161,0.328,-0.007,-0.004,0.008,0.0,-0.0,-0.0,829.728,-0.0,0.0,-0.0,0.0,0.0,0.0,0.0,0.0,-0.6684,0.7093,-0.2239,0.7385,0.6688,-0.0857,0.0889,-0.2227,-0.9708,0.676,0.226,-0.7014,-0.7316,0.0917,-0.6755,-0.0884,0.9698,0.2273,0.0001,-0.0001,-0.0001,0.0,0.0,0.0,-0.0261,-0.0088,-0.1018,20.3344,17.491,10.0964,0.0,0.0433,-0.3614,0.0,0.0,0.0,4521570.2211,4401615.7407,-2353987.5346,2451.3921,1307.0572,7173.2607,4521549.8867,4401598.2496,-2353997.6311,2451.4182,1307.0661,7173.3625,0.0,0.0765,3.9732,0.0,0.0,1.0,0.0,1.0,0.0,0.0,1.172,-23.972,0.0,1.0,0.0,0.0,0.0,-1.0,0.19712178976460212,0.0022360679774997894,-0.1,1.0683664035700935,2.6129895271187427,1.5,0.15
563.8688,14.798,-0.189,0.056,10.825,-0.09,0.045,-0.105,-0.001,-0.002,-0.105,-0.001,-0.002,-0.565,-0.162,0.329,-0.007,-0.004,0.008,0.0,-0.0,-0.0,829.728,-0.0,0.0,-0.0,0.0,0.0,0.0,0.0,0.0,-0.6684,0.7093,-0.2239,0.7385,0.6688,-0.0857,0.089,-0.2227,-0.9708,0.676,0.226,-0.7014,-0.7316,0.0917,-0.6755,-0.0884,0.9698,0.2273,0.0001,-0.0001,-0.0001,0.0,0.0,0.0,-0.0261,-0.0088,-0.1018,20.329,17.4892,10.0754,0.0,0.0433,-0.3614,0.0,0.0,0.0,4522075.9658,4401885.3431,-2352507.1937,2450.1746,1305.8721,7173.8943,4522055.6367,4401867.8539,-2352517.2692,2450.2007,1305.8809,7173.9961,0.0,0.0765,3.9732,0.0,0.0,1.0,0.0,1.0,0.0,0.0,1.172,-23.972,0.0,1.0,0.0,0.0,0.0,-1.0,0.19712178976460212,0.0022360679774997894,-0.1,1.066930555937481,2.609286660523865,1.5,0.15
564.0691,14.777,-0.189,0.055,10.804,-0.09,0.045,-0.105,-0.001,-0.002,-0.105,-0.001,-0.002,-0.566,-0.163,0.331,-0.007,-0.004,0.008,0.0,-0.0,-0.0,829.728,-0.0,0.0,-0.0,0.0,0.0,0.0,0.0,0.0,-0.6684,0.7093,-0.2239,0.7385,0.6688,-0.0857,0.089,-0.2226,-0.9708,0.676,0.226,-0.7014,-0.7316,0.0917,-0.6755,-0.0884,0.9698,0.2273,0.0001,-0.0001,-0.0001,0.0,0.0,0.0,-0.026,-0.0088,-0.1018,20.3238,17.4875,10.0551,0.0,0.0433,-0.3614,0.0,0.0,0.0,4522564.3146,4402145.5673,-2351076.9476,2448.9983,1304.727,7174.5061,4522543.9908,4402128.0798,-2351087.0027,2449.0244,1304.7359,7174.6078,0.0,0.0765,3.9732,0.0,0.0,1.0,0.0,1.0,0.0,0.0,1.172,-23.972,0.0,1.0,0.0,0.0,0.0,-1.0,0.19684003657792792,0.0022360679774997894,-0.1,1.0668010524462703,2.6055837939289868,1.5,0.15
564.2704,14.755,-0.19,0.055,10.783,-0.09,0.044,-0.105,-0.001,-0.002,-0.105,-0.001,-0.002,-0.568,-0.164,0.332,-0.007,-0.004,0.008,0.0,-0.0,-0.0,829.728,-0.0,0.0,-0.0,0.0,0.0,0.0,0.0,0.0,-0.6683,0.7094,-0.2239,0.7385,0.6688,-0.0857,0.089,-0.2226,-0.9708,0.676,0.226,-0.7014,-0.7316,0.0917,-0.6755,-0.0884,0.9698,0.2273,0.0001,-0.0001,-0.0001,0.0,0.0,0.0,-0.026,-0.0088,-0.1018,20.3186,17.4857,10.0346,0.0,0.0433,-0.3614,0.0,0.0,0.0,4523058.3175,4402408.6989,-2349629.3207,2447.8077,1303.5681,7175.1248,4523037.9989,4402391.2132,-2349639.3553,2447.8337,1303.5769,7175.2266,0.0,0.0765,3.9732,0.0,0.0,1.0,0.0,1.0,0.0,0.0,1.172,-23.972,0.0,1.0,0.0,0.0,0.0,-1.0,0.1978004044485248,0.0022360679774997894,-0.1,1.0805748060151417,2.601704600353401,1.5,0.15
564.4717,14.734,-0.19,0.054,10.761,-0.09,0.044,-0.105,-0.001,-0.002,-0.105,-0.001,-0.002,-0.569,-0.164,0.334,-0.007,-0.004,0.008,0.0,-0.0,-0.0,829.728,-0.0,0.0,-0.0,0.0,0.0,0.0,0.0,0.0,-0.6683,0.7094,-0.2239,0.7385,0.6688,-0.0856,0.089,-0.2226,-0.9708,0.676,0.226,-0.7014,-0.7316,0.0917,-0.6755,-0.0884,0.9698,0.2273,0.0001,-0.0001,-0.0001,0.0,0.0,0.0,-0.026,-0.0088,-0.1018,20.3134,17.4839,10.0142,0.0,0.0433,-0.3614,0.0,0.0,0.0,4523549.554,4402670.2518,-2348188.9798,2446.623,1302.4151,7175.74,4523529.2407,4402652.7679,-2348198.994,2446.649,1302.4239,7175.8418,0.0,0.0765,3.9732,0.0,0.0,1.0,0.0,1.0,0.0,0.0,1.172,-23.972,0.0,1.0,0.0,0.0,0.0,-1.0,0.19752468200202222,0.0022360679774997894,-0.1,1.0800024925867915,2.598001733758523,1.5,0.15
564.672,14.713,-0.19,0.054,10.74,-0.09,0.043,-0.105,-0.001,-0.002,-0.105,-0.0,-0.002,-0.57,-0.165,0.335,-0.007,-0.004,0.008,0.0,-0.0,-0.0,829.728,-0.0,0.0,-0.0,0.0,0.0,0.0,0.0,0.0,-0.6683,0.7094,-0.2239,0.7386,0.6687,-0.0856,0.089,-0.2226,-0.9708,0.676,0.226,-0.7014,-0.7316,0.0917,-0.6755,-0.0884,0.9698,0.2273,0.0001,-0.0001,-0.0001,0.0,0.0,0.0,-0.026,-0.0088,-0.1018,20.3081,17.4822,9.9935,0.0,0.0433,-0.3614,0.0,0.0,0.0,4524045.0866,4402933.9862,-2346735.2057,2445.4272,1301.2513,7176.3605,4524024.7785,4402916.504,-2346745.1992,2445.4533,1301.2601,7176.4623,0.0,0.0765,3.9732,0.0,0.0,1.0,0.0,1.0,0.0,0.0,1.172,-23.972,0.0,1.0,0.0,0.0,0.0,-1.0,0.19752468200202222,0.0022360679774997894,-0.1,1.0790647970091578,2.594298867163645,1.5,0.15
564.8772,14.691,-0.19,0.054,10.719,-0.09,0.043,-0.105,-0.001,-0.002,-0.105,-0.0,-0.002,-0.572,-0.166,0.337,-0.007,-0.004,0.008,0.0,-0.0,-0.0,829.728,-0.0,0.0,-0.0,0.0,0.0,0.0,0.0,0.0,-0.6683,0.7094,-0.2239,0.7386,0.6687,-0.0856,0.089,-0.2225,-0.9709,0.676,0.226,-0.7014,-0.7316,0.0917,-0.6755,-0.0884,0.9698,0.2273,0.0001,-0.0001,-0.0001,0.0,0.0,0.0,-0.026,-0.0088,-0.1018,20.3028,17.4804,9.9729,0.0,0.0433,-0.3614,0.0,0.0,0.0,4524541.6753,4403198.1752,-2345277.495,2444.2282,1300.0844,7176.9822,4524521.3725,4403180.6948,-2345287.4679,2444.2542,1300.0932,7177.084,0.0,0.0765,3.9732,0.0,0.0,1.0,0.0,1.0,0.0,0.0,1.172,-23.972,0.0,1.0,0.0,0.0,0.0,-1.0,0.19752468200202222,0.0022360679774997894,-0.1,1.078893657014665,2.590419673588059,1.5,0.15
565.0825,14.67,-0.19,0.053,10.697,-0.09,0.042,-0.105,-0.001,-0.002,-0.105,-0.0,-0.002,-0.573,-0.167,0.338,-0.007,-0.004,0.008,0.0,-0.0,-0.0,829.728,-0.0,0.0,-0.0,0.0,0.0,0.0,0.0,0.0,-0.6683,0.7095,-0.2239,0.7386,0.6687,-0.0855,0.089,-0.2225,-0.9709,0.676,0.226,-0.7014,-0.7316,0.0917,-0.6755,-0.0884,0.9698,0.2273,0.0001,-0.0001,-0.0001,0.0,0.0,0.0,-0.026,-0.0088,-0.1018,20.2975,17.4786,9.952,0.0,0.0433,-0.3614,0.0,0.0,0.0,4525041.1828,4403463.8086,-2343810.3677,2443.0214,1298.91,7177.6075,4525020.8853,4403446.33,-2343820.3198,2443.0474,1298.9188,7177.7094,0.0,0.0765,3.9732,0.0,0.0,1.0,0.0,1.0,0.0,0.0,1.172,-23.972,0.0,1.0,0.0,0.0,0.0,-1.0,0.19725364381932212,0.0022360679774997894,-0.1,1.077921267650562,2.586716806993181,1.5,0.15
565.2827,14.649,-0.191,0.053,10.676,-0.09,0.042,-0.105,-0.001,-0.002,-0.105,-0.0,-0.002,-0.575,-0.168,0.34,-0.007,-0.004,0.008,0.0,-0.0,-0.0,829.728,-0.0,0.0,-0.0,0.0,0.0,0.0,0.0,0.0,-0.6682,0.7095,-0.2239,0.7386,0.6687,-0.0855,0.089,-0.2225,-0.9709,0.676,0.226,-0.7014,-0.7316,0.0917,-0.6755,-0.0884,0.9698,0.2273,0.0001,-0.0001,-0.0001,0.0,0.0,0.0,-0.026,-0.0088,-0.1018,20.2923,17.4768,9.9316,0.0,0.0433,-0.3614,0.0,0.0,0.0,4525532.4202,4403724.9376,-2342366.7008,2441.8339,1297.7544,7178.2224,4525512.128,4403707.4608,-2342376.6324,2441.8599,1297.7632,7178.3242,0.0,0.0765,3.9732,0.0,0.0,1.0,0.0,1.0,0.0,0.0,1.172,-23.972,0.0,1.0,0.0,0.0,0.0,-1.0,0.19821705274773913,0.0022360679774997894,-0.1,1.0917949140213734,2.5830139403983035,1.5,0.15
565.4873,14.627,-0.191,0.052,10.654,-0.091,0.041,-0.105,-0.001,-0.002,-0.105,-0.0,-0.002,-0.576,-0.169,0.341,-0.007,-0.004,0.008,0.0,-0.0,-0.0,829.728,-0.0,0.0,-0.0,0.0,0.0,0.0,0.0,0.0,-0.6682,0.7095,-0.2238,0.7386,0.6687,-0.0855,0.089,-0.2225,-0.9709,0.676,0.226,-0.7014,-0.7316,0.0917,-0.6755,-0.0884,0.9698,0.2273,0.0001,-0.0001,-0.0001,0.0,0.0,0.0,-0.026,-0.0088,-0.1018,20.2869,17.475,9.9107,0.0,0.0433,-0.3614,0.0,0.0,0.0,4526032.683,4403990.7559,-2340895.659,2440.6238,1296.5769,7178.8485,4526012.396,4403973.2809,-2340905.5697,2440.6498,1296.5857,7178.9503,0.0,0.0765,3.9732,0.0,0.0,1.0,0.0,1.0,0.0,0.0,1.172,-23.972,0.0,1.0,0.0,0.0,0.0,-1.0,0.19795201438732568,0.0022360679774997894,-0.1,1.0727262316322455,2.5791347468227173,1.5,0.15
565.6907,14.606,-0.191,0.052,10.633,-0.091,0.041,-0.105,-0.001,-0.002,-0.105,-0.0,-0.002,-0.577,-0.169,0.343,-0.007,-0.004,0.008,0.0,-0.0,-0.0,829.728,-0.0,0.0,-0.0,0.0,0.0,0.0,0.0,0.0,-0.6682,0.7095,-0.2238,0.7386,0.6687,-0.0855,0.089,-0.2224,-0.9709,0.676,0.226,-0.7014,-0.7316,0.0917,-0.6755,-0.0884,0.9698,0.2273,0.0001,-0.0001,-0.0001,0.0,0.0,0.0,-0.026,-0.0088,-0.1018,20.2817,17.4733,9.8901,0.0,0.0433,-0.3614,0.0,0.0,0.0,4526526.3605,4404252.9676,-2339443.141,2439.4289,1295.4143,7179.4663,4526506.0788,4404235.4943,-2339453.0311,2439.4549,1295.4231,7179.5681,0.0,0.0765,3.9732,0.0,0.0,1.0,0.0,1.0,0.0,0.0,1.172,-23.972,0.0,1.0,0.0,0.0,0.0,-1.0,0.19795201438732568,0.0022360679774997894,-0.1,1.0721784689197582,2.5754318802278395,1.5,0.15
565.8949,14.584,-0.191,0.051,10.611,-0.091,0.04,-0.105,-0.001,-0.002,-0.105,-0.0,-0.002,-0.579,-0.17,0.345,-0.007,-0.004,0.008,0.0,-0.0,-0.0,829.728,-0.0,0.0,-0.0,0.0,0.0,0.0,0.0,0.0,-0.6682,0.7095,-0.2238,0.7387,0.6686,-0.0854,0.089,-0.2224,-0.9709,0.676,0.226,-0.7014,-0.7316,0.0917,-0.6755,-0.0884,0.9698,0.2273,0.0001,-0.0001,-0.0001,0.0,0.0,0.0,-0.026,-0.0088,-0.1018,20.2763,17.4715,9.8691,0.0,0.0433,-0.3614,0.0,0.0,0.0,4527027.8171,4404519.2017,-2337966.8769,2438.2145,1294.2327,7180.0937,4527007.5407,4404501.7302,-2337976.7461,2438.2405,1294.2415,7180.1955,0.0,0.0765,3.9732,0.0,0.0,1.0,0.0,1.0,0.0,0.0,1.172,-23.972,0.0,1.0,0.0,0.0,0.0,-1.0,0.1976916791369834,0.0022360679774997894,-0.1,1.0715795172370568,2.5715526866522533,1.5,0.15
566.1007,14.562,-0.191,0.051,10.59,-0.091,0.04,-0.105,-0.001,-0.002,-0.105,-0.0,-0.002,-0.58,-0.171,0.346,-0.007,-0.004,0.008,0.0,-0.0,-0.0,829.728,-0.0,0.0,-0.0,0.0,0.0,0.0,0.0,0.0,-0.6682,0.7096,-0.2238,0.7387,0.6686,-0.0854,0.0891,-0.2224,-0.9709,0.676,0.226,-0.7014,-0.7316,0.0917,-0.6755,-0.0884,0.9698,0.2273,0.0001,-0.0001,-0.0001,0.0,0.0,0.0,-0.026,-0.0088,-0.1019,20.271,17.4697,9.8483,0.0,0.0433,-0.3614,0.0,0.0,0.0,4527526.8431,4404784.0357,-2336496.9101,2437.0052,1293.0562,7180.718,4527506.5721,4404766.566,-2336506.7584,2437.0312,1293.0649,7180.8198,0.0,0.0765,3.9732,0.0,0.0,1.0,0.0,1.0,0.0,0.0,1.172,-23.972,0.0,1.0,0.0,0.0,0.0,-1.0,0.1976916791369834,0.0022360679774997894,-0.1,1.0713902157174955,2.5676734930766667,1.5,0.15
566.301,14.541,-0.192,0.05,10.569,-0.091,0.039,-0.105,-0.001,-0.002,-0.105,-0.0,-0.002,-0.581,-0.172,0.348,-0.007,-0.004,0.008,0.0,-0.0,-0.0,829.728,-0.0,0.0,-0.0,0.0,0.0,0.0,0.0,0.0,-0.6681,0.7096,-0.2238,0.7387,0.6686,-0.0854,0.0891,-0.2224,-0.9709,0.676,0.226,-0.7014,-0.7316,0.0917,-0.6755,-0.0884,0.9698,0.2273,0.0001,-0.0001,-0.0001,0.0,0.0,0.0,-0.026,-0.0088,-0.1019,20.2658,17.468,9.8278,0.0,0.0433,-0.3614,0.0,0.0,0.0,4528016.4401,4405043.7595,-2335053.8819,2435.8181,1291.9012,7181.3304,4527996.1743,4405026.2915,-2335063.7098,2435.8441,1291.91,7181.4323,0.0,0.0765,3.9732,0.0,0.0,1.0,0.0,1.0,0.0,0.0,1.172,-23.972,0.0,1.0,0.0,0.0,0.0,-1.0,0.19840362899906847,0.0022360679774997894,-0.1,1.0852425886536716,2.5639706264817894,1.5,0.15
566.507,14.519,-0.192,0.05,10.547,-0.091,0.039,-0.105,-0.001,-0.002,-0.105,-0.0,-0.002,-0.583,-0.173,0.349,-0.007,-0.004,0.008,0.0,-0.0,-0.0,829.728,-0.0,0.0,-0.0,0.0,0.0,0.0,0.0,0.0,-0.6681,0.7096,-0.2238,0.7387,0.6686,-0.0853,0.0891,-0.2223,-0.9709,0.676,0.226,-0.7014,-0.7316,0.0917,-0.6755,-0.0884,0.9698,0.2273,0.0001,-0.0001,-0.0001,0.0,0.0,0.0,-0.026,-0.0088,-0.1019,20.2604,17.4662,9.8068,0.0,0.0433,-0.3614,0.0,0.0,0.0,4528517.7802,4405309.6029,-2333575.39,2434.6017,1290.718,7181.9574,4528497.5198,4405292.1368,-2333585.1968,2434.6277,1290.7267,7182.0593,0.0,0.0765,3.9732,0.0,0.0,1.0,0.0,1.0,0.0,0.0,1.172,-23.972,0.0,1.0,0.0,0.0,0.0,-1.0,0.19840362899906847,0.0022360679774997894,-0.1,1.0846599406474287,2.560091432906203,1.5,0.15
566.7098,14.498,-0.192,0.05,10.525,-0.091,0.038,-0.105,-0.001,-0.002,-0.105,-0.0,-0.002,-0.584,-0.174,0.351,-0.007,-0.004,0.008,0.0,-0.0,-0.0,829.728,-0.0,0.0,-0.0,0.0,0.0,0.0,0.0,0.0,-0.6681,0.7096,-0.2238,0.7387,0.6686,-0.0853,0.0891,-0.2223,-0.9709,0.676,0.226,-0.7014,-0.7316,0.0917,-0.6755,-0.0884,0.9698,0.2273,0.0001,-0.0001,-0.0001,0.0,0.0,0.0,-0.026,-0.0087,-0.1019,20.2552,17.4644,9.7862,0.0,0.0433,-0.3614,0.0,0.0,0.0,4529011.8926,4405571.5054,-2332117.362,2433.4022,1289.5511,7182.5753,4528991.6374,4405554.041,-2332127.1482,2433.4282,1289.5598,7182.6772,0.0,0.0765,3.9732,0.0,0.0,1.0,0.0,1.0,0.0,0.0,1.172,-23.972,0.0,1.0,0.0,0.0,0.0,-1.0,0.19840362899906847,0.0022360679774997894,-0.1,1.0838486252527628,2.556388566311325,1.5,0.15
566.9147,14.477,-0.192,0.049,10.504,-0.091,0.038,-0.105,-0.001,-0.002,-0.105,-0.0,-0.002,-0.585,-0.174,0.352,-0.007,-0.004,0.008,0.0,-0.0,-0.0,829.728,-0.0,0.0,-0.0,0.0,0.0,0.0,0.0,0.0,-0.6681,0.7096,-0.2238,0.7387,0.6686,-0.0853,0.0891,-0.2223,-0.9709,0.676,0.226,-0.7014,-0.7316,0.0917,-0.6755,-0.0884,0.9698,0.2273,0.0001,-0.0001,-0.0001,0.0,0.0,0.0,-0.026,-0.0087,-0.1019,20.2499,17.4626,9.7654,0.0,0.0433,-0.3614,0.0,0.0,0.0,4529508.0818,4405834.4003,-2330652.3544,2432.1969,1288.3787,7183.1958,4529487.8318,4405816.9376,-2330662.1198,2432.2228,1288.3874,7183.2977,0.0,0.0765,3.9732,0.0,0.0,1.0,0.0,1.0,0.0,0.0,1.172,-23.972,0.0,1.0,0.0,0.0,0.0,-1.0,0.19815398053029368,0.0022360679774997894,-0.1,1.083152494381378,2.5526856997164473,1.5,0.15
567.1198,14.455,-0.192,0.049,10.482,-0.091,0.037,-0.105,-0.001,-0.002,-0.105,-0.0,-0.002,-0.587,-0.175,0.354,-0.007,-0.004,0.008,0.0,-0.0,-0.0,829.728,-0.0,0.0,-0.0,0.0,0.0,0.0,0.0,0.0,-0.6681,0.7097,-0.2238,0.7388,0.6686,-0.0853,0.0891,-0.2223,-0.9709,0.676,0.226,-0.7014,-0.7316,0.0917,-0.6755,-0.0884,0.9698,0.2273,0.0001,-0.0001,-0.0001,0.0,0.0,0.0,-0.026,-0.0087,-0.1019,20.2445,17.4608,9.7442,0.0,0.0433,-0.3614,0.0,0.0,0.0,4530012.955,4406101.7842,-2329160.8325,2430.9697,1287.185,7183.827,4529992.7105,4406084.3234,-2329170.5767,2430.9957,1287.1938,7183.9289,0.0,0.0765,3.9732,0.0,0.0,1.0,0.0,1.0,0.0,0.0,1.172,-23.972,0.0,1.0,0.0,0.0,0.0,-1.0,0.19815398053029368,0.0022360679774997894,-0.1,1.08276537028254,2.548806506140861,1.5,0.15
567.3261,14.433,-0.192,0.048,10.46,-0.091,0.037,-0.106,-0.001,-0.002,-0.105,-0.0,-0.002,-0.588,-0.176,0.355,-0.007,-0.004,0.008,0.0,-0.0,-0.0,829.728,-0.0,0.0,-0.0,0.0,0.0,0.0,0.0,0.0,-0.668,0.7097,-0.2238,0.7388,0.6685,-0.0852,0.0891,-0.2223,-0.9709,0.676,0.226,-0.7014,-0.7316,0.0917,-0.6755,-0.0884,0.9698,0.2273,0.0001,-0.0001,-0.0001,0.0,0.0,0.0,-0.0259,-0.0087,-0.1019,20.2392,17.459,9.7233,0.0,0.0433,-0.3614,0.0,0.0,0.0,4530511.8908,4406365.9127,-2327685.983,2429.7563,1286.0048,7184.4506,4530491.6516,4406348.4536,-2327695.7063,2429.7822,1286.0135,7184.5526,0.0,0.0765,3.9732,0.0,0.0,1.0,0.0,1.0,0.0,0.0,1.172,-23.972,0.0,1.0,0.0,0.0,0.0,-1.0,0.19790907002964772,0.0022360679774997894,-0.1,1.0819896704532392,2.544927312565275,1.5,0.15
567.5313,14.411,-0.193,0.048,10.439,-0.091,0.036,-0.106,-0.001,-0.002,-0.105,-0.0,-0.002,-0.59,-0.177,0.357,-0.007,-0.004,0.008,0.0,-0.0,-0.0,829.728,-0.0,0.0,-0.0,0.0,0.0,0.0,0.0,0.0,-0.668,0.7097,-0.2238,0.7388,0.6685,-0.0852,0.0891,-0.2222,-0.9709,0.676,0.226,-0.7014,-0.7316,0.0917,-0.6755,-0.0884,0.9698,0.2273,0.0001,-0.0001,-0.0001,0.0,0.0,0.0,-0.0259,-0.0087,-0.1019,20.2339,17.4573,9.7024,0.0,0.0433,-0.3614,0.0,0.0,0.0,4531008.9057,4406628.9142,-2326215.953,2428.5467,1284.8284,7185.0718,4530988.6718,4406611.4569,-2326225.6554,2428.5727,1284.8371,7185.1738,0.0,0.0765,3.9732,0.0,0.0,1.0,0.0,1.0,0.0,0.0,1.172,-23.972,0.0,1.0,0.0,0.0,0.0,-1.0,0.1988793604173143,0.0022360679774997894,-0.1,1.096466888315357,2.5410481189896887,1.5,0.15
567.7317,14.39,-0.193,0.047,10.418,-0.091,0.036,-0.106,-0.001,-0.002,-0.106,-0.0,-0.002,-0.591,-0.178,0.358,-0.007,-0.004,0.008,0.0,-0.0,-0.0,829.728,-0.0,0.0,-0.0,0.0,0.0,0.0,0.0,0.0,-0.668,0.7097,-0.2237,0.7388,0.6685,-0.0852,0.0891,-0.2222,-0.9709,0.676,0.226,-0.7014,-0.7316,0.0917,-0.6755,-0.0884,0.9698,0.2273,0.0001,-0.0001,-0.0001,0.0,0.0,0.0,-0.0259,-0.0087,-0.1019,20.2287,17.4555,9.682,0.0,0.0433,-0.3614,0.0,0.0,0.0,4531496.4943,4406886.8212,-2324772.9651,2427.3594,1283.6737,7185.6812,4531476.2656,4406869.3657,-2324782.647,2427.3853,1283.6825,7185.7831,0.0,0.0765,3.9732,0.0,0.0,1.0,0.0,1.0,0.0,0.0,1.172,-23.972,0.0,1.0,0.0,0.0,0.0,-1.0,0.19864037857394454,0.0022360679774997894,-0.1,1.0956676582862652,2.537345252394811,1.5,0.15
567.933,14.369,-0.193,0.047,10.396,-0.092,0.035,-0.106,-0.001,-0.002,-0.106,-0.0,-0.002,-0.592,-0.179,0.36,-0.007,-0.004,0.008,0.0,-0.0,-0.0,829.728,-0.0,0.0,-0.0,0.0,0.0,0.0,0.0,0.0,-0.668,0.7098,-0.2237,0.7388,0.6685,-0.0851,0.0891,-0.2222,-0.9709,0.676,0.226,-0.7014,-0.7316,0.0917,-0.6755,-0.0884,0.9698,0.2273,0.0001,-0.0001,-0.0001,0.0,0.0,0.0,-0.0259,-0.0087,-0.1019,20.2235,17.4538,9.6615,0.0,0.0433,-0.3614,0.0,0.0,0.0,4531984.0022,4407144.5796,-2323329.3894,2426.1716,1282.5186,7186.2904,4531963.7787,4407127.1258,-2323339.0509,2426.1975,1282.5273,7186.3923,0.0,0.0765,3.9732,0.0,0.0,1.0,0.0,1.0,0.0,0.0,1.172,-23.972,0.0,1.0,0.0,0.0,0.0,-1.0,0.19864037857394454,0.0022360679774997894,-0.1,1.0764860170533257,2.5336423857999333,1.5,0.15
568.1384,14.347,-0.193,0.046,10.375,-0.092,0.035,-0.106,-0.001,-0.002,-0.106,-0.0,-0.002,-0.594,-0.179,0.361,-0.007,-0.004,0.008,0.0,-0.0,-0.0,829.728,-0.0,0.0,-0.0,0.0,0.0,0.0,0.0,0.0,-0.668,0.7098,-0.2237,0.7388,0.6685,-0.0851,0.0891,-0.2222,-0.9709,0.676,0.226,-0.7014,-0.7316,0.0917,-0.6755,-0.0884,0.9698,0.2273,0.0001,-0.0001,-0.0001,0.0,0.0,0.0,-0.0259,-0.0087,-0.1019,20.2181,17.452,9.6406,0.0,0.0433,-0.3614,0.0,0.0,0.0,4532481.9065,4407407.7256,-2321854.1708,2424.9577,1281.3382,7186.9124,4532461.6883,4407390.2735,-2321863.8114,2424.9836,1281.3469,7187.0144,0.0,0.0765,3.9732,0.0,0.0,1.0,0.0,1.0,0.0,0.0,1.172,-23.972,0.0,1.0,0.0,0.0,0.0,-1.0,0.19840614909825754,0.0022360679774997894,-0.1,1.075990353362352,2.529763192224347,1.5,0.15
568.3393,14.326,-0.193,0.046,10.353,-0.092,0.034,-0.106,-0.001,-0.002,-0.106,-0.0,-0.002,-0.595,-0.18,0.363,-0.007,-0.004,0.008,0.0,-0.0,-0.0,829.728,-0.0,0.0,-0.0,0.0,0.0,-0.036,0.0,0.0,-0.6679,0.7098,-0.2237,0.7389,0.6685,-0.0851,0.0892,-0.2221,-0.9709,0.676,0.226,-0.7014,-0.7316,0.0917,-0.6755,-0.0884,0.9698,0.2273,0.0001,-0.0001,-0.0001,0.0,0.0,0.0,-0.0259,-0.0087,-0.102,20.2129,17.4503,9.62,0.0,0.0433,-0.3614,0.0,0.0,0.0,4532970.9971,4407666.1055,-2320404.2249,2423.7646,1280.178,7187.5234,4532950.7842,4407648.6552,-2320413.8449,2423.7905,1280.1867,7187.6254,0.0,0.0765,3.9732,0.0,0.0,1.0,0.0,1.0,0.0,0.0,1.172,-23.972,0.0,1.0,0.0,0.0,0.0,-1.0,0.19840614909825754,0.0022360679774997894,-0.1,1.075408070884991,2.5260603256294694,1.5,0.15
568.5404,14.305,-0.193,0.046,10.332,-0.092,0.034,-0.106,-0.001,-0.002,-0.106,-0.0,-0.002,-0.602,-0.181,0.364,-0.069,-0.005,0.007,0.0,-0.0,-0.001,829.715,-0.0,0.0,-0.0,0.0,0.0,-0.805,0.0,0.0,-0.6678,0.7099,-0.2237,0.7389,0.6684,-0.0851,0.0891,-0.2221,-0.9709,0.676,0.226,-0.7014,-0.7316,0.0917,-0.6755,-0.0884,0.9698,0.2273,0.0001,-0.0001,-0.0012,0.0,0.0,0.0,-0.0259,-0.0087,-0.102,20.2077,17.4485,9.5994,0.0,0.0433,-0.3614,0.0,0.0,0.0,4533459.506,4407924.0713,-2318955.166,2422.5722,1279.0186,7188.1336,4533439.2983,4407906.6228,-2318964.7654,2422.5981,1279.0273,7188.2355,0.0,0.0765,3.9732,0.0,0.0,1.0,0.0,1.0,0.0,0.0,1.172,-23.972,0.0,1.0,0.0,0.0,0.0,-1.0,0.19840614909825754,0.0022360679774997894,-0.1,1.0748218476370905,2.5223574590345916,1.5,0.15
568.7416,14.284,-0.194,0.045,10.311,-0.092,0.033,-0.106,-0.001,-0.002,-0.106,-0.0,-0.002,-0.623,-0.182,0.366,-0.145,-0.005,0.007,0.0,-0.0,-0.003,829.698,-0.0,0.0,-0.0,0.0,0.0,-1.0,0.0,0.0,-0.6676,0.7101,-0.2237,0.7392,0.6681,-0.085,0.0891,-0.2221,-0.9709,0.676,0.226,-0.7014,-0.7316,0.0917,-0.6755,-0.0884,0.9698,0.2273,0.0001,-0.0001,-0.0025,0.0,0.0,0.0,-0.0259,-0.0087,-0.102,20.2025,17.4468,9.579,0.0,0.0433,-0.3614,0.0,0.0,0.0,4533944.3859,4408180.0152,-2317516.0441,2421.3879,1277.8671,7188.7391,4533924.1834,4408162.5684,-2317525.6232,2421.4138,1277.8758,7188.8411,0.0,0.0765,3.9732,0.0,0.0,1.0,0.0,1.0,0.0,0.0,1.172,-23.972,0.0,1.0,0.0,0.0,0.0,-1.0,0.19915069670980315,0.0022360679774997894,-0.1,1.088768402600388,2.518654592439714,1.5,0.15
568.9454,14.262,-0.194,0.045,10.289,-0.092,0.033,-0.106,-0.001,-0.002,-0.106,-0.0,-0.002,-0.66,-0.183,0.368,-0.217,-0.005,0.007,0.0,-0.0,-0.004,829.682,-0.0,0.0,-0.0,0.0,0.0,-1.0,0.0,0.0,-0.6671,0.7106,-0.2237,0.7396,0.6676,-0.085,0.0889,-0.2222,-0.9709,0.676,0.226,-0.7014,-0.7316,0.0917,-0.6755,-0.0884,0.9698,0.2273,0.0001,-0.0001,-0.0038,0.0,0.0,0.0,-0.0259,-0.0087,-0.102,20.1972,17.4451,9.5581,0.0,0.0433,-0.3614,0.0,0.0,0.0,4534440.3339,4408441.6924,-2316043.2182,2420.1759,1276.6888,7189.3584,4534420.1367,4408424.2473,-2316052.7763,2420.2018,1276.6974,7189.4604,0.0,0.0765,3.9732,0.0,0.0,1.0,0.0,1.0,0.0,0.0,1.172,-23.972,0.0,1.0,0.0,0.0,0.0,-1.0,0.19915069670980315,0.0022360679774997894,-0.1,1.088150053372777,2.5147753988641277,1.5,0.15
569.1461,14.241,-0.194,0.044,10.268,-0.092,0.032,-0.106,-0.001,-0.002,-0.106,-0.0,-0.002,-0.704,-0.184,0.369,-0.186,-0.005,0.007,0.0,-0.0,-0.003,829.665,-0.0,0.0,-0.0,0.0,0.0,0.0,0.0,0.0,-0.6666,0.7111,-0.2237,0.7401,0.6671,-0.085,0.0888,-0.2222,-0.971,0.676,0.226,-0.7014,-0.7316,0.0917,-0.6755,-0.0884,0.9698,0.2273,0.0001,-0.0001,-0.0033,0.0,0.0,0.0,-0.0259,-0.0087,-0.102,20.192,17.4434,9.5376,0.0,0.0433,-0.3614,0.0,0.0,0.0,4534926.2941,4408697.9927,-2314599.2113,2418.9875,1275.5335,7189.9652,4534906.1021,4408680.5493,-2314608.7489,2419.0134,1275.5421,7190.0672,0.0,0.0765,3.9732,0.0,0.0,1.0,0.0,1.0,0.0,0.0,1.172,-23.972,0.0,1.0,0.0,0.0,0.0,-1.0,0.19892712233378335,0.0022360679774997894,-0.1,1.0877017535251685,2.5110725322692495,1.5,0.15
569.3516,14.219,-0.194,0.044,10.247,-0.092,0.032,-0.106,-0.001,-0.002,-0.106,-0.0,-0.002,-0.734,-0.184,0.371,-0.113,-0.005,0.007,0.0,-0.0,-0.002,829.647,-0.0,0.0,-0.0,0.0,0.0,0.0,0.0,0.0,-0.6662,0.7115,-0.2237,0.7405,0.6667,-0.0849,0.0887,-0.2222,-0.971,0.676,0.226,-0.7014,-0.7316,0.0917,-0.6755,-0.0884,0.9698,0.2273,0.0001,-0.0001,-0.002,0.0,0.0,0.0,-0.0259,-0.0087,-0.102,20.1866,17.4416,9.5167,0.0,0.0433,-0.3614,0.0,0.0,0.0,4535423.7432,4408960.242,-2313120.2083,2417.7703,1274.3502,7190.5862,4535403.5566,4408942.8004,-2313129.7249,2417.7962,1274.3589,7190.6882,0.0,0.0765,3.9732,0.0,0.0,1.0,0.0,1.0,0.0,0.0,1.172,-23.972,0.0,1.0,0.0,0.0,0.0,-1.0,0.19892712233378335,0.0022360679774997894,-0.1,1.087478842697013,2.5071933386936633,1.5,0.15
569.5575,14.197,-0.194,0.043,10.225,-0.092,0.031,-0.106,-0.001,-0.002,-0.106,-0.0,-0.002,-0.751,-0.185,0.372,-0.042,-0.004,0.007,0.0,-0.0,-0.001,829.629,-0.0,0.0,-0.0,0.0,0.0,0.0,0.0,0.0,-0.666,0.7116,-0.2237,0.7407,0.6665,-0.0849,0.0886,-0.2222,-0.971,0.676,0.226,-0.7014,-0.7316,0.0917,-0.6755,-0.0884,0.9698,0.2273,0.0001,-0.0001,-0.0007,0.0,0.0,0.0,-0.0259,-0.0087,-0.102,20.1813,17.4398,9.4957,0.0,0.0433,-0.3614,0.0,0.0,0.0,4535920.6257,4409222.0815,-2311642.0163,2416.5538,1273.1676,7191.2064,4535900.4445,4409204.6417,-2311651.512,2416.5797,1273.1763,7191.3084,0.0,0.0765,3.9732,0.0,0.0,1.0,0.0,1.0,0.0,0.0,1.172,-23.972,0.0,1.0,0.0,0.0,0.0,-1.0,0.19870832896484233,0.0022360679774997894,-0.1,1.0870132089551192,2.503314145118077,1.5,0.15
569.7577,14.176,-0.194,0.043,10.204,-0.092,0.031,-0.106,-0.001,-0.002,-0.106,-0.0,-0.002,-0.753,-0.186,0.374,-0.006,-0.004,0.008,0.0,-0.0,-0.0,829.62,-0.0,0.0,-0.0,0.0,0.0,0.0,0.0,0.0,-0.6659,0.7117,-0.2237,0.7407,0.6664,-0.0849,0.0886,-0.2222,-0.971,0.676,0.226,-0.7014,-0.7316,0.0917,-0.6755,-0.0884,0.9698,0.2273,0.0001,-0.0001,-0.0001,0.0,0.0,0.0,-0.0259,-0.0086,-0.102,20.1761,17.4381,9.4754,0.0,0.0433,-0.3614,0.0,0.0,0.0,4536401.8979,4409475.5885,-2310209.4351,2415.3748,1272.0215,7191.807,4536381.7217,4409458.1504,-2310218.9105,2415.4006,1272.0302,7191.9091,0.0,0.0765,3.9732,0.0,0.0,1.0,0.0,1.0,0.0,0.0,1.172,-23.972,0.0,1.0,0.0,0.0,0.0,-1.0,0.19870832896484233,0.0022360679774997894,-0.1,1.0864147454102333,2.4996112785231994,1.5,0.15
569.9663,14.155,-0.195,0.042,10.182,-0.092,0.03,-0.106,-0.001,-0.002,-0.106,-0.0,-0.002,-0.755,-0.187,0.375,-0.006,-0.004,0.008,0.0,-0.0,-0.0,829.62,-0.0,0.0,-0.0,0.0,0.0,0.0,0.0,0.0,-0.6659,0.7117,-0.2237,0.7407,0.6664,-0.0849,0.0887,-0.2222,-0.971,0.676,0.226,-0.7014,-0.7316,0.0917,-0.6755,-0.0884,0.9698,0.2273,0.0001,-0.0001,-0.0001,0.0,0.0,0.0,-0.0259,-0.0086,-0.102,20.1708,17.4364,9.4543,0.0,0.0433,-0.3614,0.0,0.0,0.0,4536899.9018,4409737.7987,-2308726.1855,2414.154,1270.835,7192.4285,4536879.731,4409720.3623,-2308735.6399,2414.1799,1270.8436,7192.5305,0.0,0.0765,3.9732,0.0,0.0,1.0,0.0,1.0,0.0,0.0,1.172,-23.972,0.0,1.0,0.0,0.0,0.0,-1.0,0.19947180251855148,0.0022360679774997894,-0.1,1.0999866097042703,2.4959084119283217,1.5,0.15
570.173,14.132,-0.195,0.042,10.16,-0.092,0.03,-0.106,-0.001,-0.002,-0.106,-0.0,-0.002,-0.756,-0.188,0.377,-0.006,-0.004,0.008,0.0,-0.0,-0.0,829.62,-0.0,0.0,-0.0,0.0,0.0,0.0,0.0,0.0,-0.6659,0.7117,-0.2236,0.7407,0.6664,-0.0848,0.0887,-0.2221,-0.971,0.676,0.226,-0.7014,-0.7316,0.0917,-0.6755,-0.0884,0.9698,0.2273,0.0001,-0.0001,-0.0001,0.0,0.0,0.0,-0.0259,-0.0086,-0.102,20.1654,17.4346,9.4329,0.0,0.0433,-0.3614,0.0,0.0,0.0,4537405.9002,4410004.1035,-2307218.2228,2412.9129,1269.6287,7193.0598,4537385.7348,4409986.6689,-2307227.6558,2412.9388,1269.6373,7193.1619,0.0,0.0765,3.9732,0.0,0.0,1.0,0.0,1.0,0.0,0.0,1.172,-23.972,0.0,1.0,0.0,0.0,0.0,-1.0,0.19947180251855148,0.0022360679774997894,-0.1,1.099730621766825,2.491852891372027,1.5,0.15
570.3736,14.111,-0.195,0.042,10.139,-0.092,0.029,-0.106,-0.001,-0.002,-0.106,-0.0,-0.002,-0.757,-0.189,0.378,-0.006,-0.004,0.008,0.0,-0.0,-0.0,829.62,-0.0,0.0,-0.0,0.0,0.0,0.0,0.0,0.0,-0.6659,0.7117,-0.2236,0.7408,0.6664,-0.0848,0.0887,-0.2221,-0.971,0.676,0.226,-0.7014,-0.7316,0.0917,-0.6755,-0.0884,0.9698,0.2273,0.0001,-0.0001,-0.0001,0.0,0.0,0.0,-0.0259,-0.0086,-0.102,20.1603,17.4329,9.4126,0.0,0.0433,-0.3614,0.0,0.0,0.0,4537886.5385,4410256.9538,-2305784.997,2411.7333,1268.4822,7193.6594,4537866.3782,4410239.5209,-2305794.4096,2411.7591,1268.4908,7193.7615,0.0,0.0765,3.9732,0.0,0.0,1.0,0.0,1.0,0.0,0.0,1.172,-23.972,0.0,1.0,0.0,0.0,0.0,-1.0,0.19947180251855148,0.0022360679774997894,-0.1,1.1000757621767794,2.4881500247771493,1.5,0.15
570.5739,14.09,-0.195,0.041,10.118,-0.092,0.029,-0.106,-0.001,-0.002,-0.106,-0.0,-0.002,-0.764,-0.189,0.38,-0.071,-0.005,0.007,0.0,-0.0,-0.001,829.605,-0.0,0.0,-0.0,0.0,0.0,-1.0,0.0,0.0,-0.6658,0.7118,-0.2236,0.7408,0.6663,-0.0848,0.0887,-0.2221,-0.971,0.676,0.226,-0.7014,-0.7316,0.0917,-0.6755,-0.0884,0.9698,0.2273,0.0001,-0.0001,-0.0012,0.0,0.0,0.0,-0.0258,-0.0086,-0.102,20.155,17.4311,9.392,0.0,0.0433,-0.3614,0.0,0.0,0.0,4538374.4138,4410513.5038,-2304329.3537,2410.5351,1267.3178,7194.268,4538354.2588,4410496.0727,-2304338.7456,2410.561,1267.3264,7194.3701,0.0,0.0765,3.9732,0.0,0.0,1.0,0.0,1.0,0.0,0.0,1.172,-23.972,0.0,1.0,0.0,0.0,0.0,-1.0,0.19926364445126463,0.0022360679774997894,-0.1,1.0987068168024192,2.4844471581822716,1.5,0.15
570.7747,14.069,-0.195,0.041,10.096,-0.092,0.028,-0.106,-0.001,-0.002,-0.106,-0.0,-0.002,-0.786,-0.19,0.381,-0.145,-0.005,0.007,0.0,-0.0,-0.003,829.589,-0.0,0.0,-0.0,0.0,0.0,-1.0,0.0,0.0,-0.6655,0.7121,-0.2236,0.7411,0.666,-0.0847,0.0886,-0.2221,-0.971,0.676,0.226,-0.7014,-0.7316,0.0917,-0.6755,-0.0884,0.9698,0.2273,0.0001,-0.0001,-0.0025,0.0,0.0,0.0,-0.0258,-0.0086,-0.1021,20.1498,17.4294,9.3715,0.0,0.0433,-0.3614,0.0,0.0,0.0,4538856.3952,4410766.8484,-2302890.4635,2409.3508,1266.1668,7194.8691,4538836.2454,4410749.419,-2302899.835,2409.3766,1266.1754,7194.9712,0.0,0.0765,3.9732,0.0,0.0,1.0,0.0,1.0,0.0,0.0,1.172,-23.972,0.0,1.0,0.0,0.0,0.0,-1.0,0.19926364445126463,0.0022360679774997894,-0.1,1.0987095126609618,2.480744291587394,1.5,0.15
570.9787,14.047,-0.195,0.04,10.075,-0.092,0.028,-0.106,-0.001,-0.002,-0.106,-0.0,-0.002,-0.823,-0.191,0.383,-0.218,-0.006,0.007,0.0,-0.0,-0.004,829.573,-0.0,0.0,-0.0,0.0,0.0,-1.0,0.0,0.0,-0.6651,0.7125,-0.2236,0.7415,0.6655,-0.0847,0.0885,-0.2222,-0.971,0.676,0.226,-0.7014,-0.7316,0.0917,-0.6755,-0.0884,0.9698,0.2273,0.0001,-0.0001,-0.0038,0.0,0.0,0.0,-0.0258,-0.0086,-0.1021,20.1445,17.4277,9.3507,0.0,0.0433,-0.3614,0.0,0.0,0.0,4539348.6565,4411025.4872,-2301420.0302,2408.1404,1264.9907,7195.483,4539328.512,4411008.0595,-2301429.3808,2408.1663,1264.9993,7195.5851,0.0,0.0765,3.9732,0.0,0.0,1.0,0.0,1.0,0.0,0.0,1.172,-23.972,0.0,1.0,0.0,0.0,0.0,-1.0,0.19906029237394382,0.0022360679774997894,-0.1,1.0976613520552816,2.4768650980118077,1.5,0.15
571.1839,14.026,-0.195,0.04,10.053,-0.092,0.028,-0.106,-0.001,-0.002,-0.106,-0.0,-0.002,-0.876,-0.192,0.384,-0.301,-0.006,0.007,0.0,-0.0,-0.005,829.555,-0.0,0.0,-0.0,0.0,0.0,-0.427,0.0,0.0,-0.6644,0.7131,-0.2236,0.7421,0.6649,-0.0847,0.0883,-0.2222,-0.971,0.676,0.226,-0.7014,-0.7316,0.0917,-0.6755,-0.0884,0.9698,0.2273,0.0001,-0.0001,-0.0053,0.0,0.0,0.0,-0.0258,-0.0086,-0.1021,20.1393,17.426,9.3299,0.0,0.0433,-0.3614,0.0,0.0,0.0,4539838.198,4411282.5876,-2299956.8596,2406.936,1263.8203,7196.0934,4539818.0587,4411265.1616,-2299966.1895,2406.9619,1263.8289,7196.1955,0.0,0.0765,3.9732,0.0,0.0,1.0,0.0,1.0,0.0,0.0,1.172,-23.972,0.0,1.0,0.0,0.0,0.0,-1.0,0.19906029237394382,0.0022360679774997894,-0.1,1.0966441599352426,2.47316223141693,1.5,0.15
571.3892,14.004,-0.196,0.039,10.031,-0.092,0.027,-0.106,-0.001,-0.002,-0.106,-0.0,-0.002,-0.945,-0.193,0.386,-0.325,-0.006,0.006,0.0,-0.0,-0.006,829.537,-0.0,0.0,-0.0,0.0,0.0,-0.115,0.0,0.0,-0.6635,0.7139,-0.2236,0.7429,0.664,-0.0847,0.088,-0.2223,-0.971,0.676,0.226,-0.7014,-0.7316,0.0917,-0.6755,-0.0884,0.9698,0.2273,0.0001,-0.0001,-0.0057,0.0,0.0,0.0,-0.0258,-0.0086,-0.1021,20.1339,17.4242,9.3087,0.0,0.0433,-0.3614,0.0,0.0,0.0,4540337.7754,4411544.8459,-2298462.8117,2405.7062,1262.6253,7196.7162,4540317.6415,4411527.4216,-2298472.1204,2405.732,1262.6339,7196.8183,0.0,0.0765,3.9732,0.0,0.0,1.0,0.0,1.0,0.0,0.0,1.172,-23.972,0.0,1.0,0.0,0.0,0.0,-1.0,0.1998424379354896,0.0022360679774997894,-0.1,1.1106095641037812,2.4692830378413433,1.5,0.15
571.59,13.983,-0.196,0.039,10.01,-0.092,0.027,-0.106,-0.001,-0.002,-0.106,-0.0,-0.002,-1.003,-0.194,0.387,-0.257,-0.006,0.007,0.0,-0.0,-0.004,829.52,-0.0,0.0,-0.0,0.0,0.0,0.0,0.0,0.0,-0.6628,0.7146,-0.2236,0.7436,0.6632,-0.0846,0.0878,-0.2223,-0.971,0.676,0.226,-0.7014,-0.7316,0.0917,-0.6755,-0.0884,0.9698,0.2273,0.0001,-0.0001,-0.0045,0.0,0.0,0.0,-0.0258,-0.0086,-0.1021,20.1287,17.4226,9.2883,0.0,0.0433,-0.3614,0.0,0.0,0.0,4540818.3174,4411797.0036,-2297024.8487,2404.5225,1261.4752,7197.3152,4540798.1888,4411779.581,-2297034.137,2404.5483,1261.4838,7197.4173,0.0,0.0765,3.9732,0.0,0.0,1.0,0.0,1.0,0.0,0.0,1.172,-23.972,0.0,1.0,0.0,0.0,0.0,-1.0,0.1998424379354896,0.0022360679774997894,-0.1,1.1099929053598214,2.465580171246466,1.5,0.15
571.7949,13.961,-0.196,0.038,9.989,-0.092,0.026,-0.106,-0.001,-0.002,-0.106,-0.0,-0.002,-1.048,-0.194,0.389,-0.184,-0.005,0.007,0.0,-0.0,-0.003,829.501,-0.0,0.0,-0.0,0.0,0.0,0.0,0.0,0.0,-0.6622,0.7152,-0.2236,0.7441,0.6626,-0.0846,0.0876,-0.2224,-0.971,0.676,0.226,-0.7014,-0.7316,0.0917,-0.6755,-0.0884,0.9698,0.2273,0.0001,-0.0001,-0.0032,0.0,0.0,0.0,-0.0258,-0.0086,-0.1021,20.1234,17.4208,9.2674,0.0,0.0433,-0.3614,0.0,0.0,0.0,4541312.5211,4412056.2196,-2295545.1425,2403.3044,1260.2918,7197.9312,4541292.3977,4412038.7987,-2295554.4099,2403.3302,1260.3004,7198.0333,0.0,0.0765,3.9732,0.0,0.0,1.0,0.0,1.0,0.0,0.0,1.172,-23.972,0.0,1.0,0.0,0.0,0.0,-1.0,0.19964969321288728,0.0022360679774997894,-0.1,1.1099845630099368,2.4617009776708794,1.5,0.15
571.9957,13.94,-0.196,0.038,9.967,-0.092,0.026,-0.106,-0.001,-0.002,-0.106,-0.0,-0.002,-1.078,-0.195,0.39,-0.114,-0.005,0.007,0.0,-0.0,-0.002,829.484,-0.0,0.0,-0.0,0.0,0.0,0.0,0.0,0.0,-0.6619,0.7155,-0.2236,0.7445,0.6622,-0.0846,0.0875,-0.2224,-0.971,0.676,0.226,-0.7014,-0.7316,0.0917,-0.6755,-0.0884,0.9698,0.2273,0.0001,-0.0001,-0.002,0.0,0.0,0.0,-0.0258,-0.0086,-0.1021,20.1182,17.4191,9.2468,0.0,0.0433,-0.3614,0.0,0.0,0.0,4541795.1963,4412309.2807,-2294099.1066,2402.114,1259.1353,7198.5327,4541775.0781,4412291.8615,-2294108.3534,2402.1398,1259.1438,7198.6348,0.0,0.0765,3.9732,0.0,0.0,1.0,0.0,1.0,0.0,0.0,1.172,-23.972,0.0,1.0,0.0,0.0,0.0,-1.0,0.19964969321288728,0.0022360679774997894,-0.1,1.1089551105309545,2.4579981110760016,1.5,0.15
572.1986,13.919,-0.196,0.037,9.946,-0.092,0.025,-0.106,-0.001,-0.002,-0.106,-0.0,-0.002,-1.094,-0.196,0.392,-0.042,-0.004,0.007,0.0,-0.0,-0.001,829.465,-0.0,0.0,-0.0,0.0,0.0,0.0,0.0,0.0,-0.6617,0.7157,-0.2236,0.7447,0.662,-0.0845,0.0875,-0.2224,-0.971,0.676,0.226,-0.7014,-0.7316,0.0917,-0.6755,-0.0884,0.9698,0.2273,0.0001,-0.0001,-0.0007,0.0,0.0,0.0,-0.0258,-0.0086,-0.1021,20.1129,17.4174,9.2262,0.0,0.0433,-0.3613,0.0,0.0,0.0,4542280.2865,4412563.5003,-2292644.9891,2400.9169,1257.9723,7199.1371,4542260.1735,4412546.0828,-2292654.2153,2400.9427,1257.9809,7199.2393,0.0,0.0765,3.9732,0.0,0.0,1.0,0.0,1.0,0.0,0.0,1.172,-23.972,0.0,1.0,0.0,0.0,0.0,-1.0,0.19946177578674068,0.0022360679774997894,-0.1,1.1085794782680152,2.454295244481124,1.5,0.15
572.4036,13.897,-0.196,0.037,9.924,-0.092,0.025,-0.106,-0.001,-0.002,-0.106,-0.0,-0.002,-1.097,-0.197,0.394,-0.007,-0.004,0.008,0.0,-0.0,-0.0,829.457,-0.0,0.0,-0.0,0.0,0.0,0.0,0.0,0.0,-0.6616,0.7157,-0.2235,0.7447,0.662,-0.0845,0.0875,-0.2224,-0.971,0.676,0.226,-0.7014,-0.7316,0.0917,-0.6755,-0.0884,0.9698,0.2273,0.0001,-0.0001,-0.0001,0.0,0.0,0.0,-0.0258,-0.0086,-0.1021,20.1077,17.4157,9.2053,0.0,0.0433,-0.3613,0.0,0.0,0.0,4542770.9128,4412820.5109,-2291173.4153,2399.7054,1256.7955,7199.7484,4542750.8051,4412803.0952,-2291182.6206,2399.7312,1256.804,7199.8505,0.0,0.0765,3.9732,0.0,0.0,1.0,0.0,1.0,0.0,0.0,1.172,-23.972,0.0,1.0,0.0,0.0,0.0,-1.0,0.19946177578674068,0.0022360679774997894,-0.1,1.1079249315526574,2.4504160509055377,1.5,0.15
572.6106,13.875,-0.196,0.036,9.902,-0.092,0.024,-0.106,-0.001,-0.002,-0.106,-0.0,-0.002,-1.099,-0.198,0.395,-0.007,-0.004,0.008,0.0,-0.0,-0.0,829.457,-0.0,0.0,-0.0,0.0,0.0,0.0,0.0,0.0,-0.6616,0.7158,-0.2235,0.7447,0.662,-0.0845,0.0875,-0.2224,-0.971,0.676,0.226,-0.7014,-0.7316,0.0917,-0.6755,-0.0884,0.9698,0.2273,0.0001,-0.0001,-0.0001,0.0,0.0,0.0,-0.0258,-0.0086,-0.1021,20.1023,17.4139,9.1841,0.0,0.0433,-0.3613,0.0,0.0,0.0,4543269.1661,4413081.4032,-2289678.0794,2398.4743,1255.5996,7200.3691,4543249.0638,4413063.9893,-2289687.2636,2398.5001,1255.6082,7200.4712,0.0,0.0765,3.9732,0.0,0.0,1.0,0.0,1.0,0.0,0.0,1.172,-23.972,0.0,1.0,0.0,0.0,0.0,-1.0,0.19927869931329842,0.0022360679774997894,-0.1,1.1075315337164675,2.4465368573299515,1.5,0.15
572.8125,13.854,-0.196,0.036,9.881,-0.092,0.024,-0.106,-0.001,-0.002,-0.106,-0.0,-0.002,-1.1,-0.199,0.397,-0.007,-0.004,0.008,0.0,-0.0,-0.0,829.457,-0.0,0.0,-0.0,0.0,0.0,0.0,0.0,0.0,-0.6616,0.7158,-0.2235,0.7448,0.662,-0.0845,0.0875,-0.2223,-0.971,0.676,0.226,-0.7014,-0.7316,0.0917,-0.6755,-0.0884,0.9698,0.2273,0.0001,-0.0001,-0.0001,0.0,0.0,0.0,-0.0258,-0.0085,-0.1021,20.0971,17.4122,9.1635,0.0,0.0433,-0.3613,0.0,0.0,0.0,4543753.4529,4413334.8727,-2288223.7984,2397.277,1254.4367,7200.9722,4543733.3557,4413317.4605,-2288232.9619,2397.3028,1254.4452,7201.0744,0.0,0.0765,3.9732,0.0,0.0,1.0,0.0,1.0,0.0,0.0,1.172,-23.972,0.0,1.0,0.0,0.0,0.0,-1.0,0.19927869931329842,0.0022360679774997894,-0.1,1.106902620791864,2.442833990735074,1.5,0.15
573.0185,13.832,-0.197,0.036,9.859,-0.093,0.023,-0.106,-0.001,-0.002,-0.106,-0.0,-0.002,-1.102,-0.199,0.398,-0.007,-0.004,0.008,0.0,-0.0,-0.0,829.457,-0.0,0.0,-0.0,0.0,0.0,0.0,0.0,0.0,-0.6616,0.7158,-0.2235,0.7448,0.662,-0.0844,0.0875,-0.2223,-0.971,0.676,0.226,-0.7014,-0.7316,0.0917,-0.6755,-0.0884,0.9698,0.2273,0.0001,-0.0001,-0.0001,0.0,0.0,0.0,-0.0258,-0.0085,-0.1022,20.0918,17.4105,9.1425,0.0,0.0433,-0.3613,0.0,0.0,0.0,4544244.5579,4413591.8002,-2286748.1751,2396.0621,1253.2567,7201.5838,4544224.4661,4413574.3897,-2286757.3176,2396.0878,1253.2652,7201.686,0.0,0.0765,3.9732,0.0,0.0,1.0,0.0,1.0,0.0,0.0,1.172,-23.972,0.0,1.0,0.0,0.0,0.0,-1.0,0.20026232796010338,0.0022360679774997894,-0.1,1.1032961225211206,2.4389547971594876,1.5,0.15
573.2254,13.81,-0.197,0.035,9.838,-0.093,0.023,-0.106,-0.001,-0.002,-0.106,-0.0,-0.002,-1.103,-0.2,0.4,-0.007,-0.004,0.008,0.0,-0.0,-0.0,829.457,-0.0,0.0,-0.0,0.0,0.0,0.0,0.0,0.0,-0.6615,0.7158,-0.2235,0.7448,0.6619,-0.0844,0.0875,-0.2223,-0.971,0.676,0.226,-0.7014,-0.7316,0.0917,-0.6755,-0.0884,0.9698,0.2273,0.0001,-0.0001,-0.0001,0.0,0.0,0.0,-0.0258,-0.0085,-0.1022,20.0865,17.4087,9.1214,0.0,0.0433,-0.3613,0.0,0.0,0.0,4544741.2596,4413851.5422,-2285254.8447,2394.8326,1252.0625,7202.2023,4544721.1731,4413834.1335,-2285263.9661,2394.8583,1252.0711,7202.3045,0.0,0.0765,3.9732,0.0,0.0,1.0,0.0,1.0,0.0,0.0,1.172,-23.972,0.0,1.0,0.0,0.0,0.0,-1.0,0.2000849819451725,0.0022360679774997894,-0.1,1.1019727084616973,2.4350756035839014,1.5,0.15
573.4316,13.788,-0.197,0.035,9.816,-0.093,0.022,-0.106,-0.001,-0.002,-0.106,-0.0,-0.002,-1.105,-0.201,0.401,-0.007,-0.004,0.008,0.0,-0.0,-0.0,829.457,-0.0,0.0,-0.0,0.0,0.0,0.0,0.0,0.0,-0.6615,0.7159,-0.2235,0.7448,0.6619,-0.0844,0.0875,-0.2223,-0.971,0.676,0.226,-0.7014,-0.7316,0.0917,-0.6755,-0.0884,0.9698,0.2273,0.0001,-0.0001,-0.0001,0.0,0.0,0.0,-0.0258,-0.0085,-0.1022,20.0812,17.407,9.1003,0.0,0.0433,-0.3613,0.0,0.0,0.0,4545233.9806,4414109.0895,-2283772.5992,2393.6121,1250.8773,7202.8158,4545213.8994,4414091.6825,-2283781.6995,2393.6379,1250.8858,7202.9179,0.0,0.0765,3.9732,0.0,0.0,1.0,0.0,1.0,0.0,0.0,1.172,-23.972,0.0,1.0,0.0,0.0,0.0,-1.0,0.2000849819451725,0.0022360679774997894,-0.1,1.102714744794887,2.431196410008315,1.5,0.15
573.6318,13.767,-0.197,0.034,9.795,-0.093,0.022,-0.106,-0.001,-0.002,-0.106,-0.0,-0.002,-1.106,-0.202,0.403,-0.007,-0.004,0.008,0.0,-0.0,-0.0,829.457,-0.0,0.0,-0.0,0.0,0.0,0.0,0.0,0.0,-0.6615,0.7159,-0.2235,0.7448,0.6619,-0.0843,0.0876,-0.2222,-0.9711,0.676,0.226,-0.7014,-0.7316,0.0917,-0.6755,-0.0884,0.9698,0.2273,0.0001,-0.0001,-0.0001,0.0,0.0,0.0,-0.0258,-0.0085,-0.1022,20.076,17.4053,9.0797,0.0,0.0433,-0.3613,0.0,0.0,0.0,4545716.9787,4414361.4451,-2282318.7465,2392.4151,1249.7148,7203.417,4545696.9027,4414344.0398,-2282327.8263,2392.4408,1249.7233,7203.5192,0.0,0.0765,3.9732,0.0,0.0,1.0,0.0,1.0,0.0,0.0,1.172,-23.972,0.0,1.0,0.0,0.0,0.0,-1.0,0.1999124808509964,0.0022360679774997894,-0.1,1.100954156739894,2.427493543413437,1.5,0.15
573.8386,13.745,-0.197,0.034,9.773,-0.093,0.021,-0.106,-0.001,-0.002,-0.106,-0.0,-0.002,-1.108,-0.203,0.404,-0.007,-0.004,0.008,0.0,-0.0,-0.0,829.457,-0.0,0.0,-0.0,0.0,0.0,0.0,0.0,0.0,-0.6615,0.7159,-0.2235,0.7448,0.6619,-0.0843,0.0876,-0.2222,-0.9711,0.676,0.226,-0.7014,-0.7316,0.0917,-0.6755,-0.0884,0.9698,0.2273,0.0001,-0.0001,-0.0001,0.0,0.0,0.0,-0.0257,-0.0085,-0.1022,20.0707,17.4035,9.0587,0.0,0.0433,-0.3613,0.0,0.0,0.0,4546208.2338,4414618.0034,-2280839.1701,2391.1968,1248.5317,7204.0284,4546188.1631,4414600.5999,-2280848.2289,2391.2225,1248.5402,7204.1306,0.0,0.0765,3.9732,0.0,0.0,1.0,0.0,1.0,0.0,0.0,1.172,-23.972,0.0,1.0,0.0,0.0,0.0,-1.0,0.1999124808509964,0.0022360679774997894,-0.1,1.101762513598601,2.423614349837851,1.5,0.15
574.0413,13.724,-0.197,0.033,9.751,-0.093,0.021,-0.106,-0.001,-0.002,-0.106,0.0,-0.002,-1.109,-0.204,0.406,-0.007,-0.004,0.008,0.0,-0.0,-0.0,829.457,-0.0,0.0,-0.0,0.0,0.0,0.0,0.0,0.0,-0.6614,0.7159,-0.2235,0.7449,0.6619,-0.0843,0.0876,-0.2222,-0.9711,0.676,0.226,-0.7014,-0.7316,0.0917,-0.6755,-0.0884,0.9698,0.2273,0.0001,-0.0001,-0.0001,0.0,0.0,0.0,-0.0257,-0.0085,-0.1022,20.0655,17.4018,9.038,0.0,0.0433,-0.3613,0.0,0.0,0.0,4546693.2826,4414871.2103,-2279377.4215,2389.9931,1247.363,7204.6321,4546673.2171,4414853.8085,-2279386.4595,2390.0189,1247.3715,7204.7343,0.0,0.0765,3.9732,0.0,0.0,1.0,0.0,1.0,0.0,0.0,1.172,-23.972,0.0,1.0,0.0,0.0,0.0,-1.0,0.19974483722990188,0.0022360679774997894,-0.1,1.099533810263347,2.4199114832429736,1.5,0.15
574.2474,13.702,-0.197,0.033,9.729,-0.093,0.02,-0.106,-0.001,-0.002,-0.106,0.0,-0.002,-1.111,-0.204,0.407,-0.007,-0.004,0.008,0.0,-0.0,-0.0,829.457,-0.0,0.0,-0.0,0.0,0.0,0.0,0.0,0.0,-0.6614,0.716,-0.2235,0.7449,0.6619,-0.0843,0.0876,-0.2222,-0.9711,0.676,0.226,-0.7014,-0.7316,0.0917,-0.6755,-0.0884,0.9698,0.2273,0.0001,-0.0001,-0.0001,0.0,0.0,0.0,-0.0257,-0.0085,-0.1022,20.0602,17.4001,9.0168,0.0,0.0433,-0.3613,0.0,0.0,0.0,4547189.0709,4415129.91,-2277882.4214,2388.7621,1246.1676,7205.249,4547169.0107,4415112.51,-2277891.4382,2388.7878,1246.1761,7205.3512,0.0,0.0765,3.9732,0.0,0.0,1.0,0.0,1.0,0.0,0.0,1.172,-23.972,0.0,1.0,0.0,0.0,0.0,-1.0,0.19974483722990188,0.0022360679774997894,-0.1,1.1004084932720404,2.416032289667387,1.5,0.15
574.4501,13.681,-0.197,0.032,9.708,-0.093,0.02,-0.106,-0.0,-0.002,-0.106,0.0,-0.002,-1.112,-0.205,0.409,0.004,-0.004,0.008,0.0,-0.0,0.0,829.454,-0.0,0.0,-0.0,0.0,0.0,0.281,0.0,0.0,-0.6614,0.716,-0.2235,0.7449,0.6618,-0.0842,0.0876,-0.2222,-0.9711,0.676,0.226,-0.7014,-0.7316,0.0917,-0.6755,-0.0884,0.9698,0.2273,0.0001,-0.0001,0.0001,0.0,0.0,0.0,-0.0257,-0.0085,-0.1022,20.055,17.3984,8.9962,0.0,0.0433,-0.3613,0.0,0.0,0.0,4547668.8536,4415380.149,-2276434.8255,2387.5701,1245.0103,7205.8459,4547648.7986,4415362.7506,-2276443.8217,2387.5958,1245.0187,7205.9481,0.0,0.0765,3.9732,0.0,0.0,1.0,0.0,1.0,0.0,0.0,1.172,-23.972,0.0,1.0,0.0,0.0,0.0,-1.0,0.19958206332233366,0.002,-0.1,1.0985325690141587,2.412329423072509,1.5,0.15
574.6515,13.659,-0.197,0.032,9.687,-0.093,0.019,-0.106,-0.0,-0.002,-0.106,0.0,-0.002,-1.104,-0.206,0.411,0.076,-0.004,0.008,0.0,-0.0,0.001,829.436,-0.0,0.0,-0.0,0.0,0.0,1.0,0.0,0.0,-0.6615,0.7159,-0.2234,0.7448,0.6619,-0.0842,0.0876,-0.2221,-0.9711,0.676,0.226,-0.7014,-0.7316,0.0917,-0.6755,-0.0884,0.9698,0.2273,0.0001,-0.0001,0.0013,0.0,0.0,0.0,-0.0257,-0.0085,-0.1022,20.0497,17.3966,8.9755,0.0,0.0433,-0.3613,0.0,0.0,0.0,4548153.2121,4415632.6652,-2274972.5693,2386.3659,1243.8412,7206.4484,4548133.1624,4415615.2686,-2274981.5448,2386.3917,1243.8497,7206.5507,0.0,0.0765,3.9732,0.0,0.0,1.0,0.0,1.0,0.0,0.0,1.172,-23.972,0.0,1.0,0.0,0.0,0.0,-1.0,0.19958206332233366,0.002,-0.1,1.0998863194858368,2.408450229496923,1.5,0.15
574.8554,13.638,-0.198,0.032,9.665,-0.092,0.019,-0.106,-0.0,-0.002,-0.106,0.0,-0.003,-1.081,-0.207,0.412,0.149,-0.003,0.008,0.0,-0.0,0.003,829.417,-0.0,0.0,-0.0,0.0,0.0,1.0,0.0,0.0,-0.6618,0.7156,-0.2234,0.7445,0.6622,-0.0842,0.0877,-0.2221,-0.9711,0.676,0.226,-0.7014,-0.7316,0.0917,-0.6755,-0.0884,0.9698,0.2273,0.0001,-0.0001,0.0026,0.0,0.0,0.0,-0.0257,-0.0085,-0.1022,20.0446,17.3949,8.9546,0.0,0.0433,-0.3613,0.0,0.0,0.0,4548640.4536,4415886.5734,-2273500.7436,2385.1539,1242.6645,7207.0545,4548620.4091,4415869.1785,-2273509.6982,2385.1796,1242.673,7207.1567,0.0,0.0765,3.9732,0.0,0.0,1.0,0.0,1.0,0.0,0.0,1.172,-23.972,0.0,1.0,0.0,0.0,0.0,-1.0,0.20056919005669838,0.002,-0.1,1.1318554210726062,2.4047473629020453,1.5,0.15
575.0589,13.616,-0.198,0.031,9.644,-0.092,0.018,-0.106,-0.0,-0.002,-0.106,0.0,-0.003,-1.044,-0.208,0.414,0.22,-0.003,0.008,0.0,-0.0,0.004,829.399,-0.0,0.0,-0.0,0.0,0.0,1.0,0.0,0.0,-0.6622,0.7152,-0.2234,0.7441,0.6627,-0.0841,0.0879,-0.222,-0.9711,0.676,0.226,-0.7014,-0.7316,0.0917,-0.6755,-0.0884,0.9698,0.2273,0.0001,-0.0001,0.0038,0.0,0.0,0.0,-0.0257,-0.0085,-0.1022,20.0394,17.3932,8.9339,0.0,0.0433,-0.3613,0.0,0.0,0.0,4549124.3513,4416138.6289,-2272038.154,2383.9494,1241.4952,7207.6563,4549104.312,4416121.2357,-2272047.0879,2383.9751,1241.5037,7207.7585,0.0,0.0765,3.9732,0.0,0.0,1.0,0.0,1.0,0.0,0.0,1.172,-23.972,0.0,1.0,0.0,0.0,0.0,-1.0,0.2004120754844877,0.002,-0.1,1.1320023946380218,2.400868169326459,1.5,0.15
575.2636,13.595,-0.198,0.031,9.622,-0.092,0.018,-0.106,-0.0,-0.002,-0.106,0.0,-0.003,-0.991,-0.209,0.415,0.293,-0.002,0.009,0.0,-0.0,0.005,829.381,-0.0,0.0,-0.0,0.0,0.0,1.0,0.0,0.0,-0.6629,0.7146,-0.2234,0.7435,0.6634,-0.0841,0.0881,-0.2219,-0.9711,0.676,0.226,-0.7014,-0.7316,0.0917,-0.6755,-0.0884,0.9698,0.2273,0.0001,-0.0001,0.0051,0.0,0.0,0.0,-0.0257,-0.0085,-0.1022,20.0341,17.3914,8.9129,0.0,0.0433,-0.3613,0.0,0.0,0.0,4549613.8826,4416393.5067,-2270557.6621,2382.7302,1240.3116,7208.265,4549593.8485,4416376.1153,-2270566.575,2382.7559,1240.3201,7208.3672,0.0,0.0765,3.9732,0.0,0.0,1.0,0.0,1.0,0.0,0.0,1.172,-23.972,0.0,1.0,0.0,0.0,0.0,-1.0,0.2004120754844877,0.002,-0.1,1.1309301779297987,2.3971653027315813,1.5,0.15
575.4689,13.573,-0.198,0.03,9.6,-0.092,0.017,-0.106,-0.0,-0.002,-0.106,0.0,-0.003,-0.924,-0.209,0.417,0.364,-0.001,0.009,0.0,-0.0,0.006,829.363,-0.0,0.0,-0.0,0.0,0.0,1.0,0.0,0.0,-0.6637,0.7138,-0.2234,0.7427,0.6643,-0.0841,0.0884,-0.2217,-0.9711,0.676,0.226,-0.7014,-0.7316,0.0917,-0.6755,-0.0884,0.9698,0.2273,0.0001,-0.0001,0.0064,0.0,0.0,0.0,-0.0257,-0.0085,-0.1023,20.0289,17.3897,8.8919,0.0,0.0433,-0.3613,0.0,0.0,0.0,4550101.7382,4416647.3999,-2269081.358,2381.5144,1239.1314,7208.8715,4550081.7093,4416630.0103,-2269090.2499,2381.5401,1239.1399,7208.9738,0.0,0.0765,3.9732,0.0,0.0,1.0,0.0,1.0,0.0,0.0,1.172,-23.972,0.0,1.0,0.0,0.0,0.0,-1.0,0.20025983121934363,0.002,-0.1,1.1306723187841818,2.393286109155995,1.5,0.15
575.6728,13.551,-0.198,0.03,9.579,-0.092,0.017,-0.106,-0.0,-0.002,-0.106,0.0,-0.003,-0.842,-0.21,0.418,0.437,-0.001,0.009,0.0,-0.0,0.008,829.344,-0.0,0.0,-0.0,0.0,0.0,1.0,0.0,0.0,-0.6648,0.7129,-0.2234,0.7418,0.6654,-0.0841,0.0887,-0.2216,-0.9711,0.676,0.226,-0.7014,-0.7316,0.0917,-0.6755,-0.0884,0.9698,0.2273,0.0001,-0.0001,0.0076,0.0,0.0,0.0,-0.0257,-0.0085,-0.1023,20.0237,17.3879,8.871,0.0,0.0433,-0.3613,0.0,0.0,0.0,4550587.6548,4416900.1726,-2267610.0472,2380.3026,1237.9553,7209.4756,4550567.6311,4416882.7847,-2267618.9183,2380.3283,1237.9637,7209.5778,0.0,0.0765,3.9732,0.0,0.0,1.0,0.0,1.0,0.0,0.0,1.172,-23.972,0.0,1.0,0.0,0.0,0.0,-1.0,0.20025983121934363,0.002,-0.1,1.1304020411294973,2.389406915580409,1.5,0.15
575.8761,13.53,-0.198,0.03,9.557,-0.092,0.016,-0.106,-0.0,-0.002,-0.106,0.0,-0.003,-0.746,-0.211,0.42,0.51,-0.0,0.009,0.0,-0.0,0.009,829.326,-0.0,0.0,-0.0,0.0,0.0,1.0,0.0,0.0,-0.6659,0.7118,-0.2234,0.7407,0.6666,-0.084,0.0891,-0.2214,-0.9711,0.676,0.226,-0.7014,-0.7316,0.0917,-0.6755,-0.0884,0.9698,0.2273,0.0001,-0.0001,0.0089,0.0,0.0,0.0,-0.0257,-0.0084,-0.1023,20.0185,17.3861,8.8502,0.0,0.0433,-0.3613,0.0,0.0,0.0,4551071.0983,4417151.5482,-2266145.3577,2379.0963,1236.7844,7210.0765,4551051.0798,4417134.1621,-2266154.208,2379.122,1236.7929,7210.1787,0.0,0.0765,3.9732,0.0,0.0,1.0,0.0,1.0,0.0,0.0,1.172,-23.972,0.0,1.0,0.0,0.0,0.0,-1.0,0.20025983121934363,0.002,-0.1,1.1313546584277432,2.385704048985531,1.5,0.15
576.0763,13.509,-0.198,0.029,9.536,-0.092,0.015,-0.106,-0.0,-0.002,-0.106,0.0,-0.003,-0.637,-0.212,0.421,0.579,0.0,0.01,0.0,-0.0,0.01,829.308,-0.0,0.0,-0.0,0.0,0.0,1.0,0.0,0.0,-0.6673,0.7105,-0.2234,0.7394,0.668,-0.084,0.0895,-0.2212,-0.9711,0.676,0.226,-0.7014,-0.7316,0.0917,-0.6755,-0.0884,0.9698,0.2273,0.0001,-0.0001,0.0101,0.0,0.0,0.0,-0.0257,-0.0084,-0.1023,20.0134,17.3844,8.8298,0.0,0.0433,-0.3613,0.0,0.0,0.0,4551547.0212,4417398.9051,-2264702.6125,2377.9081,1235.6312,7210.6679,4551527.0078,4417381.5207,-2264711.4423,2377.9337,1235.6396,7210.7702,0.0,0.0765,3.9732,0.0,0.0,1.0,0.0,1.0,0.0,0.0,1.172,-23.972,0.0,1.0,0.0,0.0,0.0,-1.0,0.20011246837716035,0.002,-0.1,1.1312129121012278,2.3820011823906535,1.5,0.15
576.2831,13.487,-0.198,0.029,9.514,-0.092,0.015,-0.106,-0.0,-0.002,-0.106,0.0,-0.003,-0.51,-0.213,0.423,0.653,0.001,0.01,0.0,-0.0,0.011,829.29,-0.0,0.0,-0.0,0.0,0.0,0.591,0.0,0.0,-0.6689,0.709,-0.2234,0.7379,0.6696,-0.084,0.09,-0.221,-0.9711,0.676,0.226,-0.7014,-0.7316,0.0917,-0.6755,-0.0884,0.9698,0.2273,0.0001,-0.0001,0.0114,0.0,0.0,0.0,-0.0257,-0.0084,-0.1023,20.0082,17.3826,8.8087,0.0,0.0433,-0.3613,0.0,0.0,0.0,4552035.8492,4417652.8578,-2263219.8679,2376.6868,1234.446,7211.2753,4552015.841,4417635.4752,-2263228.6766,2376.7125,1234.4544,7211.3776,0.0,0.0765,3.9732,0.0,0.0,1.0,0.0,1.0,0.0,0.0,1.172,-23.972,0.0,1.0,0.0,0.0,0.0,-1.0,0.20011246837716035,0.002,-0.1,1.1305178589579903,2.3781219888150673,1.5,0.15
576.4861,13.465,-0.198,0.029,9.493,-0.092,0.014,-0.106,-0.0,-0.002,-0.106,0.0,-0.003,-0.38,-0.214,0.424,0.609,0.0,0.01,0.0,-0.0,0.011,829.273,-0.0,0.0,-0.0,0.0,0.0,0.0,0.0,0.0,-0.6705,0.7075,-0.2234,0.7364,0.6713,-0.0839,0.0906,-0.2208,-0.9711,0.676,0.226,-0.7014,-0.7316,0.0917,-0.6755,-0.0884,0.9698,0.2273,0.0001,-0.0001,0.0106,0.0,0.0,0.0,-0.0257,-0.0084,-0.1023,20.0031,17.3808,8.788,0.0,0.0433,-0.3613,0.0,0.0,0.0,4552517.1614,4417902.7953,-2261759.0536,2375.4836,1233.2783,7211.8733,4552497.1583,4417885.4145,-2261767.8416,2375.5093,1233.2867,7211.9756,0.0,0.0765,3.9732,0.0,0.0,1.0,0.0,1.0,0.0,0.0,1.172,-23.972,0.0,1.0,0.0,0.0,0.0,-1.0,0.20011246837716035,0.002,-0.1,1.132654153914752,2.3742427952394807,1.5,0.15
576.6868,13.444,-0.198,0.028,9.472,-0.092,0.014,-0.106,-0.0,-0.002,-0.106,0.0,-0.003,-0.265,-0.214,0.426,0.536,-0.0,0.01,0.0,-0.0,0.009,829.257,-0.0,0.0,-0.0,0.0,0.0,0.0,0.0,0.0,-0.6719,0.7062,-0.2234,0.735,0.6728,-0.0839,0.091,-0.2206,-0.9711,0.676,0.226,-0.7014,-0.7316,0.0917,-0.6755,-0.0884,0.9698,0.2273,0.0001,-0.0001,0.0094,0.0,0.0,0.0,-0.0257,-0.0084,-0.1023,19.998,17.3791,8.7674,0.0,0.0433,-0.3613,0.0,0.0,0.0,4552994.1831,4418150.396,-2260310.4143,2374.2904,1232.1204,7212.4659,4552974.1852,4418133.0169,-2260319.1818,2374.3161,1232.1288,7212.5682,0.0,0.0765,3.9732,0.0,0.0,1.0,0.0,1.0,0.0,0.0,1.172,-23.972,0.0,1.0,0.0,0.0,0.0,-1.0,0.19996999774966245,0.002,-0.1,1.1301118187454946,2.3705399286446034,1.5,0.15
576.8915,13.422,-0.198,0.028,9.45,-0.092,0.013,-0.106,-0.0,-0.002,-0.106,0.0,-0.003,-0.162,-0.215,0.427,0.458,-0.001,0.009,0.0,-0.0,0.008,829.24,-0.0,0.0,-0.0,0.0,0.0,0.0,0.0,0.0,-0.6731,0.705,-0.2233,0.7338,0.6741,-0.0839,0.0914,-0.2204,-0.9711,0.676,0.226,-0.7014,-0.7316,0.0917,-0.6755,-0.0884,0.9698,0.2273,0.0001,-0.0001,0.008,0.0,0.0,0.0,-0.0257,-0.0084,-0.1023,19.9927,17.3773,8.7463,0.0,0.0433,-0.3613,0.0,0.0,0.0,4553484.3271,4418404.6954,-2258821.0379,2373.0636,1230.93,7213.0747,4553464.3344,4418387.3181,-2258829.7842,2373.0893,1230.9384,7213.177,0.0,0.0765,3.9732,0.0,0.0,1.0,0.0,1.0,0.0,0.0,1.172,-23.972,0.0,1.0,0.0,0.0,0.0,-1.0,0.19996999774966245,0.002,-0.1,1.1318987206962627,2.366660735069017,1.5,0.15
577.0966,13.401,-0.198,0.027,9.428,-0.092,0.013,-0.106,-0.0,-0.002,-0.106,0.0,-0.003,-0.076,-0.216,0.429,0.383,-0.001,0.009,0.0,-0.0,0.007,829.223,-0.0,0.0,-0.0,0.0,0.0,0.0,0.0,0.0,-0.6742,0.704,-0.2233,0.7328,0.6752,-0.0838,0.0918,-0.2202,-0.9711,0.676,0.226,-0.7014,-0.7316,0.0917,-0.6755,-0.0884,0.9698,0.2273,0.0001,-0.0001,0.0067,0.0,0.0,0.0,-0.0256,-0.0084,-0.1023,19.9875,17.3755,8.7253,0.0,0.0433,-0.3613,0.0,0.0,0.0,4553970.2855,4418656.71,-2257343.4983,2371.8466,1229.7491,7213.6782,4553950.2979,4418639.3345,-2257352.2237,2371.8722,1229.7575,7213.7805,0.0,0.0765,3.9732,0.0,0.0,1.0,0.0,1.0,0.0,0.0,1.172,-23.972,0.0,1.0,0.0,0.0,0.0,-1.0,0.19983242980057067,0.002,-0.1,1.1288776710537827,2.362957868474139,1.5,0.15
577.3024,13.379,-0.199,0.027,9.406,-0.092,0.012,-0.106,-0.0,-0.002,-0.106,0.0,-0.003,-0.006,-0.217,0.43,0.305,-0.002,0.009,0.0,-0.0,0.005,829.206,-0.0,0.0,-0.0,0.0,0.0,0.0,0.0,0.0,-0.6751,0.7032,-0.2233,0.732,0.6761,-0.0838,0.0921,-0.2201,-0.9711,0.676,0.226,-0.7014,-0.7316,0.0917,-0.6755,-0.0884,0.9698,0.2273,0.0001,-0.0001,0.0053,0.0,0.0,0.0,-0.0256,-0.0084,-0.1023,19.9823,17.3738,8.7043,0.0,0.0433,-0.3613,0.0,0.0,0.0,4554457.3741,4418909.1978,-2255861.6363,2370.6259,1228.5647,7214.2831,4554437.3918,4418891.824,-2255870.3406,2370.6516,1228.5731,7214.3854,0.0,0.0765,3.9732,0.0,0.0,1.0,0.0,1.0,0.0,0.0,1.172,-23.972,0.0,1.0,0.0,0.0,0.0,-1.0,0.20082330542046162,0.002,-0.1,1.1449971962910732,2.359078674898553,1.5,0.15
577.507,13.357,-0.199,0.027,9.385,-0.092,0.012,-0.106,-0.0,-0.002,-0.106,0.0,-0.003,0.049,-0.218,0.432,0.231,-0.002,0.008,0.0,-0.0,0.004,829.19,-0.0,0.0,-0.0,0.0,0.0,0.0,0.0,0.0,-0.6757,0.7025,-0.2233,0.7314,0.6768,-0.0838,0.0923,-0.2199,-0.9711,0.676,0.226,-0.7014,-0.7316,0.0917,-0.6755,-0.0884,0.9698,0.2273,0.0001,-0.0001,0.004,0.0,0.0,0.0,-0.0256,-0.0084,-0.1023,19.9771,17.372,8.6834,0.0,0.0433,-0.3613,0.0,0.0,0.0,4554942.3278,4419160.4661,-2254385.3886,2369.4099,1227.3849,7214.8851,4554922.3507,4419143.094,-2254394.0719,2369.4355,1227.3933,7214.9875,0.0,0.0765,3.9732,0.0,0.0,1.0,0.0,1.0,0.0,0.0,1.172,-23.972,0.0,1.0,0.0,0.0,0.0,-1.0,0.20082330542046162,0.002,-0.1,1.144714953942455,2.3551994813229666,1.5,0.15
577.7099,13.336,-0.199,0.026,9.363,-0.092,0.011,-0.106,-0.0,-0.002,-0.106,0.0,-0.003,0.088,-0.219,0.434,0.155,-0.003,0.008,0.0,-0.0,0.003,829.174,-0.0,0.0,-0.0,0.0,0.0,0.0,0.0,0.0,-0.6762,0.7021,-0.2233,0.7309,0.6773,-0.0838,0.0924,-0.2199,-0.9711,0.676,0.226,-0.7014,-0.7316,0.0917,-0.6755,-0.0884,0.9698,0.2273,0.0001,-0.0001,0.0027,0.0,0.0,0.0,-0.0256,-0.0084,-0.1023,19.9719,17.3703,8.6626,0.0,0.0433,-0.3613,0.0,0.0,0.0,4555423.8759,4419409.8587,-2252918.6331,2368.2016,1226.2126,7215.4829,4555403.904,4419392.4883,-2252927.2956,2368.2272,1226.221,7215.5853,0.0,0.0765,3.9732,0.0,0.0,1.0,0.0,1.0,0.0,0.0,1.172,-23.972,0.0,1.0,0.0,0.0,0.0,-1.0,0.20069130524265372,0.002,-0.1,1.1442578613275585,2.351496614728089,1.5,0.15
577.9129,13.314,-0.199,0.026,9.342,-0.092,0.01,-0.106,-0.0,-0.002,-0.106,0.0,-0.002,0.112,-0.219,0.435,0.079,-0.004,0.008,0.0,-0.0,0.001,829.157,-0.0,0.0,-0.0,0.0,0.0,0.0,0.0,0.0,-0.6765,0.7018,-0.2233,0.7306,0.6776,-0.0837,0.0926,-0.2198,-0.9711,0.676,0.226,-0.7014,-0.7316,0.0917,-0.6755,-0.0884,0.9698,0.2273,0.0001,-0.0001,0.0014,0.0,0.0,0.0,-0.0256,-0.0084,-0.1024,19.9667,17.3686,8.6418,0.0,0.0433,-0.3613,0.0,0.0,0.0,4555904.4752,4419658.649,-2251453.9003,2366.995,1225.0421,7216.0795,4555884.5085,4419641.2804,-2251462.5421,2367.0206,1225.0504,7216.1818,0.0,0.0765,3.9732,0.0,0.0,1.0,0.0,1.0,0.0,0.0,1.172,-23.972,0.0,1.0,0.0,0.0,0.0,-1.0,0.20069130524265372,0.002,-0.1,1.1468836691356374,2.3476174211525027,1.5,0.15
578.1157,13.293,-0.199,0.025,9.32,-0.092,0.01,-0.106,-0.0,-0.002,-0.106,0.0,-0.002,0.121,-0.22,0.437,0.007,-0.004,0.008,0.0,-0.0,0.0,829.141,-0.0,0.0,-0.0,0.0,0.0,0.0,0.0,0.0,-0.6766,0.7017,-0.2233,0.7305,0.6778,-0.0837,0.0926,-0.2198,-0.9712,0.676,0.226,-0.7014,-0.7316,0.0917,-0.6755,-0.0884,0.9698,0.2273,0.0001,-0.0001,0.0001,0.0,0.0,0.0,-0.0256,-0.0084,-0.1024,19.9616,17.3669,8.6211,0.0,0.0433,-0.3613,0.0,0.0,0.0,4556381.4894,4419905.4736,-2249999.2378,2365.7966,1223.8796,7216.6714,4556361.5279,4419888.1067,-2250007.859,2365.8222,1223.8879,7216.7738,0.0,0.0765,3.9732,0.0,0.0,1.0,0.0,1.0,0.0,0.0,1.172,-23.972,0.0,1.0,0.0,0.0,0.0,-1.0,0.20056420418409662,0.002,-0.1,1.1435309537641183,2.343914554557625,1.5,0.15
578.3204,13.271,-0.199,0.025,9.299,-0.092,0.009,-0.106,-0.0,-0.002,-0.106,0.0,-0.002,0.122,-0.221,0.438,0.007,-0.004,0.008,0.0,-0.0,0.0,829.141,-0.0,0.0,-0.0,0.0,0.0,0.0,0.0,0.0,-0.6766,0.7017,-0.2233,0.7305,0.6778,-0.0837,0.0926,-0.2197,-0.9712,0.676,0.226,-0.7014,-0.7316,0.0917,-0.6755,-0.0884,0.9698,0.2273,0.0001,-0.0001,0.0001,0.0,0.0,0.0,-0.0256,-0.0084,-0.1024,19.9564,17.3652,8.6003,0.0,0.0433,-0.3613,0.0,0.0,0.0,4556862.65,4420154.3331,-2248531.0597,2364.5871,1222.7063,7217.2685,4556842.6937,4420136.9679,-2248539.66,2364.6127,1222.7147,7217.3709,0.0,0.0765,3.9732,0.0,0.0,1.0,0.0,1.0,0.0,0.0,1.172,-23.972,0.0,1.0,0.0,0.0,0.0,-1.0,0.20056420418409662,0.002,-0.1,1.1462289380841504,2.340035360982039,1.5,0.15
578.5255,13.249,-0.199,0.025,9.277,-0.092,0.009,-0.106,-0.0,-0.002,-0.106,0.0,-0.002,0.124,-0.222,0.44,0.007,-0.004,0.008,0.0,-0.0,0.0,829.141,-0.0,0.0,-0.0,0.0,0.0,0.0,0.0,0.0,-0.6766,0.7017,-0.2233,0.7305,0.6778,-0.0836,0.0926,-0.2197,-0.9712,0.676,0.226,-0.7014,-0.7316,0.0917,-0.6755,-0.0884,0.9698,0.2273,0.0001,-0.0001,0.0001,0.0,0.0,0.0,-0.0256,-0.0084,-0.1024,19.951,17.3635,8.579,0.0,0.0433,-0.3613,0.0,0.0,0.0,4557354.7741,4420408.7475,-2247028.5278,2363.3492,1221.5056,7217.8791,4557334.8231,4420391.384,-2247037.1068,2363.3748,1221.514,7217.9814,0.0,0.0765,3.9732,0.0,0.0,1.0,0.0,1.0,0.0,0.0,1.172,-23.972,0.0,1.0,0.0,0.0,0.0,-1.0,0.20056420418409662,0.002,-0.1,1.1455149345420979,2.3361561674064526,1.5,0.15
578.7266,13.228,-0.199,0.024,9.256,-0.092,0.008,-0.106,-0.0,-0.002,-0.106,0.0,-0.002,0.125,-0.223,0.441,0.007,-0.004,0.008,0.0,-0.0,0.0,829.141,-0.0,0.0,-0.0,0.0,0.0,0.0,0.0,0.0,-0.6766,0.7017,-0.2233,0.7305,0.6778,-0.0836,0.0927,-0.2197,-0.9712,0.676,0.226,-0.7014,-0.7316,0.0917,-0.6755,-0.0884,0.9698,0.2273,0.0001,-0.0001,0.0001,0.0,0.0,0.0,-0.0256,-0.0084,-0.1024,19.9459,17.3619,8.5586,0.0,0.0433,-0.3613,0.0,0.0,0.0,4557825.2237,4420651.8477,-2245591.3152,2362.1652,1220.3572,7218.4627,4557805.2778,4420634.4858,-2245599.8738,2362.1908,1220.3655,7218.565,0.0,0.0765,3.9732,0.0,0.0,1.0,0.0,1.0,0.0,0.0,1.172,-23.972,0.0,1.0,0.0,0.0,0.0,-1.0,0.20044201156444225,0.002,-0.1,1.1455876735090047,2.332453300811575,1.5,0.15
578.9279,13.207,-0.199,0.024,9.235,-0.092,0.008,-0.106,-0.0,-0.002,-0.106,0.0,-0.002,0.126,-0.224,0.443,0.007,-0.004,0.008,0.0,-0.0,0.0,829.141,-0.0,0.0,-0.0,0.0,0.0,0.0,0.0,0.0,-0.6767,0.7016,-0.2233,0.7304,0.6778,-0.0836,0.0927,-0.2196,-0.9712,0.676,0.226,-0.7014,-0.7316,0.0917,-0.6755,-0.0884,0.9698,0.2273,0.0001,-0.0001,0.0001,0.0,0.0,0.0,-0.0256,-0.0083,-0.1024,19.9408,17.3602,8.538,0.0,0.0433,-0.3613,0.0,0.0,0.0,4558300.4984,4420897.3324,-2244138.5143,2360.9682,1219.1963,7219.0522,4558280.5576,4420879.9722,-2244147.0523,2360.9938,1219.2046,7219.1546,0.0,0.0765,3.9732,0.0,0.0,1.0,0.0,1.0,0.0,0.0,1.172,-23.972,0.0,1.0,0.0,0.0,0.0,-1.0,0.20044201156444225,0.002,-0.1,1.1449030207172144,2.328750434216697,1.5,0.15
579.1357,13.185,-0.199,0.023,9.213,-0.092,0.007,-0.106,-0.0,-0.002,-0.106,0.0,-0.002,0.128,-0.224,0.444,0.007,-0.004,0.008,0.0,-0.0,0.0,829.141,-0.0,0.0,-0.0,0.0,0.0,0.0,0.0,0.0,-0.6767,0.7016,-0.2232,0.7304,0.6779,-0.0836,0.0927,-0.2196,-0.9712,0.676,0.226,-0.7014,-0.7316,0.0917,-0.6755,-0.0884,0.9698,0.2273,0.0001,-0.0001,0.0001,0.0,0.0,0.0,-0.0256,-0.0083,-0.1024,19.9355,17.3585,8.5168,0.0,0.0433,-0.3613,0.0,0.0,0.0,4558787.8646,4421148.9492,-2242647.8615,2359.7401,1218.0052,7219.6566,4558767.9291,4421131.5907,-2242656.3783,2359.7656,1218.0135,7219.759,0.0,0.0765,3.9732,0.0,0.0,1.0,0.0,1.0,0.0,0.0,1.172,-23.972,0.0,1.0,0.0,0.0,0.0,-1.0,0.20032473636573195,0.002,-0.1,1.1449602253993476,2.324871240641111,1.5,0.15
579.3403,13.163,-0.199,0.023,9.191,-0.092,0.007,-0.106,-0.0,-0.002,-0.106,0.0,-0.002,0.129,-0.225,0.446,0.007,-0.004,0.008,0.0,-0.0,0.0,829.141,-0.0,0.0,-0.0,0.0,0.0,0.0,0.0,0.0,-0.6767,0.7016,-0.2232,0.7304,0.6779,-0.0835,0.0927,-0.2196,-0.9712,0.676,0.226,-0.7014,-0.7316,0.0917,-0.6755,-0.0884,0.9698,0.2273,0.0001,-0.0001,0.0001,0.0,0.0,0.0,-0.0256,-0.0083,-0.1024,19.9303,17.3568,8.4958,0.0,0.0433,-0.3613,0.0,0.0,0.0,4559273.535,4421399.5761,-2241161.4974,2358.5154,1216.8175,7220.2588,4559253.6048,4421382.2193,-2241169.9932,2358.541,1216.8259,7220.3612,0.0,0.0765,3.9732,0.0,0.0,1.0,0.0,1.0,0.0,0.0,1.172,-23.972,0.0,1.0,0.0,0.0,0.0,-1.0,0.20032473636573195,0.002,-0.1,1.144239651944832,2.3209920470655243,1.5,0.15
579.5464,13.141,-0.199,0.022,9.169,-0.092,0.006,-0.106,-0.0,-0.002,-0.106,0.0,-0.002,0.131,-0.226,0.447,0.007,-0.004,0.008,0.0,-0.0,0.0,829.141,-0.0,0.0,-0.0,0.0,0.0,0.0,0.0,0.0,-0.6767,0.7016,-0.2232,0.7304,0.6779,-0.0835,0.0927,-0.2196,-0.9712,0.676,0.226,-0.7014,-0.7316,0.0917,-0.6755,-0.0884,0.9698,0.2273,0.0001,-0.0001,0.0001,0.0,0.0,0.0,-0.0256,-0.0083,-0.1024,19.925,17.3551,8.4746,0.0,0.0433,-0.3613,0.0,0.0,0.0,4559760.8104,4421650.9159,-2239669.3241,2357.286,1215.6253,7220.8629,4559740.8854,4421633.5608,-2239677.7987,2357.3115,1215.6336,7220.9653,0.0,0.0765,3.9732,0.0,0.0,1.0,0.0,1.0,0.0,0.0,1.172,-23.972,0.0,1.0,0.0,0.0,0.0,-1.0,0.20021238722916224,0.002,-0.1,1.1443141061549444,2.317112853489938,1.5,0.15
579.7472,13.12,-0.199,0.022,9.148,-0.092,0.006,-0.106,-0.0,-0.002,-0.106,0.0,-0.002,0.132,-0.227,0.449,0.007,-0.004,0.008,0.0,-0.0,0.0,829.141,-0.0,0.0,-0.0,0.0,0.0,0.0,0.0,0.0,-0.6767,0.7016,-0.2232,0.7304,0.6779,-0.0835,0.0928,-0.2195,-0.9712,0.676,0.226,-0.7014,-0.7316,0.0917,-0.6755,-0.0884,0.9698,0.2273,0.0001,-0.0001,0.0001,0.0,0.0,0.0,-0.0256,-0.0083,-0.1024,19.9199,17.3534,8.4541,0.0,0.0433,-0.3613,0.0,0.0,0.0,4560231.1278,4421893.3995,-2238228.2212,2356.0985,1214.4738,7221.4459,4560211.2079,4421876.0461,-2238236.6753,2356.1241,1214.4822,7221.5484,0.0,0.0765,3.9732,0.0,0.0,1.0,0.0,1.0,0.0,0.0,1.172,-23.972,0.0,1.0,0.0,0.0,0.0,-1.0,0.20021238722916224,0.002,-0.1,1.1436231643056103,2.3134099868950604,1.5,0.15
579.9493,13.099,-0.199,0.021,9.127,-0.092,0.005,-0.106,-0.0,-0.002,-0.106,0.0,-0.002,0.134,-0.228,0.45,0.007,-0.004,0.008,0.0,-0.0,0.0,829.141,-0.0,0.0,-0.0,0.0,0.0,0.0,0.0,0.0,-0.6767,0.7016,-0.2232,0.7304,0.6779,-0.0834,0.0928,-0.2195,-0.9712,0.676,0.226,-0.7014,-0.7316,0.0917,-0.6755,-0.0884,0.9698,0.2273,0.0001,-0.0001,0.0001,0.0,0.0,0.0,-0.0256,-0.0083,-0.1024,19.9147,17.3517,8.4335,0.0,0.0433,-0.3613,0.0,0.0,0.0,4560705.8186,4422138.0286,-2236772.8635,2354.8994,1213.3111,7222.0343,4560685.9039,4422120.6768,-2236781.2971,2354.9249,1213.3194,7222.1367,0.0,0.0765,3.9732,0.0,0.0,1.0,0.0,1.0,0.0,0.0,1.172,-23.972,0.0,1.0,0.0,0.0,0.0,-1.0,0.20010497245196082,0.002,-0.1,1.1437482150709484,2.3097071203001827,1.5,0.15
580.1569,13.077,-0.199,0.021,9.104,-0.092,0.005,-0.106,-0.0,-0.002,-0.106,0.0,-0.002,0.135,-0.229,0.452,0.007,-0.004,0.008,0.0,-0.0,0.0,829.141,-0.0,0.0,-0.0,0.0,0.0,0.0,0.0,0.0,-0.6767,0.7016,-0.2232,0.7304,0.678,-0.0834,0.0928,-0.2195,-0.9712,0.676,0.226,-0.7014,-0.7316,0.0917,-0.6755,-0.0884,0.9698,0.2273,0.0001,-0.0001,0.0001,0.0,0.0,0.0,-0.0255,-0.0083,-0.1024,19.9094,17.35,8.4121,0.0,0.0433,-0.3613,0.0,0.0,0.0,4561196.5944,4422390.8312,-2235267.2896,2353.6588,1212.1082,7222.6425,4561176.685,4422373.4812,-2235275.7017,2353.6843,1212.1165,7222.7449,0.0,0.0765,3.9732,0.0,0.0,1.0,0.0,1.0,0.0,0.0,1.172,-23.972,0.0,1.0,0.0,0.0,0.0,-1.0,0.20010497245196082,0.002,-0.1,1.1425958794353364,2.3058279267245965,1.5,0.15
580.3641,13.055,-0.199,0.021,9.083,-0.091,0.004,-0.106,-0.0,-0.002,-0.106,0.0,-0.002,0.137,-0.229,0.454,0.007,-0.004,0.008,0.0,-0.0,0.0,829.141,-0.0,0.0,-0.0,0.0,0.0,0.0,0.0,0.0,-0.6768,0.7016,-0.2232,0.7303,0.678,-0.0834,0.0928,-0.2194,-0.9712,0.676,0.226,-0.7014,-0.7316,0.0917,-0.6755,-0.0884,0.9698,0.2273,0.0001,-0.0001,0.0001,0.0,0.0,0.0,-0.0255,-0.0083,-0.1025,19.9041,17.3483,8.3909,0.0,0.0433,-0.3613,0.0,0.0,0.0,4561684.2813,4422641.9264,-2233770.2769,2352.4252,1210.9122,7223.2468,4561664.3772,4422624.5781,-2233778.6678,2352.4507,1210.9205,7223.3492,0.0,0.0765,3.9732,0.0,0.0,1.0,0.0,1.0,0.0,0.0,1.172,-23.972,0.0,1.0,0.0,0.0,0.0,-1.0,0.20010497245196082,0.002,-0.1,1.164506447478029,2.3019487331490103,1.5,0.15
580.5709,13.033,-0.199,0.02,9.061,-0.091,0.004,-0.106,-0.0,-0.002,-0.106,0.0,-0.002,0.138,-0.23,0.455,0.007,-0.004,0.008,0.0,-0.0,0.0,829.141,-0.0,0.0,-0.0,0.0,0.0,0.0,0.0,0.0,-0.6768,0.7016,-0.2232,0.7303,0.678,-0.0834,0.0928,-0.2194,-0.9712,0.676,0.226,-0.7014,-0.7316,0.0917,-0.6755,-0.0884,0.9698,0.2273,0.0001,-0.0001,0.0001,0.0,0.0,0.0,-0.0255,-0.0083,-0.1025,19.8988,17.3466,8.3697,0.0,0.0433,-0.3613,0.0,0.0,0.0,4562170.8103,4422892.3097,-2232275.9087,2351.1938,1209.7183,7223.8495,4562150.9114,4422874.9631,-2232284.2784,2351.2193,1209.7266,7223.952,0.0,0.0765,3.9732,0.0,0.0,1.0,0.0,1.0,0.0,0.0,1.172,-23.972,0.0,1.0,0.0,0.0,0.0,-1.0,0.2000024999843752,0.002,-0.1,1.161061061890134,2.298069539573424,1.5,0.15
580.7731,13.011,-0.199,0.02,9.039,-0.091,0.003,-0.106,-0.0,-0.002,-0.106,0.0,-0.002,0.139,-0.231,0.457,0.007,-0.004,0.008,0.0,-0.0,0.0,829.141,-0.0,0.0,-0.0,0.0,0.0,0.0,0.0,0.0,-0.6768,0.7015,-0.2232,0.7303,0.678,-0.0833,0.0929,-0.2194,-0.9712,0.676,0.226,-0.7014,-0.7316,0.0917,-0.6755,-0.0884,0.9698,0.2273,0.0001,-0.0001,0.0001,0.0,0.0,0.0,-0.0255,-0.0083,-0.1025,19.8936,17.3449,8.3488,0.0,0.0433,-0.3613,0.0,0.0,0.0,4562650.7663,4423139.1964,-2230800.8427,2349.9782,1208.5399,7224.4441,4562630.8727,4423121.8515,-2230809.1915,2350.0038,1208.5482,7224.5466,0.0,0.0765,3.9732,0.0,0.0,1.0,0.0,1.0,0.0,0.0,1.172,-23.972,0.0,1.0,0.0,0.0,0.0,-1.0,0.2000024999843752,0.002,-0.1,1.1639631509464565,2.2941903459978374,1.5,0.15
580.9796,12.99,-0.199,0.019,9.017,-0.091,0.003,-0.106,-0.0,-0.002,-0.106,0.0,-0.002,0.141,-0.232,0.458,0.007,-0.004,0.008,0.0,-0.0,0.0,829.141,-0.0,0.0,-0.0,0.0,0.0,0.0,0.0,0.0,-0.6768,0.7015,-0.2232,0.7303,0.678,-0.0833,0.0929,-0.2194,-0.9712,0.676,0.226,-0.7014,-0.7316,0.0917,-0.6755,-0.0884,0.9698,0.2273,0.0001,-0.0001,0.0001,0.0,0.0,0.0,-0.0255,-0.0083,-0.1025,19.8884,17.3432,8.3277,0.0,0.0433,-0.3613,0.0,0.0,0.0,4563133.4542,4423387.3744,-2229316.4898,2348.755,1207.3541,7225.0419,4563113.5658,4423370.0311,-2229324.8175,2348.7805,1207.3624,7225.1444,0.0,0.0765,3.9732,0.0,0.0,1.0,0.0,1.0,0.0,0.0,1.172,-23.972,0.0,1.0,0.0,0.0,0.0,-1.0,0.19990497742677646,0.002,-0.1,1.160061480211598,2.29048747940296,1.5,0.15
581.1852,12.968,-0.199,0.019,8.996,-0.091,0.002,-0.106,-0.0,-0.002,-0.106,0.0,-0.002,0.142,-0.233,0.46,0.007,-0.004,0.008,0.0,-0.0,0.0,829.141,-0.0,0.0,-0.0,0.0,0.0,0.0,0.0,0.0,-0.6768,0.7015,-0.2232,0.7303,0.6781,-0.0833,0.0929,-0.2193,-0.9712,0.676,0.226,-0.7014,-0.7316,0.0917,-0.6755,-0.0884,0.9698,0.2273,0.0001,-0.0001,0.0001,0.0,0.0,0.0,-0.0255,-0.0083,-0.1025,19.8832,17.3416,8.3069,0.0,0.0433,-0.3613,0.0,0.0,0.0,4563609.9427,4423632.2527,-2227850.3196,2347.5467,1206.1829,7225.632,4563590.0595,4423614.9111,-2227858.6266,2347.5722,1206.1912,7225.7345,0.0,0.0765,3.9732,0.0,0.0,1.0,0.0,1.0,0.0,0.0,1.172,-23.972,0.0,1.0,0.0,0.0,0.0,-1.0,0.19990497742677646,0.002,-0.1,1.1634683258306726,2.286608285827374,1.5,0.15
581.3857,12.947,-0.2,0.018,8.974,-0.091,0.002,-0.106,-0.0,-0.002,-0.106,0.0,-0.002,0.144,-0.234,0.461,0.007,-0.004,0.008,0.0,-0.0,0.0,829.141,-0.0,0.0,-0.0,0.0,0.0,0.0,0.0,0.0,-0.6768,0.7015,-0.2231,0.7303,0.6781,-0.0832,0.0929,-0.2193,-0.9712,0.676,0.226,-0.7014,-0.7316,0.0917,-0.6755,-0.0884,0.9698,0.2273,0.0001,-0.0001,0.0001,0.0,0.0,0.0,-0.0255,-0.0083,-0.1025,19.8781,17.3399,8.2861,0.0,0.0433,-0.3613,0.0,0.0,0.0,4564086.498,4423877.0536,-2226383.0682,2346.3375,1205.0108,7226.2221,4564066.6199,4423859.7137,-2226391.3543,2346.363,1205.0191,7226.3246,0.0,0.0765,3.9732,0.0,0.0,1.0,0.0,1.0,0.0,0.0,1.172,-23.972,0.0,1.0,0.0,0.0,0.0,-1.0,0.2008083663595718,0.002,-0.1,1.1736542120993456,2.282905419232496,1.5,0.15
581.5865,12.925,-0.2,0.018,8.953,-0.091,0.001,-0.106,-0.0,-0.002,-0.106,0.0,-0.002,0.145,-0.235,0.463,0.007,-0.004,0.008,0.0,-0.0,0.0,829.141,-0.0,0.0,-0.0,0.0,0.0,0.0,0.0,0.0,-0.6768,0.7015,-0.2231,0.7302,0.6781,-0.0832,0.0929,-0.2193,-0.9712,0.676,0.226,-0.7014,-0.7316,0.0917,-0.6755,-0.0884,0.9698,0.2273,0.0001,-0.0001,0.0001,0.0,0.0,0.0,-0.0255,-0.0083,-0.1025,19.8729,17.3382,8.2654,0.0,0.0433,-0.3613,0.0,0.0,0.0,4564560.487,4424120.4253,-2224922.8476,2345.1341,1203.8444,7226.8089,4564540.6141,4424103.0871,-2224931.113,2345.1596,1203.8527,7226.9114,0.0,0.0765,3.9732,0.0,0.0,1.0,0.0,1.0,0.0,0.0,1.172,-23.972,0.0,1.0,0.0,0.0,0.0,-1.0,0.2008083663595718,0.002,-0.1,1.177095555379378,2.27902622565691,1.5,0.15
581.7948,12.903,-0.2,0.017,8.931,-0.091,0.001,-0.106,-0.0,-0.002,-0.106,0.0,-0.002,0.147,-0.235,0.464,0.007,-0.004,0.008,0.0,-0.0,0.0,829.141,-0.0,0.0,-0.0,0.0,0.0,0.0,0.0,0.0,-0.6769,0.7015,-0.2231,0.7302,0.6781,-0.0832,0.093,-0.2192,-0.9712,0.676,0.226,-0.7014,-0.7316,0.0917,-0.6755,-0.0884,0.9698,0.2273,0.0001,-0.0001,0.0001,0.0,0.0,0.0,-0.0255,-0.0082,-0.1025,19.8676,17.3366,8.2443,0.0,0.0433,-0.3613,0.0,0.0,0.0,4565043.6977,4424368.4173,-2223433.3288,2343.9065,1202.6546,7227.407,4565023.83,4424351.0808,-2223441.5731,2343.932,1202.6629,7227.5095,0.0,0.0765,3.9732,0.0,0.0,1.0,0.0,1.0,0.0,0.0,1.172,-23.972,0.0,1.0,0.0,0.0,0.0,-1.0,0.20072119967756272,0.002,-0.1,1.1735024374383314,2.275147032081324,1.5,0.15
582.0023,12.881,-0.2,0.017,8.909,-0.091,0.0,-0.106,-0.0,-0.002,-0.106,0.0,-0.002,0.148,-0.236,0.466,0.007,-0.004,0.008,0.0,-0.0,0.0,829.141,-0.0,0.0,-0.0,0.0,0.0,0.0,0.0,0.0,-0.6769,0.7015,-0.2231,0.7302,0.6781,-0.0832,0.093,-0.2192,-0.9712,0.676,0.226,-0.7014,-0.7316,0.0917,-0.6755,-0.0884,0.9698,0.2273,0.0001,-0.0001,0.0001,0.0,0.0,0.0,-0.0255,-0.0082,-0.1025,19.8623,17.3348,8.223,0.0,0.0433,-0.3613,0.0,0.0,0.0,4565530.7722,4424618.2758,-2221930.981,2342.6683,1201.4546,7228.0099,4565510.9099,4424600.941,-2221939.204,2342.6938,1201.4628,7228.1124,0.0,0.0765,3.9732,0.0,0.0,1.0,0.0,1.0,0.0,0.0,1.172,-23.972,0.0,1.0,0.0,0.0,0.0,-1.0,0.20072119967756272,0.002,-0.1,1.176587796063075,2.271267838505737,1.5,0.15
582.2106,12.859,-0.2,0.017,8.887,-0.091,-0.0,-0.106,-0.0,-0.002,-0.106,0.0,-0.002,0.149,-0.237,0.467,0.007,-0.004,0.008,0.0,-0.0,0.0,829.141,-0.0,0.0,-0.0,0.0,0.0,0.0,0.0,0.0,-0.6769,0.7015,-0.2231,0.7302,0.6782,-0.0831,0.093,-0.2192,-0.9712,0.676,0.226,-0.7014,-0.7316,0.0917,-0.6755,-0.0884,0.9698,0.2273,0.0001,-0.0001,0.0001,0.0,0.0,0.0,-0.0255,-0.0082,-0.1025,19.8571,17.3331,8.2016,0.0,0.0433,-0.3613,0.0,0.0,0.0,4566017.9386,4424868.0638,-2220427.4304,2341.4291,1200.2537,7228.6127,4565998.0816,4424850.7307,-2220435.632,2341.4546,1200.2619,7228.7153,0.0,0.0765,3.9732,0.0,0.0,1.0,0.0,1.0,0.0,0.0,1.172,-23.972,0.0,1.0,0.0,0.0,0.0,-1.0,0.20072119967756272,0.002,-0.1,1.1758545481131886,2.267388644930151,1.5,0.15
582.4164,12.837,-0.2,0.016,8.865,-0.091,-0.001,-0.106,-0.0,-0.002,-0.106,0.0,-0.002,0.151,-0.238,0.469,0.007,-0.004,0.008,0.0,-0.0,0.0,829.141,-0.0,0.0,-0.0,0.0,0.0,0.0,0.0,0.0,-0.6769,0.7015,-0.2231,0.7302,0.6782,-0.0831,0.093,-0.2192,-0.9712,0.676,0.226,-0.7014,-0.7316,0.0917,-0.6755,-0.0884,0.9698,0.2273,0.0001,-0.0001,0.0001,0.0,0.0,0.0,-0.0255,-0.0082,-0.1025,19.8518,17.3314,8.1803,0.0,0.0433,-0.3613,0.0,0.0,0.0,4566503.5215,4425116.9229,-2218927.848,2340.1931,1199.0559,7229.2135,4566483.6697,4425099.5914,-2218936.0283,2340.2186,1199.0641,7229.3161,0.0,0.0765,3.9732,0.0,0.0,1.0,0.0,1.0,0.0,0.0,1.172,-23.972,0.0,1.0,0.0,0.0,0.0,-1.0,0.20063897926375127,0.002,-0.1,1.1760963786009537,2.263509451354565,1.5,0.15
582.6184,12.816,-0.2,0.016,8.844,-0.091,-0.001,-0.106,-0.0,-0.002,-0.106,0.0,-0.002,0.152,-0.239,0.47,0.007,-0.004,0.008,0.0,-0.0,0.0,829.141,-0.0,0.0,-0.0,0.0,0.0,0.0,0.0,0.0,-0.6769,0.7014,-0.2231,0.7302,0.6782,-0.0831,0.093,-0.2191,-0.9713,0.676,0.226,-0.7014,-0.7316,0.0917,-0.6755,-0.0884,0.9698,0.2273,0.0001,-0.0001,0.0001,0.0,0.0,0.0,-0.0255,-0.0082,-0.1025,19.8466,17.3298,8.1598,0.0,0.0433,-0.3613,0.0,0.0,0.0,4566972.115,4425356.9638,-2217479.8639,2338.9996,1197.8994,7229.7932,4566952.2684,4425339.634,-2217488.0237,2339.0251,1197.9076,7229.8958,0.0,0.0765,3.9732,0.0,0.0,1.0,0.0,1.0,0.0,0.0,1.172,-23.972,0.0,1.0,0.0,0.0,0.0,-1.0,0.20063897926375127,0.002,-0.1,1.1753938201946064,2.259806584759687,1.5,0.15
582.8188,12.795,-0.2,0.015,8.823,-0.09,-0.002,-0.106,-0.0,-0.002,-0.106,0.0,-0.002,0.154,-0.24,0.472,0.007,-0.004,0.008,0.0,-0.0,0.0,829.141,-0.0,0.0,-0.0,0.0,0.0,0.0,0.0,0.0,-0.6769,0.7014,-0.2231,0.7301,0.6782,-0.083,0.0931,-0.2191,-0.9713,0.676,0.226,-0.7014,-0.7316,0.0917,-0.6755,-0.0884,0.9698,0.2273,0.0001,-0.0001,0.0001,0.0,0.0,0.0,-0.0255,-0.0082,-0.1026,19.8416,17.3282,8.1392,0.0,0.0433,-0.3613,0.0,0.0,0.0,4567441.3971,4425597.2477,-2216028.8975,2337.8037,1196.7406,7230.3737,4567421.5555,4425579.9196,-2216037.0367,2337.8291,1196.7488,7230.4763,0.0,0.0765,3.9732,0.0,0.0,1.0,0.0,1.0,0.0,0.0,1.172,-23.972,0.0,1.0,0.0,0.0,0.0,-1.0,0.20056171120131583,0.002,-0.1,1.1943175738415275,2.2561037181648094,1.5,0.15
583.0193,12.774,-0.2,0.015,8.801,-0.09,-0.002,-0.106,-0.0,-0.002,-0.106,0.0,-0.002,0.155,-0.24,0.473,0.007,-0.004,0.008,0.0,-0.0,0.0,829.141,-0.0,0.0,-0.0,0.0,0.0,0.0,0.0,0.0,-0.6769,0.7014,-0.2231,0.7301,0.6782,-0.083,0.0931,-0.2191,-0.9713,0.676,0.226,-0.7014,-0.7316,0.0917,-0.6755,-0.0884,0.9698,0.2273,0.0001,-0.0001,0.0001,0.0,0.0,0.0,-0.0255,-0.0082,-0.1026,19.8365,17.3265,8.1186,0.0,0.0433,-0.3613,0.0,0.0,0.0,4567910.5332,4425837.3475,-2214577.5196,2336.6073,1195.5814,7230.9539,4567890.6967,4425820.021,-2214585.6382,2336.6328,1195.5896,7231.0565,0.0,0.0765,3.9732,0.0,0.0,1.0,0.0,1.0,0.0,0.0,1.172,-23.972,0.0,1.0,0.0,0.0,0.0,-1.0,0.20056171120131583,0.002,-0.1,1.1931834778104506,2.2524008515699316,1.5,0.15
583.2234,12.752,-0.2,0.014,8.78,-0.09,-0.003,-0.106,-0.0,-0.002,-0.106,0.001,-0.002,0.157,-0.241,0.475,0.007,-0.004,0.008,0.0,-0.0,0.0,829.141,-0.0,0.0,-0.0,0.0,0.0,0.0,0.0,0.0,-0.677,0.7014,-0.2231,0.7301,0.6783,-0.083,0.0931,-0.219,-0.9713,0.676,0.226,-0.7014,-0.7316,0.0917,-0.6755,-0.0884,0.9698,0.2273,0.0001,-0.0001,0.0001,0.0,0.0,0.0,-0.0254,-0.0082,-0.1026,19.8313,17.3249,8.0977,0.0,0.0433,-0.3613,0.0,0.0,0.0,4568387.3099,4426081.2449,-2213101.6256,2335.3908,1194.4027,7231.5435,4568367.4787,4426063.9201,-2213109.7233,2335.4162,1194.4109,7231.6461,0.0,0.0765,3.9732,0.0,0.0,1.0,0.0,1.0,0.0,0.0,1.172,-23.972,0.0,1.0,0.0,0.0,0.0,-1.0,0.20048940121612416,0.002,-0.1,1.1938927634273417,2.2485216579943454,1.5,0.15
583.4256,12.731,-0.2,0.014,8.758,-0.09,-0.003,-0.106,-0.0,-0.002,-0.106,0.001,-0.002,0.158,-0.242,0.477,0.007,-0.004,0.008,0.0,-0.0,0.0,829.141,-0.0,0.0,-0.0,0.0,0.0,0.0,0.0,0.0,-0.677,0.7014,-0.2231,0.7301,0.6783,-0.083,0.0931,-0.219,-0.9713,0.676,0.226,-0.7014,-0.7316,0.0917,-0.6755,-0.0884,0.9698,0.2273,0.0001,-0.0001,0.0001,0.0,0.0,0.0,-0.0254,-0.0082,-0.1026,19.8261,17.3232,8.0769,0.0,0.0433,-0.3613,0.0,0.0,0.0,4568860.7811,4426323.339,-2211635.0826,2334.1819,1193.2315,7232.1289,4568840.955,4426306.0158,-2211643.1595,2334.2073,1193.2397,7232.2315,0.0,0.0765,3.9732,0.0,0.0,1.0,0.0,1.0,0.0,0.0,1.172,-23.972,0.0,1.0,0.0,0.0,0.0,-1.0,0.20048940121612416,0.002,-0.1,1.192756194213195,2.2448187913994677,1.5,0.15
583.628,12.709,-0.2,0.014,8.737,-0.09,-0.004,-0.106,0.0,-0.002,-0.106,0.001,-0.002,0.159,-0.243,0.478,0.007,-0.004,0.008,0.0,-0.0,0.0,829.141,-0.0,0.0,-0.0,0.0,0.0,0.0,0.0,0.0,-0.677,0.7014,-0.223,0.7301,0.6783,-0.0829,0.0931,-0.219,-0.9713,0.676,0.226,-0.7014,-0.7316,0.0917,-0.6755,-0.0884,0.9698,0.2273,0.0001,-0.0001,0.0001,0.0,0.0,0.0,-0.0254,-0.0082,-0.1026,19.821,17.3216,8.0562,0.0,0.0433,-0.3613,0.0,0.0,0.0,4569331.9932,4426564.1666,-2210174.6638,2332.978,1192.0652,7232.7115,4569312.1722,4426546.845,-2210182.7199,2333.0035,1192.0734,7232.814,0.0,0.0765,3.9732,0.0,0.0,1.0,0.0,1.0,0.0,0.0,1.172,-23.972,0.0,1.0,0.0,0.0,0.0,-1.0,0.20048940121612416,0.002,-0.1,1.196755958910848,2.2409395978238815,1.5,0.15
583.8343,12.687,-0.2,0.013,8.715,-0.09,-0.004,-0.106,0.0,-0.002,-0.106,0.001,-0.002,0.161,-0.244,0.48,0.007,-0.004,0.008,0.0,-0.0,0.0,829.141,-0.0,0.0,-0.0,0.0,0.0,0.0,0.0,0.0,-0.677,0.7014,-0.223,0.7301,0.6783,-0.0829,0.0932,-0.219,-0.9713,0.676,0.226,-0.7014,-0.7316,0.0917,-0.6755,-0.0884,0.9698,0.2273,0.0001,-0.0001,0.0001,0.0,0.0,0.0,-0.0254,-0.0082,-0.1026,19.8157,17.3199,8.0349,0.0,0.0433,-0.3613,0.0,0.0,0.0,4569815.0859,4426810.9504,-2208676.5201,2331.743,1190.8688,7233.3086,4569795.2702,4426793.6305,-2208684.555,2331.7685,1190.877,7233.4112,0.0,0.0765,3.9732,0.0,0.0,1.0,0.0,1.0,0.0,0.0,1.172,-23.972,0.0,1.0,0.0,0.0,0.0,-1.0,0.2004220546746291,0.002,-0.1,1.1927492751549058,2.237060404248295,1.5,0.15
584.041,12.665,-0.2,0.013,8.693,-0.09,-0.005,-0.106,0.0,-0.002,-0.106,0.001,-0.002,0.162,-0.245,0.481,0.007,-0.004,0.008,0.0,-0.0,0.0,829.141,-0.0,0.0,-0.0,0.0,0.0,0.0,0.0,0.0,-0.677,0.7014,-0.223,0.7301,0.6783,-0.0829,0.0932,-0.2189,-0.9713,0.676,0.226,-0.7014,-0.7316,0.0917,-0.6755,-0.0884,0.9698,0.2273,0.0001,-0.0001,0.0001,0.0,0.0,0.0,-0.0254,-0.0082,-0.1026,19.8105,17.3182,8.0138,0.0,0.0433,-0.3613,0.0,0.0,0.0,4570294.0018,4427055.4849,-2207190.4222,2330.5179,1189.6821,7233.9005,4570274.1913,4427038.1667,-2207198.4361,2330.5434,1189.6903,7234.0031,0.0,0.0765,3.9732,0.0,0.0,1.0,0.0,1.0,0.0,0.0,1.172,-23.972,0.0,1.0,0.0,0.0,0.0,-1.0,0.2004220546746291,0.002,-0.1,1.1963917400518629,2.2331812106727087,1.5,0.15
584.2419,12.644,-0.2,0.012,8.672,-0.09,-0.005,-0.106,0.0,-0.002,-0.106,0.001,-0.002,0.164,-0.245,0.483,0.007,-0.004,0.008,0.0,-0.0,0.0,829.141,-0.0,0.0,-0.0,0.0,0.0,0.0,0.0,0.0,-0.677,0.7014,-0.223,0.73,0.6784,-0.0828,0.0932,-0.2189,-0.9713,0.676,0.226,-0.7014,-0.7316,0.0917,-0.6755,-0.0884,0.9698,0.2273,0.0001,-0.0001,0.0001,0.0,0.0,0.0,-0.0254,-0.0082,-0.1026,19.8054,17.3166,7.9932,0.0,0.0433,-0.3613,0.0,0.0,0.0,4570762.6224,4427294.6508,-2205735.3982,2329.3184,1188.5202,7234.4795,4570742.817,4427277.3342,-2205743.3914,2329.3438,1188.5284,7234.5821,0.0,0.0765,3.9732,0.0,0.0,1.0,0.0,1.0,0.0,0.0,1.172,-23.972,0.0,1.0,0.0,0.0,0.0,-1.0,0.2003596765818911,0.002,-0.1,1.192357383989794,2.229478344077831,1.5,0.15
584.4446,12.623,-0.2,0.012,8.65,-0.09,-0.006,-0.106,0.0,-0.002,-0.106,0.001,-0.002,0.165,-0.246,0.484,0.007,-0.004,0.008,0.0,-0.0,0.0,829.141,-0.0,0.0,-0.0,0.0,0.0,0.0,0.0,0.0,-0.677,0.7013,-0.223,0.73,0.6784,-0.0828,0.0932,-0.2189,-0.9713,0.676,0.226,-0.7014,-0.7316,0.0917,-0.6755,-0.0884,0.9698,0.2273,0.0001,-0.0001,0.0001,0.0,0.0,0.0,-0.0254,-0.0082,-0.1026,19.8003,17.3149,7.9724,0.0,0.0433,-0.3613,0.0,0.0,0.0,4571235.1161,4427535.6816,-2204267.4691,2328.1083,1187.3481,7235.0633,4571215.3159,4427518.3667,-2204275.4414,2328.1337,1187.3562,7235.1659,0.0,0.0765,3.9732,0.0,0.0,1.0,0.0,1.0,0.0,0.0,1.172,-23.972,0.0,1.0,0.0,0.0,0.0,-1.0,0.2003596765818911,0.002,-0.1,1.1956764843827334,2.2257754774829532,1.5,0.15
584.65,12.601,-0.2,0.011,8.629,-0.089,-0.006,-0.106,0.0,-0.002,-0.106,0.001,-0.002,0.167,-0.247,0.486,0.007,-0.004,0.008,0.0,-0.0,0.0,829.141,-0.0,0.0,-0.0,0.0,0.0,0.0,0.0,0.0,-0.6771,0.7013,-0.223,0.73,0.6784,-0.0828,0.0932,-0.2188,-0.9713,0.676,0.226,-0.7014,-0.7316,0.0917,-0.6755,-0.0884,0.9698,0.2273,0.0001,-0.0001,0.0001,0.0,0.0,0.0,-0.0254,-0.0081,-0.1026,19.7951,17.3133,7.9514,0.0,0.0433,-0.3613,0.0,0.0,0.0,4571710.0952,4427777.8666,-2202790.9301,2326.891,1186.1691,7235.6501,4571690.3001,4427760.5534,-2202798.8815,2326.9164,1186.1772,7235.7527,0.0,0.0765,3.9732,0.0,0.0,1.0,0.0,1.0,0.0,0.0,1.172,-23.972,0.0,1.0,0.0,0.0,0.0,-1.0,0.20030227157973024,0.002,-0.1,1.210629102970438,2.2218962839073675,1.5,0.15
584.8536,12.579,-0.2,0.011,8.607,-0.089,-0.007,-0.106,0.0,-0.002,-0.106,0.001,-0.002,0.168,-0.248,0.487,0.007,-0.004,0.008,0.0,-0.0,0.0,829.141,-0.0,0.0,-0.0,0.0,0.0,0.0,0.0,0.0,-0.6771,0.7013,-0.223,0.73,0.6784,-0.0828,0.0932,-0.2188,-0.9713,0.676,0.226,-0.7014,-0.7316,0.0917,-0.6755,-0.0884,0.9698,0.2273,0.0001,-0.0001,0.0001,0.0,0.0,0.0,-0.0254,-0.0081,-0.1026,19.7899,17.3116,7.9305,0.0,0.0433,-0.3613,0.0,0.0,0.0,4572184.0138,4428019.397,-2201316.802,2325.6756,1184.992,7236.2354,4572164.2239,4428002.0854,-2201324.7325,2325.701,1185.0002,7236.3381,0.0,0.0765,3.9732,0.0,0.0,1.0,0.0,1.0,0.0,0.0,1.172,-23.972,0.0,1.0,0.0,0.0,0.0,-1.0,0.20030227157973024,0.002,-0.1,1.214369388414779,2.218017090331781,1.5,0.15
585.0558,12.558,-0.2,0.01,8.585,-0.089,-0.007,-0.106,0.0,-0.002,-0.106,0.001,-0.002,0.169,-0.249,0.489,0.007,-0.004,0.008,0.0,-0.0,0.0,829.141,-0.0,0.0,-0.0,0.0,0.0,0.0,0.0,0.0,-0.6771,0.7013,-0.223,0.73,0.6785,-0.0827,0.0933,-0.2188,-0.9713,0.676,0.226,-0.7014,-0.7316,0.0917,-0.6755,-0.0884,0.9698,0.2273,0.0001,-0.0001,0.0001,0.0,0.0,0.0,-0.0254,-0.0081,-0.1026,19.7847,17.31,7.9096,0.0,0.0433,-0.3613,0.0,0.0,0.0,4572656.6805,4428260.1765,-2199845.6766,2324.4627,1183.8174,7236.8192,4572636.8957,4428242.8665,-2199853.5863,2324.4881,1183.8255,7236.9218,0.0,0.0765,3.9732,0.0,0.0,1.0,0.0,1.0,0.0,0.0,1.172,-23.972,0.0,1.0,0.0,0.0,0.0,-1.0,0.2002498439450079,0.002,-0.1,1.2098327180420023,2.214314223736903,1.5,0.15
585.2577,12.536,-0.2,0.01,8.564,-0.089,-0.008,-0.106,0.0,-0.002,-0.106,0.001,-0.003,0.171,-0.25,0.49,0.007,-0.016,0.008,0.0,-0.0,0.0,829.134,-0.0,0.0,-0.0,0.0,-0.323,0.0,0.0,0.0,-0.6771,0.7013,-0.223,0.73,0.6785,-0.0827,0.0933,-0.2188,-0.9713,0.676,0.226,-0.7014,-0.7316,0.0917,-0.6755,-0.0884,0.9698,0.2273,0.0001,-0.0003,0.0001,0.0,0.0,0.0,-0.0254,-0.0081,-0.1027,19.7796,17.3083,7.8888,0.0,0.0433,-0.3613,0.0,0.0,0.0,4573129.6629,4428501.0033,-2198372.6823,2323.2483,1182.6413,7237.4032,4573109.8833,4428483.6949,-2198380.571,2323.2736,1182.6494,7237.5059,0.0,0.0765,3.9732,0.0,0.0,1.0,0.0,1.0,0.0,0.0,1.172,-23.972,0.0,1.0,0.0,0.0,0.0,-1.0,0.2002498439450079,0.002,-0.1,1.2140924988938049,2.210435030161317,1.5,0.15
585.4602,12.515,-0.2,0.01,8.542,-0.089,-0.009,-0.106,0.0,-0.003,-0.106,0.001,-0.007,0.172,-0.258,0.492,0.008,-0.063,0.007,0.0,-0.001,0.0,829.106,-0.0,0.0,-0.0,0.0,-0.964,0.0,0.0,0.0,-0.6771,0.7013,-0.2231,0.73,0.6785,-0.0826,0.0934,-0.2187,-0.9713,0.676,0.226,-0.7014,-0.7316,0.0917,-0.6755,-0.0884,0.9698,0.2273,0.0001,-0.0011,0.0001,0.0,0.0,0.0,-0.0254,-0.0081,-0.1027,19.7744,17.3067,7.868,0.0,0.0433,-0.3613,0.0,0.0,0.0,4573599.8448,4428740.2915,-2196907.5293,2322.0402,1181.4715,7237.9837,4573580.0704,4428722.9848,-2196915.3972,2322.0656,1181.4796,7238.0864,0.0,0.0765,3.9732,0.0,0.0,1.0,0.0,1.0,0.0,0.0,1.172,-23.972,0.0,1.0,0.0,0.0,0.0,-1.0,0.2002498439450079,0.003,-0.1,1.2178002103919512,2.206732163566439,1.5,0.15
585.6616,12.493,-0.2,0.009,8.521,-0.089,-0.01,-0.106,0.0,-0.003,-0.106,0.001,-0.01,0.174,-0.275,0.493,0.008,-0.109,0.007,0.0,-0.002,0.0,829.078,-0.0,0.0,-0.0,0.0,-0.964,0.0,0.0,0.0,-0.677,0.7013,-0.2232,0.73,0.6785,-0.0823,0.0937,-0.2187,-0.9713,0.676,0.226,-0.7014,-0.7316,0.0917,-0.6755,-0.0884,0.9698,0.2273,0.0001,-0.0019,0.0001,0.0,0.0,0.0,-0.0254,-0.0081,-0.1027,19.7692,17.3052,7.8473,0.0,0.0433,-0.3613,0.0,0.0,0.0,4574066.9074,4428977.8811,-2195451.2224,2320.8395,1180.3088,7238.5602,4574047.1382,4428960.5759,-2195459.0697,2320.8648,1180.3169,7238.6629,0.0,0.0765,3.9732,0.0,0.0,1.0,0.0,1.0,0.0,0.0,1.172,-23.972,0.0,1.0,0.0,0.0,0.0,-1.0,0.2002023975880409,0.003,-0.1,1.21876143199686,2.202852969990853,1.5,0.15
585.8677,12.472,-0.199,0.008,8.499,-0.089,-0.013,-0.106,0.0,-0.003,-0.106,0.001,-0.014,0.175,-0.302,0.495,0.008,-0.157,0.007,0.0,-0.003,0.0,829.049,-0.0,0.0,-0.0,0.0,-0.935,0.0,0.0,0.0,-0.6769,0.7013,-0.2235,0.73,0.6785,-0.082,0.0942,-0.2187,-0.9712,0.676,0.226,-0.7014,-0.7316,0.0917,-0.6755,-0.0884,0.9698,0.2273,0.0001,-0.0027,0.0001,0.0,0.0,0.0,-0.0254,-0.0081,-0.1027,19.7639,17.3037,7.8262,0.0,0.0433,-0.3612,0.0,0.0,0.0,4574544.9724,4429220.9524,-2193959.7113,2319.6097,1179.118,7239.1503,4574525.2085,4429203.6487,-2193967.5375,2319.635,1179.1262,7239.253,0.0,0.0765,3.9732,0.0,0.0,1.0,0.0,1.0,0.0,0.0,1.172,-23.972,0.0,1.0,0.0,0.0,0.0,-1.0,0.19916073910286636,0.003,-0.1,1.2159895984859042,2.1991501033959753,1.5,0.15
586.0715,12.45,-0.199,0.008,8.478,-0.089,-0.016,-0.106,0.0,-0.003,-0.106,0.001,-0.015,0.176,-0.338,0.496,0.008,-0.169,0.007,0.0,-0.003,0.0,829.022,-0.0,0.0,-0.0,0.0,0.0,0.0,0.0,0.0,-0.6768,0.7013,-0.2239,0.73,0.6786,-0.0815,0.0948,-0.2186,-0.9712,0.676,0.226,-0.7014,-0.7316,0.0917,-0.6755,-0.0884,0.9698,0.2273,0.0001,-0.0029,0.0001,0.0,0.0,0.0,-0.0254,-0.0081,-0.1027,19.7586,17.3022,7.8052,0.0,0.0433,-0.3612,0.0,0.0,0.0,4575019.1396,4429461.9269,-2192479.4557,2318.3891,1177.9363,7239.7355,4574999.3811,4429444.6248,-2192487.2609,2318.4144,1177.9444,7239.8381,0.0,0.0765,3.9732,0.0,0.0,1.0,0.0,1.0,0.0,0.0,1.172,-23.972,0.0,1.0,0.0,0.0,0.0,-1.0,0.19916073910286636,0.003,-0.1,1.2342483238287925,2.1952709098203886,1.5,0.15
586.279,12.428,-0.199,0.007,8.456,-0.088,-0.019,-0.106,0.0,-0.003,-0.106,0.001,-0.011,0.178,-0.368,0.498,0.008,-0.121,0.007,0.0,-0.002,0.0,828.993,-0.0,0.0,-0.0,0.0,0.0,0.0,0.0,0.0,-0.6767,0.7012,-0.2243,0.73,0.6786,-0.0811,0.0953,-0.2186,-0.9711,0.676,0.226,-0.7014,-0.7316,0.0917,-0.6755,-0.0884,0.9698,0.2273,0.0001,-0.0021,0.0001,0.0,0.0,0.0,-0.0253,-0.0081,-0.1027,19.7532,17.3006,7.7841,0.0,0.0433,-0.3612,0.0,0.0,0.0,4575496.2646,4429704.2883,-2190989.0626,2317.1601,1176.7465,7240.3242,4575476.5114,4429686.9877,-2190996.8466,2317.1855,1176.7546,7240.4269,0.0,0.0765,3.9732,0.0,0.0,1.0,0.0,1.0,0.0,0.0,1.172,-23.972,0.0,1.0,0.0,0.0,0.0,-1.0,0.19912307751739877,0.003,-0.1,1.2668931564688948,2.191391716244803,1.5,0.15
586.4793,12.407,-0.199,0.007,8.434,-0.088,-0.021,-0.106,0.0,-0.003,-0.106,0.001,-0.008,0.179,-0.387,0.499,0.008,-0.074,0.007,0.0,-0.001,0.0,828.964,-0.0,0.0,-0.0,0.0,0.0,0.0,0.0,0.0,-0.6767,0.7012,-0.2245,0.7301,0.6786,-0.0808,0.0957,-0.2186,-0.9711,0.676,0.226,-0.7014,-0.7316,0.0917,-0.6755,-0.0884,0.9698,0.2273,0.0001,-0.0013,0.0001,0.0,0.0,0.0,-0.0253,-0.0081,-0.1027,19.748,17.2991,7.7634,0.0,0.0433,-0.3612,0.0,0.0,0.0,4575963.9856,4429941.76,-2189527.1559,2315.9547,1175.5794,7240.9012,4575944.2375,4429924.4609,-2189534.9193,2315.98,1175.5875,7241.0039,0.0,0.0765,3.9732,0.0,0.0,1.0,0.0,1.0,0.0,0.0,1.172,-23.972,0.0,1.0,0.0,0.0,0.0,-1.0,0.19912307751739877,0.003,-0.1,1.2804823198609407,2.187688849649925,1.5,0.15
586.6803,12.385,-0.199,0.006,8.413,-0.088,-0.022,-0.106,0.0,-0.002,-0.106,0.001,-0.004,0.181,-0.398,0.501,0.007,-0.029,0.008,0.0,-0.001,0.0,828.937,-0.0,0.0,-0.0,0.0,0.0,0.0,0.0,0.0,-0.6766,0.7012,-0.2246,0.7301,0.6786,-0.0807,0.0958,-0.2186,-0.9711,0.676,0.226,-0.7014,-0.7316,0.0917,-0.6755,-0.0884,0.9698,0.2273,0.0001,-0.0005,0.0001,0.0,0.0,0.0,-0.0253,-0.0081,-0.1027,19.7429,17.2975,7.7428,0.0,0.0433,-0.3612,0.0,0.0,0.0,4576427.7065,4430177.0897,-2188076.8877,2314.7587,1174.4217,7241.4732,4576407.9635,4430159.7922,-2188084.6305,2314.7841,1174.4298,7241.5759,0.0,0.0765,3.9732,0.0,0.0,1.0,0.0,1.0,0.0,0.0,1.172,-23.972,0.0,1.0,0.0,0.0,0.0,-1.0,0.199090431713832,0.002,-0.1,1.2821843964336541,2.1838096560743385,1.5,0.15
586.8815,12.364,-0.199,0.006,8.392,-0.088,-0.022,-0.106,0.0,-0.002,-0.106,0.001,-0.003,0.182,-0.4,0.502,0.007,-0.007,0.008,0.0,-0.0,0.0,828.924,-0.0,0.0,-0.0,0.0,0.0,0.0,0.0,0.0,-0.6766,0.7012,-0.2246,0.73,0.6786,-0.0806,0.0959,-0.2185,-0.9711,0.676,0.226,-0.7014,-0.7316,0.0917,-0.6755,-0.0884,0.9698,0.2273,0.0001,-0.0001,0.0001,0.0,0.0,0.0,-0.0253,-0.0081,-0.1027,19.7379,17.2959,7.7223,0.0,0.0433,-0.3612,0.0,0.0,0.0,4576890.1383,4430411.6551,-2186629.7928,2313.5654,1173.2665,7242.0436,4576870.4005,4430394.3592,-2186637.5151,2313.5907,1173.2746,7242.1463,0.0,0.0765,3.9732,0.0,0.0,1.0,0.0,1.0,0.0,0.0,1.172,-23.972,0.0,1.0,0.0,0.0,0.0,-1.0,0.199090431713832,0.002,-0.1,1.2815700453491685,2.1801067894794612,1.5,0.15
587.084,12.343,-0.199,0.005,8.371,-0.088,-0.023,-0.106,0.0,-0.002,-0.106,0.001,-0.003,0.184,-0.402,0.504,0.007,-0.007,0.008,0.0,-0.0,0.0,828.924,-0.0,0.0,-0.0,0.0,0.0,0.0,0.0,0.0,-0.6767,0.7012,-0.2246,0.73,0.6787,-0.0806,0.0959,-0.2185,-0.9711,0.676,0.226,-0.7014,-0.7316,0.0917,-0.6755,-0.0884,0.9698,0.2273,0.0001,-0.0001,0.0001,0.0,0.0,0.0,-0.0253,-0.0081,-0.1027,19.7328,17.2943,7.7016,0.0,0.0433,-0.3612,0.0,0.0,0.0,4577355.1304,4430647.4088,-2185173.8123,2312.3647,1172.1043,7242.617,4577335.3977,4430630.1144,-2185181.5139,2312.39,1172.1124,7242.7197,0.0,0.0765,3.9732,0.0,0.0,1.0,0.0,1.0,0.0,0.0,1.172,-23.972,0.0,1.0,0.0,0.0,0.0,-1.0,0.19906280415989322,0.002,-0.1,1.2828883585565516,2.176403922884583,1.5,0.15
587.2868,12.321,-0.199,0.005,8.349,-0.088,-0.024,-0.106,0.0,-0.002,-0.106,0.001,-0.003,0.185,-0.403,0.505,0.007,-0.006,0.008,0.0,-0.0,0.0,828.923,-0.0,0.0,-0.0,0.0,0.111,0.0,0.0,0.0,-0.6767,0.7012,-0.2246,0.73,0.6787,-0.0806,0.0959,-0.2185,-0.9711,0.676,0.226,-0.7014,-0.7316,0.0917,-0.6755,-0.0884,0.9698,0.2273,0.0001,-0.0001,0.0001,0.0,0.0,0.0,-0.0253,-0.0081,-0.1027,19.7276,17.2927,7.6807,0.0,0.0433,-0.3612,0.0,0.0,0.0,4577826.2673,4430886.1641,-2183697.7053,2311.1474,1170.926,7243.1979,4577806.5398,4430868.8713,-2183705.3859,2311.1727,1170.9341,7243.3006,0.0,0.0765,3.9732,0.0,0.0,1.0,0.0,1.0,0.0,0.0,1.172,-23.972,0.0,1.0,0.0,0.0,0.0,-1.0,0.19906280415989322,0.002,-0.1,1.290107138018664,2.172524729308997,1.5,0.15
587.4869,12.3,-0.199,0.004,8.327,-0.088,-0.024,-0.106,0.0,-0.002,-0.106,0.001,0.001,0.186,-0.4,0.507,0.007,0.042,0.008,0.0,0.001,0.0,828.895,-0.0,0.0,-0.0,0.0,0.692,0.0,0.0,0.0,-0.6767,0.7012,-0.2245,0.73,0.6787,-0.0806,0.0959,-0.2184,-0.9711,0.676,0.226,-0.7014,-0.7316,0.0917,-0.6755,-0.0884,0.9698,0.2273,0.0001,0.0007,0.0001,0.0,0.0,0.0,-0.0253,-0.0081,-0.1027,19.7225,17.2911,7.6598,0.0,0.0433,-0.3612,0.0,0.0,0.0,4578295.2646,4431123.7213,-2182227.4116,2309.9349,1169.7524,7243.776,4578275.5421,4431106.4302,-2182235.0714,2309.9602,1169.7605,7243.8788,0.0,0.0765,3.9732,0.0,0.0,1.0,0.0,1.0,0.0,0.0,1.172,-23.972,0.0,1.0,0.0,0.0,0.0,-1.0,0.1990401969452402,0.002,-0.1,1.2831526414317445,2.168821862714119,1.5,0.15
587.6898,12.278,-0.199,0.004,8.306,-0.087,-0.023,-0.106,0.0,-0.002,-0.106,0.001,0.004,0.188,-0.387,0.508,0.006,0.087,0.008,0.0,0.002,0.0,828.868,-0.0,0.0,-0.0,0.0,0.932,0.0,0.0,0.0,-0.6768,0.7012,-0.2244,0.73,0.6787,-0.0807,0.0957,-0.2184,-0.9712,0.676,0.226,-0.7014,-0.7316,0.0917,-0.6755,-0.0884,0.9698,0.2273,0.0001,0.0015,0.0001,0.0,0.0,0.0,-0.0253,-0.008,-0.1028,19.7174,17.2894,7.6391,0.0,0.0433,-0.3612,0.0,0.0,0.0,4578760.0824,4431359.0494,-2180769.3418,2308.7324,1168.5886,7244.349,4578740.3649,4431341.76,-2180776.9809,2308.7577,1168.5967,7244.4517,0.0,0.0765,3.9732,0.0,0.0,1.0,0.0,1.0,0.0,0.0,1.172,-23.972,0.0,1.0,0.0,0.0,0.0,-1.0,0.1990401969452402,0.002,-0.1,1.2929966741433754,2.164942669138533,1.5,0.15
587.891,12.257,-0.199,0.004,8.285,-0.087,-0.022,-0.106,0.0,-0.001,-0.106,0.001,0.008,0.189,-0.364,0.51,0.006,0.134,0.008,0.0,0.002,0.0,828.839,-0.0,0.0,-0.0,0.0,0.963,0.0,0.0,0.0,-0.6769,0.7012,-0.2241,0.7299,0.6787,-0.081,0.0953,-0.2184,-0.9712,0.676,0.226,-0.7014,-0.7316,0.0917,-0.6755,-0.0884,0.9698,0.2273,0.0001,0.0023,0.0001,0.0,0.0,0.0,-0.0253,-0.008,-0.1028,19.7125,17.2877,7.6183,0.0,0.0433,-0.3612,0.0,0.0,0.0,4579226.4107,4431595.0298,-2179305.6552,2307.5252,1167.4203,7244.9237,4579206.6982,4431577.7421,-2179313.2736,2307.5505,1167.4284,7245.0265,0.0,0.0765,3.9732,0.0,0.0,1.0,0.0,1.0,0.0,0.0,1.172,-23.972,0.0,1.0,0.0,0.0,0.0,-1.0,0.1990401969452402,0.001,-0.1,1.285016031963643,2.161239802543655,1.5,0.15
588.092,12.236,-0.199,0.003,8.263,-0.087,-0.02,-0.106,0.0,-0.001,-0.106,0.001,0.011,0.191,-0.333,0.512,0.005,0.179,0.008,0.0,0.003,0.0,828.812,-0.0,0.0,-0.0,0.0,0.865,0.0,0.0,0.0,-0.677,0.7011,-0.2237,0.7298,0.6788,-0.0814,0.0948,-0.2184,-0.9713,0.676,0.226,-0.7014,-0.7316,0.0917,-0.6755,-0.0884,0.9698,0.2273,0.0001,0.0031,0.0001,0.0,0.0,0.0,-0.0253,-0.008,-0.1028,19.7075,17.2859,7.5977,0.0,0.0433,-0.3612,0.0,0.0,0.0,4579690.1799,4431829.6033,-2177849.1269,2306.3239,1166.2578,7245.4952,4579670.4724,4431812.3173,-2177856.7246,2306.3492,1166.2659,7245.598,0.0,0.0765,3.9732,0.0,0.0,1.0,0.0,1.0,0.0,0.0,1.172,-23.972,0.0,1.0,0.0,0.0,0.0,-1.0,0.19902261178067182,0.001,-0.1,1.264988963930688,2.1575369359487775,1.5,0.15
588.2987,12.214,-0.199,0.003,8.241,-0.087,-0.017,-0.106,0.0,-0.001,-0.106,0.001,0.015,0.192,-0.291,0.513,0.005,0.228,0.008,0.0,0.004,0.0,828.783,-0.0,0.0,-0.0,0.0,0.828,0.0,0.0,0.0,-0.6772,0.7011,-0.2232,0.7298,0.6788,-0.0819,0.0941,-0.2183,-0.9713,0.676,0.226,-0.7014,-0.7316,0.0917,-0.6755,-0.0884,0.9698,0.2273,0.0001,0.004,0.0001,0.0,0.0,0.0,-0.0253,-0.008,-0.1028,19.7025,17.2841,7.5765,0.0,0.0433,-0.3612,0.0,0.0,0.0,4580165.4205,4432069.8631,-2176355.6636,2305.0922,1165.0659,7246.0807,4580145.718,4432052.579,-2176363.24,2305.1174,1165.0739,7246.1835,0.0,0.0765,3.9732,0.0,0.0,1.0,0.0,1.0,0.0,0.0,1.172,-23.972,0.0,1.0,0.0,0.0,0.0,-1.0,0.19902261178067182,0.001,-0.1,1.2458219311818168,2.1536577423731913,1.5,0.15
588.5045,12.192,-0.199,0.003,8.219,-0.087,-0.014,-0.106,0.0,-0.0,-0.106,0.001,0.019,0.193,-0.239,0.515,0.005,0.276,0.008,0.0,0.005,0.0,828.754,-0.0,0.0,-0.0,0.0,0.801,0.0,0.0,0.0,-0.6774,0.7011,-0.2225,0.7297,0.6788,-0.0825,0.0932,-0.2183,-0.9714,0.676,0.226,-0.7014,-0.7316,0.0917,-0.6755,-0.0884,0.9698,0.2273,0.0001,0.0048,0.0001,0.0,0.0,0.0,-0.0253,-0.008,-0.1028,19.6975,17.2822,7.5552,0.0,0.0433,-0.3612,0.0,0.0,0.0,4580641.928,4432310.6455,-2174857.2964,2303.8563,1163.87,7246.6677,4580622.2305,4432293.3633,-2174864.8515,2303.8816,1163.878,7246.7705,0.0,0.0765,3.9732,0.0,0.0,1.0,0.0,1.0,0.0,0.0,1.172,-23.972,0.0,1.0,0.0,0.0,0.0,-1.0,0.19902261178067182,0.0,-0.1,1.229054129858599,2.149778548797605,1.5,0.15
588.7062,12.17,-0.199,0.003,8.198,-0.087,-0.01,-0.106,0.0,-0.0,-0.106,0.001,0.022,0.195,-0.179,0.517,0.004,0.321,0.009,0.0,0.006,0.0,828.727,-0.0,0.0,-0.0,0.0,0.801,0.0,0.0,0.0,-0.6777,0.7011,-0.2218,0.7296,0.6788,-0.0833,0.0922,-0.2183,-0.9715,0.676,0.226,-0.7014,-0.7316,0.0917,-0.6755,-0.0884,0.9698,0.2273,0.0001,0.0056,0.0001,0.0,0.0,0.0,-0.0253,-0.008,-0.1028,19.6927,17.2803,7.5344,0.0,0.0433,-0.3612,0.0,0.0,0.0,4581105.8586,4432544.959,-2173397.588,2302.6523,1162.705,7247.2391,4581086.166,4432527.6787,-2173405.1224,2302.6776,1162.713,7247.3419,0.0,0.0765,3.9732,0.0,0.0,1.0,0.0,1.0,0.0,0.0,1.172,-23.972,0.0,1.0,0.0,0.0,0.0,-1.0,0.19902261178067182,0.0,-0.1,1.2113131814099833,2.145899355222019,1.5,0.15
588.9062,12.149,-0.199,0.003,8.177,-0.086,-0.005,-0.106,0.0,0.0,-0.106,0.001,0.026,0.196,-0.11,0.518,0.004,0.368,0.009,0.0,0.006,0.0,828.699,-0.0,0.0,-0.0,0.0,0.598,0.0,0.0,0.0,-0.6779,0.7011,-0.221,0.7295,0.6788,-0.0841,0.091,-0.2182,-0.9716,0.676,0.226,-0.7014,-0.7316,0.0917,-0.6755,-0.0884,0.9698,0.2273,0.0001,0.0064,0.0001,0.0,0.0,0.0,-0.0253,-0.008,-0.1028,19.6879,17.2784,7.5138,0.0,0.0433,-0.3612,0.0,0.0,0.0,4581566.4806,4432777.4904,-2171947.4194,2301.4562,1161.5477,7247.8064,4581546.7927,4432760.2121,-2171954.9332,2301.4815,1161.5557,7247.9092,0.0,0.0765,3.9732,0.0,0.0,1.0,0.0,1.0,0.0,0.0,1.172,-23.972,0.0,1.0,0.0,0.0,0.0,-1.0,0.19902261178067182,0.0,-0.1,1.2146437422884897,2.1421964886271407,1.5,0.15
589.1127,12.127,-0.199,0.003,8.155,-0.086,0.0,-0.106,0.0,0.0,-0.106,0.001,0.024,0.198,-0.035,0.52,0.004,0.344,0.009,0.0,0.006,0.0,828.671,-0.0,0.0,-0.0,0.0,0.0,0.0,0.0,0.0,-0.6783,0.7011,-0.2201,0.7293,0.6789,-0.0851,0.0898,-0.2182,-0.9718,0.676,0.226,-0.7014,-0.7316,0.0917,-0.6755,-0.0884,0.9698,0.2273,0.0001,0.006,0.0001,0.0,0.0,0.0,-0.0253,-0.008,-0.1028,19.683,17.2764,7.4926,0.0,0.0433,-0.3612,0.0,0.0,0.0,4582039.1642,4433015.9955,-2170458.3767,2300.228,1160.3594,7248.3884,4582019.4812,4432998.7191,-2170465.8693,2300.2532,1160.3674,7248.4912,0.0,0.0765,3.9732,0.0,0.0,1.0,0.0,1.0,0.0,0.0,1.172,-23.972,0.0,1.0,0.0,0.0,0.0,-1.0,0.19902261178067182,0.0,-0.1,1.2065305566699442,2.138317295051555,1.5,0.15
589.3184,12.105,-0.199,0.003,8.133,-0.086,0.005,-0.106,0.0,-0.0,-0.106,0.001,0.02,0.199,0.031,0.522,0.004,0.296,0.009,0.0,0.005,0.0,828.642,-0.0,0.0,-0.0,0.0,0.0,0.0,0.0,0.0,-0.6785,0.7011,-0.2193,0.7292,0.6789,-0.0859,0.0886,-0.2182,-0.9719,0.676,0.226,-0.7014,-0.7316,0.0917,-0.6755,-0.0884,0.9698,0.2273,0.0001,0.0052,0.0001,0.0,0.0,0.0,-0.0252,-0.008,-0.1028,19.6781,17.2745,7.4714,0.0,0.0433,-0.3611,0.0,0.0,0.0,4582512.8461,4433254.8871,-2168965.2689,2298.9963,1159.1679,7248.9716,4582493.1679,4433237.6127,-2168972.7404,2299.0216,1159.1758,7249.0744,0.0,0.0765,3.9732,0.0,0.0,1.0,0.0,1.0,0.0,0.0,1.172,-23.972,0.0,1.0,0.0,0.0,0.0,-1.0,0.19902261178067182,0.0,-0.1,1.206139689408098,2.134438101475969,1.5,0.15
589.5222,12.084,-0.199,0.003,8.111,-0.086,0.009,-0.106,0.0,-0.001,-0.106,0.001,0.017,0.201,0.086,0.524,0.005,0.248,0.008,0.0,0.004,0.0,828.613,-0.0,0.0,-0.0,0.0,0.0,0.0,0.0,0.0,-0.6788,0.7011,-0.2186,0.7291,0.6789,-0.0866,0.0877,-0.2182,-0.972,0.676,0.226,-0.7014,-0.7316,0.0917,-0.6755,-0.0884,0.9698,0.2273,0.0001,0.0043,0.0001,0.0,0.0,0.0,-0.0252,-0.008,-0.1028,19.6732,17.2726,7.4504,0.0,0.0433,-0.3611,0.0,0.0,0.0,4582982.798,4433491.7813,-2167483.0114,2297.7736,1157.985,7249.5501,4582963.1248,4433474.5088,-2167490.4618,2297.7989,1157.993,7249.6529,0.0,0.0765,3.9732,0.0,0.0,1.0,0.0,1.0,0.0,0.0,1.172,-23.972,0.0,1.0,0.0,0.0,0.0,-1.0,0.19902261178067182,0.001,-0.1,1.2108434398933439,2.1307352348810906,1.5,0.15
589.7239,12.062,-0.199,0.003,8.09,-0.086,0.012,-0.106,0.0,-0.001,-0.106,0.001,0.013,0.202,0.132,0.525,0.005,0.202,0.008,0.0,0.004,0.0,828.586,-0.0,0.0,-0.0,0.0,0.0,0.0,0.0,0.0,-0.6789,0.7011,-0.218,0.729,0.6789,-0.0872,0.0869,-0.2181,-0.972,0.676,0.226,-0.7014,-0.7316,0.0917,-0.6755,-0.0884,0.9698,0.2273,0.0001,0.0035,0.0001,0.0,0.0,0.0,-0.0252,-0.008,-0.1028,19.6683,17.2708,7.4296,0.0,0.0433,-0.3611,0.0,0.0,0.0,4583445.6444,4433724.9808,-2166022.2745,2296.5687,1156.8194,7250.1198,4583425.9761,4433707.71,-2166029.7042,2296.5939,1156.8273,7250.2226,0.0,0.0765,3.9732,0.0,0.0,1.0,0.0,1.0,0.0,0.0,1.172,-23.972,0.0,1.0,0.0,0.0,0.0,-1.0,0.19902261178067182,0.001,-0.1,1.2181605215190807,2.1268560413055044,1.5,0.15
589.9262,12.041,-0.199,0.003,8.068,-0.085,0.014,-0.106,0.0,-0.001,-0.106,0.001,0.01,0.203,0.168,0.527,0.006,0.155,0.008,0.0,0.003,0.0,828.557,-0.0,0.0,-0.0,0.0,0.0,0.0,0.0,0.0,-0.6791,0.701,-0.2176,0.729,0.6789,-0.0876,0.0863,-0.2181,-0.9721,0.676,0.226,-0.7014,-0.7316,0.0917,-0.6755,-0.0884,0.9698,0.2273,0.0001,0.0027,0.0001,0.0,0.0,0.0,-0.0252,-0.008,-0.1028,19.6634,17.269,7.4088,0.0,0.0433,-0.3611,0.0,0.0,0.0,4583910.725,4433959.1925,-2164553.5994,2295.3571,1155.6474,7250.6921,4583891.0617,4433941.9235,-2164561.0082,2295.3823,1155.6554,7250.7949,0.0,0.0765,3.9732,0.0,0.0,1.0,0.0,1.0,0.0,0.0,1.172,-23.972,0.0,1.0,0.0,0.0,0.0,-1.0,0.19902261178067182,0.001,-0.1,1.2426344460470624,2.1231531747106267,1.5,0.15
590.1273,12.019,-0.198,0.002,8.047,-0.085,0.016,-0.106,0.0,-0.001,-0.106,0.001,0.006,0.205,0.194,0.529,0.006,0.109,0.008,0.0,0.002,0.0,828.53,-0.0,0.0,-0.0,0.0,0.0,0.0,0.0,0.0,-0.6792,0.701,-0.2173,0.7289,0.679,-0.0879,0.0859,-0.2181,-0.9721,0.676,0.226,-0.7014,-0.7316,0.0917,-0.6755,-0.0884,0.9698,0.2273,0.0001,0.0019,0.0001,0.0,0.0,0.0,-0.0252,-0.008,-0.1028,19.6584,17.2673,7.388,0.0,0.0433,-0.3611,0.0,0.0,0.0,4584372.8426,4434191.7991,-2163093.3999,2294.1525,1154.4823,7251.2607,4584353.1842,4434174.5318,-2163100.7879,2294.1778,1154.4902,7251.3635,0.0,0.0765,3.9732,0.0,0.0,1.0,0.0,1.0,0.0,0.0,1.172,-23.972,0.0,1.0,0.0,0.0,0.0,-1.0,0.19801010075246162,0.001,-0.1,1.2391411987316787,2.1192739811350405,1.5,0.15
590.3339,11.998,-0.198,0.002,8.025,-0.085,0.017,-0.106,0.0,-0.002,-0.106,0.001,0.002,0.206,0.212,0.53,0.007,0.061,0.008,0.0,0.001,0.0,828.501,-0.0,0.0,-0.0,0.0,0.0,0.0,0.0,0.0,-0.6793,0.701,-0.217,0.7288,0.679,-0.0881,0.0856,-0.2181,-0.9722,0.676,0.226,-0.7014,-0.7316,0.0917,-0.6755,-0.0884,0.9698,0.2273,0.0001,0.0011,0.0001,0.0,0.0,0.0,-0.0252,-0.008,-0.1029,19.6533,17.2656,7.3669,0.0,0.0433,-0.3611,0.0,0.0,0.0,4584844.9781,4434429.3321,-2161600.633,2292.9211,1153.2912,7251.8415,4584825.3249,4434412.0666,-2161607.9999,2292.9463,1153.2991,7251.9444,0.0,0.0765,3.9732,0.0,0.0,1.0,0.0,1.0,0.0,0.0,1.172,-23.972,0.0,1.0,0.0,0.0,0.0,-1.0,0.19801010075246162,0.002,-0.1,1.242532447593758,2.115571114540163,1.5,0.15
590.5374,11.976,-0.198,0.002,8.004,-0.085,0.017,-0.106,0.0,-0.002,-0.106,0.001,-0.001,0.208,0.219,0.532,0.007,0.015,0.008,0.0,0.0,0.0,828.473,-0.0,0.0,-0.0,0.0,0.0,0.0,0.0,0.0,-0.6793,0.701,-0.2169,0.7288,0.679,-0.0882,0.0855,-0.218,-0.9722,0.676,0.226,-0.7014,-0.7316,0.0917,-0.6755,-0.0884,0.9698,0.2273,0.0001,0.0003,0.0001,0.0,0.0,0.0,-0.0252,-0.0079,-0.1029,19.6482,17.2639,7.346,0.0,0.0433,-0.3611,0.0,0.0,0.0,4585309.0851,4434662.711,-2160132.3549,2291.7097,1152.1196,7252.4124,4585289.4369,4434645.4471,-2160139.701,2291.7349,1152.1276,7252.5152,0.0,0.0765,3.9732,0.0,0.0,1.0,0.0,1.0,0.0,0.0,1.172,-23.972,0.0,1.0,0.0,0.0,0.0,-1.0,0.19801010075246162,0.002,-0.1,1.2422287866462327,2.1116919209645766,1.5,0.15
590.7382,11.955,-0.198,0.001,7.983,-0.085,0.016,-0.106,0.0,-0.002,-0.106,0.001,-0.002,0.209,0.221,0.533,0.007,0.007,0.007,0.0,0.0,0.0,828.469,-0.0,0.0,-0.0,0.0,0.0,0.0,0.0,0.0,-0.6794,0.701,-0.2169,0.7288,0.679,-0.0882,0.0854,-0.218,-0.9722,0.676,0.226,-0.7014,-0.7316,0.0917,-0.6755,-0.0884,0.9698,0.2273,0.0001,0.0001,0.0001,0.0,0.0,0.0,-0.0252,-0.0079,-0.1029,19.6432,17.2623,7.3254,0.0,0.0433,-0.3611,0.0,0.0,0.0,4585768.283,4434893.5096,-2158678.7241,2290.5105,1150.9598,7252.9771,4585748.6398,4434876.2473,-2158686.0495,2290.5357,1150.9677,7253.08,0.0,0.0765,3.9732,0.0,0.0,1.0,0.0,1.0,0.0,0.0,1.172,-23.972,0.0,1.0,0.0,0.0,0.0,-1.0,0.19800252523642217,0.002,-0.1,1.240307131310136,2.107989054369699,1.5,0.15
590.9394,11.933,-0.198,0.001,7.961,-0.085,0.016,-0.106,0.0,-0.002,-0.106,0.001,-0.003,0.211,0.222,0.535,0.007,-0.011,0.007,0.0,-0.0,0.0,828.458,-0.0,0.0,-0.0,0.0,-0.378,0.0,0.0,0.0,-0.6794,0.701,-0.2169,0.7288,0.679,-0.0882,0.0854,-0.218,-0.9722,0.676,0.226,-0.7014,-0.7316,0.0917,-0.6755,-0.0884,0.9698,0.2273,0.0001,-0.0002,0.0001,0.0,0.0,0.0,-0.0252,-0.0079,-0.1029,19.6381,17.2607,7.3045,0.0,0.0433,-0.3611,0.0,0.0,0.0,4586232.7176,4435126.8264,-2157207.6289,2289.2968,1149.7861,7253.5482,4586213.0795,4435109.5657,-2157214.9335,2289.322,1149.794,7253.6511,0.0,0.0765,3.9732,0.0,0.0,1.0,0.0,1.0,0.0,0.0,1.172,-23.972,0.0,1.0,0.0,0.0,0.0,-1.0,0.19800252523642217,0.002,-0.1,1.2395494661358364,2.1041098607941127,1.5,0.15
591.1428,11.912,-0.198,0.0,7.939,-0.084,0.015,-0.106,0.0,-0.002,-0.106,0.001,-0.006,0.212,0.215,0.536,0.008,-0.056,0.007,0.0,-0.001,0.0,828.43,-0.0,0.0,-0.0,0.0,-0.779,0.0,0.0,0.0,-0.6794,0.701,-0.2169,0.7288,0.6791,-0.0881,0.0856,-0.2179,-0.9722,0.676,0.226,-0.7014,-0.7316,0.0917,-0.6755,-0.0884,0.9698,0.2273,0.0001,-0.001,0.0001,0.0,0.0,0.0,-0.0252,-0.0079,-0.1029,19.6329,17.2591,7.2836,0.0,0.0433,-0.3611,0.0,0.0,0.0,4586698.5788,4435360.7449,-2155731.1165,2288.0786,1148.6081,7254.121,4586678.9459,4435343.4857,-2155738.4,2288.1038,1148.616,7254.2239,0.0,0.0765,3.9732,0.0,0.0,1.0,0.0,1.0,0.0,0.0,1.172,-23.972,0.0,1.0,0.0,0.0,0.0,-1.0,0.198,0.002,-0.1,1.2560764878155275,2.100406994199235,1.5,0.15
591.3492,11.89,-0.198,-0.0,7.917,-0.084,0.013,-0.106,0.0,-0.003,-0.106,0.001,-0.01,0.214,0.198,0.538,0.008,-0.105,0.007,0.0,-0.002,0.0,828.401,-0.0,0.0,-0.0,0.0,-1.0,0.0,0.0,0.0,-0.6793,0.701,-0.2171,0.7288,0.6791,-0.0879,0.0858,-0.2179,-0.9722,0.676,0.226,-0.7014,-0.7316,0.0917,-0.6755,-0.0884,0.9698,0.2273,0.0001,-0.0018,0.0001,0.0,0.0,0.0,-0.0252,-0.0079,-0.1029,19.6277,17.2576,7.2624,0.0,0.0433,-0.3611,0.0,0.0,0.0,4587169.6876,4435597.181,-2154237.0514,2286.8459,1147.4161,7254.7001,4587150.0599,4435579.9234,-2154244.3139,2286.8711,1147.424,7254.803,0.0,0.0765,3.9732,0.0,0.0,1.0,0.0,1.0,0.0,0.0,1.172,-23.972,0.0,1.0,0.0,0.0,0.0,-1.0,0.198,0.003,-0.1,1.246854844061143,2.0965278006236487,1.5,0.15
591.5496,11.869,-0.198,-0.001,7.896,-0.084,0.011,-0.106,0.0,-0.003,-0.106,0.001,-0.013,0.215,0.173,0.539,0.008,-0.15,0.007,0.0,-0.003,0.0,828.374,-0.0,0.0,-0.0,0.0,-0.935,0.0,0.0,0.0,-0.6793,0.701,-0.2174,0.7288,0.6791,-0.0875,0.0863,-0.2179,-0.9722,0.676,0.226,-0.7014,-0.7316,0.0917,-0.6755,-0.0884,0.9698,0.2273,0.0001,-0.0026,0.0001,0.0,0.0,0.0,-0.0252,-0.0079,-0.1029,19.6225,17.2561,7.2418,0.0,0.0433,-0.3611,0.0,0.0,0.0,4587627.085,4435826.6227,-2152785.5865,2285.6484,1146.2581,7255.2623,4587607.4625,4435809.3666,-2152792.8283,2285.6735,1146.266,7255.3652,0.0,0.0765,3.9732,0.0,0.0,1.0,0.0,1.0,0.0,0.0,1.172,-23.972,0.0,1.0,0.0,0.0,0.0,-1.0,0.19800252523642217,0.003,-0.1,1.2413748781042626,2.0928249340287706,1.5,0.15
591.7532,11.847,-0.198,-0.001,7.875,-0.084,0.008,-0.106,0.0,-0.003,-0.106,0.001,-0.017,0.216,0.137,0.541,0.009,-0.198,0.007,0.0,-0.003,0.0,828.346,-0.0,0.0,-0.0,0.0,-0.928,0.0,0.0,0.0,-0.6791,0.7009,-0.2178,0.7288,0.6791,-0.087,0.0869,-0.2179,-0.9721,0.676,0.226,-0.7014,-0.7316,0.0917,-0.6755,-0.0884,0.9698,0.2273,0.0001,-0.0035,0.0001,0.0,0.0,0.0,-0.0252,-0.0079,-0.1029,19.6173,17.2547,7.2209,0.0,0.0433,-0.3611,0.0,0.0,0.0,4588093.1088,4436060.2773,-2151305.8448,2284.4274,1145.0776,7255.835,4588073.4915,4436043.0226,-2151313.0656,2284.4526,1145.0855,7255.9379,0.0,0.0765,3.9732,0.0,0.0,1.0,0.0,1.0,0.0,0.0,1.172,-23.972,0.0,1.0,0.0,0.0,0.0,-1.0,0.19800252523642217,0.003,-0.1,1.231620100342571,2.0889457404531844,1.5,0.15
591.9538,11.826,-0.198,-0.002,7.853,-0.084,0.004,-0.106,0.0,-0.004,-0.106,0.001,-0.021,0.218,0.093,0.542,0.009,-0.245,0.007,0.0,-0.004,0.0,828.317,-0.0,0.0,-0.0,0.0,-0.909,0.0,0.0,0.0,-0.679,0.7009,-0.2183,0.7289,0.6791,-0.0865,0.0877,-0.2178,-0.972,0.676,0.226,-0.7014,-0.7316,0.0917,-0.6755,-0.0884,0.9698,0.2273,0.0001,-0.0043,0.0001,0.0,0.0,0.0,-0.0252,-0.0079,-0.1029,19.612,17.2533,7.2002,0.0,0.0433,-0.3611,0.0,0.0,0.0,4588551.7574,4436290.1205,-2149848.639,2283.2251,1143.9151,7256.3986,4588532.1453,4436272.8672,-2149855.8393,2283.2502,1143.923,7256.5015,0.0,0.0765,3.9732,0.0,0.0,1.0,0.0,1.0,0.0,0.0,1.172,-23.972,0.0,1.0,0.0,0.0,0.0,-1.0,0.19801010075246162,0.004,-0.1,1.2232356263920265,2.085242873858307,1.5,0.15
592.1578,11.804,-0.198,-0.003,7.832,-0.083,-0.001,-0.106,0.0,-0.004,-0.106,0.001,-0.024,0.219,0.038,0.543,0.01,-0.288,0.006,0.0,-0.005,0.0,828.29,-0.0,0.0,-0.0,0.0,0.0,0.0,0.0,0.0,-0.6788,0.7009,-0.2189,0.729,0.6792,-0.0857,0.0886,-0.2178,-0.972,0.676,0.226,-0.7014,-0.7316,0.0917,-0.6755,-0.0884,0.9698,0.2273,0.0001,-0.005,0.0001,0.0,0.0,0.0,-0.0252,-0.0079,-0.1029,19.6067,17.252,7.1793,0.0,0.0433,-0.3611,0.0,0.0,0.0,4589016.7739,4436523.0404,-2148370.2974,2282.0052,1142.7358,7256.9699,4588997.1672,4436505.7884,-2148377.4767,2282.0304,1142.7436,7257.0728,0.0,0.0765,3.9732,0.0,0.0,1.0,0.0,1.0,0.0,0.0,1.172,-23.972,0.0,1.0,0.0,0.0,0.0,-1.0,0.198022725968511,0.004,-0.1,1.237904739022935,2.0813636802827205,1.5,0.15
592.3625,11.782,-0.198,-0.004,7.81,-0.083,-0.005,-0.106,0.0,-0.004,-0.106,0.001,-0.02,0.221,-0.016,0.545,0.009,-0.24,0.007,0.0,-0.004,0.0,828.261,-0.0,0.0,-0.0,0.0,0.0,0.0,0.0,0.0,-0.6786,0.7009,-0.2196,0.729,0.6792,-0.085,0.0895,-0.2178,-0.9719,0.676,0.226,-0.7014,-0.7316,0.0917,-0.6755,-0.0884,0.9698,0.2273,0.0001,-0.0042,0.0001,0.0,0.0,0.0,-0.0251,-0.0079,-0.1029,19.6013,17.2506,7.1582,0.0,0.0433,-0.3611,0.0,0.0,0.0,4589483.9396,4436756.9198,-2146884.214,2280.779,1141.5503,7257.5437,4589464.3383,4436739.6692,-2146891.3722,2280.8041,1141.5582,7257.6467,0.0,0.0765,3.9732,0.0,0.0,1.0,0.0,1.0,0.0,0.0,1.172,-23.972,0.0,1.0,0.0,0.0,0.0,-1.0,0.19804039991880446,0.004,-0.1,1.237496699546142,2.0774844867071343,1.5,0.15
592.565,11.761,-0.197,-0.004,7.788,-0.083,-0.009,-0.106,0.0,-0.003,-0.106,0.001,-0.017,0.222,-0.06,0.546,0.009,-0.194,0.007,0.0,-0.003,0.0,828.233,-0.0,0.0,-0.0,0.0,0.0,0.0,0.0,0.0,-0.6785,0.7009,-0.2201,0.7291,0.6792,-0.0845,0.0903,-0.2177,-0.9718,0.676,0.226,-0.7014,-0.7316,0.0917,-0.6755,-0.0884,0.9698,0.2273,0.0001,-0.0034,0.0001,0.0,0.0,0.0,-0.0251,-0.0079,-0.1029,19.596,17.2492,7.1374,0.0,0.0433,-0.361,0.0,0.0,0.0,4589945.7074,4436987.9818,-2145414.3985,2279.5661,1140.3778,7258.1109,4589926.1114,4436970.7326,-2145421.5359,2279.5912,1140.3857,7258.2138,0.0,0.0765,3.9732,0.0,0.0,1.0,0.0,1.0,0.0,0.0,1.172,-23.972,0.0,1.0,0.0,0.0,0.0,-1.0,0.19704060495238032,0.003,-0.1,1.2268814138769952,2.0737816201122565,1.5,0.15
592.7679,11.739,-0.197,-0.005,7.767,-0.083,-0.012,-0.106,0.001,-0.003,-0.106,0.001,-0.013,0.224,-0.094,0.547,0.008,-0.146,0.007,0.0,-0.003,0.0,828.205,-0.0,0.0,-0.0,0.0,0.0,0.0,0.0,0.0,-0.6783,0.7009,-0.2204,0.7291,0.6792,-0.084,0.0908,-0.2177,-0.9718,0.676,0.226,-0.7014,-0.7316,0.0917,-0.6755,-0.0884,0.9698,0.2273,0.0001,-0.0026,0.0001,0.0,0.0,0.0,-0.0251,-0.0079,-0.1029,19.5908,17.2478,7.1166,0.0,0.0433,-0.361,0.0,0.0,0.0,4590407.619,4437219.0011,-2143943.2263,2278.3521,1139.2043,7258.6781,4590388.0282,4437201.7533,-2143950.3429,2278.3772,1139.2122,7258.781,0.0,0.0765,3.9732,0.0,0.0,1.0,0.0,1.0,0.0,0.0,1.172,-23.972,0.0,1.0,0.0,0.0,0.0,-1.0,0.19706344156134084,0.0031622776601683794,-0.1,1.2315460390012836,2.0699024265366703,1.5,0.15
592.9697,11.718,-0.197,-0.006,7.745,-0.083,-0.014,-0.106,0.001,-0.003,-0.106,0.001,-0.01,0.225,-0.119,0.549,0.008,-0.099,0.007,0.0,-0.002,0.0,828.176,-0.0,0.0,-0.0,0.0,0.0,0.0,0.0,0.0,-0.6783,0.7009,-0.2207,0.7291,0.6792,-0.0837,0.0913,-0.2177,-0.9717,0.676,0.226,-0.7014,-0.7316,0.0917,-0.6755,-0.0884,0.9698,0.2273,0.0001,-0.0017,0.0001,0.0,0.0,0.0,-0.0251,-0.0079,-0.103,19.5856,17.2463,7.0957,0.0,0.0433,-0.361,0.0,0.0,0.0,4590868.7808,4437449.5306,-2142473.5461,2277.1393,1138.032,7259.2443,4590849.1951,4437432.2843,-2142480.6418,2277.1644,1138.0399,7259.3472,0.0,0.0765,3.9732,0.0,0.0,1.0,0.0,1.0,0.0,0.0,1.172,-23.972,0.0,1.0,0.0,0.0,0.0,-1.0,0.1970913493789111,0.0031622776601683794,-0.1,1.2338147272778286,2.0661995599417926,1.5,0.15
593.17,11.696,-0.197,-0.006,7.724,-0.082,-0.016,-0.106,0.001,-0.002,-0.106,0.001,-0.006,0.226,-0.134,0.55,0.008,-0.054,0.007,0.0,-0.001,0.0,828.149,-0.0,0.0,-0.0,0.0,0.0,0.0,0.0,0.0,-0.6782,0.7009,-0.2209,0.7291,0.6793,-0.0835,0.0915,-0.2177,-0.9717,0.676,0.226,-0.7014,-0.7316,0.0917,-0.6755,-0.0884,0.9698,0.2273,0.0001,-0.0009,0.0001,0.0,0.0,0.0,-0.0251,-0.0079,-0.103,19.5806,17.2448,7.0752,0.0,0.0433,-0.361,0.0,0.0,0.0,4591322.4115,4437676.1833,-2141026.9938,2275.9456,1136.8782,7259.8012,4591302.8309,4437658.9384,-2141034.069,2275.9707,1136.886,7259.9041,0.0,0.0765,3.9732,0.0,0.0,1.0,0.0,1.0,0.0,0.0,1.172,-23.972,0.0,1.0,0.0,0.0,0.0,-1.0,0.1970913493789111,0.0022360679774997894,-0.1,1.2591953444499469,2.0623203663662064,1.5,0.15
593.3744,11.675,-0.197,-0.007,7.702,-0.082,-0.017,-0.106,0.001,-0.002,-0.106,0.001,-0.003,0.228,-0.14,0.552,0.007,-0.007,0.008,0.0,-0.0,0.0,828.121,-0.0,0.0,-0.0,0.0,0.0,0.0,0.0,0.0,-0.6782,0.7009,-0.2209,0.7291,0.6793,-0.0834,0.0917,-0.2176,-0.9717,0.676,0.226,-0.7014,-0.7316,0.0917,-0.6755,-0.0884,0.9698,0.2273,0.0001,-0.0001,0.0001,0.0,0.0,0.0,-0.0251,-0.0078,-0.103,19.5754,17.2432,7.054,0.0,0.0433,-0.361,0.0,0.0,0.0,4591791.1208,4437910.2534,-2139531.4396,2274.7114,1135.6853,7260.3765,4591771.5454,4437893.0101,-2139538.4936,2274.7365,1135.6931,7260.4794,0.0,0.0765,3.9732,0.0,0.0,1.0,0.0,1.0,0.0,0.0,1.172,-23.972,0.0,1.0,0.0,0.0,0.0,-1.0,0.19712432625122656,0.0022360679774997894,-0.1,1.258926684142631,2.0586174997713287,1.5,0.15
593.5792,11.653,-0.197,-0.007,7.681,-0.082,-0.017,-0.106,0.001,-0.002,-0.106,0.001,-0.003,0.229,-0.142,0.553,0.007,-0.007,0.008,0.0,-0.0,0.0,828.121,-0.0,0.0,-0.0,0.0,0.0,0.0,0.0,0.0,-0.6782,0.7008,-0.2209,0.7291,0.6793,-0.0833,0.0917,-0.2176,-0.9717,0.676,0.226,-0.7014,-0.7316,0.0917,-0.6755,-0.0884,0.9698,0.2273,0.0001,-0.0001,0.0001,0.0,0.0,0.0,-0.0251,-0.0078,-0.103,19.5703,17.2417,7.0332,0.0,0.0433,-0.361,0.0,0.0,0.0,4592250.8335,4438139.7147,-2138063.6933,2273.5001,1134.5146,7260.9407,4592231.2632,4438122.4731,-2138070.7265,2273.5252,1134.5225,7261.0436,0.0,0.0765,3.9732,0.0,0.0,1.0,0.0,1.0,0.0,0.0,1.172,-23.972,0.0,1.0,0.0,0.0,0.0,-1.0,0.19712432625122656,0.0022360679774997894,-0.1,1.2585953105200247,2.0547383061957425,1.5,0.15
593.7818,11.631,-0.197,-0.007,7.659,-0.082,-0.018,-0.106,0.001,-0.002,-0.106,0.001,-0.003,0.231,-0.143,0.555,0.007,-0.007,0.008,0.0,-0.0,0.0,828.121,-0.0,0.0,-0.0,0.0,0.0,0.0,0.0,0.0,-0.6782,0.7008,-0.2209,0.7291,0.6793,-0.0833,0.0917,-0.2176,-0.9717,0.676,0.226,-0.7014,-0.7316,0.0917,-0.6755,-0.0884,0.9698,0.2273,0.0001,-0.0001,0.0001,0.0,0.0,0.0,-0.0251,-0.0078,-0.103,19.5652,17.2401,7.0123,0.0,0.0433,-0.361,0.0,0.0,0.0,4592711.6846,4438369.6297,-2136591.4083,2272.285,1133.3404,7261.5061,4592692.1194,4438352.3896,-2136598.4206,2272.3101,1133.3482,7261.6091,0.0,0.0765,3.9732,0.0,0.0,1.0,0.0,1.0,0.0,0.0,1.172,-23.972,0.0,1.0,0.0,0.0,0.0,-1.0,0.19712432625122656,0.0022360679774997894,-0.1,1.2615593442735555,2.0508591126201563,1.5,0.15
593.9865,11.61,-0.197,-0.008,7.637,-0.082,-0.018,-0.106,0.001,-0.002,-0.106,0.001,-0.003,0.232,-0.145,0.556,0.007,-0.007,0.008,0.0,-0.0,0.0,828.121,-0.0,0.0,-0.0,0.0,0.0,0.0,0.0,0.0,-0.6783,0.7008,-0.2209,0.7291,0.6793,-0.0833,0.0917,-0.2175,-0.9717,0.676,0.226,-0.7014,-0.7316,0.0917,-0.6755,-0.0884,0.9698,0.2273,0.0001,-0.0001,0.0001,0.0,0.0,0.0,-0.0251,-0.0078,-0.103,19.5601,17.2385,6.9912,0.0,0.0433,-0.361,0.0,0.0,0.0,4593177.4748,4438601.8914,-2135102.429,2271.0561,1132.1528,7262.0776,4593157.9147,4438584.653,-2135109.4202,2271.0812,1132.1607,7262.1806,0.0,0.0765,3.9732,0.0,0.0,1.0,0.0,1.0,0.0,0.0,1.172,-23.972,0.0,1.0,0.0,0.0,0.0,-1.0,0.1971623696347759,0.0022360679774997894,-0.1,1.25756399934754,2.047156246025278,1.5,0.15
594.1944,11.588,-0.197,-0.008,7.615,-0.081,-0.019,-0.106,0.001,-0.002,-0.106,0.001,-0.003,0.233,-0.146,0.558,0.007,-0.007,0.008,0.0,-0.0,0.0,828.121,-0.0,0.0,-0.0,0.0,0.0,0.0,0.0,0.0,-0.6783,0.7008,-0.2209,0.7291,0.6794,-0.0832,0.0918,-0.2175,-0.9717,0.676,0.226,-0.7014,-0.7316,0.0917,-0.6755,-0.0884,0.9698,0.2273,0.0001,-0.0001,0.0001,0.0,0.0,0.0,-0.0251,-0.0078,-0.103,19.5549,17.2369,6.9698,0.0,0.0433,-0.361,0.0,0.0,0.0,4593648.1793,4438836.484,-2133596.8003,2269.8135,1130.952,7262.655,4593628.6245,4438819.2471,-2133603.7701,2269.8386,1130.9599,7262.758,0.0,0.0765,3.9732,0.0,0.0,1.0,0.0,1.0,0.0,0.0,1.172,-23.972,0.0,1.0,0.0,0.0,0.0,-1.0,0.1971623696347759,0.0022360679774997894,-0.1,1.2797894835650996,2.043277052449692,1.5,0.15
594.3984,11.566,-0.196,-0.009,7.594,-0.081,-0.019,-0.106,0.001,-0.002,-0.106,0.001,-0.003,0.235,-0.148,0.559,0.007,-0.007,0.008,0.0,-0.0,0.0,828.121,-0.0,0.0,-0.0,0.0,0.0,0.0,0.0,0.0,-0.6783,0.7008,-0.2209,0.729,0.6794,-0.0832,0.0918,-0.2175,-0.9717,0.676,0.226,-0.7014,-0.7316,0.0917,-0.6755,-0.0884,0.9698,0.2273,0.0001,-0.0001,0.0001,0.0,0.0,0.0,-0.0251,-0.0078,-0.103,19.5497,17.2353,6.9487,0.0,0.0433,-0.361,0.0,0.0,0.0,4594113.1577,4439068.1041,-2132108.5629,2268.5852,1129.7652,7263.2253,4594093.608,4439050.8688,-2132115.5116,2268.6103,1129.773,7263.3283,0.0,0.0765,3.9732,0.0,0.0,1.0,0.0,1.0,0.0,0.0,1.172,-23.972,0.0,1.0,0.0,0.0,0.0,-1.0,0.1962065238466856,0.0022360679774997894,-0.1,1.262504111314797,2.039397858874106,1.5,0.15
594.6008,11.544,-0.196,-0.009,7.572,-0.081,-0.02,-0.106,0.001,-0.002,-0.106,0.001,-0.003,0.236,-0.15,0.561,0.007,-0.007,0.008,0.0,-0.0,0.0,828.121,-0.0,0.0,-0.0,0.0,0.0,0.0,0.0,0.0,-0.6783,0.7008,-0.2209,0.729,0.6794,-0.0831,0.0918,-0.2175,-0.9717,0.676,0.226,-0.7014,-0.7316,0.0917,-0.6755,-0.0884,0.9698,0.2273,0.0001,-0.0001,0.0001,0.0,0.0,0.0,-0.0251,-0.0078,-0.103,19.5446,17.2337,6.9278,0.0,0.0433,-0.361,0.0,0.0,0.0,4594573.9774,4439297.5364,-2130632.7227,2267.3671,1128.5882,7263.7904,4594554.4328,4439280.3027,-2130639.6505,2267.3921,1128.596,7263.8934,0.0,0.0765,3.9732,0.0,0.0,1.0,0.0,1.0,0.0,0.0,1.172,-23.972,0.0,1.0,0.0,0.0,0.0,-1.0,0.1962065238466856,0.0022360679774997894,-0.1,1.2656404650400201,2.0355186652985195,1.5,0.15
594.8036,11.523,-0.196,-0.01,7.55,-0.081,-0.02,-0.106,0.001,-0.002,-0.106,0.001,-0.003,0.238,-0.151,0.562,0.007,-0.007,0.008,0.0,-0.0,0.0,828.121,-0.0,0.0,-0.0,0.0,0.0,0.0,0.0,0.0,-0.6783,0.7008,-0.2209,0.729,0.6794,-0.0831,0.0919,-0.2174,-0.9717,0.676,0.226,-0.7014,-0.7316,0.0917,-0.6755,-0.0884,0.9698,0.2273,0.0001,-0.0001,0.0001,0.0,0.0,0.0,-0.0251,-0.0078,-0.103,19.5396,17.2322,6.9069,0.0,0.0433,-0.361,0.0,0.0,0.0,4595033.8069,4439526.3601,-2129159.1497,2266.1508,1127.4131,7264.3542,4595014.2674,4439509.1279,-2129166.0566,2266.1759,1127.4208,7264.4572,0.0,0.0765,3.9732,0.0,0.0,1.0,0.0,1.0,0.0,0.0,1.172,-23.972,0.0,1.0,0.0,0.0,0.0,-1.0,0.19625493624365226,0.0022360679774997894,-0.1,1.2615323633828004,2.031815798703642,1.5,0.15
595.0088,11.501,-0.196,-0.01,7.529,-0.08,-0.021,-0.106,0.001,-0.002,-0.106,0.001,-0.003,0.239,-0.153,0.564,0.007,-0.007,0.008,0.0,-0.0,0.0,828.121,-0.0,0.0,-0.0,0.0,0.0,0.0,0.0,0.0,-0.6783,0.7008,-0.2209,0.729,0.6795,-0.0831,0.0919,-0.2174,-0.9717,0.676,0.226,-0.7014,-0.7316,0.0917,-0.6755,-0.0884,0.9698,0.2273,0.0001,-0.0001,0.0001,0.0,0.0,0.0,-0.0251,-0.0078,-0.103,19.5344,17.2306,6.8858,0.0,0.0433,-0.361,0.0,0.0,0.0,4595498.1468,4439757.3108,-2127670.2025,2264.9218,1126.2257,7264.9234,4595478.6123,4439740.0803,-2127677.0883,2264.9469,1126.2335,7265.0264,0.0,0.0765,3.9732,0.0,0.0,1.0,0.0,1.0,0.0,0.0,1.172,-23.972,0.0,1.0,0.0,0.0,0.0,-1.0,0.19625493624365226,0.0022360679774997894,-0.1,1.2843931047600667,2.0279366051280556,1.5,0.15
595.2138,11.479,-0.196,-0.011,7.507,-0.08,-0.022,-0.106,0.001,-0.002,-0.106,0.001,-0.005,0.241,-0.156,0.565,0.007,-0.035,0.007,0.0,-0.001,0.0,828.105,-0.0,0.0,-0.0,0.0,-0.564,0.0,0.0,0.0,-0.6783,0.7008,-0.2209,0.729,0.6795,-0.083,0.092,-0.2174,-0.9717,0.676,0.226,-0.7014,-0.7316,0.0917,-0.6755,-0.0884,0.9698,0.2273,0.0001,-0.0006,0.0001,0.0,0.0,0.0,-0.025,-0.0078,-0.103,19.5293,17.229,6.8646,0.0,0.0433,-0.361,0.0,0.0,0.0,4595962.7914,4439988.2949,-2126179.3524,2263.6912,1125.0368,7265.4929,4595943.2621,4439971.0659,-2126186.217,2263.7163,1125.0446,7265.596,0.0,0.0765,3.9732,0.0,0.0,1.0,0.0,1.0,0.0,0.0,1.172,-23.972,0.0,1.0,0.0,0.0,0.0,-1.0,0.19630843079195556,0.0022360679774997894,-0.1,1.2847228475197845,2.0240574115524694,1.5,0.15
595.416,11.458,-0.196,-0.011,7.485,-0.08,-0.023,-0.106,0.001,-0.003,-0.106,0.001,-0.008,0.242,-0.167,0.567,0.008,-0.082,0.007,0.0,-0.001,0.0,828.076,-0.0,0.0,-0.0,0.0,-0.954,0.0,0.0,0.0,-0.6783,0.7007,-0.2211,0.729,0.6795,-0.0828,0.0922,-0.2173,-0.9717,0.676,0.226,-0.7014,-0.7316,0.0917,-0.6755,-0.0884,0.9698,0.2273,0.0001,-0.0014,0.0001,0.0,0.0,0.0,-0.025,-0.0078,-0.103,19.5241,17.2275,6.8438,0.0,0.0433,-0.361,0.0,0.0,0.0,4596419.1358,4440215.0374,-2124714.232,2262.4819,1123.8685,7266.0522,4596399.6117,4440197.8099,-2124721.0759,2262.5069,1123.8763,7266.1552,0.0,0.0765,3.9732,0.0,0.0,1.0,0.0,1.0,0.0,0.0,1.172,-23.972,0.0,1.0,0.0,0.0,0.0,-1.0,0.19630843079195556,0.0031622776601683794,-0.1,1.2878636614096173,2.0203545449575917,1.5,0.15
595.6214,11.436,-0.196,-0.012,7.464,-0.08,-0.025,-0.106,0.001,-0.003,-0.106,0.001,-0.012,0.244,-0.189,0.568,0.008,-0.129,0.007,0.0,-0.002,0.0,828.048,-0.0,0.0,-0.0,0.0,-0.993,0.0,0.0,0.0,-0.6782,0.7007,-0.2213,0.729,0.6795,-0.0825,0.0925,-0.2173,-0.9717,0.676,0.226,-0.7014,-0.7316,0.0917,-0.6755,-0.0884,0.9698,0.2273,0.0001,-0.0022,0.0001,0.0,0.0,0.0,-0.025,-0.0078,-0.1031,19.5189,17.226,6.8226,0.0,0.0433,-0.361,0.0,0.0,0.0,4596886.1111,4440446.9434,-2123214.0538,2261.2435,1122.6723,7266.6244,4596866.5922,4440429.7174,-2123220.8764,2261.2686,1122.6801,7266.7274,0.0,0.0765,3.9732,0.0,0.0,1.0,0.0,1.0,0.0,0.0,1.172,-23.972,0.0,1.0,0.0,0.0,0.0,-1.0,0.19636700333813725,0.0031622776601683794,-0.1,1.2934567056628852,2.0164753513820055,1.5,0.15
595.8227,11.414,-0.195,-0.012,7.442,-0.079,-0.028,-0.106,0.001,-0.003,-0.106,0.001,-0.013,0.245,-0.219,0.57,0.008,-0.141,0.007,0.0,-0.002,0.0,828.02,-0.0,0.0,-0.0,0.0,0.0,0.0,0.0,0.0,-0.6781,0.7007,-0.2216,0.729,0.6795,-0.0822,0.093,-0.2173,-0.9717,0.676,0.226,-0.7014,-0.7316,0.0917,-0.6755,-0.0884,0.9698,0.2273,0.0001,-0.0025,0.0001,0.0,0.0,0.0,-0.025,-0.0078,-0.1031,19.5138,17.2246,6.8018,0.0,0.0433,-0.361,0.0,0.0,0.0,4597341.7452,4440673.1018,-2121749.3996,2260.0345,1121.5044,7267.1826,4597322.2314,4440655.8772,-2121756.2014,2260.0595,1121.5122,7267.2857,0.0,0.0765,3.9732,0.0,0.0,1.0,0.0,1.0,0.0,0.0,1.172,-23.972,0.0,1.0,0.0,0.0,0.0,-1.0,0.19536888186197923,0.0031622776601683794,-0.1,1.3135265153973816,2.0125961578064193,1.5,0.15
596.0242,11.393,-0.195,-0.013,7.421,-0.079,-0.03,-0.106,0.001,-0.003,-0.106,0.001,-0.009,0.246,-0.242,0.571,0.008,-0.094,0.007,0.0,-0.002,0.0,827.992,-0.0,0.0,-0.0,0.0,0.0,0.0,0.0,0.0,-0.6781,0.7007,-0.2219,0.729,0.6796,-0.0818,0.0934,-0.2173,-0.9716,0.676,0.226,-0.7014,-0.7316,0.0917,-0.6755,-0.0884,0.9698,0.2273,0.0001,-0.0016,0.0001,0.0,0.0,0.0,-0.025,-0.0078,-0.1031,19.5086,17.2231,6.7811,0.0,0.0433,-0.361,0.0,0.0,0.0,4597796.2006,4440898.5607,-2120287.6452,2258.8278,1120.3389,7267.7393,4597776.6919,4440881.3376,-2120294.4263,2258.8528,1120.3466,7267.8423,0.0,0.0765,3.9732,0.0,0.0,1.0,0.0,1.0,0.0,0.0,1.172,-23.972,0.0,1.0,0.0,0.0,0.0,-1.0,0.19543285291884782,0.0031622776601683794,-0.1,1.3202381834598884,2.0088932912115416,1.5,0.15
596.2305,11.371,-0.195,-0.013,7.399,-0.079,-0.032,-0.106,0.001,-0.002,-0.106,0.001,-0.006,0.248,-0.257,0.573,0.007,-0.048,0.007,0.0,-0.001,0.0,827.964,-0.0,0.0,-0.0,0.0,0.0,0.0,0.0,0.0,-0.678,0.7007,-0.2221,0.7291,0.6796,-0.0816,0.0937,-0.2172,-0.9716,0.676,0.226,-0.7014,-0.7316,0.0917,-0.6755,-0.0884,0.9698,0.2273,0.0001,-0.0008,0.0001,0.0,0.0,0.0,-0.025,-0.0077,-0.1031,19.5034,17.2216,6.76,0.0,0.0433,-0.361,0.0,0.0,0.0,4598259.4305,4441128.2556,-2118796.7445,2257.597,1119.1502,7268.3066,4598239.9271,4441111.0339,-2118803.5045,2257.622,1119.1579,7268.4097,0.0,0.0765,3.9732,0.0,0.0,1.0,0.0,1.0,0.0,0.0,1.172,-23.972,0.0,1.0,0.0,0.0,0.0,-1.0,0.19543285291884782,0.0022360679774997894,-0.1,1.3320958896023636,2.0050140976359554,1.5,0.15
596.436,11.35,-0.195,-0.014,7.378,-0.079,-0.032,-0.106,0.001,-0.002,-0.106,0.001,-0.003,0.249,-0.262,0.574,0.007,-0.007,0.008,0.0,-0.0,0.0,827.939,-0.0,0.0,-0.0,0.0,0.0,0.0,0.0,0.0,-0.678,0.7007,-0.2221,0.729,0.6796,-0.0816,0.0938,-0.2172,-0.9716,0.676,0.226,-0.7014,-0.7316,0.0917,-0.6755,-0.0884,0.9698,0.2273,0.0001,-0.0001,0.0001,0.0,0.0,0.0,-0.025,-0.0077,-0.1031,19.4985,17.2201,6.7396,0.0,0.0433,-0.361,0.0,0.0,0.0,4598705.8172,4441349.4861,-2117359.1752,2256.4103,1118.004,7268.8532,4598686.3187,4441332.266,-2117365.9148,2256.4353,1118.0117,7268.9563,0.0,0.0765,3.9732,0.0,0.0,1.0,0.0,1.0,0.0,0.0,1.172,-23.972,0.0,1.0,0.0,0.0,0.0,-1.0,0.19550191814915782,0.0022360679774997894,-0.1,1.326717527464335,2.001311231041077,1.5,0.15
596.6375,11.328,-0.195,-0.014,7.356,-0.079,-0.033,-0.106,0.001,-0.002,-0.106,0.001,-0.003,0.251,-0.263,0.576,0.007,-0.007,0.008,0.0,-0.0,0.0,827.939,-0.0,0.0,-0.0,0.0,0.0,0.0,0.0,0.0,-0.678,0.7007,-0.2221,0.729,0.6796,-0.0815,0.0938,-0.2172,-0.9716,0.676,0.226,-0.7014,-0.7316,0.0917,-0.6755,-0.0884,0.9698,0.2273,0.0001,-0.0001,0.0001,0.0,0.0,0.0,-0.025,-0.0077,-0.1031,19.4933,17.2185,6.7182,0.0,0.0433,-0.361,0.0,0.0,0.0,4599172.8986,4441580.8547,-2115854.0332,2255.1677,1116.8039,7269.4251,4599153.4053,4441563.6362,-2115860.7514,2255.1927,1116.8117,7269.5282,0.0,0.0765,3.9732,0.0,0.0,1.0,0.0,1.0,0.0,0.0,1.172,-23.972,0.0,1.0,0.0,0.0,0.0,-1.0,0.19550191814915782,0.0022360679774997894,-0.1,1.3325313016060862,1.997432037465491,1.5,0.15
596.841,11.306,-0.195,-0.015,7.334,-0.078,-0.033,-0.106,0.001,-0.002,-0.106,0.001,-0.003,0.252,-0.265,0.577,0.007,-0.007,0.008,0.0,-0.0,0.0,827.939,-0.0,0.0,-0.0,0.0,0.0,0.0,0.0,0.0,-0.678,0.7007,-0.2221,0.729,0.6796,-0.0815,0.0939,-0.2171,-0.9716,0.676,0.226,-0.7014,-0.7316,0.0917,-0.6755,-0.0884,0.9698,0.2273,0.0001,-0.0001,0.0001,0.0,0.0,0.0,-0.025,-0.0077,-0.1031,19.4882,17.2169,6.6969,0.0,0.0433,-0.361,0.0,0.0,0.0,4599638.4765,4441811.3579,-2114352.7951,2253.9283,1115.607,7269.9951,4599618.9883,4441794.141,-2114359.492,2253.9533,1115.6148,7270.0982,0.0,0.0765,3.9732,0.0,0.0,1.0,0.0,1.0,0.0,0.0,1.172,-23.972,0.0,1.0,0.0,0.0,0.0,-1.0,0.19557607215607947,0.0022360679774997894,-0.1,1.34570224320753,1.9935528438899048,1.5,0.15
597.0416,11.285,-0.195,-0.015,7.313,-0.078,-0.034,-0.106,0.001,-0.002,-0.106,0.001,-0.003,0.253,-0.266,0.579,0.007,-0.007,0.008,0.0,-0.0,0.0,827.939,-0.0,0.0,-0.0,0.0,0.0,0.0,0.0,0.0,-0.678,0.7007,-0.2221,0.729,0.6797,-0.0814,0.0939,-0.2171,-0.9716,0.676,0.226,-0.7014,-0.7316,0.0917,-0.6755,-0.0884,0.9698,0.2273,0.0001,-0.0001,0.0001,0.0,0.0,0.0,-0.025,-0.0077,-0.1031,19.4832,17.2154,6.6766,0.0,0.0433,-0.361,0.0,0.0,0.0,4600083.525,4442031.5846,-2112916.8686,2252.7428,1114.4623,7270.5398,4600064.0417,4442014.3692,-2112923.5452,2252.7678,1114.47,7270.6429,0.0,0.0765,3.9732,0.0,0.0,1.0,0.0,1.0,0.0,0.0,1.172,-23.972,0.0,1.0,0.0,0.0,0.0,-1.0,0.19557607215607947,0.0022360679774997894,-0.1,1.351557935521549,1.9898499772950273,1.5,0.15
597.2463,11.263,-0.194,-0.016,7.291,-0.078,-0.035,-0.106,0.001,-0.002,-0.106,0.001,-0.002,0.255,-0.267,0.58,0.007,0.005,0.008,0.0,0.0,0.0,827.932,-0.0,0.0,-0.0,0.0,0.334,0.0,0.0,0.0,-0.6781,0.7007,-0.2221,0.729,0.6797,-0.0814,0.0939,-0.2171,-0.9716,0.676,0.226,-0.7014,-0.7316,0.0917,-0.6755,-0.0884,0.9698,0.2273,0.0001,0.0001,0.0001,0.0,0.0,0.0,-0.025,-0.0077,-0.1031,19.478,17.2138,6.6552,0.0,0.0433,-0.361,0.0,0.0,0.0,4600550.7185,4442262.6507,-2111408.5641,2251.4975,1113.2598,7271.1116,4600531.2404,4442245.4369,-2111415.2192,2251.5225,1113.2675,7271.2147,0.0,0.0765,3.9732,0.0,0.0,1.0,0.0,1.0,0.0,0.0,1.172,-23.972,0.0,1.0,0.0,0.0,0.0,-1.0,0.19465867563507155,0.0022360679774997894,-0.1,1.3391439616599459,1.985970783719441,1.5,0.15
597.4508,11.241,-0.194,-0.016,7.269,-0.077,-0.034,-0.106,0.001,-0.002,-0.106,0.001,0.002,0.256,-0.261,0.582,0.006,0.053,0.008,0.0,0.001,0.0,827.903,-0.0,0.0,-0.0,0.0,0.895,0.0,0.0,0.0,-0.6781,0.7006,-0.222,0.729,0.6797,-0.0815,0.0938,-0.2171,-0.9716,0.676,0.226,-0.7014,-0.7316,0.0917,-0.6755,-0.0884,0.9698,0.2273,0.0001,0.0009,0.0001,0.0,0.0,0.0,-0.025,-0.0077,-0.1031,19.473,17.2122,6.6341,0.0,0.0433,-0.361,0.0,0.0,0.0,4601009.9633,4442489.6667,-2109924.9947,2250.2726,1112.0771,7271.6735,4600990.4903,4442472.4544,-2109931.6288,2250.2976,1112.0848,7271.7766,0.0,0.0765,3.9732,0.0,0.0,1.0,0.0,1.0,0.0,0.0,1.172,-23.972,0.0,1.0,0.0,0.0,0.0,-1.0,0.19465867563507155,0.0022360679774997894,-0.1,1.350456209699045,1.9820915901438547,1.5,0.15
597.6527,11.22,-0.194,-0.016,7.248,-0.077,-0.034,-0.106,0.001,-0.002,-0.106,0.001,0.005,0.258,-0.246,0.583,0.006,0.099,0.008,0.0,0.002,0.0,827.876,-0.0,0.0,-0.0,0.0,0.321,0.0,0.0,0.0,-0.6782,0.7006,-0.2218,0.7289,0.6797,-0.0816,0.0936,-0.217,-0.9717,0.676,0.226,-0.7014,-0.7316,0.0917,-0.6755,-0.0884,0.9698,0.2273,0.0001,0.0017,0.0001,0.0,0.0,0.0,-0.025,-0.0077,-0.1031,19.468,17.2106,6.6133,0.0,0.0433,-0.361,0.0,0.0,0.0,4601463.4452,4442713.7183,-2108459.1341,2249.0623,1110.9085,7272.2283,4601443.9772,4442696.5077,-2108465.7474,2249.0873,1110.9162,7272.3314,0.0,0.0765,3.9732,0.0,0.0,1.0,0.0,1.0,0.0,0.0,1.172,-23.972,0.0,1.0,0.0,0.0,0.0,-1.0,0.19465867563507155,0.0022360679774997894,-0.1,1.3498117187235796,1.9783887235489772,1.5,0.15
597.8584,11.198,-0.194,-0.017,7.226,-0.077,-0.033,-0.106,0.001,-0.002,-0.106,0.001,0.003,0.259,-0.227,0.585,0.006,0.068,0.008,0.0,0.001,0.0,827.847,-0.0,0.0,-0.0,0.0,0.0,0.0,0.0,0.0,-0.6783,0.7006,-0.2216,0.7289,0.6797,-0.0819,0.0932,-0.217,-0.9717,0.676,0.226,-0.7014,-0.7316,0.0917,-0.6755,-0.0884,0.9698,0.2273,0.0001,0.0012,0.0001,0.0,0.0,0.0,-0.025,-0.0077,-0.1031,19.463,17.209,6.592,0.0,0.0433,-0.361,0.0,0.0,0.0,4601927.0216,4442942.6386,-2106959.7091,2247.8243,1109.7132,7272.7954,4601907.5587,4442925.4296,-2106966.3011,2247.8492,1109.7209,7272.8985,0.0,0.0765,3.9732,0.0,0.0,1.0,0.0,1.0,0.0,0.0,1.172,-23.972,0.0,1.0,0.0,0.0,0.0,-1.0,0.19474342094150446,0.0022360679774997894,-0.1,1.3383316565801449,1.9745095299733908,1.5,0.15
598.0658,11.176,-0.194,-0.017,7.204,-0.077,-0.033,-0.106,0.001,-0.002,-0.106,0.001,-0.001,0.261,-0.218,0.587,0.007,0.02,0.008,0.0,0.0,0.0,827.818,-0.0,0.0,-0.0,0.0,0.0,0.0,0.0,0.0,-0.6783,0.7006,-0.2214,0.7288,0.6798,-0.082,0.0931,-0.217,-0.9717,0.676,0.226,-0.7014,-0.7316,0.0917,-0.6755,-0.0884,0.9698,0.2273,0.0001,0.0003,0.0001,0.0,0.0,0.0,-0.0249,-0.0077,-0.1031,19.4579,17.2073,6.5707,0.0,0.0433,-0.3609,0.0,0.0,0.0,4602392.0607,4443172.1598,-2105454.6098,2246.5815,1108.5134,7273.3641,4602372.6029,4443154.9525,-2105461.1805,2246.6065,1108.5211,7273.4672,0.0,0.0765,3.9732,0.0,0.0,1.0,0.0,1.0,0.0,0.0,1.172,-23.972,0.0,1.0,0.0,0.0,0.0,-1.0,0.19474342094150446,0.0022360679774997894,-0.1,1.3376331001901294,1.9706303363978046,1.5,0.15
598.2701,11.154,-0.194,-0.017,7.182,-0.076,-0.033,-0.106,0.001,-0.002,-0.106,0.001,-0.002,0.262,-0.216,0.588,0.007,0.007,0.008,0.0,0.0,0.0,827.81,-0.0,0.0,-0.0,0.0,0.0,0.0,0.0,0.0,-0.6783,0.7006,-0.2214,0.7288,0.6798,-0.082,0.0931,-0.217,-0.9717,0.676,0.226,-0.7014,-0.7316,0.0917,-0.6755,-0.0884,0.9698,0.2273,0.0001,0.0001,0.0001,0.0,0.0,0.0,-0.0249,-0.0077,-0.1032,19.4528,17.2058,6.5498,0.0,0.0433,-0.3609,0.0,0.0,0.0,4602847.3513,4443396.7522,-2103980.1378,2245.3641,1107.3381,7273.9208,4602827.8985,4443379.5464,-2103986.6875,2245.389,1107.3458,7274.024,0.0,0.0765,3.9732,0.0,0.0,1.0,0.0,1.0,0.0,0.0,1.172,-23.972,0.0,1.0,0.0,0.0,0.0,-1.0,0.19474342094150446,0.0022360679774997894,-0.1,1.355790345525796,1.9667511428222184,1.5,0.15
598.4745,11.132,-0.193,-0.018,7.16,-0.076,-0.033,-0.106,0.001,-0.002,-0.106,0.001,-0.002,0.263,-0.215,0.59,0.007,0.007,0.008,0.0,0.0,0.0,827.81,-0.0,0.0,-0.0,0.0,0.0,0.0,0.0,0.0,-0.6784,0.7006,-0.2213,0.7288,0.6798,-0.082,0.093,-0.2169,-0.9717,0.676,0.226,-0.7014,-0.7316,0.0917,-0.6755,-0.0884,0.9698,0.2273,0.0001,0.0001,0.0001,0.0,0.0,0.0,-0.0249,-0.0077,-0.1032,19.4477,17.2042,6.5285,0.0,0.0433,-0.3609,0.0,0.0,0.0,4603309.3719,4443624.5451,-2102482.9387,2244.1278,1106.1447,7274.4857,4603289.9242,4443607.3409,-2102489.4672,2244.1527,1106.1523,7274.5889,0.0,0.0765,3.9732,0.0,0.0,1.0,0.0,1.0,0.0,0.0,1.172,-23.972,0.0,1.0,0.0,0.0,0.0,-1.0,0.19383756085960224,0.0022360679774997894,-0.1,1.3370395984541503,1.962871949246632,1.5,0.15
598.6784,11.111,-0.193,-0.018,7.139,-0.076,-0.033,-0.106,0.001,-0.002,-0.106,0.001,-0.002,0.265,-0.214,0.591,0.007,0.007,0.008,0.0,0.0,0.0,827.81,-0.0,0.0,-0.0,0.0,0.0,0.0,0.0,0.0,-0.6784,0.7006,-0.2213,0.7288,0.6798,-0.082,0.093,-0.2169,-0.9718,0.676,0.226,-0.7014,-0.7316,0.0917,-0.6755,-0.0884,0.9698,0.2273,0.0001,0.0001,0.0001,0.0,0.0,0.0,-0.0249,-0.0077,-0.1032,19.4427,17.2026,6.5077,0.0,0.0433,-0.3609,0.0,0.0,0.0,4603763.3199,4443848.2408,-2101010.9835,2242.9123,1104.9714,7275.0406,4603743.8772,4443831.0381,-2101017.4911,2242.9372,1104.979,7275.1438,0.0,0.0765,3.9732,0.0,0.0,1.0,0.0,1.0,0.0,0.0,1.172,-23.972,0.0,1.0,0.0,0.0,0.0,-1.0,0.19383756085960224,0.0022360679774997894,-0.1,1.336368830312275,1.9591690826517545,1.5,0.15
598.8801,11.089,-0.193,-0.019,7.117,-0.076,-0.034,-0.106,0.001,-0.002,-0.106,0.001,-0.002,0.266,-0.212,0.593,0.007,0.007,0.008,0.0,0.0,0.0,827.81,-0.0,0.0,-0.0,0.0,0.0,0.0,0.0,0.0,-0.6784,0.7006,-0.2213,0.7288,0.6798,-0.082,0.093,-0.2169,-0.9718,0.676,0.226,-0.7014,-0.7316,0.0917,-0.6755,-0.0884,0.9698,0.2273,0.0001,0.0001,0.0001,0.0,0.0,0.0,-0.0249,-0.0076,-0.1032,19.4377,17.2011,6.4868,0.0,0.0433,-0.3609,0.0,0.0,0.0,4604215.6608,4444071.029,-2099543.3305,2241.7004,1103.8016,7275.5935,4604196.2231,4444053.8279,-2099549.8174,2241.7253,1103.8092,7275.6967,0.0,0.0765,3.9732,0.0,0.0,1.0,0.0,1.0,0.0,0.0,1.172,-23.972,0.0,1.0,0.0,0.0,0.0,-1.0,0.19393297811357407,0.0022360679774997894,-0.1,1.3372731374156237,1.955289889076168,1.5,0.15
599.0814,11.068,-0.193,-0.019,7.096,-0.075,-0.034,-0.106,0.001,-0.002,-0.106,0.001,-0.002,0.268,-0.211,0.594,0.007,0.007,0.008,0.0,0.0,0.0,827.81,-0.0,0.0,-0.0,0.0,0.0,0.0,0.0,0.0,-0.6784,0.7006,-0.2212,0.7287,0.6799,-0.082,0.093,-0.2168,-0.9718,0.676,0.226,-0.7014,-0.7316,0.0917,-0.6755,-0.0884,0.9698,0.2273,0.0001,0.0001,0.0001,0.0,0.0,0.0,-0.0249,-0.0076,-0.1032,19.4326,17.1996,6.466,0.0,0.0433,-0.3609,0.0,0.0,0.0,4604668.1962,4444293.7972,-2098074.1411,2240.4871,1102.6306,7276.1465,4604648.7635,4444276.5976,-2098080.6071,2240.512,1102.6382,7276.2497,0.0,0.0765,3.9732,0.0,0.0,1.0,0.0,1.0,0.0,0.0,1.172,-23.972,0.0,1.0,0.0,0.0,0.0,-1.0,0.19393297811357407,0.0022360679774997894,-0.1,1.3555376988995154,1.9515870224812903,1.5,0.15
599.2876,11.046,-0.193,-0.02,7.074,-0.075,-0.034,-0.106,0.001,-0.002,-0.106,0.001,-0.002,0.269,-0.21,0.596,0.007,0.007,0.008,0.0,0.0,0.0,827.81,-0.0,0.0,-0.0,0.0,0.0,0.0,0.0,0.0,-0.6785,0.7005,-0.2212,0.7287,0.6799,-0.082,0.093,-0.2168,-0.9718,0.676,0.226,-0.7014,-0.7316,0.0917,-0.6755,-0.0884,0.9698,0.2273,0.0001,0.0001,0.0001,0.0,0.0,0.0,-0.0249,-0.0076,-0.1032,19.4274,17.198,6.4444,0.0,0.0433,-0.3609,0.0,0.0,0.0,4605136.0577,4444523.9878,-2096554.2434,2239.232,1101.4192,7276.7182,4605116.6302,4444506.7899,-2096560.6879,2239.2569,1101.4268,7276.8214,0.0,0.0765,3.9732,0.0,0.0,1.0,0.0,1.0,0.0,0.0,1.172,-23.972,0.0,1.0,0.0,0.0,0.0,-1.0,0.19403350226185168,0.0022360679774997894,-0.1,1.3506438701953014,1.947707828905704,1.5,0.15
599.4931,11.024,-0.193,-0.02,7.052,-0.075,-0.035,-0.106,0.001,-0.002,-0.106,0.001,-0.002,0.271,-0.208,0.597,0.007,0.007,0.008,0.0,0.0,0.0,827.81,-0.0,0.0,-0.0,0.0,0.0,0.0,0.0,0.0,-0.6785,0.7005,-0.2212,0.7287,0.6799,-0.082,0.093,-0.2168,-0.9718,0.676,0.226,-0.7014,-0.7316,0.0917,-0.6755,-0.0884,0.9698,0.2273,0.0001,0.0001,0.0001,0.0,0.0,0.0,-0.0249,-0.0076,-0.1032,19.4224,17.1964,6.4234,0.0,0.0433,-0.3609,0.0,0.0,0.0,4605593.5002,4444748.9326,-2095067.2476,2238.004,1100.234,7277.277,4605574.0779,4444731.7362,-2095073.671,2238.0289,1100.2416,7277.3802,0.0,0.0765,3.9732,0.0,0.0,1.0,0.0,1.0,0.0,0.0,1.172,-23.972,0.0,1.0,0.0,0.0,0.0,-1.0,0.19403350226185168,0.0022360679774997894,-0.1,1.3557655393531016,1.9438286353301177,1.5,0.15
599.7013,11.002,-0.192,-0.02,7.03,-0.074,-0.035,-0.106,0.001,-0.002,-0.106,0.001,-0.002,0.272,-0.207,0.599,0.007,0.007,0.008,0.0,0.0,0.0,827.81,-0.0,0.0,-0.0,0.0,0.0,0.0,0.0,0.0,-0.6785,0.7005,-0.2211,0.7287,0.6799,-0.082,0.0929,-0.2168,-0.9718,0.676,0.226,-0.7014,-0.7316,0.0917,-0.6755,-0.0884,0.9698,0.2273,0.0001,0.0001,0.0001,0.0,0.0,0.0,-0.0249,-0.0076,-0.1032,19.4172,17.1948,6.402,0.0,0.0433,-0.3609,0.0,0.0,0.0,4606057.111,4444976.789,-2093559.2552,2236.7586,1099.0322,7277.8433,4606037.6938,4444959.5942,-2093565.6572,2236.7835,1099.0398,7277.9465,0.0,0.0765,3.9732,0.0,0.0,1.0,0.0,1.0,0.0,0.0,1.172,-23.972,0.0,1.0,0.0,0.0,0.0,-1.0,0.19303885619221844,0.0022360679774997894,-0.1,1.3602741676249313,1.9399494417545318,1.5,0.15
599.904,10.981,-0.192,-0.021,7.008,-0.074,-0.035,-0.106,0.001,-0.002,-0.106,0.001,-0.002,0.273,-0.205,0.601,0.007,0.007,0.008,0.0,0.0,0.0,827.81,-0.0,0.0,-0.0,0.0,0.0,0.0,0.0,0.0,-0.6785,0.7005,-0.2211,0.7287,0.6799,-0.082,0.0929,-0.2167,-0.9718,0.676,0.226,-0.7014,-0.7316,0.0917,-0.6755,-0.0884,0.9698,0.2273,0.0001,0.0001,0.0001,0.0,0.0,0.0,-0.0249,-0.0076,-0.1032,19.4122,17.1933,6.3812,0.0,0.0433,-0.3609,0.0,0.0,0.0,4606507.5273,4445198.0436,-2092093.2617,2235.5479,1097.8638,7278.3934,4606488.1151,4445180.8503,-2092099.6429,2235.5728,1097.8714,7278.4966,0.0,0.0765,3.9732,0.0,0.0,1.0,0.0,1.0,0.0,0.0,1.172,-23.972,0.0,1.0,0.0,0.0,0.0,-1.0,0.19314502323383845,0.0022360679774997894,-0.1,1.3549082115380342,1.9362465751596538,1.5,0.15
600.1075,10.959,-0.192,-0.021,6.987,-0.074,-0.036,-0.106,0.001,-0.002,-0.106,0.001,-0.002,0.275,-0.204,0.602,0.007,0.007,0.008,0.0,0.0,0.0,827.81,-0.0,0.0,-0.0,0.0,0.0,0.0,0.0,0.0,-0.6786,0.7005,-0.2211,0.7287,0.68,-0.082,0.0929,-0.2167,-0.9718,0.676,0.226,-0.7014,-0.7316,0.0917,-0.6755,-0.0884,0.9698,0.2273,0.0001,0.0001,0.0001,0.0,0.0,0.0,-0.0249,-0.0076,-0.1032,19.4071,17.1917,6.3601,0.0,0.0433,-0.3609,0.0,0.0,0.0,4606963.7853,4445422.0497,-2090607.333,2234.3207,1096.6796,7278.9505,4606944.3782,4445404.858,-2090613.6931,2234.3456,1096.6872,7279.0537,0.0,0.0765,3.9732,0.0,0.0,1.0,0.0,1.0,0.0,0.0,1.172,-23.972,0.0,1.0,0.0,0.0,0.0,-1.0,0.19314502323383845,0.0022360679774997894,-0.1,1.3605807865297432,1.9323673815840676,1.5,0.15
600.309,10.937,-0.192,-0.022,6.965,-0.073,-0.036,-0.106,0.001,-0.002,-0.106,0.001,-0.002,0.276,-0.203,0.604,0.007,0.007,0.008,0.0,0.0,0.0,827.81,-0.0,0.0,-0.0,0.0,0.0,0.0,0.0,0.0,-0.6786,0.7005,-0.221,0.7286,0.68,-0.082,0.0929,-0.2167,-0.9718,0.676,0.226,-0.7014,-0.7316,0.0917,-0.6755,-0.0884,0.9698,0.2273,0.0001,0.0001,0.0001,0.0,0.0,0.0,-0.0249,-0.0076,-0.1032,19.4021,17.1902,6.3391,0.0,0.0433,-0.3609,0.0,0.0,0.0,4607417.8514,4445644.8617,-2089127.6195,2233.0986,1095.5004,7279.5049,4607398.4493,4445627.6715,-2089133.9586,2233.1235,1095.508,7279.6081,0.0,0.0765,3.9732,0.0,0.0,1.0,0.0,1.0,0.0,0.0,1.172,-23.972,0.0,1.0,0.0,0.0,0.0,-1.0,0.19325630649476874,0.0022360679774997894,-0.1,1.374604457319829,1.9284881880084814,1.5,0.15
600.5157,10.915,-0.192,-0.022,6.943,-0.073,-0.036,-0.106,0.001,-0.002,-0.106,0.001,-0.002,0.278,-0.201,0.605,0.007,0.007,0.008,0.0,0.0,0.0,827.81,-0.0,0.0,-0.0,0.0,0.0,0.0,0.0,0.0,-0.6786,0.7005,-0.221,0.7286,0.68,-0.082,0.0929,-0.2166,-0.9718,0.676,0.226,-0.7014,-0.7316,0.0917,-0.6755,-0.0884,0.9698,0.2273,0.0001,0.0001,0.0001,0.0,0.0,0.0,-0.0249,-0.0076,-0.1032,19.397,17.1886,6.3179,0.0,0.0433,-0.3609,0.0,0.0,0.0,4607875.5207,4445869.3225,-2087635.2294,2231.866,1094.3111,7280.0635,4607856.1237,4445852.1339,-2087641.5473,2231.8909,1094.3187,7280.1668,0.0,0.0765,3.9732,0.0,0.0,1.0,0.0,1.0,0.0,0.0,1.172,-23.972,0.0,1.0,0.0,0.0,0.0,-1.0,0.19325630649476874,0.0022360679774997894,-0.1,1.373915854573107,1.924608994432895,1.5,0.15
600.7192,10.894,-0.191,-0.023,6.922,-0.073,-0.037,-0.106,0.001,-0.002,-0.106,0.001,-0.002,0.279,-0.2,0.607,0.007,0.007,0.008,0.0,0.0,0.0,827.81,-0.0,0.0,-0.0,0.0,0.0,0.0,0.0,0.0,-0.6786,0.7005,-0.221,0.7286,0.68,-0.082,0.0929,-0.2166,-0.9718,0.676,0.226,-0.7014,-0.7316,0.0917,-0.6755,-0.0884,0.9698,0.2273,0.0001,0.0001,0.0001,0.0,0.0,0.0,-0.0249,-0.0076,-0.1032,19.392,17.1871,6.2969,0.0,0.0433,-0.3609,0.0,0.0,0.0,4608329.1796,4446091.6979,-2086154.9911,2230.6434,1093.1315,7280.6172,4608309.7876,4446074.5108,-2086161.288,2230.6683,1093.1391,7280.7205,0.0,0.0765,3.9732,0.0,0.0,1.0,0.0,1.0,0.0,0.0,1.172,-23.972,0.0,1.0,0.0,0.0,0.0,-1.0,0.19237983262286096,0.0022360679774997894,-0.1,1.3611103658078927,1.9209061278380175,1.5,0.15
600.9193,10.872,-0.191,-0.023,6.9,-0.073,-0.037,-0.106,0.001,-0.002,-0.106,0.001,-0.002,0.281,-0.199,0.608,0.007,0.007,0.008,0.0,0.0,0.0,827.81,-0.0,0.0,-0.0,0.0,0.0,0.0,0.0,0.0,-0.6786,0.7005,-0.2209,0.7286,0.68,-0.082,0.0928,-0.2166,-0.9718,0.676,0.226,-0.7014,-0.7316,0.0917,-0.6755,-0.0884,0.9698,0.2273,0.0001,0.0001,0.0001,0.0,0.0,0.0,-0.0248,-0.0076,-0.1033,19.387,17.1856,6.2763,0.0,0.0433,-0.3609,0.0,0.0,0.0,4608774.21,4446309.7294,-2084702.0047,2229.4433,1091.9737,7281.1603,4608754.823,4446292.5438,-2084708.281,2229.4681,1091.9813,7281.2635,0.0,0.0765,3.9732,0.0,0.0,1.0,0.0,1.0,0.0,0.0,1.172,-23.972,0.0,1.0,0.0,0.0,0.0,-1.0,0.19237983262286096,0.0022360679774997894,-0.1,1.3604246966839968,1.917026934262431,1.5,0.15
601.1277,10.85,-0.191,-0.023,6.878,-0.072,-0.037,-0.106,0.001,-0.002,-0.106,0.002,-0.002,0.282,-0.197,0.61,0.007,0.007,0.008,0.0,0.0,0.0,827.81,-0.0,0.0,-0.0,0.0,0.0,0.0,0.0,0.0,-0.6787,0.7004,-0.2209,0.7286,0.6801,-0.082,0.0928,-0.2166,-0.9718,0.676,0.226,-0.7014,-0.7316,0.0917,-0.6755,-0.0884,0.9698,0.2273,0.0001,0.0001,0.0001,0.0,0.0,0.0,-0.0248,-0.0076,-0.1033,19.3818,17.184,6.2548,0.0,0.0433,-0.3609,0.0,0.0,0.0,4609237.9597,4446536.8106,-2083186.9553,2228.1919,1090.7665,7281.7261,4609218.5779,4446519.6266,-2083193.2102,2228.2167,1090.774,7281.8294,0.0,0.0765,3.9732,0.0,0.0,1.0,0.0,1.0,0.0,0.0,1.172,-23.972,0.0,1.0,0.0,0.0,0.0,-1.0,0.19237983262286096,0.0022360679774997894,-0.1,1.378783887738475,1.913147740686845,1.5,0.15
601.3313,10.829,-0.191,-0.024,6.857,-0.072,-0.038,-0.106,0.001,-0.002,-0.106,0.002,-0.002,0.283,-0.196,0.611,0.007,0.007,0.008,0.0,0.0,0.0,827.81,-0.0,0.0,-0.0,0.0,0.0,0.0,0.0,0.0,-0.6787,0.7004,-0.2209,0.7285,0.6801,-0.082,0.0928,-0.2165,-0.9719,0.676,0.226,-0.7014,-0.7316,0.0917,-0.6755,-0.0884,0.9698,0.2273,0.0001,0.0001,0.0001,0.0,0.0,0.0,-0.0248,-0.0076,-0.1033,19.3768,17.1825,6.2338,0.0,0.0433,-0.3609,0.0,0.0,0.0,4609691.2607,4446758.6559,-2081705.104,2226.9679,1089.5857,7282.2791,4609671.8839,4446741.4734,-2081711.3378,2226.9927,1089.5932,7282.3823,0.0,0.0765,3.9732,0.0,0.0,1.0,0.0,1.0,0.0,0.0,1.172,-23.972,0.0,1.0,0.0,0.0,0.0,-1.0,0.19250194804209125,0.0022360679774997894,-0.1,1.3797813252172049,1.9094448740919674,1.5,0.15
601.5338,10.807,-0.191,-0.024,6.835,-0.072,-0.038,-0.106,0.001,-0.002,-0.106,0.002,-0.002,0.285,-0.195,0.613,0.007,0.007,0.008,0.0,0.0,0.0,827.81,-0.0,0.0,-0.0,0.0,0.0,0.0,0.0,0.0,-0.6787,0.7004,-0.2208,0.7285,0.6801,-0.082,0.0928,-0.2165,-0.9719,0.676,0.226,-0.7014,-0.7316,0.0917,-0.6755,-0.0884,0.9698,0.2273,0.0001,0.0001,0.0001,0.0,0.0,0.0,-0.0248,-0.0076,-0.1033,19.3718,17.1809,6.213,0.0,0.0433,-0.3609,0.0,0.0,0.0,4610141.1404,4446978.7096,-2080233.5213,2225.7523,1088.4131,7282.8278,4610121.7686,4446961.5286,-2080239.7343,2225.7772,1088.4207,7282.9311,0.0,0.0765,3.9732,0.0,0.0,1.0,0.0,1.0,0.0,0.0,1.172,-23.972,0.0,1.0,0.0,0.0,0.0,-1.0,0.19250194804209125,0.0022360679774997894,-0.1,1.379102481615528,1.905565680516381,1.5,0.15
601.7339,10.786,-0.19,-0.025,6.813,-0.071,-0.038,-0.106,0.001,-0.002,-0.106,0.002,-0.002,0.286,-0.193,0.614,0.007,0.007,0.008,0.0,0.0,0.0,827.81,-0.0,0.0,-0.0,0.0,0.0,0.0,0.0,0.0,-0.6787,0.7004,-0.2208,0.7285,0.6801,-0.082,0.0928,-0.2165,-0.9719,0.676,0.226,-0.7014,-0.7316,0.0917,-0.6755,-0.0884,0.9698,0.2273,0.0001,0.0001,0.0001,0.0,0.0,0.0,-0.0248,-0.0075,-0.1033,19.3669,17.1794,6.1921,0.0,0.0433,-0.3609,0.0,0.0,0.0,4610591.1704,4447198.7197,-2078760.5327,2224.5356,1087.2395,7283.3766,4610571.8036,4447181.5403,-2078766.7247,2224.5604,1087.247,7283.4799,0.0,0.0765,3.9732,0.0,0.0,1.0,0.0,1.0,0.0,0.0,1.172,-23.972,0.0,1.0,0.0,0.0,0.0,-1.0,0.191637678967368,0.0022360679774997894,-0.1,1.3790692382635537,1.9018628139215032,1.5,0.15
601.9353,10.764,-0.19,-0.025,6.792,-0.071,-0.039,-0.105,0.001,-0.002,-0.105,0.002,-0.002,0.288,-0.192,0.616,0.007,0.007,0.008,0.0,0.0,0.0,827.807,-0.0,0.0,1.0,0.0,0.0,0.0,0.0,0.0,-0.6788,0.7004,-0.2208,0.7285,0.6801,-0.082,0.0927,-0.2164,-0.9719,0.676,0.226,-0.7014,-0.7316,0.0917,-0.6755,-0.0884,0.9698,0.2273,0.0001,0.0001,0.0001,0.0,0.0,0.0,-0.0245,-0.0074,-0.1022,19.3618,17.1779,6.1712,0.0,0.0433,-0.3609,0.0,0.0,0.0,4611041.1282,4447418.5776,-2077286.8609,2223.3185,1086.0654,7283.9263,4611021.7664,4447401.3998,-2077293.032,2223.3431,1086.0728,7284.0285,0.0,0.0765,3.9732,0.0,0.0,1.0,0.0,1.0,0.0,0.0,1.172,-23.972,0.0,1.0,0.0,0.0,0.0,-1.0,0.191637678967368,0.0022360679774997894,-0.1,1.384774950084206,1.8979836203459168,1.5,0.15
602.1383,10.744,-0.19,-0.026,6.771,-0.071,-0.039,-0.098,0.001,-0.002,-0.098,0.002,-0.002,0.289,-0.19,0.617,0.007,0.007,0.007,0.0,0.0,0.0,827.784,-0.0,0.0,1.0,0.0,0.0,0.0,0.0,0.0,-0.6788,0.7004,-0.2207,0.7285,0.6802,-0.082,0.0927,-0.2164,-0.9719,0.676,0.226,-0.7014,-0.7316,0.0917,-0.6755,-0.0884,0.9698,0.2273,0.0001,0.0001,0.0001,0.0,0.0,0.0,-0.0228,-0.0067,-0.0948,19.3571,17.1764,6.1513,0.0,0.0433,-0.3609,0.0,0.0,0.0,4611490.7267,4447638.1428,-2075813.4488,2222.1031,1084.8922,7284.4818,4611471.3697,4447620.9663,-2075819.6001,2222.1259,1084.8989,7284.5766,0.0,0.0765,3.9732,0.0,0.0,1.0,0.0,1.0,0.0,0.0,1.172,-23.972,0.0,1.0,0.0,0.0,0.0,-1.0,0.19177069640588992,0.0022360679774997894,-0.1,1.3794026629112472,1.8944570807317476,1.5,0.15
602.3419,10.724,-0.19,-0.026,6.752,-0.07,-0.039,-0.096,0.001,-0.002,-0.096,0.002,-0.002,0.291,-0.189,0.619,0.007,0.007,0.007,0.0,0.0,0.0,827.779,-0.0,0.0,-0.0,0.0,0.0,0.0,0.0,0.0,-0.6788,0.7004,-0.2207,0.7284,0.6802,-0.082,0.0927,-0.2164,-0.9719,0.676,0.226,-0.7014,-0.7316,0.0917,-0.6755,-0.0884,0.9698,0.2273,0.0001,0.0001,0.0001,0.0,0.0,0.0,-0.0224,-0.0066,-0.0933,19.3525,17.1751,6.1322,0.0,0.0433,-0.3609,0.0,0.0,0.0,4611943.3818,4447859.082,-2074329.0925,2220.8773,1083.7097,7285.0351,4611924.0294,4447841.9069,-2074335.2247,2220.8997,1083.7163,7285.1284,0.0,0.0765,3.9732,0.0,0.0,1.0,0.0,1.0,0.0,0.0,1.172,-23.972,0.0,1.0,0.0,0.0,0.0,-1.0,0.19177069640588992,0.0022360679774997894,-0.1,1.3983841786817102,1.8909305411175785,1.5,0.15
602.5432,10.705,-0.19,-0.026,6.733,-0.07,-0.04,-0.096,0.001,-0.002,-0.096,0.002,-0.002,0.292,-0.188,0.62,0.007,0.007,0.007,0.0,0.0,0.0,827.779,-0.0,0.0,-0.0,0.0,0.0,0.0,0.0,0.0,-0.6788,0.7004,-0.2207,0.7284,0.6802,-0.082,0.0927,-0.2164,-0.9719,0.676,0.226,-0.7014,-0.7316,0.0917,-0.6755,-0.0884,0.9698,0.2273,0.0001,0.0001,0.0001,0.0,0.0,0.0,-0.0224,-0.0066,-0.0933,19.348,17.1738,6.1136,0.0,0.0433,-0.3609,0.0,0.0,0.0,4612385.3897,4448074.7094,-2072878.7509,2219.6791,1082.5542,7285.5738,4612366.0417,4448057.5356,-2072884.8645,2219.7015,1082.5608,7285.6671,0.0,0.0765,3.9732,0.0,0.0,1.0,0.0,1.0,0.0,0.0,1.172,-23.972,0.0,1.0,0.0,0.0,0.0,-1.0,0.19177069640588992,0.0022360679774997894,-0.1,1.4037587578121733,1.8875803284841175,1.5,0.15
602.7508,10.685,-0.189,-0.027,6.713,-0.07,-0.04,-0.096,0.001,-0.002,-0.096,0.002,-0.002,0.293,-0.186,0.622,0.007,0.007,0.007,0.0,0.0,0.0,827.779,-0.0,0.0,-0.0,0.0,0.0,0.0,0.0,0.0,-0.6788,0.7004,-0.2206,0.7284,0.6802,-0.082,0.0927,-0.2163,-0.9719,0.676,0.226,-0.7014,-0.7316,0.0917,-0.6755,-0.0884,0.9698,0.2273,0.0001,0.0001,0.0001,0.0,0.0,0.0,-0.0224,-0.0066,-0.0933,19.3434,17.1724,6.0943,0.0,0.0433,-0.3609,0.0,0.0,0.0,4612846.1049,4448299.342,-2071366.0746,2218.4295,1081.3491,7286.1352,4612826.7615,4448282.1696,-2071372.1688,2218.4519,1081.3557,7286.2285,0.0,0.0765,3.9732,0.0,0.0,1.0,0.0,1.0,0.0,0.0,1.172,-23.972,0.0,1.0,0.0,0.0,0.0,-1.0,0.19091883092036785,0.0022360679774997894,-0.1,1.3850744358329634,1.8840537888699485,1.5,0.15
602.952,10.665,-0.189,-0.027,6.693,-0.069,-0.04,-0.096,0.001,-0.002,-0.096,0.002,-0.002,0.295,-0.185,0.623,0.007,0.007,0.007,0.0,0.0,0.0,827.779,-0.0,0.0,-0.0,0.0,0.0,0.0,0.0,0.0,-0.6789,0.7003,-0.2206,0.7284,0.6802,-0.082,0.0927,-0.2163,-0.9719,0.676,0.226,-0.7014,-0.7316,0.0917,-0.6755,-0.0884,0.9698,0.2273,0.0001,0.0001,0.0001,0.0,0.0,0.0,-0.0224,-0.0065,-0.0933,19.3388,17.1711,6.0751,0.0,0.0433,-0.3609,0.0,0.0,0.0,4613300.3608,4448520.7039,-2069873.6597,2217.1965,1080.1602,7286.6886,4613281.022,4448503.5329,-2069879.7348,2217.2189,1080.1667,7286.7819,0.0,0.0765,3.9732,0.0,0.0,1.0,0.0,1.0,0.0,0.0,1.172,-23.972,0.0,1.0,0.0,0.0,0.0,-1.0,0.19091883092036785,0.0022360679774997894,-0.1,1.4036152975713247,1.8805272492557787,1.5,0.15
603.1566,10.646,-0.189,-0.028,6.674,-0.069,-0.041,-0.096,0.001,-0.002,-0.096,0.002,-0.002,0.296,-0.184,0.625,0.007,0.007,0.007,0.0,0.0,0.0,827.779,-0.0,0.0,-0.0,0.0,0.0,0.0,0.0,0.0,-0.6789,0.7003,-0.2205,0.7284,0.6803,-0.082,0.0926,-0.2163,-0.9719,0.676,0.226,-0.7014,-0.7316,0.0917,-0.6755,-0.0884,0.9698,0.2273,0.0001,0.0001,0.0001,0.0,0.0,0.0,-0.0224,-0.0065,-0.0933,19.3343,17.1698,6.0562,0.0,0.0433,-0.3609,0.0,0.0,0.0,4613750.2923,4448739.8395,-2068394.5245,2215.9745,1078.9818,7287.2366,4613730.9579,4448722.6697,-2068400.5807,2215.9969,1078.9884,7287.33,0.0,0.0765,3.9732,0.0,0.0,1.0,0.0,1.0,0.0,0.0,1.172,-23.972,0.0,1.0,0.0,0.0,0.0,-1.0,0.19106281689538654,0.0022360679774997894,-0.1,1.40471747193039,1.8771770366223182,1.5,0.15
603.3573,10.626,-0.189,-0.028,6.654,-0.069,-0.041,-0.096,0.001,-0.002,-0.096,0.002,-0.002,0.298,-0.182,0.626,0.007,0.007,0.007,0.0,0.0,0.0,827.779,-0.0,0.0,-0.0,0.0,0.0,0.0,0.0,0.0,-0.6789,0.7003,-0.2205,0.7283,0.6803,-0.082,0.0926,-0.2162,-0.9719,0.676,0.226,-0.7014,-0.7316,0.0917,-0.6755,-0.0884,0.9698,0.2273,0.0001,0.0001,0.0001,0.0,0.0,0.0,-0.0224,-0.0065,-0.0933,19.3298,17.1684,6.0375,0.0,0.0433,-0.3609,0.0,0.0,0.0,4614193.2162,4448955.4466,-2066937.5161,2214.7707,1077.8211,7287.7761,4614173.8864,4448938.2782,-2066943.5536,2214.7931,1077.8277,7287.8694,0.0,0.0765,3.9732,0.0,0.0,1.0,0.0,1.0,0.0,0.0,1.172,-23.972,0.0,1.0,0.0,0.0,0.0,-1.0,0.19106281689538654,0.0022360679774997894,-0.1,1.4041193524227416,1.8736504970081487,1.5,0.15
603.5634,10.607,-0.188,-0.028,6.634,-0.068,-0.041,-0.096,0.001,-0.002,-0.096,0.002,-0.002,0.299,-0.181,0.628,0.007,0.007,0.007,0.0,0.0,0.0,827.779,-0.0,0.0,-0.0,0.0,0.0,0.0,0.0,0.0,-0.6789,0.7003,-0.2205,0.7283,0.6803,-0.082,0.0926,-0.2162,-0.9719,0.676,0.226,-0.7014,-0.7316,0.0917,-0.6755,-0.0884,0.9698,0.2273,0.0001,0.0001,0.0001,0.0,0.0,0.0,-0.0224,-0.0065,-0.0933,19.3253,17.1671,6.0183,0.0,0.0433,-0.3609,0.0,0.0,0.0,4614648.5897,4449176.9939,-2065438.6182,2213.5324,1076.6271,7288.3306,4614629.2644,4449159.8268,-2065444.6365,2213.5547,1076.6336,7288.4239,0.0,0.0765,3.9732,0.0,0.0,1.0,0.0,1.0,0.0,0.0,1.172,-23.972,0.0,1.0,0.0,0.0,0.0,-1.0,0.19007366992826755,0.0022360679774997894,-0.1,1.408500774678323,1.8703002843746879,1.5,0.15
603.7678,10.587,-0.188,-0.029,6.615,-0.068,-0.042,-0.096,0.001,-0.002,-0.096,0.002,-0.002,0.301,-0.179,0.629,0.007,0.007,0.007,0.0,0.0,0.0,827.779,-0.0,0.0,-0.0,0.0,0.0,0.0,0.0,0.0,-0.679,0.7003,-0.2204,0.7283,0.6803,-0.082,0.0926,-0.2162,-0.972,0.676,0.226,-0.7014,-0.7316,0.0917,-0.6755,-0.0884,0.9698,0.2273,0.0001,0.0001,0.0001,0.0,0.0,0.0,-0.0224,-0.0065,-0.0933,19.3207,17.1658,5.9992,0.0,0.0433,-0.3609,0.0,0.0,0.0,4615101.1856,4449397.0693,-2063947.9177,2212.3007,1075.4397,7288.8816,4615081.8649,4449379.9036,-2063953.9169,2212.3231,1075.4462,7288.975,0.0,0.0765,3.9732,0.0,0.0,1.0,0.0,1.0,0.0,0.0,1.172,-23.972,0.0,1.0,0.0,0.0,0.0,-1.0,0.1902235526952433,0.0022360679774997894,-0.1,1.4100734021175505,1.8667737447605186,1.5,0.15
603.9726,10.567,-0.188,-0.029,6.595,-0.068,-0.042,-0.096,0.001,-0.002,-0.096,0.002,-0.002,0.302,-0.178,0.631,0.007,0.007,0.007,0.0,0.0,0.0,827.779,-0.0,0.0,-0.0,0.0,0.0,0.0,0.0,0.0,-0.679,0.7003,-0.2204,0.7283,0.6803,-0.082,0.0926,-0.2162,-0.972,0.676,0.226,-0.7014,-0.7316,0.0917,-0.6755,-0.0884,0.9698,0.2273,0.0001,0.0001,0.0001,0.0,0.0,0.0,-0.0224,-0.0065,-0.0934,19.3161,17.1644,5.9801,0.0,0.0433,-0.3609,0.0,0.0,0.0,4615553.9449,4449617.1035,-2062455.7372,2211.0678,1074.251,7289.4328,4615534.6288,4449599.9391,-2062461.7173,2211.0901,1074.2576,7289.5261,0.0,0.0765,3.9732,0.0,0.0,1.0,0.0,1.0,0.0,0.0,1.172,-23.972,0.0,1.0,0.0,0.0,0.0,-1.0,0.1902235526952433,0.0022360679774997894,-0.1,1.4094851606110632,1.8632472051463493,1.5,0.15
604.1822,10.547,-0.188,-0.03,6.575,-0.067,-0.042,-0.096,0.001,-0.002,-0.096,0.002,-0.002,0.303,-0.177,0.632,0.007,0.007,0.007,0.0,0.0,0.0,827.779,-0.0,0.0,-0.0,0.0,0.0,0.0,0.0,0.0,-0.679,0.7003,-0.2204,0.7283,0.6804,-0.082,0.0925,-0.2161,-0.972,0.676,0.226,-0.7014,-0.7316,0.0917,-0.6755,-0.0884,0.9698,0.2273,0.0001,0.0001,0.0001,0.0,0.0,0.0,-0.0223,-0.0065,-0.0934,19.3115,17.1631,5.9606,0.0,0.0433,-0.3609,0.0,0.0,0.0,4616014.9201,4449841.0065,-2060935.5064,2209.8117,1073.0401,7289.9938,4615995.6086,4449823.8434,-2060941.4671,2209.834,1073.0466,7290.0872,0.0,0.0765,3.9732,0.0,0.0,1.0,0.0,1.0,0.0,0.0,1.172,-23.972,0.0,1.0,0.0,0.0,0.0,-1.0,0.19037857022259622,0.0022360679774997894,-0.1,1.4238321416947406,1.8597206655321803,1.5,0.15
604.3867,10.527,-0.187,-0.03,6.555,-0.067,-0.043,-0.096,0.001,-0.002,-0.096,0.002,-0.002,0.305,-0.175,0.634,0.007,0.007,0.007,0.0,0.0,0.0,827.779,-0.0,0.0,-0.0,0.0,0.0,0.0,0.0,0.0,-0.679,0.7003,-0.2203,0.7283,0.6804,-0.082,0.0925,-0.2161,-0.972,0.676,0.226,-0.7014,-0.7316,0.0917,-0.6755,-0.0884,0.9698,0.2273,0.0001,0.0001,0.0001,0.0,0.0,0.0,-0.0223,-0.0065,-0.0934,19.3069,17.1617,5.9414,0.0,0.0433,-0.3609,0.0,0.0,0.0,4616469.3857,4450061.6249,-2059435.7824,2208.5725,1071.8456,7290.5469,4616450.0788,4450044.4632,-2059441.7238,2208.5948,1071.8521,7290.6403,0.0,0.0765,3.9732,0.0,0.0,1.0,0.0,1.0,0.0,0.0,1.172,-23.972,0.0,1.0,0.0,0.0,0.0,-1.0,0.18939112967612817,0.0022360679774997894,-0.1,1.4154867777768976,1.8561941259180106,1.5,0.15
604.5869,10.508,-0.187,-0.031,6.536,-0.067,-0.043,-0.096,0.001,-0.002,-0.096,0.002,-0.002,0.306,-0.174,0.635,0.007,0.007,0.007,0.0,0.0,0.0,827.779,-0.0,0.0,-0.0,0.0,0.0,0.0,0.0,0.0,-0.6791,0.7003,-0.2203,0.7282,0.6804,-0.082,0.0925,-0.2161,-0.972,0.676,0.226,-0.7014,-0.7316,0.0917,-0.6755,-0.0884,0.9698,0.2273,0.0001,0.0001,0.0001,0.0,0.0,0.0,-0.0223,-0.0065,-0.0934,19.3024,17.1604,5.9227,0.0,0.0433,-0.3609,0.0,0.0,0.0,4616912.6415,4450276.684,-2057972.1291,2207.3631,1070.6798,7291.0862,4616893.3391,4450259.5236,-2057978.0518,2207.3854,1070.6863,7291.1796,0.0,0.0765,3.9732,0.0,0.0,1.0,0.0,1.0,0.0,0.0,1.172,-23.972,0.0,1.0,0.0,0.0,0.0,-1.0,0.18955210365490538,0.0022360679774997894,-0.1,1.410585812919507,1.8528439132845498,1.5,0.15
604.7894,10.489,-0.187,-0.031,6.517,-0.066,-0.043,-0.096,0.001,-0.002,-0.096,0.002,-0.002,0.308,-0.173,0.637,0.007,0.007,0.007,0.0,0.0,0.0,827.779,-0.0,0.0,-0.0,0.0,0.0,0.0,0.0,0.0,-0.6791,0.7002,-0.2203,0.7282,0.6804,-0.082,0.0925,-0.2161,-0.972,0.676,0.226,-0.7014,-0.7316,0.0917,-0.6755,-0.0884,0.9698,0.2273,0.0001,0.0001,0.0001,0.0,0.0,0.0,-0.0223,-0.0065,-0.0934,19.2979,17.1591,5.9038,0.0,0.0433,-0.3609,0.0,0.0,0.0,4617357.6952,4450492.4984,-2056501.6233,2206.148,1069.5085,7291.6276,4617338.3972,4450475.3392,-2056507.5272,2206.1703,1069.515,7291.721,0.0,0.0765,3.9732,0.0,0.0,1.0,0.0,1.0,0.0,0.0,1.172,-23.972,0.0,1.0,0.0,0.0,0.0,-1.0,0.18955210365490538,0.0022360679774997894,-0.1,1.429275318269609,1.8494937006510892,1.5,0.15
605.0003,10.469,-0.187,-0.031,6.496,-0.066,-0.044,-0.096,0.001,-0.002,-0.096,0.002,-0.002,0.309,-0.171,0.638,0.007,0.007,0.007,0.0,0.0,0.0,827.779,-0.0,0.0,-0.0,-0.029,0.0,0.0,0.0,0.0,-0.6791,0.7002,-0.2202,0.7282,0.6805,-0.0819,0.0925,-0.216,-0.972,0.676,0.226,-0.7014,-0.7316,0.0917,-0.6755,-0.0884,0.9698,0.2273,0.0001,0.0001,0.0001,0.0,0.0,0.0,-0.0223,-0.0065,-0.0934,19.2933,17.1578,5.8843,0.0,0.0433,-0.3609,0.0,0.0,0.0,4617819.6967,4450716.4068,-2054974.1463,2204.8857,1068.292,7292.1895,4617800.4035,4450699.249,-2054980.0306,2204.9081,1068.2985,7292.2829,0.0,0.0765,3.9732,0.0,0.0,1.0,0.0,1.0,0.0,0.0,1.172,-23.972,0.0,1.0,0.0,0.0,0.0,-1.0,0.18955210365490538,0.0022360679774997894,-0.1,1.4342939764928913,1.8459671610369197,1.5,0.15
605.2055,10.448,-0.186,-0.032,6.476,-0.066,-0.044,-0.096,0.001,-0.002,-0.096,-0.001,-0.001,0.311,-0.169,0.636,0.007,0.021,-0.034,-0.001,0.0,0.0,827.716,-0.0,0.0,-0.0,-0.432,0.168,0.0,0.0,0.0,-0.6791,0.7002,-0.2202,0.7282,0.6805,-0.082,0.0924,-0.2161,-0.972,0.676,0.226,-0.7014,-0.7316,0.0917,-0.6755,-0.0884,0.9698,0.2273,-0.0006,0.0004,0.0001,0.0,0.0,0.0,-0.0223,-0.0065,-0.0934,19.2886,17.1564,5.8648,0.0,0.0433,-0.3609,0.0,0.0,0.0,4618278.8098,4450938.7896,-2053455.2359,2203.6306,1067.0823,7292.7479,4618259.5212,4450921.6333,-2053461.1007,2203.6529,1067.0887,7292.8413,0.0,0.0765,3.9732,0.0,0.0,1.0,0.0,1.0,0.0,0.0,1.172,-23.972,0.0,1.0,0.0,0.0,0.0,-1.0,0.18873261509341727,0.0022360679774997894,-0.1,1.4160413631456137,1.8422642944420422,1.5,0.15
605.4114,10.429,-0.186,-0.032,6.456,-0.066,-0.044,-0.096,0.001,-0.002,-0.096,-0.005,0.003,0.312,-0.16,0.624,0.007,0.066,-0.08,-0.001,0.001,0.0,827.635,-0.0,0.0,-0.0,-0.586,0.341,0.0,0.0,0.0,-0.6792,0.7001,-0.2203,0.7281,0.6805,-0.0823,0.0923,-0.2163,-0.972,0.676,0.226,-0.7014,-0.7316,0.0917,-0.6755,-0.0884,0.9698,0.2273,-0.0014,0.0011,0.0001,0.0,0.0,0.0,-0.0223,-0.0065,-0.0934,19.284,17.155,5.8456,0.0,0.0433,-0.3609,0.0,0.0,0.0,4618733.5311,4451158.9214,-2051949.8889,2202.3866,1065.8834,7293.3008,4618714.2471,4451141.7664,-2051955.7345,2202.4089,1065.8898,7293.3942,0.0,0.0765,3.9732,0.0,0.0,1.0,0.0,1.0,0.0,0.0,1.172,-23.972,0.0,1.0,0.0,0.0,0.0,-1.0,0.18873261509341727,0.0022360679774997894,-0.1,1.4150368313912256,1.8389140818085812,1.5,0.15
605.6187,10.409,-0.186,-0.032,6.437,-0.068,-0.043,-0.096,0.0,-0.001,-0.096,-0.008,0.005,0.314,-0.143,0.603,0.006,0.094,-0.126,-0.002,0.002,0.0,827.555,-0.0,0.0,-0.0,-0.639,0.0,0.0,0.0,0.0,-0.6793,0.7,-0.2203,0.7281,0.6805,-0.0827,0.092,-0.2166,-0.9719,0.676,0.226,-0.7014,-0.7316,0.0917,-0.6755,-0.0884,0.9698,0.2273,-0.0022,0.0016,0.0001,0.0,0.0,0.0,-0.0223,-0.0065,-0.0934,19.2794,17.1535,5.8263,0.0,0.0433,-0.3609,0.0,0.0,0.0,4619187.9352,4451378.7768,-2050444.6228,2201.1426,1064.6846,7293.8532,4619168.6558,4451361.6233,-2050450.4491,2201.1649,1064.691,7293.9466,0.0,0.0765,3.9732,0.0,0.0,1.0,0.0,1.0,0.0,0.0,1.172,-23.972,0.0,1.0,0.0,0.0,0.0,-1.0,0.18873261509341727,0.001,-0.1,1.3703300771131957,1.8353875421944121,1.5,0.15
605.8198,10.389,-0.186,-0.033,6.417,-0.07,-0.042,-0.096,0.0,-0.002,-0.096,-0.011,0.002,0.315,-0.128,0.574,0.007,0.053,-0.168,-0.003,0.001,0.0,827.48,-0.0,0.0,-0.0,-0.87,0.0,0.0,0.0,0.0,-0.6793,0.6999,-0.2205,0.7281,0.6804,-0.0833,0.0918,-0.2171,-0.9718,0.676,0.226,-0.7014,-0.7316,0.0917,-0.6755,-0.0884,0.9698,0.2273,-0.0029,0.0009,0.0001,0.0,0.0,0.0,-0.0223,-0.0064,-0.0934,19.2748,17.152,5.8075,0.0,0.0433,-0.3609,0.0,0.0,0.0,4619632.9763,4451593.9821,-2048969.4432,2199.9235,1063.5098,7294.3941,4619613.7014,4451576.8301,-2048975.2507,2199.9458,1063.5162,7294.4875,0.0,0.0765,3.9732,0.0,0.0,1.0,0.0,1.0,0.0,0.0,1.172,-23.972,0.0,1.0,0.0,0.0,0.0,-1.0,0.188904737897174,0.002,-0.1,1.3209980302046136,1.8318610025802424,1.5,0.15
606.0211,10.37,-0.186,-0.033,6.398,-0.072,-0.042,-0.096,-0.0,-0.002,-0.097,-0.015,-0.001,0.317,-0.121,0.535,0.007,0.01,-0.213,-0.004,0.0,0.0,827.401,-0.0,0.0,-0.0,-0.819,0.0,0.0,0.0,0.0,-0.6794,0.6997,-0.2209,0.728,0.6804,-0.0838,0.0917,-0.2178,-0.9717,0.676,0.226,-0.7014,-0.7316,0.0917,-0.6755,-0.0884,0.9698,0.2273,-0.0037,0.0001,0.0001,0.0,0.0,0.0,-0.0223,-0.0064,-0.0934,19.2702,17.1505,5.7888,0.0,0.0433,-0.3608,0.0,0.0,0.0,4620074.6592,4451807.4466,-2047504.4739,2198.7128,1062.3432,7294.9309,4620055.389,4451790.2961,-2047510.2627,2198.7351,1062.3496,7295.0243,0.0,0.0765,3.9732,0.0,0.0,1.0,0.0,1.0,0.0,0.0,1.172,-23.972,0.0,1.0,0.0,0.0,0.0,-1.0,0.188904737897174,0.002,-0.1,1.2816491369883491,1.8285107899467816,1.5,0.15
606.2271,10.35,-0.186,-0.034,6.378,-0.076,-0.042,-0.096,-0.0,-0.002,-0.097,-0.018,-0.001,0.318,-0.12,0.486,0.007,0.008,-0.25,-0.004,0.0,0.0,827.337,-0.0,0.0,-0.0,-0.136,0.0,0.0,0.0,0.0,-0.6794,0.6995,-0.2215,0.728,0.6803,-0.0844,0.0916,-0.2186,-0.9715,0.676,0.226,-0.7014,-0.7316,0.0917,-0.6755,-0.0884,0.9698,0.2273,-0.0044,0.0001,0.0001,0.0,0.0,0.0,-0.0223,-0.0064,-0.0934,19.2654,17.1489,5.7696,0.0,0.0433,-0.3608,0.0,0.0,0.0,4620527.6379,4452026.249,-2046001.0886,2197.4703,1061.146,7295.4813,4620508.3725,4452009.1001,-2046006.8582,2197.4926,1061.1524,7295.5747,0.0,0.0765,3.9732,0.0,0.0,1.0,0.0,1.0,0.0,0.0,1.172,-23.972,0.0,1.0,0.0,0.0,0.0,-1.0,0.18908199279677587,0.002,-0.1,1.1994176280487927,1.8249842503326124,1.5,0.15
606.428,10.331,-0.186,-0.034,6.358,-0.079,-0.043,-0.096,0.0,-0.002,-0.096,-0.014,-0.002,0.32,-0.118,0.441,0.007,0.008,-0.203,-0.004,0.0,0.0,827.294,-0.0,0.0,-0.0,0.0,0.0,0.0,0.0,0.0,-0.6794,0.6993,-0.222,0.728,0.6803,-0.085,0.0916,-0.2194,-0.9713,0.676,0.226,-0.7014,-0.7316,0.0917,-0.6755,-0.0884,0.9698,0.2273,-0.0035,0.0001,0.0001,0.0,0.0,0.0,-0.0223,-0.0064,-0.0934,19.2607,17.1475,5.751,0.0,0.0433,-0.3608,0.0,0.0,0.0,4620968.855,4452239.2516,-2044535.8155,2196.2593,1059.9792,7296.0173,4620949.5942,4452222.1041,-2044541.5664,2196.2816,1059.9856,7296.1108,0.0,0.0765,3.9732,0.0,0.0,1.0,0.0,1.0,0.0,0.0,1.172,-23.972,0.0,1.0,0.0,0.0,0.0,-1.0,0.18908199279677587,0.002,-0.1,1.14710827638875,1.8216340376991516,1.5,0.15
606.6352,10.311,-0.186,-0.034,6.339,-0.082,-0.043,-0.096,0.0,-0.002,-0.096,-0.01,-0.002,0.321,-0.116,0.404,0.007,0.008,-0.154,-0.003,0.0,0.0,827.249,-0.0,0.0,-0.0,0.0,0.0,0.0,0.0,0.0,-0.6794,0.6992,-0.2225,0.728,0.6803,-0.0854,0.0916,-0.22,-0.9712,0.676,0.226,-0.7014,-0.7316,0.0917,-0.6755,-0.0884,0.9698,0.2273,-0.0027,0.0001,0.0001,0.0,0.0,0.0,-0.0223,-0.0063,-0.0934,19.256,17.146,5.7318,0.0,0.0433,-0.3608,0.0,0.0,0.0,4621421.9038,4452457.8446,-2043030.2918,2195.015,1058.7804,7296.5676,4621402.6477,4452440.6986,-2043036.0236,2195.0373,1058.7867,7296.6611,0.0,0.0765,3.9732,0.0,0.0,1.0,0.0,1.0,0.0,0.0,1.172,-23.972,0.0,1.0,0.0,0.0,0.0,-1.0,0.18908199279677587,0.002,-0.1,1.089677948910845,1.8181074980849823,1.5,0.15
606.8356,10.292,-0.186,-0.035,6.319,-0.083,-0.043,-0.096,0.001,-0.002,-0.096,-0.007,-0.002,0.322,-0.115,0.378,0.006,0.008,-0.108,-0.002,0.0,0.0,827.208,-0.0,0.0,-0.0,0.0,0.0,0.0,0.0,0.0,-0.6795,0.6991,-0.2228,0.728,0.6802,-0.0857,0.0916,-0.2204,-0.9711,0.676,0.226,-0.7014,-0.7316,0.0917,-0.6755,-0.0884,0.9698,0.2273,-0.0019,0.0001,0.0001,0.0,0.0,0.0,-0.0223,-0.0063,-0.0935,19.2514,17.1446,5.713,0.0,0.0433,-0.3608,0.0,0.0,0.0,4621863.7293,4452670.9033,-2041561.1338,2193.8007,1057.6106,7297.1042,4621844.4779,4452653.7587,-2041566.8468,2193.823,1057.6169,7297.1977,0.0,0.0765,3.9732,0.0,0.0,1.0,0.0,1.0,0.0,0.0,1.172,-23.972,0.0,1.0,0.0,0.0,0.0,-1.0,0.1892643653728826,0.0022360679774997894,-0.1,1.064565537811265,1.8147572854515215,1.5,0.15
607.0422,10.272,-0.186,-0.035,6.299,-0.084,-0.044,-0.096,0.001,-0.002,-0.096,-0.003,-0.002,0.324,-0.113,0.36,0.006,0.008,-0.06,-0.001,0.0,0.0,827.163,-0.0,0.0,-0.0,0.0,0.0,0.0,0.0,0.0,-0.6795,0.699,-0.223,0.728,0.6802,-0.086,0.0916,-0.2207,-0.971,0.676,0.226,-0.7014,-0.7316,0.0917,-0.6755,-0.0884,0.9698,0.2273,-0.001,0.0001,0.0001,0.0,0.0,0.0,-0.0223,-0.0062,-0.0935,19.2467,17.1432,5.6937,0.0,0.0433,-0.3608,0.0,0.0,0.0,4622317.8307,4452889.7592,-2040050.1949,2192.5518,1056.4075,7297.6556,4622298.584,4452872.616,-2040055.8886,2192.5742,1056.4138,7297.7491,0.0,0.0765,3.9732,0.0,0.0,1.0,0.0,1.0,0.0,0.0,1.172,-23.972,0.0,1.0,0.0,0.0,0.0,-1.0,0.1892643653728826,0.0022360679774997894,-0.1,1.0521108168880509,1.8112307458373522,1.5,0.15
607.2456,10.252,-0.186,-0.036,6.28,-0.085,-0.044,-0.096,0.001,-0.002,-0.096,0.0,-0.002,0.325,-0.112,0.353,0.006,0.007,-0.013,-0.0,0.0,0.0,827.121,-0.0,0.0,-0.0,0.0,0.0,0.0,0.0,0.0,-0.6795,0.6989,-0.223,0.7279,0.6802,-0.0861,0.0915,-0.2209,-0.971,0.676,0.226,-0.7014,-0.7316,0.0917,-0.6755,-0.0884,0.9698,0.2273,-0.0002,0.0001,0.0001,0.0,0.0,0.0,-0.0224,-0.0062,-0.0935,19.2422,17.1419,5.6747,0.0,0.0433,-0.3608,0.0,0.0,0.0,4622764.3786,4453104.8529,-2038563.4421,2191.3229,1055.2238,7298.1978,4622745.1365,4453087.711,-2038569.1168,2191.3453,1055.2299,7298.2912,0.0,0.0765,3.9732,0.0,0.0,1.0,0.0,1.0,0.0,0.0,1.172,-23.972,0.0,1.0,0.0,0.0,0.0,-1.0,0.18945184084616332,0.0022360679774997894,-0.1,1.0275961085529468,1.807704206223183,1.5,0.15
607.4511,10.233,-0.185,-0.036,6.26,-0.084,-0.044,-0.096,0.001,-0.002,-0.096,0.001,-0.002,0.326,-0.11,0.351,0.005,0.007,-0.007,-0.0,0.0,0.0,827.115,-0.0,0.0,-0.0,0.0,0.0,0.0,0.0,0.0,-0.6795,0.6989,-0.223,0.7279,0.6802,-0.0861,0.0915,-0.2209,-0.971,0.676,0.226,-0.7014,-0.7316,0.0917,-0.6755,-0.0884,0.9698,0.2273,-0.0001,0.0001,0.0001,0.0,0.0,0.0,-0.0224,-0.0062,-0.0935,19.2376,17.1407,5.6557,0.0,0.0433,-0.3608,0.0,0.0,0.0,4623208.4964,4453318.6567,-2037083.8388,2190.0999,1054.0457,7298.7369,4623189.2588,4453301.516,-2037089.4945,2190.1223,1054.0519,7298.8303,0.0,0.0765,3.9732,0.0,0.0,1.0,0.0,1.0,0.0,0.0,1.172,-23.972,0.0,1.0,0.0,0.0,0.0,-1.0,0.18847015678881365,0.0022360679774997894,-0.1,1.031966134452514,1.8043539935897221,1.5,0.15
607.6569,10.213,-0.185,-0.037,6.24,-0.084,-0.045,-0.096,0.001,-0.002,-0.096,0.001,-0.002,0.327,-0.109,0.35,0.005,0.007,-0.007,-0.0,0.0,0.0,827.115,-0.0,0.0,-0.0,-0.006,0.0,0.0,0.0,0.0,-0.6795,0.6989,-0.223,0.7279,0.6802,-0.0862,0.0915,-0.2209,-0.971,0.676,0.226,-0.7014,-0.7316,0.0917,-0.6755,-0.0884,0.9698,0.2273,-0.0001,0.0001,0.0001,0.0,0.0,0.0,-0.0224,-0.0062,-0.0935,19.233,17.1394,5.6364,0.0,0.0433,-0.3608,0.0,0.0,0.0,4623660.209,4453535.9941,-2035577.9714,2188.8552,1052.8467,7299.2851,4623640.976,4453518.8547,-2035583.6079,2188.8775,1052.8529,7299.3786,0.0,0.0765,3.9732,0.0,0.0,1.0,0.0,1.0,0.0,0.0,1.172,-23.972,0.0,1.0,0.0,0.0,0.0,-1.0,0.18866372200293305,0.0022360679774997894,-0.1,1.0333704152319685,1.8008274539755527,1.5,0.15
607.8574,10.193,-0.185,-0.037,6.221,-0.084,-0.045,-0.096,0.001,-0.002,-0.096,-0.001,-0.002,0.328,-0.107,0.347,0.006,0.007,-0.032,-0.001,0.0,0.0,827.08,-0.0,0.0,-0.0,-0.396,0.0,0.0,0.0,0.0,-0.6796,0.6989,-0.2231,0.7279,0.6803,-0.0862,0.0915,-0.2209,-0.971,0.676,0.226,-0.7014,-0.7316,0.0917,-0.6755,-0.0884,0.9698,0.2273,-0.0006,0.0001,0.0001,0.0,0.0,0.0,-0.0224,-0.0062,-0.0935,19.2285,17.1381,5.6176,0.0,0.0433,-0.3608,0.0,0.0,0.0,4624101.6258,4453748.2578,-2034105.4931,2187.638,1051.6744,7299.8207,4624082.3974,4453731.1197,-2034111.1107,2187.6604,1051.6805,7299.9142,0.0,0.0765,3.9732,0.0,0.0,1.0,0.0,1.0,0.0,0.0,1.172,-23.972,0.0,1.0,0.0,0.0,0.0,-1.0,0.18866372200293305,0.0022360679774997894,-0.1,1.0330106957425507,1.7973009143613834,1.5,0.15
608.0614,10.174,-0.185,-0.038,6.201,-0.085,-0.045,-0.096,0.001,-0.002,-0.096,-0.005,-0.002,0.329,-0.106,0.335,0.006,0.008,-0.081,-0.001,0.0,0.0,827.011,-0.0,0.0,-0.0,-0.763,0.0,0.0,0.0,0.0,-0.6796,0.6988,-0.2232,0.7279,0.6803,-0.0864,0.0915,-0.2211,-0.9709,0.676,0.226,-0.7014,-0.7316,0.0917,-0.6755,-0.0884,0.9698,0.2273,-0.0014,0.0001,0.0001,0.0,0.0,0.0,-0.0223,-0.0061,-0.0935,19.2239,17.1368,5.5985,0.0,0.0433,-0.3608,0.0,0.0,0.0,4624548.1618,4453962.8628,-2032614.9923,2186.4059,1050.4877,7300.3625,4624528.9379,4453945.726,-2032620.5908,2186.4283,1050.4939,7300.456,0.0,0.0765,3.9732,0.0,0.0,1.0,0.0,1.0,0.0,0.0,1.172,-23.972,0.0,1.0,0.0,0.0,0.0,-1.0,0.18886238376129852,0.0022360679774997894,-0.1,1.0076989576211042,1.7939507017279226,1.5,0.15
608.2672,10.154,-0.184,-0.038,6.181,-0.086,-0.046,-0.096,0.001,-0.002,-0.096,-0.008,-0.002,0.33,-0.104,0.314,0.006,0.008,-0.129,-0.002,0.0,0.0,826.944,-0.0,0.0,-0.0,-0.603,0.0,0.0,0.0,0.0,-0.6796,0.6987,-0.2234,0.7279,0.6802,-0.0866,0.0914,-0.2215,-0.9709,0.676,0.226,-0.7014,-0.7316,0.0917,-0.6755,-0.0884,0.9698,0.2273,-0.0023,0.0001,0.0001,0.0,0.0,0.0,-0.0223,-0.0061,-0.0935,19.2192,17.1354,5.5793,0.0,0.0433,-0.3607,0.0,0.0,0.0,4624997.7602,4454178.8165,-2031113.3113,2185.1646,1049.2922,7300.9079,4624978.541,4454161.6811,-2031118.8906,2185.1869,1049.2983,7301.0014,0.0,0.0765,3.9732,0.0,0.0,1.0,0.0,1.0,0.0,0.0,1.172,-23.972,0.0,1.0,0.0,0.0,0.0,-1.0,0.18788294228055935,0.0022360679774997894,-0.1,0.9825231205649665,1.7904241621137533,1.5,0.15
608.4698,10.134,-0.184,-0.039,6.162,-0.088,-0.046,-0.096,0.001,-0.002,-0.096,-0.007,-0.002,0.332,-0.102,0.287,0.005,0.008,-0.116,-0.002,0.0,0.0,826.894,-0.0,0.0,-0.0,0.0,0.0,0.0,0.0,0.0,-0.6796,0.6986,-0.2237,0.7278,0.6802,-0.087,0.0914,-0.222,-0.9708,0.676,0.226,-0.7014,-0.7316,0.0917,-0.6755,-0.0884,0.9698,0.2273,-0.002,0.0001,0.0001,0.0,0.0,0.0,-0.0223,-0.0061,-0.0935,19.2146,17.1341,5.5604,0.0,0.0433,-0.3607,0.0,0.0,0.0,4625441.3753,4454391.7757,-2029630.664,2183.9389,1048.1119,7301.4459,4625422.1607,4454374.6416,-2029636.2244,2183.9612,1048.118,7301.5394,0.0,0.0765,3.9732,0.0,0.0,1.0,0.0,1.0,0.0,0.0,1.172,-23.972,0.0,1.0,0.0,0.0,0.0,-1.0,0.18808774548066653,0.0022360679774997894,-0.1,0.9390459628121444,1.786897622499584,1.5,0.15
608.6743,10.115,-0.184,-0.039,6.142,-0.089,-0.047,-0.096,0.001,-0.002,-0.096,-0.004,-0.002,0.333,-0.101,0.268,0.005,0.008,-0.071,-0.001,0.0,0.0,826.852,-0.0,0.0,-0.0,0.0,0.0,0.0,0.0,0.0,-0.6796,0.6985,-0.224,0.7278,0.6802,-0.0872,0.0914,-0.2223,-0.9707,0.676,0.226,-0.7014,-0.7316,0.0917,-0.6755,-0.0884,0.9698,0.2273,-0.0012,0.0001,0.0001,0.0,0.0,0.0,-0.0224,-0.0061,-0.0935,19.2099,17.1327,5.5415,0.0,0.0433,-0.3607,0.0,0.0,0.0,4625884.578,4454604.4165,-2028148.4594,2182.7136,1046.9319,7301.9834,4625865.3681,4454587.2837,-2028154.0008,2182.7359,1046.938,7302.0769,0.0,0.0765,3.9732,0.0,0.0,1.0,0.0,1.0,0.0,0.0,1.172,-23.972,0.0,1.0,0.0,0.0,0.0,-1.0,0.18808774548066653,0.0022360679774997894,-0.1,0.9278091814741565,1.7835474098661233,1.5,0.15
608.8771,10.095,-0.184,-0.04,6.122,-0.089,-0.047,-0.096,0.001,-0.002,-0.096,-0.0,-0.002,0.334,-0.099,0.258,0.005,0.008,-0.022,-0.0,0.0,0.0,826.808,-0.0,0.0,-0.0,0.0,0.0,0.0,0.0,0.0,-0.6797,0.6985,-0.2241,0.7278,0.6802,-0.0874,0.0914,-0.2224,-0.9707,0.676,0.226,-0.7014,-0.7316,0.0917,-0.6755,-0.0884,0.9698,0.2273,-0.0004,0.0001,0.0001,0.0,0.0,0.0,-0.0224,-0.006,-0.0935,19.2054,17.1315,5.5224,0.0,0.0433,-0.3607,0.0,0.0,0.0,4626330.8838,4454818.4248,-2026654.9217,2181.4788,1045.743,7302.5245,4626311.6784,4454801.2933,-2026660.444,2181.5012,1045.749,7302.618,0.0,0.0765,3.9732,0.0,0.0,1.0,0.0,1.0,0.0,0.0,1.172,-23.972,0.0,1.0,0.0,0.0,0.0,-1.0,0.1882976367350371,0.0022360679774997894,-0.1,0.9209914850385034,1.780020870251954,1.5,0.15
609.0791,10.076,-0.184,-0.04,6.103,-0.089,-0.047,-0.096,0.001,-0.002,-0.096,0.001,-0.002,0.335,-0.098,0.257,0.005,0.008,-0.006,-0.0,0.0,0.0,826.794,-0.0,0.0,-0.0,0.0,0.0,0.0,0.0,0.0,-0.6797,0.6985,-0.2241,0.7278,0.6802,-0.0874,0.0914,-0.2225,-0.9706,0.676,0.226,-0.7014,-0.7316,0.0917,-0.6755,-0.0884,0.9698,0.2273,-0.0001,0.0001,0.0001,0.0,0.0,0.0,-0.0224,-0.006,-0.0935,19.2009,17.1303,5.5037,0.0,0.0433,-0.3607,0.0,0.0,0.0,4626766.6408,4455027.2568,-2025195.7637,2180.2725,1044.5814,7303.0527,4626747.4399,4455010.1266,-2025201.2674,2180.2949,1044.5874,7303.1462,0.0,0.0765,3.9732,0.0,0.0,1.0,0.0,1.0,0.0,0.0,1.172,-23.972,0.0,1.0,0.0,0.0,0.0,-1.0,0.1882976367350371,0.0022360679774997894,-0.1,0.9202627508456191,1.7766706576184932,1.5,0.15
609.2829,10.056,-0.183,-0.041,6.084,-0.089,-0.048,-0.096,0.001,-0.002,-0.096,0.001,-0.002,0.336,-0.096,0.255,0.005,0.008,-0.006,-0.0,0.0,0.0,826.794,-0.0,0.0,-0.0,0.0,0.0,0.0,0.0,0.0,-0.6797,0.6984,-0.2241,0.7278,0.6802,-0.0874,0.0913,-0.2225,-0.9706,0.676,0.226,-0.7014,-0.7316,0.0917,-0.6755,-0.0884,0.9698,0.2273,-0.0001,0.0001,0.0001,0.0,0.0,0.0,-0.0224,-0.006,-0.0935,19.1963,17.129,5.4846,0.0,0.0433,-0.3607,0.0,0.0,0.0,4627211.7436,4455240.4476,-2023704.3638,2179.0395,1043.3942,7303.5922,4627192.5473,4455223.3186,-2023709.8484,2179.0619,1043.4002,7303.6857,0.0,0.0765,3.9732,0.0,0.0,1.0,0.0,1.0,0.0,0.0,1.172,-23.972,0.0,1.0,0.0,0.0,0.0,-1.0,0.18753666308218242,0.0022360679774997894,-0.1,0.9093140662355369,1.7731441180043237,1.5,0.15
609.4894,10.037,-0.183,-0.041,6.064,-0.089,-0.048,-0.096,0.002,-0.002,-0.096,0.001,-0.002,0.337,-0.095,0.254,0.005,0.008,-0.006,-0.0,0.0,0.0,826.794,-0.0,0.0,-0.0,0.0,0.0,0.0,0.0,0.0,-0.6797,0.6984,-0.2241,0.7278,0.6802,-0.0875,0.0913,-0.2225,-0.9706,0.676,0.226,-0.7014,-0.7316,0.0917,-0.6755,-0.0884,0.9698,0.2273,-0.0001,0.0001,0.0001,0.0,0.0,0.0,-0.0224,-0.006,-0.0935,19.1917,17.1278,5.4654,0.0,0.0433,-0.3607,0.0,0.0,0.0,4627657.9254,4455454.0324,-2022208.3965,2177.8027,1042.2034,7304.1329,4627638.7337,4455436.9046,-2022213.8619,2177.8251,1042.2094,7304.2264,0.0,0.0765,3.9732,0.0,0.0,1.0,0.0,1.0,0.0,0.0,1.172,-23.972,0.0,1.0,0.0,0.0,0.0,-1.0,0.18753666308218242,0.00282842712474619,-0.1,0.9082417820206387,1.7697939053708631,1.5,0.15
609.6979,10.016,-0.183,-0.042,6.044,-0.089,-0.048,-0.096,0.002,-0.002,-0.096,0.001,-0.002,0.338,-0.093,0.252,0.005,0.008,-0.006,-0.0,0.0,0.0,826.794,-0.0,0.0,-0.0,0.0,0.0,0.0,0.0,0.0,-0.6797,0.6984,-0.2241,0.7278,0.6802,-0.0875,0.0913,-0.2225,-0.9706,0.676,0.226,-0.7014,-0.7316,0.0917,-0.6755,-0.0884,0.9698,0.2273,-0.0001,0.0001,0.0001,0.0,0.0,0.0,-0.0224,-0.006,-0.0935,19.187,17.1265,5.4458,0.0,0.0433,-0.3607,0.0,0.0,0.0,4628115.0021,4455672.7056,-2020674.8987,2176.5348,1040.9828,7304.6867,4628095.8151,4455655.5791,-2020680.3445,2176.5572,1040.9887,7304.7802,0.0,0.0765,3.9732,0.0,0.0,1.0,0.0,1.0,0.0,0.0,1.172,-23.972,0.0,1.0,0.0,0.0,0.0,-1.0,0.18775782273982622,0.00282842712474619,-0.1,0.9017047951807221,1.7660910387759852,1.5,0.15
609.8984,9.997,-0.182,-0.042,6.024,-0.088,-0.049,-0.096,0.002,-0.002,-0.096,0.001,-0.002,0.338,-0.092,0.251,0.005,0.008,-0.006,-0.0,0.0,0.0,826.794,-0.0,0.0,-0.0,0.0,0.0,0.0,0.0,0.0,-0.6797,0.6984,-0.224,0.7277,0.6802,-0.0875,0.0913,-0.2226,-0.9706,0.676,0.226,-0.7014,-0.7316,0.0917,-0.6755,-0.0884,0.9698,0.2273,-0.0001,0.0001,0.0001,0.0,0.0,0.0,-0.0224,-0.0059,-0.0935,19.1825,17.1253,5.4271,0.0,0.0433,-0.3607,0.0,0.0,0.0,4628550.6651,4455881.0137,-2019212.3088,2175.3256,1039.8186,7305.2144,4628531.4825,4455863.8883,-2019217.7358,2175.3479,1039.8246,7305.308,0.0,0.0765,3.9732,0.0,0.0,1.0,0.0,1.0,0.0,0.0,1.172,-23.972,0.0,1.0,0.0,0.0,0.0,-1.0,0.18678329689776868,0.00282842712474619,-0.1,0.914778377528016,1.7627408261425244,1.5,0.15
610.0992,9.978,-0.182,-0.043,6.005,-0.088,-0.049,-0.096,0.002,-0.002,-0.096,0.001,-0.002,0.339,-0.09,0.25,0.005,0.008,-0.007,-0.0,0.0,0.0,826.794,-0.0,0.0,-0.0,0.0,0.0,0.0,0.0,0.0,-0.6798,0.6984,-0.224,0.7277,0.6802,-0.0876,0.0913,-0.2226,-0.9706,0.676,0.226,-0.7014,-0.7316,0.0917,-0.6755,-0.0884,0.9698,0.2273,-0.0001,0.0001,0.0001,0.0,0.0,0.0,-0.0223,-0.0059,-0.0936,19.178,17.1241,5.4082,0.0,0.0433,-0.3607,0.0,0.0,0.0,4628988.6421,4456090.31,-2017741.0212,2174.1091,1038.6475,7305.7449,4628969.4641,4456073.1859,-2017746.4294,2174.1314,1038.6535,7305.8385,0.0,0.0765,3.9732,0.0,0.0,1.0,0.0,1.0,0.0,0.0,1.172,-23.972,0.0,1.0,0.0,0.0,0.0,-1.0,0.1870106948813356,0.00282842712474619,-0.1,0.9079048287767956,1.7593906135090636,1.5,0.15
610.3053,9.958,-0.182,-0.043,5.985,-0.088,-0.05,-0.096,0.002,-0.002,-0.096,0.001,-0.002,0.34,-0.089,0.249,0.005,0.008,-0.007,-0.0,0.0,0.0,826.794,-0.0,0.0,-0.0,0.0,0.0,0.0,0.0,0.0,-0.6798,0.6984,-0.224,0.7277,0.6803,-0.0876,0.0912,-0.2226,-0.9706,0.676,0.226,-0.7014,-0.7316,0.0917,-0.6755,-0.0884,0.9698,0.2273,-0.0001,0.0001,0.0001,0.0,0.0,0.0,-0.0223,-0.0059,-0.0936,19.1735,17.1229,5.3891,0.0,0.0433,-0.3607,0.0,0.0,0.0,4629433.8334,4456302.9321,-2016244.5433,2172.8717,1037.4564,7306.284,4629414.66,4456285.8092,-2016249.9324,2172.8941,1037.4624,7306.3776,0.0,0.0765,3.9732,0.0,0.0,1.0,0.0,1.0,0.0,0.0,1.172,-23.972,0.0,1.0,0.0,0.0,0.0,-1.0,0.1870106948813356,0.00282842712474619,-0.1,0.9159908773962876,1.7558640738948943,1.5,0.15
610.5119,9.938,-0.181,-0.044,5.965,-0.088,-0.05,-0.096,0.002,-0.002,-0.096,0.001,-0.002,0.341,-0.087,0.247,0.005,0.008,-0.007,-0.0,0.0,0.0,826.794,-0.0,0.0,-0.0,0.0,0.0,0.0,0.0,0.0,-0.6798,0.6983,-0.224,0.7277,0.6803,-0.0876,0.0912,-0.2226,-0.9706,0.676,0.226,-0.7014,-0.7316,0.0917,-0.6755,-0.0884,0.9698,0.2273,-0.0001,0.0001,0.0001,0.0,0.0,0.0,-0.0223,-0.0059,-0.0936,19.1688,17.1216,5.3695,0.0,0.0433,-0.3607,0.0,0.0,0.0,4629887.4031,4456519.4289,-2014718.9153,2171.6103,1036.2422,7306.8332,4629868.2343,4456502.3073,-2014724.2848,2171.6326,1036.2481,7306.9268,0.0,0.0765,3.9732,0.0,0.0,1.0,0.0,1.0,0.0,0.0,1.172,-23.972,0.0,1.0,0.0,0.0,0.0,-1.0,0.18627130750601392,0.00282842712474619,-0.1,0.8959834727202164,1.752337534280725,1.5,0.15
610.7136,9.919,-0.181,-0.044,5.946,-0.088,-0.05,-0.096,0.002,-0.002,-0.096,0.001,-0.002,0.342,-0.086,0.246,0.005,0.008,-0.007,-0.0,0.0,0.0,826.794,-0.0,0.0,-0.0,0.0,0.0,0.0,0.0,0.0,-0.6798,0.6983,-0.224,0.7277,0.6803,-0.0877,0.0912,-0.2226,-0.9706,0.676,0.226,-0.7014,-0.7316,0.0917,-0.6755,-0.0884,0.9698,0.2273,-0.0001,0.0001,0.0001,0.0,0.0,0.0,-0.0223,-0.0059,-0.0936,19.1643,17.1204,5.3507,0.0,0.0433,-0.3607,0.0,0.0,0.0,4630323.5733,4456727.5002,-2013250.8638,2170.3964,1035.0738,7307.3612,4630304.409,4456710.3798,-2013256.2145,2170.4187,1035.0797,7307.4548,0.0,0.0765,3.9732,0.0,0.0,1.0,0.0,1.0,0.0,0.0,1.172,-23.972,0.0,1.0,0.0,0.0,0.0,-1.0,0.18627130750601392,0.00282842712474619,-0.1,0.8952802244491351,1.7489873216472642,1.5,0.15
610.9218,9.899,-0.181,-0.045,5.926,-0.087,-0.051,-0.096,0.002,-0.002,-0.096,0.001,-0.002,0.343,-0.084,0.245,0.005,0.008,-0.007,-0.0,0.0,0.0,826.794,-0.0,0.0,-0.0,0.0,0.0,0.0,0.0,0.0,-0.6798,0.6983,-0.224,0.7277,0.6803,-0.0877,0.0912,-0.2227,-0.9706,0.676,0.226,-0.7014,-0.7316,0.0917,-0.6755,-0.0884,0.9698,0.2273,-0.0001,0.0001,0.0001,0.0,0.0,0.0,-0.0223,-0.0059,-0.0936,19.1597,17.1192,5.3313,0.0,0.0433,-0.3607,0.0,0.0,0.0,4630774.3387,4456942.4093,-2011732.7171,2169.141,1033.8655,7307.9068,4630755.179,4456925.2901,-2011738.0483,2169.1634,1033.8714,7308.0004,0.0,0.0765,3.9732,0.0,0.0,1.0,0.0,1.0,0.0,0.0,1.172,-23.972,0.0,1.0,0.0,0.0,0.0,-1.0,0.18651005334833828,0.00282842712474619,-0.1,0.9156549132321533,1.7454607820330947,1.5,0.15
611.1294,9.878,-0.18,-0.045,5.906,-0.087,-0.051,-0.096,0.002,-0.002,-0.096,0.001,-0.002,0.344,-0.082,0.243,0.005,0.008,-0.007,-0.0,0.0,0.0,826.794,-0.0,0.0,-0.0,0.0,0.0,0.0,0.0,0.0,-0.6799,0.6983,-0.224,0.7277,0.6803,-0.0877,0.0911,-0.2227,-0.9706,0.676,0.226,-0.7014,-0.7316,0.0917,-0.6755,-0.0884,0.9698,0.2273,-0.0001,0.0001,0.0001,0.0,0.0,0.0,-0.0223,-0.0059,-0.0936,19.155,17.1179,5.3118,0.0,0.0433,-0.3607,0.0,0.0,0.0,4631226.7322,4457157.9673,-2010208.0864,2167.8803,1032.6521,7308.4542,4631207.5772,4457140.8494,-2010213.3981,2167.9026,1032.658,7308.5478,0.0,0.0765,3.9732,0.0,0.0,1.0,0.0,1.0,0.0,0.0,1.172,-23.972,0.0,1.0,0.0,0.0,0.0,-1.0,0.18553975315279472,0.00282842712474619,-0.1,0.902281442767004,1.741757915438217,1.5,0.15
611.3356,9.859,-0.18,-0.046,5.886,-0.087,-0.052,-0.096,0.002,-0.002,-0.096,0.001,-0.002,0.345,-0.081,0.242,0.005,0.008,-0.007,-0.0,0.0,0.0,826.794,-0.0,0.0,-0.0,0.0,0.0,0.0,0.0,0.0,-0.6799,0.6983,-0.224,0.7276,0.6803,-0.0878,0.0911,-0.2227,-0.9706,0.676,0.226,-0.7014,-0.7316,0.0917,-0.6755,-0.0884,0.9698,0.2273,-0.0001,0.0001,0.0001,0.0,0.0,0.0,-0.0223,-0.0059,-0.0936,19.1504,17.1167,5.2925,0.0,0.0433,-0.3607,0.0,0.0,0.0,4631673.2288,4457370.5901,-2008702.3484,2166.6352,1031.4538,7308.9945,4631654.0784,4457353.4733,-2008707.6409,2166.6575,1031.4597,7309.0881,0.0,0.0765,3.9732,0.0,0.0,1.0,0.0,1.0,0.0,0.0,1.172,-23.972,0.0,1.0,0.0,0.0,0.0,-1.0,0.18578482176970215,0.00282842712474619,-0.1,0.9039698750110753,1.7384077028047562,1.5,0.15
611.536,9.84,-0.18,-0.046,5.867,-0.087,-0.052,-0.096,0.002,-0.002,-0.096,0.001,-0.002,0.346,-0.079,0.241,0.005,0.008,-0.007,-0.0,0.0,0.0,826.794,-0.0,0.0,-0.0,0.0,0.0,0.0,0.0,0.0,-0.6799,0.6983,-0.224,0.7276,0.6803,-0.0878,0.0911,-0.2227,-0.9706,0.676,0.226,-0.7014,-0.7316,0.0917,-0.6755,-0.0884,0.9698,0.2273,-0.0001,0.0001,0.0001,0.0,0.0,0.0,-0.0223,-0.0059,-0.0936,19.146,17.1155,5.2741,0.0,0.0433,-0.3607,0.0,0.0,0.0,4632099.2353,4457573.3391,-2007264.7967,2165.4464,1030.3098,7309.5098,4632080.0893,4457556.2236,-2007270.0708,2165.4687,1030.3157,7309.6034,0.0,0.0765,3.9732,0.0,0.0,1.0,0.0,1.0,0.0,0.0,1.172,-23.972,0.0,1.0,0.0,0.0,0.0,-1.0,0.18578482176970215,0.00282842712474619,-0.1,0.9032915940785897,1.7350574901712954,1.5,0.15
611.7409,9.819,-0.179,-0.047,5.847,-0.086,-0.052,-0.096,0.002,-0.002,-0.096,0.001,-0.002,0.347,-0.078,0.239,0.005,0.008,-0.007,-0.0,0.0,0.0,826.794,-0.0,0.0,-0.0,0.0,0.0,0.0,0.0,0.0,-0.6799,0.6982,-0.224,0.7276,0.6803,-0.0879,0.0911,-0.2227,-0.9706,0.676,0.226,-0.7014,-0.7316,0.0917,-0.6755,-0.0884,0.9698,0.2273,-0.0001,0.0001,0.0001,0.0,0.0,0.0,-0.0223,-0.0059,-0.0936,19.1414,17.1143,5.2546,0.0,0.0433,-0.3607,0.0,0.0,0.0,4632550.9169,4457788.1832,-2005739.6343,2164.1851,1029.0961,7310.0561,4632531.7755,4457771.0689,-2005744.8888,2164.2074,1029.102,7310.1498,0.0,0.0765,3.9732,0.0,0.0,1.0,0.0,1.0,0.0,0.0,1.172,-23.972,0.0,1.0,0.0,0.0,0.0,-1.0,0.18506755523321747,0.00282842712474619,-0.1,0.9020250486109105,1.7313546235764177,1.5,0.15
611.9494,9.799,-0.179,-0.047,5.827,-0.086,-0.053,-0.096,0.002,-0.002,-0.096,0.001,-0.002,0.348,-0.076,0.238,0.005,0.008,-0.007,-0.0,0.0,0.0,826.794,-0.0,0.0,-0.0,0.0,0.0,0.0,0.0,0.0,-0.6799,0.6982,-0.224,0.7276,0.6803,-0.0879,0.091,-0.2228,-0.9706,0.676,0.226,-0.7014,-0.7316,0.0917,-0.6755,-0.0884,0.9698,0.2273,-0.0001,0.0001,0.0001,0.0,0.0,0.0,-0.0223,-0.0059,-0.0936,19.1367,17.1131,5.2351,0.0,0.0433,-0.3607,0.0,0.0,0.0,4633000.1319,4458001.7271,-2004221.8035,2162.9299,1027.8883,7310.5994,4632980.9951,4457984.614,-2004227.0386,2162.9522,1027.8941,7310.693,0.0,0.0765,3.9732,0.0,0.0,1.0,0.0,1.0,0.0,0.0,1.172,-23.972,0.0,1.0,0.0,0.0,0.0,-1.0,0.18506755523321747,0.00282842712474619,-0.1,0.9104523246206411,1.7278280839622482,1.5,0.15
612.1518,9.78,-0.179,-0.048,5.807,-0.086,-0.053,-0.096,0.002,-0.002,-0.096,0.001,-0.002,0.349,-0.075,0.237,0.005,0.008,-0.007,-0.0,0.0,0.0,826.794,-0.0,0.0,-0.0,0.0,0.0,0.0,0.0,0.0,-0.6799,0.6982,-0.224,0.7276,0.6803,-0.0879,0.091,-0.2228,-0.9706,0.676,0.226,-0.7014,-0.7316,0.0917,-0.6755,-0.0884,0.9698,0.2273,-0.0001,0.0001,0.0001,0.0,0.0,0.0,-0.0223,-0.0059,-0.0936,19.1322,17.1119,5.2162,0.0,0.0433,-0.3607,0.0,0.0,0.0,4633437.8169,4458209.6678,-2002741.9744,2161.7061,1026.7107,7311.1286,4633418.6846,4458192.5559,-2002747.1906,2161.7283,1026.7165,7311.2222,0.0,0.0765,3.9732,0.0,0.0,1.0,0.0,1.0,0.0,0.0,1.172,-23.972,0.0,1.0,0.0,0.0,0.0,-1.0,0.18532404053441098,0.00282842712474619,-0.1,0.9029755676677811,1.7244778713287874,1.5,0.15
612.3547,9.76,-0.178,-0.048,5.788,-0.086,-0.054,-0.096,0.002,-0.002,-0.096,0.001,-0.002,0.35,-0.073,0.235,0.005,0.008,-0.007,-0.0,0.0,0.0,826.794,-0.0,0.0,-0.0,0.0,0.0,0.0,0.0,0.0,-0.68,0.6982,-0.224,0.7276,0.6804,-0.088,0.091,-0.2228,-0.9706,0.676,0.226,-0.7014,-0.7316,0.0917,-0.6755,-0.0884,0.9698,0.2273,-0.0001,0.0001,0.0001,0.0,0.0,0.0,-0.0223,-0.0059,-0.0936,19.1277,17.1107,5.1971,0.0,0.0433,-0.3607,0.0,0.0,0.0,4633877.659,4458418.5114,-2001253.9041,2160.4754,1025.5266,7311.6603,4633858.5313,4458401.4007,-2001259.1012,2160.4977,1025.5324,7311.7539,0.0,0.0765,3.9732,0.0,0.0,1.0,0.0,1.0,0.0,0.0,1.172,-23.972,0.0,1.0,0.0,0.0,0.0,-1.0,0.18435834670553974,0.00282842712474619,-0.1,0.8991610780805082,1.7209513317146181,1.5,0.15
612.5576,9.741,-0.178,-0.049,5.768,-0.085,-0.054,-0.096,0.002,-0.002,-0.096,0.001,-0.002,0.351,-0.072,0.234,0.005,0.008,-0.007,-0.0,0.0,0.0,826.794,-0.0,0.0,-0.0,0.0,0.0,0.0,0.0,0.0,-0.68,0.6982,-0.224,0.7276,0.6804,-0.088,0.091,-0.2228,-0.9706,0.676,0.226,-0.7014,-0.7316,0.0917,-0.6755,-0.0884,0.9698,0.2273,-0.0001,0.0001,0.0001,0.0,0.0,0.0,-0.0223,-0.0059,-0.0936,19.1232,17.1095,5.1781,0.0,0.0433,-0.3607,0.0,0.0,0.0,4634317.0996,4458627.0426,-1999766.232,2159.245,1024.3428,7312.1915,4634297.9764,4458609.9332,-1999771.41,2159.2673,1024.3487,7312.2851,0.0,0.0765,3.9732,0.0,0.0,1.0,0.0,1.0,0.0,0.0,1.172,-23.972,0.0,1.0,0.0,0.0,0.0,-1.0,0.18462123388169627,0.00282842712474619,-0.1,0.9098941248018168,1.7176011190811573,1.5,0.15
612.759,9.722,-0.178,-0.049,5.749,-0.085,-0.054,-0.096,0.002,-0.002,-0.096,0.001,-0.002,0.352,-0.07,0.233,0.005,0.008,-0.007,-0.0,0.0,0.0,826.794,-0.0,0.0,-0.0,0.0,0.0,0.0,0.0,0.0,-0.68,0.6982,-0.224,0.7276,0.6804,-0.088,0.091,-0.2228,-0.9706,0.676,0.226,-0.7014,-0.7316,0.0917,-0.6755,-0.0884,0.9698,0.2273,-0.0001,0.0001,0.0001,0.0,0.0,0.0,-0.0223,-0.0058,-0.0936,19.1188,17.1083,5.1594,0.0,0.0433,-0.3607,0.0,0.0,0.0,4634747.8094,4458831.3122,-1998307.1897,2158.0383,1023.1819,7312.712,4634728.6906,4458814.2039,-1998312.3491,2158.0606,1023.1877,7312.8056,0.0,0.0765,3.9732,0.0,0.0,1.0,0.0,1.0,0.0,0.0,1.172,-23.972,0.0,1.0,0.0,0.0,0.0,-1.0,0.18462123388169627,0.00282842712474619,-0.1,0.9092318917309744,1.7142509064476965,1.5,0.15
612.9666,9.701,-0.177,-0.05,5.729,-0.085,-0.055,-0.096,0.002,-0.002,-0.096,0.001,-0.002,0.353,-0.069,0.231,0.005,0.008,-0.007,-0.0,0.0,0.0,826.794,-0.0,0.0,-0.0,0.0,0.0,0.0,0.0,0.0,-0.68,0.6981,-0.224,0.7275,0.6804,-0.0881,0.0909,-0.2229,-0.9706,0.676,0.226,-0.7014,-0.7316,0.0917,-0.6755,-0.0884,0.9698,0.2273,-0.0001,0.0001,0.0001,0.0,0.0,0.0,-0.0222,-0.0058,-0.0937,19.1142,17.107,5.1399,0.0,0.0433,-0.3607,0.0,0.0,0.0,4635197.2006,4459044.3162,-1996783.8836,2156.7784,1021.9698,7313.2549,4635178.0865,4459027.2092,-1996789.0235,2156.8007,1021.9757,7313.3486,0.0,0.0765,3.9732,0.0,0.0,1.0,0.0,1.0,0.0,0.0,1.172,-23.972,0.0,1.0,0.0,0.0,0.0,-1.0,0.18392661580097644,0.00282842712474619,-0.1,0.8988423469525684,1.7105480398528188,1.5,0.15
613.1737,9.682,-0.177,-0.05,5.709,-0.085,-0.055,-0.096,0.002,-0.002,-0.096,0.001,-0.002,0.354,-0.067,0.23,0.005,0.008,-0.007,-0.0,0.0,0.0,826.794,-0.0,0.0,-0.0,0.0,0.0,0.0,0.0,0.0,-0.68,0.6981,-0.224,0.7275,0.6804,-0.0881,0.0909,-0.2229,-0.9706,0.676,0.226,-0.7014,-0.7316,0.0917,-0.6755,-0.0884,0.9698,0.2273,-0.0001,0.0001,0.0001,0.0,0.0,0.0,-0.0222,-0.0058,-0.0937,19.1096,17.1058,5.1206,0.0,0.0433,-0.3607,0.0,0.0,0.0,4635642.0351,4459255.0342,-1995275.0349,2155.5304,1020.7693,7313.7923,4635622.9255,4459237.9284,-1995280.1555,2155.5527,1020.7751,7313.886,0.0,0.0765,3.9732,0.0,0.0,1.0,0.0,1.0,0.0,0.0,1.172,-23.972,0.0,1.0,0.0,0.0,0.0,-1.0,0.18392661580097644,0.00282842712474619,-0.1,0.8978597385735572,1.707197827219358,1.5,0.15
613.3784,9.662,-0.177,-0.051,5.689,-0.084,-0.056,-0.096,0.002,-0.002,-0.096,0.001,-0.002,0.355,-0.066,0.229,0.005,0.008,-0.007,-0.0,0.0,0.0,826.794,-0.0,0.0,-0.0,0.0,0.0,0.0,0.0,0.0,-0.68,0.6981,-0.224,0.7275,0.6804,-0.0881,0.0909,-0.2229,-0.9706,0.676,0.226,-0.7014,-0.7316,0.0917,-0.6755,-0.0884,0.9698,0.2273,-0.0001,0.0001,0.0001,0.0,0.0,0.0,-0.0222,-0.0058,-0.0937,19.1049,17.1046,5.1012,0.0,0.0433,-0.3607,0.0,0.0,0.0,4636088.5669,4459466.4296,-1993759.4401,2154.2769,1019.5635,7314.3316,4636069.462,4459449.325,-1993764.5413,2154.2991,1019.5693,7314.4253,0.0,0.0765,3.9732,0.0,0.0,1.0,0.0,1.0,0.0,0.0,1.172,-23.972,0.0,1.0,0.0,0.0,0.0,-1.0,0.184200977196105,0.00282842712474619,-0.1,0.9184004606826268,1.7036712876051887,1.5,0.15
613.5803,9.642,-0.176,-0.051,5.669,-0.084,-0.056,-0.096,0.002,-0.002,-0.096,0.001,-0.002,0.356,-0.064,0.227,0.005,0.008,-0.007,-0.0,0.0,0.0,826.794,-0.0,0.0,-0.0,0.0,0.0,0.0,0.0,0.0,-0.6801,0.6981,-0.224,0.7275,0.6804,-0.0882,0.0909,-0.2229,-0.9706,0.676,0.226,-0.7014,-0.7316,0.0917,-0.6755,-0.0884,0.9698,0.2273,-0.0001,0.0001,0.0001,0.0,0.0,0.0,-0.0222,-0.0058,-0.0937,19.1005,17.1034,5.0824,0.0,0.0433,-0.3607,0.0,0.0,0.0,4636520.6967,4459670.8862,-1992291.7781,2153.0629,1018.3958,7314.8535,4636501.5963,4459653.7827,-1992296.8604,2153.0851,1018.4016,7314.9472,0.0,0.0765,3.9732,0.0,0.0,1.0,0.0,1.0,0.0,0.0,1.172,-23.972,0.0,1.0,0.0,0.0,0.0,-1.0,0.18324027941476184,0.00282842712474619,-0.1,0.9049672858240195,1.7001447479910192,1.5,0.15
613.7872,9.622,-0.176,-0.052,5.649,-0.084,-0.056,-0.096,0.002,-0.002,-0.096,0.001,-0.002,0.356,-0.063,0.226,0.005,0.008,-0.007,-0.0,0.0,0.0,826.794,-0.0,0.0,-0.0,0.0,0.0,0.0,0.0,0.0,-0.6801,0.6981,-0.224,0.7275,0.6804,-0.0882,0.0909,-0.223,-0.9706,0.676,0.226,-0.7014,-0.7316,0.0917,-0.6755,-0.0884,0.9698,0.2273,-0.0001,0.0001,0.0001,0.0,0.0,0.0,-0.0222,-0.0058,-0.0937,19.0959,17.1022,5.0629,0.0,0.0433,-0.3607,0.0,0.0,0.0,4636968.0273,4459882.409,-1990771.5099,2151.8054,1017.1863,7315.3936,4636948.9314,4459865.3068,-1990776.5728,2151.8276,1017.1921,7315.4873,0.0,0.0765,3.9732,0.0,0.0,1.0,0.0,1.0,0.0,0.0,1.172,-23.972,0.0,1.0,0.0,0.0,0.0,-1.0,0.18352111595127138,0.00282842712474619,-0.1,0.8976395246702507,1.69661820837685,1.5,0.15
613.9965,9.602,-0.176,-0.052,5.629,-0.083,-0.057,-0.096,0.002,-0.002,-0.096,0.001,-0.002,0.357,-0.061,0.225,0.005,0.008,-0.007,-0.0,0.0,0.0,826.794,0.062,0.0,-0.0,0.0,0.0,0.0,0.0,0.0,-0.6801,0.6981,-0.224,0.7275,0.6804,-0.0882,0.0908,-0.223,-0.9706,0.676,0.226,-0.7014,-0.7316,0.0917,-0.6755,-0.0884,0.9698,0.2273,-0.0001,0.0001,0.0001,0.0,0.0,0.0,-0.0222,-0.0058,-0.0937,19.0913,17.101,5.0435,0.0,0.0433,-0.3607,0.0,0.0,0.0,4637414.3463,4460093.3263,-1989253.6764,2150.5499,1015.9787,7315.9324,4637395.255,4460076.2253,-1989258.7199,2150.5721,1015.9845,7316.0261,0.0,0.0765,3.9732,0.0,0.0,1.0,0.0,1.0,0.0,0.0,1.172,-23.972,0.0,1.0,0.0,0.0,0.0,-1.0,0.18352111595127138,0.00282842712474619,-0.1,0.9248937931471919,1.6930916687626807,1.5,0.15
614.2031,9.582,-0.175,-0.053,5.609,-0.083,-0.057,-0.096,0.002,-0.002,-0.096,0.001,-0.002,0.358,-0.059,0.223,0.005,0.008,-0.007,-0.0,0.0,0.0,826.794,0.687,0.0,-0.0,0.0,0.0,0.0,0.0,0.0,-0.6801,0.698,-0.224,0.7275,0.6804,-0.0883,0.0908,-0.223,-0.9706,0.676,0.226,-0.7014,-0.7316,0.0917,-0.6755,-0.0884,0.9698,0.2273,-0.0001,0.0001,0.0001,0.0,0.0,0.0,-0.0222,-0.0058,-0.0937,19.0867,17.0998,5.024,0.0,0.0433,-0.3607,0.0,0.0,0.0,4637859.8231,4460303.7183,-1987737.7151,2149.2959,1014.7727,7316.4701,4637840.7364,4460286.6185,-1987742.7391,2149.3181,1014.7785,7316.5638,0.0,0.0765,3.9732,0.0,0.0,1.0,0.0,1.0,0.0,0.0,1.172,-23.972,0.0,1.0,0.0,0.0,0.0,-1.0,0.18284966502567074,0.00282842712474619,-0.1,0.9047855747643849,1.6895651291485114,1.5,0.15
614.4098,9.562,-0.175,-0.053,5.589,-0.083,-0.057,-0.096,0.002,0.001,-0.096,0.001,0.001,0.359,-0.058,0.222,0.005,0.008,-0.006,-0.0,0.0,0.0,826.781,1.0,0.0,-0.0,0.0,0.0,0.0,0.0,0.0,-0.6801,0.698,-0.224,0.7274,0.6805,-0.0883,0.0908,-0.223,-0.9706,0.676,0.226,-0.7014,-0.7316,0.0917,-0.6755,-0.0884,0.9698,0.2273,-0.0001,0.0001,0.0001,0.0,0.0,0.0,-0.02,-0.0081,-0.094,19.0822,17.0984,5.0046,0.0,0.0433,-0.3607,0.0,0.0,0.0,4638306.529,4460514.5627,-1986216.5711,2148.0398,1013.5602,7317.0089,4638287.4468,4460497.4642,-1986221.5757,2148.0598,1013.5684,7317.1029,0.0,0.0765,3.9732,0.0,0.0,1.0,0.0,1.0,0.0,0.0,1.172,-23.972,0.0,1.0,0.0,0.0,0.0,-1.0,0.18284966502567074,0.0022360679774997894,-0.1,0.9041268276057318,1.686038589534342,1.5,0.15
614.6158,9.542,-0.174,-0.052,5.569,-0.083,-0.056,-0.096,0.002,0.008,-0.096,0.001,0.008,0.36,-0.056,0.22,0.005,0.007,-0.006,-0.0,0.0,0.0,826.752,1.0,0.0,-0.0,0.0,0.0,0.0,0.0,0.0,-0.6802,0.698,-0.224,0.7274,0.6805,-0.0884,0.0908,-0.223,-0.9706,0.676,0.226,-0.7014,-0.7316,0.0917,-0.6755,-0.0884,0.9698,0.2273,-0.0001,0.0001,0.0001,0.0,0.0,0.0,-0.0153,-0.0131,-0.0946,19.0785,17.0962,4.9851,0.0,0.0433,-0.3607,0.0,0.0,0.0,4638750.0871,4460723.7933,-1984705.1546,2146.7942,1012.3529,7317.5434,4638731.0086,4460706.6971,-1984710.1397,2146.8095,1012.366,7317.638,0.0,0.0765,3.9732,0.0,0.0,1.0,0.0,1.0,0.0,0.0,1.172,-23.972,0.0,1.0,0.0,0.0,0.0,-1.0,0.18160396471443016,0.00824621125123532,-0.1,0.8877587831213217,1.6825120499201727,1.5,0.15
614.8207,9.522,-0.174,-0.05,5.55,-0.082,-0.054,-0.096,0.002,0.015,-0.096,0.001,0.015,0.361,-0.055,0.219,0.005,0.007,-0.006,-0.0,0.0,0.0,826.724,1.0,0.0,-0.0,0.0,0.0,0.0,0.0,0.0,-0.6802,0.698,-0.224,0.7274,0.6805,-0.0884,0.0907,-0.2231,-0.9706,0.676,0.226,-0.7014,-0.7316,0.0917,-0.6755,-0.0884,0.9698,0.2273,-0.0001,0.0001,0.0001,0.0,0.0,0.0,-0.0107,-0.0181,-0.0953,19.0758,17.093,4.9656,0.0,0.0433,-0.3607,0.0,0.0,0.0,4639191.0813,4460931.6872,-1983201.4985,2145.5549,1011.1518,7318.0748,4639172.0055,4460914.5942,-1983206.4641,2145.5655,1011.1699,7318.17,0.0,0.0765,3.9732,0.0,0.0,1.0,0.0,1.0,0.0,0.0,1.172,-23.972,0.0,1.0,0.0,0.0,0.0,-1.0,0.18104143172213372,0.015132745950421555,-0.1,0.9001296503051426,1.6789855103060036,1.5,0.15
615.0275,9.503,-0.174,-0.046,5.53,-0.082,-0.05,-0.096,0.002,0.019,-0.096,0.002,0.019,0.362,-0.053,0.218,0.005,0.007,-0.006,-0.0,0.0,0.0,826.706,-0.0,0.0,-0.0,0.0,0.0,0.0,0.0,0.0,-0.6802,0.698,-0.224,0.7274,0.6805,-0.0884,0.0907,-0.2231,-0.9706,0.676,0.226,-0.7014,-0.7316,0.0917,-0.6755,-0.0884,0.9698,0.2273,-0.0001,0.0001,0.0001,0.0,0.0,0.0,-0.0077,-0.0213,-0.0957,19.074,17.0888,4.946,0.0,0.0433,-0.3607,0.0,0.0,0.0,4639630.9299,4461138.9151,-1981700.7699,2144.3164,1009.9548,7318.6049,4639611.8558,4461121.8263,-1981705.7159,2144.324,1009.9761,7318.7005,0.0,0.0765,3.9732,0.0,0.0,1.0,0.0,1.0,0.0,0.0,1.172,-23.972,0.0,1.0,0.0,0.0,0.0,-1.0,0.1799777764058663,0.0191049731745428,-0.1,0.8880551524564815,1.6756352976725426,1.5,0.15
615.2308,9.483,-0.173,-0.042,5.51,-0.082,-0.046,-0.096,0.002,0.019,-0.096,0.002,0.019,0.363,-0.052,0.217,0.005,0.007,-0.006,-0.0,0.0,0.0,826.706,-0.0,0.0,-0.0,0.0,0.0,0.0,0.0,0.0,-0.6802,0.698,-0.224,0.7274,0.6805,-0.0885,0.0907,-0.2231,-0.9706,0.676,0.226,-0.7014,-0.7316,0.0917,-0.6755,-0.0884,0.9698,0.2273,-0.0001,0.0001,0.0001,0.0,0.0,0.0,-0.0077,-0.0213,-0.0957,19.0725,17.0845,4.9266,0.0,0.0433,-0.3607,0.0,0.0,0.0,4640065.0659,4461343.3288,-1980218.572,2143.0902,1008.7758,7319.1284,4640045.9934,4461326.2443,-1980223.4986,2143.0978,1008.7971,7319.2241,0.0,0.0765,3.9732,0.0,0.0,1.0,0.0,1.0,0.0,0.0,1.172,-23.972,0.0,1.0,0.0,0.0,0.0,-1.0,0.17802527910383964,0.0191049731745428,-0.1,0.8635886867804162,1.6721087580583736,1.5,0.15
615.4369,9.463,-0.173,-0.038,5.49,-0.081,-0.042,-0.096,0.002,0.019,-0.096,0.002,0.019,0.364,-0.05,0.215,0.005,0.007,-0.006,-0.0,0.0,0.0,826.706,-0.0,0.0,-0.0,0.0,0.0,0.0,0.0,0.0,-0.6802,0.6979,-0.224,0.7274,0.6805,-0.0885,0.0907,-0.2231,-0.9706,0.676,0.226,-0.7014,-0.7316,0.0917,-0.6755,-0.0884,0.9698,0.2273,-0.0001,0.0001,0.0001,0.0,0.0,0.0,-0.0076,-0.0213,-0.0957,19.0709,17.0801,4.9069,0.0,0.0433,-0.3607,0.0,0.0,0.0,4640505.2908,4461550.4848,-1978714.614,2141.8459,1007.5795,7319.6592,4640486.2199,4461533.4047,-1978719.5209,2141.8536,1007.6008,7319.7548,0.0,0.0765,3.9732,0.0,0.0,1.0,0.0,1.0,0.0,0.0,1.172,-23.972,0.0,1.0,0.0,0.0,0.0,-1.0,0.17712425017484196,0.0191049731745428,-0.1,0.8719428317845825,1.6685822184442038,1.5,0.15
615.6433,9.443,-0.172,-0.035,5.47,-0.081,-0.038,-0.096,0.002,0.019,-0.096,0.002,0.019,0.365,-0.049,0.214,0.005,0.007,-0.006,-0.0,0.0,0.0,826.706,-0.0,0.0,-0.0,0.0,0.0,0.0,0.0,0.0,-0.6802,0.6979,-0.224,0.7274,0.6805,-0.0885,0.0907,-0.2231,-0.9706,0.676,0.226,-0.7014,-0.7316,0.0917,-0.6755,-0.0884,0.9698,0.2273,-0.0001,0.0001,0.0001,0.0,0.0,0.0,-0.0076,-0.0213,-0.0957,19.0693,17.0757,4.8871,0.0,0.0433,-0.3607,0.0,0.0,0.0,4640949.0057,4461759.156,-1977197.7379,2140.591,1006.373,7320.1941,4640929.9363,4461742.0803,-1977202.625,2140.5986,1006.3943,7320.2897,0.0,0.0765,3.9732,0.0,0.0,1.0,0.0,1.0,0.0,0.0,1.172,-23.972,0.0,1.0,0.0,0.0,0.0,-1.0,0.175524927004685,0.0191049731745428,-0.1,0.8433053020356436,1.6650556788300348,1.5,0.15
615.845,9.424,-0.172,-0.031,5.451,-0.081,-0.034,-0.096,0.002,0.019,-0.096,0.002,0.019,0.366,-0.047,0.213,0.005,0.007,-0.006,-0.0,0.0,0.0,826.706,-0.0,0.0,-0.0,0.0,0.0,0.0,0.0,0.0,-0.6803,0.6979,-0.224,0.7274,0.6805,-0.0886,0.0906,-0.2232,-0.9706,0.676,0.226,-0.7014,-0.7316,0.0917,-0.6755,-0.0884,0.9698,0.2273,-0.0001,0.0001,0.0001,0.0,0.0,0.0,-0.0076,-0.0213,-0.0957,19.0678,17.0714,4.8677,0.0,0.0433,-0.3607,0.0,0.0,0.0,4641382.92,4461963.0943,-1975713.4004,2139.3629,1005.1924,7320.717,4641363.8522,4461946.0229,-1975718.2681,2139.3705,1005.2136,7320.8127,0.0,0.0765,3.9732,0.0,0.0,1.0,0.0,1.0,0.0,0.0,1.172,-23.972,0.0,1.0,0.0,0.0,0.0,-1.0,0.17477127910500626,0.0191049731745428,-0.1,0.8340337771275622,1.6617054661965738,1.5,0.15
616.0506,9.404,-0.172,-0.027,5.431,-0.081,-0.031,-0.096,0.002,0.019,-0.096,0.002,0.019,0.367,-0.046,0.211,0.005,0.007,-0.006,-0.0,0.0,0.0,826.706,-0.0,0.0,-0.0,0.0,0.0,0.0,0.0,0.0,-0.6803,0.6979,-0.224,0.7273,0.6805,-0.0886,0.0906,-0.2232,-0.9706,0.676,0.226,-0.7014,-0.7316,0.0917,-0.6755,-0.0884,0.9698,0.2273,-0.0001,0.0001,0.0001,0.0,0.0,0.0,-0.0076,-0.0213,-0.0957,19.0663,17.0671,4.8483,0.0,0.0433,-0.3607,0.0,0.0,0.0,4641816.3103,4462166.6645,-1974229.8922,2138.1355,1004.0124,7321.2393,4641797.244,4462149.5974,-1974234.7406,2138.1431,1004.0337,7321.335,0.0,0.0765,3.9732,0.0,0.0,1.0,0.0,1.0,0.0,0.0,1.172,-23.972,0.0,1.0,0.0,0.0,0.0,-1.0,0.17410628937519745,0.0191049731745428,-0.1,0.8315532850628802,1.6581789265824045,1.5,0.15
616.2584,9.384,-0.171,-0.023,5.411,-0.08,-0.026,-0.096,0.002,0.017,-0.096,0.002,0.018,0.368,-0.044,0.21,0.005,0.008,-0.006,-0.0,0.0,0.0,826.7,-1.0,0.0,-0.0,0.0,0.0,0.0,0.0,0.0,-0.6803,0.6979,-0.224,0.7273,0.6805,-0.0886,0.0906,-0.2232,-0.9706,0.676,0.226,-0.7014,-0.7316,0.0917,-0.6755,-0.0884,0.9698,0.2273,-0.0001,0.0001,0.0001,0.0,0.0,0.0,-0.0088,-0.02,-0.0955,19.0647,17.0626,4.8282,0.0,0.0433,-0.3607,0.0,0.0,0.0,4642266.5354,4462378.0124,-1972687.7482,2136.8584,1002.7872,7321.7819,4642247.4707,4462360.9498,-1972692.5764,2136.8672,1002.8071,7321.8774,0.0,0.0765,3.9732,0.0,0.0,1.0,0.0,1.0,0.0,0.0,1.172,-23.972,0.0,1.0,0.0,0.0,0.0,-1.0,0.17253985046939158,0.01711724276862369,-0.1,0.8235388134708117,1.6546523869682355,1.5,0.15
616.4617,9.364,-0.171,-0.02,5.391,-0.08,-0.024,-0.096,0.002,0.011,-0.096,0.002,0.011,0.369,-0.043,0.209,0.005,0.008,-0.006,-0.0,0.0,0.0,826.674,-0.0,0.0,-0.0,0.0,0.0,0.0,0.0,0.0,-0.6803,0.6979,-0.224,0.7273,0.6806,-0.0887,0.0906,-0.2232,-0.9706,0.676,0.226,-0.7014,-0.7316,0.0917,-0.6755,-0.0884,0.9698,0.2273,-0.0001,0.0001,0.0001,0.0,0.0,0.0,-0.0131,-0.0153,-0.095,19.0624,17.059,4.8088,0.0,0.0433,-0.3607,0.0,0.0,0.0,4642701.9775,4462582.2961,-1971195.2501,2135.6191,1001.6048,7322.307,4642682.9152,4462565.2371,-1971200.0589,2135.6322,1001.6201,7322.402,0.0,0.0765,3.9732,0.0,0.0,1.0,0.0,1.0,0.0,0.0,1.172,-23.972,0.0,1.0,0.0,0.0,0.0,-1.0,0.1721656179380773,0.011180339887498947,-0.1,0.8228939512553335,1.6511258473540662,1.5,0.15
616.6676,9.344,-0.17,-0.018,5.372,-0.08,-0.021,-0.096,0.002,0.011,-0.096,0.002,0.011,0.37,-0.041,0.207,0.005,0.008,-0.006,-0.0,0.0,0.0,826.674,-0.0,0.0,-0.0,0.0,0.0,0.0,0.0,0.0,-0.6803,0.6978,-0.224,0.7273,0.6806,-0.0887,0.0905,-0.2232,-0.9705,0.676,0.226,-0.7014,-0.7316,0.0917,-0.6755,-0.0884,0.9698,0.2273,-0.0001,0.0001,0.0001,0.0,0.0,0.0,-0.0131,-0.0153,-0.095,19.0597,17.0559,4.7893,0.0,0.0433,-0.3607,0.0,0.0,0.0,4643139.6805,4462787.516,-1969694.0258,2134.377,1000.4109,7322.8342,4643120.6208,4462770.4601,-1969698.8151,2134.3901,1000.4262,7322.9291,0.0,0.0765,3.9732,0.0,0.0,1.0,0.0,1.0,0.0,0.0,1.172,-23.972,0.0,1.0,0.0,0.0,0.0,-1.0,0.17095028517086483,0.011180339887498947,-0.1,0.8000515409449105,1.6475993077398967,1.5,0.15
616.8695,9.325,-0.17,-0.016,5.352,-0.079,-0.019,-0.096,0.002,0.011,-0.096,0.002,0.011,0.371,-0.039,0.206,0.005,0.008,-0.006,-0.0,0.0,0.0,826.674,-0.0,0.0,-0.0,0.0,0.0,0.0,0.0,0.0,-0.6803,0.6978,-0.224,0.7273,0.6806,-0.0887,0.0905,-0.2233,-0.9705,0.676,0.226,-0.7014,-0.7316,0.0917,-0.6755,-0.0884,0.9698,0.2273,-0.0001,0.0001,0.0001,0.0,0.0,0.0,-0.0131,-0.0153,-0.095,19.057,17.0527,4.7701,0.0,0.0433,-0.3607,0.0,0.0,0.0,4643570.6069,4462989.4362,-1968215.0822,2133.1532,999.2347,7323.3531,4643551.5499,4462972.3834,-1968219.8523,2133.1663,999.25,7323.4481,0.0,0.0765,3.9732,0.0,0.0,1.0,0.0,1.0,0.0,0.0,1.172,-23.972,0.0,1.0,0.0,0.0,0.0,-1.0,0.17075128110793197,0.011180339887498947,-0.1,0.8162905437199777,1.6442490951064357,1.5,0.15
617.0748,9.305,-0.17,-0.014,5.332,-0.079,-0.017,-0.096,0.002,0.011,-0.096,0.002,0.011,0.372,-0.038,0.205,0.005,0.008,-0.006,-0.0,0.0,0.0,826.674,-0.0,0.0,-0.0,0.0,0.0,0.0,0.0,0.0,-0.6804,0.6978,-0.224,0.7273,0.6806,-0.0888,0.0905,-0.2233,-0.9705,0.676,0.226,-0.7014,-0.7316,0.0917,-0.6755,-0.0884,0.9698,0.2273,-0.0001,0.0001,0.0001,0.0,0.0,0.0,-0.0131,-0.0153,-0.095,19.0543,17.0496,4.7506,0.0,0.0433,-0.3607,0.0,0.0,0.0,4644009.0844,4463194.7696,-1966709.2432,2131.9072,998.0371,7323.881,4643990.03,4463177.72,-1966713.9938,2131.9203,998.0524,7323.976,0.0,0.0765,3.9732,0.0,0.0,1.0,0.0,1.0,0.0,0.0,1.172,-23.972,0.0,1.0,0.0,0.0,0.0,-1.0,0.1705754964817632,0.011180339887498947,-0.1,0.8126418299695432,1.6407225554922666,1.5,0.15
617.2805,9.285,-0.169,-0.011,5.312,-0.079,-0.014,-0.096,0.002,0.011,-0.097,0.002,0.011,0.373,-0.036,0.204,0.005,0.008,-0.006,-0.0,0.0,0.0,826.674,-0.0,0.0,-0.0,0.0,0.0,0.0,0.0,0.0,-0.6804,0.6978,-0.224,0.7273,0.6806,-0.0888,0.0905,-0.2233,-0.9705,0.676,0.226,-0.7014,-0.7316,0.0917,-0.6755,-0.0884,0.9698,0.2273,-0.0001,0.0001,0.0001,0.0,0.0,0.0,-0.0131,-0.0153,-0.095,19.0516,17.0464,4.731,0.0,0.0433,-0.3607,0.0,0.0,0.0,4644449.4822,4463400.8749,-1965195.816,2130.6549,996.8336,7324.4111,4644430.4306,4463383.8285,-1965200.547,2130.668,996.8489,7324.5061,0.0,0.0765,3.9732,0.0,0.0,1.0,0.0,1.0,0.0,0.0,1.172,-23.972,0.0,1.0,0.0,0.0,0.0,-1.0,0.1693576098083579,0.011180339887498947,-0.1,0.7938427128404613,1.6371960158780974,1.5,0.15
617.482,9.266,-0.169,-0.009,5.293,-0.078,-0.012,-0.096,0.002,0.006,-0.097,0.002,0.007,0.374,-0.035,0.202,0.005,0.008,-0.006,-0.0,0.0,0.0,826.657,-1.0,0.0,-0.0,0.0,0.0,0.0,0.0,0.0,-0.6804,0.6978,-0.224,0.7272,0.6806,-0.0888,0.0904,-0.2233,-0.9705,0.676,0.226,-0.7014,-0.7316,0.0917,-0.6755,-0.0884,0.9698,0.2273,-0.0001,0.0001,0.0001,0.0,0.0,0.0,-0.016,-0.0122,-0.0946,19.0488,17.0435,4.7118,0.0,0.0433,-0.3607,0.0,0.0,0.0,4644879.0589,4463601.7933,-1963718.6115,2129.4295,995.662,7324.9285,4644860.0101,4463584.7498,-1963723.3234,2129.4456,995.6742,7325.0231,0.0,0.0765,3.9732,0.0,0.0,1.0,0.0,1.0,0.0,0.0,1.172,-23.972,0.0,1.0,0.0,0.0,0.0,-1.0,0.16923947530053385,0.006324555320336759,-0.1,0.8113652613865007,1.6338458032446366,1.5,0.15
617.6858,9.246,-0.168,-0.008,5.273,-0.078,-0.011,-0.096,0.002,0.004,-0.097,0.002,0.005,0.375,-0.033,0.201,0.005,0.008,-0.006,-0.0,0.0,0.0,826.648,-0.0,0.0,-0.0,0.0,0.0,0.0,0.0,0.0,-0.6804,0.6978,-0.224,0.7272,0.6806,-0.0889,0.0904,-0.2234,-0.9705,0.676,0.226,-0.7014,-0.7316,0.0917,-0.6755,-0.0884,0.9698,0.2273,-0.0001,0.0001,0.0001,0.0,0.0,0.0,-0.0176,-0.0105,-0.0944,19.0453,17.0413,4.6928,0.0,0.0433,-0.3607,0.0,0.0,0.0,4645307.4451,4463802.0347,-1962244.5475,2128.2081,994.4915,7325.4442,4645288.3998,4463784.9934,-1962249.2403,2128.2257,994.502,7325.5386,0.0,0.0765,3.9732,0.0,0.0,1.0,0.0,1.0,0.0,0.0,1.172,-23.972,0.0,1.0,0.0,0.0,0.0,-1.0,0.1681903683330291,0.004472135954999579,-0.1,0.795015485724691,1.6303192636304673,1.5,0.15
617.8871,9.227,-0.168,-0.008,5.254,-0.078,-0.01,-0.096,0.002,0.004,-0.097,0.002,0.005,0.376,-0.031,0.2,0.005,0.008,-0.006,-0.0,0.0,0.0,826.648,-0.0,0.0,-0.0,0.0,0.0,0.0,0.0,0.0,-0.6804,0.6977,-0.224,0.7272,0.6806,-0.0889,0.0904,-0.2234,-0.9705,0.676,0.226,-0.7014,-0.7316,0.0917,-0.6755,-0.0884,0.9698,0.2273,-0.0001,0.0001,0.0001,0.0,0.0,0.0,-0.0176,-0.0105,-0.0944,19.0417,17.0392,4.6738,0.0,0.0433,-0.3607,0.0,0.0,0.0,4645737.4946,4464002.9317,-1960763.8072,2126.9828,993.3141,7325.9616,4645718.4529,4463985.8925,-1960768.481,2127.0004,993.3245,7326.056,0.0,0.0765,3.9732,0.0,0.0,1.0,0.0,1.0,0.0,0.0,1.172,-23.972,0.0,1.0,0.0,0.0,0.0,-1.0,0.1681903683330291,0.004472135954999579,-0.1,0.7911573157531692,1.6269690509970063,1.5,0.15
618.0925,9.207,-0.168,-0.007,5.234,-0.077,-0.009,-0.097,0.002,0.004,-0.097,0.002,0.005,0.377,-0.03,0.198,0.005,0.008,-0.006,-0.0,0.0,0.0,826.648,-0.0,0.0,-0.0,0.0,0.0,0.0,0.0,0.0,-0.6805,0.6977,-0.224,0.7272,0.6806,-0.089,0.0904,-0.2234,-0.9705,0.676,0.226,-0.7014,-0.7316,0.0917,-0.6755,-0.0884,0.9698,0.2273,-0.0001,0.0001,0.0001,0.0,0.0,0.0,-0.0176,-0.0104,-0.0944,19.0381,17.037,4.6543,0.0,0.0433,-0.3607,0.0,0.0,0.0,4646175.4162,4464207.3805,-1959254.9747,2125.7341,992.1143,7326.4884,4646156.3781,4464190.3434,-1959259.629,2125.7517,992.1247,7326.5828,0.0,0.0765,3.9732,0.0,0.0,1.0,0.0,1.0,0.0,0.0,1.172,-23.972,0.0,1.0,0.0,0.0,0.0,-1.0,0.1681457700925004,0.004472135954999579,-0.1,0.8101130705663122,1.6234425113828372,1.5,0.15
618.3004,9.187,-0.167,-0.006,5.214,-0.077,-0.008,-0.097,0.002,0.004,-0.097,0.002,0.005,0.378,-0.028,0.197,0.005,0.008,-0.006,-0.0,0.0,0.0,826.648,-0.736,0.0,-0.0,0.0,0.0,0.0,0.0,0.0,-0.6805,0.6977,-0.224,0.7272,0.6807,-0.089,0.0904,-0.2234,-0.9705,0.676,0.226,-0.7014,-0.7316,0.0917,-0.6755,-0.0884,0.9698,0.2273,-0.0001,0.0001,0.0001,0.0,0.0,0.0,-0.0176,-0.0104,-0.0944,19.0345,17.0349,4.6347,0.0,0.0433,-0.3607,0.0,0.0,0.0,4646616.4754,4464413.1653,-1957734.329,2124.4757,990.9052,7327.0188,4646597.4409,4464396.1305,-1957738.9637,2124.4933,990.9156,7327.1133,0.0,0.0765,3.9732,0.0,0.0,1.0,0.0,1.0,0.0,0.0,1.172,-23.972,0.0,1.0,0.0,0.0,0.0,-1.0,0.16710774967068406,0.004472135954999579,-0.1,0.7939363915588301,1.6199159717686675,1.5,0.15
618.5047,9.167,-0.167,-0.006,5.194,-0.077,-0.008,-0.097,0.002,-0.002,-0.097,0.002,-0.002,0.379,-0.027,0.196,0.005,0.007,-0.006,-0.0,0.0,0.0,826.621,-1.0,0.0,-0.0,0.0,0.0,0.0,0.0,0.0,-0.6805,0.6977,-0.224,0.7272,0.6807,-0.089,0.0903,-0.2234,-0.9705,0.676,0.226,-0.7014,-0.7316,0.0917,-0.6755,-0.0884,0.9698,0.2273,-0.0001,0.0001,0.0001,0.0,0.0,0.0,-0.022,-0.0056,-0.0938,19.0304,17.0332,4.6153,0.0,0.0433,-0.3607,0.0,0.0,0.0,4647053.2854,4464616.8413,-1956227.3295,2123.224,989.7117,7327.5447,4647034.255,4464599.8082,-1956231.9449,2123.2461,989.7173,7327.6385,0.0,0.0765,3.9732,0.0,0.0,1.0,0.0,1.0,0.0,0.0,1.172,-23.972,0.0,1.0,0.0,0.0,0.0,-1.0,0.16710774967068406,0.00282842712474619,-0.1,0.7927827721645272,1.6163894321544985,1.5,0.15
618.7089,9.147,-0.166,-0.007,5.174,-0.076,-0.009,-0.097,0.002,-0.006,-0.097,0.002,-0.005,0.38,-0.025,0.194,0.005,0.007,-0.006,-0.0,0.0,0.0,826.609,-0.0,0.0,-0.0,0.0,0.0,0.0,0.0,0.0,-0.6805,0.6977,-0.224,0.7272,0.6807,-0.0891,0.0903,-0.2235,-0.9705,0.676,0.226,-0.7014,-0.7316,0.0917,-0.6755,-0.0884,0.9698,0.2273,-0.0001,0.0001,0.0001,0.0,0.0,0.0,-0.0242,-0.0033,-0.0936,19.0256,17.0324,4.5963,0.0,0.0433,-0.3607,0.0,0.0,0.0,4647486.1869,4464818.5705,-1954732.8361,2121.985,988.5257,7328.0654,4647467.1613,4464801.5381,-1954737.4324,2122.0092,988.529,7328.159,0.0,0.0765,3.9732,0.0,0.0,1.0,0.0,1.0,0.0,0.0,1.172,-23.972,0.0,1.0,0.0,0.0,0.0,-1.0,0.16614752480852674,0.006324555320336759,-0.1,0.7989225565090974,1.6128628925403292,1.5,0.15
618.9154,9.128,-0.166,-0.008,5.155,-0.076,-0.01,-0.097,0.002,-0.006,-0.097,0.002,-0.005,0.381,-0.024,0.193,0.005,0.007,-0.006,-0.0,0.0,0.0,826.609,-0.0,0.0,-0.0,0.0,0.0,0.0,0.0,0.0,-0.6805,0.6977,-0.224,0.7271,0.6807,-0.0891,0.0903,-0.2235,-0.9705,0.676,0.226,-0.7014,-0.7316,0.0917,-0.6755,-0.0884,0.9698,0.2273,-0.0001,0.0001,0.0001,0.0,0.0,0.0,-0.0242,-0.0033,-0.0936,19.0206,17.0317,4.577,0.0,0.0433,-0.3607,0.0,0.0,0.0,4647922.566,4465021.7943,-1953225.343,2120.7373,987.3272,7328.5899,4647903.5454,4465004.7626,-1953229.92,2120.7615,987.3305,7328.6835,0.0,0.0765,3.9732,0.0,0.0,1.0,0.0,1.0,0.0,0.0,1.172,-23.972,0.0,1.0,0.0,0.0,0.0,-1.0,0.16619265928433785,0.006324555320336759,-0.1,0.7985995406587088,1.6095126799068684,1.5,0.15
619.1177,9.108,-0.165,-0.009,5.135,-0.076,-0.011,-0.097,0.002,-0.006,-0.097,0.002,-0.005,0.382,-0.022,0.192,0.005,0.007,-0.006,-0.0,0.0,0.0,826.609,-0.0,0.0,-0.0,0.0,0.0,0.0,0.0,0.0,-0.6805,0.6976,-0.224,0.7271,0.6807,-0.0891,0.0903,-0.2235,-0.9705,0.676,0.226,-0.7014,-0.7316,0.0917,-0.6755,-0.0884,0.9698,0.2273,-0.0001,0.0001,0.0001,0.0,0.0,0.0,-0.0242,-0.0033,-0.0936,19.0157,17.031,4.5581,0.0,0.0433,-0.3607,0.0,0.0,0.0,4648350.8882,4465221.142,-1951744.7187,2119.5119,986.15,7329.1047,4648331.8725,4465204.111,-1951749.2768,2119.5361,986.1533,7329.1983,0.0,0.0765,3.9732,0.0,0.0,1.0,0.0,1.0,0.0,0.0,1.172,-23.972,0.0,1.0,0.0,0.0,0.0,-1.0,0.16524527224704494,0.006324555320336759,-0.1,0.7839836733302677,1.6059861402926991,1.5,0.15
619.3178,9.089,-0.165,-0.01,5.116,-0.075,-0.012,-0.097,0.002,-0.006,-0.097,0.002,-0.005,0.383,-0.021,0.19,0.005,0.007,-0.006,-0.0,0.0,0.0,826.609,-0.0,0.0,-0.0,0.0,0.0,0.0,0.0,0.0,-0.6806,0.6976,-0.224,0.7271,0.6807,-0.0892,0.0903,-0.2235,-0.9705,0.676,0.226,-0.7014,-0.7316,0.0917,-0.6755,-0.0884,0.9698,0.2273,-0.0001,0.0001,0.0001,0.0,0.0,0.0,-0.0242,-0.0033,-0.0936,19.0109,17.0303,4.5394,0.0,0.0433,-0.3607,0.0,0.0,0.0,4648775.0231,4465418.4202,-1950277.6187,2118.2976,984.9836,7329.6143,4648756.0122,4465401.3899,-1950282.1581,2118.3218,984.9868,7329.7079,0.0,0.0765,3.9732,0.0,0.0,1.0,0.0,1.0,0.0,0.0,1.172,-23.972,0.0,1.0,0.0,0.0,0.0,-1.0,0.1653027525481654,0.006324555320336759,-0.1,0.8046806381269004,1.6026359276592381,1.5,0.15
619.524,9.069,-0.165,-0.011,5.096,-0.075,-0.013,-0.097,0.002,-0.006,-0.097,0.002,-0.005,0.384,-0.019,0.189,0.005,0.007,-0.006,-0.0,0.0,0.0,826.609,-0.0,0.0,-0.0,0.0,0.0,0.0,0.0,0.0,-0.6806,0.6976,-0.224,0.7271,0.6807,-0.0892,0.0902,-0.2235,-0.9705,0.676,0.226,-0.7014,-0.7316,0.0917,-0.6755,-0.0884,0.9698,0.2273,-0.0001,0.0001,0.0001,0.0,0.0,0.0,-0.0242,-0.0033,-0.0936,19.0059,17.0296,4.52,0.0,0.0433,-0.3607,0.0,0.0,0.0,4649212.5034,4465621.7794,-1948763.3701,2117.0443,983.7797,7330.1399,4649193.4975,4465604.7497,-1948767.8901,2117.0685,983.783,7330.2335,0.0,0.0765,3.9732,0.0,0.0,1.0,0.0,1.0,0.0,0.0,1.172,-23.972,0.0,1.0,0.0,0.0,0.0,-1.0,0.16536626016210199,0.006324555320336759,-0.1,0.8044837221804154,1.599109388045069,1.5,0.15
619.7305,9.049,-0.164,-0.012,5.076,-0.075,-0.014,-0.097,0.002,-0.002,-0.097,0.002,-0.001,0.385,-0.018,0.188,0.005,0.007,-0.006,-0.0,0.0,0.0,826.593,1.0,0.0,-0.0,0.0,0.0,0.0,0.0,0.0,-0.6806,0.6976,-0.224,0.7271,0.6807,-0.0892,0.0902,-0.2236,-0.9705,0.676,0.226,-0.7014,-0.7316,0.0917,-0.6755,-0.0884,0.9698,0.2273,-0.0001,0.0001,0.0001,0.0,0.0,0.0,-0.0215,-0.0061,-0.094,19.0011,17.0288,4.5007,0.0,0.0433,-0.3606,0.0,0.0,0.0,4649649.2943,4465824.6895,-1947250.5074,2115.7948,982.5741,7330.6642,4649630.2932,4465807.6607,-1947255.0081,2115.8163,982.5802,7330.7581,0.0,0.0765,3.9732,0.0,0.0,1.0,0.0,1.0,0.0,0.0,1.172,-23.972,0.0,1.0,0.0,0.0,0.0,-1.0,0.16443843832875574,0.00282842712474619,-0.1,0.7901044736347919,1.5955828484308994,1.5,0.15
619.934,9.029,-0.164,-0.012,5.056,-0.074,-0.014,-0.097,0.002,-0.001,-0.097,0.002,-0.001,0.386,-0.017,0.186,0.005,0.007,-0.006,-0.0,0.0,0.0,826.59,-0.0,0.0,-0.0,0.0,0.0,0.0,0.0,0.0,-0.6806,0.6976,-0.224,0.7271,0.6807,-0.0893,0.0902,-0.2236,-0.9705,0.676,0.226,-0.7014,-0.7316,0.0917,-0.6755,-0.0884,0.9698,0.2273,-0.0001,0.0001,0.0001,0.0,0.0,0.0,-0.0211,-0.0066,-0.094,18.9969,17.0274,4.4817,0.0,0.0433,-0.3606,0.0,0.0,0.0,4650076.2831,4466022.9217,-1945770.621,2114.5702,981.3972,7331.1769,4650057.2862,4466005.8942,-1945775.1027,2114.5913,981.4037,7331.2709,0.0,0.0765,3.9732,0.0,0.0,1.0,0.0,1.0,0.0,0.0,1.172,-23.972,0.0,1.0,0.0,0.0,0.0,-1.0,0.16443843832875574,0.0022360679774997894,-0.1,0.8098553910167438,1.5920563088167303,1.5,0.15
620.1363,9.01,-0.163,-0.013,5.037,-0.074,-0.014,-0.097,0.002,-0.001,-0.097,0.002,-0.001,0.387,-0.015,0.185,0.005,0.007,-0.006,-0.0,0.0,0.0,826.59,-0.0,0.0,-0.0,0.0,0.0,0.0,0.0,0.0,-0.6806,0.6976,-0.224,0.7271,0.6807,-0.0893,0.0902,-0.2236,-0.9705,0.676,0.226,-0.7014,-0.7316,0.0917,-0.6755,-0.0884,0.9698,0.2273,-0.0001,0.0001,0.0001,0.0,0.0,0.0,-0.0211,-0.0066,-0.094,18.9926,17.0261,4.4628,0.0,0.0433,-0.3606,0.0,0.0,0.0,4650501.4713,4466220.1956,-1944296.0245,2113.3496,980.2249,7331.6874,4650482.4786,4466203.1695,-1944300.4874,2113.3707,980.2315,7331.7815,0.0,0.0765,3.9732,0.0,0.0,1.0,0.0,1.0,0.0,0.0,1.172,-23.972,0.0,1.0,0.0,0.0,0.0,-1.0,0.16351758315239373,0.0022360679774997894,-0.1,0.7924409580718541,1.5887060961832693,1.5,0.15
620.3406,8.99,-0.163,-0.013,5.017,-0.074,-0.014,-0.097,0.002,-0.001,-0.097,0.002,-0.001,0.388,-0.014,0.184,0.005,0.007,-0.006,-0.0,0.0,0.0,826.59,-0.0,0.0,-0.0,0.0,0.0,0.0,0.0,0.0,-0.6806,0.6975,-0.224,0.727,0.6808,-0.0893,0.0901,-0.2236,-0.9705,0.676,0.226,-0.7014,-0.7316,0.0917,-0.6755,-0.0884,0.9698,0.2273,-0.0001,0.0001,0.0001,0.0,0.0,0.0,-0.021,-0.0066,-0.094,18.9883,17.0247,4.4434,0.0,0.0433,-0.3606,0.0,0.0,0.0,4650938.1631,4466422.68,-1942780.5372,2112.0952,979.0202,7332.2117,4650919.1748,4466405.6552,-1942784.9806,2112.1162,979.0267,7332.3057,0.0,0.0765,3.9732,0.0,0.0,1.0,0.0,1.0,0.0,0.0,1.172,-23.972,0.0,1.0,0.0,0.0,0.0,-1.0,0.16351758315239373,0.0022360679774997894,-0.1,0.7913084775985197,1.5851795565691003,1.5,0.15
620.5409,8.971,-0.162,-0.013,4.998,-0.073,-0.014,-0.097,0.002,-0.001,-0.097,0.002,-0.001,0.389,-0.012,0.182,0.005,0.007,-0.006,-0.0,0.0,0.0,826.59,-0.0,0.0,-0.0,0.0,0.0,0.0,0.0,0.0,-0.6807,0.6975,-0.224,0.727,0.6808,-0.0894,0.0901,-0.2236,-0.9705,0.676,0.226,-0.7014,-0.7316,0.0917,-0.6755,-0.0884,0.9698,0.2273,-0.0001,0.0001,0.0001,0.0,0.0,0.0,-0.021,-0.0065,-0.094,18.984,17.0234,4.4245,0.0,0.0433,-0.3606,0.0,0.0,0.0,4651362.9839,4466619.5366,-1941305.2739,2110.874,977.8475,7332.7216,4651343.9999,4466602.5132,-1941309.6984,2110.895,977.854,7332.8156,0.0,0.0765,3.9732,0.0,0.0,1.0,0.0,1.0,0.0,0.0,1.172,-23.972,0.0,1.0,0.0,0.0,0.0,-1.0,0.1625207679036744,0.0022360679774997894,-0.1,0.7969284241243064,1.5818293439356392,1.5,0.15
620.7409,8.951,-0.162,-0.013,4.978,-0.073,-0.015,-0.097,0.002,-0.001,-0.097,0.002,-0.001,0.39,-0.011,0.181,0.005,0.007,-0.006,-0.0,0.0,0.0,826.59,-0.0,0.0,-0.0,0.0,0.0,0.0,0.0,0.0,-0.6807,0.6975,-0.224,0.727,0.6808,-0.0894,0.0901,-0.2237,-0.9705,0.676,0.226,-0.7014,-0.7316,0.0917,-0.6755,-0.0884,0.9698,0.2273,-0.0001,0.0001,0.0001,0.0,0.0,0.0,-0.021,-0.0065,-0.094,18.9798,17.0221,4.4057,0.0,0.0433,-0.3606,0.0,0.0,0.0,4651784.4183,4466814.7031,-1939840.8288,2109.6617,976.6834,7333.2273,4651765.4385,4466797.681,-1939845.2345,2109.6827,976.6899,7333.3214,0.0,0.0765,3.9732,0.0,0.0,1.0,0.0,1.0,0.0,0.0,1.172,-23.972,0.0,1.0,0.0,0.0,0.0,-1.0,0.1625207679036744,0.0022360679774997894,-0.1,0.7989901724937075,1.5783028043214702,1.5,0.15
620.9471,8.931,-0.161,-0.013,4.958,-0.072,-0.015,-0.097,0.006,-0.001,-0.097,0.006,-0.001,0.391,-0.009,0.18,0.005,0.007,-0.006,-0.0,0.0,0.0,826.549,-0.0,1.0,-0.0,0.0,0.0,0.0,0.0,0.0,-0.6807,0.6975,-0.224,0.727,0.6808,-0.0894,0.0901,-0.2237,-0.9705,0.676,0.226,-0.7014,-0.7316,0.0917,-0.6755,-0.0884,0.9698,0.2273,-0.0001,0.0001,0.0001,0.0,0.0,0.0,-0.0183,-0.0038,-0.0949,18.9756,17.0209,4.3862,0.0,0.0433,-0.3606,0.0,0.0,0.0,4652219.4125,4467016.0227,-1938328.2775,2108.4124,975.4838,7333.7483,4652200.4368,4466999.0018,-1938332.6637,2108.4306,975.4876,7333.8433,0.0,0.0765,3.9732,0.0,0.0,1.0,0.0,1.0,0.0,0.0,1.172,-23.972,0.0,1.0,0.0,0.0,0.0,-1.0,0.1615239920259526,0.00608276253029822,-0.1,0.8045767758420374,1.5747762647073005,1.5,0.15
621.1513,8.912,-0.16,-0.014,4.939,-0.071,-0.015,-0.097,0.006,-0.001,-0.097,0.006,-0.001,0.392,-0.008,0.179,0.005,0.007,-0.006,-0.0,0.0,0.0,826.546,-0.0,0.0,-0.0,0.0,0.0,0.0,0.0,0.0,-0.6807,0.6975,-0.224,0.727,0.6808,-0.0895,0.0901,-0.2237,-0.9705,0.676,0.226,-0.7014,-0.7316,0.0917,-0.6755,-0.0884,0.9698,0.2273,-0.0001,0.0001,0.0001,0.0,0.0,0.0,-0.0181,-0.0037,-0.095,18.972,17.0202,4.3671,0.0,0.0433,-0.3606,0.0,0.0,0.0,4652644.2907,4467212.5367,-1936849.9317,2107.1887,974.3088,7334.258,4652625.3187,4467195.5165,-1936854.2988,2107.2068,974.3125,7334.353,0.0,0.0765,3.9732,0.0,0.0,1.0,0.0,1.0,0.0,0.0,1.172,-23.972,0.0,1.0,0.0,0.0,0.0,-1.0,0.16061133210331083,0.00608276253029822,-0.1,0.8080391043058129,1.57142605207384,1.5,0.15
621.3537,8.892,-0.159,-0.014,4.919,-0.07,-0.015,-0.097,0.006,-0.001,-0.097,0.006,-0.001,0.392,-0.007,0.177,0.005,0.007,-0.006,-0.0,0.0,0.0,826.546,-0.0,0.0,-0.0,0.0,0.0,0.0,0.0,0.0,-0.6807,0.6975,-0.224,0.727,0.6808,-0.0895,0.09,-0.2237,-0.9705,0.676,0.226,-0.7014,-0.7316,0.0917,-0.6755,-0.0884,0.9698,0.2273,-0.0001,0.0001,0.0001,0.0,0.0,0.0,-0.0181,-0.0036,-0.095,18.9684,17.0194,4.3479,0.0,0.0433,-0.3606,0.0,0.0,0.0,4653070.0238,4467409.323,-1935367.6433,2105.9616,973.1307,7334.7686,4653051.0555,4467392.3036,-1935371.9912,2105.9796,973.1343,7334.8636,0.0,0.0765,3.9732,0.0,0.0,1.0,0.0,1.0,0.0,0.0,1.172,-23.972,0.0,1.0,0.0,0.0,0.0,-1.0,0.1596151621870554,0.00608276253029822,-0.1,0.8136906560972678,1.5678995124596704,1.5,0.15
621.5548,8.873,-0.157,-0.014,4.9,-0.069,-0.015,-0.097,0.006,-0.001,-0.097,0.006,-0.001,0.393,-0.005,0.176,0.005,0.007,-0.006,-0.0,0.0,0.0,826.546,-0.0,0.0,-0.0,0.0,0.0,0.0,0.0,0.0,-0.6808,0.6974,-0.224,0.727,0.6808,-0.0895,0.09,-0.2238,-0.9705,0.676,0.226,-0.7014,-0.7316,0.0917,-0.6755,-0.0884,0.9698,0.2273,-0.0001,0.0001,0.0001,0.0,0.0,0.0,-0.0181,-0.0036,-0.095,18.9647,17.0187,4.3287,0.0,0.0433,-0.3606,0.0,0.0,0.0,4653496.1942,4467606.1875,-1933882.8649,2104.7324,971.9505,7335.2797,4653477.2295,4467589.1689,-1933887.1936,2104.7504,971.9542,7335.3747,0.0,0.0765,3.9732,0.0,0.0,1.0,0.0,1.0,0.0,0.0,1.172,-23.972,0.0,1.0,0.0,0.0,0.0,-1.0,0.15762296786953353,0.00608276253029822,-0.1,0.8051601356777256,1.5645492998262096,1.5,0.15
621.7624,8.853,-0.156,-0.014,4.88,-0.068,-0.015,-0.097,0.006,-0.001,-0.097,0.006,-0.001,0.394,-0.004,0.175,0.005,0.007,-0.006,-0.0,0.0,0.0,826.546,-0.0,0.0,-0.0,0.0,0.0,0.0,0.0,0.0,-0.6808,0.6974,-0.224,0.7269,0.6808,-0.0896,0.09,-0.2238,-0.9705,0.676,0.226,-0.7014,-0.7316,0.0917,-0.6755,-0.0884,0.9698,0.2273,-0.0001,0.0001,0.0001,0.0,0.0,0.0,-0.0181,-0.0036,-0.095,18.9609,17.0179,4.3089,0.0,0.0433,-0.3606,0.0,0.0,0.0,4653934.201,4467808.3907,-1932355.8336,2103.4681,970.7368,7335.8048,4653915.24,4467791.3728,-1932360.1425,2103.4862,970.7405,7335.8998,0.0,0.0765,3.9732,0.0,0.0,1.0,0.0,1.0,0.0,0.0,1.172,-23.972,0.0,1.0,0.0,0.0,0.0,-1.0,0.15662694531912447,0.00608276253029822,-0.1,0.8108647142737428,1.5610227602120403,1.5,0.15
621.9712,8.833,-0.155,-0.015,4.86,-0.066,-0.015,-0.097,0.006,-0.001,-0.097,0.006,-0.001,0.395,-0.002,0.173,0.005,0.007,-0.006,-0.0,0.0,0.0,826.546,-0.0,0.0,-0.0,0.0,0.0,0.0,0.0,0.0,-0.6808,0.6974,-0.2239,0.7269,0.6808,-0.0896,0.09,-0.2238,-0.9705,0.676,0.226,-0.7014,-0.7316,0.0917,-0.6755,-0.0884,0.9698,0.2273,-0.0001,0.0001,0.0001,0.0,0.0,0.0,-0.018,-0.0036,-0.095,18.9572,17.0171,4.2891,0.0,0.0433,-0.3606,0.0,0.0,0.0,4654371.4932,4468010.1327,-1930830.2732,2102.2051,969.5243,7336.329,4654352.536,4467993.1156,-1930834.5623,2102.2232,969.528,7336.424,0.0,0.0765,3.9732,0.0,0.0,1.0,0.0,1.0,0.0,0.0,1.172,-23.972,0.0,1.0,0.0,0.0,0.0,-1.0,0.15572411502397437,0.00608276253029822,-0.1,0.8357701884388612,1.557496220597871,1.5,0.15
622.1792,8.813,-0.153,-0.015,4.84,-0.065,-0.015,-0.097,0.006,-0.001,-0.097,0.006,-0.001,0.396,-0.001,0.172,0.005,0.007,-0.006,-0.0,0.0,0.0,826.546,-0.0,0.0,-0.0,0.0,0.0,0.0,0.0,0.0,-0.6808,0.6974,-0.2239,0.7269,0.6808,-0.0896,0.09,-0.2238,-0.9705,0.676,0.226,-0.7014,-0.7316,0.0917,-0.6755,-0.0884,0.9698,0.2273,-0.0001,0.0001,0.0001,0.0,0.0,0.0,-0.018,-0.0036,-0.095,18.9534,17.0163,4.2693,0.0,0.0433,-0.3606,0.0,0.0,0.0,4654810.6776,4468212.616,-1929297.0742,2100.9357,968.3058,7336.8554,4654791.7242,4468195.5996,-1929301.3435,2100.9538,968.3094,7336.9504,0.0,0.0765,3.9732,0.0,0.0,1.0,0.0,1.0,0.0,0.0,1.172,-23.972,0.0,1.0,0.0,0.0,0.0,-1.0,0.15373353570382747,0.00608276253029822,-0.1,0.8272548993502122,1.553969680983702,1.5,0.15
622.3828,8.793,-0.152,-0.015,4.82,-0.064,-0.016,-0.097,0.006,-0.001,-0.097,0.006,-0.001,0.397,0.001,0.171,0.005,0.007,-0.006,-0.0,0.0,0.0,826.546,-0.0,0.0,-0.0,0.0,0.0,0.0,0.0,0.0,-0.6808,0.6974,-0.2239,0.7269,0.6809,-0.0897,0.0899,-0.2238,-0.9705,0.676,0.226,-0.7014,-0.7316,0.0917,-0.6755,-0.0884,0.9698,0.2273,-0.0001,0.0001,0.0001,0.0,0.0,0.0,-0.018,-0.0036,-0.095,18.9498,17.0156,4.2501,0.0,0.0433,-0.3606,0.0,0.0,0.0,4655233.5811,4468407.4677,-1927819.7357,2099.7126,967.1317,7337.3621,4655214.6314,4468390.4521,-1927823.9858,2099.7306,967.1353,7337.4571,0.0,0.0765,3.9732,0.0,0.0,1.0,0.0,1.0,0.0,0.0,1.172,-23.972,0.0,1.0,0.0,0.0,0.0,-1.0,0.15273833834371775,0.00608276253029822,-0.1,0.8359914715823034,1.5504431413695323,1.5,0.15
622.586,8.773,-0.151,-0.015,4.8,-0.063,-0.016,-0.097,0.006,-0.001,-0.097,0.006,-0.001,0.398,0.002,0.169,0.005,0.007,-0.006,-0.0,0.0,0.0,826.546,-0.0,0.0,-0.0,0.0,0.0,0.0,0.0,0.0,-0.6808,0.6974,-0.2239,0.7269,0.6809,-0.0897,0.0899,-0.2239,-0.9705,0.676,0.226,-0.7014,-0.7316,0.0917,-0.6755,-0.0884,0.9698,0.2273,-0.0001,0.0001,0.0001,0.0,0.0,0.0,-0.018,-0.0036,-0.095,18.9461,17.0148,4.2306,0.0,0.0433,-0.3606,0.0,0.0,0.0,4655665.0183,4468606.1247,-1926311.5898,2098.4638,965.9331,7337.879,4655646.0722,4468589.1098,-1926315.8204,2098.4819,965.9367,7337.974,0.0,0.0765,3.9732,0.0,0.0,1.0,0.0,1.0,0.0,0.0,1.172,-23.972,0.0,1.0,0.0,0.0,0.0,-1.0,0.15174320413119,0.00608276253029822,-0.1,0.8418233382095329,1.5469166017553633,1.5,0.15
622.7918,8.753,-0.149,-0.016,4.78,-0.061,-0.016,-0.097,0.007,-0.001,-0.097,0.006,-0.001,0.399,0.004,0.168,0.005,0.007,-0.006,-0.0,0.0,0.0,826.546,-0.0,0.0,-0.0,0.0,0.0,0.0,0.0,0.0,-0.6809,0.6973,-0.2239,0.7269,0.6809,-0.0897,0.0899,-0.2239,-0.9705,0.676,0.226,-0.7014,-0.7316,0.0917,-0.6755,-0.0884,0.9698,0.2273,-0.0001,0.0001,0.0001,0.0,0.0,0.0,-0.018,-0.0036,-0.095,18.9423,17.0141,4.2108,0.0,0.0433,-0.3606,0.0,0.0,0.0,4656101.8212,4468807.1215,-1924783.6671,2097.1987,964.7189,7338.4022,4656082.8788,4468790.1074,-1924787.878,2097.2168,964.7225,7338.4973,0.0,0.0765,3.9732,0.0,0.0,1.0,0.0,1.0,0.0,0.0,1.172,-23.972,0.0,1.0,0.0,0.0,0.0,-1.0,0.14985659811966906,0.007071067811865475,-0.1,0.8525532154054405,1.543390062141194,1.5,0.15
622.9987,8.733,-0.148,-0.016,4.761,-0.06,-0.016,-0.097,0.007,-0.001,-0.097,0.006,-0.001,0.4,0.005,0.167,0.005,0.007,-0.006,-0.0,0.0,0.0,826.546,-0.0,0.0,-0.0,0.0,0.0,0.0,0.0,0.0,-0.6809,0.6973,-0.2239,0.7269,0.6809,-0.0898,0.0899,-0.2239,-0.9705,0.676,0.226,-0.7014,-0.7316,0.0917,-0.6755,-0.0884,0.9698,0.2273,-0.0001,0.0001,0.0001,0.0,0.0,0.0,-0.018,-0.0036,-0.0951,18.9387,17.0133,4.1915,0.0,0.0433,-0.3606,0.0,0.0,0.0,4656528.2355,4469003.2109,-1923291.0883,2095.9629,963.5328,7338.9129,4656509.2968,4468986.1975,-1923295.2798,2095.9809,963.5364,7339.0079,0.0,0.0765,3.9732,0.0,0.0,1.0,0.0,1.0,0.0,0.0,1.172,-23.972,0.0,1.0,0.0,0.0,0.0,-1.0,0.14886235252742716,0.007071067811865475,-0.1,0.8588345681529937,1.5398635225270247,1.5,0.15
623.2025,8.714,-0.147,-0.016,4.741,-0.059,-0.016,-0.097,0.007,-0.001,-0.097,0.006,-0.001,0.401,0.006,0.165,0.005,0.007,-0.006,-0.0,0.0,0.0,826.546,-0.0,0.0,-0.0,0.0,0.0,0.0,0.0,0.0,-0.6809,0.6973,-0.2239,0.7268,0.6809,-0.0898,0.0899,-0.2239,-0.9705,0.676,0.226,-0.7014,-0.7316,0.0917,-0.6755,-0.0884,0.9698,0.2273,-0.0001,0.0001,0.0001,0.0,0.0,0.0,-0.018,-0.0036,-0.0951,18.935,17.0126,4.1721,0.0,0.0433,-0.3606,0.0,0.0,0.0,4656955.0835,4469199.3738,-1921796.0044,2094.7249,962.3447,7339.424,4656936.1485,4469182.3612,-1921800.1765,2094.7429,962.3483,7339.519,0.0,0.0765,3.9732,0.0,0.0,1.0,0.0,1.0,0.0,0.0,1.172,-23.972,0.0,1.0,0.0,0.0,0.0,-1.0,0.14786818454285558,0.007071067811865475,-0.1,0.8644625998063156,1.536513309893564,1.5,0.15
623.4077,8.694,-0.145,-0.016,4.721,-0.058,-0.016,-0.097,0.007,-0.001,-0.097,0.006,-0.001,0.402,0.008,0.164,0.005,0.007,-0.006,-0.0,0.0,0.0,826.546,-0.0,0.0,-0.0,0.0,0.0,0.0,0.0,0.0,-0.6809,0.6973,-0.2239,0.7268,0.6809,-0.0898,0.0898,-0.2239,-0.9705,0.676,0.226,-0.7014,-0.7316,0.0917,-0.6755,-0.0884,0.9698,0.2273,-0.0001,0.0001,0.0001,0.0,0.0,0.0,-0.018,-0.0036,-0.0951,18.9313,17.0118,4.1525,0.0,0.0433,-0.3606,0.0,0.0,0.0,4657388.3959,4469398.3783,-1920277.268,2093.4673,961.1378,7339.9427,4657369.4646,4469381.3665,-1920281.4205,2093.4853,961.1414,7340.0378,0.0,0.0765,3.9732,0.0,0.0,1.0,0.0,1.0,0.0,0.0,1.172,-23.972,0.0,1.0,0.0,0.0,0.0,-1.0,0.1458800877433243,0.007071067811865475,-0.1,0.8561439403549017,1.5329867702793947,1.5,0.15
623.6152,8.674,-0.144,-0.016,4.701,-0.056,-0.016,-0.097,0.007,-0.001,-0.097,0.006,-0.001,0.403,0.009,0.163,0.005,0.007,-0.006,-0.0,0.0,0.0,826.546,-0.0,-0.537,-0.0,0.0,0.0,0.0,0.0,0.0,-0.6809,0.6973,-0.2239,0.7268,0.6809,-0.0899,0.0898,-0.224,-0.9704,0.676,0.226,-0.7014,-0.7316,0.0917,-0.6755,-0.0884,0.9698,0.2273,-0.0001,0.0001,0.0001,0.0,0.0,0.0,-0.018,-0.0036,-0.0951,18.9276,17.0111,4.1328,0.0,0.0433,-0.3606,0.0,0.0,0.0,4657820.7048,4469596.7922,-1918761.0314,2092.2118,959.933,7340.4602,4657801.7773,4469579.7811,-1918765.1643,2092.2298,959.9365,7340.5552,0.0,0.0765,3.9732,0.0,0.0,1.0,0.0,1.0,0.0,0.0,1.172,-23.972,0.0,1.0,0.0,0.0,0.0,-1.0,0.14488616221019865,0.007071067811865475,-0.1,0.8833938556718864,1.5294602306652252,1.5,0.15
623.8171,8.654,-0.143,-0.017,4.681,-0.056,-0.016,-0.097,-0.0,-0.001,-0.097,-0.001,-0.001,0.404,0.011,0.161,0.005,0.007,-0.006,-0.0,0.0,0.0,826.521,-0.0,-1.0,-0.0,0.0,0.0,0.0,0.0,0.0,-0.6809,0.6973,-0.2239,0.7268,0.6809,-0.0899,0.0898,-0.224,-0.9704,0.676,0.226,-0.7014,-0.7316,0.0917,-0.6755,-0.0884,0.9698,0.2273,-0.0001,0.0001,0.0001,0.0,0.0,0.0,-0.0227,-0.0082,-0.0936,18.9235,17.01,4.1136,0.0,0.0433,-0.3606,0.0,0.0,0.0,4658246.8579,4469792.2533,-1917265.3882,2090.9685,958.7399,7340.9717,4658227.9344,4469775.2433,-1917269.5018,2090.9912,958.7481,7341.0652,0.0,0.0765,3.9732,0.0,0.0,1.0,0.0,1.0,0.0,0.0,1.172,-23.972,0.0,1.0,0.0,0.0,0.0,-1.0,0.14400694427700353,0.001,-0.1,0.8664290096323047,1.525933691051056,1.5,0.15
624.0219,8.634,-0.144,-0.017,4.661,-0.057,-0.017,-0.097,-0.008,-0.001,-0.097,-0.009,-0.001,0.405,0.012,0.16,0.005,0.007,-0.004,-0.0,0.0,0.0,826.491,-0.0,-1.0,-0.0,0.0,0.0,0.0,0.0,0.0,-0.681,0.6972,-0.2239,0.7268,0.6809,-0.0899,0.0898,-0.224,-0.9704,0.676,0.226,-0.7014,-0.7316,0.0917,-0.6755,-0.0884,0.9698,0.2273,-0.0001,0.0001,0.0001,0.0,0.0,0.0,-0.0283,-0.0137,-0.0918,18.9182,17.0077,4.0946,0.0,0.0433,-0.3606,0.0,0.0,0.0,4658676.4611,4469989.1682,-1915756.6291,2089.7135,957.5356,7341.4875,4658657.5428,4469972.1605,-1915760.7236,2089.7418,957.5493,7341.5792,0.0,0.0765,3.9732,0.0,0.0,1.0,0.0,1.0,0.0,0.0,1.172,-23.972,0.0,1.0,0.0,0.0,0.0,-1.0,0.145,0.00806225774829855,-0.1,0.8612210895180521,1.5224071514368867,1.5,0.15
624.2228,8.615,-0.146,-0.017,4.642,-0.058,-0.017,-0.097,-0.008,-0.001,-0.097,-0.009,-0.001,0.406,0.014,0.159,0.005,0.007,-0.004,-0.0,0.0,0.0,826.49,-0.0,0.0,-0.0,0.0,0.0,0.0,0.0,0.0,-0.681,0.6972,-0.2239,0.7268,0.681,-0.09,0.0898,-0.224,-0.9704,0.676,0.226,-0.7014,-0.7316,0.0917,-0.6755,-0.0884,0.9698,0.2273,-0.0001,0.0001,0.0001,0.0,0.0,0.0,-0.0285,-0.0138,-0.0917,18.9126,17.0049,4.0762,0.0,0.0433,-0.3606,0.0,0.0,0.0,4659094.4117,4470180.6179,-1914287.8264,2088.497,956.3684,7341.9875,4659075.4991,4470163.613,-1914291.9026,2088.5255,956.3822,7342.0792,0.0,0.0765,3.9732,0.0,0.0,1.0,0.0,1.0,0.0,0.0,1.172,-23.972,0.0,1.0,0.0,0.0,0.0,-1.0,0.1469863939281456,0.00806225774829855,-0.1,0.8676099315957461,1.5190569388034258,1.5,0.15
624.4298,8.595,-0.148,-0.017,4.622,-0.06,-0.017,-0.097,-0.008,-0.001,-0.097,-0.009,-0.001,0.407,0.015,0.159,0.005,0.007,-0.004,-0.0,0.0,0.0,826.49,-0.0,0.0,-0.0,0.0,0.0,0.0,0.0,0.0,-0.681,0.6972,-0.2239,0.7268,0.681,-0.09,0.0897,-0.224,-0.9704,0.676,0.226,-0.7014,-0.7316,0.0917,-0.6755,-0.0884,0.9698,0.2273,-0.0001,0.0001,0.0001,0.0,0.0,0.0,-0.0285,-0.0138,-0.0917,18.9067,17.0021,4.0574,0.0,0.0433,-0.3606,0.0,0.0,0.0,4659523.0808,4470376.8507,-1912780.3611,2087.2486,955.1706,7342.5002,4659504.174,4470359.8486,-1912784.4185,2087.2771,955.1844,7342.5919,0.0,0.0765,3.9732,0.0,0.0,1.0,0.0,1.0,0.0,0.0,1.172,-23.972,0.0,1.0,0.0,0.0,0.0,-1.0,0.1489731519435633,0.00806225774829855,-0.1,0.8526294682777874,1.5155303991892566,1.5,0.15
624.633,8.576,-0.149,-0.017,4.603,-0.062,-0.017,-0.097,-0.008,-0.001,-0.097,-0.009,-0.001,0.408,0.016,0.158,0.005,0.007,-0.004,-0.0,0.0,0.0,826.49,-0.0,0.0,-0.0,0.0,0.0,0.0,0.0,0.0,-0.681,0.6972,-0.2239,0.7268,0.681,-0.09,0.0897,-0.224,-0.9704,0.676,0.226,-0.7014,-0.7316,0.0917,-0.6755,-0.0884,0.9698,0.2273,-0.0001,0.0001,0.0001,0.0,0.0,0.0,-0.0285,-0.0138,-0.0917,18.901,16.9993,4.0389,0.0,0.0433,-0.3606,0.0,0.0,0.0,4659942.6714,4470568.803,-1911303.844,2086.0258,953.9975,7343.002,4659923.7704,4470551.8037,-1911307.8829,2086.0543,954.0113,7343.0937,0.0,0.0765,3.9732,0.0,0.0,1.0,0.0,1.0,0.0,0.0,1.172,-23.972,0.0,1.0,0.0,0.0,0.0,-1.0,0.14996666296213967,0.00806225774829855,-0.1,0.8233722192880788,1.5121801865557958,1.5,0.15
624.8364,8.556,-0.151,-0.018,4.583,-0.064,-0.017,-0.097,-0.007,-0.001,-0.097,-0.007,-0.001,0.409,0.018,0.157,0.005,0.007,-0.004,-0.0,0.0,0.0,826.47,-0.0,1.0,-0.0,0.0,0.0,0.0,0.0,0.0,-0.681,0.6972,-0.2239,0.7267,0.681,-0.09,0.0897,-0.2241,-0.9704,0.676,0.226,-0.7014,-0.7316,0.0917,-0.6755,-0.0884,0.9698,0.2273,-0.0001,0.0001,0.0001,0.0,0.0,0.0,-0.0271,-0.0125,-0.0922,18.8951,16.9965,4.0199,0.0,0.0433,-0.3606,0.0,0.0,0.0,4660375.6342,4470766.7433,-1909779.2577,2084.7645,952.7875,7343.5192,4660356.739,4470749.7468,-1909783.2775,2084.7916,952.8,7343.6113,0.0,0.0765,3.9732,0.0,0.0,1.0,0.0,1.0,0.0,0.0,1.172,-23.972,0.0,1.0,0.0,0.0,0.0,-1.0,0.15206906325745548,0.007071067811865475,-0.1,0.8062346169587277,1.5086536469416263,1.5,0.15
625.0413,8.536,-0.152,-0.018,4.563,-0.065,-0.017,-0.097,-0.004,-0.001,-0.097,-0.004,-0.001,0.41,0.019,0.156,0.005,0.007,-0.004,-0.0,0.0,0.0,826.442,-0.0,0.0,-0.0,0.0,0.0,0.0,0.0,0.0,-0.681,0.6972,-0.2239,0.7267,0.681,-0.0901,0.0897,-0.2241,-0.9704,0.676,0.226,-0.7014,-0.7316,0.0917,-0.6755,-0.0884,0.9698,0.2273,-0.0001,0.0001,0.0001,0.0,0.0,0.0,-0.0253,-0.0107,-0.0928,18.8899,16.9942,4.001,0.0,0.0433,-0.3606,0.0,0.0,0.0,4660800.7619,4470960.9735,-1908281.2613,2083.5257,951.5992,7344.0268,4660781.872,4470943.9793,-1908285.2623,2083.551,951.6099,7344.1195,0.0,0.0765,3.9732,0.0,0.0,1.0,0.0,1.0,0.0,0.0,1.172,-23.972,0.0,1.0,0.0,0.0,0.0,-1.0,0.15306207890917986,0.00412310562561766,-0.1,0.7980834827614006,1.505127107327457,1.5,0.15
625.2499,8.516,-0.153,-0.018,4.543,-0.066,-0.017,-0.097,-0.004,-0.001,-0.097,-0.004,-0.001,0.411,0.021,0.155,0.005,0.007,-0.004,-0.0,0.0,0.0,826.442,-0.0,0.0,-0.0,0.0,0.0,0.0,0.0,0.0,-0.6811,0.6971,-0.2239,0.7267,0.681,-0.0901,0.0897,-0.2241,-0.9704,0.676,0.226,-0.7014,-0.7316,0.0917,-0.6755,-0.0884,0.9698,0.2273,-0.0001,0.0001,0.0001,0.0,0.0,0.0,-0.0253,-0.0107,-0.0928,18.8847,16.992,3.9817,0.0,0.0433,-0.3606,0.0,0.0,0.0,4661232.6597,4471158.1668,-1906758.3855,2082.2644,950.3893,7344.5429,4661213.775,4471141.1748,-1906762.3673,2082.2897,950.4,7344.6357,0.0,0.0765,3.9732,0.0,0.0,1.0,0.0,1.0,0.0,0.0,1.172,-23.972,0.0,1.0,0.0,0.0,0.0,-1.0,0.15405518491761322,0.00412310562561766,-0.1,0.7898941730130102,1.5016005677132878,1.5,0.15
625.455,8.496,-0.154,-0.018,4.523,-0.066,-0.017,-0.097,-0.004,-0.001,-0.097,-0.004,-0.001,0.412,0.022,0.154,0.005,0.007,-0.004,-0.0,0.0,0.0,826.442,-0.0,0.0,-0.0,0.0,0.0,0.0,0.0,0.0,-0.6811,0.6971,-0.2239,0.7267,0.681,-0.0901,0.0896,-0.2241,-0.9704,0.676,0.226,-0.7014,-0.7316,0.0917,-0.6755,-0.0884,0.9698,0.2273,-0.0001,0.0001,0.0001,0.0,0.0,0.0,-0.0253,-0.0107,-0.0928,18.8795,16.9898,3.9626,0.0,0.0433,-0.3606,0.0,0.0,0.0,4661663.0585,4471354.5445,-1905239.7753,2081.0067,949.1829,7345.0572,4661644.179,4471337.5547,-1905243.7379,2081.0319,949.1935,7345.15,0.0,0.0765,3.9732,0.0,0.0,1.0,0.0,1.0,0.0,0.0,1.172,-23.972,0.0,1.0,0.0,0.0,0.0,-1.0,0.15504837954651446,0.00412310562561766,-0.1,0.8030483683617611,1.4980740280991185,1.5,0.15
625.6628,8.476,-0.154,-0.018,4.503,-0.067,-0.017,-0.097,-0.004,-0.001,-0.097,-0.004,-0.001,0.413,0.024,0.153,0.005,0.007,-0.004,-0.0,0.0,0.0,826.442,-0.0,0.0,-0.0,0.0,0.0,0.0,0.0,0.0,-0.6811,0.6971,-0.2239,0.7267,0.681,-0.0902,0.0896,-0.2241,-0.9704,0.676,0.226,-0.7014,-0.7316,0.0917,-0.6755,-0.0884,0.9698,0.2273,-0.0001,0.0001,0.0001,0.0,0.0,0.0,-0.0252,-0.0107,-0.0928,18.8742,16.9875,3.9434,0.0,0.0433,-0.3606,0.0,0.0,0.0,4662092.7645,4471550.4757,-1903722.5836,2079.75,947.9776,7345.5706,4662073.8903,4471533.4881,-1903726.527,2079.7753,947.9882,7345.6634,0.0,0.0765,3.9732,0.0,0.0,1.0,0.0,1.0,0.0,0.0,1.172,-23.972,0.0,1.0,0.0,0.0,0.0,-1.0,0.15504837954651446,0.00412310562561766,-0.1,0.7805156986145586,1.4945474884849492,1.5,0.15
625.8691,8.456,-0.155,-0.019,4.483,-0.068,-0.018,-0.097,0.0,-0.001,-0.097,0.0,-0.001,0.414,0.025,0.152,0.004,0.007,-0.004,-0.0,0.0,0.0,826.398,-0.0,1.0,-0.0,0.0,0.0,0.0,0.0,0.0,-0.6811,0.6971,-0.2239,0.7267,0.681,-0.0902,0.0896,-0.2241,-0.9704,0.676,0.226,-0.7014,-0.7316,0.0917,-0.6755,-0.0884,0.9698,0.2273,-0.0001,0.0001,0.0001,0.0,0.0,0.0,-0.0223,-0.0077,-0.0937,18.8692,16.9855,3.924,0.0,0.0433,-0.3606,0.0,0.0,0.0,4662525.6354,4471747.7179,-1902193.1831,2078.4863,946.7655,7346.0867,4662506.7662,4471730.7324,-1902197.1071,2078.5085,946.7733,7346.1804,0.0,0.0765,3.9732,0.0,0.0,1.0,0.0,1.0,0.0,0.0,1.172,-23.972,0.0,1.0,0.0,0.0,0.0,-1.0,0.15616017418023073,0.001,-0.1,0.7732672328680618,1.4910209488707797,1.5,0.15
626.0699,8.437,-0.154,-0.019,4.464,-0.067,-0.018,-0.097,0.003,-0.001,-0.097,0.003,-0.001,0.415,0.027,0.151,0.004,0.007,-0.004,-0.0,0.0,0.0,826.371,-0.0,0.0,-0.0,0.0,0.0,0.0,0.0,0.0,-0.6811,0.6971,-0.2239,0.7267,0.681,-0.0902,0.0896,-0.2241,-0.9704,0.676,0.226,-0.7014,-0.7316,0.0917,-0.6755,-0.0884,0.9698,0.2273,-0.0001,0.0001,0.0001,0.0,0.0,0.0,-0.0205,-0.006,-0.0943,18.8651,16.9842,3.9052,0.0,0.0433,-0.3606,0.0,0.0,0.0,4662940.5082,4471936.6347,-1900726.4006,2077.2731,945.6021,7346.5815,4662921.6432,4471919.6504,-1900730.3058,2077.2936,945.6081,7346.6759,0.0,0.0765,3.9732,0.0,0.0,1.0,0.0,1.0,0.0,0.0,1.172,-23.972,0.0,1.0,0.0,0.0,0.0,-1.0,0.15516765126791088,0.0031622776601683794,-0.1,0.7792935297948433,1.487670736237319,1.5,0.15
626.2775,8.417,-0.154,-0.019,4.444,-0.067,-0.018,-0.097,0.003,-0.001,-0.097,0.003,-0.001,0.416,0.028,0.15,0.004,0.007,-0.004,-0.0,0.0,0.0,826.371,-0.0,0.0,-0.0,0.0,0.0,0.0,0.0,0.0,-0.6812,0.6971,-0.2239,0.7266,0.6811,-0.0903,0.0896,-0.2242,-0.9704,0.676,0.226,-0.7014,-0.7316,0.0917,-0.6755,-0.0884,0.9698,0.2273,-0.0001,0.0001,0.0001,0.0,0.0,0.0,-0.0205,-0.006,-0.0943,18.8608,16.983,3.8858,0.0,0.0433,-0.3606,0.0,0.0,0.0,4663367.8879,4472131.1188,-1899214.3979,2076.0207,944.401,7347.0918,4663349.0271,4472114.1358,-1899218.2837,2076.0412,944.407,7347.1862,0.0,0.0765,3.9732,0.0,0.0,1.0,0.0,1.0,0.0,0.0,1.172,-23.972,0.0,1.0,0.0,0.0,0.0,-1.0,0.15516765126791088,0.0031622776601683794,-0.1,0.7781335355384357,1.4841441966231497,1.5,0.15
626.4836,8.397,-0.153,-0.019,4.424,-0.066,-0.018,-0.097,0.003,-0.001,-0.097,0.003,-0.001,0.417,0.029,0.15,0.004,0.007,-0.004,-0.0,0.0,0.0,826.371,-0.0,0.0,-0.0,0.0,0.0,0.0,0.0,0.0,-0.6812,0.6971,-0.2239,0.7266,0.6811,-0.0903,0.0895,-0.2242,-0.9704,0.676,0.226,-0.7014,-0.7316,0.0917,-0.6755,-0.0884,0.9698,0.2273,-0.0001,0.0001,0.0001,0.0,0.0,0.0,-0.0204,-0.006,-0.0943,18.8566,16.9818,3.8662,0.0,0.0433,-0.3606,0.0,0.0,0.0,4663798.2387,4472326.8235,-1897690.8575,2074.7587,943.1908,7347.6056,4663779.3821,4472309.8417,-1897694.7237,2074.7792,943.1968,7347.6999,0.0,0.0765,3.9732,0.0,0.0,1.0,0.0,1.0,0.0,0.0,1.172,-23.972,0.0,1.0,0.0,0.0,0.0,-1.0,0.15417522498767433,0.0031622776601683794,-0.1,0.7841438462790731,1.4806176570089804,1.5,0.15
626.6884,8.377,-0.152,-0.02,4.404,-0.066,-0.018,-0.097,0.003,-0.001,-0.097,0.003,-0.001,0.417,0.031,0.149,0.004,0.007,-0.004,-0.0,0.0,0.0,826.371,-0.0,0.0,-0.0,0.0,0.0,0.0,0.0,0.0,-0.6812,0.697,-0.2239,0.7266,0.6811,-0.0903,0.0895,-0.2242,-0.9704,0.676,0.226,-0.7014,-0.7316,0.0917,-0.6755,-0.0884,0.9698,0.2273,-0.0001,0.0001,0.0001,0.0,0.0,0.0,-0.0204,-0.006,-0.0943,18.8524,16.9805,3.8469,0.0,0.0433,-0.3606,0.0,0.0,0.0,4664224.107,4472520.3598,-1896182.1674,2073.509,941.9924,7348.1138,4664205.2546,4472503.3792,-1896186.0143,2073.5294,941.9984,7348.2082,0.0,0.0765,3.9732,0.0,0.0,1.0,0.0,1.0,0.0,0.0,1.172,-23.972,0.0,1.0,0.0,0.0,0.0,-1.0,0.1533101431738944,0.0031622776601683794,-0.1,0.7666859788850515,1.4770911173948111,1.5,0.15
626.8958,8.357,-0.152,-0.02,4.384,-0.065,-0.018,-0.097,0.003,-0.001,-0.097,0.003,-0.001,0.418,0.032,0.148,0.004,0.007,-0.004,-0.0,0.0,0.0,826.371,-0.0,0.0,-0.0,0.0,0.0,0.0,0.0,0.0,-0.6812,0.697,-0.2239,0.7266,0.6811,-0.0903,0.0895,-0.2242,-0.9704,0.676,0.226,-0.7014,-0.7316,0.0917,-0.6755,-0.0884,0.9698,0.2273,-0.0001,0.0001,0.0001,0.0,0.0,0.0,-0.0204,-0.0059,-0.0944,18.8482,16.9793,3.8274,0.0,0.0433,-0.3606,0.0,0.0,0.0,4664652.8289,4472715.0619,-1894662.3449,2072.25,940.7852,7348.6254,4664633.9807,4472698.0827,-1894666.1723,2072.2704,940.7912,7348.7198,0.0,0.0765,3.9732,0.0,0.0,1.0,0.0,1.0,0.0,0.0,1.172,-23.972,0.0,1.0,0.0,0.0,0.0,-1.0,0.1533101431738944,0.0031622776601683794,-0.1,0.7870370875516794,1.4735645777806416,1.5,0.15
627.0986,8.337,-0.151,-0.02,4.364,-0.065,-0.018,-0.097,0.003,-0.001,-0.097,0.003,-0.001,0.419,0.034,0.147,0.004,0.007,-0.004,-0.0,0.0,0.0,826.371,-0.0,0.0,-0.0,0.0,0.0,0.0,0.0,0.0,-0.6812,0.697,-0.2238,0.7266,0.6811,-0.0904,0.0895,-0.2242,-0.9704,0.676,0.226,-0.7014,-0.7316,0.0917,-0.6755,-0.0884,0.9698,0.2273,-0.0001,0.0001,0.0001,0.0,0.0,0.0,-0.0204,-0.0059,-0.0944,18.844,16.9781,3.8082,0.0,0.0433,-0.3606,0.0,0.0,0.0,4665072.6691,4472905.6031,-1893173.0089,2071.0163,939.6023,7349.1263,4665053.8251,4472888.625,-1893176.8171,2071.0367,939.6082,7349.2207,0.0,0.0765,3.9732,0.0,0.0,1.0,0.0,1.0,0.0,0.0,1.172,-23.972,0.0,1.0,0.0,0.0,0.0,-1.0,0.1523187447427269,0.0031622776601683794,-0.1,0.7715926495994607,1.4700380381664724,1.5,0.15
627.2988,8.318,-0.151,-0.02,4.345,-0.064,-0.018,-0.097,0.003,-0.001,-0.097,0.003,-0.001,0.42,0.035,0.146,0.004,0.007,-0.004,-0.0,0.0,0.0,826.371,-0.0,0.0,-0.0,0.0,0.0,0.0,0.0,0.0,-0.6812,0.697,-0.2238,0.7266,0.6811,-0.0904,0.0895,-0.2242,-0.9704,0.676,0.226,-0.7014,-0.7316,0.0917,-0.6755,-0.0884,0.9698,0.2273,-0.0001,0.0001,0.0001,0.0,0.0,0.0,-0.0204,-0.0059,-0.0944,18.8399,16.9769,3.7893,0.0,0.0433,-0.3606,0.0,0.0,0.0,4665487.6442,4473093.8123,-1891699.9557,2069.796,938.4323,7349.6213,4665468.8043,4473076.8354,-1891703.745,2069.8164,938.4382,7349.7157,0.0,0.0765,3.9732,0.0,0.0,1.0,0.0,1.0,0.0,0.0,1.172,-23.972,0.0,1.0,0.0,0.0,0.0,-1.0,0.1523187447427269,0.0031622776601683794,-0.1,0.7920446064378438,1.4666878255330116,1.5,0.15
627.5047,8.298,-0.15,-0.02,4.325,-0.063,-0.018,-0.097,0.003,-0.001,-0.097,0.003,-0.001,0.421,0.037,0.145,0.004,0.007,-0.004,-0.0,0.0,0.0,826.371,-0.0,0.0,-0.0,0.0,0.0,0.0,0.0,0.0,-0.6813,0.697,-0.2238,0.7266,0.6811,-0.0904,0.0894,-0.2242,-0.9704,0.676,0.226,-0.7014,-0.7316,0.0917,-0.6755,-0.0884,0.9698,0.2273,-0.0001,0.0001,0.0001,0.0,0.0,0.0,-0.0204,-0.0059,-0.0944,18.8358,16.9756,3.7698,0.0,0.0433,-0.3606,0.0,0.0,0.0,4665914.5739,4473287.314,-1890183.4616,2068.5397,937.2278,7350.1305,4665895.7381,4473270.3383,-1890187.2315,2068.5601,937.2337,7350.2249,0.0,0.0765,3.9732,0.0,0.0,1.0,0.0,1.0,0.0,0.0,1.172,-23.972,0.0,1.0,0.0,0.0,0.0,-1.0,0.15132745950421556,0.0031622776601683794,-0.1,0.7981819065266696,1.4631612859188423,1.5,0.15
627.7127,8.278,-0.149,-0.021,4.305,-0.063,-0.019,-0.097,0.003,-0.001,-0.097,0.003,-0.001,0.422,0.038,0.144,0.004,0.007,-0.004,-0.0,0.0,0.0,826.371,-0.0,0.0,-0.0,0.0,0.0,0.0,0.0,0.0,-0.6813,0.697,-0.2238,0.7266,0.6811,-0.0905,0.0894,-0.2242,-0.9704,0.676,0.226,-0.7014,-0.7316,0.0917,-0.6755,-0.0884,0.9698,0.2273,-0.0001,0.0001,0.0001,0.0,0.0,0.0,-0.0204,-0.0059,-0.0944,18.8315,16.9744,3.7504,0.0,0.0433,-0.3606,0.0,0.0,0.0,4666341.6138,4473480.7346,-1888665.5459,2067.2822,936.0222,7350.6397,4666322.7823,4473463.7602,-1888669.2963,2067.3026,936.0282,7350.7341,0.0,0.0765,3.9732,0.0,0.0,1.0,0.0,1.0,0.0,0.0,1.172,-23.972,0.0,1.0,0.0,0.0,0.0,-1.0,0.1504725888658795,0.0031622776601683794,-0.1,0.7837668101894202,1.459634746304673,1.5,0.15
627.9143,8.258,-0.149,-0.021,4.285,-0.062,-0.019,-0.097,0.003,-0.001,-0.097,0.003,-0.001,0.423,0.039,0.143,0.004,0.007,-0.004,-0.0,0.0,0.0,826.371,-0.0,0.0,-0.0,0.0,0.0,0.0,0.0,0.0,-0.6813,0.697,-0.2238,0.7265,0.6811,-0.0905,0.0894,-0.2243,-0.9704,0.676,0.226,-0.7014,-0.7316,0.0917,-0.6755,-0.0884,0.9698,0.2273,-0.0001,0.0001,0.0001,0.0,0.0,0.0,-0.0204,-0.0059,-0.0944,18.8274,16.9732,3.7313,0.0,0.0433,-0.3606,0.0,0.0,0.0,4666758.2837,4473669.3315,-1887183.5003,2066.0544,934.8452,7351.1364,4666739.4563,4473652.3583,-1887187.2316,2066.0747,934.8511,7351.2308,0.0,0.0765,3.9732,0.0,0.0,1.0,0.0,1.0,0.0,0.0,1.172,-23.972,0.0,1.0,0.0,0.0,0.0,-1.0,0.1504725888658795,0.0031622776601683794,-0.1,0.8042181619647204,1.4561082066905036,1.5,0.15
628.1185,8.239,-0.148,-0.021,4.266,-0.062,-0.019,-0.097,0.003,-0.001,-0.097,0.003,-0.001,0.424,0.041,0.142,0.004,0.007,-0.004,-0.0,0.0,0.0,826.371,-0.0,0.0,-0.0,0.0,0.0,0.0,0.0,0.0,-0.6813,0.6969,-0.2238,0.7265,0.6811,-0.0905,0.0894,-0.2243,-0.9704,0.676,0.226,-0.7014,-0.7316,0.0917,-0.6755,-0.0884,0.9698,0.2273,-0.0001,0.0001,0.0001,0.0,0.0,0.0,-0.0204,-0.0059,-0.0944,18.8232,16.972,3.712,0.0,0.0433,-0.3606,0.0,0.0,0.0,4667181.9263,4473860.9561,-1885675.6447,2064.8051,933.6477,7351.6414,4667163.1031,4473843.9841,-1885679.3567,2064.8255,933.6536,7351.7358,0.0,0.0765,3.9732,0.0,0.0,1.0,0.0,1.0,0.0,0.0,1.172,-23.972,0.0,1.0,0.0,0.0,0.0,-1.0,0.14948244044034067,0.0031622776601683794,-0.1,0.7888808779114894,1.452757994057043,1.5,0.15
628.324,8.219,-0.147,-0.021,4.246,-0.061,-0.019,-0.097,0.003,-0.001,-0.097,0.003,-0.001,0.425,0.042,0.141,0.004,0.007,-0.004,-0.0,0.0,0.0,826.371,-0.0,0.0,-0.0,0.0,0.0,0.0,0.0,0.0,-0.6813,0.6969,-0.2238,0.7265,0.6812,-0.0905,0.0894,-0.2243,-0.9704,0.676,0.226,-0.7014,-0.7316,0.0917,-0.6755,-0.0884,0.9698,0.2273,-0.0001,0.0001,0.0001,0.0,0.0,0.0,-0.0204,-0.0059,-0.0944,18.819,16.9707,3.6925,0.0,0.0433,-0.3606,0.0,0.0,0.0,4667607.6357,4474053.3845,-1884159.4125,2063.5489,932.4435,7352.1487,4667588.8167,4474036.4138,-1884163.105,2063.5693,932.4494,7352.2431,0.0,0.0765,3.9732,0.0,0.0,1.0,0.0,1.0,0.0,0.0,1.172,-23.972,0.0,1.0,0.0,0.0,0.0,-1.0,0.14849242404917498,0.0031622776601683794,-0.1,0.7951040549978705,1.4492314544428735,1.5,0.15
628.5247,8.199,-0.147,-0.022,4.226,-0.061,-0.019,-0.097,0.003,-0.001,-0.097,0.003,-0.001,0.425,0.044,0.141,0.004,0.007,-0.004,-0.0,0.0,0.0,826.371,-0.0,0.0,-0.0,0.0,0.0,0.0,0.0,0.0,-0.6813,0.6969,-0.2238,0.7265,0.6812,-0.0906,0.0893,-0.2243,-0.9704,0.676,0.226,-0.7014,-0.7316,0.0917,-0.6755,-0.0884,0.9698,0.2273,-0.0001,0.0001,0.0001,0.0,0.0,0.0,-0.0204,-0.0059,-0.0944,18.8149,16.9695,3.6735,0.0,0.0433,-0.3606,0.0,0.0,0.0,4668022.0999,4474240.604,-1882682.2394,2062.3251,931.2705,7352.6425,4668003.2849,4474223.6344,-1882685.9129,2062.3454,931.2763,7352.7369,0.0,0.0765,3.9732,0.0,0.0,1.0,0.0,1.0,0.0,0.0,1.172,-23.972,0.0,1.0,0.0,0.0,0.0,-1.0,0.14863714206079176,0.0031622776601683794,-0.1,0.7920748965451312,1.4457049148287042,1.5,0.15
628.7317,8.179,-0.146,-0.022,4.206,-0.06,-0.019,-0.097,0.003,-0.001,-0.097,0.003,-0.001,0.426,0.045,0.14,0.004,0.007,-0.004,-0.0,0.0,0.0,826.371,-0.0,0.0,-0.0,0.0,0.0,0.0,0.0,0.0,-0.6813,0.6969,-0.2238,0.7265,0.6812,-0.0906,0.0893,-0.2243,-0.9704,0.676,0.226,-0.7014,-0.7316,0.0917,-0.6755,-0.0884,0.9698,0.2273,-0.0001,0.0001,0.0001,0.0,0.0,0.0,-0.0204,-0.0059,-0.0944,18.8108,16.9683,3.6541,0.0,0.0433,-0.3606,0.0,0.0,0.0,4668447.2039,4474432.4999,-1881166.1335,2061.0689,930.0665,7353.1489,4668428.3932,4474415.5316,-1881169.7876,2061.0893,930.0724,7353.2433,0.0,0.0765,3.9732,0.0,0.0,1.0,0.0,1.0,0.0,0.0,1.172,-23.972,0.0,1.0,0.0,0.0,0.0,-1.0,0.147648230602334,0.0031622776601683794,-0.1,0.7983522027693881,1.4421783752145352,1.5,0.15
628.939,8.159,-0.145,-0.022,4.186,-0.059,-0.019,-0.097,0.003,-0.001,-0.097,0.003,-0.001,0.427,0.047,0.139,0.004,0.007,-0.004,-0.0,0.0,0.0,826.371,-0.0,0.0,-0.0,0.0,0.0,0.0,0.0,0.0,-0.6814,0.6969,-0.2238,0.7265,0.6812,-0.0906,0.0893,-0.2243,-0.9704,0.676,0.226,-0.7014,-0.7316,0.0917,-0.6755,-0.0884,0.9698,0.2273,-0.0001,0.0001,0.0001,0.0,0.0,0.0,-0.0204,-0.0059,-0.0944,18.8065,16.9671,3.6345,0.0,0.0433,-0.3606,0.0,0.0,0.0,4668875.5018,4474625.7046,-1879637.5965,2059.8024,928.8527,7353.659,4668856.6953,4474608.7375,-1879641.2309,2059.8228,928.8585,7353.7534,0.0,0.0765,3.9732,0.0,0.0,1.0,0.0,1.0,0.0,0.0,1.172,-23.972,0.0,1.0,0.0,0.0,0.0,-1.0,0.14665946952038247,0.0031622776601683794,-0.1,0.8046625236496192,1.438651835600366,1.5,0.15
629.1462,8.139,-0.145,-0.022,4.166,-0.059,-0.019,-0.097,0.003,-0.001,-0.097,0.003,-0.001,0.428,0.048,0.138,0.004,0.007,-0.004,-0.0,0.0,0.0,826.371,-0.0,0.0,-0.0,0.0,0.0,0.0,0.0,0.0,-0.6814,0.6969,-0.2238,0.7265,0.6812,-0.0907,0.0893,-0.2243,-0.9704,0.676,0.226,-0.7014,-0.7316,0.0917,-0.6755,-0.0884,0.9698,0.2273,-0.0001,0.0001,0.0001,0.0,0.0,0.0,-0.0203,-0.0059,-0.0944,18.8023,16.9659,3.615,0.0,0.0433,-0.3606,0.0,0.0,0.0,4669300.2719,4474817.1859,-1878120.6152,2058.5455,927.6481,7354.1648,4669281.4695,4474800.22,-1878124.2302,2058.5658,927.6539,7354.2592,0.0,0.0765,3.9732,0.0,0.0,1.0,0.0,1.0,0.0,0.0,1.172,-23.972,0.0,1.0,0.0,0.0,0.0,-1.0,0.14665946952038247,0.0031622776601683794,-0.1,0.8035611110847634,1.4351252959861964,1.5,0.15
629.3531,8.119,-0.144,-0.022,4.146,-0.058,-0.02,-0.097,0.003,-0.001,-0.097,0.003,-0.001,0.429,0.05,0.137,0.004,0.007,-0.004,-0.0,0.0,0.0,826.371,-0.0,0.0,-0.0,0.0,0.0,0.0,0.0,0.0,-0.6814,0.6969,-0.2238,0.7265,0.6812,-0.0907,0.0892,-0.2244,-0.9704,0.676,0.226,-0.7014,-0.7316,0.0917,-0.6755,-0.0884,0.9698,0.2273,-0.0001,0.0001,0.0001,0.0,0.0,0.0,-0.0203,-0.0059,-0.0944,18.7981,16.9646,3.5954,0.0,0.0433,-0.3606,0.0,0.0,0.0,4669727.8348,4475009.7931,-1876592.6194,2057.2794,926.4347,7354.6738,4669709.0367,4474992.8285,-1876596.2148,2057.2998,926.4406,7354.7682,0.0,0.0765,3.9732,0.0,0.0,1.0,0.0,1.0,0.0,0.0,1.172,-23.972,0.0,1.0,0.0,0.0,0.0,-1.0,0.14567086187704115,0.0031622776601683794,-0.1,0.8129095832147597,1.4315987563720272,1.5,0.15
629.5593,8.099,-0.143,-0.023,4.126,-0.058,-0.02,-0.097,0.003,-0.001,-0.097,0.003,-0.001,0.43,0.051,0.136,0.004,0.007,-0.004,-0.0,0.0,0.0,826.371,-0.0,0.0,-0.0,0.0,0.0,0.0,0.0,0.0,-0.6814,0.6968,-0.2238,0.7264,0.6812,-0.0907,0.0892,-0.2244,-0.9704,0.676,0.226,-0.7014,-0.7316,0.0917,-0.6755,-0.0884,0.9698,0.2273,-0.0001,0.0001,0.0001,0.0,0.0,0.0,-0.0203,-0.0058,-0.0944,18.7939,16.9634,3.576,0.0,0.0433,-0.3606,0.0,0.0,0.0,4670150.434,4475200.0329,-1875081.3343,2056.0271,925.2347,7355.1768,4670131.64,4475183.0694,-1875084.9102,2056.0475,925.2406,7355.2713,0.0,0.0765,3.9732,0.0,0.0,1.0,0.0,1.0,0.0,0.0,1.172,-23.972,0.0,1.0,0.0,0.0,0.0,-1.0,0.14483784035948616,0.0031622776601683794,-0.1,0.7955075884576491,1.428072216757858,1.5,0.15
629.7654,8.079,-0.143,-0.023,4.106,-0.057,-0.02,-0.097,0.003,-0.001,-0.097,0.003,-0.001,0.431,0.052,0.135,0.004,0.007,-0.004,-0.0,0.0,0.0,826.371,-0.0,0.0,-0.0,0.0,0.0,0.0,0.0,0.0,-0.6814,0.6968,-0.2238,0.7264,0.6812,-0.0907,0.0892,-0.2244,-0.9704,0.676,0.226,-0.7014,-0.7316,0.0917,-0.6755,-0.0884,0.9698,0.2273,-0.0001,0.0001,0.0001,0.0,0.0,0.0,-0.0203,-0.0058,-0.0944,18.7897,16.9622,3.5565,0.0,0.0433,-0.3606,0.0,0.0,0.0,4670574.9669,4475391.0113,-1873562.1028,2054.7683,924.0284,7355.682,4670556.1772,4475374.0491,-1873565.6593,2054.7886,924.0342,7355.7765,0.0,0.0765,3.9732,0.0,0.0,1.0,0.0,1.0,0.0,0.0,1.172,-23.972,0.0,1.0,0.0,0.0,0.0,-1.0,0.14483784035948616,0.0031622776601683794,-0.1,0.8161951818695181,1.4245456771436886,1.5,0.15
629.9674,8.06,-0.142,-0.023,4.087,-0.056,-0.02,-0.097,0.003,-0.001,-0.097,0.003,-0.001,0.432,0.054,0.134,0.004,0.007,-0.004,-0.0,0.0,0.0,826.371,-0.0,0.0,-0.0,0.0,0.0,0.0,0.0,0.0,-0.6814,0.6968,-0.2238,0.7264,0.6812,-0.0908,0.0892,-0.2244,-0.9704,0.676,0.226,-0.7014,-0.7316,0.0917,-0.6755,-0.0884,0.9698,0.2273,-0.0001,0.0001,0.0001,0.0,0.0,0.0,-0.0203,-0.0058,-0.0944,18.7857,16.961,3.5376,0.0,0.0433,-0.3606,0.0,0.0,0.0,4670985.1762,4475575.4206,-1872093.1456,2053.551,922.862,7356.1701,4670966.3906,4475558.4595,-1872096.6832,2053.5713,922.8679,7356.2646,0.0,0.0765,3.9732,0.0,0.0,1.0,0.0,1.0,0.0,0.0,1.172,-23.972,0.0,1.0,0.0,0.0,0.0,-1.0,0.14385061696079024,0.0031622776601683794,-0.1,0.8226854208337879,1.4211954645102278,1.5,0.15
630.1713,8.04,-0.141,-0.023,4.067,-0.056,-0.02,-0.097,0.003,-0.001,-0.097,0.003,-0.001,0.433,0.055,0.133,0.004,0.007,-0.004,-0.0,0.0,0.0,826.371,-0.0,0.0,-0.0,0.0,0.0,0.0,0.0,0.0,-0.6815,0.6968,-0.2238,0.7264,0.6812,-0.0908,0.0892,-0.2244,-0.9704,0.676,0.226,-0.7014,-0.7316,0.0917,-0.6755,-0.0884,0.9698,0.2273,-0.0001,0.0001,0.0001,0.0,0.0,0.0,-0.0203,-0.0058,-0.0945,18.7815,16.9598,3.5181,0.0,0.0433,-0.3606,0.0,0.0,0.0,4671408.4344,4475765.5663,-1870576.4433,2052.2942,921.6578,7356.6736,4671389.6529,4475748.6065,-1870579.9614,2052.3145,921.6636,7356.7681,0.0,0.0765,3.9732,0.0,0.0,1.0,0.0,1.0,0.0,0.0,1.172,-23.972,0.0,1.0,0.0,0.0,0.0,-1.0,0.14286357128393506,0.0031622776601683794,-0.1,0.8073365734030529,1.4176689248960583,1.5,0.15
630.3718,8.021,-0.141,-0.024,4.048,-0.055,-0.02,-0.097,0.003,-0.001,-0.097,0.003,-0.001,0.434,0.057,0.132,0.004,0.007,-0.004,-0.0,0.0,0.0,826.371,-0.0,0.0,-0.0,0.0,0.0,0.0,0.0,0.0,-0.6815,0.6968,-0.2238,0.7264,0.6813,-0.0908,0.0891,-0.2244,-0.9704,0.676,0.226,-0.7014,-0.7316,0.0917,-0.6755,-0.0884,0.9698,0.2273,-0.0001,0.0001,0.0001,0.0,0.0,0.0,-0.0203,-0.0058,-0.0945,18.7774,16.9586,3.4992,0.0,0.0433,-0.3606,0.0,0.0,0.0,4671819.9337,4475950.3029,-1869100.8861,2051.0714,920.4863,7357.1631,4671801.1563,4475933.3443,-1869104.3853,2051.0917,920.4921,7357.2575,0.0,0.0765,3.9732,0.0,0.0,1.0,0.0,1.0,0.0,0.0,1.172,-23.972,0.0,1.0,0.0,0.0,0.0,-1.0,0.1430279692927226,0.0031622776601683794,-0.1,0.8263829682163718,1.4143187122625978,1.5,0.15
630.5783,8.001,-0.14,-0.024,4.028,-0.054,-0.02,-0.097,0.003,-0.001,-0.097,0.003,-0.001,0.434,0.058,0.131,0.004,0.007,-0.004,-0.0,0.0,0.0,826.371,-0.0,0.0,-0.0,0.0,0.0,0.0,0.0,0.0,-0.6815,0.6968,-0.2237,0.7264,0.6813,-0.0909,0.0891,-0.2244,-0.9704,0.676,0.226,-0.7014,-0.7316,0.0917,-0.6755,-0.0884,0.9698,0.2273,-0.0001,0.0001,0.0001,0.0,0.0,0.0,-0.0203,-0.0058,-0.0945,18.7733,16.9574,3.4798,0.0,0.0433,-0.3606,0.0,0.0,0.0,4672241.5164,4476139.4367,-1867588.1584,2049.8178,919.2852,7357.6644,4672222.7431,4476122.4792,-1867591.6382,2049.8381,919.2911,7357.7588,0.0,0.0765,3.9732,0.0,0.0,1.0,0.0,1.0,0.0,0.0,1.172,-23.972,0.0,1.0,0.0,0.0,0.0,-1.0,0.14204224723651765,0.0031622776601683794,-0.1,0.8329089778822739,1.4107921726484283,1.5,0.15
630.7809,7.981,-0.139,-0.024,4.008,-0.054,-0.02,-0.097,0.003,-0.001,-0.097,0.003,-0.001,0.435,0.06,0.131,0.004,0.007,-0.004,-0.0,0.0,0.0,826.371,-0.0,0.0,-0.0,0.0,0.0,0.0,0.0,0.0,-0.6815,0.6968,-0.2237,0.7264,0.6813,-0.0909,0.0891,-0.2245,-0.9704,0.676,0.226,-0.7014,-0.7316,0.0917,-0.6755,-0.0884,0.9698,0.2273,-0.0001,0.0001,0.0001,0.0,0.0,0.0,-0.0203,-0.0058,-0.0945,18.7691,16.9562,3.4606,0.0,0.0433,-0.3606,0.0,0.0,0.0,4672656.7597,4476325.5978,-1866097.1734,2048.5822,918.1015,7358.1581,4672637.9905,4476308.6416,-1866100.634,2048.6024,918.1073,7358.2525,0.0,0.0765,3.9732,0.0,0.0,1.0,0.0,1.0,0.0,0.0,1.172,-23.972,0.0,1.0,0.0,0.0,0.0,-1.0,0.1410567261778041,0.0031622776601683794,-0.1,0.8175422177068145,1.407265633034259,1.5,0.15
630.9866,7.961,-0.139,-0.024,3.988,-0.053,-0.021,-0.097,0.003,-0.001,-0.097,0.003,-0.001,0.436,0.061,0.13,0.004,0.007,-0.004,-0.0,0.0,0.0,826.371,-0.0,0.0,-0.0,0.0,0.0,0.0,0.0,0.0,-0.6815,0.6967,-0.2237,0.7263,0.6813,-0.0909,0.0891,-0.2245,-0.9704,0.676,0.226,-0.7014,-0.7316,0.0917,-0.6755,-0.0884,0.9698,0.2273,-0.0001,0.0001,0.0001,0.0,0.0,0.0,-0.0203,-0.0058,-0.0945,18.765,16.955,3.4411,0.0,0.0433,-0.3606,0.0,0.0,0.0,4673080.476,4476515.4259,-1864574.735,2047.3204,916.8929,7358.6617,4673061.7111,4476498.4708,-1864578.176,2047.3407,916.8986,7358.7562,0.0,0.0765,3.9732,0.0,0.0,1.0,0.0,1.0,0.0,0.0,1.172,-23.972,0.0,1.0,0.0,0.0,0.0,-1.0,0.1410567261778041,0.0031622776601683794,-0.1,0.8412510224158753,1.4037390934200897,1.5,0.15
631.1907,7.941,-0.138,-0.024,3.968,-0.053,-0.021,-0.097,0.003,-0.001,-0.097,0.003,-0.001,0.437,0.062,0.129,0.004,0.007,-0.004,-0.0,0.0,0.0,826.371,-0.0,0.0,-0.0,0.0,0.0,0.0,0.0,0.0,-0.6815,0.6967,-0.2237,0.7263,0.6813,-0.0909,0.0891,-0.2245,-0.9704,0.676,0.226,-0.7014,-0.7316,0.0917,-0.6755,-0.0884,0.9698,0.2273,-0.0001,0.0001,0.0001,0.0,0.0,0.0,-0.0203,-0.0058,-0.0945,18.7608,16.9538,3.4218,0.0,0.0433,-0.3606,0.0,0.0,0.0,4673498.554,4476702.5975,-1863071.5302,2046.0746,915.6995,7359.1586,4673479.7932,4476685.6436,-1863074.9519,2046.0949,915.7053,7359.2531,0.0,0.0765,3.9732,0.0,0.0,1.0,0.0,1.0,0.0,0.0,1.172,-23.972,0.0,1.0,0.0,0.0,0.0,-1.0,0.14007141035914503,0.0031622776601683794,-0.1,0.8259603351701867,1.4002125538059202,1.5,0.15
631.3958,7.922,-0.137,-0.025,3.949,-0.052,-0.021,-0.097,0.003,-0.001,-0.097,0.003,-0.001,0.438,0.064,0.128,0.004,0.007,-0.004,-0.0,0.0,0.0,826.371,-0.0,0.0,-0.0,0.0,0.0,0.0,0.0,0.0,-0.6816,0.6967,-0.2237,0.7263,0.6813,-0.091,0.089,-0.2245,-0.9704,0.676,0.226,-0.7014,-0.7316,0.0917,-0.6755,-0.0884,0.9698,0.2273,-0.0001,0.0001,0.0001,0.0,0.0,0.0,-0.0203,-0.0058,-0.0945,18.7567,16.9527,3.4025,0.0,0.0433,-0.3606,0.0,0.0,0.0,4673916.2372,4476889.4625,-1861568.7302,2044.8292,914.5065,7359.6549,4673897.4806,4476872.5098,-1861572.1327,2044.8494,914.5122,7359.7493,0.0,0.0765,3.9732,0.0,0.0,1.0,0.0,1.0,0.0,0.0,1.172,-23.972,0.0,1.0,0.0,0.0,0.0,-1.0,0.13926234236145824,0.0031622776601683794,-0.1,0.8306905959203125,1.3968623411724594,1.5,0.15
631.5969,7.902,-0.137,-0.025,3.929,-0.051,-0.021,-0.097,0.003,-0.001,-0.097,0.003,-0.001,0.439,0.065,0.127,0.004,0.007,-0.004,-0.0,0.0,0.0,826.371,-0.0,0.0,-0.0,0.0,0.0,0.0,0.0,0.0,-0.6816,0.6967,-0.2237,0.7263,0.6813,-0.091,0.089,-0.2245,-0.9704,0.676,0.226,-0.7014,-0.7316,0.0917,-0.6755,-0.0884,0.9698,0.2273,-0.0001,0.0001,0.0001,0.0,0.0,0.0,-0.0203,-0.0058,-0.0945,18.7526,16.9515,3.3835,0.0,0.0433,-0.3606,0.0,0.0,0.0,4674327.3941,4477073.281,-1860088.4148,2043.6023,913.3313,7360.1433,4674308.6415,4477056.3295,-1860091.7983,2043.6225,913.3371,7360.2378,0.0,0.0765,3.9732,0.0,0.0,1.0,0.0,1.0,0.0,0.0,1.172,-23.972,0.0,1.0,0.0,0.0,0.0,-1.0,0.13926234236145824,0.0031622776601683794,-0.1,0.8516530037898014,1.3933358015582902,1.5,0.15
631.8012,7.882,-0.136,-0.025,3.909,-0.051,-0.021,-0.097,0.003,-0.001,-0.097,0.003,-0.001,0.44,0.067,0.126,0.004,0.007,-0.004,-0.0,0.0,0.0,826.371,-0.0,0.0,-0.0,0.0,0.0,0.0,0.0,0.0,-0.6816,0.6967,-0.2237,0.7263,0.6813,-0.091,0.089,-0.2245,-0.9704,0.676,0.226,-0.7014,-0.7316,0.0917,-0.6755,-0.0884,0.9698,0.2273,-0.0001,0.0001,0.0001,0.0,0.0,0.0,-0.0202,-0.0058,-0.0945,18.7484,16.9503,3.364,0.0,0.0433,-0.3606,0.0,0.0,0.0,4674748.1115,4477261.2429,-1858572.6611,2042.346,912.1281,7360.643,4674729.3631,4477244.2926,-1858576.0252,2042.3662,912.1338,7360.7375,0.0,0.0765,3.9732,0.0,0.0,1.0,0.0,1.0,0.0,0.0,1.172,-23.972,0.0,1.0,0.0,0.0,0.0,-1.0,0.1382787040726084,0.0031622776601683794,-0.1,0.8363438252992696,1.389809261944121,1.5,0.15
632.0069,7.862,-0.135,-0.025,3.889,-0.05,-0.021,-0.097,0.003,-0.001,-0.097,0.003,-0.001,0.441,0.068,0.125,0.004,0.007,-0.004,-0.0,0.0,0.0,826.371,-0.0,0.0,-0.0,0.0,0.0,0.0,0.0,0.0,-0.6816,0.6967,-0.2237,0.7263,0.6813,-0.0911,0.089,-0.2245,-0.9704,0.676,0.226,-0.7014,-0.7316,0.0917,-0.6755,-0.0884,0.9698,0.2273,-0.0001,0.0001,0.0001,0.0,0.0,0.0,-0.0202,-0.0058,-0.0945,18.7443,16.9491,3.3447,0.0,0.0433,-0.3606,0.0,0.0,0.0,4675165.2501,4477447.4755,-1857068.7737,2041.0995,910.9343,7361.1383,4675146.5059,4477430.5264,-1857072.1184,2041.1197,910.94,7361.2328,0.0,0.0765,3.9732,0.0,0.0,1.0,0.0,1.0,0.0,0.0,1.172,-23.972,0.0,1.0,0.0,0.0,0.0,-1.0,0.1372953021774598,0.0031622776601683794,-0.1,0.8430547798350593,1.3862827223299516,1.5,0.15
632.2122,7.843,-0.135,-0.026,3.87,-0.05,-0.021,-0.097,0.003,-0.001,-0.097,0.003,-0.001,0.442,0.07,0.124,0.004,0.007,-0.004,-0.0,0.0,0.0,826.371,-0.0,0.0,-0.0,0.0,0.0,0.0,0.0,0.0,-0.6816,0.6967,-0.2237,0.7263,0.6813,-0.0911,0.089,-0.2246,-0.9704,0.676,0.226,-0.7014,-0.7316,0.0917,-0.6755,-0.0884,0.9698,0.2273,-0.0001,0.0001,0.0001,0.0,0.0,0.0,-0.0202,-0.0057,-0.0945,18.7401,16.9479,3.3254,0.0,0.0433,-0.3606,0.0,0.0,0.0,4675582.9612,4477633.8325,-1855561.8101,2039.8504,909.7381,7361.6343,4675564.2211,4477616.8846,-1855565.1354,2039.8707,909.7438,7361.7288,0.0,0.0765,3.9732,0.0,0.0,1.0,0.0,1.0,0.0,0.0,1.172,-23.972,0.0,1.0,0.0,0.0,0.0,-1.0,0.13748090776540575,0.0031622776601683794,-0.1,0.8404114365588032,1.3829325096964908,1.5,0.15
632.4166,7.823,-0.134,-0.026,3.85,-0.049,-0.021,-0.097,0.003,-0.001,-0.097,0.003,-0.001,0.442,0.071,0.123,0.004,0.007,-0.004,-0.0,0.0,0.0,826.371,-0.0,0.0,-0.0,0.0,0.0,0.0,0.0,0.0,-0.6816,0.6966,-0.2237,0.7263,0.6814,-0.0911,0.0889,-0.2246,-0.9704,0.676,0.226,-0.7014,-0.7316,0.0917,-0.6755,-0.0884,0.9698,0.2273,-0.0001,0.0001,0.0001,0.0,0.0,0.0,-0.0202,-0.0057,-0.0945,18.736,16.9467,3.3061,0.0,0.0433,-0.3606,0.0,0.0,0.0,4675999.4951,4477819.5344,-1854058.0665,2038.604,908.5445,7362.1287,4675980.7591,4477802.5876,-1854061.3726,2038.6242,908.5502,7362.2232,0.0,0.0765,3.9732,0.0,0.0,1.0,0.0,1.0,0.0,0.0,1.172,-23.972,0.0,1.0,0.0,0.0,0.0,-1.0,0.13649908424601245,0.0031622776601683794,-0.1,0.8471797525977193,1.3794059700823216,1.5,0.15
632.6234,7.803,-0.133,-0.026,3.83,-0.048,-0.022,-0.097,0.003,-0.001,-0.097,0.003,-0.001,0.443,0.072,0.122,0.004,0.007,-0.004,-0.0,0.0,0.0,826.371,-0.0,0.0,-0.0,0.0,0.0,0.0,0.0,0.0,-0.6817,0.6966,-0.2237,0.7262,0.6814,-0.0912,0.0889,-0.2246,-0.9704,0.676,0.226,-0.7014,-0.7316,0.0917,-0.6755,-0.0884,0.9698,0.2273,-0.0001,0.0001,0.0001,0.0,0.0,0.0,-0.0202,-0.0057,-0.0945,18.7318,16.9455,3.2864,0.0,0.0433,-0.3606,0.0,0.0,0.0,4676423.2816,4478008.3355,-1852527.0966,2037.335,907.3293,7362.6316,4676404.5497,4477991.3899,-1852530.383,2037.3552,907.335,7362.7262,0.0,0.0765,3.9732,0.0,0.0,1.0,0.0,1.0,0.0,0.0,1.172,-23.972,0.0,1.0,0.0,0.0,0.0,-1.0,0.13551752654177246,0.0031622776601683794,-0.1,0.8566883757348976,1.375879430468152,1.5,0.15
632.8255,7.783,-0.133,-0.026,3.81,-0.048,-0.022,-0.097,0.003,-0.001,-0.097,0.003,-0.001,0.444,0.074,0.122,0.004,0.007,-0.004,-0.0,0.0,0.0,826.371,-0.0,0.0,-0.0,0.0,0.0,0.0,0.0,0.0,-0.6817,0.6966,-0.2237,0.7262,0.6814,-0.0912,0.0889,-0.2246,-0.9704,0.676,0.226,-0.7014,-0.7316,0.0917,-0.6755,-0.0884,0.9698,0.2273,-0.0001,0.0001,0.0001,0.0,0.0,0.0,-0.0202,-0.0057,-0.0945,18.7277,16.9444,3.2673,0.0,0.0433,-0.3606,0.0,0.0,0.0,4676835.7591,4478191.9685,-1851035.9638,2036.099,906.1457,7363.1211,4676817.0314,4478175.0241,-1851039.231,2036.1192,906.1514,7363.2156,0.0,0.0765,3.9732,0.0,0.0,1.0,0.0,1.0,0.0,0.0,1.172,-23.972,0.0,1.0,0.0,0.0,0.0,-1.0,0.13551752654177246,0.0031622776601683794,-0.1,0.8557269184458427,1.372352890853983,1.5,0.15
633.0317,7.763,-0.132,-0.026,3.79,-0.047,-0.022,-0.097,0.003,-0.001,-0.097,0.003,-0.001,0.445,0.075,0.121,0.004,0.007,-0.004,-0.0,0.0,0.0,826.371,-0.0,0.0,-0.0,0.0,0.0,0.0,0.0,0.0,-0.6817,0.6966,-0.2237,0.7262,0.6814,-0.0912,0.0889,-0.2246,-0.9704,0.676,0.226,-0.7014,-0.7316,0.0917,-0.6755,-0.0884,0.9698,0.2273,-0.0001,0.0001,0.0001,0.0,0.0,0.0,-0.0202,-0.0057,-0.0945,18.7236,16.9432,3.2479,0.0,0.0433,-0.3606,0.0,0.0,0.0,4677253.0027,4478377.5927,-1849526.5794,2034.8478,904.9477,7363.616,4677234.2791,4478360.6495,-1849529.8273,2034.868,904.9534,7363.7106,0.0,0.0765,3.9732,0.0,0.0,1.0,0.0,1.0,0.0,0.0,1.172,-23.972,0.0,1.0,0.0,0.0,0.0,-1.0,0.13453624047073712,0.0031622776601683794,-0.1,0.862578923717867,1.3688263512398136,1.5,0.15
633.2333,7.744,-0.131,-0.027,3.771,-0.046,-0.022,-0.097,0.003,-0.001,-0.097,0.003,-0.001,0.446,0.077,0.12,0.004,0.007,-0.004,-0.0,0.0,0.0,826.371,-0.0,0.0,-0.0,0.0,0.0,0.0,0.0,0.0,-0.6817,0.6966,-0.2237,0.7262,0.6814,-0.0912,0.0889,-0.2246,-0.9704,0.676,0.226,-0.7014,-0.7316,0.0917,-0.6755,-0.0884,0.9698,0.2273,-0.0001,0.0001,0.0001,0.0,0.0,0.0,-0.0202,-0.0057,-0.0945,18.7195,16.942,3.2288,0.0,0.0433,-0.3606,0.0,0.0,0.0,4677663.3881,4478560.0375,-1848040.9995,2033.6163,903.7686,7364.1028,4677644.6686,4478543.0954,-1848044.2284,2033.6365,903.7743,7364.1973,0.0,0.0765,3.9732,0.0,0.0,1.0,0.0,1.0,0.0,0.0,1.172,-23.972,0.0,1.0,0.0,0.0,0.0,-1.0,0.13375350462698166,0.0031622776601683794,-0.1,0.8677033179460395,1.3654761386063528,1.5,0.15
633.4394,7.724,-0.13,-0.027,3.751,-0.046,-0.022,-0.097,0.003,-0.001,-0.097,0.003,-0.001,0.447,0.078,0.119,0.004,0.007,-0.004,-0.0,0.0,0.0,826.371,-0.0,0.0,-0.0,0.0,0.0,0.0,0.0,0.0,-0.6817,0.6966,-0.2237,0.7262,0.6814,-0.0913,0.0888,-0.2246,-0.9704,0.676,0.226,-0.7014,-0.7316,0.0917,-0.6755,-0.0884,0.9698,0.2273,-0.0001,0.0001,0.0001,0.0,0.0,0.0,-0.0202,-0.0057,-0.0946,18.7154,16.9408,3.2092,0.0,0.0433,-0.3606,0.0,0.0,0.0,4678085.0629,4478747.3683,-1846513.5113,2032.3501,902.5563,7364.6028,4678066.3475,4478730.4275,-1846516.7205,2032.3703,902.562,7364.6974,0.0,0.0765,3.9732,0.0,0.0,1.0,0.0,1.0,0.0,0.0,1.172,-23.972,0.0,1.0,0.0,0.0,0.0,-1.0,0.13277424449041314,0.0031622776601683794,-0.1,0.8524472874110601,1.3619495989921835,1.5,0.15
633.6475,7.704,-0.13,-0.027,3.731,-0.045,-0.022,-0.097,0.003,-0.001,-0.097,0.003,-0.001,0.448,0.08,0.118,0.004,0.007,-0.004,-0.0,0.0,0.0,826.371,-0.0,0.0,-0.0,0.0,0.0,0.0,0.0,0.0,-0.6817,0.6966,-0.2237,0.7262,0.6814,-0.0913,0.0888,-0.2247,-0.9704,0.676,0.226,-0.7014,-0.7316,0.0917,-0.6755,-0.0884,0.9698,0.2273,-0.0001,0.0001,0.0001,0.0,0.0,0.0,-0.0202,-0.0057,-0.0946,18.7112,16.9396,3.1896,0.0,0.0433,-0.3606,0.0,0.0,0.0,4678505.312,4478933.9315,-1844990.14,2031.0872,901.3473,7365.1011,4678486.6008,4478916.9918,-1844993.3296,2031.1074,901.353,7365.1956,0.0,0.0765,3.9732,0.0,0.0,1.0,0.0,1.0,0.0,0.0,1.172,-23.972,0.0,1.0,0.0,0.0,0.0,-1.0,0.13277424449041314,0.0031622776601683794,-0.1,0.8737098302322547,1.3584230593780142,1.5,0.15
633.8519,7.684,-0.129,-0.027,3.711,-0.044,-0.022,-0.097,0.003,-0.001,-0.097,0.003,-0.001,0.449,0.081,0.117,0.004,0.007,-0.004,-0.0,0.0,0.0,826.371,-0.0,0.0,-0.0,0.0,0.0,0.0,0.0,0.0,-0.6818,0.6965,-0.2237,0.7262,0.6814,-0.0913,0.0888,-0.2247,-0.9704,0.676,0.226,-0.7014,-0.7316,0.0917,-0.6755,-0.0884,0.9698,0.2273,-0.0001,0.0001,0.0001,0.0,0.0,0.0,-0.0202,-0.0057,-0.0946,18.707,16.9385,3.1703,0.0,0.0433,-0.3606,0.0,0.0,0.0,4678920.3131,4479118.0335,-1843484.7545,2029.8393,900.1526,7365.593,4678901.6061,4479101.095,-1843487.9248,2029.8594,900.1583,7365.6875,0.0,0.0765,3.9732,0.0,0.0,1.0,0.0,1.0,0.0,0.0,1.172,-23.972,0.0,1.0,0.0,0.0,0.0,-1.0,0.1317952958189328,0.0031622776601683794,-0.1,0.8806991824833816,1.354896519763845,1.5,0.15
634.0571,7.664,-0.128,-0.027,3.691,-0.044,-0.022,-0.097,0.004,-0.001,-0.097,0.003,-0.001,0.45,0.083,0.116,0.004,0.007,-0.004,-0.0,0.0,0.0,826.371,-0.0,0.0,-0.0,0.0,0.0,0.0,0.0,0.0,-0.6818,0.6965,-0.2236,0.7262,0.6814,-0.0914,0.0888,-0.2247,-0.9704,0.676,0.226,-0.7014,-0.7316,0.0917,-0.6755,-0.0884,0.9698,0.2273,-0.0001,0.0001,0.0001,0.0,0.0,0.0,-0.0202,-0.0057,-0.0946,18.7029,16.9373,3.1509,0.0,0.0433,-0.3606,0.0,0.0,0.0,4679337.682,4479303.0532,-1841969.7511,2028.5833,898.9503,7366.0876,4679318.9791,4479286.116,-1841972.902,2028.6034,898.9559,7366.1822,0.0,0.0765,3.9732,0.0,0.0,1.0,0.0,1.0,0.0,0.0,1.172,-23.972,0.0,1.0,0.0,0.0,0.0,-1.0,0.13081666560496027,0.00412310562561766,-0.1,0.8654713027107096,1.3513699801496755,1.5,0.15
634.258,7.645,-0.128,-0.028,3.671,-0.043,-0.022,-0.097,0.004,-0.001,-0.097,0.003,-0.001,0.451,0.084,0.115,0.004,0.007,-0.004,-0.0,0.0,0.0,826.371,-0.0,0.0,-0.0,0.0,0.0,0.0,0.0,0.0,-0.6818,0.6965,-0.2236,0.7261,0.6814,-0.0914,0.0888,-0.2247,-0.9704,0.676,0.226,-0.7014,-0.7316,0.0917,-0.6755,-0.0884,0.9698,0.2273,-0.0001,0.0001,0.0001,0.0,0.0,0.0,-0.0201,-0.0057,-0.0946,18.6988,16.9361,3.1318,0.0,0.0433,-0.3606,0.0,0.0,0.0,4679745.6756,4479483.7886,-1840487.7705,2027.3546,897.7742,7366.571,4679726.9768,4479466.8525,-1840490.9023,2027.3748,897.7798,7366.6656,0.0,0.0765,3.9732,0.0,0.0,1.0,0.0,1.0,0.0,0.0,1.172,-23.972,0.0,1.0,0.0,0.0,0.0,-1.0,0.1310267148332736,0.00412310562561766,-0.1,0.8849427085537809,1.3480197675162147,1.5,0.15
634.4654,7.625,-0.127,-0.028,3.652,-0.042,-0.023,-0.097,0.004,-0.001,-0.097,0.003,-0.001,0.451,0.085,0.114,0.004,0.007,-0.004,-0.0,0.0,0.0,826.371,-0.0,0.0,-0.0,0.0,0.0,0.0,0.0,0.0,-0.6818,0.6965,-0.2236,0.7261,0.6815,-0.0914,0.0887,-0.2247,-0.9704,0.676,0.226,-0.7014,-0.7316,0.0917,-0.6755,-0.0884,0.9698,0.2273,-0.0001,0.0001,0.0001,0.0,0.0,0.0,-0.0201,-0.0057,-0.0946,18.6947,16.9349,3.1124,0.0,0.0433,-0.3606,0.0,0.0,0.0,4680162.5585,4479668.3305,-1838972.4699,2026.0984,896.5717,7367.0649,4680143.8638,4479651.3956,-1838975.5823,2026.1185,896.5773,7367.1595,0.0,0.0765,3.9732,0.0,0.0,1.0,0.0,1.0,0.0,0.0,1.172,-23.972,0.0,1.0,0.0,0.0,0.0,-1.0,0.13004999038831183,0.00412310562561766,-0.1,0.8949373252983099,1.3444932279020454,1.5,0.15
634.6656,7.605,-0.126,-0.028,3.632,-0.042,-0.023,-0.097,0.004,-0.001,-0.097,0.003,-0.001,0.452,0.087,0.113,0.004,0.007,-0.004,-0.0,0.0,0.0,826.371,-0.0,0.0,-0.0,0.0,0.0,0.0,0.0,0.0,-0.6818,0.6965,-0.2236,0.7261,0.6815,-0.0914,0.0887,-0.2247,-0.9704,0.676,0.226,-0.7014,-0.7316,0.0917,-0.6755,-0.0884,0.9698,0.2273,-0.0001,0.0001,0.0001,0.0,0.0,0.0,-0.0201,-0.0056,-0.0946,18.6906,16.9338,3.0933,0.0,0.0433,-0.3606,0.0,0.0,0.0,4680570.3199,4479848.7056,-1837489.3218,2024.8687,895.3947,7367.5478,4680551.6292,4479831.7718,-1837492.4151,2024.8888,895.4004,7367.6424,0.0,0.0765,3.9732,0.0,0.0,1.0,0.0,1.0,0.0,0.0,1.172,-23.972,0.0,1.0,0.0,0.0,0.0,-1.0,0.12907362240210044,0.00412310562561766,-0.1,0.8797632553530906,1.3409666882878761,1.5,0.15
634.8716,7.585,-0.125,-0.028,3.612,-0.041,-0.023,-0.097,0.004,-0.001,-0.097,0.003,-0.001,0.453,0.088,0.113,0.004,0.007,-0.004,-0.0,0.0,0.0,826.371,-0.0,0.0,-0.0,0.0,0.0,0.0,0.0,0.0,-0.6818,0.6965,-0.2236,0.7261,0.6815,-0.0915,0.0887,-0.2247,-0.9704,0.676,0.226,-0.7014,-0.7316,0.0917,-0.6755,-0.0884,0.9698,0.2273,-0.0001,0.0001,0.0001,0.0,0.0,0.0,-0.0201,-0.0056,-0.0946,18.6865,16.9326,3.0738,0.0,0.0433,-0.3606,0.0,0.0,0.0,4680989.4843,4480033.992,-1835963.6532,2023.6038,894.1841,7368.0442,4680970.7978,4480017.0594,-1835966.727,2023.6239,894.1897,7368.1388,0.0,0.0765,3.9732,0.0,0.0,1.0,0.0,1.0,0.0,0.0,1.172,-23.972,0.0,1.0,0.0,0.0,0.0,-1.0,0.12809761902549166,0.00412310562561766,-0.1,0.886903667870593,1.3374401486737069,1.5,0.15
635.0723,7.566,-0.125,-0.029,3.593,-0.04,-0.023,-0.097,0.004,-0.001,-0.097,0.003,-0.001,0.454,0.09,0.112,0.004,0.007,-0.004,-0.0,0.0,0.0,826.371,-0.0,0.0,-0.0,0.0,0.0,0.0,0.0,0.0,-0.6819,0.6965,-0.2236,0.7261,0.6815,-0.0915,0.0887,-0.2248,-0.9704,0.676,0.226,-0.7014,-0.7316,0.0917,-0.6755,-0.0884,0.9698,0.2273,-0.0001,0.0001,0.0001,0.0,0.0,0.0,-0.0201,-0.0056,-0.0946,18.6825,16.9315,3.0548,0.0,0.0433,-0.3606,0.0,0.0,0.0,4681395.2541,4480213.229,-1834485.7299,2022.3784,893.0113,7368.5246,4681376.5717,4480196.2976,-1834488.7847,2022.3985,893.017,7368.6192,0.0,0.0765,3.9732,0.0,0.0,1.0,0.0,1.0,0.0,0.0,1.172,-23.972,0.0,1.0,0.0,0.0,0.0,-1.0,0.1283199127181748,0.00412310562561766,-0.1,0.9067209195460614,1.334089936040246,1.5,0.15
635.2765,7.546,-0.124,-0.029,3.573,-0.04,-0.023,-0.097,0.004,-0.001,-0.097,0.003,-0.001,0.455,0.091,0.111,0.004,0.007,-0.004,-0.0,0.0,0.0,826.371,-0.0,0.0,-0.0,0.0,0.0,0.0,0.0,0.0,-0.6819,0.6965,-0.2236,0.7261,0.6815,-0.0915,0.0886,-0.2248,-0.9704,0.676,0.226,-0.7014,-0.7316,0.0917,-0.6755,-0.0884,0.9698,0.2273,-0.0001,0.0001,0.0001,0.0,0.0,0.0,-0.0201,-0.0056,-0.0946,18.6784,16.9303,3.0355,0.0,0.0433,-0.3606,0.0,0.0,0.0,4681806.5752,4480394.7886,-1832986.5772,2021.1354,891.8218,7369.0115,4681787.8969,4480377.8583,-1832989.6127,2021.1555,891.8274,7369.1061,0.0,0.0765,3.9732,0.0,0.0,1.0,0.0,1.0,0.0,0.0,1.172,-23.972,0.0,1.0,0.0,0.0,0.0,-1.0,0.1273459854098275,0.00412310562561766,-0.1,0.8915398135276602,1.3305633964260768,1.5,0.15
635.4824,7.526,-0.123,-0.029,3.553,-0.039,-0.023,-0.097,0.004,-0.001,-0.097,0.003,-0.001,0.456,0.093,0.11,0.004,0.007,-0.004,-0.0,0.0,0.0,826.371,-0.0,0.0,-0.0,0.0,0.0,0.0,0.0,0.0,-0.6819,0.6964,-0.2236,0.7261,0.6815,-0.0916,0.0886,-0.2248,-0.9704,0.676,0.226,-0.7014,-0.7316,0.0917,-0.6755,-0.0884,0.9698,0.2273,-0.0001,0.0001,0.0001,0.0,0.0,0.0,-0.0201,-0.0056,-0.0946,18.6743,16.9292,3.0161,0.0,0.0433,-0.3606,0.0,0.0,0.0,4682222.5536,4480578.2711,-1831469.4109,2019.8774,890.6179,7369.5037,4682203.8793,4480561.342,-1831472.427,2019.8975,890.6236,7369.5984,0.0,0.0765,3.9732,0.0,0.0,1.0,0.0,1.0,0.0,0.0,1.172,-23.972,0.0,1.0,0.0,0.0,0.0,-1.0,0.12637246535539298,0.00412310562561766,-0.1,0.8987842735686874,1.3270368568119073,1.5,0.15
635.6918,7.506,-0.122,-0.029,3.533,-0.038,-0.023,-0.097,0.004,-0.001,-0.097,0.003,-0.001,0.457,0.094,0.109,0.004,0.007,-0.004,-0.0,0.0,0.0,826.371,-0.0,0.0,-0.0,0.0,0.0,0.0,0.0,0.0,-0.6819,0.6964,-0.2236,0.7261,0.6815,-0.0916,0.0886,-0.2248,-0.9704,0.676,0.226,-0.7014,-0.7316,0.0917,-0.6755,-0.0884,0.9698,0.2273,-0.0001,0.0001,0.0001,0.0,0.0,0.0,-0.0201,-0.0056,-0.0946,18.6701,16.928,2.9964,0.0,0.0433,-0.3606,0.0,0.0,0.0,4682642.1879,4480763.231,-1829937.8461,2018.6075,889.4027,7370.0003,4682623.5178,4480746.3031,-1829940.8424,2018.6276,889.4083,7370.0949,0.0,0.0765,3.9732,0.0,0.0,1.0,0.0,1.0,0.0,0.0,1.172,-23.972,0.0,1.0,0.0,0.0,0.0,-1.0,0.12539936203984453,0.00412310562561766,-0.1,0.9060702070274774,1.323510317197738,1.5,0.15
635.8997,7.486,-0.122,-0.029,3.513,-0.038,-0.023,-0.097,0.004,-0.001,-0.097,0.003,-0.001,0.458,0.095,0.108,0.004,0.007,-0.004,-0.0,0.0,0.0,826.371,-0.0,0.0,-0.0,0.0,0.0,0.0,0.0,0.0,-0.6819,0.6964,-0.2236,0.726,0.6815,-0.0916,0.0886,-0.2248,-0.9704,0.676,0.226,-0.7014,-0.7316,0.0917,-0.6755,-0.0884,0.9698,0.2273,-0.0001,0.0001,0.0001,0.0,0.0,0.0,-0.0201,-0.0056,-0.0946,18.6659,16.9268,2.9766,0.0,0.0433,-0.3606,0.0,0.0,0.0,4683063.6068,4480948.8401,-1828398.6973,2017.3312,888.1815,7370.4988,4683044.9409,4480931.9133,-1828401.6739,2017.3513,888.1871,7370.5934,0.0,0.0765,3.9732,0.0,0.0,1.0,0.0,1.0,0.0,0.0,1.172,-23.972,0.0,1.0,0.0,0.0,0.0,-1.0,0.12539936203984453,0.00412310562561766,-0.1,0.9052463062002535,1.3199837775835688,1.5,0.15
636.1059,7.466,-0.121,-0.03,3.493,-0.037,-0.024,-0.097,0.004,-0.001,-0.097,0.003,-0.001,0.459,0.097,0.107,0.004,0.007,-0.004,-0.0,0.0,0.0,826.371,-0.0,0.0,-0.0,0.0,0.0,0.0,0.0,0.0,-0.6819,0.6964,-0.2236,0.726,0.6815,-0.0916,0.0886,-0.2248,-0.9704,0.676,0.226,-0.7014,-0.7316,0.0917,-0.6755,-0.0884,0.9698,0.2273,-0.0001,0.0001,0.0001,0.0,0.0,0.0,-0.0201,-0.0056,-0.0946,18.6618,16.9256,2.9572,0.0,0.0433,-0.3606,0.0,0.0,0.0,4683477.3799,4481130.9477,-1826886.422,2016.0772,886.9817,7370.9881,4683458.7181,4481114.022,-1826889.3792,2016.0973,886.9873,7371.0828,0.0,0.0765,3.9732,0.0,0.0,1.0,0.0,1.0,0.0,0.0,1.172,-23.972,0.0,1.0,0.0,0.0,0.0,-1.0,0.12466354719804823,0.00412310562561766,-0.1,0.9135549780506956,1.3164572379693995,1.5,0.15
636.3145,7.446,-0.12,-0.03,3.473,-0.036,-0.024,-0.097,0.004,-0.001,-0.097,0.003,-0.001,0.46,0.098,0.106,0.004,0.007,-0.004,-0.0,0.0,0.0,826.371,-0.0,0.0,-0.0,0.0,0.0,0.0,0.0,0.0,-0.682,0.6964,-0.2236,0.726,0.6815,-0.0917,0.0885,-0.2248,-0.9704,0.676,0.226,-0.7014,-0.7316,0.0917,-0.6755,-0.0884,0.9698,0.2273,-0.0001,0.0001,0.0001,0.0,0.0,0.0,-0.0201,-0.0056,-0.0946,18.6576,16.9245,2.9374,0.0,0.0433,-0.3606,0.0,0.0,0.0,4683899.4392,4481316.565,-1825342.7895,2014.7972,885.757,7371.4872,4683880.7817,4481299.6406,-1825345.7269,2014.8173,885.7626,7371.5819,0.0,0.0765,3.9732,0.0,0.0,1.0,0.0,1.0,0.0,0.0,1.172,-23.972,0.0,1.0,0.0,0.0,0.0,-1.0,0.12369316876852982,0.00412310562561766,-0.1,0.9209436480914763,1.3129306983552302,1.5,0.15
636.5164,7.426,-0.119,-0.03,3.453,-0.036,-0.024,-0.097,0.004,-0.001,-0.097,0.003,-0.001,0.46,0.1,0.105,0.004,0.007,-0.004,-0.0,0.0,0.0,826.371,-0.0,0.0,-0.0,0.0,0.0,0.0,0.0,0.0,-0.682,0.6964,-0.2236,0.726,0.6816,-0.0917,0.0885,-0.2249,-0.9704,0.676,0.226,-0.7014,-0.7316,0.0917,-0.6755,-0.0884,0.9698,0.2273,-0.0001,0.0001,0.0001,0.0,0.0,0.0,-0.0201,-0.0056,-0.0946,18.6535,16.9233,2.9182,0.0,0.0433,-0.3606,0.0,0.0,0.0,4684307.3517,4481495.829,-1823849.8638,2013.5592,884.5725,7371.9695,4684288.6982,4481478.9057,-1823852.782,2013.5793,884.5781,7372.0641,0.0,0.0765,3.9732,0.0,0.0,1.0,0.0,1.0,0.0,0.0,1.172,-23.972,0.0,1.0,0.0,0.0,0.0,-1.0,0.122723265927859,0.00412310562561766,-0.1,0.9058555926250494,1.309404158741061,1.5,0.15
636.7222,7.406,-0.119,-0.03,3.433,-0.035,-0.024,-0.097,-0.002,-0.001,-0.097,-0.003,-0.001,0.461,0.101,0.104,0.004,0.007,-0.004,-0.0,0.0,0.0,826.349,-0.0,-1.0,-0.0,0.0,0.0,0.0,0.0,0.0,-0.682,0.6963,-0.2236,0.726,0.6816,-0.0917,0.0885,-0.2249,-0.9704,0.676,0.226,-0.7014,-0.7316,0.0917,-0.6755,-0.0884,0.9698,0.2273,-0.0001,0.0001,0.0001,0.0,0.0,0.0,-0.0242,-0.0097,-0.0933,18.649,16.9218,2.8987,0.0,0.0433,-0.3606,0.0,0.0,0.0,4684725.286,4481679.3622,-1822319.2085,2012.2857,883.3541,7372.4648,4684706.637,4481662.4404,-1822322.1072,2012.3099,883.3638,7372.5581,0.0,0.0765,3.9732,0.0,0.0,1.0,0.0,1.0,0.0,0.0,1.172,-23.972,0.0,1.0,0.0,0.0,0.0,-1.0,0.122723265927859,0.0022360679774997894,-0.1,0.9276119775772894,1.3058776191268915,1.5,0.15
636.9284,7.386,-0.12,-0.031,3.413,-0.036,-0.024,-0.097,-0.005,-0.001,-0.097,-0.005,-0.001,0.462,0.103,0.104,0.004,0.007,-0.003,-0.0,0.0,0.0,826.339,-0.0,0.0,-0.0,0.0,0.0,0.0,0.0,0.0,-0.682,0.6963,-0.2236,0.726,0.6816,-0.0918,0.0885,-0.2249,-0.9704,0.676,0.226,-0.7014,-0.7316,0.0917,-0.6755,-0.0884,0.9698,0.2273,-0.0001,0.0001,0.0001,0.0,0.0,0.0,-0.0261,-0.0115,-0.0927,18.6437,16.9195,2.8797,0.0,0.0433,-0.3606,0.0,0.0,0.0,4685136.6223,4481859.8643,-1820811.6676,2011.0336,882.1563,7372.9515,4685117.9786,4481842.9448,-1820814.5473,2011.0597,882.1678,7373.0442,0.0,0.0765,3.9732,0.0,0.0,1.0,0.0,1.0,0.0,0.0,1.172,-23.972,0.0,1.0,0.0,0.0,0.0,-1.0,0.1239395013706284,0.005099019513592785,-0.1,0.9169189587697968,1.3023510795127222,1.5,0.15
637.1352,7.366,-0.121,-0.031,3.393,-0.038,-0.024,-0.097,-0.005,-0.001,-0.097,-0.005,-0.001,0.463,0.104,0.103,0.004,0.007,-0.003,-0.0,0.0,0.0,826.339,-0.0,0.0,-0.0,0.0,0.0,0.0,0.0,0.0,-0.682,0.6963,-0.2236,0.726,0.6816,-0.0918,0.0885,-0.2249,-0.9704,0.676,0.226,-0.7014,-0.7316,0.0917,-0.6755,-0.0884,0.9698,0.2273,-0.0001,0.0001,0.0001,0.0,0.0,0.0,-0.0261,-0.0115,-0.0927,18.6383,16.9171,2.8605,0.0,0.0433,-0.3606,0.0,0.0,0.0,4685554.6254,4482043.1562,-1819278.6304,2009.7622,880.9401,7373.4454,4685535.9871,4482026.239,-1819281.4909,2009.7884,880.9516,7373.5381,0.0,0.0765,3.9732,0.0,0.0,1.0,0.0,1.0,0.0,0.0,1.172,-23.972,0.0,1.0,0.0,0.0,0.0,-1.0,0.12490796611905904,0.005099019513592785,-0.1,0.8851951042642893,1.298824539898553,1.5,0.15
637.3369,7.346,-0.122,-0.031,3.373,-0.039,-0.024,-0.097,-0.005,-0.001,-0.097,-0.005,-0.001,0.464,0.106,0.103,0.004,0.007,-0.003,-0.0,0.0,0.0,826.339,-0.0,0.0,-0.0,0.0,0.0,0.0,0.0,0.0,-0.682,0.6963,-0.2235,0.7259,0.6816,-0.0918,0.0884,-0.2249,-0.9704,0.676,0.226,-0.7014,-0.7316,0.0917,-0.6755,-0.0884,0.9698,0.2273,-0.0001,0.0001,0.0001,0.0,0.0,0.0,-0.0261,-0.0115,-0.0927,18.6331,16.9148,2.8419,0.0,0.0433,-0.3606,0.0,0.0,0.0,4685957.6754,4482219.7615,-1817799.4157,2008.5355,879.7667,7373.9215,4685939.0423,4482202.8467,-1817802.2575,2008.5616,879.7782,7374.0142,0.0,0.0765,3.9732,0.0,0.0,1.0,0.0,1.0,0.0,0.0,1.172,-23.972,0.0,1.0,0.0,0.0,0.0,-1.0,0.12587692401707312,0.005099019513592785,-0.1,0.8760228453044887,1.2952980002843837,1.5,0.15
637.5431,7.326,-0.123,-0.031,3.353,-0.04,-0.024,-0.097,-0.003,-0.001,-0.097,-0.003,-0.001,0.465,0.107,0.102,0.004,0.007,-0.003,-0.0,0.0,0.0,826.315,-0.0,1.0,-0.0,0.0,0.0,0.0,0.0,0.0,-0.6821,0.6963,-0.2235,0.7259,0.6816,-0.0918,0.0884,-0.2249,-0.9704,0.676,0.226,-0.7014,-0.7316,0.0917,-0.6755,-0.0884,0.9698,0.2273,-0.0001,0.0001,0.0001,0.0,0.0,0.0,-0.0246,-0.01,-0.0932,18.6277,16.9125,2.8226,0.0,0.0433,-0.3606,0.0,0.0,0.0,4686373.2831,4482401.7355,-1816273.0678,2007.2712,878.5574,7374.4118,4686354.6554,4482384.823,-1816275.8905,2007.2957,878.5673,7374.505,0.0,0.0765,3.9732,0.0,0.0,1.0,0.0,1.0,0.0,0.0,1.172,-23.972,0.0,1.0,0.0,0.0,0.0,-1.0,0.12684636376341263,0.0031622776601683794,-0.1,0.8667999464580988,1.2917714606702144,1.5,0.15
637.7457,7.307,-0.123,-0.031,3.334,-0.04,-0.024,-0.097,0.004,-0.001,-0.097,0.003,-0.001,0.466,0.108,0.101,0.004,0.007,-0.003,-0.0,0.0,0.0,826.249,-0.0,1.0,-0.0,0.0,0.0,0.0,0.0,0.0,-0.6821,0.6963,-0.2235,0.7259,0.6816,-0.0919,0.0884,-0.2249,-0.9704,0.676,0.226,-0.7014,-0.7316,0.0917,-0.6755,-0.0884,0.9698,0.2273,-0.0001,0.0001,0.0001,0.0,0.0,0.0,-0.0201,-0.0056,-0.0946,18.6232,16.9109,2.8036,0.0,0.0433,-0.3606,0.0,0.0,0.0,4686779.2887,4482579.374,-1814780.9633,2006.0381,877.3781,7374.8898,4686760.6655,4482562.4631,-1814783.767,2006.0582,877.3837,7374.9844,0.0,0.0765,3.9732,0.0,0.0,1.0,0.0,1.0,0.0,0.0,1.172,-23.972,0.0,1.0,0.0,0.0,0.0,-1.0,0.12684636376341263,0.00412310562561766,-0.1,0.8659341292504402,1.2884212480367536,1.5,0.15
637.9466,7.287,-0.122,-0.032,3.314,-0.039,-0.025,-0.097,0.004,-0.001,-0.097,0.004,-0.001,0.467,0.11,0.101,0.004,0.007,-0.003,-0.0,0.0,0.0,826.24,-0.0,0.0,-0.0,0.0,0.0,0.0,0.0,0.0,-0.6821,0.6963,-0.2235,0.7259,0.6816,-0.0919,0.0884,-0.2249,-0.9704,0.676,0.226,-0.7014,-0.7316,0.0917,-0.6755,-0.0884,0.9698,0.2273,-0.0001,0.0001,0.0001,0.0,0.0,0.0,-0.0195,-0.005,-0.0949,18.6193,16.9099,2.7847,0.0,0.0433,-0.3606,0.0,0.0,0.0,4687180.6033,4482754.8328,-1813305.0968,2004.8147,876.208,7375.3633,4687161.984,4482737.9229,-1813307.8815,2004.8341,876.213,7375.4582,0.0,0.0765,3.9732,0.0,0.0,1.0,0.0,1.0,0.0,0.0,1.172,-23.972,0.0,1.0,0.0,0.0,0.0,-1.0,0.12612692020342048,0.00412310562561766,-0.1,0.8744278419812449,1.2848947084225844,1.5,0.15
638.1509,7.268,-0.121,-0.032,3.295,-0.038,-0.025,-0.097,0.005,-0.001,-0.097,0.004,-0.001,0.467,0.111,0.1,0.004,0.007,-0.003,-0.0,0.0,0.0,826.24,-0.0,0.0,-0.0,0.0,0.0,0.0,0.0,0.0,-0.6821,0.6963,-0.2235,0.7259,0.6816,-0.0919,0.0884,-0.2249,-0.9704,0.676,0.226,-0.7014,-0.7316,0.0917,-0.6755,-0.0884,0.9698,0.2273,-0.0001,0.0001,0.0001,0.0,0.0,0.0,-0.0195,-0.005,-0.0949,18.6153,16.9088,2.7652,0.0,0.0433,-0.3606,0.0,0.0,0.0,4687590.7907,4482934.0394,-1811795.5688,2003.5627,875.0106,7375.8475,4687572.1754,4482917.1306,-1811798.334,2003.5821,875.0156,7375.9423,0.0,0.0765,3.9732,0.0,0.0,1.0,0.0,1.0,0.0,0.0,1.172,-23.972,0.0,1.0,0.0,0.0,0.0,-1.0,0.12515989773086264,0.005099019513592785,-0.1,0.8819855943169044,1.2815444957891233,1.5,0.15
638.3545,7.248,-0.12,-0.032,3.275,-0.037,-0.025,-0.097,0.005,-0.001,-0.097,0.004,-0.001,0.468,0.113,0.099,0.004,0.007,-0.003,-0.0,0.0,0.0,826.24,-0.0,0.0,-0.0,0.0,0.0,0.0,0.0,0.0,-0.6821,0.6962,-0.2235,0.7259,0.6816,-0.0919,0.0883,-0.2249,-0.9704,0.676,0.226,-0.7014,-0.7316,0.0917,-0.6755,-0.0884,0.9698,0.2273,-0.0001,0.0001,0.0001,0.0,0.0,0.0,-0.0195,-0.005,-0.0949,18.6114,16.9078,2.7459,0.0,0.0433,-0.3606,0.0,0.0,0.0,4687998.5492,4483112.0525,-1810293.9489,2002.3172,873.8196,7376.3286,4687979.9378,4483095.1447,-1810296.6949,2002.3366,873.8246,7376.4235,0.0,0.0765,3.9732,0.0,0.0,1.0,0.0,1.0,0.0,0.0,1.172,-23.972,0.0,1.0,0.0,0.0,0.0,-1.0,0.12419339757008019,0.005099019513592785,-0.1,0.8895438020678619,1.2780179561749543,1.5,0.15
638.5619,7.228,-0.119,-0.032,3.255,-0.036,-0.025,-0.097,0.005,-0.001,-0.097,0.004,-0.001,0.469,0.114,0.099,0.004,0.007,-0.003,-0.0,0.0,0.0,826.24,-0.0,0.0,-0.0,0.0,0.0,0.0,0.0,0.0,-0.6821,0.6962,-0.2235,0.7259,0.6817,-0.092,0.0883,-0.225,-0.9704,0.676,0.226,-0.7014,-0.7316,0.0917,-0.6755,-0.0884,0.9698,0.2273,-0.0001,0.0001,0.0001,0.0,0.0,0.0,-0.0195,-0.005,-0.0949,18.6073,16.9068,2.7263,0.0,0.0433,-0.3606,0.0,0.0,0.0,4688412.4031,4483292.592,-1808768.8245,2001.0522,872.6099,7376.8169,4688393.7957,4483275.6852,-1808771.5508,2001.0716,872.6149,7376.9118,0.0,0.0765,3.9732,0.0,0.0,1.0,0.0,1.0,0.0,0.0,1.172,-23.972,0.0,1.0,0.0,0.0,0.0,-1.0,0.123227432010896,0.005099019513592785,-0.1,0.8971470863599151,1.2744914165607848,1.5,0.15
638.7646,7.208,-0.119,-0.032,3.235,-0.035,-0.025,-0.097,0.005,-0.001,-0.097,0.004,-0.001,0.47,0.116,0.098,0.004,0.007,-0.003,-0.0,0.0,0.0,826.24,-0.0,0.0,-0.0,0.0,0.0,0.0,0.0,0.0,-0.6822,0.6962,-0.2235,0.7259,0.6817,-0.092,0.0883,-0.225,-0.9704,0.676,0.226,-0.7014,-0.7316,0.0917,-0.6755,-0.0884,0.9698,0.2273,-0.0001,0.0001,0.0001,0.0,0.0,0.0,-0.0195,-0.005,-0.0949,18.6034,16.9057,2.7071,0.0,0.0433,-0.3606,0.0,0.0,0.0,4688818.8512,4483469.7683,-1807269.9521,1999.8089,871.4211,7377.2963,4688800.2478,4483452.8626,-1807272.6592,1999.8284,871.426,7377.3912,0.0,0.0765,3.9732,0.0,0.0,1.0,0.0,1.0,0.0,0.0,1.172,-23.972,0.0,1.0,0.0,0.0,0.0,-1.0,0.123227432010896,0.005099019513592785,-0.1,0.9191003358792855,1.2709648769466155,1.5,0.15
638.9678,7.189,-0.118,-0.033,3.216,-0.034,-0.025,-0.097,0.005,-0.001,-0.097,0.004,-0.001,0.471,0.117,0.097,0.004,0.007,-0.003,-0.0,0.0,0.0,826.24,-0.0,0.0,-0.0,0.0,0.0,0.0,0.0,0.0,-0.6822,0.6962,-0.2235,0.7258,0.6817,-0.092,0.0883,-0.225,-0.9704,0.676,0.226,-0.7014,-0.7316,0.0917,-0.6755,-0.0884,0.9698,0.2273,-0.0001,0.0001,0.0001,0.0,0.0,0.0,-0.0194,-0.005,-0.0949,18.5995,16.9047,2.6878,0.0,0.0433,-0.3606,0.0,0.0,0.0,4689224.499,4483646.4646,-1805773.0049,1998.5672,870.2338,7377.7747,4689205.8995,4483629.5599,-1805775.6927,1998.5867,870.2388,7377.8696,0.0,0.0765,3.9732,0.0,0.0,1.0,0.0,1.0,0.0,0.0,1.172,-23.972,0.0,1.0,0.0,0.0,0.0,-1.0,0.12252754792290589,0.005099019513592785,-0.1,0.9251831641680995,1.2676146643131547,1.5,0.15
639.1692,7.169,-0.117,-0.033,3.196,-0.034,-0.025,-0.097,0.001,-0.001,-0.097,0.0,-0.001,0.471,0.118,0.097,0.004,0.007,-0.003,-0.0,0.0,0.0,826.225,-0.0,0.0,-0.0,0.0,0.0,0.0,0.0,0.0,-0.6822,0.6962,-0.2235,0.7258,0.6817,-0.092,0.0883,-0.225,-0.9704,0.676,0.226,-0.7014,-0.7316,0.0917,-0.6755,-0.0884,0.9698,0.2273,-0.0,0.0001,0.0001,0.0,0.0,0.0,-0.0222,-0.0076,-0.094,18.5953,16.9035,2.6686,0.0,0.0433,-0.3606,0.0,0.0,0.0,4689630.417,4483823.1469,-1804274.0341,1997.3211,869.0423,7378.2542,4689611.8217,4483806.2434,-1804276.7026,1997.3433,869.0499,7378.3482,0.0,0.0765,3.9732,0.0,0.0,1.0,0.0,1.0,0.0,0.0,1.172,-23.972,0.0,1.0,0.0,0.0,0.0,-1.0,0.12156479753612887,0.001414213562373095,-0.1,0.9100533562239443,1.2640881246989852,1.5,0.15
639.3752,7.149,-0.117,-0.033,3.176,-0.034,-0.025,-0.097,0.001,-0.001,-0.097,0.0,-0.001,0.472,0.12,0.096,0.004,0.007,-0.003,-0.0,0.0,0.0,826.225,-0.0,0.0,-0.0,0.0,0.0,0.0,0.0,0.0,-0.6822,0.6962,-0.2235,0.7258,0.6817,-0.0921,0.0882,-0.225,-0.9704,0.676,0.226,-0.7014,-0.7316,0.0917,-0.6755,-0.0884,0.9698,0.2273,-0.0,0.0001,0.0001,0.0,0.0,0.0,-0.0222,-0.0076,-0.094,18.5908,16.902,2.6493,0.0,0.0433,-0.3606,0.0,0.0,0.0,4690038.9314,4484000.8262,-1802764.4314,1996.0689,867.845,7378.7357,4690020.3406,4483983.9242,-1802767.0808,1996.0911,867.8526,7378.8297,0.0,0.0765,3.9732,0.0,0.0,1.0,0.0,1.0,0.0,0.0,1.172,-23.972,0.0,1.0,0.0,0.0,0.0,-1.0,0.12156479753612887,0.001414213562373095,-0.1,0.9092504374946686,1.2605615850848162,1.5,0.15
639.5803,7.129,-0.117,-0.033,3.156,-0.033,-0.026,-0.097,0.001,-0.001,-0.097,0.0,-0.001,0.473,0.121,0.096,0.004,0.007,-0.003,-0.0,0.0,0.0,826.225,-0.0,0.0,-0.0,0.0,0.0,0.0,0.0,0.0,-0.6822,0.6962,-0.2234,0.7258,0.6817,-0.0921,0.0882,-0.225,-0.9704,0.676,0.226,-0.7014,-0.7316,0.0917,-0.6755,-0.0884,0.9698,0.2273,-0.0,0.0001,0.0001,0.0,0.0,0.0,-0.0221,-0.0076,-0.094,18.5863,16.9004,2.6301,0.0,0.0433,-0.3606,0.0,0.0,0.0,4690447.5684,4484178.4252,-1801253.3275,1994.8154,866.6466,7379.2173,4690428.9821,4484161.5248,-1801255.9576,1994.8375,866.6542,7379.3113,0.0,0.0765,3.9732,0.0,0.0,1.0,0.0,1.0,0.0,0.0,1.172,-23.972,0.0,1.0,0.0,0.0,0.0,-1.0,0.12156479753612887,0.001414213562373095,-0.1,0.9341424564771922,1.2570350454706467,1.5,0.15
639.7829,7.11,-0.116,-0.034,3.137,-0.033,-0.026,-0.097,0.001,-0.001,-0.097,0.001,-0.001,0.474,0.123,0.095,0.004,0.007,-0.003,-0.0,0.0,0.0,826.225,-0.0,0.0,-0.0,0.0,0.0,0.0,0.0,0.0,-0.6822,0.6962,-0.2234,0.7258,0.6817,-0.0921,0.0882,-0.225,-0.9704,0.676,0.226,-0.7014,-0.7316,0.0917,-0.6755,-0.0884,0.9698,0.2273,-0.0,0.0001,0.0001,0.0,0.0,0.0,-0.0221,-0.0076,-0.094,18.5818,16.8988,2.6111,0.0,0.0433,-0.3606,0.0,0.0,0.0,4690851.1909,4484353.7132,-1799759.7396,1993.5764,865.4621,7379.6929,4690832.6092,4484336.8144,-1799762.3507,1993.5985,865.4697,7379.7869,0.0,0.0765,3.9732,0.0,0.0,1.0,0.0,1.0,0.0,0.0,1.172,-23.972,0.0,1.0,0.0,0.0,0.0,-1.0,0.12088010589009261,0.001414213562373095,-0.1,0.917289096667479,1.2536848328371861,1.5,0.15
639.9858,7.09,-0.116,-0.034,3.117,-0.033,-0.026,-0.097,0.001,-0.001,-0.097,0.001,-0.001,0.475,0.124,0.094,0.004,0.007,-0.003,-0.0,0.0,0.0,826.225,-0.0,0.0,-0.0,0.0,0.0,0.0,0.0,0.0,-0.6822,0.6961,-0.2234,0.7258,0.6817,-0.0921,0.0882,-0.225,-0.9704,0.676,0.226,-0.7014,-0.7316,0.0917,-0.6755,-0.0884,0.9698,0.2273,-0.0,0.0001,0.0001,0.0,0.0,0.0,-0.0221,-0.0076,-0.094,18.5773,16.8973,2.5919,0.0,0.0433,-0.3606,0.0,0.0,0.0,4691257.2152,4484529.9124,-1798256.2257,1992.3291,864.2698,7380.1712,4691238.6379,4484513.0151,-1798258.8176,1992.3512,864.2774,7380.2653,0.0,0.0765,3.9732,0.0,0.0,1.0,0.0,1.0,0.0,0.0,1.172,-23.972,0.0,1.0,0.0,0.0,0.0,-1.0,0.12088010589009261,0.001414213562373095,-0.1,0.9165092041363604,1.2501582932230166,1.5,0.15
640.1907,7.07,-0.116,-0.034,3.097,-0.033,-0.026,-0.097,0.001,-0.001,-0.097,0.001,-0.001,0.476,0.126,0.094,0.004,0.007,-0.003,-0.0,0.0,0.0,826.225,-0.0,0.0,-0.0,0.0,0.0,0.0,0.0,0.0,-0.6823,0.6961,-0.2234,0.7258,0.6817,-0.0922,0.0881,-0.225,-0.9704,0.676,0.226,-0.7014,-0.7316,0.0917,-0.6755,-0.0884,0.9698,0.2273,-0.0,0.0001,0.0001,0.0,0.0,0.0,-0.0221,-0.0076,-0.094,18.5728,16.8957,2.5726,0.0,0.0433,-0.3606,0.0,0.0,0.0,4691665.9987,4484707.1746,-1796741.4479,1991.0725,863.0685,7380.6527,4691647.426,4484690.2789,-1796744.0205,1991.0946,863.0761,7380.7467,0.0,0.0765,3.9732,0.0,0.0,1.0,0.0,1.0,0.0,0.0,1.172,-23.972,0.0,1.0,0.0,0.0,0.0,-1.0,0.12088010589009261,0.001414213562373095,-0.1,0.9157252393992813,1.2466317536088474,1.5,0.15
640.3954,7.05,-0.116,-0.034,3.077,-0.033,-0.026,-0.097,0.001,-0.001,-0.097,0.001,-0.001,0.476,0.127,0.093,0.004,0.007,-0.003,-0.0,0.0,0.0,826.225,-0.0,0.0,-0.0,0.0,0.0,0.0,0.0,0.0,-0.6823,0.6961,-0.2234,0.7258,0.6817,-0.0922,0.0881,-0.225,-0.9704,0.676,0.226,-0.7014,-0.7316,0.0917,-0.6755,-0.0884,0.9698,0.2273,-0.0,0.0001,0.0001,0.0,0.0,0.0,-0.0221,-0.0076,-0.094,18.5682,16.8942,2.5534,0.0,0.0433,-0.3606,0.0,0.0,0.0,4692072.2451,4484883.203,-1795235.0268,1989.8227,861.874,7381.1311,4692053.6768,4484866.3088,-1795237.5802,1989.8449,861.8815,7381.2251,0.0,0.0765,3.9732,0.0,0.0,1.0,0.0,1.0,0.0,0.0,1.172,-23.972,0.0,1.0,0.0,0.0,0.0,-1.0,0.12088010589009261,0.001414213562373095,-0.1,0.9149371731305039,1.243105213994678,1.5,0.15
640.6017,7.03,-0.116,-0.034,3.057,-0.033,-0.026,-0.097,0.001,-0.001,-0.097,0.001,-0.001,0.477,0.128,0.093,0.004,0.007,-0.003,-0.0,0.0,0.0,826.225,-0.0,0.0,-0.0,0.0,0.0,0.0,0.0,0.0,-0.6823,0.6961,-0.2234,0.7258,0.6817,-0.0922,0.0881,-0.225,-0.9704,0.676,0.226,-0.7014,-0.7316,0.0917,-0.6755,-0.0884,0.9698,0.2273,-0.0,0.0001,0.0001,0.0,0.0,0.0,-0.0221,-0.0076,-0.094,18.5637,16.8926,2.5341,0.0,0.0433,-0.3606,0.0,0.0,0.0,4692481.6738,4485060.4757,-1793715.7427,1988.5623,860.6692,7381.6131,4692463.1101,4485043.5831,-1793718.2768,1988.5844,860.6768,7381.7072,0.0,0.0765,3.9732,0.0,0.0,1.0,0.0,1.0,0.0,0.0,1.172,-23.972,0.0,1.0,0.0,0.0,0.0,-1.0,0.12088010589009261,0.001414213562373095,-0.1,0.9141449757688859,1.2395786743805088,1.5,0.15
640.8085,7.01,-0.116,-0.035,3.037,-0.033,-0.026,-0.097,0.001,-0.001,-0.097,0.001,-0.001,0.478,0.13,0.092,0.004,0.007,-0.003,-0.0,0.0,0.0,826.225,-0.0,0.0,-0.0,0.0,0.0,0.0,0.0,0.0,-0.6823,0.6961,-0.2234,0.7257,0.6818,-0.0922,0.0881,-0.2251,-0.9704,0.676,0.226,-0.7014,-0.7316,0.0917,-0.6755,-0.0884,0.9698,0.2273,-0.0,0.0001,0.0001,0.0,0.0,0.0,-0.0221,-0.0076,-0.0941,18.5591,16.891,2.5146,0.0,0.0433,-0.3606,0.0,0.0,0.0,4692893.0378,4485238.4491,-1792188.2134,1987.295,859.458,7382.0973,4692874.4787,4485221.5581,-1792190.728,1987.3171,859.4655,7382.1914,0.0,0.0765,3.9732,0.0,0.0,1.0,0.0,1.0,0.0,0.0,1.172,-23.972,0.0,1.0,0.0,0.0,0.0,-1.0,0.12116517651536683,0.001414213562373095,-0.1,0.9116680306412573,1.2360521347663393,1.5,0.15
641.0135,6.99,-0.116,-0.035,3.017,-0.033,-0.026,-0.097,0.001,-0.001,-0.097,0.001,-0.001,0.479,0.131,0.092,0.004,0.007,-0.003,-0.0,0.0,0.0,826.225,-0.0,0.0,-0.0,0.0,0.0,0.0,0.0,0.0,-0.6823,0.6961,-0.2234,0.7257,0.6818,-0.0923,0.0881,-0.2251,-0.9704,0.676,0.226,-0.7014,-0.7316,0.0917,-0.6755,-0.0884,0.9698,0.2273,-0.0,0.0001,0.0001,0.0,0.0,0.0,-0.0221,-0.0076,-0.0941,18.5546,16.8895,2.4953,0.0,0.0433,-0.3606,0.0,0.0,0.0,4693300.4426,4485414.5747,-1790674.3199,1986.039,858.2575,7382.5768,4693281.888,4485397.6853,-1790676.8152,1986.0611,858.2651,7382.6708,0.0,0.0765,3.9732,0.0,0.0,1.0,0.0,1.0,0.0,0.0,1.172,-23.972,0.0,1.0,0.0,0.0,0.0,-1.0,0.12116517651536683,0.001414213562373095,-0.1,0.9108548359612426,1.2325255951521703,1.5,0.15
641.2164,6.971,-0.115,-0.035,2.998,-0.033,-0.026,-0.097,0.001,-0.001,-0.097,0.001,-0.001,0.48,0.133,0.091,0.004,0.007,-0.003,-0.0,0.0,0.0,826.225,-0.0,0.0,-0.0,0.0,0.0,0.0,0.0,0.0,-0.6823,0.6961,-0.2234,0.7257,0.6818,-0.0923,0.088,-0.2251,-0.9704,0.676,0.226,-0.7014,-0.7316,0.0917,-0.6755,-0.0884,0.9698,0.2273,-0.0,0.0001,0.0001,0.0,0.0,0.0,-0.0221,-0.0076,-0.0941,18.5501,16.8879,2.4762,0.0,0.0433,-0.3606,0.0,0.0,0.0,4693703.5371,4485588.7039,-1789175.4079,1984.7954,857.069,7383.051,4693684.987,4485571.816,-1789177.8841,1984.8174,857.0766,7383.1451,0.0,0.0765,3.9732,0.0,0.0,1.0,0.0,1.0,0.0,0.0,1.172,-23.972,0.0,1.0,0.0,0.0,0.0,-1.0,0.12020815280171308,0.001414213562373095,-0.1,0.8957528268241405,1.2291753825187093,1.5,0.15
641.4176,6.951,-0.115,-0.035,2.978,-0.032,-0.027,-0.097,0.001,-0.001,-0.097,0.001,-0.001,0.481,0.134,0.091,0.004,0.007,-0.003,-0.0,0.0,0.0,826.225,-0.0,0.0,-0.0,0.0,0.0,0.0,0.0,0.0,-0.6824,0.6961,-0.2234,0.7257,0.6818,-0.0923,0.088,-0.2251,-0.9704,0.676,0.226,-0.7014,-0.7316,0.0917,-0.6755,-0.0884,0.9698,0.2273,-0.0,0.0001,0.0001,0.0,0.0,0.0,-0.0221,-0.0075,-0.0941,18.5457,16.8864,2.4573,0.0,0.0433,-0.3606,0.0,0.0,0.0,4694102.8477,4485761.0678,-1787689.5468,1983.5625,855.8909,7383.5208,4694084.302,4485744.1814,-1787692.0041,1983.5846,855.8985,7383.6148,0.0,0.0765,3.9732,0.0,0.0,1.0,0.0,1.0,0.0,0.0,1.172,-23.972,0.0,1.0,0.0,0.0,0.0,-1.0,0.12020815280171308,0.001414213562373095,-0.1,0.9209468003621645,1.22564884290454,1.5,0.15
641.6245,6.931,-0.115,-0.035,2.958,-0.032,-0.027,-0.097,0.001,-0.001,-0.097,0.001,-0.001,0.481,0.136,0.09,0.004,0.007,-0.003,-0.0,0.0,0.0,826.225,-0.0,0.0,-0.0,0.0,0.0,0.0,0.0,0.0,-0.6824,0.6961,-0.2233,0.7257,0.6818,-0.0923,0.088,-0.2251,-0.9704,0.676,0.226,-0.7014,-0.7316,0.0917,-0.6755,-0.0884,0.9698,0.2273,-0.0,0.0001,0.0001,0.0,0.0,0.0,-0.0221,-0.0075,-0.0941,18.5411,16.8848,2.4378,0.0,0.0433,-0.3606,0.0,0.0,0.0,4694513.6813,4485938.2703,-1786159.7388,1982.2932,854.678,7384.0039,4694495.1402,4485921.3855,-1786162.1766,1982.3153,854.6855,7384.098,0.0,0.0765,3.9732,0.0,0.0,1.0,0.0,1.0,0.0,0.0,1.172,-23.972,0.0,1.0,0.0,0.0,0.0,-1.0,0.12020815280171308,0.001414213562373095,-0.1,0.9201717948665283,1.2221223032903707,1.5,0.15
641.8246,6.912,-0.115,-0.036,2.939,-0.032,-0.027,-0.097,0.001,-0.001,-0.097,0.001,-0.001,0.482,0.137,0.09,0.004,0.007,-0.003,-0.0,0.0,0.0,826.225,-0.0,0.0,-0.0,0.0,0.0,0.0,0.0,0.0,-0.6824,0.696,-0.2233,0.7257,0.6818,-0.0924,0.088,-0.2251,-0.9704,0.676,0.226,-0.7014,-0.7316,0.0917,-0.6755,-0.0884,0.9698,0.2273,-0.0,0.0001,0.0001,0.0,0.0,0.0,-0.0221,-0.0075,-0.0941,18.5367,16.8833,2.419,0.0,0.0433,-0.3606,0.0,0.0,0.0,4694910.4922,4486109.2932,-1784681.1237,1981.0664,853.5056,7384.4705,4694891.9555,4486092.4099,-1784683.5426,1981.0884,853.5132,7384.5646,0.0,0.0765,3.9732,0.0,0.0,1.0,0.0,1.0,0.0,0.0,1.172,-23.972,0.0,1.0,0.0,0.0,0.0,-1.0,0.12050311199301038,0.001414213562373095,-0.1,0.9175669328816124,1.21877209065691,1.5,0.15
642.0315,6.892,-0.115,-0.036,2.919,-0.032,-0.027,-0.097,0.001,-0.001,-0.097,0.001,-0.001,0.483,0.138,0.089,0.004,0.007,-0.003,-0.0,0.0,0.0,826.225,-0.0,0.0,-0.0,0.0,0.0,0.0,0.0,0.0,-0.6824,0.696,-0.2233,0.7257,0.6818,-0.0924,0.088,-0.2251,-0.9704,0.676,0.226,-0.7014,-0.7316,0.0917,-0.6755,-0.0884,0.9698,0.2273,-0.0,0.0001,0.0001,0.0,0.0,0.0,-0.022,-0.0075,-0.0941,18.5322,16.8817,2.3996,0.0,0.0433,-0.3606,0.0,0.0,0.0,4695318.8476,4486285.1569,-1783158.4394,1979.8029,852.2984,7384.9506,4695300.3154,4486268.2752,-1783160.8389,1979.825,852.3059,7385.0446,0.0,0.0765,3.9732,0.0,0.0,1.0,0.0,1.0,0.0,0.0,1.172,-23.972,0.0,1.0,0.0,0.0,0.0,-1.0,0.12050311199301038,0.001414213562373095,-0.1,0.9167705789540528,1.2152455510427407,1.5,0.15
642.2318,6.872,-0.115,-0.036,2.899,-0.032,-0.027,-0.097,0.001,-0.001,-0.097,0.001,-0.001,0.484,0.14,0.088,0.004,0.007,-0.003,-0.0,0.0,0.0,826.225,-0.0,0.0,-0.0,0.0,0.0,0.0,0.0,0.0,-0.6824,0.696,-0.2233,0.7257,0.6818,-0.0924,0.0879,-0.2251,-0.9704,0.676,0.226,-0.7014,-0.7316,0.0917,-0.6755,-0.0884,0.9698,0.2273,-0.0,0.0001,0.0001,0.0,0.0,0.0,-0.022,-0.0075,-0.0941,18.5277,16.8802,2.3807,0.0,0.0433,-0.3606,0.0,0.0,0.0,4695715.4675,4486455.8358,-1781678.4838,1978.5749,851.1251,7385.4167,4695696.9397,4486438.9556,-1781680.8645,1978.5969,851.1326,7385.5108,0.0,0.0765,3.9732,0.0,0.0,1.0,0.0,1.0,0.0,0.0,1.172,-23.972,0.0,1.0,0.0,0.0,0.0,-1.0,0.12050311199301038,0.001414213562373095,-0.1,0.9159700375541326,1.2117190114285712,1.5,0.15
642.439,6.852,-0.114,-0.036,2.879,-0.032,-0.027,-0.097,0.001,-0.001,-0.097,0.001,-0.001,0.485,0.141,0.088,0.004,0.007,-0.003,-0.0,0.0,0.0,826.225,-0.0,0.0,-0.0,0.0,0.0,0.0,0.0,0.0,-0.6824,0.696,-0.2233,0.7256,0.6818,-0.0924,0.0879,-0.2251,-0.9704,0.676,0.226,-0.7014,-0.7316,0.0917,-0.6755,-0.0884,0.9698,0.2273,-0.0,0.0001,0.0001,0.0,0.0,0.0,-0.022,-0.0075,-0.0941,18.5232,16.8786,2.3611,0.0,0.0433,-0.3606,0.0,0.0,0.0,4696126.6209,4486632.6323,-1780143.2308,1977.301,849.9079,7385.8999,4696108.0977,4486615.7537,-1780145.5919,1977.323,849.9154,7385.994,0.0,0.0765,3.9732,0.0,0.0,1.0,0.0,1.0,0.0,0.0,1.172,-23.972,0.0,1.0,0.0,0.0,0.0,-1.0,0.11954915307102766,0.001414213562373095,-0.1,0.9008639689922425,1.2081924718144021,1.5,0.15
642.6464,6.832,-0.114,-0.036,2.859,-0.032,-0.027,-0.097,0.001,-0.001,-0.097,0.001,-0.001,0.486,0.143,0.087,0.004,0.007,-0.003,-0.0,0.0,0.0,826.225,-0.0,0.0,-0.0,0.0,0.0,0.0,0.0,0.0,-0.6824,0.696,-0.2233,0.7256,0.6818,-0.0925,0.0879,-0.2251,-0.9704,0.676,0.226,-0.7014,-0.7316,0.0917,-0.6755,-0.0884,0.9698,0.2273,-0.0,0.0001,0.0001,0.0,0.0,0.0,-0.022,-0.0075,-0.0941,18.5186,16.8771,2.3417,0.0,0.0433,-0.3606,0.0,0.0,0.0,4696535.483,4486808.3055,-1778615.452,1976.0332,848.6967,7386.3802,4696516.9644,4486791.4284,-1778617.7936,1976.0552,848.7042,7386.4743,0.0,0.0765,3.9732,0.0,0.0,1.0,0.0,1.0,0.0,0.0,1.172,-23.972,0.0,1.0,0.0,0.0,0.0,-1.0,0.11954915307102766,0.001414213562373095,-0.1,0.9000567190893765,1.2046659322002327,1.5,0.15
642.8522,6.812,-0.114,-0.037,2.839,-0.032,-0.027,-0.097,0.001,-0.001,-0.097,0.001,-0.001,0.486,0.144,0.087,0.004,0.007,-0.003,-0.0,0.0,0.0,826.225,-0.0,0.0,-0.0,0.0,0.0,0.0,0.0,0.0,-0.6825,0.696,-0.2233,0.7256,0.6819,-0.0925,0.0879,-0.2251,-0.9704,0.676,0.226,-0.7014,-0.7316,0.0917,-0.6755,-0.0884,0.9698,0.2273,-0.0,0.0001,0.0001,0.0,0.0,0.0,-0.022,-0.0075,-0.0941,18.5141,16.8755,2.3223,0.0,0.0433,-0.3606,0.0,0.0,0.0,4696943.0446,4486983.2825,-1777091.4594,1974.7685,847.4886,7386.8589,4696924.5305,4486966.4069,-1777093.7816,1974.7905,847.4961,7386.953,0.0,0.0765,3.9732,0.0,0.0,1.0,0.0,1.0,0.0,0.0,1.172,-23.972,0.0,1.0,0.0,0.0,0.0,-1.0,0.11985407794480754,0.001414213562373095,-0.1,0.8975085843096183,1.2011393925860634,1.5,0.15
643.0574,6.792,-0.114,-0.037,2.819,-0.031,-0.027,-0.097,0.001,-0.001,-0.097,0.001,-0.001,0.487,0.146,0.086,0.004,0.007,-0.003,-0.0,0.0,0.0,826.225,-0.0,0.0,-0.0,0.0,0.0,0.0,0.0,0.0,-0.6825,0.696,-0.2233,0.7256,0.6819,-0.0925,0.0879,-0.2251,-0.9704,0.676,0.226,-0.7014,-0.7316,0.0917,-0.6755,-0.0884,0.9698,0.2273,-0.0,0.0001,0.0001,0.0,0.0,0.0,-0.022,-0.0075,-0.0941,18.5096,16.874,2.3029,0.0,0.0433,-0.3606,0.0,0.0,0.0,4697348.3966,4487157.1746,-1775574.6609,1973.5098,846.2862,7387.3349,4697329.887,4487140.3006,-1775576.9638,1973.5318,846.2937,7387.429,0.0,0.0765,3.9732,0.0,0.0,1.0,0.0,1.0,0.0,0.0,1.172,-23.972,0.0,1.0,0.0,0.0,0.0,-1.0,0.11985407794480754,0.001414213562373095,-0.1,0.9200544391382713,1.1976128529718941,1.5,0.15
643.2621,6.772,-0.114,-0.037,2.799,-0.031,-0.028,-0.097,0.001,-0.001,-0.097,0.001,-0.001,0.488,0.147,0.086,0.004,0.007,-0.003,-0.0,0.0,0.0,826.225,-0.0,0.0,-0.0,0.0,0.0,0.0,0.0,0.0,-0.6825,0.696,-0.2233,0.7256,0.6819,-0.0925,0.0878,-0.2252,-0.9704,0.676,0.226,-0.7014,-0.7316,0.0917,-0.6755,-0.0884,0.9698,0.2273,-0.0,0.0001,0.0001,0.0,0.0,0.0,-0.022,-0.0075,-0.0941,18.5051,16.8724,2.2838,0.0,0.0433,-0.3606,0.0,0.0,0.0,4697750.4372,4487329.5116,-1774069.2029,1972.2605,845.0928,7387.8069,4697731.9321,4487312.6391,-1774071.4866,1972.2825,845.1003,7387.9011,0.0,0.0765,3.9732,0.0,0.0,1.0,0.0,1.0,0.0,0.0,1.172,-23.972,0.0,1.0,0.0,0.0,0.0,-1.0,0.11985407794480754,0.001414213562373095,-0.1,0.9221713285570604,1.1940863133577249,1.5,0.15
643.4667,6.753,-0.114,-0.037,2.779,-0.031,-0.028,-0.097,0.001,-0.001,-0.097,0.001,-0.001,0.489,0.148,0.085,0.004,0.007,-0.003,-0.0,0.0,0.0,826.225,-0.0,0.0,-0.0,0.0,0.0,0.0,0.0,0.0,-0.6825,0.6959,-0.2232,0.7256,0.6819,-0.0926,0.0878,-0.2252,-0.9704,0.676,0.226,-0.7014,-0.7316,0.0917,-0.6755,-0.0884,0.9698,0.2273,-0.0,0.0001,0.0001,0.0,0.0,0.0,-0.022,-0.0075,-0.0941,18.5006,16.8709,2.2644,0.0,0.0433,-0.3606,0.0,0.0,0.0,4698155.4584,4487502.9907,-1772551.5186,1971.001,843.8897,7388.2824,4698136.9578,4487486.1198,-1772553.783,1971.023,843.8972,7388.3765,0.0,0.0765,3.9732,0.0,0.0,1.0,0.0,1.0,0.0,0.0,1.172,-23.972,0.0,1.0,0.0,0.0,0.0,-1.0,0.11985407794480754,0.001414213562373095,-0.1,0.921092079402936,1.190736100724264,1.5,0.15
643.6718,6.733,-0.113,-0.038,2.76,-0.031,-0.028,-0.097,0.001,-0.001,-0.097,0.001,-0.001,0.49,0.15,0.085,0.004,0.007,-0.003,-0.0,0.0,0.0,826.225,-0.0,0.0,-0.0,0.0,0.0,0.0,0.0,0.0,-0.6825,0.6959,-0.2232,0.7256,0.6819,-0.0926,0.0878,-0.2252,-0.9704,0.676,0.226,-0.7014,-0.7316,0.0917,-0.6755,-0.0884,0.9698,0.2273,-0.0,0.0001,0.0001,0.0,0.0,0.0,-0.022,-0.0075,-0.0941,18.4961,16.8694,2.2451,0.0,0.0433,-0.3606,0.0,0.0,0.0,4698559.0068,4487675.7033,-1771038.2903,1969.7451,842.6902,7388.7559,4698540.5108,4487658.8339,-1771040.5355,1969.7671,842.6977,7388.8501,0.0,0.0765,3.9732,0.0,0.0,1.0,0.0,1.0,0.0,0.0,1.172,-23.972,0.0,1.0,0.0,0.0,0.0,-1.0,0.11921828718783037,0.001414213562373095,-0.1,0.9044430905600099,1.1872095611100946,1.5,0.15
643.8804,6.713,-0.113,-0.038,2.739,-0.031,-0.028,-0.097,0.001,-0.001,-0.097,0.001,-0.001,0.491,0.151,0.084,0.004,0.007,-0.003,-0.0,0.0,0.0,826.225,-0.0,0.0,-0.0,0.0,0.0,0.0,0.0,0.0,-0.6825,0.6959,-0.2232,0.7256,0.6819,-0.0926,0.0878,-0.2252,-0.9704,0.676,0.226,-0.7014,-0.7316,0.0917,-0.6755,-0.0884,0.9698,0.2273,-0.0,0.0001,0.0001,0.0,0.0,0.0,-0.022,-0.0074,-0.0941,18.4915,16.8678,2.2256,0.0,0.0433,-0.3606,0.0,0.0,0.0,4698967.9496,4487850.586,-1769503.7537,1968.4716,841.4739,7389.2358,4698949.4581,4487833.7182,-1769505.9793,1968.4936,841.4813,7389.3299,0.0,0.0765,3.9732,0.0,0.0,1.0,0.0,1.0,0.0,0.0,1.172,-23.972,0.0,1.0,0.0,0.0,0.0,-1.0,0.11921828718783037,0.001414213562373095,-0.1,0.9033058423097189,1.1836830214959253,1.5,0.15
644.0878,6.692,-0.113,-0.038,2.719,-0.031,-0.028,-0.097,0.001,-0.001,-0.097,0.001,-0.001,0.491,0.153,0.084,0.004,0.007,-0.003,-0.0,0.0,0.0,826.225,-0.0,0.0,-0.0,0.0,0.0,0.0,0.0,0.0,-0.6826,0.6959,-0.2232,0.7255,0.6819,-0.0926,0.0877,-0.2252,-0.9704,0.676,0.226,-0.7014,-0.7316,0.0917,-0.6755,-0.0884,0.9698,0.2273,-0.0,0.0001,0.0001,0.0,0.0,0.0,-0.022,-0.0074,-0.0941,18.4869,16.8662,2.206,0.0,0.0433,-0.3606,0.0,0.0,0.0,4699377.6746,4488025.6633,-1767965.1823,1967.1947,840.2543,7389.7164,4699359.1877,4488008.797,-1767967.3883,1967.2166,840.2618,7389.8105,0.0,0.0765,3.9732,0.0,0.0,1.0,0.0,1.0,0.0,0.0,1.172,-23.972,0.0,1.0,0.0,0.0,0.0,-1.0,0.11921828718783037,0.001414213562373095,-0.1,0.9027855314457502,1.1799801549010476,1.5,0.15
644.2951,6.672,-0.113,-0.038,2.699,-0.031,-0.028,-0.097,0.001,-0.001,-0.097,0.001,-0.001,0.492,0.154,0.083,0.004,0.007,-0.003,-0.0,0.0,0.0,826.225,-0.0,0.0,-0.0,0.0,0.0,0.0,0.0,0.0,-0.6826,0.6959,-0.2232,0.7255,0.6819,-0.0927,0.0877,-0.2252,-0.9704,0.676,0.226,-0.7014,-0.7316,0.0917,-0.6755,-0.0884,0.9698,0.2273,-0.0,0.0001,0.0001,0.0,0.0,0.0,-0.022,-0.0074,-0.0942,18.4824,16.8647,2.1865,0.0,0.0433,-0.3606,0.0,0.0,0.0,4699784.2296,4488199.2473,-1766437.4276,1965.9267,839.0434,7390.1932,4699765.7473,4488182.3826,-1766439.6141,1965.9487,839.0509,7390.2873,0.0,0.0765,3.9732,0.0,0.0,1.0,0.0,1.0,0.0,0.0,1.172,-23.972,0.0,1.0,0.0,0.0,0.0,-1.0,0.11921828718783037,0.001414213562373095,-0.1,0.9019704907018997,1.1764536152868783,1.5,0.15
644.4989,6.652,-0.113,-0.038,2.679,-0.03,-0.028,-0.097,0.001,-0.001,-0.097,0.001,-0.001,0.493,0.156,0.082,0.004,0.007,-0.003,-0.0,0.0,0.0,826.225,-0.0,0.0,-0.0,0.0,0.0,0.0,0.0,0.0,-0.6826,0.6959,-0.2232,0.7255,0.6819,-0.0927,0.0877,-0.2252,-0.9704,0.676,0.226,-0.7014,-0.7316,0.0917,-0.6755,-0.0884,0.9698,0.2273,-0.0,0.0001,0.0001,0.0,0.0,0.0,-0.0219,-0.0074,-0.0942,18.4779,16.8632,2.1673,0.0,0.0433,-0.3606,0.0,0.0,0.0,4700185.7617,4488370.5503,-1764927.4888,1964.6735,837.8466,7390.664,4700167.2837,4488353.6871,-1764929.6561,1964.6954,837.8541,7390.7581,0.0,0.0765,3.9732,0.0,0.0,1.0,0.0,1.0,0.0,0.0,1.172,-23.972,0.0,1.0,0.0,0.0,0.0,-1.0,0.11921828718783037,0.001414213562373095,-0.1,0.9246877333036714,1.172927075672709,1.5,0.15
644.7031,6.633,-0.112,-0.039,2.66,-0.03,-0.028,-0.097,0.001,-0.001,-0.097,0.001,-0.001,0.494,0.157,0.082,0.004,0.007,-0.003,-0.0,0.0,0.0,826.225,-0.0,0.0,-0.0,0.0,0.0,0.0,0.0,0.0,-0.6826,0.6959,-0.2232,0.7255,0.6819,-0.0927,0.0877,-0.2252,-0.9704,0.676,0.226,-0.7014,-0.7316,0.0917,-0.6755,-0.0884,0.9698,0.2273,-0.0,0.0001,0.0001,0.0,0.0,0.0,-0.0219,-0.0074,-0.0942,18.4734,16.8616,2.148,0.0,0.0433,-0.3606,0.0,0.0,0.0,4700587.9506,4488541.9982,-1763414.0114,1963.4173,836.6471,7391.1355,4700569.4772,4488525.1365,-1763416.1594,1963.4392,836.6545,7391.2296,0.0,0.0765,3.9732,0.0,0.0,1.0,0.0,1.0,0.0,0.0,1.172,-23.972,0.0,1.0,0.0,0.0,0.0,-1.0,0.11859595271340419,0.001414213562373095,-0.1,0.9078848272364567,1.1695768630392482,1.5,0.15
644.9071,6.613,-0.112,-0.039,2.64,-0.03,-0.028,-0.097,0.001,-0.001,-0.097,0.001,-0.001,0.495,0.159,0.081,0.004,0.007,-0.003,-0.0,0.0,0.0,826.225,-0.0,0.0,-0.0,0.0,0.0,0.0,0.0,0.0,-0.6826,0.6959,-0.2232,0.7255,0.682,-0.0927,0.0877,-0.2252,-0.9704,0.676,0.226,-0.7014,-0.7316,0.0917,-0.6755,-0.0884,0.9698,0.2273,-0.0,0.0001,0.0001,0.0,0.0,0.0,-0.0219,-0.0074,-0.0942,18.469,16.8601,2.1288,0.0,0.0433,-0.3606,0.0,0.0,0.0,4700988.2509,4488712.5056,-1761906.5867,1962.1661,835.4524,7391.6046,4700969.7819,4488695.6455,-1761908.7154,1962.188,835.4598,7391.6988,0.0,0.0765,3.9732,0.0,0.0,1.0,0.0,1.0,0.0,0.0,1.172,-23.972,0.0,1.0,0.0,0.0,0.0,-1.0,0.11859595271340419,0.001414213562373095,-0.1,0.9070709216667936,1.166050323425079,1.5,0.15
645.1138,6.593,-0.112,-0.039,2.62,-0.03,-0.029,-0.097,0.001,-0.001,-0.097,0.001,-0.001,0.496,0.16,0.081,0.004,0.007,-0.003,-0.0,0.0,0.0,826.225,-0.0,0.0,-0.0,0.0,0.0,0.0,0.0,0.0,-0.6826,0.6958,-0.2232,0.7255,0.682,-0.0928,0.0876,-0.2252,-0.9704,0.676,0.226,-0.7014,-0.7316,0.0917,-0.6755,-0.0884,0.9698,0.2273,-0.0,0.0001,0.0001,0.0,0.0,0.0,-0.0219,-0.0074,-0.0942,18.4644,16.8586,2.1094,0.0,0.0433,-0.3606,0.0,0.0,0.0,4701392.7175,4488884.6507,-1760382.3946,1960.901,834.2444,7392.0786,4701374.253,4488867.7921,-1760384.504,1960.9229,834.2518,7392.1727,0.0,0.0765,3.9732,0.0,0.0,1.0,0.0,1.0,0.0,0.0,1.172,-23.972,0.0,1.0,0.0,0.0,0.0,-1.0,0.11859595271340419,0.001414213562373095,-0.1,0.9093153237454376,1.1625237838109095,1.5,0.15
645.3174,6.573,-0.112,-0.039,2.6,-0.03,-0.029,-0.097,0.001,-0.001,-0.097,0.001,-0.001,0.496,0.161,0.08,0.004,0.007,-0.003,-0.0,0.0,0.0,826.225,-0.0,0.0,-0.0,0.0,0.0,0.0,0.0,0.0,-0.6827,0.6958,-0.2232,0.7255,0.682,-0.0928,0.0876,-0.2252,-0.9704,0.676,0.226,-0.7014,-0.7316,0.0917,-0.6755,-0.0884,0.9698,0.2273,-0.0,0.0001,0.0001,0.0,0.0,0.0,-0.0219,-0.0074,-0.0942,18.46,16.8571,2.0902,0.0,0.0433,-0.3606,0.0,0.0,0.0,4701790.9438,4489054.0046,-1758880.6648,1959.6545,833.0543,7392.5451,4701772.4837,4489037.1475,-1758882.7551,1959.6764,833.0617,7392.6393,0.0,0.0765,3.9732,0.0,0.0,1.0,0.0,1.0,0.0,0.0,1.172,-23.972,0.0,1.0,0.0,0.0,0.0,-1.0,0.11859595271340419,0.001414213562373095,-0.1,0.9085226733764412,1.1589972441967404,1.5,0.15
645.5204,6.553,-0.112,-0.039,2.58,-0.03,-0.029,-0.097,0.001,-0.001,-0.097,0.001,-0.001,0.497,0.163,0.08,0.004,0.007,-0.003,-0.0,0.0,0.0,826.225,-0.0,0.0,-0.0,0.0,0.0,0.0,0.0,0.0,-0.6827,0.6958,-0.2231,0.7255,0.682,-0.0928,0.0876,-0.2252,-0.9704,0.676,0.226,-0.7014,-0.7316,0.0917,-0.6755,-0.0884,0.9698,0.2273,-0.0,0.0001,0.0001,0.0,0.0,0.0,-0.0219,-0.0074,-0.0942,18.4555,16.8556,2.0711,0.0,0.0433,-0.3606,0.0,0.0,0.0,4702190.1295,4489223.632,-1757374.2599,1958.404,831.8604,7393.0126,4702171.674,4489206.7765,-1757376.3309,1958.4259,831.8678,7393.1068,0.0,0.0765,3.9732,0.0,0.0,1.0,0.0,1.0,0.0,0.0,1.172,-23.972,0.0,1.0,0.0,0.0,0.0,-1.0,0.11859595271340419,0.001414213562373095,-0.1,0.9077259442869591,1.155470704582571,1.5,0.15
645.7248,6.534,-0.111,-0.04,2.56,-0.029,-0.029,-0.097,0.001,-0.001,-0.097,0.001,-0.001,0.498,0.164,0.079,0.004,0.007,-0.003,-0.0,0.0,0.0,826.225,-0.0,0.0,-0.0,0.0,0.0,0.0,0.0,0.0,-0.6827,0.6958,-0.2231,0.7254,0.682,-0.0928,0.0876,-0.2252,-0.9704,0.676,0.226,-0.7014,-0.7316,0.0917,-0.6755,-0.0884,0.9698,0.2273,-0.0,0.0001,0.0001,0.0,0.0,0.0,-0.0219,-0.0074,-0.0942,18.451,16.854,2.0518,0.0,0.0433,-0.3606,0.0,0.0,0.0,4702591.0657,4489393.8671,-1755860.1872,1957.1472,830.6606,7393.4821,4702572.6147,4489377.0131,-1755862.239,1957.1691,830.668,7393.5763,0.0,0.0765,3.9732,0.0,0.0,1.0,0.0,1.0,0.0,0.0,1.172,-23.972,0.0,1.0,0.0,0.0,0.0,-1.0,0.11798728745080972,0.001414213562373095,-0.1,0.9140807850545725,1.1521204919491101,1.5,0.15
645.9304,6.514,-0.111,-0.04,2.541,-0.029,-0.029,-0.097,0.001,-0.001,-0.097,0.001,-0.001,0.499,0.166,0.079,0.004,0.007,-0.003,-0.0,0.0,0.0,826.225,-0.0,0.0,-0.0,0.0,0.0,0.0,0.0,0.0,-0.6827,0.6958,-0.2231,0.7254,0.682,-0.0929,0.0876,-0.2253,-0.9704,0.676,0.226,-0.7014,-0.7316,0.0917,-0.6755,-0.0884,0.9698,0.2273,-0.0,0.0001,0.0001,0.0,0.0,0.0,-0.0219,-0.0074,-0.0942,18.4466,16.8525,2.0325,0.0,0.0433,-0.3606,0.0,0.0,0.0,4702991.537,4489563.7684,-1754346.8025,1955.8909,829.4613,7393.951,4702973.0904,4489546.9159,-1754348.835,1955.9128,829.4687,7394.0452,0.0,0.0765,3.9732,0.0,0.0,1.0,0.0,1.0,0.0,0.0,1.172,-23.972,0.0,1.0,0.0,0.0,0.0,-1.0,0.11798728745080972,0.001414213562373095,-0.1,0.9136189605181962,1.1485939523349409,1.5,0.15
646.1356,6.494,-0.111,-0.04,2.521,-0.029,-0.029,-0.097,0.001,-0.001,-0.097,0.001,-0.001,0.5,0.167,0.078,0.004,0.007,-0.003,-0.0,0.0,0.0,826.225,-0.0,0.0,-0.0,0.0,0.0,0.0,0.0,0.0,-0.6827,0.6958,-0.2231,0.7254,0.682,-0.0929,0.0875,-0.2253,-0.9704,0.676,0.226,-0.7014,-0.7316,0.0917,-0.6755,-0.0884,0.9698,0.2273,-0.0,0.0001,0.0001,0.0,0.0,0.0,-0.0219,-0.0074,-0.0942,18.4421,16.851,2.0131,0.0,0.0433,-0.3606,0.0,0.0,0.0,4703394.6476,4489734.6517,-1752822.3636,1954.6255,828.2533,7394.4228,4703376.2055,4489717.8007,-1752824.3767,1954.6473,828.2606,7394.517,0.0,0.0765,3.9732,0.0,0.0,1.0,0.0,1.0,0.0,0.0,1.172,-23.972,0.0,1.0,0.0,0.0,0.0,-1.0,0.11798728745080972,0.001414213562373095,-0.1,0.9128236619175322,1.1450674127207716,1.5,0.15
646.3373,6.474,-0.111,-0.04,2.501,-0.029,-0.029,-0.097,0.001,-0.001,-0.097,0.001,-0.001,0.501,0.169,0.078,0.004,0.007,-0.003,-0.0,0.0,0.0,826.225,-0.0,0.0,-0.0,0.0,0.0,0.0,0.0,0.0,-0.6827,0.6958,-0.2231,0.7254,0.682,-0.0929,0.0875,-0.2253,-0.9704,0.676,0.226,-0.7014,-0.7316,0.0917,-0.6755,-0.0884,0.9698,0.2273,-0.0,0.0001,0.0001,0.0,0.0,0.0,-0.0219,-0.0074,-0.0942,18.4377,16.8495,1.9941,0.0,0.0433,-0.3606,0.0,0.0,0.0,4703788.0919,4489901.3038,-1751333.4322,1953.3894,827.0734,7394.8832,4703769.6543,4489884.4543,-1751335.4263,1953.4113,827.0808,7394.9774,0.0,0.0765,3.9732,0.0,0.0,1.0,0.0,1.0,0.0,0.0,1.172,-23.972,0.0,1.0,0.0,0.0,0.0,-1.0,0.11798728745080972,0.001414213562373095,-0.1,0.9120242208735889,1.1415408731066023,1.5,0.15
646.5435,6.454,-0.11,-0.04,2.481,-0.029,-0.029,-0.097,0.001,-0.001,-0.097,0.001,-0.001,0.501,0.17,0.077,0.004,0.007,-0.003,-0.0,0.0,0.0,826.225,-0.0,0.0,-0.0,0.0,0.0,0.0,0.0,0.0,-0.6827,0.6958,-0.2231,0.7254,0.682,-0.0929,0.0875,-0.2253,-0.9704,0.676,0.226,-0.7014,-0.7316,0.0917,-0.6755,-0.0884,0.9698,0.2273,-0.0,0.0001,0.0001,0.0,0.0,0.0,-0.0219,-0.0073,-0.0942,18.4332,16.848,1.9747,0.0,0.0433,-0.3606,0.0,0.0,0.0,4704189.1955,4490071.0638,-1749814.4522,1952.1284,825.8698,7395.3525,4704170.7623,4490054.2158,-1749816.427,1952.1503,825.8771,7395.4467,0.0,0.0765,3.9732,0.0,0.0,1.0,0.0,1.0,0.0,0.0,1.172,-23.972,0.0,1.0,0.0,0.0,0.0,-1.0,0.11704699910719625,0.001414213562373095,-0.1,0.8969341326686011,1.1380143334924329,1.5,0.15
646.7513,6.434,-0.11,-0.041,2.461,-0.028,-0.029,-0.097,0.001,-0.001,-0.097,0.001,-0.001,0.502,0.171,0.076,0.004,0.007,-0.003,-0.0,0.0,0.0,826.225,-0.0,0.0,-0.0,0.0,0.0,0.0,0.0,0.0,-0.6828,0.6958,-0.2231,0.7254,0.682,-0.093,0.0875,-0.2253,-0.9704,0.676,0.226,-0.7014,-0.7316,0.0917,-0.6755,-0.0884,0.9698,0.2273,-0.0,0.0001,0.0001,0.0,0.0,0.0,-0.0219,-0.0073,-0.0942,18.4287,16.8465,1.9552,0.0,0.0433,-0.3606,0.0,0.0,0.0,4704593.5527,4490242.0615,-1748282.057,1950.8563,824.6555,7395.8255,4704575.124,4490225.215,-1748284.0122,1950.8781,824.6629,7395.9197,0.0,0.0765,3.9732,0.0,0.0,1.0,0.0,1.0,0.0,0.0,1.172,-23.972,0.0,1.0,0.0,0.0,0.0,-1.0,0.11739250401963491,0.001414213562373095,-0.1,0.9181924984281127,1.1344877938782636,1.5,0.15
646.9518,6.414,-0.11,-0.041,2.441,-0.028,-0.03,-0.097,0.001,-0.001,-0.097,0.001,-0.001,0.503,0.173,0.076,0.004,0.007,-0.003,-0.0,0.0,0.0,826.225,-0.0,0.0,-0.0,0.0,0.0,0.0,0.0,0.0,-0.6828,0.6957,-0.2231,0.7254,0.682,-0.093,0.0875,-0.2253,-0.9704,0.676,0.226,-0.7014,-0.7316,0.0917,-0.6755,-0.0884,0.9698,0.2273,-0.0,0.0001,0.0001,0.0,0.0,0.0,-0.0219,-0.0073,-0.0942,18.4242,16.8449,1.936,0.0,0.0433,-0.3606,0.0,0.0,0.0,4704990.6918,4490409.8704,-1746775.9458,1949.6059,823.4622,7396.2899,4704972.2676,4490393.0254,-1746777.8818,1949.6277,823.4695,7396.3841,0.0,0.0765,3.9732,0.0,0.0,1.0,0.0,1.0,0.0,0.0,1.172,-23.972,0.0,1.0,0.0,0.0,0.0,-1.0,0.11739250401963491,0.001414213562373095,-0.1,0.9205453862359859,1.1309612542640943,1.5,0.15
647.1588,6.395,-0.11,-0.041,2.421,-0.028,-0.03,-0.097,0.001,-0.001,-0.097,0.001,-0.001,0.504,0.174,0.075,0.004,0.007,-0.003,-0.0,0.0,0.0,826.225,-0.0,0.0,-0.0,0.0,0.0,0.0,0.0,0.0,-0.6828,0.6957,-0.2231,0.7254,0.6821,-0.093,0.0874,-0.2253,-0.9704,0.676,0.226,-0.7014,-0.7316,0.0917,-0.6755,-0.0884,0.9698,0.2273,-0.0,0.0001,0.0001,0.0,0.0,0.0,-0.0218,-0.0073,-0.0942,18.4197,16.8434,1.9167,0.0,0.0433,-0.3606,0.0,0.0,0.0,4705389.9213,4490578.4256,-1745260.8414,1948.348,822.2617,7396.7567,4705371.5016,4490561.5822,-1745262.7582,1948.3698,822.269,7396.8509,0.0,0.0765,3.9732,0.0,0.0,1.0,0.0,1.0,0.0,0.0,1.172,-23.972,0.0,1.0,0.0,0.0,0.0,-1.0,0.11739250401963491,0.001414213562373095,-0.1,0.9194875973956189,1.1276110416306335,1.5,0.15
647.3594,6.375,-0.109,-0.041,2.402,-0.028,-0.03,-0.097,0.001,-0.001,-0.097,0.001,-0.001,0.505,0.176,0.075,0.004,0.007,-0.003,-0.0,0.0,0.0,826.225,-0.0,0.0,-0.0,0.0,0.0,0.0,0.0,0.0,-0.6828,0.6957,-0.2231,0.7253,0.6821,-0.093,0.0874,-0.2253,-0.9704,0.676,0.226,-0.7014,-0.7316,0.0917,-0.6755,-0.0884,0.9698,0.2273,-0.0,0.0001,0.0001,0.0,0.0,0.0,-0.0218,-0.0073,-0.0942,18.4154,16.842,1.8978,0.0,0.0433,-0.3606,0.0,0.0,0.0,4705781.1361,4490743.4639,-1743775.1111,1947.1145,821.0845,7397.214,4705762.7207,4490726.622,-1743777.0089,1947.1363,821.0918,7397.3082,0.0,0.0765,3.9732,0.0,0.0,1.0,0.0,1.0,0.0,0.0,1.172,-23.972,0.0,1.0,0.0,0.0,0.0,-1.0,0.1164560002747819,0.001414213562373095,-0.1,0.9047831523610421,1.1240845020164643,1.5,0.15
647.5673,6.355,-0.109,-0.042,2.382,-0.028,-0.03,-0.097,0.001,-0.001,-0.097,0.001,-0.001,0.505,0.177,0.074,0.004,0.007,-0.003,-0.0,0.0,0.0,826.225,-0.0,0.0,-0.0,0.0,0.0,0.0,0.0,0.0,-0.6828,0.6957,-0.223,0.7253,0.6821,-0.0931,0.0874,-0.2253,-0.9704,0.676,0.226,-0.7014,-0.7316,0.0917,-0.6755,-0.0884,0.9698,0.2273,-0.0,0.0001,0.0001,0.0,0.0,0.0,-0.0218,-0.0073,-0.0942,18.4109,16.8404,1.8782,0.0,0.0433,-0.3606,0.0,0.0,0.0,4706185.2754,4490913.8162,-1742239.2069,1945.8393,819.8676,7397.6863,4706166.8645,4490896.9757,-1742241.0851,1945.8611,819.8749,7397.7806,0.0,0.0765,3.9732,0.0,0.0,1.0,0.0,1.0,0.0,0.0,1.172,-23.972,0.0,1.0,0.0,0.0,0.0,-1.0,0.11681181447096864,0.001414213562373095,-0.1,0.9019669858710188,1.120557962402295,1.5,0.15
647.771,6.335,-0.109,-0.042,2.362,-0.027,-0.03,-0.097,0.001,-0.001,-0.097,0.001,-0.001,0.506,0.179,0.074,0.004,0.007,-0.003,-0.0,0.0,0.0,826.225,-0.0,0.0,-0.0,0.0,0.0,0.0,0.0,0.0,-0.6828,0.6957,-0.223,0.7253,0.6821,-0.0931,0.0874,-0.2253,-0.9704,0.676,0.226,-0.7014,-0.7316,0.0917,-0.6755,-0.0884,0.9698,0.2273,-0.0,0.0001,0.0001,0.0,0.0,0.0,-0.0218,-0.0073,-0.0943,18.4064,16.8389,1.8591,0.0,0.0433,-0.3606,0.0,0.0,0.0,4706580.558,4491080.2985,-1740735.8941,1944.5911,818.6766,7398.1482,4706562.1516,4491063.4595,-1740737.7532,1944.6129,818.6839,7398.2424,0.0,0.0765,3.9732,0.0,0.0,1.0,0.0,1.0,0.0,0.0,1.172,-23.972,0.0,1.0,0.0,0.0,0.0,-1.0,0.11681181447096864,0.001414213562373095,-0.1,0.9251925543166543,1.1170314227881255,1.5,0.15
647.9717,6.316,-0.109,-0.042,2.342,-0.027,-0.03,-0.097,0.001,-0.001,-0.097,0.001,-0.001,0.507,0.18,0.073,0.004,0.007,-0.003,-0.0,0.0,0.0,826.225,-0.0,0.0,-0.0,0.0,0.0,0.0,0.0,0.0,-0.6829,0.6957,-0.223,0.7253,0.6821,-0.0931,0.0874,-0.2253,-0.9704,0.676,0.226,-0.7014,-0.7316,0.0917,-0.6755,-0.0884,0.9698,0.2273,-0.0,0.0001,0.0001,0.0,0.0,0.0,-0.0218,-0.0073,-0.0943,18.402,16.8375,1.84,0.0,0.0433,-0.3606,0.0,0.0,0.0,4706974.3651,4491246.0246,-1739237.1417,1943.3467,817.4892,7398.6082,4706955.9631,4491229.1872,-1739238.9817,1943.3685,817.4964,7398.7024,0.0,0.0765,3.9732,0.0,0.0,1.0,0.0,1.0,0.0,0.0,1.172,-23.972,0.0,1.0,0.0,0.0,0.0,-1.0,0.11681181447096864,0.001414213562373095,-0.1,0.924132950326907,1.1136812101546647,1.5,0.15
648.1755,6.296,-0.109,-0.042,2.323,-0.027,-0.03,-0.097,0.001,-0.001,-0.097,0.001,-0.001,0.508,0.181,0.073,0.004,0.007,-0.003,-0.0,0.0,0.0,826.225,-0.0,0.0,-0.0,0.0,0.0,0.0,0.0,0.0,-0.6829,0.6957,-0.223,0.7253,0.6821,-0.0931,0.0873,-0.2253,-0.9704,0.676,0.226,-0.7014,-0.7316,0.0917,-0.6755,-0.0884,0.9698,0.2273,-0.0,0.0001,0.0001,0.0,0.0,0.0,-0.0218,-0.0073,-0.0943,18.3976,16.836,1.8209,0.0,0.0433,-0.3606,0.0,0.0,0.0,4707368.0391,4491411.5604,-1737737.8407,1942.1018,816.3014,7399.068,4707349.6415,4491394.7244,-1737739.6616,1942.1236,816.3086,7399.1622,0.0,0.0765,3.9732,0.0,0.0,1.0,0.0,1.0,0.0,0.0,1.172,-23.972,0.0,1.0,0.0,0.0,0.0,-1.0,0.11681181447096864,0.001414213562373095,-0.1,0.9236862924861354,1.1101546705404954,1.5,0.15
648.3797,6.276,-0.108,-0.042,2.303,-0.027,-0.03,-0.097,0.001,-0.001,-0.097,0.001,-0.001,0.509,0.183,0.072,0.004,0.007,-0.003,-0.0,0.0,0.0,826.225,-0.0,0.0,-0.0,0.0,0.0,0.0,0.0,0.0,-0.6829,0.6957,-0.223,0.7253,0.6821,-0.0932,0.0873,-0.2254,-0.9704,0.676,0.226,-0.7014,-0.7316,0.0917,-0.6755,-0.0884,0.9698,0.2273,-0.0,0.0001,0.0001,0.0,0.0,0.0,-0.0218,-0.0073,-0.0943,18.3932,16.8345,1.8017,0.0,0.0433,-0.3606,0.0,0.0,0.0,4707763.6682,4491577.7823,-1736230.0332,1940.8498,815.1068,7399.5299,4707745.2751,4491560.9479,-1736231.8349,1940.8716,815.1141,7399.6242,0.0,0.0765,3.9732,0.0,0.0,1.0,0.0,1.0,0.0,0.0,1.172,-23.972,0.0,1.0,0.0,0.0,0.0,-1.0,0.1158792474949678,0.001414213562373095,-0.1,0.9086270127760293,1.1066281309263262,1.5,0.15
648.5845,6.256,-0.108,-0.043,2.283,-0.027,-0.03,-0.097,0.001,-0.001,-0.097,0.001,-0.001,0.51,0.184,0.072,0.004,0.007,-0.003,-0.0,0.0,0.0,826.225,-0.0,0.0,-0.0,0.0,0.0,0.0,0.0,0.0,-0.6829,0.6956,-0.223,0.7253,0.6821,-0.0932,0.0873,-0.2254,-0.9704,0.676,0.226,-0.7014,-0.7316,0.0917,-0.6755,-0.0884,0.9698,0.2273,-0.0,0.0001,0.0001,0.0,0.0,0.0,-0.0218,-0.0073,-0.0943,18.3887,16.833,1.7823,0.0,0.0433,-0.3606,0.0,0.0,0.0,4708162.5048,4491745.214,-1734708.9181,1939.5868,813.9018,7399.9955,4708144.1161,4491728.3811,-1734710.7004,1939.6086,813.9091,7400.0898,0.0,0.0765,3.9732,0.0,0.0,1.0,0.0,1.0,0.0,0.0,1.172,-23.972,0.0,1.0,0.0,0.0,0.0,-1.0,0.11624543001770005,0.001414213562373095,-0.1,0.9059629981674222,1.103101591312157,1.5,0.15
648.7907,6.236,-0.108,-0.043,2.263,-0.026,-0.031,-0.097,0.001,-0.001,-0.097,0.001,-0.001,0.51,0.186,0.071,0.004,0.007,-0.003,-0.0,0.0,0.0,826.225,-0.0,0.0,-0.0,0.0,0.0,0.0,0.0,0.0,-0.6829,0.6956,-0.223,0.7253,0.6821,-0.0932,0.0873,-0.2254,-0.9704,0.676,0.226,-0.7014,-0.7316,0.0917,-0.6755,-0.0884,0.9698,0.2273,-0.0,0.0001,0.0001,0.0,0.0,0.0,-0.0218,-0.0073,-0.0943,18.3842,16.8315,1.7629,0.0,0.0433,-0.3606,0.0,0.0,0.0,4708561.2807,4491912.4814,-1733186.9485,1938.323,812.6961,7400.4609,4708542.8965,4491895.6499,-1733188.7114,1938.3448,812.7034,7400.5552,0.0,0.0765,3.9732,0.0,0.0,1.0,0.0,1.0,0.0,0.0,1.172,-23.972,0.0,1.0,0.0,0.0,0.0,-1.0,0.11624543001770005,0.001414213562373095,-0.1,0.932649670368576,1.0995750516979876,1.5,0.15
648.995,6.216,-0.108,-0.043,2.243,-0.026,-0.031,-0.097,0.001,-0.001,-0.097,0.001,-0.001,0.511,0.187,0.07,0.004,0.007,-0.003,-0.0,0.0,0.0,826.225,-0.0,0.0,-0.0,0.0,0.0,0.0,0.0,0.0,-0.6829,0.6956,-0.223,0.7253,0.6821,-0.0932,0.0872,-0.2254,-0.9704,0.676,0.226,-0.7014,-0.7316,0.0917,-0.6755,-0.0884,0.9698,0.2273,-0.0,0.0001,0.0001,0.0,0.0,0.0,-0.0218,-0.0072,-0.0943,18.3798,16.83,1.7436,0.0,0.0433,-0.3606,0.0,0.0,0.0,4708957.2273,4492078.4245,-1731674.6995,1937.0672,811.4982,7400.9229,4708938.8475,4492061.5945,-1731676.4432,1937.089,811.5054,7401.0172,0.0,0.0765,3.9732,0.0,0.0,1.0,0.0,1.0,0.0,0.0,1.172,-23.972,0.0,1.0,0.0,0.0,0.0,-1.0,0.11624543001770005,0.001414213562373095,-0.1,0.9319098683657534,1.0960485120838184,1.5,0.15
649.202,6.196,-0.107,-0.043,2.223,-0.026,-0.031,-0.097,0.001,-0.001,-0.097,0.001,-0.001,0.512,0.189,0.07,0.004,0.007,-0.003,-0.0,0.0,0.0,826.225,-0.0,0.0,-0.0,0.0,0.0,0.0,0.0,0.0,-0.6829,0.6956,-0.223,0.7252,0.6822,-0.0933,0.0872,-0.2254,-0.9704,0.676,0.226,-0.7014,-0.7316,0.0917,-0.6755,-0.0884,0.9698,0.2273,-0.0,0.0001,0.0001,0.0,0.0,0.0,-0.0218,-0.0072,-0.0943,18.3752,16.8285,1.7241,0.0,0.0433,-0.3606,0.0,0.0,0.0,4709358.8375,4492246.6006,-1730139.7234,1935.7926,810.2823,7401.3915,4709340.4622,4492229.7722,-1730141.4474,1935.8143,810.2895,7401.4857,0.0,0.0765,3.9732,0.0,0.0,1.0,0.0,1.0,0.0,0.0,1.172,-23.972,0.0,1.0,0.0,0.0,0.0,-1.0,0.11531695452100701,0.001414213562373095,-0.1,0.9169150516609973,1.0925219724696489,1.5,0.15
649.4095,6.176,-0.107,-0.043,2.203,-0.026,-0.031,-0.097,0.001,-0.001,-0.097,0.001,-0.001,0.513,0.19,0.069,0.004,0.007,-0.003,-0.0,0.0,0.0,826.225,-0.0,0.0,-0.0,0.0,0.0,0.0,0.0,0.0,-0.683,0.6956,-0.223,0.7252,0.6822,-0.0933,0.0872,-0.2254,-0.9704,0.676,0.226,-0.7014,-0.7316,0.0917,-0.6755,-0.0884,0.9698,0.2273,-0.0,0.0001,0.0001,0.0,0.0,0.0,-0.0218,-0.0072,-0.0943,18.3707,16.827,1.7045,0.0,0.0433,-0.3606,0.0,0.0,0.0,4709760.309,4492414.5773,-1728604.1686,1934.5174,809.0659,7401.8597,4709741.9382,4492397.7503,-1728605.8732,1934.5392,809.0732,7401.954,0.0,0.0765,3.9732,0.0,0.0,1.0,0.0,1.0,0.0,0.0,1.172,-23.972,0.0,1.0,0.0,0.0,0.0,-1.0,0.11531695452100701,0.001414213562373095,-0.1,0.9161708848592646,1.0889954328554796,1.5,0.15
649.6173,6.156,-0.107,-0.044,2.183,-0.025,-0.031,-0.097,0.001,-0.001,-0.097,0.001,-0.001,0.514,0.192,0.069,0.004,0.007,-0.003,-0.0,0.0,0.0,826.225,-0.0,0.0,-0.0,0.0,0.0,0.0,0.0,0.0,-0.683,0.6956,-0.2229,0.7252,0.6822,-0.0933,0.0872,-0.2254,-0.9704,0.676,0.226,-0.7014,-0.7316,0.0917,-0.6755,-0.0884,0.9698,0.2273,-0.0,0.0001,0.0001,0.0,0.0,0.0,-0.0217,-0.0072,-0.0943,18.3662,16.8255,1.685,0.0,0.0433,-0.3606,0.0,0.0,0.0,4710160.8732,4492582.0331,-1727070.9754,1933.2442,807.8515,7402.3268,4710142.507,4492565.2076,-1727072.6604,1933.2659,807.8587,7402.4211,0.0,0.0765,3.9732,0.0,0.0,1.0,0.0,1.0,0.0,0.0,1.172,-23.972,0.0,1.0,0.0,0.0,0.0,-1.0,0.11569356075426152,0.001414213562373095,-0.1,0.9376285643589847,1.0854688932413104,1.5,0.15
649.8214,6.136,-0.106,-0.044,2.163,-0.025,-0.031,-0.097,0.001,-0.001,-0.097,0.001,-0.001,0.515,0.193,0.068,0.004,0.007,-0.003,-0.0,0.0,0.0,826.225,-0.0,0.0,-0.0,0.0,0.0,0.0,0.0,0.0,-0.683,0.6956,-0.2229,0.7252,0.6822,-0.0933,0.0872,-0.2254,-0.9704,0.676,0.226,-0.7014,-0.7316,0.0917,-0.6755,-0.0884,0.9698,0.2273,-0.0,0.0001,0.0001,0.0,0.0,0.0,-0.0217,-0.0072,-0.0943,18.3618,16.824,1.6657,0.0,0.0433,-0.3606,0.0,0.0,0.0,4710556.0807,4492747.1108,-1725557.2011,1931.9871,806.6524,7402.7875,4710537.7189,4492730.2869,-1725558.8668,1932.0088,806.6597,7402.8818,0.0,0.0765,3.9732,0.0,0.0,1.0,0.0,1.0,0.0,0.0,1.172,-23.972,0.0,1.0,0.0,0.0,0.0,-1.0,0.11476933388322857,0.001414213562373095,-0.1,0.922610610763347,1.081942353627141,1.5,0.15
650.0299,6.116,-0.106,-0.044,2.143,-0.025,-0.031,-0.097,0.001,-0.001,-0.097,0.001,-0.001,0.515,0.194,0.068,0.004,0.007,-0.003,-0.0,0.0,0.0,826.225,-0.0,0.0,-0.0,0.0,0.0,0.0,0.0,0.0,-0.683,0.6956,-0.2229,0.7252,0.6822,-0.0934,0.0871,-0.2254,-0.9704,0.676,0.226,-0.7014,-0.7316,0.0917,-0.6755,-0.0884,0.9698,0.2273,-0.0,0.0001,0.0001,0.0,0.0,0.0,-0.0217,-0.0072,-0.0943,18.3573,16.8225,1.6461,0.0,0.0433,-0.3606,0.0,0.0,0.0,4710957.5803,4492914.6755,-1724018.22,1930.709,805.4335,7403.2555,4710939.223,4492897.8531,-1724019.8661,1930.7307,805.4407,7403.3498,0.0,0.0765,3.9732,0.0,0.0,1.0,0.0,1.0,0.0,0.0,1.172,-23.972,0.0,1.0,0.0,0.0,0.0,-1.0,0.11476933388322857,0.001414213562373095,-0.1,0.9218700038742468,1.0784158140129718,1.5,0.15
650.2327,6.096,-0.106,-0.044,2.123,-0.025,-0.031,-0.097,0.001,-0.001,-0.097,0.001,-0.001,0.516,0.196,0.067,0.004,0.007,-0.003,-0.0,0.0,0.0,826.225,-0.0,0.0,-0.0,0.0,0.0,0.0,0.0,0.0,-0.683,0.6955,-0.2229,0.7252,0.6822,-0.0934,0.0871,-0.2254,-0.9704,0.676,0.226,-0.7014,-0.7316,0.0917,-0.6755,-0.0884,0.9698,0.2273,-0.0,0.0001,0.0001,0.0,0.0,0.0,-0.0217,-0.0072,-0.0943,18.3529,16.821,1.627,0.0,0.0433,-0.3606,0.0,0.0,0.0,4711348.4158,4493077.6526,-1722519.0425,1929.4639,804.2461,7403.7109,4711330.0629,4493060.8316,-1722520.6695,1929.4856,804.2533,7403.8052,0.0,0.0765,3.9732,0.0,0.0,1.0,0.0,1.0,0.0,0.0,1.172,-23.972,0.0,1.0,0.0,0.0,0.0,-1.0,0.11476933388322857,0.001414213562373095,-0.1,0.9211257836002174,1.0748892743988026,1.5,0.15
650.435,6.077,-0.106,-0.044,2.104,-0.025,-0.032,-0.097,0.001,-0.001,-0.097,0.001,-0.001,0.517,0.197,0.067,0.004,0.007,-0.003,-0.0,0.0,0.0,826.225,-0.0,0.0,-0.0,0.0,0.0,0.0,0.0,0.0,-0.683,0.6955,-0.2229,0.7252,0.6822,-0.0934,0.0871,-0.2254,-0.9704,0.676,0.226,-0.7014,-0.7316,0.0917,-0.6755,-0.0884,0.9698,0.2273,-0.0,0.0001,0.0001,0.0,0.0,0.0,-0.0217,-0.0072,-0.0943,18.3485,16.8195,1.6079,0.0,0.0433,-0.3606,0.0,0.0,0.0,4711740.0153,4493240.8124,-1721015.8708,1928.2155,803.0555,7404.1671,4711721.6668,4493223.9929,-1721017.4786,1928.2372,803.0627,7404.2614,0.0,0.0765,3.9732,0.0,0.0,1.0,0.0,1.0,0.0,0.0,1.172,-23.972,0.0,1.0,0.0,0.0,0.0,-1.0,0.11476933388322857,0.001414213562373095,-0.1,0.9242575776568828,1.0715390617653417,1.5,0.15
650.6412,6.057,-0.105,-0.045,2.084,-0.024,-0.032,-0.097,0.001,-0.001,-0.097,0.001,-0.001,0.518,0.199,0.066,0.004,0.007,-0.003,-0.0,0.0,0.0,826.225,-0.0,0.0,-0.0,0.0,0.0,0.0,0.0,0.0,-0.6831,0.6955,-0.2229,0.7252,0.6822,-0.0934,0.0871,-0.2254,-0.9704,0.676,0.226,-0.7014,-0.7316,0.0917,-0.6755,-0.0884,0.9698,0.2273,-0.0,0.0001,0.0001,0.0,0.0,0.0,-0.0217,-0.0072,-0.0943,18.344,16.818,1.5884,0.0,0.0433,-0.3606,0.0,0.0,0.0,4712137.748,4493406.3881,-1719488.0672,1926.9466,801.8455,7404.6304,4712119.404,4493389.57,-1719489.6556,1926.9683,801.8527,7404.7247,0.0,0.0765,3.9732,0.0,0.0,1.0,0.0,1.0,0.0,0.0,1.172,-23.972,0.0,1.0,0.0,0.0,0.0,-1.0,0.11423659658795862,0.001414213562373095,-0.1,0.9313949779089365,1.0680125221511725,1.5,0.15
650.8436,6.037,-0.105,-0.045,2.064,-0.024,-0.032,-0.097,0.001,-0.001,-0.097,0.001,-0.001,0.519,0.2,0.065,0.004,0.007,-0.003,-0.0,0.0,0.0,826.225,-0.0,0.0,-0.0,0.0,0.0,0.0,0.0,0.0,-0.6831,0.6955,-0.2229,0.7251,0.6822,-0.0935,0.0871,-0.2255,-0.9704,0.676,0.226,-0.7014,-0.7316,0.0917,-0.6755,-0.0884,0.9698,0.2273,-0.0,0.0001,0.0001,0.0,0.0,0.0,-0.0217,-0.0072,-0.0943,18.3396,16.8166,1.5693,0.0,0.0433,-0.3606,0.0,0.0,0.0,4712527.6349,4493568.5609,-1717989.33,1925.7018,800.6585,7405.0844,4712509.2953,4493551.7443,-1717990.8993,1925.7235,800.6657,7405.1787,0.0,0.0765,3.9732,0.0,0.0,1.0,0.0,1.0,0.0,0.0,1.172,-23.972,0.0,1.0,0.0,0.0,0.0,-1.0,0.11423659658795862,0.001414213562373095,-0.1,0.9306945707926271,1.064485982537003,1.5,0.15
651.0484,6.017,-0.105,-0.045,2.044,-0.024,-0.032,-0.097,0.001,-0.001,-0.097,0.001,-0.001,0.52,0.202,0.065,0.004,0.007,-0.003,-0.0,0.0,0.0,826.225,-0.0,0.0,-0.0,0.0,0.0,0.0,0.0,0.0,-0.6831,0.6955,-0.2229,0.7251,0.6822,-0.0935,0.087,-0.2255,-0.9704,0.676,0.226,-0.7014,-0.7316,0.0917,-0.6755,-0.0884,0.9698,0.2273,-0.0,0.0001,0.0001,0.0,0.0,0.0,-0.0217,-0.0072,-0.0943,18.3352,16.8151,1.55,0.0,0.0433,-0.3606,0.0,0.0,0.0,4712922.2568,4493732.5652,-1716471.3117,1924.441,799.4563,7405.5438,4712903.9216,4493715.7501,-1716472.8616,1924.4627,799.4635,7405.6381,0.0,0.0765,3.9732,0.0,0.0,1.0,0.0,1.0,0.0,0.0,1.172,-23.972,0.0,1.0,0.0,0.0,0.0,-1.0,0.11423659658795862,0.001414213562373095,-0.1,0.9299909660182075,1.0609594429228337,1.5,0.15
651.2487,5.998,-0.105,-0.045,2.025,-0.024,-0.032,-0.097,0.001,-0.001,-0.097,0.001,-0.001,0.52,0.203,0.064,0.004,0.007,-0.003,-0.0,0.0,0.0,826.225,-0.0,0.0,-0.0,0.0,0.0,0.0,0.0,0.0,-0.6831,0.6955,-0.2229,0.7251,0.6822,-0.0935,0.087,-0.2255,-0.9704,0.676,0.226,-0.7014,-0.7316,0.0917,-0.6755,-0.0884,0.9698,0.2273,-0.0,0.0001,0.0001,0.0,0.0,0.0,-0.0217,-0.0072,-0.0943,18.3308,16.8136,1.5311,0.0,0.0433,-0.3606,0.0,0.0,0.0,4713306.3439,4493892.0576,-1714992.7694,1923.2129,798.2854,7405.9909,4713288.013,4493875.244,-1714994.3005,1923.2346,798.2925,7406.0852,0.0,0.0765,3.9732,0.0,0.0,1.0,0.0,1.0,0.0,0.0,1.172,-23.972,0.0,1.0,0.0,0.0,0.0,-1.0,0.11423659658795862,0.001414213562373095,-0.1,0.9293195705847339,1.057609230289373,1.5,0.15
651.4545,5.978,-0.104,-0.046,2.005,-0.023,-0.032,-0.097,0.001,-0.001,-0.097,0.001,-0.001,0.521,0.204,0.064,0.004,0.007,-0.003,-0.0,0.0,0.0,826.225,-0.0,0.0,-0.0,0.0,0.0,0.0,0.0,0.0,-0.6831,0.6955,-0.2228,0.7251,0.6823,-0.0935,0.087,-0.2255,-0.9704,0.676,0.226,-0.7014,-0.7316,0.0917,-0.6755,-0.0884,0.9698,0.2273,-0.0,0.0001,0.0001,0.0,0.0,0.0,-0.0217,-0.0071,-0.0943,18.3264,16.8122,1.5116,0.0,0.0433,-0.3606,0.0,0.0,0.0,4713703.9107,4494057.0084,-1713461.2495,1921.9408,797.0725,7406.4535,4713685.5844,4494040.1962,-1713462.7612,1921.9625,797.0797,7406.5478,0.0,0.0765,3.9732,0.0,0.0,1.0,0.0,1.0,0.0,0.0,1.172,-23.972,0.0,1.0,0.0,0.0,0.0,-1.0,0.11371895180663599,0.001414213562373095,-0.1,0.9367860762087371,1.0540826906752037,1.5,0.15
651.6615,5.958,-0.104,-0.046,1.985,-0.023,-0.032,-0.097,0.001,-0.001,-0.097,0.001,-0.001,0.522,0.206,0.063,0.004,0.007,-0.003,-0.0,0.0,0.0,826.225,-0.0,0.0,-0.0,0.0,0.0,0.0,0.0,0.0,-0.6831,0.6955,-0.2228,0.7251,0.6823,-0.0936,0.087,-0.2255,-0.9704,0.676,0.226,-0.7014,-0.7316,0.0917,-0.6755,-0.0884,0.9698,0.2273,-0.0,0.0001,0.0001,0.0,0.0,0.0,-0.0217,-0.0071,-0.0944,18.3219,16.8107,1.4922,0.0,0.0433,-0.3606,0.0,0.0,0.0,4714100.1328,4494221.2602,-1711933.8042,1920.6721,795.8629,7406.9145,4714081.8109,4494204.4495,-1711935.2964,1920.6937,795.8701,7407.0088,0.0,0.0765,3.9732,0.0,0.0,1.0,0.0,1.0,0.0,0.0,1.172,-23.972,0.0,1.0,0.0,0.0,0.0,-1.0,0.11371895180663599,0.001414213562373095,-0.1,0.9360879737223776,1.0505561510610344,1.5,0.15
651.8655,5.938,-0.104,-0.046,1.965,-0.023,-0.032,-0.097,0.001,-0.001,-0.097,0.001,-0.001,0.523,0.207,0.063,0.004,0.007,-0.003,-0.0,0.0,0.0,826.225,-0.0,0.0,-0.0,0.0,0.0,0.0,0.0,0.0,-0.6832,0.6954,-0.2228,0.7251,0.6823,-0.0936,0.087,-0.2255,-0.9704,0.676,0.226,-0.7014,-0.7316,0.0917,-0.6755,-0.0884,0.9698,0.2273,-0.0,0.0001,0.0001,0.0,0.0,0.0,-0.0217,-0.0071,-0.0944,18.3175,16.8092,1.4729,0.0,0.0433,-0.3606,0.0,0.0,0.0,4714491.4402,4494383.3361,-1710424.2203,1919.4181,794.6675,7407.3696,4714473.1226,4494366.5269,-1710425.6933,1919.4398,794.6746,7407.464,0.0,0.0765,3.9732,0.0,0.0,1.0,0.0,1.0,0.0,0.0,1.172,-23.972,0.0,1.0,0.0,0.0,0.0,-1.0,0.11371895180663599,0.001414213562373095,-0.1,0.9353866768009585,1.047029611446865,1.5,0.15
652.0715,5.918,-0.103,-0.046,1.945,-0.023,-0.032,-0.097,0.001,-0.001,-0.097,0.001,-0.001,0.524,0.209,0.062,0.004,0.007,-0.003,-0.0,0.0,0.0,826.225,-0.0,0.0,-0.0,0.0,0.0,0.0,0.0,0.0,-0.6832,0.6954,-0.2228,0.7251,0.6823,-0.0936,0.0869,-0.2255,-0.9704,0.676,0.226,-0.7014,-0.7316,0.0917,-0.6755,-0.0884,0.9698,0.2273,-0.0,0.0001,0.0001,0.0,0.0,0.0,-0.0216,-0.0071,-0.0944,18.3131,16.8077,1.4535,0.0,0.0433,-0.3606,0.0,0.0,0.0,4714887.0465,4494547.0523,-1708896.9568,1918.1495,793.4581,7407.8297,4714868.7334,4494530.2446,-1708898.4103,1918.1711,793.4652,7407.924,0.0,0.0765,3.9732,0.0,0.0,1.0,0.0,1.0,0.0,0.0,1.172,-23.972,0.0,1.0,0.0,0.0,0.0,-1.0,0.11280514172678477,0.001414213562373095,-0.1,0.9204241540355503,1.0435030718326959,1.5,0.15
652.2754,5.898,-0.103,-0.046,1.925,-0.022,-0.032,-0.097,0.001,-0.001,-0.097,0.001,-0.001,0.525,0.21,0.062,0.004,0.007,-0.003,-0.0,0.0,0.0,826.225,-0.0,0.0,-0.0,0.0,0.0,0.0,0.0,0.0,-0.6832,0.6954,-0.2228,0.7251,0.6823,-0.0936,0.0869,-0.2255,-0.9704,0.676,0.226,-0.7014,-0.7316,0.0917,-0.6755,-0.0884,0.9698,0.2273,-0.0,0.0001,0.0001,0.0,0.0,0.0,-0.0216,-0.0071,-0.0944,18.3087,16.8063,1.4342,0.0,0.0433,-0.3606,0.0,0.0,0.0,4715278.1608,4494708.7707,-1707385.9489,1916.8943,792.2616,7408.2844,4715259.8522,4494691.9644,-1707387.3831,1916.916,792.2688,7408.3787,0.0,0.0765,3.9732,0.0,0.0,1.0,0.0,1.0,0.0,0.0,1.172,-23.972,0.0,1.0,0.0,0.0,0.0,-1.0,0.11280514172678477,0.001414213562373095,-0.1,0.9444772843564354,1.0399765322185264,1.5,0.15
652.4813,5.878,-0.103,-0.047,1.905,-0.022,-0.033,-0.097,0.001,-0.001,-0.097,0.001,-0.001,0.525,0.212,0.061,0.004,0.007,-0.003,-0.0,0.0,0.0,826.225,-0.0,0.0,-0.0,0.0,0.0,0.0,0.0,0.0,-0.6832,0.6954,-0.2228,0.725,0.6823,-0.0936,0.0869,-0.2255,-0.9704,0.676,0.226,-0.7014,-0.7316,0.0917,-0.6755,-0.0884,0.9698,0.2273,-0.0,0.0001,0.0001,0.0,0.0,0.0,-0.0216,-0.0071,-0.0944,18.3042,16.8048,1.4148,0.0,0.0433,-0.3606,0.0,0.0,0.0,4715672.7672,4494871.793,-1705860.3479,1915.627,791.0536,7408.743,4715654.4631,4494854.9882,-1705861.7627,1915.6486,791.0607,7408.8374,0.0,0.0765,3.9732,0.0,0.0,1.0,0.0,1.0,0.0,0.0,1.172,-23.972,0.0,1.0,0.0,0.0,0.0,-1.0,0.11321660655575223,0.001414213562373095,-0.1,0.9454330592880287,1.036449992604357,1.5,0.15
652.6876,5.858,-0.102,-0.047,1.885,-0.022,-0.033,-0.097,0.001,-0.001,-0.097,0.001,-0.001,0.526,0.213,0.061,0.004,0.007,-0.003,-0.0,0.0,0.0,826.225,-0.0,0.0,-0.0,0.0,0.0,0.0,0.0,0.0,-0.6832,0.6954,-0.2228,0.725,0.6823,-0.0937,0.0869,-0.2255,-0.9704,0.676,0.226,-0.7014,-0.7316,0.0917,-0.6755,-0.0884,0.9698,0.2273,-0.0,0.0001,0.0001,0.0,0.0,0.0,-0.0216,-0.0071,-0.0944,18.2997,16.8033,1.3953,0.0,0.0433,-0.3606,0.0,0.0,0.0,4716068.6106,4495035.1845,-1704328.8577,1914.3548,789.841,7409.203,4716050.3109,4495018.3811,-1704330.253,1914.3764,789.8481,7409.2974,0.0,0.0765,3.9732,0.0,0.0,1.0,0.0,1.0,0.0,0.0,1.172,-23.972,0.0,1.0,0.0,0.0,0.0,-1.0,0.11230761327710602,0.001414213562373095,-0.1,0.930550958880026,1.0329234529901878,1.5,0.15
652.8932,5.838,-0.102,-0.047,1.865,-0.022,-0.033,-0.097,0.001,-0.001,-0.097,0.001,-0.001,0.527,0.214,0.06,0.004,0.007,-0.003,-0.0,0.0,0.0,826.225,-0.0,0.0,-0.0,0.0,0.0,0.0,0.0,0.0,-0.6832,0.6954,-0.2228,0.725,0.6823,-0.0937,0.0868,-0.2255,-0.9704,0.676,0.226,-0.7014,-0.7316,0.0917,-0.6755,-0.0884,0.9698,0.2273,-0.0,0.0001,0.0001,0.0,0.0,0.0,-0.0216,-0.0071,-0.0944,18.2953,16.8019,1.3759,0.0,0.0433,-0.3606,0.0,0.0,0.0,4716461.476,4495197.206,-1702807.788,1913.0911,788.6366,7409.6595,4716443.1807,4495180.4042,-1702809.1639,1913.1127,788.6437,7409.7539,0.0,0.0765,3.9732,0.0,0.0,1.0,0.0,1.0,0.0,0.0,1.172,-23.972,0.0,1.0,0.0,0.0,0.0,-1.0,0.11230761327710602,0.001414213562373095,-0.1,0.9298965821927111,1.0293969133760186,1.5,0.15
653.0997,5.818,-0.102,-0.047,1.845,-0.021,-0.033,-0.097,0.002,-0.001,-0.097,0.001,-0.001,0.528,0.216,0.059,0.004,0.007,-0.003,-0.0,0.0,0.0,826.225,-0.0,0.0,-0.0,0.0,0.0,0.0,0.0,0.0,-0.6832,0.6954,-0.2228,0.725,0.6823,-0.0937,0.0868,-0.2255,-0.9704,0.676,0.226,-0.7014,-0.7316,0.0917,-0.6755,-0.0884,0.9698,0.2273,-0.0,0.0001,0.0001,0.0,0.0,0.0,-0.0216,-0.0071,-0.0944,18.2908,16.8004,1.3564,0.0,0.0433,-0.3606,0.0,0.0,0.0,4716855.8561,4495359.7111,-1701279.7486,1911.8217,787.4268,7410.1176,4716837.5653,4495342.9107,-1701281.105,1911.8433,787.4339,7410.2119,0.0,0.0765,3.9732,0.0,0.0,1.0,0.0,1.0,0.0,0.0,1.172,-23.972,0.0,1.0,0.0,0.0,0.0,-1.0,0.11230761327710602,0.0022360679774997894,-0.1,0.9540942569014739,1.025870373761849,1.5,0.15
653.3075,5.798,-0.102,-0.047,1.825,-0.021,-0.033,-0.097,0.002,-0.001,-0.097,0.001,-0.001,0.529,0.217,0.059,0.004,0.007,-0.003,-0.0,0.0,0.0,826.225,-0.0,0.0,-0.0,0.0,0.0,0.0,0.0,0.0,-0.6833,0.6954,-0.2228,0.725,0.6823,-0.0937,0.0868,-0.2256,-0.9704,0.676,0.226,-0.7014,-0.7316,0.0917,-0.6755,-0.0884,0.9698,0.2273,-0.0,0.0001,0.0001,0.0,0.0,0.0,-0.0216,-0.0071,-0.0944,18.2864,16.7989,1.3368,0.0,0.0433,-0.3606,0.0,0.0,0.0,4717253.6751,4495523.4894,-1699737.2611,1910.5402,786.2055,7410.5795,4717235.3887,4495506.6905,-1699738.5979,1910.5618,786.2126,7410.6739,0.0,0.0765,3.9732,0.0,0.0,1.0,0.0,1.0,0.0,0.0,1.172,-23.972,0.0,1.0,0.0,0.0,0.0,-1.0,0.11230761327710602,0.0022360679774997894,-0.1,0.9534682981749663,1.02234383414768,1.5,0.15
653.5142,5.778,-0.101,-0.048,1.805,-0.021,-0.033,-0.097,0.002,-0.001,-0.097,0.001,-0.001,0.53,0.219,0.058,0.004,0.007,-0.003,-0.0,0.0,0.0,826.225,-0.0,0.0,-0.0,0.0,0.0,0.0,0.0,0.0,-0.6833,0.6954,-0.2227,0.725,0.6824,-0.0938,0.0868,-0.2256,-0.9704,0.676,0.226,-0.7014,-0.7316,0.0917,-0.6755,-0.0884,0.9698,0.2273,-0.0,0.0001,0.0001,0.0,0.0,0.0,-0.0216,-0.0071,-0.0944,18.2819,16.7974,1.3173,0.0,0.0433,-0.3606,0.0,0.0,0.0,4717647.9054,4495685.6479,-1698207.5694,1909.2694,784.9944,7411.0372,4717629.6235,4495668.8505,-1698208.8867,1909.291,785.0015,7411.1316,0.0,0.0765,3.9732,0.0,0.0,1.0,0.0,1.0,0.0,0.0,1.172,-23.972,0.0,1.0,0.0,0.0,0.0,-1.0,0.11182575731914361,0.0022360679774997894,-0.1,0.9363265938967724,1.0188172945335106,1.5,0.15
653.7197,5.758,-0.101,-0.048,1.785,-0.02,-0.033,-0.097,0.002,-0.001,-0.097,0.001,-0.001,0.53,0.22,0.058,0.004,0.007,-0.003,-0.0,0.0,0.0,826.225,-0.0,0.0,-0.0,0.0,0.0,0.0,0.0,0.0,-0.6833,0.6953,-0.2227,0.725,0.6824,-0.0938,0.0868,-0.2256,-0.9704,0.676,0.226,-0.7014,-0.7316,0.0917,-0.6755,-0.0884,0.9698,0.2273,-0.0,0.0001,0.0001,0.0,0.0,0.0,-0.0216,-0.0071,-0.0944,18.2774,16.796,1.2978,0.0,0.0433,-0.3606,0.0,0.0,0.0,4718042.7115,4495847.9006,-1696674.53,1907.9957,783.7807,7411.4955,4718024.4341,4495831.1047,-1696675.8278,1908.0173,783.7877,7411.5899,0.0,0.0765,3.9732,0.0,0.0,1.0,0.0,1.0,0.0,0.0,1.172,-23.972,0.0,1.0,0.0,0.0,0.0,-1.0,0.11182575731914361,0.0022360679774997894,-0.1,0.9607015705778623,1.0152907549193413,1.5,0.15
653.9203,5.738,-0.101,-0.048,1.765,-0.02,-0.033,-0.097,0.002,-0.001,-0.097,0.001,-0.001,0.531,0.222,0.057,0.004,0.007,-0.003,-0.0,0.0,0.0,826.225,-0.0,0.0,-0.0,0.0,0.0,0.0,0.0,0.0,-0.6833,0.6953,-0.2227,0.725,0.6824,-0.0938,0.0867,-0.2256,-0.9704,0.676,0.226,-0.7014,-0.7316,0.0917,-0.6755,-0.0884,0.9698,0.2273,-0.0,0.0001,0.0001,0.0,0.0,0.0,-0.0216,-0.0071,-0.0944,18.2731,16.7945,1.279,0.0,0.0433,-0.3606,0.0,0.0,0.0,4718423.3235,4496004.1849,-1695195.5432,1906.7669,782.6098,7411.9372,4718405.0503,4495987.3903,-1695196.8222,1906.7885,782.6168,7412.0316,0.0,0.0765,3.9732,0.0,0.0,1.0,0.0,1.0,0.0,0.0,1.172,-23.972,0.0,1.0,0.0,0.0,0.0,-1.0,0.11182575731914361,0.0022360679774997894,-0.1,0.9600844050781842,1.011764215305172,1.5,0.15
654.1278,5.718,-0.1,-0.048,1.745,-0.02,-0.034,-0.097,0.002,-0.001,-0.097,0.001,-0.001,0.532,0.223,0.057,0.004,0.007,-0.003,-0.0,0.0,0.0,826.225,-0.0,0.0,-0.0,0.0,0.0,0.0,0.0,0.0,-0.6833,0.6953,-0.2227,0.7249,0.6824,-0.0938,0.0867,-0.2256,-0.9704,0.676,0.226,-0.7014,-0.7316,0.0917,-0.6755,-0.0884,0.9698,0.2273,-0.0,0.0001,0.0001,0.0,0.0,0.0,-0.0216,-0.007,-0.0944,18.2687,16.7931,1.2594,0.0,0.0433,-0.3606,0.0,0.0,0.0,4718817.9444,4496166.0806,-1693661.0256,1905.492,781.395,7412.395,4718799.6757,4496149.2875,-1693662.285,1905.5135,781.402,7412.4894,0.0,0.0765,3.9732,0.0,0.0,1.0,0.0,1.0,0.0,0.0,1.172,-23.972,0.0,1.0,0.0,0.0,0.0,-1.0,0.11092339699089639,0.0022360679774997894,-0.1,0.94948148610223,1.0082376756910028,1.5,0.15
654.3309,5.699,-0.1,-0.048,1.725,-0.02,-0.034,-0.097,0.002,-0.001,-0.097,0.001,-0.001,0.533,0.225,0.056,0.004,0.007,-0.003,-0.0,0.0,0.0,826.225,-0.0,0.0,-0.0,0.0,0.0,0.0,0.0,0.0,-0.6833,0.6953,-0.2227,0.7249,0.6824,-0.0939,0.0867,-0.2256,-0.9704,0.676,0.226,-0.7014,-0.7316,0.0917,-0.6755,-0.0884,0.9698,0.2273,-0.0,0.0001,0.0001,0.0,0.0,0.0,-0.0216,-0.007,-0.0944,18.2643,16.7916,1.2402,0.0,0.0433,-0.3606,0.0,0.0,0.0,4719205.3179,4496324.8638,-1692153.5939,1904.2395,780.2016,7412.8443,4719187.0536,4496308.0721,-1692154.8341,1904.261,780.2086,7412.9387,0.0,0.0765,3.9732,0.0,0.0,1.0,0.0,1.0,0.0,0.0,1.172,-23.972,0.0,1.0,0.0,0.0,0.0,-1.0,0.11092339699089639,0.0022360679774997894,-0.1,0.9486347988033573,1.004887463057542,1.5,0.15
654.5345,5.679,-0.1,-0.049,1.706,-0.019,-0.034,-0.097,0.002,-0.001,-0.097,0.001,-0.001,0.534,0.226,0.056,0.004,0.007,-0.003,-0.0,0.0,0.0,826.225,-0.0,0.0,-0.0,0.0,0.0,0.0,0.0,0.0,-0.6834,0.6953,-0.2227,0.7249,0.6824,-0.0939,0.0867,-0.2256,-0.9704,0.676,0.226,-0.7014,-0.7316,0.0917,-0.6755,-0.0884,0.9698,0.2273,-0.0,0.0001,0.0001,0.0,0.0,0.0,-0.0215,-0.007,-0.0944,18.2599,16.7902,1.2209,0.0,0.0433,-0.3606,0.0,0.0,0.0,4719594.0993,4496484.0847,-1690639.5981,1902.9815,779.0031,7413.2952,4719575.8394,4496467.2945,-1690640.819,1903.003,779.0101,7413.3896,0.0,0.0765,3.9732,0.0,0.0,1.0,0.0,1.0,0.0,0.0,1.172,-23.972,0.0,1.0,0.0,0.0,0.0,-1.0,0.11135977729862791,0.0022360679774997894,-0.1,0.9709456617567749,1.0013609234433727,1.5,0.15
654.74,5.659,-0.099,-0.049,1.686,-0.019,-0.034,-0.097,0.002,-0.001,-0.097,0.001,-0.001,0.535,0.227,0.055,0.004,0.007,-0.003,-0.0,0.0,0.0,826.225,-0.0,0.0,-0.0,0.0,0.0,0.0,0.0,0.0,-0.6834,0.6953,-0.2227,0.7249,0.6824,-0.0939,0.0867,-0.2256,-0.9704,0.676,0.226,-0.7014,-0.7316,0.0917,-0.6755,-0.0884,0.9698,0.2273,-0.0,0.0001,0.0001,0.0,0.0,0.0,-0.0215,-0.007,-0.0944,18.2555,16.7887,1.2015,0.0,0.0433,-0.3606,0.0,0.0,0.0,4719984.3863,4496643.7818,-1689118.6361,1901.7177,777.7991,7413.7476,4719966.1308,4496626.9931,-1689119.8377,1901.7393,777.8061,7413.8421,0.0,0.0765,3.9732,0.0,0.0,1.0,0.0,1.0,0.0,0.0,1.172,-23.972,0.0,1.0,0.0,0.0,0.0,-1.0,0.11046266337545914,0.0022360679774997894,-0.1,0.9561716228787509,0.9978343838292033,1.5,0.15
654.9421,5.639,-0.099,-0.049,1.666,-0.019,-0.034,-0.097,0.002,-0.001,-0.097,0.001,-0.001,0.535,0.229,0.055,0.004,0.007,-0.003,-0.0,0.0,0.0,826.225,-0.0,0.0,-0.0,0.0,0.0,0.0,0.0,0.0,-0.6834,0.6953,-0.2227,0.7249,0.6824,-0.0939,0.0866,-0.2256,-0.9704,0.676,0.226,-0.7014,-0.7316,0.0917,-0.6755,-0.0884,0.9698,0.2273,-0.0,0.0001,0.0001,0.0,0.0,0.0,-0.0215,-0.007,-0.0944,18.2511,16.7873,1.1824,0.0,0.0433,-0.3606,0.0,0.0,0.0,4720369.5416,4496801.2407,-1687616.5931,1900.4696,776.6101,7414.1941,4720351.2905,4496784.4534,-1687617.7755,1900.4912,776.6171,7414.2885,0.0,0.0765,3.9732,0.0,0.0,1.0,0.0,1.0,0.0,0.0,1.172,-23.972,0.0,1.0,0.0,0.0,0.0,-1.0,0.11046266337545914,0.0022360679774997894,-0.1,0.9556111771969116,0.994307844215034,1.5,0.15
655.1474,5.619,-0.099,-0.049,1.646,-0.018,-0.034,-0.097,0.002,-0.001,-0.097,0.001,-0.001,0.536,0.23,0.054,0.004,0.007,-0.003,-0.0,0.0,0.0,826.225,-0.0,0.0,-0.0,0.0,0.0,0.0,0.0,0.0,-0.6834,0.6953,-0.2227,0.7249,0.6824,-0.094,0.0866,-0.2256,-0.9704,0.676,0.226,-0.7014,-0.7316,0.0917,-0.6755,-0.0884,0.9698,0.2273,-0.0,0.0001,0.0001,0.0,0.0,0.0,-0.0215,-0.007,-0.0944,18.2468,16.7859,1.1631,0.0,0.0433,-0.3606,0.0,0.0,0.0,4720758.1871,4496959.9871,-1686099.8439,1899.2093,775.4095,7414.6444,4720739.9403,4496943.2013,-1686101.007,1899.2308,775.4165,7414.7389,0.0,0.0765,3.9732,0.0,0.0,1.0,0.0,1.0,0.0,0.0,1.172,-23.972,0.0,1.0,0.0,0.0,0.0,-1.0,0.11046266337545914,0.0022360679774997894,-0.1,0.9802887735719449,0.9907813046008647,1.5,0.15
655.3541,5.599,-0.098,-0.05,1.626,-0.018,-0.034,-0.097,0.002,-0.001,-0.097,0.001,-0.001,0.537,0.232,0.053,0.004,0.007,-0.003,-0.0,0.0,0.0,826.225,-0.0,0.0,-0.0,0.0,0.0,0.0,0.0,0.0,-0.6834,0.6952,-0.2227,0.7249,0.6824,-0.094,0.0866,-0.2256,-0.9704,0.676,0.226,-0.7014,-0.7316,0.0917,-0.6755,-0.0884,0.9698,0.2273,-0.0,0.0001,0.0001,0.0,0.0,0.0,-0.0215,-0.007,-0.0945,18.2423,16.7844,1.1435,0.0,0.0433,-0.3606,0.0,0.0,0.0,4721151.4702,4497120.4848,-1684563.8776,1897.933,774.1937,7415.1001,4721133.2279,4497103.7004,-1684565.0211,1897.9545,774.2007,7415.1945,0.0,0.0765,3.9732,0.0,0.0,1.0,0.0,1.0,0.0,0.0,1.172,-23.972,0.0,1.0,0.0,0.0,0.0,-1.0,0.11001818031580055,0.0022360679774997894,-0.1,0.9631835093093156,0.9872547649866954,1.5,0.15
655.5579,5.579,-0.098,-0.05,1.606,-0.018,-0.034,-0.097,0.002,-0.001,-0.097,0.001,-0.001,0.538,0.233,0.053,0.004,0.007,-0.003,-0.0,0.0,0.0,826.225,-0.0,0.0,-0.0,0.0,0.0,0.0,0.0,0.0,-0.6834,0.6952,-0.2226,0.7249,0.6825,-0.094,0.0866,-0.2256,-0.9704,0.676,0.226,-0.7014,-0.7316,0.0917,-0.6755,-0.0884,0.9698,0.2273,-0.0,0.0001,0.0001,0.0,0.0,0.0,-0.0215,-0.007,-0.0945,18.2379,16.783,1.1243,0.0,0.0433,-0.3606,0.0,0.0,0.0,4721538.0154,4497278.0923,-1683053.127,1896.6776,772.9979,7415.5478,4721519.7775,4497261.3093,-1683054.2513,1896.6991,773.0048,7415.6423,0.0,0.0765,3.9732,0.0,0.0,1.0,0.0,1.0,0.0,0.0,1.172,-23.972,0.0,1.0,0.0,0.0,0.0,-1.0,0.11001818031580055,0.0022360679774997894,-0.1,0.9626344438182832,0.983728225372526,1.5,0.15
655.7639,5.559,-0.098,-0.05,1.586,-0.018,-0.034,-0.097,0.002,-0.001,-0.097,0.001,-0.001,0.539,0.235,0.052,0.004,0.007,-0.003,-0.0,0.0,0.0,826.225,-0.0,0.0,-0.0,0.0,0.0,0.0,0.0,0.0,-0.6835,0.6952,-0.2226,0.7248,0.6825,-0.094,0.0866,-0.2257,-0.9704,0.676,0.226,-0.7014,-0.7316,0.0917,-0.6755,-0.0884,0.9698,0.2273,-0.0,0.0001,0.0001,0.0,0.0,0.0,-0.0215,-0.007,-0.0945,18.2335,16.7815,1.1049,0.0,0.0433,-0.3606,0.0,0.0,0.0,4721926.963,4497436.5386,-1681531.8849,1895.4134,771.7938,7415.9982,4721908.7295,4497419.757,-1681532.9898,1895.4349,771.8008,7416.0927,0.0,0.0765,3.9732,0.0,0.0,1.0,0.0,1.0,0.0,0.0,1.172,-23.972,0.0,1.0,0.0,0.0,0.0,-1.0,0.11001818031580055,0.0022360679774997894,-0.1,0.9620837703135193,0.9802016857583569,1.5,0.15
655.9709,5.539,-0.097,-0.05,1.566,-0.017,-0.035,-0.097,0.002,-0.001,-0.097,0.001,-0.001,0.539,0.236,0.052,0.004,0.007,-0.003,-0.0,0.0,0.0,826.225,-0.0,0.0,-0.0,0.0,0.0,0.0,0.0,0.0,-0.6835,0.6952,-0.2226,0.7248,0.6825,-0.0941,0.0865,-0.2257,-0.9704,0.676,0.226,-0.7014,-0.7316,0.0917,-0.6755,-0.0884,0.9698,0.2273,-0.0,0.0001,0.0001,0.0,0.0,0.0,-0.0215,-0.007,-0.0945,18.229,16.7801,1.0852,0.0,0.0433,-0.3606,0.0,0.0,0.0,4722321.7754,4497597.2292,-1679986.573,1894.1292,770.5707,7416.4553,4722303.5463,4497580.4491,-1679987.6582,1894.1507,770.5776,7416.5498,0.0,0.0765,3.9732,0.0,0.0,1.0,0.0,1.0,0.0,0.0,1.172,-23.972,0.0,1.0,0.0,0.0,0.0,-1.0,0.10912836478203089,0.0022360679774997894,-0.1,0.9772264970495889,0.9766751461441875,1.5,0.15
656.1762,5.519,-0.097,-0.05,1.546,-0.017,-0.035,-0.097,0.002,-0.001,-0.097,0.002,-0.001,0.54,0.237,0.051,0.004,0.007,-0.003,-0.0,0.0,0.0,826.225,-0.0,0.0,-0.0,0.0,0.0,0.0,0.0,0.0,-0.6835,0.6952,-0.2226,0.7248,0.6825,-0.0941,0.0865,-0.2257,-0.9704,0.676,0.226,-0.7014,-0.7316,0.0917,-0.6755,-0.0884,0.9698,0.2273,-0.0,0.0001,0.0001,0.0,0.0,0.0,-0.0215,-0.007,-0.0945,18.2246,16.7786,1.0659,0.0,0.0433,-0.3606,0.0,0.0,0.0,4722709.2561,4497754.7939,-1678468.8419,1892.8679,769.3694,7416.9038,4722691.0315,4497738.0153,-1678469.9078,1892.8894,769.3764,7416.9982,0.0,0.0765,3.9732,0.0,0.0,1.0,0.0,1.0,0.0,0.0,1.172,-23.972,0.0,1.0,0.0,0.0,0.0,-1.0,0.10912836478203089,0.0022360679774997894,-0.1,0.9767658164439006,0.9731486065300182,1.5,0.15
656.3832,5.499,-0.097,-0.051,1.526,-0.017,-0.035,-0.097,0.002,-0.001,-0.097,0.002,-0.001,0.541,0.239,0.051,0.004,0.007,-0.003,-0.0,0.0,0.0,826.225,-0.0,0.0,-0.0,0.0,0.0,0.0,0.0,0.0,-0.6835,0.6952,-0.2226,0.7248,0.6825,-0.0941,0.0865,-0.2257,-0.9704,0.676,0.226,-0.7014,-0.7316,0.0917,-0.6755,-0.0884,0.9698,0.2273,-0.0,0.0001,0.0001,0.0,0.0,0.0,-0.0215,-0.007,-0.0945,18.2202,16.7772,1.0463,0.0,0.0433,-0.3606,0.0,0.0,0.0,4723101.1515,4497914.0103,-1676932.6971,1891.5913,768.1536,7417.3573,4723082.9313,4497897.2332,-1676933.7434,1891.6128,768.1606,7417.4517,0.0,0.0765,3.9732,0.0,0.0,1.0,0.0,1.0,0.0,0.0,1.172,-23.972,0.0,1.0,0.0,0.0,0.0,-1.0,0.10959014554237986,0.0022360679774997894,-0.1,0.973674284128765,0.9696220669158488,1.5,0.15
656.5868,5.479,-0.096,-0.051,1.506,-0.016,-0.035,-0.097,0.002,-0.001,-0.097,0.002,-0.001,0.542,0.24,0.05,0.004,0.007,-0.003,-0.0,0.0,0.0,826.225,-0.0,0.0,-0.0,0.0,0.0,0.0,0.0,0.0,-0.6835,0.6952,-0.2226,0.7248,0.6825,-0.0941,0.0865,-0.2257,-0.9704,0.676,0.226,-0.7014,-0.7316,0.0917,-0.6755,-0.0884,0.9698,0.2273,-0.0,0.0001,0.0001,0.0,0.0,0.0,-0.0215,-0.0069,-0.0945,18.2159,16.7758,1.0271,0.0,0.0433,-0.3606,0.0,0.0,0.0,4723486.5419,4498070.443,-1675420.9468,1890.3349,766.9572,7417.8031,4723468.326,4498053.6673,-1675421.9739,1890.3564,766.9641,7417.8976,0.0,0.0765,3.9732,0.0,0.0,1.0,0.0,1.0,0.0,0.0,1.172,-23.972,0.0,1.0,0.0,0.0,0.0,-1.0,0.10870602559196063,0.0022360679774997894,-0.1,0.984519400381752,0.9660955273016796,1.5,0.15
656.7944,5.459,-0.096,-0.051,1.486,-0.016,-0.035,-0.097,0.002,-0.001,-0.097,0.002,-0.001,0.543,0.242,0.05,0.004,0.007,-0.003,-0.0,0.0,0.0,826.225,-0.0,0.0,-0.0,0.0,0.0,0.0,0.0,0.0,-0.6835,0.6952,-0.2226,0.7248,0.6825,-0.0942,0.0865,-0.2257,-0.9704,0.676,0.226,-0.7014,-0.7316,0.0917,-0.6755,-0.0884,0.9698,0.2273,-0.0,0.0001,0.0001,0.0,0.0,0.0,-0.0214,-0.0069,-0.0945,18.2114,16.7743,1.0075,0.0,0.0433,-0.3606,0.0,0.0,0.0,4723877.2731,4498228.9006,-1673887.1281,1889.0602,765.7433,7418.255,4723859.0617,4498212.1263,-1673888.1356,1889.0816,765.7502,7418.3495,0.0,0.0765,3.9732,0.0,0.0,1.0,0.0,1.0,0.0,0.0,1.172,-23.972,0.0,1.0,0.0,0.0,0.0,-1.0,0.10870602559196063,0.0022360679774997894,-0.1,0.984073514009687,0.9625689876875102,1.5,0.15
656.9989,5.44,-0.096,-0.051,1.466,-0.016,-0.035,-0.097,0.002,-0.001,-0.097,0.002,-0.001,0.544,0.243,0.049,0.004,0.007,-0.003,-0.0,0.0,0.0,826.225,-0.0,0.0,-0.0,0.0,0.0,0.0,0.0,0.0,-0.6835,0.6951,-0.2226,0.7248,0.6825,-0.0942,0.0864,-0.2257,-0.9704,0.676,0.226,-0.7014,-0.7316,0.0917,-0.6755,-0.0884,0.9698,0.2273,-0.0,0.0001,0.0001,0.0,0.0,0.0,-0.0214,-0.0069,-0.0945,18.207,16.7729,0.9882,0.0,0.0433,-0.3606,0.0,0.0,0.0,4724263.5093,4498385.3934,-1672369.8455,1887.7992,764.5425,7418.7017,4724245.3023,4498368.6205,-1672370.8337,1887.8206,764.5495,7418.7962,0.0,0.0765,3.9732,0.0,0.0,1.0,0.0,1.0,0.0,0.0,1.172,-23.972,0.0,1.0,0.0,0.0,0.0,-1.0,0.10870602559196063,0.0022360679774997894,-0.1,0.9833519237337979,0.9592187750540495,1.5,0.15
657.2033,5.42,-0.095,-0.051,1.446,-0.015,-0.035,-0.097,0.002,-0.001,-0.097,0.002,-0.001,0.544,0.245,0.049,0.004,0.007,-0.003,-0.0,0.0,0.0,826.225,-0.0,0.0,-0.0,0.0,0.0,0.0,0.0,0.0,-0.6836,0.6951,-0.2226,0.7248,0.6825,-0.0942,0.0864,-0.2257,-0.9704,0.676,0.226,-0.7014,-0.7316,0.0917,-0.6755,-0.0884,0.9698,0.2273,-0.0,0.0001,0.0001,0.0,0.0,0.0,-0.0214,-0.0069,-0.0945,18.2026,16.7715,0.9688,0.0,0.0433,-0.3606,0.0,0.0,0.0,4724651.5765,4498542.486,-1670844.2546,1886.5312,763.3352,7419.1503,4724633.3739,4498525.7145,-1670845.2233,1886.5526,763.3422,7419.2448,0.0,0.0765,3.9732,0.0,0.0,1.0,0.0,1.0,0.0,0.0,1.172,-23.972,0.0,1.0,0.0,0.0,0.0,-1.0,0.10782393055347221,0.0022360679774997894,-0.1,0.9943688454686096,0.9556922354398801,1.5,0.15
657.407,5.4,-0.095,-0.052,1.427,-0.015,-0.035,-0.097,0.002,-0.001,-0.097,0.002,-0.001,0.545,0.246,0.048,0.004,0.007,-0.003,-0.0,0.0,0.0,826.225,-0.0,0.0,-0.0,0.0,0.0,0.0,0.0,0.0,-0.6836,0.6951,-0.2226,0.7247,0.6825,-0.0942,0.0864,-0.2257,-0.9704,0.676,0.226,-0.7014,-0.7316,0.0917,-0.6755,-0.0884,0.9698,0.2273,-0.0,0.0001,0.0001,0.0,0.0,0.0,-0.0214,-0.0069,-0.0945,18.1983,16.77,0.9496,0.0,0.0433,-0.3606,0.0,0.0,0.0,4725034.1051,4498697.1965,-1669339.3451,1885.2804,762.1443,7419.5924,4725015.9068,4498680.4265,-1669340.2947,1885.3018,762.1512,7419.6869,0.0,0.0765,3.9732,0.0,0.0,1.0,0.0,1.0,0.0,0.0,1.172,-23.972,0.0,1.0,0.0,0.0,0.0,-1.0,0.10830050784737807,0.0022360679774997894,-0.1,0.9917690503248835,0.952165695825711,1.5,0.15
657.6112,5.38,-0.094,-0.052,1.407,-0.015,-0.035,-0.097,0.002,-0.001,-0.097,0.002,-0.001,0.546,0.247,0.047,0.004,0.007,-0.003,-0.0,0.0,0.0,826.225,-0.0,0.0,-0.0,0.0,0.0,0.0,0.0,0.0,-0.6836,0.6951,-0.2225,0.7247,0.6825,-0.0943,0.0864,-0.2257,-0.9704,0.676,0.226,-0.7014,-0.7316,0.0917,-0.6755,-0.0884,0.9698,0.2273,-0.0,0.0001,0.0001,0.0,0.0,0.0,-0.0214,-0.0069,-0.0945,18.1939,16.7686,0.9303,0.0,0.0433,-0.3606,0.0,0.0,0.0,4725418.2351,4498852.4148,-1667827.0393,1884.0234,760.9476,7420.0363,4725400.0412,4498835.6462,-1667827.9696,1884.0448,760.9545,7420.1308,0.0,0.0765,3.9732,0.0,0.0,1.0,0.0,1.0,0.0,0.0,1.172,-23.972,0.0,1.0,0.0,0.0,0.0,-1.0,0.10742439201596628,0.0022360679774997894,-0.1,0.9771301542227201,0.9486391562115416,1.5,0.15
657.8155,5.36,-0.094,-0.052,1.387,-0.014,-0.036,-0.097,0.002,-0.001,-0.097,0.002,-0.001,0.547,0.249,0.047,0.004,0.007,-0.003,-0.0,0.0,0.0,826.225,-0.0,0.0,-0.0,0.0,0.0,0.0,0.0,0.0,-0.6836,0.6951,-0.2225,0.7247,0.6826,-0.0943,0.0863,-0.2257,-0.9704,0.676,0.226,-0.7014,-0.7316,0.0917,-0.6755,-0.0884,0.9698,0.2273,-0.0,0.0001,0.0001,0.0,0.0,0.0,-0.0214,-0.0069,-0.0945,18.1895,16.7672,0.911,0.0,0.0433,-0.3606,0.0,0.0,0.0,4725804.0582,4499008.1758,-1666306.9612,1882.7599,759.7447,7420.482,4725785.8687,4498991.4086,-1666307.8721,1882.7813,759.7516,7420.5765,0.0,0.0765,3.9732,0.0,0.0,1.0,0.0,1.0,0.0,0.0,1.172,-23.972,0.0,1.0,0.0,0.0,0.0,-1.0,0.10742439201596628,0.0022360679774997894,-0.1,1.0072501896634705,0.9451126165973723,1.5,0.15
658.0204,5.34,-0.094,-0.052,1.367,-0.014,-0.036,-0.097,0.002,-0.001,-0.097,0.002,-0.001,0.548,0.25,0.046,0.004,0.007,-0.003,-0.0,0.0,0.0,826.225,-0.0,0.0,-0.0,0.0,0.0,0.0,0.0,0.0,-0.6836,0.6951,-0.2225,0.7247,0.6826,-0.0943,0.0863,-0.2257,-0.9704,0.676,0.226,-0.7014,-0.7316,0.0917,-0.6755,-0.0884,0.9698,0.2273,-0.0,0.0001,0.0001,0.0,0.0,0.0,-0.0214,-0.0069,-0.0945,18.1852,16.7658,0.8916,0.0,0.0433,-0.3606,0.0,0.0,0.0,4726189.5031,4499163.6424,-1664787.2574,1881.4968,758.5422,7420.9272,4726171.3179,4499146.8766,-1664788.149,1881.5182,758.5491,7421.0217,0.0,0.0765,3.9732,0.0,0.0,1.0,0.0,1.0,0.0,0.0,1.172,-23.972,0.0,1.0,0.0,0.0,0.0,-1.0,0.10742439201596628,0.0022360679774997894,-0.1,1.006919838519921,0.941586076983203,1.5,0.15
658.2253,5.32,-0.093,-0.052,1.347,-0.014,-0.036,-0.097,0.002,-0.001,-0.097,0.002,-0.001,0.549,0.252,0.046,0.004,0.007,-0.003,-0.0,0.0,0.0,826.225,-0.0,0.0,-0.0,0.0,0.0,0.0,0.0,0.0,-0.6836,0.6951,-0.2225,0.7247,0.6826,-0.0943,0.0863,-0.2258,-0.9704,0.676,0.226,-0.7014,-0.7316,0.0917,-0.6755,-0.0884,0.9698,0.2273,-0.0,0.0001,0.0001,0.0,0.0,0.0,-0.0214,-0.0069,-0.0945,18.1808,16.7644,0.8723,0.0,0.0433,-0.3606,0.0,0.0,0.0,4726575.159,4499319.0516,-1663265.6159,1880.2319,757.3381,7421.3725,4726556.9782,4499302.2872,-1663266.4881,1880.2533,757.345,7421.467,0.0,0.0765,3.9732,0.0,0.0,1.0,0.0,1.0,0.0,0.0,1.172,-23.972,0.0,1.0,0.0,0.0,0.0,-1.0,0.10655045753069294,0.0022360679774997894,-0.1,0.99245866671081,0.9380595373690337,1.5,0.15
658.4325,5.3,-0.093,-0.053,1.327,-0.013,-0.036,-0.097,0.002,-0.001,-0.097,0.002,-0.001,0.549,0.253,0.045,0.004,0.007,-0.003,-0.0,0.0,0.0,826.225,-0.0,0.0,-0.0,0.0,0.0,0.0,0.0,0.0,-0.6837,0.6951,-0.2225,0.7247,0.6826,-0.0944,0.0863,-0.2258,-0.9704,0.676,0.226,-0.7014,-0.7316,0.0917,-0.6755,-0.0884,0.9698,0.2273,-0.0,0.0001,0.0001,0.0,0.0,0.0,-0.0214,-0.0069,-0.0945,18.1764,16.7629,0.8528,0.0,0.0433,-0.3606,0.0,0.0,0.0,4726962.3104,4499474.9205,-1661736.9438,1878.9612,756.1286,7421.8194,4726944.134,4499458.1576,-1661737.7966,1878.9826,756.1354,7421.9139,0.0,0.0765,3.9732,0.0,0.0,1.0,0.0,1.0,0.0,0.0,1.172,-23.972,0.0,1.0,0.0,0.0,0.0,-1.0,0.1070420478129973,0.0022360679774997894,-0.1,1.0152456110696226,0.9345329977548643,1.5,0.15
658.635,5.281,-0.093,-0.053,1.307,-0.013,-0.036,-0.097,0.002,-0.001,-0.097,0.002,-0.001,0.55,0.255,0.045,0.004,0.007,-0.003,-0.0,0.0,0.0,826.225,-0.0,0.0,-0.0,0.0,0.0,0.0,0.0,0.0,-0.6837,0.695,-0.2225,0.7247,0.6826,-0.0944,0.0863,-0.2258,-0.9704,0.676,0.226,-0.7014,-0.7316,0.0917,-0.6755,-0.0884,0.9698,0.2273,-0.0,0.0001,0.0001,0.0,0.0,0.0,-0.0214,-0.0069,-0.0945,18.172,16.7615,0.8335,0.0,0.0433,-0.3606,0.0,0.0,0.0,4727345.5883,4499629.088,-1660222.4596,1877.7023,754.9303,7422.2618,4727327.4164,4499612.3265,-1660223.2931,1877.7237,754.9371,7422.3563,0.0,0.0765,3.9732,0.0,0.0,1.0,0.0,1.0,0.0,0.0,1.172,-23.972,0.0,1.0,0.0,0.0,0.0,-1.0,0.1070420478129973,0.0022360679774997894,-0.1,1.014661908768742,0.9311827851214035,1.5,0.15
658.8394,5.261,-0.092,-0.053,1.288,-0.013,-0.036,-0.097,0.002,-0.001,-0.097,0.002,-0.001,0.551,0.256,0.044,0.004,0.007,-0.003,-0.0,0.0,0.0,826.225,-0.0,0.0,-0.0,0.0,0.0,0.0,0.0,0.0,-0.6837,0.695,-0.2225,0.7247,0.6826,-0.0944,0.0862,-0.2258,-0.9704,0.676,0.226,-0.7014,-0.7316,0.0917,-0.6755,-0.0884,0.9698,0.2273,-0.0,0.0001,0.0001,0.0,0.0,0.0,-0.0214,-0.0069,-0.0945,18.1676,16.7601,0.8141,0.0,0.0433,-0.3606,0.0,0.0,0.0,4727730.0242,4499783.5792,-1658702.2896,1876.4386,753.7275,7422.7053,4727711.8566,4499766.8191,-1658703.1037,1876.46,753.7343,7422.7999,0.0,0.0765,3.9732,0.0,0.0,1.0,0.0,1.0,0.0,0.0,1.172,-23.972,0.0,1.0,0.0,0.0,0.0,-1.0,0.10617438485811914,0.0022360679774997894,-0.1,1.0004808799832448,0.9276562455072342,1.5,0.15
659.0428,5.241,-0.092,-0.053,1.268,-0.012,-0.036,-0.097,0.002,-0.001,-0.097,0.002,-0.001,0.552,0.258,0.044,0.004,0.007,-0.003,-0.0,0.0,0.0,826.225,-0.0,0.0,-0.0,0.0,0.0,0.0,0.0,0.0,-0.6837,0.695,-0.2225,0.7247,0.6826,-0.0944,0.0862,-0.2258,-0.9704,0.676,0.226,-0.7014,-0.7316,0.0917,-0.6755,-0.0884,0.9698,0.2273,-0.0,0.0001,0.0001,0.0,0.0,0.0,-0.0214,-0.0068,-0.0945,18.1633,16.7587,0.795,0.0,0.0433,-0.3606,0.0,0.0,0.0,4728109.7103,4499936.0219,-1657199.8063,1875.1896,752.5387,7423.1433,4728091.547,4499919.2632,-1657200.6013,1875.211,752.5456,7423.2379,0.0,0.0765,3.9732,0.0,0.0,1.0,0.0,1.0,0.0,0.0,1.172,-23.972,0.0,1.0,0.0,0.0,0.0,-1.0,0.10617438485811914,0.0022360679774997894,-0.1,1.0262127189589012,0.9241297058930649,1.5,0.15
659.2452,5.221,-0.091,-0.053,1.248,-0.012,-0.036,-0.097,0.002,-0.001,-0.097,0.002,-0.001,0.553,0.259,0.043,0.004,0.007,-0.003,-0.0,0.0,0.0,826.225,-0.0,0.0,-0.0,0.0,0.0,0.0,0.0,0.0,-0.6837,0.695,-0.2225,0.7246,0.6826,-0.0945,0.0862,-0.2258,-0.9704,0.676,0.226,-0.7014,-0.7316,0.0917,-0.6755,-0.0884,0.9698,0.2273,-0.0,0.0001,0.0001,0.0,0.0,0.0,-0.0213,-0.0068,-0.0946,18.159,16.7573,0.7759,0.0,0.0433,-0.3606,0.0,0.0,0.0,4728488.6882,4500088.0412,-1655699.0411,1873.942,751.3513,7423.5804,4728470.5292,4500071.2838,-1655699.817,1873.9634,751.3582,7423.675,0.0,0.0765,3.9732,0.0,0.0,1.0,0.0,1.0,0.0,0.0,1.172,-23.972,0.0,1.0,0.0,0.0,0.0,-1.0,0.10530906893520614,0.0022360679774997894,-0.1,1.0117946546313397,0.9206031662788956,1.5,0.15
659.4491,5.201,-0.091,-0.054,1.228,-0.012,-0.036,-0.097,0.002,0.002,-0.097,0.002,0.002,0.554,0.26,0.043,0.004,0.007,-0.003,-0.0,0.0,0.0,826.214,1.0,0.0,-0.0,0.0,0.0,0.0,0.0,0.0,-0.6837,0.695,-0.2224,0.7246,0.6826,-0.0945,0.0862,-0.2258,-0.9704,0.676,0.226,-0.7014,-0.7316,0.0917,-0.6755,-0.0884,0.9698,0.2273,-0.0,0.0001,0.0001,0.0,0.0,0.0,-0.0194,-0.0089,-0.0948,18.1547,16.7558,0.7564,0.0,0.0433,-0.3606,0.0,0.0,0.0,4728873.939,4500242.4342,-1654172.3175,1872.6747,750.1414,7424.0244,4728855.7843,4500225.6784,-1654173.0739,1872.6941,750.1503,7424.1192,0.0,0.0765,3.9732,0.0,0.0,1.0,0.0,1.0,0.0,0.0,1.172,-23.972,0.0,1.0,0.0,0.0,0.0,-1.0,0.1058158778255891,0.00282842712474619,-0.1,1.0088762757904586,0.9170766266647262,1.5,0.15
659.6557,5.181,-0.091,-0.053,1.208,-0.011,-0.036,-0.097,0.002,0.003,-0.097,0.002,0.004,0.554,0.262,0.042,0.004,0.007,-0.003,-0.0,0.0,0.0,826.208,-0.0,0.0,-0.0,0.0,0.0,0.0,0.0,0.0,-0.6837,0.695,-0.2224,0.7246,0.6826,-0.0945,0.0862,-0.2258,-0.9704,0.676,0.226,-0.7014,-0.7316,0.0917,-0.6755,-0.0884,0.9698,0.2273,-0.0,0.0001,0.0001,0.0,0.0,0.0,-0.0185,-0.0098,-0.0949,18.1509,16.7538,0.7369,0.0,0.0433,-0.3606,0.0,0.0,0.0,4729258.7963,4500396.5253,-1652646.028,1871.4068,748.9329,7424.4679,4729240.6454,4500379.7714,-1652646.7649,1871.4252,748.9428,7424.5628,0.0,0.0765,3.9732,0.0,0.0,1.0,0.0,1.0,0.0,0.0,1.172,-23.972,0.0,1.0,0.0,0.0,0.0,-1.0,0.10530906893520614,0.0036055512754639895,-0.1,1.0374573773788562,0.9135500870505571,1.5,0.15
659.8638,5.161,-0.09,-0.052,1.188,-0.011,-0.035,-0.097,0.002,0.003,-0.097,0.002,0.004,0.555,0.263,0.041,0.004,0.007,-0.003,-0.0,0.0,0.0,826.208,-0.0,0.0,-0.0,0.0,0.0,0.0,0.0,0.0,-0.6838,0.695,-0.2224,0.7246,0.6827,-0.0945,0.0861,-0.2258,-0.9704,0.676,0.226,-0.7014,-0.7316,0.0917,-0.6755,-0.0884,0.9698,0.2273,-0.0,0.0001,0.0001,0.0,0.0,0.0,-0.0185,-0.0098,-0.0949,18.1471,16.7518,0.7172,0.0,0.0433,-0.3606,0.0,0.0,0.0,4729646.2925,4500551.5274,-1651108.1351,1870.1282,747.7163,7424.9144,4729628.1454,4500534.7756,-1651108.8524,1870.1467,747.7261,7425.0094,0.0,0.0765,3.9732,0.0,0.0,1.0,0.0,1.0,0.0,0.0,1.172,-23.972,0.0,1.0,0.0,0.0,0.0,-1.0,0.10394229168149026,0.0036055512754639895,-0.1,1.020797399389079,0.9100235474363877,1.5,0.15
660.0714,5.141,-0.09,-0.052,1.168,-0.01,-0.034,-0.097,0.002,0.003,-0.097,0.002,0.004,0.556,0.265,0.041,0.004,0.007,-0.003,-0.0,0.0,0.0,826.208,-0.0,0.0,-0.0,0.0,0.0,0.0,0.0,0.0,-0.6838,0.695,-0.2224,0.7246,0.6827,-0.0946,0.0861,-0.2258,-0.9704,0.676,0.226,-0.7014,-0.7316,0.0917,-0.6755,-0.0884,0.9698,0.2273,-0.0,0.0001,0.0001,0.0,0.0,0.0,-0.0185,-0.0098,-0.0949,18.1432,16.7497,0.6975,0.0,0.0433,-0.3606,0.0,0.0,0.0,4730035.2292,4500706.9586,-1649563.3748,1868.8439,746.4942,7425.3626,4730017.086,4500690.2089,-1649564.0723,1868.8624,746.504,7425.4575,0.0,0.0765,3.9732,0.0,0.0,1.0,0.0,1.0,0.0,0.0,1.172,-23.972,0.0,1.0,0.0,0.0,0.0,-1.0,0.10394229168149026,0.0036055512754639895,-0.1,1.0424333051470236,0.9064970078222184,1.5,0.15
660.2777,5.121,-0.089,-0.051,1.148,-0.01,-0.033,-0.097,0.002,0.003,-0.097,0.002,0.004,0.557,0.266,0.04,0.004,0.007,-0.003,-0.0,0.0,0.0,826.208,-0.0,0.0,-0.0,0.0,0.0,0.0,0.0,0.0,-0.6838,0.695,-0.2224,0.7246,0.6827,-0.0946,0.0861,-0.2258,-0.9704,0.676,0.226,-0.7014,-0.7316,0.0917,-0.6755,-0.0884,0.9698,0.2273,-0.0,0.0001,0.0001,0.0,0.0,0.0,-0.0185,-0.0098,-0.0949,18.1394,16.7477,0.6779,0.0,0.0433,-0.3606,0.0,0.0,0.0,4730420.0785,4500860.611,-1648033.7143,1867.5721,745.2841,7425.8059,4730401.9391,4500843.8633,-1648034.3923,1867.5906,745.2939,7425.9008,0.0,0.0765,3.9732,0.0,0.0,1.0,0.0,1.0,0.0,0.0,1.172,-23.972,0.0,1.0,0.0,0.0,0.0,-1.0,0.10257680049601858,0.0036055512754639895,-0.1,1.0260654038481516,0.9029704682080493,1.5,0.15
660.4822,5.101,-0.089,-0.05,1.128,-0.01,-0.033,-0.097,0.002,0.003,-0.097,0.002,0.004,0.558,0.268,0.04,0.004,0.007,-0.003,-0.0,0.0,0.0,826.208,-0.0,0.0,-0.0,0.0,0.0,0.0,0.0,0.0,-0.6838,0.6949,-0.2224,0.7246,0.6827,-0.0946,0.0861,-0.2258,-0.9704,0.676,0.226,-0.7014,-0.7316,0.0917,-0.6755,-0.0884,0.9698,0.2273,-0.0,0.0001,0.0001,0.0,0.0,0.0,-0.0184,-0.0098,-0.0949,18.1357,16.7457,0.6585,0.0,0.0433,-0.3606,0.0,0.0,0.0,4730802.528,4501013.162,-1646512.4638,1866.3073,744.0807,7426.2463,4730784.3924,4500996.4164,-1646513.1223,1866.3258,744.0905,7426.3412,0.0,0.0765,3.9732,0.0,0.0,1.0,0.0,1.0,0.0,0.0,1.172,-23.972,0.0,1.0,0.0,0.0,0.0,-1.0,0.10208329931972222,0.0036055512754639895,-0.1,1.028023410835356,0.8994439285938798,1.5,0.15
660.6872,5.081,-0.089,-0.05,1.108,-0.009,-0.032,-0.097,0.002,0.003,-0.097,0.002,0.004,0.559,0.269,0.039,0.004,0.007,-0.003,-0.0,0.0,0.0,826.208,-0.0,0.0,-0.0,0.0,0.0,0.0,0.0,0.0,-0.6838,0.6949,-0.2224,0.7246,0.6827,-0.0946,0.0861,-0.2258,-0.9704,0.676,0.226,-0.7014,-0.7316,0.0917,-0.6755,-0.0884,0.9698,0.2273,-0.0,0.0001,0.0001,0.0,0.0,0.0,-0.0184,-0.0098,-0.0949,18.1319,16.7436,0.6391,0.0,0.0433,-0.3606,0.0,0.0,0.0,4731184.7225,4501165.4681,-1644991.1083,1865.0424,742.8773,7426.6863,4731166.5906,4501148.7244,-1644991.7474,1865.0608,742.8871,7426.7813,0.0,0.0765,3.9732,0.0,0.0,1.0,0.0,1.0,0.0,0.0,1.172,-23.972,0.0,1.0,0.0,0.0,0.0,-1.0,0.10208329931972222,0.0036055512754639895,-0.1,1.050404347013917,0.8959173889797106,1.5,0.15
660.8935,5.061,-0.088,-0.049,1.088,-0.009,-0.031,-0.097,0.002,0.003,-0.097,0.002,0.004,0.559,0.27,0.039,0.004,0.007,-0.003,-0.0,0.0,0.0,826.208,-0.0,0.0,-0.0,0.0,0.0,0.0,0.0,0.0,-0.6838,0.6949,-0.2224,0.7245,0.6827,-0.0947,0.086,-0.2259,-0.9704,0.676,0.226,-0.7014,-0.7316,0.0917,-0.6755,-0.0884,0.9698,0.2273,-0.0,0.0001,0.0001,0.0,0.0,0.0,-0.0184,-0.0098,-0.0949,18.1281,16.7416,0.6195,0.0,0.0433,-0.3606,0.0,0.0,0.0,4731568.7104,4501318.3442,-1643461.4874,1863.7706,741.6673,7427.1283,4731550.5823,4501301.6025,-1643462.1068,1863.789,741.6771,7427.2232,0.0,0.0765,3.9732,0.0,0.0,1.0,0.0,1.0,0.0,0.0,1.172,-23.972,0.0,1.0,0.0,0.0,0.0,-1.0,0.10072239075796403,0.0036055512754639895,-0.1,1.0342170506563575,0.8923908493655412,1.5,0.15
661.0995,5.041,-0.088,-0.048,1.068,-0.009,-0.03,-0.097,0.002,0.003,-0.097,0.002,0.004,0.56,0.272,0.038,0.004,0.007,-0.003,-0.0,0.0,0.0,826.208,-0.0,0.0,-0.0,0.0,0.0,0.0,0.0,0.0,-0.6839,0.6949,-0.2224,0.7245,0.6827,-0.0947,0.086,-0.2259,-0.9704,0.676,0.226,-0.7014,-0.7316,0.0917,-0.6755,-0.0884,0.9698,0.2273,-0.0,0.0001,0.0001,0.0,0.0,0.0,-0.0184,-0.0098,-0.095,18.1243,16.7396,0.6,0.0,0.0433,-0.3606,0.0,0.0,0.0,4731952.1841,4501470.871,-1641932.7765,1862.4995,740.4581,7427.5696,4731934.0598,4501454.1314,-1641933.3765,1862.5179,740.4679,7427.6645,0.0,0.0765,3.9732,0.0,0.0,1.0,0.0,1.0,0.0,0.0,1.172,-23.972,0.0,1.0,0.0,0.0,0.0,-1.0,0.10023971268913334,0.0036055512754639895,-0.1,1.0324077718637754,0.888864309751372,1.5,0.15
661.3034,5.021,-0.087,-0.048,1.048,-0.008,-0.03,-0.097,0.002,0.003,-0.097,0.002,0.004,0.561,0.273,0.038,0.004,0.007,-0.003,-0.0,0.0,0.0,826.208,-0.0,0.0,-0.0,0.0,0.0,0.0,0.0,0.0,-0.6839,0.6949,-0.2224,0.7245,0.6827,-0.0947,0.086,-0.2259,-0.9704,0.676,0.226,-0.7014,-0.7316,0.0917,-0.6755,-0.0884,0.9698,0.2273,-0.0,0.0001,0.0001,0.0,0.0,0.0,-0.0184,-0.0098,-0.095,18.1205,16.7376,0.5805,0.0,0.0433,-0.3606,0.0,0.0,0.0,4732333.9237,4501622.5641,-1640409.8514,1861.2332,739.2535,7428.0087,4732315.8032,4501605.8266,-1640410.4319,1861.2516,739.2633,7428.1037,0.0,0.0765,3.9732,0.0,0.0,1.0,0.0,1.0,0.0,0.0,1.172,-23.972,0.0,1.0,0.0,0.0,0.0,-1.0,0.09936297097007517,0.0036055512754639895,-0.1,1.0446956221850585,0.8853377701372026,1.5,0.15
661.5055,5.002,-0.087,-0.047,1.029,-0.008,-0.029,-0.097,0.002,0.003,-0.097,0.002,0.004,0.562,0.275,0.037,0.004,0.007,-0.003,-0.0,0.0,0.0,826.208,-0.0,0.0,-0.0,0.0,0.0,0.0,0.0,0.0,-0.6839,0.6949,-0.2223,0.7245,0.6827,-0.0947,0.086,-0.2259,-0.9704,0.676,0.226,-0.7014,-0.7316,0.0917,-0.6755,-0.0884,0.9698,0.2273,-0.0,0.0001,0.0001,0.0,0.0,0.0,-0.0184,-0.0098,-0.095,18.1169,16.7356,0.5614,0.0,0.0433,-0.3606,0.0,0.0,0.0,4732706.9961,4501770.6739,-1638920.4176,1859.9947,738.0754,7428.4378,4732688.8792,4501753.9383,-1638920.979,1860.0131,738.0852,7428.5328,0.0,0.0765,3.9732,0.0,0.0,1.0,0.0,1.0,0.0,0.0,1.172,-23.972,0.0,1.0,0.0,0.0,0.0,-1.0,0.09888377015466188,0.0036055512754639895,-0.1,1.043042027301828,0.8819875575037418,1.5,0.15
661.7087,4.982,-0.087,-0.047,1.009,-0.007,-0.028,-0.097,0.002,0.003,-0.097,0.002,0.004,0.563,0.276,0.037,0.004,0.007,-0.003,-0.0,0.0,0.0,826.208,-0.0,0.0,-0.0,0.0,0.0,0.0,0.0,0.0,-0.6839,0.6949,-0.2223,0.7245,0.6827,-0.0948,0.0859,-0.2259,-0.9704,0.676,0.226,-0.7014,-0.7316,0.0917,-0.6755,-0.0884,0.9698,0.2273,-0.0,0.0001,0.0001,0.0,0.0,0.0,-0.0184,-0.0098,-0.095,18.1131,16.7336,0.5421,0.0,0.0433,-0.3606,0.0,0.0,0.0,4733086.1487,4501921.0565,-1637405.6016,1858.735,736.8773,7428.8738,4733068.0357,4501904.3229,-1637406.1437,1858.7534,736.887,7428.9688,0.0,0.0765,3.9732,0.0,0.0,1.0,0.0,1.0,0.0,0.0,1.172,-23.972,0.0,1.0,0.0,0.0,0.0,-1.0,0.09888377015466188,0.0036055512754639895,-0.1,1.0673285072400047,0.8784610178895725,1.5,0.15
661.9127,4.962,-0.086,-0.046,0.989,-0.007,-0.028,-0.097,0.002,-0.0,-0.097,0.002,0.0,0.563,0.278,0.036,0.004,0.007,-0.003,-0.0,0.0,0.0,826.195,-1.0,0.0,-0.0,0.0,0.0,0.0,0.0,0.0,-0.6839,0.6949,-0.2223,0.7245,0.6827,-0.0948,0.0859,-0.2259,-0.9704,0.676,0.226,-0.7014,-0.7316,0.0917,-0.6755,-0.0884,0.9698,0.2273,-0.0,0.0001,0.0001,0.0,0.0,0.0,-0.0206,-0.0074,-0.0947,18.1092,16.7317,0.5226,0.0,0.0433,-0.3606,0.0,0.0,0.0,4733467.3375,4502072.1031,-1635881.5266,1857.4655,735.6742,7429.3123,4733449.2283,4502055.3714,-1635882.0492,1857.4861,735.6816,7429.407,0.0,0.0765,3.9732,0.0,0.0,1.0,0.0,1.0,0.0,0.0,1.172,-23.972,0.0,1.0,0.0,0.0,0.0,-1.0,0.09752948272189287,0.002,-0.1,1.0539610617650137,0.8749344782754032,1.5,0.15
662.115,4.943,-0.086,-0.047,0.969,-0.007,-0.028,-0.097,0.002,-0.005,-0.097,0.002,-0.005,0.564,0.279,0.035,0.004,0.007,-0.003,-0.0,0.0,0.0,826.175,-0.0,0.0,-0.0,0.0,0.0,0.0,0.0,0.0,-0.6839,0.6948,-0.2223,0.7245,0.6828,-0.0948,0.0859,-0.2259,-0.9704,0.676,0.226,-0.7014,-0.7316,0.0917,-0.6755,-0.0884,0.9698,0.2273,-0.0,0.0001,0.0001,0.0,0.0,0.0,-0.0242,-0.0036,-0.0943,18.1047,16.7307,0.5036,0.0,0.0433,-0.3605,0.0,0.0,0.0,4733840.742,4502219.9261,-1634387.4775,1856.2195,734.4963,7429.7419,4733822.6374,4502203.1954,-1634387.9811,1856.2437,734.4999,7429.8362,0.0,0.0765,3.9732,0.0,0.0,1.0,0.0,1.0,0.0,0.0,1.172,-23.972,0.0,1.0,0.0,0.0,0.0,-1.0,0.09800510190801293,0.005385164807134504,-0.1,1.0521375393347818,0.8715842656419424,1.5,0.15
662.3209,4.922,-0.085,-0.048,0.949,-0.006,-0.029,-0.097,0.002,-0.005,-0.097,0.002,-0.005,0.565,0.281,0.035,0.004,0.007,-0.003,-0.0,0.0,0.0,826.175,-0.0,0.0,-0.0,0.0,0.0,0.0,0.0,0.0,-0.684,0.6948,-0.2223,0.7245,0.6828,-0.0948,0.0859,-0.2259,-0.9704,0.676,0.226,-0.7014,-0.7316,0.0917,-0.6755,-0.0884,0.9698,0.2273,-0.0,0.0001,0.0001,0.0,0.0,0.0,-0.0241,-0.0036,-0.0943,18.0997,16.7299,0.4841,0.0,0.0433,-0.3605,0.0,0.0,0.0,4734224.4351,4502371.6781,-1632851.1242,1854.9419,733.2813,7430.1828,4734206.3354,4502354.9482,-1632851.6083,1854.966,733.2849,7430.2771,0.0,0.0765,3.9732,0.0,0.0,1.0,0.0,1.0,0.0,0.0,1.172,-23.972,0.0,1.0,0.0,0.0,0.0,-1.0,0.0976165969494942,0.005385164807134504,-0.1,1.0662245353519915,0.8678813990470645,1.5,0.15
662.5216,4.903,-0.085,-0.049,0.93,-0.006,-0.03,-0.097,0.002,-0.005,-0.097,0.002,-0.005,0.566,0.282,0.034,0.004,0.007,-0.003,-0.0,0.0,0.0,826.175,-0.0,-0.802,-0.0,0.0,0.0,0.0,0.0,0.0,-0.684,0.6948,-0.2223,0.7244,0.6828,-0.0949,0.0859,-0.2259,-0.9704,0.676,0.226,-0.7014,-0.7316,0.0917,-0.6755,-0.0884,0.9698,0.2273,-0.0,0.0001,0.0001,0.0,0.0,0.0,-0.0241,-0.0036,-0.0943,18.0948,16.7292,0.4652,0.0,0.0433,-0.3605,0.0,0.0,0.0,4734596.6602,4502518.7541,-1631359.5912,1853.7015,732.1016,7430.6104,4734578.5654,4502502.0249,-1631360.0564,1853.7257,732.1052,7430.7047,0.0,0.0765,3.9732,0.0,0.0,1.0,0.0,1.0,0.0,0.0,1.172,-23.972,0.0,1.0,0.0,0.0,0.0,-1.0,0.09811218069128828,0.005385164807134504,-0.1,1.0673896254049786,0.8645311864136037,1.5,0.15
662.7293,4.883,-0.085,-0.05,0.91,-0.006,-0.031,-0.097,-0.006,-0.005,-0.097,-0.006,-0.005,0.567,0.284,0.034,0.004,0.007,-0.002,-0.0,0.0,0.0,826.146,-0.0,-1.0,-0.0,0.0,0.0,0.0,0.0,0.0,-0.684,0.6948,-0.2223,0.7244,0.6828,-0.0949,0.0858,-0.2259,-0.9704,0.676,0.226,-0.7014,-0.7316,0.0917,-0.6755,-0.0884,0.9698,0.2273,-0.0,0.0001,0.0001,0.0,0.0,0.0,-0.0296,-0.0089,-0.0925,18.0893,16.7279,0.4458,0.0,0.0433,-0.3605,0.0,0.0,0.0,4734980.7786,4502670.3837,-1629819.2648,1852.4151,730.8781,7431.0533,4734962.6893,4502653.6558,-1629819.7107,1852.4447,730.8871,7431.1458,0.0,0.0765,3.9732,0.0,0.0,1.0,0.0,1.0,0.0,0.0,1.172,-23.972,0.0,1.0,0.0,0.0,0.0,-1.0,0.0986154146165801,0.0078102496759066544,-0.1,1.06876041481634,0.8610046467994344,1.5,0.15
662.9323,4.863,-0.087,-0.051,0.89,-0.008,-0.032,-0.097,-0.007,-0.005,-0.097,-0.007,-0.005,0.568,0.285,0.034,0.004,0.007,-0.001,-0.0,0.0,0.0,826.141,-0.0,0.0,-0.0,0.0,0.0,0.0,0.0,0.0,-0.684,0.6948,-0.2223,0.7244,0.6828,-0.0949,0.0858,-0.2259,-0.9704,0.676,0.226,-0.7014,-0.7316,0.0917,-0.6755,-0.0884,0.9698,0.2273,-0.0,0.0001,0.0001,0.0,0.0,0.0,-0.0303,-0.0097,-0.0923,18.0831,16.7259,0.4272,0.0,0.0433,-0.3605,0.0,0.0,0.0,4735355.8824,4502818.3118,-1628313.966,1851.1624,729.6869,7431.4843,4735337.7992,4502801.5859,-1628314.3931,1851.1928,729.6966,7431.5765,0.0,0.0765,3.9732,0.0,0.0,1.0,0.0,1.0,0.0,0.0,1.172,-23.972,0.0,1.0,0.0,0.0,0.0,-1.0,0.10084641788382966,0.008602325267042627,-0.1,1.0443287108626866,0.8574781071852653,1.5,0.15
663.1381,4.843,-0.088,-0.052,0.87,-0.009,-0.033,-0.097,-0.007,-0.005,-0.097,-0.007,-0.005,0.569,0.286,0.033,0.004,0.007,-0.001,-0.0,0.0,0.0,826.141,-0.0,0.0,-0.0,0.0,0.0,0.0,0.0,0.0,-0.684,0.6948,-0.2223,0.7244,0.6828,-0.0949,0.0858,-0.2259,-0.9704,0.676,0.226,-0.7014,-0.7316,0.0917,-0.6755,-0.0884,0.9698,0.2273,-0.0,0.0001,0.0001,0.0,0.0,0.0,-0.0303,-0.0097,-0.0923,18.0769,16.7239,0.4081,0.0,0.0433,-0.3605,0.0,0.0,0.0,4735737.7038,4502968.744,-1626780.5725,1849.8872,728.4743,7431.9226,4735719.627,4502952.0201,-1626780.9807,1849.9175,728.484,7432.0148,0.0,0.0765,3.9732,0.0,0.0,1.0,0.0,1.0,0.0,0.0,1.172,-23.972,0.0,1.0,0.0,0.0,0.0,-1.0,0.10221545871344509,0.008602325267042627,-0.1,1.03304132411546,0.8539515675710959,1.5,0.15
663.3449,4.823,-0.089,-0.053,0.85,-0.011,-0.034,-0.097,-0.007,-0.005,-0.097,-0.007,-0.005,0.569,0.288,0.033,0.004,0.007,-0.001,-0.0,0.0,0.0,826.141,-0.0,0.0,-0.0,0.0,0.0,0.0,0.0,0.0,-0.684,0.6948,-0.2222,0.7244,0.6828,-0.095,0.0858,-0.2259,-0.9704,0.676,0.226,-0.7014,-0.7316,0.0917,-0.6755,-0.0884,0.9698,0.2273,-0.0,0.0001,0.0001,0.0,0.0,0.0,-0.0303,-0.0097,-0.0923,18.0706,16.7219,0.389,0.0,0.0433,-0.3605,0.0,0.0,0.0,4736120.0128,4503119.2213,-1625244.0716,1848.6093,727.2593,7432.3613,4736101.9422,4503102.4994,-1625244.4607,1848.6396,727.269,7432.4536,0.0,0.0765,3.9732,0.0,0.0,1.0,0.0,1.0,0.0,0.0,1.172,-23.972,0.0,1.0,0.0,0.0,0.0,-1.0,0.10358571330062848,0.008602325267042627,-0.1,0.9946901717394251,0.8504250279569266,1.5,0.15
663.5471,4.803,-0.091,-0.054,0.83,-0.012,-0.035,-0.097,-0.007,-0.002,-0.097,-0.007,-0.002,0.57,0.289,0.033,0.004,0.007,-0.001,-0.0,0.0,0.0,826.13,1.0,0.0,-0.0,0.0,0.0,0.0,0.0,0.0,-0.684,0.6948,-0.2222,0.7244,0.6828,-0.095,0.0858,-0.2259,-0.9704,0.676,0.226,-0.7014,-0.7316,0.0917,-0.6755,-0.0884,0.9698,0.2273,-0.0,0.0001,0.0001,0.0,0.0,0.0,-0.0284,-0.0117,-0.0925,18.0645,16.7198,0.3703,0.0,0.0433,-0.3605,0.0,0.0,0.0,4736495.8349,4503267.0017,-1623732.5142,1847.354,726.062,7432.7923,4736477.7703,4503250.2819,-1623732.8845,1847.3824,726.0737,7432.8848,0.0,0.0765,3.9732,0.0,0.0,1.0,0.0,1.0,0.0,0.0,1.172,-23.972,0.0,1.0,0.0,0.0,0.0,-1.0,0.1058158778255891,0.007280109889280519,-0.1,0.9979544567928134,0.8468984883427573,1.5,0.15
663.7495,4.784,-0.092,-0.054,0.811,-0.013,-0.035,-0.097,-0.007,0.003,-0.097,-0.007,0.003,0.571,0.291,0.032,0.004,0.007,-0.001,-0.0,0.0,0.0,826.109,-0.0,0.0,-0.0,0.0,0.0,0.0,0.0,0.0,-0.6841,0.6948,-0.2222,0.7244,0.6828,-0.095,0.0857,-0.2259,-0.9704,0.676,0.226,-0.7014,-0.7316,0.0917,-0.6755,-0.0884,0.9698,0.2273,-0.0,0.0001,0.0001,0.0,0.0,0.0,-0.0248,-0.0155,-0.093,18.0593,16.717,0.3517,0.0,0.0433,-0.3605,0.0,0.0,0.0,4736866.0688,4503412.4441,-1622242.3447,1846.1182,724.8798,7433.2165,4736848.0095,4503395.7271,-1622242.6964,1846.143,724.8953,7433.3094,0.0,0.0765,3.9732,0.0,0.0,1.0,0.0,1.0,0.0,0.0,1.172,-23.972,0.0,1.0,0.0,0.0,0.0,-1.0,0.1066770828247567,0.007615773105863909,-0.1,0.9845388358502738,0.8435482757092964,1.5,0.15
663.957,4.763,-0.094,-0.053,0.79,-0.015,-0.034,-0.097,-0.007,0.003,-0.097,-0.007,0.003,0.572,0.292,0.032,0.004,0.007,-0.001,-0.0,0.0,0.0,826.109,-0.0,0.0,-0.0,0.0,0.0,0.0,0.0,0.0,-0.6841,0.6947,-0.2222,0.7244,0.6828,-0.095,0.0857,-0.226,-0.9704,0.676,0.226,-0.7014,-0.7316,0.0917,-0.6755,-0.0884,0.9698,0.2273,-0.0,0.0001,0.0001,0.0,0.0,0.0,-0.0248,-0.0155,-0.093,18.0541,16.7138,0.3323,0.0,0.0433,-0.3605,0.0,0.0,0.0,4737250.6948,4503563.3928,-1620693.1006,1844.8296,723.6548,7433.6575,4737232.6407,4503546.679,-1620693.4329,1844.8544,723.6703,7433.7505,0.0,0.0765,3.9732,0.0,0.0,1.0,0.0,1.0,0.0,0.0,1.172,-23.972,0.0,1.0,0.0,0.0,0.0,-1.0,0.10791200118615167,0.007615773105863909,-0.1,0.9551526804799503,0.8398454091144186,1.5,0.15
664.1623,4.744,-0.095,-0.053,0.771,-0.016,-0.033,-0.097,-0.007,0.003,-0.097,-0.007,0.003,0.573,0.294,0.032,0.004,0.007,-0.001,-0.0,0.0,0.0,826.109,-0.0,0.0,-0.0,0.0,0.0,0.0,0.0,0.0,-0.6841,0.6947,-0.2222,0.7243,0.6829,-0.095,0.0857,-0.226,-0.9704,0.676,0.226,-0.7014,-0.7316,0.0917,-0.6755,-0.0884,0.9698,0.2273,-0.0,0.0001,0.0001,0.0,0.0,0.0,-0.0248,-0.0154,-0.093,18.0491,16.7106,0.3134,0.0,0.0433,-0.3605,0.0,0.0,0.0,4737626.3973,4503710.6945,-1619178.6655,1843.57,722.4573,7434.0883,4737608.3482,4503693.9839,-1619178.9789,1843.5948,722.4728,7434.1812,0.0,0.0765,3.9732,0.0,0.0,1.0,0.0,1.0,0.0,0.0,1.172,-23.972,0.0,1.0,0.0,0.0,0.0,-1.0,0.10878419002777931,0.007615773105863909,-0.1,0.9363202801545275,0.8364951964809578,1.5,0.15
664.3673,4.724,-0.096,-0.052,0.75,-0.018,-0.032,-0.097,-0.007,0.003,-0.097,-0.007,0.003,0.574,0.295,0.032,0.004,0.007,-0.001,-0.0,0.0,0.0,826.109,-0.0,0.0,-0.0,0.0,0.0,0.0,0.0,0.0,-0.6841,0.6947,-0.2222,0.7243,0.6829,-0.0951,0.0857,-0.226,-0.9704,0.676,0.226,-0.7014,-0.7316,0.0917,-0.6755,-0.0884,0.9698,0.2273,-0.0,0.0001,0.0001,0.0,0.0,0.0,-0.0248,-0.0154,-0.093,18.044,16.7074,0.2942,0.0,0.0433,-0.3605,0.0,0.0,0.0,4738006.851,4503859.7129,-1617643.9316,1842.2934,721.2438,7434.5243,4737988.807,4503843.0055,-1617644.2258,1842.3182,721.2593,7434.6173,0.0,0.0765,3.9732,0.0,0.0,1.0,0.0,1.0,0.0,0.0,1.172,-23.972,0.0,1.0,0.0,0.0,0.0,-1.0,0.10917875251164945,0.007615773105863909,-0.1,0.8921229449422585,0.8329686568667886,1.5,0.15
664.5691,4.704,-0.098,-0.052,0.731,-0.019,-0.032,-0.097,-0.007,0.003,-0.097,-0.007,0.003,0.574,0.297,0.031,0.004,0.007,-0.001,-0.0,0.0,0.0,826.109,-0.0,0.0,-0.0,0.0,0.0,0.0,0.0,0.0,-0.6841,0.6947,-0.2222,0.7243,0.6829,-0.0951,0.0856,-0.226,-0.9704,0.676,0.226,-0.7014,-0.7316,0.0917,-0.6755,-0.0884,0.9698,0.2273,-0.0,0.0001,0.0001,0.0,0.0,0.0,-0.0248,-0.0154,-0.093,18.0389,16.7043,0.2754,0.0,0.0433,-0.3605,0.0,0.0,0.0,4738378.2561,4504005.0448,-1616144.5875,1841.0463,720.0584,7434.9499,4738360.2172,4503988.3405,-1616144.8629,1841.0711,720.0738,7435.0429,0.0,0.0765,3.9732,0.0,0.0,1.0,0.0,1.0,0.0,0.0,1.172,-23.972,0.0,1.0,0.0,0.0,0.0,-1.0,0.1109414259868693,0.007615773105863909,-0.1,0.8923939301760201,0.8294421172526192,1.5,0.15
664.7767,4.684,-0.099,-0.051,0.711,-0.02,-0.031,-0.097,-0.007,0.003,-0.097,-0.007,0.003,0.575,0.298,0.031,0.004,0.007,-0.001,-0.0,0.0,0.0,826.109,-0.0,0.0,-0.0,0.0,0.0,0.0,0.0,0.0,-0.6841,0.6947,-0.2221,0.7243,0.6829,-0.0951,0.0856,-0.226,-0.9704,0.676,0.226,-0.7014,-0.7316,0.0917,-0.6755,-0.0884,0.9698,0.2273,-0.0,0.0001,0.0001,0.0,0.0,0.0,-0.0248,-0.0154,-0.093,18.0338,16.7011,0.2561,0.0,0.0433,-0.3605,0.0,0.0,0.0,4738760.3842,4504154.4257,-1614600.803,1839.7621,718.8378,7435.3877,4738742.3503,4504137.7246,-1614601.0592,1839.7869,718.8532,7435.4807,0.0,0.0765,3.9732,0.0,0.0,1.0,0.0,1.0,0.0,0.0,1.172,-23.972,0.0,1.0,0.0,0.0,0.0,-1.0,0.11136426715962351,0.007615773105863909,-0.1,0.8757828787991023,0.82591557763845,1.5,0.15
664.9768,4.664,-0.1,-0.051,0.691,-0.022,-0.03,-0.097,-0.007,0.003,-0.097,-0.007,0.003,0.576,0.3,0.031,0.004,0.007,-0.001,-0.0,0.0,0.0,826.109,-0.0,0.0,-0.0,0.0,0.0,0.0,0.0,0.0,-0.6842,0.6947,-0.2221,0.7243,0.6829,-0.0951,0.0856,-0.226,-0.9704,0.676,0.226,-0.7014,-0.7316,0.0917,-0.6755,-0.0884,0.9698,0.2273,-0.0,0.0001,0.0001,0.0,0.0,0.0,-0.0248,-0.0154,-0.093,18.0289,16.698,0.2376,0.0,0.0433,-0.3605,0.0,0.0,0.0,4739126.4667,4504297.3941,-1613120.746,1838.531,717.6676,7435.807,4739108.4378,4504280.696,-1613120.9837,1838.5558,717.683,7435.8999,0.0,0.0765,3.9732,0.0,0.0,1.0,0.0,1.0,0.0,0.0,1.172,-23.972,0.0,1.0,0.0,0.0,0.0,-1.0,0.11225417586887358,0.007615773105863909,-0.1,0.8291962719284668,0.8223890380242805,1.5,0.15
665.1772,4.645,-0.102,-0.05,0.672,-0.023,-0.03,-0.097,-0.007,0.003,-0.097,-0.007,0.003,0.577,0.301,0.03,0.004,0.007,-0.001,-0.0,0.0,0.0,826.109,-0.0,0.0,-0.0,0.0,0.0,0.0,0.0,0.0,-0.6842,0.6947,-0.2221,0.7243,0.6829,-0.0952,0.0856,-0.226,-0.9704,0.676,0.226,-0.7014,-0.7316,0.0917,-0.6755,-0.0884,0.9698,0.2273,-0.0,0.0001,0.0001,0.0,0.0,0.0,-0.0248,-0.0154,-0.093,18.0239,16.6949,0.2189,0.0,0.0433,-0.3605,0.0,0.0,0.0,4739496.627,4504441.8154,-1611623.1073,1837.2852,716.4835,7436.2308,4739478.6031,4504425.1205,-1611623.3262,1837.31,716.4989,7436.3238,0.0,0.0765,3.9732,0.0,0.0,1.0,0.0,1.0,0.0,0.0,1.172,-23.972,0.0,1.0,0.0,0.0,0.0,-1.0,0.1135957745693034,0.007615773105863909,-0.1,0.830728824020665,0.8190388253908197,1.5,0.15
665.3826,4.625,-0.103,-0.049,0.652,-0.024,-0.029,-0.097,-0.003,0.003,-0.097,-0.003,0.003,0.578,0.303,0.03,0.004,0.007,-0.001,-0.0,0.0,0.0,826.069,-0.0,1.0,-0.0,0.0,0.0,0.0,0.0,0.0,-0.6842,0.6947,-0.2221,0.7243,0.6829,-0.0952,0.0856,-0.226,-0.9704,0.676,0.226,-0.7014,-0.7316,0.0917,-0.6755,-0.0884,0.9698,0.2273,-0.0,0.0001,0.0001,0.0,0.0,0.0,-0.0221,-0.0128,-0.0939,18.0189,16.6919,0.1995,0.0,0.0433,-0.3605,0.0,0.0,0.0,4739877.8793,4504590.4171,-1610079.444,1836.0037,715.2657,7436.6664,4739859.8604,4504573.7252,-1610079.6435,1836.0258,715.2785,7436.7602,0.0,0.0765,3.9732,0.0,0.0,1.0,0.0,1.0,0.0,0.0,1.172,-23.972,0.0,1.0,0.0,0.0,0.0,-1.0,0.11406138698087095,0.004242640687119285,-0.1,0.8137151470044158,0.8155122857766505,1.5,0.15
665.5876,4.605,-0.103,-0.049,0.632,-0.024,-0.028,-0.097,0.0,0.003,-0.097,0.0,0.003,0.579,0.304,0.03,0.004,0.007,-0.001,-0.0,0.0,0.0,826.038,-0.0,0.0,-0.0,0.0,0.0,0.0,0.0,0.0,-0.6842,0.6947,-0.2221,0.7243,0.6829,-0.0952,0.0855,-0.226,-0.9704,0.676,0.226,-0.7014,-0.7316,0.0917,-0.6755,-0.0884,0.9698,0.2273,-0.0,0.0001,0.0001,0.0,0.0,0.0,-0.0201,-0.0108,-0.0945,18.0148,16.6896,0.1803,0.0,0.0433,-0.3605,0.0,0.0,0.0,4740250.7026,4504735.5893,-1608568.7769,1834.749,714.0734,7437.0924,4740232.6878,4504718.8997,-1608568.9572,1834.7691,714.0842,7437.1869,0.0,0.0765,3.9732,0.0,0.0,1.0,0.0,1.0,0.0,0.0,1.172,-23.972,0.0,1.0,0.0,0.0,0.0,-1.0,0.11406138698087095,0.003,-0.1,0.8088000456675902,0.8119857461624813,1.5,0.15
665.793,4.585,-0.103,-0.048,0.612,-0.024,-0.028,-0.097,0.0,0.003,-0.097,0.0,0.003,0.579,0.306,0.03,0.004,0.007,-0.001,-0.0,0.0,0.0,826.038,-0.0,0.0,-0.0,0.0,0.0,0.0,0.0,0.0,-0.6842,0.6946,-0.2221,0.7242,0.6829,-0.0952,0.0855,-0.226,-0.9704,0.676,0.226,-0.7014,-0.7316,0.0917,-0.6755,-0.0884,0.9698,0.2273,-0.0,0.0001,0.0001,0.0,0.0,0.0,-0.0201,-0.0108,-0.0945,18.0107,16.6874,0.161,0.0,0.0433,-0.3605,0.0,0.0,0.0,4740625.87,4504881.5294,-1607047.4831,1833.4835,712.8708,7437.5216,4740607.8593,4504864.8421,-1607047.6441,1833.5035,712.8816,7437.6161,0.0,0.0765,3.9732,0.0,0.0,1.0,0.0,1.0,0.0,0.0,1.172,-23.972,0.0,1.0,0.0,0.0,0.0,-1.0,0.11363538181394033,0.003,-0.1,0.8091165121787826,0.8084592065483119,1.5,0.15
665.9994,4.565,-0.103,-0.048,0.592,-0.024,-0.027,-0.097,0.0,0.003,-0.097,0.0,0.003,0.58,0.307,0.029,0.004,0.007,-0.001,-0.0,0.0,0.0,826.038,-0.0,0.0,-0.0,0.0,0.0,0.0,0.0,0.0,-0.6842,0.6946,-0.2221,0.7242,0.6829,-0.0952,0.0855,-0.226,-0.9704,0.676,0.226,-0.7014,-0.7316,0.0917,-0.6755,-0.0884,0.9698,0.2273,-0.0,0.0001,0.0001,0.0,0.0,0.0,-0.02,-0.0108,-0.0945,18.0065,16.6851,0.1415,0.0,0.0433,-0.3605,0.0,0.0,0.0,4741004.7768,4505028.7767,-1605509.8678,1832.2043,711.6552,7437.955,4740986.7703,4505012.0916,-1605510.0093,1832.2243,711.666,7438.0496,0.0,0.0765,3.9732,0.0,0.0,1.0,0.0,1.0,0.0,0.0,1.172,-23.972,0.0,1.0,0.0,0.0,0.0,-1.0,0.11363538181394033,0.003,-0.1,0.8044628952675217,0.8049326669341427,1.5,0.15
666.2037,4.545,-0.103,-0.047,0.572,-0.024,-0.026,-0.097,0.0,0.003,-0.097,0.0,0.003,0.581,0.309,0.029,0.004,0.007,-0.001,-0.0,0.0,0.0,826.038,-0.0,0.0,-0.0,0.0,0.0,0.0,0.0,0.0,-0.6843,0.6946,-0.222,0.7242,0.683,-0.0953,0.0855,-0.226,-0.9704,0.676,0.226,-0.7014,-0.7316,0.0917,-0.6755,-0.0884,0.9698,0.2273,-0.0,0.0001,0.0001,0.0,0.0,0.0,-0.02,-0.0108,-0.0945,18.0024,16.6829,0.1221,0.0,0.0433,-0.3605,0.0,0.0,0.0,4741380.2108,4505174.5278,-1603985.1956,1830.9359,710.45,7438.3843,4741362.2084,4505157.8449,-1603985.3177,1830.9559,710.4607,7438.4789,0.0,0.0765,3.9732,0.0,0.0,1.0,0.0,1.0,0.0,0.0,1.172,-23.972,0.0,1.0,0.0,0.0,0.0,-1.0,0.11321660655575223,0.003,-0.1,0.8016973271402712,0.8014061273199733,1.5,0.15
666.4047,4.525,-0.103,-0.047,0.552,-0.024,-0.026,-0.097,0.0,0.003,-0.097,0.0,0.003,0.582,0.31,0.029,0.004,0.007,-0.001,-0.0,0.0,0.0,826.038,-0.0,0.0,-0.0,0.0,0.0,0.0,0.0,0.0,-0.6843,0.6946,-0.222,0.7242,0.683,-0.0953,0.0854,-0.226,-0.9704,0.676,0.226,-0.7014,-0.7316,0.0917,-0.6755,-0.0884,0.9698,0.2273,-0.0,0.0001,0.0001,0.0,0.0,0.0,-0.02,-0.0107,-0.0945,17.9984,16.6807,0.1031,0.0,0.0433,-0.3605,0.0,0.0,0.0,4741748.8168,4505317.4858,-1602487.1404,1829.6895,709.2658,7438.8058,4741730.8184,4505300.8051,-1602487.2434,1829.7096,709.2765,7438.9003,0.0,0.0765,3.9732,0.0,0.0,1.0,0.0,1.0,0.0,0.0,1.172,-23.972,0.0,1.0,0.0,0.0,0.0,-1.0,0.11321660655575223,0.003,-0.1,0.8001645844027405,0.797879587705804,1.5,0.15
666.6115,4.506,-0.103,-0.046,0.532,-0.024,-0.025,-0.097,0.0,0.003,-0.097,0.0,0.003,0.583,0.312,0.028,0.004,0.007,-0.001,-0.0,0.0,0.0,826.038,-0.0,0.0,-0.0,0.0,0.0,0.0,0.0,0.0,-0.6843,0.6946,-0.222,0.7242,0.683,-0.0953,0.0854,-0.226,-0.9704,0.676,0.226,-0.7014,-0.7316,0.0917,-0.6755,-0.0884,0.9698,0.2273,-0.0,0.0001,0.0001,0.0,0.0,0.0,-0.02,-0.0107,-0.0945,17.9943,16.6785,0.0837,0.0,0.0433,-0.3605,0.0,0.0,0.0,4742123.3461,4505462.5963,-1600963.8792,1828.4222,708.0617,7439.2338,4742105.3518,4505445.9178,-1600963.9628,1828.4422,708.0724,7439.3284,0.0,0.0765,3.9732,0.0,0.0,1.0,0.0,1.0,0.0,0.0,1.172,-23.972,0.0,1.0,0.0,0.0,0.0,-1.0,0.11280514172678477,0.003,-0.1,0.7972260906230224,0.7945293750723432,1.5,0.15
666.8181,4.486,-0.103,-0.045,0.512,-0.024,-0.025,-0.097,0.0,0.003,-0.097,0.0,0.003,0.583,0.313,0.028,0.004,0.007,-0.001,-0.0,0.0,0.0,826.038,-0.0,0.0,-0.0,0.0,0.0,0.0,0.0,0.0,-0.6843,0.6946,-0.222,0.7242,0.683,-0.0953,0.0854,-0.226,-0.9704,0.676,0.226,-0.7014,-0.7316,0.0917,-0.6755,-0.0884,0.9698,0.2273,-0.0,0.0001,0.0001,0.0,0.0,0.0,-0.02,-0.0107,-0.0946,17.9902,16.6763,0.0642,0.0,0.0433,-0.3605,0.0,0.0,0.0,4742500.0882,4505608.4167,-1599430.4654,1827.1464,706.8496,7439.6643,4742482.0981,4505591.7403,-1599430.5296,1827.1664,706.8603,7439.7589,0.0,0.0765,3.9732,0.0,0.0,1.0,0.0,1.0,0.0,0.0,1.172,-23.972,0.0,1.0,0.0,0.0,0.0,-1.0,0.11240106761058812,0.003,-0.1,0.7967930796336858,0.7910028354581738,1.5,0.15
667.0236,4.465,-0.103,-0.045,0.492,-0.024,-0.024,-0.097,0.0,0.003,-0.097,0.0,0.003,0.584,0.315,0.028,0.004,0.007,-0.001,-0.0,0.0,0.0,826.038,-0.0,0.0,-0.0,0.0,0.0,0.0,0.0,0.0,-0.6843,0.6946,-0.222,0.7242,0.683,-0.0954,0.0854,-0.226,-0.9704,0.676,0.226,-0.7014,-0.7316,0.0917,-0.6755,-0.0884,0.9698,0.2273,-0.0,0.0001,0.0001,0.0,0.0,0.0,-0.02,-0.0107,-0.0946,17.986,16.6741,0.0446,0.0,0.0433,-0.3605,0.0,0.0,0.0,4742878.998,4505754.9268,-1597887.0534,1825.8623,705.6296,7440.0972,4742861.012,4505738.2527,-1597887.098,1825.8823,705.6403,7440.1917,0.0,0.0765,3.9732,0.0,0.0,1.0,0.0,1.0,0.0,0.0,1.172,-23.972,0.0,1.0,0.0,0.0,0.0,-1.0,0.11240106761058812,0.003,-0.1,0.7933704758740966,0.7872999688632961,1.5,0.15
667.2252,4.446,-0.103,-0.044,0.473,-0.024,-0.023,-0.097,0.0,0.003,-0.097,0.0,0.003,0.585,0.316,0.028,0.004,0.007,-0.001,-0.0,0.0,0.0,826.038,-0.0,0.0,-0.0,0.0,0.0,0.0,0.0,0.0,-0.6843,0.6946,-0.222,0.7242,0.683,-0.0954,0.0854,-0.226,-0.9704,0.676,0.226,-0.7014,-0.7316,0.0917,-0.6755,-0.0884,0.9698,0.2273,-0.0,0.0001,0.0001,0.0,0.0,0.0,-0.02,-0.0107,-0.0946,17.982,16.6719,0.0255,0.0,0.0433,-0.3605,0.0,0.0,0.0,4743246.7117,4505896.964,-1596388.1248,1824.6151,704.4448,7440.5171,4743228.7297,4505880.2921,-1596388.1504,1824.6351,704.4555,7440.6117,0.0,0.0765,3.9732,0.0,0.0,1.0,0.0,1.0,0.0,0.0,1.172,-23.972,0.0,1.0,0.0,0.0,0.0,-1.0,0.1120044641967453,0.003,-0.1,0.7910887071303647,0.7839497562298352,1.5,0.15
667.4301,4.426,-0.103,-0.044,0.453,-0.024,-0.023,-0.097,-0.003,0.003,-0.097,-0.003,0.003,0.586,0.318,0.027,0.004,0.007,-0.001,-0.0,0.0,0.0,826.027,-0.0,-1.0,-0.0,0.0,0.0,0.0,0.0,0.0,-0.6843,0.6946,-0.222,0.7241,0.683,-0.0954,0.0853,-0.226,-0.9704,0.676,0.226,-0.7014,-0.7316,0.0917,-0.6755,-0.0884,0.9698,0.2273,-0.0,0.0001,0.0001,0.0,0.0,0.0,-0.0221,-0.0128,-0.0939,17.9778,16.6696,0.0061,0.0,0.0433,-0.3605,0.0,0.0,0.0,4743621.2661,4506041.4976,-1594860.1714,1823.3417,703.2351,7440.9455,4743603.2883,4506024.828,-1594860.1775,1823.3638,703.2478,7441.0394,0.0,0.0765,3.9732,0.0,0.0,1.0,0.0,1.0,0.0,0.0,1.172,-23.972,0.0,1.0,0.0,0.0,0.0,-1.0,0.1120044641967453,0.004242640687119285,-0.1,0.7893825223536771,0.780423216615666,1.5,0.15
667.633,4.406,-0.104,-0.043,0.433,-0.026,-0.022,-0.097,-0.007,0.003,-0.097,-0.007,0.003,0.587,0.319,0.027,0.004,0.007,-0.0,-0.0,0.0,0.0,826.01,-0.0,0.0,-0.0,0.0,0.0,0.0,0.0,0.0,-0.6844,0.6945,-0.2219,0.7241,0.683,-0.0954,0.0853,-0.226,-0.9704,0.676,0.226,-0.7014,-0.7316,0.0917,-0.6755,-0.0884,0.9698,0.2273,-0.0,0.0001,0.0001,0.0,0.0,0.0,-0.0252,-0.0159,-0.0929,17.9729,16.6666,-0.0128,0.0,0.0433,-0.3605,0.0,0.0,0.0,4743992.6113,4506184.647,-1593344.1664,1822.0771,702.0337,7441.3704,4743974.6384,4506167.9804,-1593344.1536,1822.1023,702.0496,7441.4633,0.0,0.0765,3.9732,0.0,0.0,1.0,0.0,1.0,0.0,0.0,1.172,-23.972,0.0,1.0,0.0,0.0,0.0,-1.0,0.11253888216967503,0.007615773105863909,-0.1,0.7434013057525128,0.7768966770014967,1.5,0.15
667.8404,4.386,-0.105,-0.043,0.413,-0.027,-0.021,-0.097,-0.007,0.003,-0.097,-0.007,0.003,0.587,0.321,0.027,0.004,0.007,-0.0,-0.0,0.0,0.0,826.01,-0.0,0.0,-0.0,0.0,0.0,0.0,0.0,0.0,-0.6844,0.6945,-0.2219,0.7241,0.683,-0.0954,0.0853,-0.226,-0.9704,0.676,0.226,-0.7014,-0.7316,0.0917,-0.6755,-0.0884,0.9698,0.2273,-0.0,0.0001,0.0001,0.0,0.0,0.0,-0.0252,-0.0159,-0.0929,17.9677,16.6633,-0.032,0.0,0.0433,-0.3605,0.0,0.0,0.0,4744368.5941,4506329.4361,-1591808.0676,1820.7989,700.8197,7441.7995,4744350.6264,4506312.7728,-1591808.0356,1820.8242,700.8355,7441.8923,0.0,0.0765,3.9732,0.0,0.0,1.0,0.0,1.0,0.0,0.0,1.172,-23.972,0.0,1.0,0.0,0.0,0.0,-1.0,0.11346365056704283,0.007615773105863909,-0.1,0.7264524101327225,0.7733701373873274,1.5,0.15
668.0471,4.366,-0.107,-0.042,0.393,-0.028,-0.02,-0.097,-0.004,0.003,-0.097,-0.004,0.003,0.588,0.322,0.027,0.004,0.007,-0.0,-0.0,0.0,0.0,825.973,-0.0,1.0,-0.0,0.0,0.0,0.0,0.0,0.0,-0.6844,0.6945,-0.2219,0.7241,0.683,-0.0955,0.0853,-0.226,-0.9704,0.676,0.226,-0.7014,-0.7316,0.0917,-0.6755,-0.0884,0.9698,0.2273,-0.0,0.0001,0.0001,0.0,0.0,0.0,-0.0228,-0.0135,-0.0937,17.9626,16.6601,-0.0513,0.0,0.0433,-0.3605,0.0,0.0,0.0,4744746.3679,4506474.7649,-1590263.4739,1819.5161,699.6013,7442.2297,4744728.4053,4506458.1047,-1590263.4226,1819.5389,699.6148,7442.3233,0.0,0.0765,3.9732,0.0,0.0,1.0,0.0,1.0,0.0,0.0,1.172,-23.972,0.0,1.0,0.0,0.0,0.0,-1.0,0.11494781424629177,0.005,-0.1,0.724236231682264,0.769843597773158,1.5,0.15
668.2473,4.346,-0.107,-0.041,0.373,-0.029,-0.02,-0.097,-0.001,0.003,-0.097,-0.001,0.003,0.589,0.324,0.027,0.004,0.007,-0.0,-0.0,0.0,0.0,825.944,-0.0,0.0,-0.0,0.0,0.0,0.0,0.0,0.0,-0.6844,0.6945,-0.2219,0.7241,0.6831,-0.0955,0.0853,-0.226,-0.9704,0.676,0.226,-0.7014,-0.7316,0.0917,-0.6755,-0.0884,0.9698,0.2273,-0.0,0.0001,0.0001,0.0,0.0,0.0,-0.0208,-0.0115,-0.0943,17.9584,16.6577,-0.07,0.0,0.0433,-0.3605,0.0,0.0,0.0,4745107.8615,4506613.6895,-1588784.3473,1818.2872,698.4342,7442.6414,4745089.9032,4506597.0318,-1588784.2773,1818.3081,698.4458,7442.7357,0.0,0.0765,3.9732,0.0,0.0,1.0,0.0,1.0,0.0,0.0,1.172,-23.972,0.0,1.0,0.0,0.0,0.0,-1.0,0.11458621208504974,0.0031622776601683794,-0.1,0.692478359366073,0.7663170581589888,1.5,0.15
668.4495,4.327,-0.107,-0.041,0.354,-0.029,-0.019,-0.097,-0.001,0.003,-0.097,-0.001,0.003,0.59,0.325,0.027,0.004,0.007,-0.0,-0.0,0.0,0.0,825.944,-0.0,0.0,-0.0,0.0,0.0,0.0,0.0,0.0,-0.6844,0.6945,-0.2219,0.7241,0.6831,-0.0955,0.0852,-0.226,-0.9704,0.676,0.226,-0.7014,-0.7316,0.0917,-0.6755,-0.0884,0.9698,0.2273,-0.0,0.0001,0.0001,0.0,0.0,0.0,-0.0208,-0.0115,-0.0943,17.9542,16.6554,-0.0891,0.0,0.0433,-0.3605,0.0,0.0,0.0,4745474.9355,4506754.6173,-1587281.2743,1817.0365,697.2464,7443.0599,4745456.9813,4506737.9619,-1587281.1852,1817.0573,697.2579,7443.1542,0.0,0.0765,3.9732,0.0,0.0,1.0,0.0,1.0,0.0,0.0,1.172,-23.972,0.0,1.0,0.0,0.0,0.0,-1.0,0.11458621208504974,0.0031622776601683794,-0.1,0.691085155286102,0.762966845525528,1.5,0.15
668.6528,4.307,-0.108,-0.04,0.334,-0.029,-0.019,-0.097,-0.001,0.003,-0.097,-0.001,0.003,0.591,0.327,0.027,0.004,0.007,-0.0,-0.0,0.0,0.0,825.944,-0.0,0.0,-0.0,0.0,0.0,0.0,0.0,0.0,-0.6844,0.6945,-0.2219,0.7241,0.6831,-0.0955,0.0852,-0.226,-0.9704,0.676,0.226,-0.7014,-0.7316,0.0917,-0.6755,-0.0884,0.9698,0.2273,-0.0,0.0001,0.0001,0.0,0.0,0.0,-0.0208,-0.0115,-0.0943,17.9499,16.653,-0.1084,0.0,0.0433,-0.3605,0.0,0.0,0.0,4745846.2867,4506897.0416,-1585759.5476,1815.7701,696.0438,7443.4833,4745828.3368,4506880.3886,-1585759.4393,1815.791,696.0553,7443.5776,0.0,0.0765,3.9732,0.0,0.0,1.0,0.0,1.0,0.0,0.0,1.172,-23.972,0.0,1.0,0.0,0.0,0.0,-1.0,0.11516944039110374,0.0031622776601683794,-0.1,0.7026464870794178,0.7594403059113587,1.5,0.15
668.859,4.287,-0.108,-0.04,0.314,-0.029,-0.018,-0.097,-0.001,-0.0,-0.097,-0.001,0.0,0.591,0.328,0.027,0.004,0.007,-0.0,-0.0,0.0,0.0,825.932,-1.0,0.0,-0.0,0.0,0.0,0.0,0.0,0.0,-0.6845,0.6945,-0.2218,0.7241,0.6831,-0.0955,0.0852,-0.226,-0.9704,0.676,0.226,-0.7014,-0.7316,0.0917,-0.6755,-0.0884,0.9698,0.2273,-0.0,0.0001,0.0001,0.0,0.0,0.0,-0.023,-0.0092,-0.094,17.9455,16.6508,-0.1278,0.0,0.0433,-0.3605,0.0,0.0,0.0,4746220.5035,4507040.4167,-1584224.9176,1814.4909,694.8334,7443.91,4746202.558,4507023.7659,-1584224.7898,1814.5139,694.8425,7444.0041,0.0,0.0765,3.9732,0.0,0.0,1.0,0.0,1.0,0.0,0.0,1.172,-23.972,0.0,1.0,0.0,0.0,0.0,-1.0,0.11516944039110374,0.001,-0.1,0.7015686168831159,0.7559137662971893,1.5,0.15
669.0604,4.267,-0.108,-0.041,0.294,-0.03,-0.018,-0.097,-0.001,-0.003,-0.097,-0.001,-0.003,0.592,0.33,0.027,0.004,0.007,-0.0,-0.0,0.0,0.0,825.921,-0.0,0.0,-0.0,0.0,0.0,0.0,0.0,0.0,-0.6845,0.6945,-0.2218,0.7241,0.6831,-0.0956,0.0852,-0.226,-0.9704,0.676,0.226,-0.7014,-0.7316,0.0917,-0.6755,-0.0884,0.9698,0.2273,-0.0,0.0001,0.0001,0.0,0.0,0.0,-0.0249,-0.0072,-0.0938,17.9406,16.6492,-0.1466,0.0,0.0433,-0.3605,0.0,0.0,0.0,4746584.4995,4507179.7334,-1582731.0789,1813.2458,693.6549,7444.325,4746566.5589,4507163.0842,-1582730.9322,1813.2707,693.662,7444.4188,0.0,0.0765,3.9732,0.0,0.0,1.0,0.0,1.0,0.0,0.0,1.172,-23.972,0.0,1.0,0.0,0.0,0.0,-1.0,0.11552056094046635,0.0031622776601683794,-0.1,0.6706637035191753,0.7523872266830202,1.5,0.15
669.2635,4.248,-0.108,-0.041,0.275,-0.03,-0.019,-0.097,-0.001,-0.003,-0.097,-0.001,-0.003,0.593,0.331,0.027,0.004,0.007,-0.0,-0.0,0.0,0.0,825.921,-0.0,0.0,-0.0,0.0,0.0,0.0,0.0,0.0,-0.6845,0.6945,-0.2218,0.724,0.6831,-0.0956,0.0851,-0.226,-0.9704,0.676,0.226,-0.7014,-0.7316,0.0917,-0.6755,-0.0884,0.9698,0.2273,-0.0,0.0001,0.0001,0.0,0.0,0.0,-0.0249,-0.0072,-0.0938,17.9356,16.6478,-0.1656,0.0,0.0433,-0.3605,0.0,0.0,0.0,4746951.7827,4507320.1651,-1581222.6216,1811.9904,692.4628,7444.7434,4746933.8471,4507303.5173,-1581222.4559,1812.0153,692.47,7444.8372,0.0,0.0765,3.9732,0.0,0.0,1.0,0.0,1.0,0.0,0.0,1.172,-23.972,0.0,1.0,0.0,0.0,0.0,-1.0,0.11552056094046635,0.0031622776601683794,-0.1,0.6663921642483447,0.7490370140495592,1.5,0.15
669.4672,4.228,-0.108,-0.042,0.255,-0.03,-0.02,-0.097,-0.001,-0.003,-0.097,-0.001,-0.003,0.594,0.333,0.027,0.004,0.007,-0.0,-0.0,0.0,0.0,825.921,-0.0,0.0,-0.0,0.0,0.0,0.0,0.0,0.0,-0.6845,0.6945,-0.2218,0.724,0.6831,-0.0956,0.0851,-0.226,-0.9704,0.676,0.226,-0.7014,-0.7316,0.0917,-0.6755,-0.0884,0.9698,0.2273,-0.0,0.0001,0.0001,0.0,0.0,0.0,-0.0249,-0.0072,-0.0938,17.9305,16.6463,-0.1848,0.0,0.0433,-0.3605,0.0,0.0,0.0,4747322.598,4507461.8007,-1579698.5137,1810.722,691.2585,7445.1657,4747304.6675,4507445.1544,-1579698.3289,1810.7469,691.2656,7445.2595,0.0,0.0765,3.9732,0.0,0.0,1.0,0.0,1.0,0.0,0.0,1.172,-23.972,0.0,1.0,0.0,0.0,0.0,-1.0,0.1158792474949678,0.0031622776601683794,-0.1,0.6634679443260859,0.7455104744353899,1.5,0.15
669.6678,4.208,-0.108,-0.042,0.235,-0.03,-0.02,-0.097,-0.001,-0.003,-0.097,-0.001,-0.003,0.594,0.334,0.026,0.004,0.007,-0.0,-0.0,0.0,0.0,825.921,1.0,0.0,-0.0,0.0,0.0,0.0,0.0,0.0,-0.6845,0.6944,-0.2218,0.724,0.6831,-0.0956,0.0851,-0.226,-0.9704,0.676,0.226,-0.7014,-0.7316,0.0917,-0.6755,-0.0884,0.9698,0.2273,-0.0,0.0001,0.0001,0.0,0.0,0.0,-0.0249,-0.0071,-0.0938,17.9255,16.6449,-0.2036,0.0,0.0433,-0.3605,0.0,0.0,0.0,4747684.5977,4507599.9268,-1578209.5239,1809.4828,690.0819,7445.5778,4747666.6722,4507583.282,-1578209.3203,1809.5077,690.0891,7445.6717,0.0,0.0765,3.9732,0.0,0.0,1.0,0.0,1.0,0.0,0.0,1.172,-23.972,0.0,1.0,0.0,0.0,0.0,-1.0,0.1158792474949678,0.0031622776601683794,-0.1,0.6609565815132744,0.7419839348212206,1.5,0.15
669.8696,4.189,-0.109,-0.043,0.216,-0.03,-0.02,-0.097,-0.001,-0.0,-0.097,-0.001,0.0,0.595,0.336,0.026,0.004,0.007,-0.0,-0.0,0.0,0.0,825.909,-0.0,0.0,-0.0,0.0,0.0,0.0,0.0,0.0,-0.6845,0.6944,-0.2218,0.724,0.6831,-0.0956,0.0851,-0.226,-0.9704,0.676,0.226,-0.7014,-0.7316,0.0917,-0.6755,-0.0884,0.9698,0.2273,-0.0,0.0001,0.0001,0.0,0.0,0.0,-0.0229,-0.0092,-0.0941,17.9208,16.6431,-0.2226,0.0,0.0433,-0.3605,0.0,0.0,0.0,4748049.8474,4507739.1496,-1576706.0538,1808.2335,688.8919,7445.9933,4748031.9266,4507722.5065,-1576705.8313,1808.2564,688.9011,7446.0874,0.0,0.0765,3.9732,0.0,0.0,1.0,0.0,1.0,0.0,0.0,1.172,-23.972,0.0,1.0,0.0,0.0,0.0,-1.0,0.11717508267545622,0.001,-0.1,0.6732554813257142,0.7386337221877598,1.5,0.15
670.0754,4.169,-0.109,-0.043,0.196,-0.031,-0.02,-0.097,-0.001,-0.0,-0.097,-0.001,0.0,0.596,0.337,0.026,0.004,0.007,-0.0,-0.0,0.0,0.0,825.909,-0.0,0.0,-0.0,0.0,0.0,0.0,0.0,0.0,-0.6845,0.6944,-0.2217,0.724,0.6831,-0.0957,0.0851,-0.226,-0.9704,0.676,0.226,-0.7014,-0.7316,0.0917,-0.6755,-0.0884,0.9698,0.2273,-0.0,0.0001,0.0001,0.0,0.0,0.0,-0.0229,-0.0092,-0.0941,17.9161,16.6412,-0.2419,0.0,0.0433,-0.3605,0.0,0.0,0.0,4748421.9076,4507880.8207,-1575173.3891,1806.9578,687.6808,7446.4167,4748403.9915,4507864.1795,-1575173.1472,1806.9807,687.69,7446.5108,0.0,0.0765,3.9732,0.0,0.0,1.0,0.0,1.0,0.0,0.0,1.172,-23.972,0.0,1.0,0.0,0.0,0.0,-1.0,0.11717508267545622,0.001,-0.1,0.640637751683085,0.7351071825735904,1.5,0.15
670.2792,4.149,-0.109,-0.043,0.176,-0.031,-0.02,-0.097,-0.001,-0.0,-0.097,-0.001,0.0,0.597,0.339,0.026,0.004,0.007,-0.0,-0.0,0.0,0.0,825.909,-0.0,0.0,-0.0,0.0,0.0,0.0,0.0,0.0,-0.6846,0.6944,-0.2217,0.724,0.6832,-0.0957,0.085,-0.226,-0.9704,0.676,0.226,-0.7014,-0.7316,0.0917,-0.6755,-0.0884,0.9698,0.2273,-0.0,0.0001,0.0001,0.0,0.0,0.0,-0.0229,-0.0092,-0.0941,17.9114,16.6393,-0.2612,0.0,0.0433,-0.3605,0.0,0.0,0.0,4748791.0277,4508021.2245,-1573651.6806,1805.6913,686.4785,7446.8366,4748773.1163,4508004.5852,-1573651.4194,1805.7142,686.4877,7446.9307,0.0,0.0765,3.9732,0.0,0.0,1.0,0.0,1.0,0.0,0.0,1.172,-23.972,0.0,1.0,0.0,0.0,0.0,-1.0,0.11717508267545622,0.001,-0.1,0.6379337677458466,0.7315806429594212,1.5,0.15
670.4856,4.129,-0.109,-0.043,0.156,-0.031,-0.02,-0.097,-0.001,-0.0,-0.097,-0.001,0.0,0.597,0.34,0.026,0.004,0.007,-0.0,-0.0,0.0,0.0,825.909,-0.0,0.0,-0.0,0.0,0.0,0.0,0.0,0.0,-0.6846,0.6944,-0.2217,0.724,0.6832,-0.0957,0.085,-0.226,-0.9704,0.676,0.226,-0.7014,-0.7316,0.0917,-0.6755,-0.0884,0.9698,0.2273,-0.0,0.0001,0.0001,0.0,0.0,0.0,-0.0229,-0.0092,-0.0941,17.9067,16.6374,-0.2806,0.0,0.0433,-0.3605,0.0,0.0,0.0,4749163.383,4508162.7096,-1572115.4653,1804.4127,685.2647,7447.2601,4749145.4763,4508146.0722,-1572115.1847,1804.4356,685.2739,7447.3542,0.0,0.0765,3.9732,0.0,0.0,1.0,0.0,1.0,0.0,0.0,1.172,-23.972,0.0,1.0,0.0,0.0,0.0,-1.0,0.11717508267545622,0.001,-0.1,0.6352042534087309,0.7280541033452518,1.5,0.15
670.6856,4.109,-0.109,-0.043,0.136,-0.031,-0.02,-0.097,-0.001,-0.0,-0.097,-0.001,0.0,0.598,0.342,0.026,0.004,0.007,-0.0,-0.0,0.0,0.0,825.909,-0.0,0.0,-0.0,0.0,0.0,0.0,0.0,0.0,-0.6846,0.6944,-0.2217,0.724,0.6832,-0.0957,0.085,-0.226,-0.9704,0.676,0.226,-0.7014,-0.7316,0.0917,-0.6755,-0.0884,0.9698,0.2273,-0.0,0.0001,0.0001,0.0,0.0,0.0,-0.0229,-0.0092,-0.0941,17.9021,16.6356,-0.2993,0.0,0.0433,-0.3605,0.0,0.0,0.0,4749523.1665,4508299.2749,-1570630.0004,1803.1763,684.0911,7447.6692,4749505.2644,4508282.6394,-1570629.701,1803.1991,684.1002,7447.7633,0.0,0.0765,3.9732,0.0,0.0,1.0,0.0,1.0,0.0,0.0,1.172,-23.972,0.0,1.0,0.0,0.0,0.0,-1.0,0.11717508267545622,0.001,-0.1,0.6324489125000771,0.7245275637310826,1.5,0.15
670.8907,4.089,-0.11,-0.043,0.116,-0.031,-0.02,-0.097,-0.001,-0.0,-0.097,-0.001,0.0,0.599,0.343,0.026,0.004,0.007,-0.0,-0.0,0.0,0.0,825.909,-0.0,0.0,-0.0,0.0,0.0,0.0,0.0,0.0,-0.6846,0.6944,-0.2217,0.7239,0.6832,-0.0957,0.085,-0.226,-0.9704,0.676,0.226,-0.7014,-0.7316,0.0917,-0.6755,-0.0884,0.9698,0.2273,-0.0,0.0001,0.0001,0.0,0.0,0.0,-0.0229,-0.0092,-0.0941,17.8975,16.6337,-0.3187,0.0,0.0433,-0.3605,0.0,0.0,0.0,4749893.1407,4508439.5617,-1569101.3109,1801.9038,682.8833,7448.0898,4749875.2432,4508422.9281,-1569100.9923,1801.9267,682.8925,7448.1839,0.0,0.0765,3.9732,0.0,0.0,1.0,0.0,1.0,0.0,0.0,1.172,-23.972,0.0,1.0,0.0,0.0,0.0,-1.0,0.1181058846967415,0.001,-0.1,0.6440802101182438,0.7210010241169134,1.5,0.15
671.0943,4.07,-0.11,-0.043,0.097,-0.031,-0.02,-0.097,-0.001,-0.0,-0.097,-0.001,0.0,0.6,0.345,0.026,0.004,0.007,-0.0,-0.0,0.0,0.0,825.909,-0.0,0.0,-0.0,0.0,0.0,0.0,0.0,0.0,-0.6846,0.6944,-0.2217,0.7239,0.6832,-0.0958,0.0849,-0.226,-0.9704,0.676,0.226,-0.7014,-0.7316,0.0917,-0.6755,-0.0884,0.9698,0.2273,-0.0,0.0001,0.0001,0.0,0.0,0.0,-0.0229,-0.0091,-0.0941,17.8928,16.6318,-0.3378,0.0,0.0433,-0.3605,0.0,0.0,0.0,4750259.5831,4508578.3626,-1567586.0624,1800.6426,681.6862,7448.5062,4750241.6903,4508561.7308,-1567585.7246,1800.6654,681.6953,7448.6003,0.0,0.0765,3.9732,0.0,0.0,1.0,0.0,1.0,0.0,0.0,1.172,-23.972,0.0,1.0,0.0,0.0,0.0,-1.0,0.1181058846967415,0.001,-0.1,0.6414140195985798,0.7176508114834526,1.5,0.15
671.2998,4.05,-0.11,-0.043,0.077,-0.032,-0.02,-0.097,-0.001,-0.0,-0.097,-0.001,0.0,0.6,0.346,0.026,0.004,0.007,-0.0,-0.0,0.0,0.0,825.909,-0.0,0.0,-0.0,0.0,0.0,0.0,0.0,0.0,-0.6846,0.6944,-0.2216,0.7239,0.6832,-0.0958,0.0849,-0.226,-0.9704,0.676,0.226,-0.7014,-0.7316,0.0917,-0.6755,-0.0884,0.9698,0.2273,-0.0,0.0001,0.0001,0.0,0.0,0.0,-0.0229,-0.0091,-0.0941,17.8881,16.6299,-0.3571,0.0,0.0433,-0.3605,0.0,0.0,0.0,4750629.5443,4508718.3475,-1566055.1034,1799.3682,680.4767,7448.9265,4750611.6562,4508701.7176,-1566054.7463,1799.3911,680.4858,7449.0206,0.0,0.0765,3.9732,0.0,0.0,1.0,0.0,1.0,0.0,0.0,1.172,-23.972,0.0,1.0,0.0,0.0,0.0,-1.0,0.1181058846967415,0.001,-0.1,0.6080217073735747,0.7141242718692831,1.5,0.15
671.5063,4.029,-0.11,-0.043,0.056,-0.032,-0.02,-0.097,-0.001,-0.0,-0.097,-0.001,0.0,0.601,0.348,0.026,0.004,0.007,-0.0,-0.0,0.0,0.0,825.909,-0.0,0.0,-0.0,0.0,0.0,0.0,0.0,0.0,-0.6846,0.6944,-0.2216,0.7239,0.6832,-0.0958,0.0849,-0.226,-0.9704,0.676,0.226,-0.7014,-0.7316,0.0917,-0.6755,-0.0884,0.9698,0.2273,-0.0,0.0001,0.0001,0.0,0.0,0.0,-0.0228,-0.0091,-0.0941,17.8834,16.628,-0.3766,0.0,0.0433,-0.3605,0.0,0.0,0.0,4751001.6494,4508858.9927,-1564514.0898,1798.0854,679.2593,7449.3492,4750983.766,4508842.3647,-1564513.7132,1798.1083,679.2684,7449.4433,0.0,0.0765,3.9732,0.0,0.0,1.0,0.0,1.0,0.0,0.0,1.172,-23.972,0.0,1.0,0.0,0.0,0.0,-1.0,0.1181058846967415,0.001,-0.1,0.6049209596554446,0.7104214052744053,1.5,0.15
671.7118,4.009,-0.11,-0.043,0.036,-0.032,-0.02,-0.097,-0.001,-0.0,-0.097,-0.001,0.0,0.602,0.349,0.026,0.004,0.007,-0.0,-0.0,0.0,0.0,825.909,-0.0,0.0,-0.0,0.0,0.0,0.0,0.0,0.0,-0.6847,0.6944,-0.2216,0.7239,0.6832,-0.0958,0.0849,-0.226,-0.9704,0.676,0.226,-0.7014,-0.7316,0.0917,-0.6755,-0.0884,0.9698,0.2273,-0.0,0.0001,0.0001,0.0,0.0,0.0,-0.0228,-0.0091,-0.0941,17.8787,16.6261,-0.396,0.0,0.0433,-0.3605,0.0,0.0,0.0,4751372.0189,4508998.8314,-1562979.0837,1796.8077,678.0466,7449.7697,4751354.1402,4508982.2052,-1562978.6877,1796.8305,678.0558,7449.8638,0.0,0.0765,3.9732,0.0,0.0,1.0,0.0,1.0,0.0,0.0,1.172,-23.972,0.0,1.0,0.0,0.0,0.0,-1.0,0.1181058846967415,0.001,-0.1,0.6019389204346426,0.7068948656602362,1.5,0.15
671.9128,3.99,-0.11,-0.043,0.017,-0.032,-0.02,-0.097,-0.001,-0.0,-0.097,-0.001,0.0,0.603,0.351,0.026,0.004,0.007,-0.0,-0.0,0.0,0.0,825.909,-0.0,0.0,-0.0,0.0,0.0,0.0,0.0,0.0,-0.6847,0.6943,-0.2216,0.7239,0.6832,-0.0958,0.0848,-0.226,-0.9704,0.676,0.226,-0.7014,-0.7316,0.0917,-0.6755,-0.0884,0.9698,0.2273,-0.0,0.0001,0.0001,0.0,0.0,0.0,-0.0228,-0.0091,-0.0941,17.8741,16.6243,-0.4148,0.0,0.0433,-0.3605,0.0,0.0,0.0,4751730.9601,4509134.2112,-1561490.3196,1795.5683,676.8705,7450.1772,4751713.086,4509117.5869,-1561489.9048,1795.5912,676.8797,7450.2713,0.0,0.0765,3.9732,0.0,0.0,1.0,0.0,1.0,0.0,0.0,1.172,-23.972,0.0,1.0,0.0,0.0,0.0,-1.0,0.1181058846967415,0.001,-0.1,0.5990795398568001,0.7035446530267753,1.5,0.15
672.1155,3.973,-0.076,0.0,0.0,0.0,0.0,0.0,-0.0,0.0,0.0,-0.0,0.0,0.0,0.0,-0.0,-0.0,0.0,-0.0,-0.0,0.0,0.0,825.907,-0.0,0.0,-0.0,0.0,0.0,0.0,0.0,0.0,-0.6847,0.6943,-0.2216,0.7239,0.6832,-0.0959,0.0848,-0.226,-0.9704,0.6847,0.2216,-0.6943,-0.7239,0.0959,-0.6832,-0.0848,0.9704,0.226,-0.0001,0.0,0.0,0.0001,-0.0,-0.0,0.0,0.0,0.0,17.7315,16.8195,-0.4081,0.0,-23.8555,5.136,0.0,0.0092,-0.04,4752094.278,4509271.0974,-1559982.2723,1794.3129,675.6793,7450.5895,4752076.5464,4509254.2779,-1559981.8642,1794.3129,675.6793,7450.5895,0.0,0.0765,3.9732,0.0,0.0,1.0,0.0,1.0,0.0,0.0,1.172,-23.972,0.0,1.0,0.0,0.0,0.0,-1.0,0.076,0.0,-0.1,1.095884274968297,0.7005470943547313,,
672.3211,3.973,-0.076,0.0,0.0,0.0,0.0,0.0,-0.0,0.0,0.0,-0.0,0.0,-0.0,0.0,-0.0,-0.0,0.0,-0.0,-0.0,0.0,0.0,825.864,-0.0,0.0,-0.0,0.0,0.0,0.0,0.0,0.0,-0.6847,0.6943,-0.2216,0.7239,0.6832,-0.0959,0.0848,-0.2261,-0.9704,0.6847,0.2216,-0.6943,-0.7239,0.0959,-0.6832,-0.0848,0.9704,0.2261,-0.0001,0.0,0.0,0.0001,-0.0,-0.0,0.0,0.0,0.0,17.7314,16.8195,-0.4089,0.0,-23.8555,5.136,0.0,0.0092,-0.04,4752466.1805,4509411.0675,-1558437.4101,1793.0268,674.4589,7451.0115,4752448.449,4509394.248,-1558437.0012,1793.0268,674.4589,7451.0115,0.0,0.0765,3.9732,0.0,0.0,1.0,0.0,1.0,0.0,0.0,1.172,-23.972,0.0,1.0,0.0,0.0,0.0,-1.0,0.076,0.0,-0.1,1.095884274968297,0.7005470943547313,,
672.526,3.973,-0.076,0.0,0.0,0.0,0.0,0.0,-0.0,0.0,0.0,-0.0,0.0,0.0,0.0,-0.0,-0.0,-0.0,-0.0,-0.0,0.0,0.0,825.82,-0.0,0.0,-0.0,0.0,0.0,0.0,0.0,0.0,-0.6847,0.6943,-0.2216,0.7239,0.6832,-0.0959,0.0848,-0.2261,-0.9704,0.6847,0.2216,-0.6943,-0.7239,0.0959,-0.6832,-0.0848,0.9704,0.2261,-0.0001,0.0,0.0,0.0001,-0.0,-0.0,0.0,0.0,0.0,17.7314,16.8196,-0.4096,0.0,-23.8555,5.136,0.0,0.0092,-0.04,4752832.3651,4509548.7363,-1556915.1309,1791.7595,673.2564,7451.4268,4752814.6338,4509531.9167,-1556914.7212,1791.7595,673.2564,7451.4268,0.0,0.0765,3.9732,0.0,0.0,1.0,0.0,1.0,0.0,0.0,1.172,-23.972,0.0,1.0,0.0,0.0,0.0,-1.0,0.076,0.0,-0.1,1.095884274968297,0.7005470943547313,,
672.7303,3.973,-0.076,0.0,0.0,0.0,0.0,0.0,-0.0,0.0,0.0,-0.0,0.0,0.0,0.0,-0.0,-0.0,0.0,-0.0,-0.0,0.0,0.0,825.778,-0.0,0.0,-0.0,0.0,0.0,0.0,0.0,0.0,-0.6847,0.6943,-0.2216,0.7239,0.6832,-0.0959,0.0848,-0.2261,-0.9704,0.6847,0.2216,-0.6943,-0.7239,0.0959,-0.6832,-0.0848,0.9704,0.2261,-0.0001,0.0,0.0,0.0001,-0.0,-0.0,0.0,0.0,0.0,17.7313,16.8196,-0.4104,0.0,-23.8555,5.136,0.0,0.0092,-0.04,4753197.5152,4509685.868,-1555395.9989,1790.4948,672.0565,7451.8409,4753179.7839,4509669.0484,-1555395.5885,1790.4948,672.0565,7451.8409,0.0,0.0765,3.9732,0.0,0.0,1.0,0.0,1.0,0.0,0.0,1.172,-23.972,0.0,1.0,0.0,0.0,0.0,-1.0,0.076,0.0,-0.1,1.095884274968297,0.7005470943547313,,
672.9327,3.973,-0.076,0.0,-0.0,0.0,0.0,0.0,0.0,-0.0,0.0,0.0,-0.0,-0.0,0.0,-0.0,0.0,-0.0,-0.0,-0.0,0.0,0.0,825.734,-0.0,0.0,-0.0,0.0,0.0,0.0,0.0,0.0,-0.6847,0.6943,-0.2217,0.7239,0.6832,-0.0959,0.0848,-0.2261,-0.9704,0.6847,0.2217,-0.6943,-0.7239,0.0959,-0.6832,-0.0848,0.9704,0.2261,-0.0001,0.0,0.0,0.0001,-0.0,-0.0,0.0,0.0,0.0,17.7313,16.8197,-0.4111,0.0,-23.8555,5.136,0.0,0.0092,-0.04,4753562.2064,4509822.6801,-1553877.6136,1789.2307,670.8571,7452.2544,4753544.4751,4509805.8604,-1553877.2025,1789.2307,670.8571,7452.2544,0.0,0.0765,3.9732,0.0,0.0,1.0,0.0,1.0,0.0,0.0,1.172,-23.972,0.0,1.0,0.0,0.0,0.0,-1.0,0.076,0.0,-0.1,1.095884274968297,0.7005470943547313,,
673.1382,3.973,-0.077,-0.0,-0.0,-0.0,-0.0,-0.0,0.0,-0.0,-0.0,0.0,-0.0,-0.0,0.0,-0.0,-0.0,0.0,-0.0,-0.0,0.0,0.0,825.69,-0.0,0.0,-0.0,0.0,0.0,0.0,0.0,0.0,-0.6847,0.6943,-0.2217,0.7239,0.6832,-0.096,0.0848,-0.2262,-0.9704,0.6847,0.2217,-0.6943,-0.7239,0.096,-0.6832,-0.0848,0.9704,0.2262,-0.0001,0.0,0.0,0.0001,-0.0,-0.0,0.0,0.0,0.0,17.7312,16.8197,-0.4118,0.0,-23.8555,5.136,0.0,0.0092,-0.04,4753929.7646,4509960.4179,-1552346.1239,1787.9556,669.6475,7452.671,4753912.0334,4509943.5981,-1552345.7121,1787.9556,669.6475,7452.671,0.0,0.0765,3.9732,0.0,0.0,1.0,0.0,1.0,0.0,0.0,1.172,-23.972,0.0,1.0,0.0,0.0,0.0,-1.0,0.077,0.0,-0.1,1.1103002187014113,0.7005470943547313,,
673.3402,3.973,-0.077,-0.0,-0.0,-0.0,-0.0,-0.0,0.0,-0.0,-0.0,0.0,-0.0,0.0,0.0,-0.0,-0.0,-0.0,-0.0,-0.0,0.0,0.0,825.648,-0.0,0.0,-0.0,0.0,0.0,0.0,0.0,0.0,-0.6847,0.6943,-0.2217,0.7239,0.6832,-0.096,0.0848,-0.2262,-0.9704,0.6847,0.2217,-0.6943,-0.7239,0.096,-0.6832,-0.0848,0.9704,0.2262,-0.0001,0.0,0.0,0.0001,-0.0,-0.0,0.0,0.0,0.0,17.7311,16.8198,-0.4125,0.0,-23.8555,5.136,0.0,0.0092,-0.04,4754290.341,4510095.3931,-1550842.5778,1786.7037,668.4599,7453.0795,4754272.6098,4510078.5733,-1550842.1653,1786.7037,668.4599,7453.0795,0.0,0.0765,3.9732,0.0,0.0,1.0,0.0,1.0,0.0,0.0,1.172,-23.972,0.0,1.0,0.0,0.0,0.0,-1.0,0.077,0.0,-0.1,1.1103002187014113,0.7005470943547313,,
673.5443,3.973,-0.077,-0.0,-0.0,-0.0,-0.0,-0.0,0.0,-0.0,-0.0,0.0,-0.0,0.0,0.0,-0.0,-0.0,0.0,-0.0,-0.0,0.0,0.0,825.604,-0.0,0.0,-0.0,0.0,0.0,0.0,0.0,0.0,-0.6847,0.6943,-0.2217,0.7239,0.6832,-0.096,0.0848,-0.2262,-0.9704,0.6847,0.2217,-0.6943,-0.7239,0.096,-0.6832,-0.0848,0.9704,0.2262,-0.0001,0.0,0.0,0.0001,-0.0,-0.0,0.0,0.0,0.0,17.7311,16.8198,-0.4132,0.0,-23.8555,5.136,0.0,0.0092,-0.04,4754654.4395,4510231.5392,-1549323.1967,1785.4387,667.2599,7453.492,4754636.7084,4510214.7194,-1549322.7835,1785.4387,667.2599,7453.492,0.0,0.0765,3.9732,0.0,0.0,1.0,0.0,1.0,0.0,0.0,1.172,-23.972,0.0,1.0,0.0,0.0,0.0,-1.0,0.077,0.0,-0.1,1.1103002187014113,0.7005470943547313,,
673.7489,3.973,-0.077,-0.0,0.0,-0.0,-0.0,-0.0,-0.0,-0.0,-0.0,-0.0,-0.0,0.0,0.0,-0.0,-0.0,0.0,-0.0,-0.0,0.0,0.0,825.562,-0.0,0.0,-0.0,0.0,0.0,0.0,0.0,0.0,-0.6847,0.6943,-0.2217,0.7239,0.6832,-0.096,0.0848,-0.2263,-0.9704,0.6847,0.2217,-0.6943,-0.7239,0.096,-0.6832,-0.0848,0.9704,0.2263,-0.0001,0.0,0.0,0.0001,-0.0,-0.0,0.0,0.0,0.0,17.731,16.8198,-0.4139,0.0,-23.8555,5.136,0.0,0.0092,-0.04,4755020.808,4510368.3846,-1547793.1641,1784.1648,666.0515,7453.9069,4755003.077,4510351.5648,-1547792.7501,1784.1648,666.0515,7453.9069,0.0,0.0765,3.9732,0.0,0.0,1.0,0.0,1.0,0.0,0.0,1.172,-23.972,0.0,1.0,0.0,0.0,0.0,-1.0,0.077,0.0,-0.1,1.1103002187014113,0.7005470943547313,,
673.9511,3.973,-0.077,-0.0,0.0,-0.0,-0.0,-0.0,-0.0,-0.0,-0.0,-0.0,-0.0,-0.0,0.0,-0.0,-0.0,0.0,-0.0,-0.0,0.0,0.0,825.518,-0.0,0.0,-0.0,0.0,0.0,0.0,0.0,0.0,-0.6847,0.6943,-0.2218,0.7239,0.6832,-0.0961,0.0848,-0.2263,-0.9704,0.6847,0.2218,-0.6943,-0.7239,0.0961,-0.6832,-0.0848,0.9704,0.2263,-0.0001,0.0,0.0,0.0001,-0.0,-0.0,0.0,0.0,0.0,17.731,16.8199,-0.4146,0.0,-23.8555,5.136,0.0,0.0092,-0.04,4755381.1354,4510502.8266,-1546287.2136,1782.9108,664.8621,7454.3148,4755363.4044,4510486.0067,-1546286.7989,1782.9108,664.8621,7454.3148,0.0,0.0765,3.9732,0.0,0.0,1.0,0.0,1.0,0.0,0.0,1.172,-23.972,0.0,1.0,0.0,0.0,0.0,-1.0,0.077,0.0,-0.1,1.1103002187014113,0.7005470943547313,,
674.1552,3.973,-0.076,0.0,-0.0,0.0,0.0,0.0,0.0,0.0,0.0,0.0,0.0,-0.0,0.0,-0.0,-0.0,0.0,-0.0,-0.0,0.0,0.0,825.474,-0.0,0.0,-0.0,0.0,0.0,0.0,0.0,0.0,-0.6847,0.6943,-0.2218,0.7239,0.6832,-0.0961,0.0848,-0.2263,-0.9704,0.6847,0.2218,-0.6943,-0.7239,0.0961,-0.6832,-0.0848,0.9704,0.2263,-0.0001,0.0,0.0,0.0001,-0.0,-0.0,0.0,0.0,0.0,17.7309,16.8199,-0.4154,0.0,-23.8555,5.136,0.0,0.0092,-0.04,4755745.3777,4510638.581,-1544763.7395,1781.6423,663.6589,7454.7271,4755727.6468,4510621.7611,-1544763.3242,1781.6423,663.6589,7454.7271,0.0,0.0765,3.9732,0.0,0.0,1.0,0.0,1.0,0.0,0.0,1.172,-23.972,0.0,1.0,0.0,0.0,0.0,-1.0,0.076,0.0,-0.1,1.095884274968297,0.7005470943547313,,
674.3618,3.973,-0.076,0.0,0.0,0.0,0.0,0.0,-0.0,0.0,0.0,-0.0,0.0,-0.0,0.0,-0.0,-0.0,0.0,-0.0,-0.0,0.0,0.0,825.432,-0.0,0.0,-0.0,0.0,0.0,0.0,0.0,0.0,-0.6847,0.6943,-0.2218,0.7239,0.6832,-0.0961,0.0848,-0.2263,-0.9703,0.6847,0.2218,-0.6943,-0.7239,0.0961,-0.6832,-0.0848,0.9703,0.2263,-0.0001,0.0,0.0,0.0001,-0.0,-0.0,0.0,0.0,0.0,17.7309,16.82,-0.4161,0.0,-23.8555,5.136,0.0,0.0092,-0.04,4756112.1828,4510775.1395,-1543228.3669,1780.3638,662.4463,7455.1421,4756094.452,4510758.3195,-1543227.9508,1780.3638,662.4463,7455.1421,0.0,0.0765,3.9732,0.0,0.0,1.0,0.0,1.0,0.0,0.0,1.172,-23.972,0.0,1.0,0.0,0.0,0.0,-1.0,0.076,0.0,-0.1,1.095884274968297,0.7005470943547313,,
674.5661,3.973,-0.076,0.0,-0.0,0.0,0.0,0.0,0.0,0.0,0.0,0.0,0.0,-0.0,0.0,-0.0,-0.0,-0.0,-0.0,-0.0,0.0,0.0,825.386,-0.0,0.0,-0.0,0.0,0.0,0.0,0.0,0.0,-0.6847,0.6943,-0.2218,0.7239,0.6832,-0.0961,0.0848,-0.2264,-0.9703,0.6847,0.2218,-0.6943,-0.7239,0.0961,-0.6832,-0.0848,0.9703,0.2264,-0.0001,0.0,0.0,0.0001,-0.0,-0.0,0.0,0.0,0.0,17.7308,16.82,-0.4168,0.0,-23.8555,5.136,0.0,0.0092,-0.04,4756475.7321,4510910.3361,-1541705.4474,1779.0957,661.2437,7455.5534,4756458.0013,4510893.516,-1541705.0306,1779.0957,661.2437,7455.5534,0.0,0.0765,3.9732,0.0,0.0,1.0,0.0,1.0,0.0,0.0,1.172,-23.972,0.0,1.0,0.0,0.0,0.0,-1.0,0.076,0.0,-0.1,1.095884274968297,0.7005470943547313,,
674.7726,3.973,-0.076,0.0,0.0,0.0,0.0,0.0,-0.0,0.0,0.0,-0.0,0.0,-0.0,-0.0,-0.0,0.0,-0.0,-0.0,-0.0,0.0,0.0,825.325,-0.0,0.0,-0.0,0.0,0.0,0.0,0.0,0.0,-0.6847,0.6942,-0.2218,0.7239,0.6832,-0.0961,0.0848,-0.2264,-0.9703,0.6847,0.2218,-0.6942,-0.7239,0.0961,-0.6832,-0.0848,0.9703,0.2264,-0.0001,0.0,0.0,0.0001,-0.0,-0.0,0.0,0.0,0.0,17.7307,16.8201,-0.4175,0.0,-23.8555,5.136,0.0,0.0092,-0.04,4756841.106,4511046.0607,-1540173.7032,1777.8202,660.034,7455.9666,4756823.3753,4511029.2406,-1540173.2858,1777.8202,660.034,7455.9666,0.0,0.0765,3.9732,0.0,0.0,1.0,0.0,1.0,0.0,0.0,1.172,-23.972,0.0,1.0,0.0,0.0,0.0,-1.0,0.076,0.0,-0.1,1.095884274968297,0.7005470943547313,,
674.9733,3.973,-0.076,0.0,0.0,0.0,0.0,0.0,-0.0,0.0,0.0,-0.0,0.0,-0.0,-0.0,0.0,0.0,-0.0,0.0,-0.0,0.0,0.0,825.325,-0.0,0.0,-0.0,0.0,0.0,0.0,0.0,0.0,-0.6847,0.6942,-0.2219,0.7239,0.6832,-0.0961,0.0848,-0.2264,-0.9703,0.6847,0.2219,-0.6942,-0.7239,0.0961,-0.6832,-0.0848,0.9703,0.2264,-0.0001,0.0,0.0,0.0001,-0.0,-0.0,0.0,0.0,0.0,17.7307,16.8201,-0.4181,0.0,-23.8555,5.136,0.0,0.0092,-0.04,4757198.9029,4511178.824,-1538672.5753,1776.5702,658.8486,7456.3711,4757181.1722,4511162.0039,-1538672.1572,1776.5702,658.8486,7456.3711,0.0,0.0765,3.9732,0.0,0.0,1.0,0.0,1.0,0.0,0.0,1.172,-23.972,0.0,1.0,0.0,0.0,0.0,-1.0,0.076,0.0,-0.1,1.095884274968297,0.7005470943547313,,
675.1764,3.973,-0.076,0.0,0.0,0.0,0.0,0.0,-0.0,0.0,0.0,-0.0,0.0,0.0,0.0,-0.0,-0.0,0.0,-0.0,-0.0,0.0,0.0,825.325,-0.0,0.0,-0.0,0.0,0.0,0.0,0.0,0.0,-0.6847,0.6942,-0.2219,0.7239,0.6832,-0.0962,0.0848,-0.2265,-0.9703,0.6847,0.2219,-0.6942,-0.7239,0.0962,-0.6832,-0.0848,0.9703,0.2265,-0.0001,0.0,0.0,0.0001,-0.0,-0.0,0.0,0.0,0.0,17.7306,16.8202,-0.4188,0.0,-23.8555,5.136,0.0,0.0092,-0.04,4757556.201,4511311.2569,-1537172.4088,1775.3209,657.664,7456.775,4757538.4704,4511294.4367,-1537171.99,1775.3209,657.664,7456.775,0.0,0.0765,3.9732,0.0,0.0,1.0,0.0,1.0,0.0,0.0,1.172,-23.972,0.0,1.0,0.0,0.0,0.0,-1.0,0.076,0.0,-0.1,1.095884274968297,0.7005470943547313,,
675.3783,3.973,-0.076,0.0,0.0,0.0,0.0,0.0,-0.0,0.0,0.0,-0.0,0.0,-0.0,0.0,-0.0,-0.0,0.0,-0.0,-0.0,0.0,0.0,825.325,-0.0,0.0,-0.0,0.0,0.0,0.0,0.0,0.0,-0.6847,0.6942,-0.2219,0.7239,0.6832,-0.0962,0.0848,-0.2265,-0.9703,0.6847,0.2219,-0.6942,-0.7239,0.0962,-0.6832,-0.0848,0.9703,0.2265,-0.0001,0.0,0.0,0.0001,-0.0,-0.0,0.0,0.0,0.0,17.7306,16.8202,-0.4195,0.0,-23.8555,5.136,0.0,0.0092,-0.04,4757915.608,4511444.3251,-1535662.2344,1774.0633,656.4715,7457.1811,4757897.8775,4511427.5049,-1535661.8149,1774.0633,656.4715,7457.1811,0.0,0.0765,3.9732,0.0,0.0,1.0,0.0,1.0,0.0,0.0,1.172,-23.972,0.0,1.0,0.0,0.0,0.0,-1.0,0.076,0.0,-0.1,1.095884274968297,0.7005470943547313,,
675.5836,3.973,-0.076,0.0,-0.0,0.0,0.0,0.0,0.0,0.0,0.0,0.0,0.0,-0.0,0.0,-0.0,-0.0,0.0,-0.0,-0.0,0.0,0.0,825.325,-0.0,0.0,-0.0,0.0,0.0,0.0,0.0,0.0,-0.6847,0.6942,-0.2219,0.7239,0.6832,-0.0962,0.0848,-0.2265,-0.9703,0.6847,0.2219,-0.6942,-0.7239,0.0962,-0.6832,-0.0848,0.9703,0.2265,-0.0001,0.0,0.0,0.0001,-0.0,-0.0,0.0,0.0,0.0,17.7305,16.8203,-0.4202,0.0,-23.8555,5.136,0.0,0.0092,-0.04,4758282.6394,4511580.0639,-1534118.8376,1772.778,655.2528,7457.5957,4758264.9089,4511563.2436,-1534118.4174,1772.778,655.2528,7457.5957,0.0,0.0765,3.9732,0.0,0.0,1.0,0.0,1.0,0.0,0.0,1.172,-23.972,0.0,1.0,0.0,0.0,0.0,-1.0,0.076,0.0,-0.1,1.095884274968297,0.7005470943547313,,
675.7879,3.973,-0.076,0.0,-0.0,0.0,0.0,0.0,0.0,0.0,0.0,0.0,0.0,-0.0,0.0,-0.0,-0.0,0.0,-0.0,-0.0,0.0,0.0,825.325,-0.0,0.0,-0.0,0.0,0.0,0.0,0.0,0.0,-0.6847,0.6942,-0.2219,0.7239,0.6832,-0.0962,0.0848,-0.2265,-0.9703,0.6847,0.2219,-0.6942,-0.7239,0.0962,-0.6832,-0.0848,0.9703,0.2265,-0.0001,0.0,0.0,0.0001,-0.0,-0.0,0.0,0.0,0.0,17.7304,16.8203,-0.4209,0.0,-23.8555,5.136,0.0,0.0092,-0.04,4758643.4285,4511713.3442,-1532600.5114,1771.5135,654.0539,7458.0032,4758625.698,4511696.5239,-1532600.0905,1771.5135,654.0539,7458.0032,0.0,0.0765,3.9732,0.0,0.0,1.0,0.0,1.0,0.0,0.0,1.172,-23.972,0.0,1.0,0.0,0.0,0.0,-1.0,0.076,0.0,-0.1,1.095884274968297,0.7005470943547313,,
675.9882,3.973,-0.077,-0.0,0.0,-0.0,-0.0,-0.0,-0.0,-0.0,-0.0,-0.0,-0.0,-0.0,0.0,-0.0,0.0,0.0,0.0,-0.0,0.0,0.0,825.325,-0.0,0.0,-0.0,0.0,0.0,0.0,0.0,0.0,-0.6847,0.6942,-0.222,0.7239,0.6832,-0.0962,0.0848,-0.2266,-0.9703,0.6847,0.222,-0.6942,-0.7239,0.0962,-0.6832,-0.0848,0.9703,0.2266,-0.0001,0.0,0.0,0.0001,-0.0,-0.0,0.0,0.0,0.0,17.7304,16.8203,-0.4216,0.0,-23.8555,5.136,0.0,0.0092,-0.04,4758998.9564,4511844.5349,-1531103.186,1770.2665,652.8716,7458.4046,4758981.226,4511827.7145,-1531102.7644,1770.2665,652.8716,7458.4046,0.0,0.0765,3.9732,0.0,0.0,1.0,0.0,1.0,0.0,0.0,1.172,-23.972,0.0,1.0,0.0,0.0,0.0,-1.0,0.077,0.0,-0.1,1.1103002187014113,0.7005470943547313,,
676.1884,3.973,-0.077,-0.0,-0.0,-0.0,-0.0,-0.0,0.0,-0.0,-0.0,0.0,-0.0,-0.0,-0.0,0.0,0.0,0.0,-0.0,-0.0,0.0,0.0,825.325,-0.0,0.0,-0.0,0.0,0.0,0.0,0.0,0.0,-0.6847,0.6942,-0.222,0.7239,0.6832,-0.0963,0.0848,-0.2266,-0.9703,0.6847,0.222,-0.6942,-0.7239,0.0963,-0.6832,-0.0848,0.9703,0.2266,-0.0001,0.0,0.0,0.0001,-0.0,-0.0,0.0,0.0,0.0,17.7303,16.8204,-0.4223,0.0,-23.8555,5.136,0.0,0.0092,-0.04,4759352.0706,4511974.6912,-1529614.9029,1769.027,651.6965,7458.8032,4759334.3403,4511957.8708,-1529614.4806,1769.027,651.6965,7458.8032,0.0,0.0765,3.9732,0.0,0.0,1.0,0.0,1.0,0.0,0.0,1.172,-23.972,0.0,1.0,0.0,0.0,0.0,-1.0,0.077,0.0,-0.1,1.1103002187014113,0.7005470943547313,,
676.3938,3.973,-0.077,-0.0,-0.0,-0.0,-0.0,-0.0,0.0,-0.0,-0.0,0.0,-0.0,-0.0,0.0,-0.0,-0.0,0.0,-0.0,-0.0,0.0,0.0,825.325,-0.0,0.0,-0.0,0.0,0.0,0.0,0.0,0.0,-0.6847,0.6942,-0.222,0.7239,0.6832,-0.0963,0.0848,-0.2266,-0.9703,0.6847,0.222,-0.6942,-0.7239,0.0963,-0.6832,-0.0848,0.9703,0.2266,-0.0001,0.0,0.0,0.0001,-0.0,-0.0,0.0,0.0,0.0,17.7303,16.8204,-0.423,0.0,-23.8555,5.136,0.0,0.0092,-0.04,4759714.0162,4512107.9542,-1528088.2263,1767.7555,650.4911,7459.2116,4759696.2859,4512091.1337,-1528087.8033,1767.7555,650.4911,7459.2116,0.0,0.0765,3.9732,0.0,0.0,1.0,0.0,1.0,0.0,0.0,1.172,-23.972,0.0,1.0,0.0,0.0,0.0,-1.0,0.077,0.0,-0.1,1.1103002187014113,0.7005470943547313,,
676.6008,3.973,-0.077,-0.0,0.0,-0.0,-0.0,-0.0,-0.0,-0.0,-0.0,-0.0,-0.0,-0.0,0.0,-0.0,-0.0,0.0,-0.0,-0.0,0.0,0.0,825.325,-0.0,0.0,-0.0,0.0,0.0,0.0,0.0,0.0,-0.6847,0.6942,-0.222,0.7239,0.6832,-0.0963,0.0848,-0.2267,-0.9703,0.6847,0.222,-0.6942,-0.7239,0.0963,-0.6832,-0.0848,0.9703,0.2267,-0.0001,0.0,0.0,0.0001,-0.0,-0.0,0.0,0.0,0.0,17.7302,16.8205,-0.4237,0.0,-23.8555,5.136,0.0,0.0092,-0.04,4760081.5963,4512243.1367,-1526536.5807,1766.4631,649.266,7459.6263,4760063.8661,4512226.3162,-1526536.157,1766.4631,649.266,7459.6263,0.0,0.0765,3.9732,0.0,0.0,1.0,0.0,1.0,0.0,0.0,1.172,-23.972,0.0,1.0,0.0,0.0,0.0,-1.0,0.077,0.0,-0.1,1.1103002187014113,0.7005470943547313,,
676.801,3.973,-0.077,-0.0,-0.0,-0.0,-0.0,-0.0,0.0,-0.0,-0.0,0.0,-0.0,-0.0,0.0,-0.0,-0.0,0.0,-0.0,-0.0,0.0,0.0,825.325,-0.0,0.0,-0.0,0.0,0.0,0.0,0.0,0.0,-0.6847,0.6942,-0.222,0.7239,0.6832,-0.0963,0.0848,-0.2267,-0.9703,0.6847,0.222,-0.6942,-0.7239,0.0963,-0.6832,-0.0848,0.9703,0.2267,-0.0001,0.0,0.0,0.0001,-0.0,-0.0,0.0,0.0,0.0,17.7301,16.8205,-0.4244,0.0,-23.8555,5.136,0.0,0.0092,-0.04,4760435.3519,4512373.0879,-1525042.1313,1765.2184,648.0861,7460.0252,4760417.6217,4512356.2674,-1525041.7069,1765.2184,648.0861,7460.0252,0.0,0.0765,3.9732,0.0,0.0,1.0,0.0,1.0,0.0,0.0,1.172,-23.972,0.0,1.0,0.0,0.0,0.0,-1.0,0.077,0.0,-0.1,1.1103002187014113,0.7005470943547313,,
677.0013,3.973,-0.076,0.0,0.0,0.0,0.0,0.0,-0.0,0.0,0.0,-0.0,0.0,-0.0,-0.0,-0.0,0.0,-0.0,0.0,-0.0,0.0,0.0,825.325,-0.0,0.0,-0.0,0.0,0.0,0.0,0.0,0.0,-0.6847,0.6942,-0.2221,0.7239,0.6832,-0.0963,0.0848,-0.2267,-0.9703,0.6847,0.2221,-0.6942,-0.7239,0.0963,-0.6832,-0.0848,0.9703,0.2267,-0.0001,0.0,0.0,0.0001,-0.0,-0.0,0.0,0.0,0.0,17.7301,16.8206,-0.425,0.0,-23.8555,5.136,0.0,0.0092,-0.04,4760789.06,4512502.8767,-1523546.7493,1763.9729,646.9056,7460.424,4760771.3299,4512486.0562,-1523546.3243,1763.9729,646.9056,7460.424,0.0,0.0765,3.9732,0.0,0.0,1.0,0.0,1.0,0.0,0.0,1.172,-23.972,0.0,1.0,0.0,0.0,0.0,-1.0,0.076,0.0,-0.1,1.095884274968297,0.7005470943547313,,
677.2077,3.973,-0.076,0.0,0.0,0.0,0.0,0.0,-0.0,0.0,0.0,-0.0,0.0,-0.0,0.0,-0.0,-0.0,0.0,-0.0,-0.0,0.0,0.0,825.325,-0.0,0.0,-0.0,0.0,0.0,0.0,0.0,0.0,-0.6847,0.6942,-0.2221,0.7239,0.6832,-0.0964,0.0848,-0.2267,-0.9703,0.6847,0.2221,-0.6942,-0.7239,0.0964,-0.6832,-0.0848,0.9703,0.2267,-0.0001,0.0,0.0,0.0001,-0.0,-0.0,0.0,0.0,0.0,17.73,16.8206,-0.4257,0.0,-23.8555,5.136,0.0,0.0092,-0.04,4761152.9304,4512636.2428,-1522007.2219,1762.6906,645.6901,7460.8342,4761135.2004,4512619.4222,-1522006.7961,1762.6906,645.6901,7460.8342,0.0,0.0765,3.9732,0.0,0.0,1.0,0.0,1.0,0.0,0.0,1.172,-23.972,0.0,1.0,0.0,0.0,0.0,-1.0,0.076,0.0,-0.1,1.095884274968297,0.7005470943547313,,
677.4089,3.973,-0.076,0.0,0.0,0.0,0.0,0.0,-0.0,0.0,0.0,-0.0,0.0,0.0,0.0,-0.0,-0.0,0.0,-0.0,-0.0,0.0,0.0,825.325,-0.0,0.0,-0.0,0.0,0.0,0.0,0.0,0.0,-0.6847,0.6942,-0.2221,0.7239,0.6832,-0.0964,0.0848,-0.2268,-0.9703,0.6847,0.2221,-0.6942,-0.7239,0.0964,-0.6832,-0.0848,0.9703,0.2268,-0.0001,0.0,0.0,0.0001,-0.0,-0.0,0.0,0.0,0.0,17.73,16.8207,-0.4264,0.0,-23.8555,5.136,0.0,0.0092,-0.04,4761504.2445,4512764.8608,-1520519.6726,1761.4515,644.5158,7461.2301,4761486.5146,4512748.0401,-1520519.2461,1761.4515,644.5158,7461.2301,0.0,0.0765,3.9732,0.0,0.0,1.0,0.0,1.0,0.0,0.0,1.172,-23.972,0.0,1.0,0.0,0.0,0.0,-1.0,0.076,0.0,-0.1,1.095884274968297,0.7005470943547313,,
677.6144,3.973,-0.076,0.0,0.0,0.0,0.0,0.0,-0.0,0.0,0.0,-0.0,0.0,-0.0,0.0,-0.0,-0.0,0.0,-0.0,-0.0,0.0,0.0,825.325,-0.0,0.0,-0.0,0.0,0.0,0.0,0.0,0.0,-0.6847,0.6942,-0.2221,0.7239,0.6832,-0.0964,0.0848,-0.2268,-0.9702,0.6847,0.2221,-0.6942,-0.7239,0.0964,-0.6832,-0.0848,0.9702,0.2268,-0.0001,0.0,0.0,0.0001,-0.0,-0.0,0.0,0.0,0.0,17.7299,16.8207,-0.4271,0.0,-23.8555,5.136,0.0,0.0092,-0.04,4761867.4233,4512897.6711,-1518980.7048,1760.1696,643.3009,7461.6392,4761849.6934,4512880.8504,-1518980.2777,1760.1696,643.3009,7461.6392,0.0,0.0765,3.9732,0.0,0.0,1.0,0.0,1.0,0.0,0.0,1.172,-23.972,0.0,1.0,0.0,0.0,0.0,-1.0,0.076,0.0,-0.1,1.095884274968297,0.7005470943547313,,
677.8157,3.973,-0.076,0.0,0.0,0.0,0.0,0.0,-0.0,0.0,0.0,-0.0,0.0,-0.0,-0.0,-0.0,-0.0,0.0,-0.0,-0.0,0.0,0.0,825.325,-0.0,0.0,-0.0,0.0,0.0,0.0,0.0,0.0,-0.6847,0.6941,-0.2221,0.7239,0.6832,-0.0964,0.0848,-0.2268,-0.9702,0.6847,0.2221,-0.6941,-0.7239,0.0964,-0.6832,-0.0848,0.9702,0.2268,-0.0001,0.0,0.0,0.0001,-0.0,-0.0,0.0,0.0,0.0,17.7299,16.8207,-0.4278,0.0,-23.8555,5.136,0.0,0.0092,-0.04,4762224.1318,4513027.9656,-1517467.9741,1758.9095,642.1067,7462.0409,4762206.402,4513011.1449,-1517467.5463,1758.9095,642.1067,7462.0409,0.0,0.0765,3.9732,0.0,0.0,1.0,0.0,1.0,0.0,0.0,1.172,-23.972,0.0,1.0,0.0,0.0,0.0,-1.0,0.076,0.0,-0.1,1.095884274968297,0.7005470943547313,,
678.0196,3.973,-0.076,0.0,0.0,0.0,0.0,0.0,-0.0,0.0,0.0,-0.0,0.0,-0.0,-0.0,-0.0,0.0,-0.0,0.0,-0.0,0.0,0.0,825.325,-0.0,0.0,-0.0,0.0,0.0,0.0,0.0,0.0,-0.6847,0.6941,-0.2222,0.7239,0.6832,-0.0964,0.0848,-0.2268,-0.9702,0.6847,0.2222,-0.6941,-0.7239,0.0964,-0.6832,-0.0848,0.9702,0.2268,-0.0001,0.0,0.0,0.0001,-0.0,-0.0,0.0,0.0,0.0,17.7298,16.8208,-0.4285,0.0,-23.8555,5.136,0.0,0.0092,-0.04,4762580.5054,4513157.9887,-1515955.5077,1757.6496,640.9128,7462.4422,4762562.7756,4513141.1679,-1515955.0792,1757.6496,640.9128,7462.4422,0.0,0.0765,3.9732,0.0,0.0,1.0,0.0,1.0,0.0,0.0,1.172,-23.972,0.0,1.0,0.0,0.0,0.0,-1.0,0.076,0.0,-0.1,1.095884274968297,0.7005470943547313,,
678.2204,3.973,-0.076,0.0,0.0,0.0,0.0,0.0,-0.0,0.0,0.0,-0.0,0.0,-0.0,0.0,-0.0,-0.0,0.0,-0.0,-0.0,0.0,0.0,825.325,-0.0,0.0,-0.0,0.0,0.0,0.0,0.0,0.0,-0.6847,0.6941,-0.2222,0.7239,0.6832,-0.0965,0.0848,-0.2269,-0.9702,0.6847,0.2222,-0.6941,-0.7239,0.0965,-0.6832,-0.0848,0.9702,0.2269,-0.0001,0.0,0.0,0.0001,-0.0,-0.0,0.0,0.0,0.0,17.7297,16.8208,-0.4292,0.0,-23.8555,5.136,0.0,0.0092,-0.04,4762934.5255,4513287.0058,-1514451.8709,1756.3971,639.7258,7462.8407,4762916.7957,4513270.185,-1514451.4417,1756.3971,639.7258,7462.8407,0.0,0.0765,3.9732,0.0,0.0,1.0,0.0,1.0,0.0,0.0,1.172,-23.972,0.0,1.0,0.0,0.0,0.0,-1.0,0.076,0.0,-0.1,1.095884274968297,0.7005470943547313,,
678.428,3.973,-0.076,0.0,0.0,0.0,0.0,0.0,-0.0,0.0,0.0,-0.0,0.0,0.0,0.0,-0.0,-0.0,0.0,-0.0,-0.0,0.0,0.0,825.325,-0.0,0.0,-0.0,0.0,0.0,0.0,0.0,0.0,-0.6847,0.6941,-0.2222,0.7239,0.6832,-0.0965,0.0848,-0.2269,-0.9702,0.6847,0.2222,-0.6941,-0.7239,0.0965,-0.6832,-0.0848,0.9702,0.2269,-0.0001,0.0,0.0,0.0001,-0.0,-0.0,0.0,0.0,0.0,17.7297,16.8209,-0.4299,0.0,-23.8555,5.136,0.0,0.0092,-0.04,4763297.5138,4513419.1384,-1512908.942,1755.1117,638.5079,7463.2492,4763279.7841,4513402.3175,-1512908.5121,1755.1117,638.5079,7463.2492,0.0,0.0765,3.9732,0.0,0.0,1.0,0.0,1.0,0.0,0.0,1.172,-23.972,0.0,1.0,0.0,0.0,0.0,-1.0,0.076,0.0,-0.1,1.095884274968297,0.7005470943547313,,
678.6283,3.973,-0.076,0.0,-0.0,0.0,0.0,0.0,0.0,0.0,0.0,0.0,0.0,0.0,0.0,-0.0,-0.0,0.0,-0.0,-0.0,0.0,0.0,825.325,-0.0,0.0,-0.0,0.0,0.0,0.0,0.0,0.0,-0.6847,0.6941,-0.2222,0.7239,0.6832,-0.0965,0.0848,-0.2269,-0.9702,0.6847,0.2222,-0.6941,-0.7239,0.0965,-0.6832,-0.0848,0.9702,0.2269,-0.0001,0.0,0.0,0.0001,-0.0,-0.0,0.0,0.0,0.0,17.7296,16.8209,-0.4305,0.0,-23.8555,5.136,0.0,0.0092,-0.04,4763648.3914,4513546.7147,-1511416.3417,1753.8683,637.3297,7463.6439,4763630.6618,4513529.8938,-1511415.9111,1753.8683,637.3297,7463.6439,0.0,0.0765,3.9732,0.0,0.0,1.0,0.0,1.0,0.0,0.0,1.172,-23.972,0.0,1.0,0.0,0.0,0.0,-1.0,0.076,0.0,-0.1,1.095884274968297,0.7005470943547313,,
678.8359,3.973,-0.076,0.0,-0.0,0.0,0.0,0.0,0.0,-0.0,0.0,0.0,-0.0,-0.0,-0.0,-0.0,0.0,-0.0,0.0,-0.0,0.0,0.0,825.325,-0.0,0.0,-0.0,0.0,0.0,0.0,0.0,0.0,-0.6847,0.6941,-0.2222,0.7239,0.6832,-0.0965,0.0848,-0.227,-0.9702,0.6847,0.2222,-0.6941,-0.7239,0.0965,-0.6832,-0.0848,0.9702,0.227,-0.0001,0.0,0.0,0.0001,-0.0,-0.0,0.0,0.0,0.0,17.7296,16.821,-0.4313,0.0,-23.8555,5.136,0.0,0.0092,-0.04,4764013.8482,4513679.4375,-1509860.5109,1752.5722,636.1017,7464.0549,4763996.1187,4513662.6165,-1509860.0797,1752.5722,636.1017,7464.0549,0.0,0.0765,3.9732,0.0,0.0,1.0,0.0,1.0,0.0,0.0,1.172,-23.972,0.0,1.0,0.0,0.0,0.0,-1.0,0.076,0.0,-0.1,1.095884274968297,0.7005470943547313,,
679.0372,3.973,-0.077,-0.0,0.0,-0.0,-0.0,-0.0,-0.0,-0.0,-0.0,-0.0,-0.0,-0.0,-0.0,-0.0,0.0,0.0,-0.0,-0.0,0.0,0.0,825.325,-0.0,0.0,-0.0,0.0,0.0,0.0,0.0,0.0,-0.6847,0.6941,-0.2222,0.7239,0.6832,-0.0965,0.0848,-0.227,-0.9702,0.6847,0.2222,-0.6941,-0.7239,0.0965,-0.6832,-0.0848,0.9702,0.227,-0.0001,0.0,0.0,0.0001,-0.0,-0.0,0.0,0.0,0.0,17.7295,16.821,-0.4319,0.0,-23.8555,5.136,0.0,0.0092,-0.04,4764366.5076,4513807.3629,-1508357.9849,1751.3204,634.9157,7464.4514,4764348.7781,4513790.5419,-1508357.553,1751.3204,634.9157,7464.4514,0.0,0.0765,3.9732,0.0,0.0,1.0,0.0,1.0,0.0,0.0,1.172,-23.972,0.0,1.0,0.0,0.0,0.0,-1.0,0.077,0.0,-0.1,1.1103002187014113,0.7005470943547313,,
679.2444,3.973,-0.077,-0.0,-0.0,-0.0,-0.0,-0.0,0.0,-0.0,-0.0,0.0,-0.0,0.0,0.0,-0.0,-0.0,0.0,-0.0,-0.0,0.0,0.0,825.325,-0.0,0.0,-0.0,0.0,0.0,0.0,0.0,0.0,-0.6847,0.6941,-0.2223,0.7239,0.6832,-0.0966,0.0848,-0.227,-0.9702,0.6847,0.2223,-0.6941,-0.7239,0.0966,-0.6832,-0.0848,0.9702,0.227,-0.0001,0.0,0.0,0.0001,-0.0,-0.0,0.0,0.0,0.0,17.7294,16.8211,-0.4326,0.0,-23.8555,5.136,0.0,0.0092,-0.04,4764728.1318,4513938.3869,-1506816.0715,1750.0358,633.6987,7464.8579,4764710.4024,4513921.5658,-1506815.6389,1750.0358,633.6987,7464.8579,0.0,0.0765,3.9732,0.0,0.0,1.0,0.0,1.0,0.0,0.0,1.172,-23.972,0.0,1.0,0.0,0.0,0.0,-1.0,0.077,0.0,-0.1,1.1103002187014113,0.7005470943547313,,
679.4521,3.973,-0.077,-0.0,0.0,-0.0,-0.0,-0.0,-0.0,-0.0,-0.0,-0.0,-0.0,-0.0,0.0,-0.0,-0.0,0.0,-0.0,-0.0,0.0,0.0,825.325,-0.0,0.0,-0.0,0.0,0.0,0.0,0.0,0.0,-0.6847,0.6941,-0.2223,0.7239,0.6831,-0.0966,0.0848,-0.227,-0.9702,0.6847,0.2223,-0.6941,-0.7239,0.0966,-0.6831,-0.0848,0.9702,0.227,-0.0001,0.0,0.0,0.0001,-0.0,-0.0,0.0,0.0,0.0,17.7294,16.8211,-0.4333,0.0,-23.8555,5.136,0.0,0.0092,-0.04,4765092.7817,4514070.3499,-1505260.0215,1748.7394,632.4706,7465.2676,4765075.0524,4514053.5288,-1505259.5881,1748.7394,632.4706,7465.2676,0.0,0.0765,3.9732,0.0,0.0,1.0,0.0,1.0,0.0,0.0,1.172,-23.972,0.0,1.0,0.0,0.0,0.0,-1.0,0.077,0.0,-0.1,1.1103002187014113,0.7005470943547313,,
679.6602,3.973,-0.077,-0.0,0.0,-0.0,-0.0,-0.0,0.0,-0.0,-0.0,0.0,-0.0,-0.0,0.0,-0.0,-0.0,-0.0,-0.0,-0.0,0.0,0.0,825.325,-0.0,0.0,-0.0,0.0,0.0,0.0,0.0,0.0,-0.6847,0.6941,-0.2223,0.7239,0.6831,-0.0966,0.0848,-0.2271,-0.9702,0.6847,0.2223,-0.6941,-0.7239,0.0966,-0.6831,-0.0848,0.9702,0.2271,-0.0001,0.0,0.0,0.0001,-0.0,-0.0,0.0,0.0,0.0,17.7293,16.8211,-0.4341,0.0,-23.8555,5.136,0.0,0.0092,-0.04,4765455.6971,4514201.528,-1503710.1395,1747.4482,631.2474,7465.6753,4765437.9678,4514184.7068,-1503709.7055,1747.4482,631.2474,7465.6753,0.0,0.0765,3.9732,0.0,0.0,1.0,0.0,1.0,0.0,0.0,1.172,-23.972,0.0,1.0,0.0,0.0,0.0,-1.0,0.077,0.0,-0.1,1.1103002187014113,0.7005470943547313,,
679.8652,3.973,-0.077,-0.0,-0.0,-0.0,-0.0,-0.0,0.0,-0.0,-0.0,0.0,-0.0,-0.0,0.0,-0.0,-0.0,0.0,-0.0,-0.0,0.0,0.0,825.325,-0.0,0.0,-0.0,0.0,0.0,0.0,0.0,0.0,-0.6847,0.6941,-0.2223,0.7239,0.6831,-0.0966,0.0848,-0.2271,-0.9702,0.6847,0.2223,-0.6941,-0.7239,0.0966,-0.6831,-0.0848,0.9702,0.2271,-0.0001,0.0,0.0,0.0001,-0.0,-0.0,0.0,0.0,0.0,17.7292,16.8212,-0.4347,0.0,-23.8555,5.136,0.0,0.0092,-0.04,4765811.3567,4514329.9307,-1502190.0554,1746.1817,630.0477,7466.0747,4765793.6274,4514313.1095,-1502189.6206,1746.1817,630.0477,7466.0747,0.0,0.0765,3.9732,0.0,0.0,1.0,0.0,1.0,0.0,0.0,1.172,-23.972,0.0,1.0,0.0,0.0,0.0,-1.0,0.077,0.0,-0.1,1.1103002187014113,0.7005470943547313,,
680.0705,3.973,-0.077,-0.0,-0.0,-0.0,-0.0,-0.0,0.0,-0.0,-0.0,0.0,-0.0,0.0,0.0,-0.0,-0.0,0.0,-0.0,-0.0,0.0,0.0,825.325,-0.0,0.0,-0.0,0.0,0.0,0.0,0.0,0.0,-0.6847,0.6941,-0.2223,0.7239,0.6831,-0.0966,0.0848,-0.2271,-0.9702,0.6847,0.2223,-0.6941,-0.7239,0.0966,-0.6831,-0.0848,0.9702,0.2271,-0.0001,0.0,0.0,0.0001,-0.0,-0.0,0.0,0.0,0.0,17.7292,16.8212,-0.4354,0.0,-23.8555,5.136,0.0,0.0092,-0.04,4766173.343,4514460.4624,-1500641.7091,1744.8916,628.8257,7466.4811,4766155.6138,4514443.6412,-1500641.2736,1744.8916,628.8257,7466.4811,0.0,0.0765,3.9732,0.0,0.0,1.0,0.0,1.0,0.0,0.0,1.172,-23.972,0.0,1.0,0.0,0.0,0.0,-1.0,0.077,0.0,-0.1,1.1103002187014113,0.7005470943547313,,
680.2777,3.973,-0.077,-0.0,-0.0,-0.0,-0.0,-0.0,0.0,-0.0,-0.0,0.0,-0.0,-0.0,0.0,-0.0,-0.0,0.0,-0.0,-0.0,0.0,0.0,825.325,-0.0,0.0,-0.0,0.0,0.0,0.0,0.0,0.0,-0.6847,0.6941,-0.2224,0.7239,0.6831,-0.0967,0.0848,-0.2271,-0.9702,0.6847,0.2224,-0.6941,-0.7239,0.0967,-0.6831,-0.0848,0.9702,0.2271,-0.0001,0.0,0.0,0.0001,-0.0,-0.0,0.0,0.0,0.0,17.7291,16.8213,-0.4361,0.0,-23.8555,5.136,0.0,0.0092,-0.04,4766532.953,4514589.9816,-1499102.3104,1743.609,627.6108,7466.8847,4766515.2239,4514573.1603,-1499101.8742,1743.609,627.6108,7466.8847,0.0,0.0765,3.9732,0.0,0.0,1.0,0.0,1.0,0.0,0.0,1.172,-23.972,0.0,1.0,0.0,0.0,0.0,-1.0,0.077,0.0,-0.1,1.1103002187014113,0.7005470943547313,,
680.4808,3.973,-0.076,0.0,0.0,0.0,0.0,0.0,-0.0,0.0,0.0,-0.0,0.0,0.0,0.0,-0.0,-0.0,-0.0,-0.0,-0.0,0.0,0.0,825.325,-0.0,0.0,-0.0,0.0,0.0,0.0,0.0,0.0,-0.6847,0.6941,-0.2224,0.7239,0.6831,-0.0967,0.0848,-0.2272,-0.9702,0.6847,0.2224,-0.6941,-0.7239,0.0967,-0.6831,-0.0848,0.9702,0.2272,-0.0001,0.0,0.0,0.0001,-0.0,-0.0,0.0,0.0,0.0,17.7291,16.8213,-0.4368,0.0,-23.8555,5.136,0.0,0.0092,-0.04,4766885.4552,4514716.7899,-1497592.1589,1742.3507,626.4191,7467.2803,4766867.7261,4514699.9685,-1497591.7221,1742.3507,626.4191,7467.2803,0.0,0.0765,3.9732,0.0,0.0,1.0,0.0,1.0,0.0,0.0,1.172,-23.972,0.0,1.0,0.0,0.0,0.0,-1.0,0.076,0.0,-0.1,1.095884274968297,0.7005470943547313,,
680.6877,3.973,-0.076,0.0,0.0,0.0,0.0,0.0,-0.0,0.0,0.0,-0.0,0.0,-0.0,0.0,-0.0,-0.0,-0.0,-0.0,-0.0,0.0,0.0,825.325,-0.0,0.0,-0.0,0.0,0.0,0.0,0.0,0.0,-0.6847,0.6941,-0.2224,0.7239,0.6831,-0.0967,0.0848,-0.2272,-0.9701,0.6847,0.2224,-0.6941,-0.7239,0.0967,-0.6831,-0.0848,0.9701,0.2272,-0.0001,0.0,0.0,0.0001,-0.0,-0.0,0.0,0.0,0.0,17.729,16.8214,-0.4375,0.0,-23.8555,5.136,0.0,0.0092,-0.04,4767248.3811,4514847.1916,-1496036.1291,1741.0541,625.1911,7467.6874,4767230.6521,4514830.3702,-1496035.6915,1741.0541,625.1911,7467.6874,0.0,0.0765,3.9732,0.0,0.0,1.0,0.0,1.0,0.0,0.0,1.172,-23.972,0.0,1.0,0.0,0.0,0.0,-1.0,0.076,0.0,-0.1,1.095884274968297,0.7005470943547313,,
680.8883,3.973,-0.076,0.0,0.0,0.0,0.0,0.0,-0.0,0.0,0.0,-0.0,0.0,-0.0,0.0,-0.0,-0.0,-0.0,-0.0,-0.0,0.0,0.0,825.325,-0.0,0.0,-0.0,0.0,0.0,0.0,0.0,0.0,-0.6847,0.694,-0.2224,0.7239,0.6831,-0.0967,0.0848,-0.2272,-0.9701,0.6847,0.2224,-0.694,-0.7239,0.0967,-0.6831,-0.0848,0.9701,0.2272,-0.0001,0.0,0.0,0.0001,-0.0,-0.0,0.0,0.0,0.0,17.729,16.8214,-0.4382,0.0,-23.8555,5.136,0.0,0.0092,-0.04,4767598.8896,4514972.9808,-1494532.155,1739.8009,624.0043,7468.0804,4767581.1607,4514956.1594,-1494531.7168,1739.8009,624.0043,7468.0804,0.0,0.0765,3.9732,0.0,0.0,1.0,0.0,1.0,0.0,0.0,1.172,-23.972,0.0,1.0,0.0,0.0,0.0,-1.0,0.076,0.0,-0.1,1.095884274968297,0.7005470943547313,,
681.0922,3.973,-0.076,0.0,0.0,0.0,0.0,0.0,-0.0,0.0,0.0,-0.0,0.0,0.0,0.0,-0.0,0.0,-0.0,0.0,-0.0,0.0,0.0,825.325,-0.0,0.0,-0.0,0.0,0.0,0.0,0.0,0.0,-0.6847,0.694,-0.2224,0.7239,0.6831,-0.0967,0.0848,-0.2273,-0.9701,0.6847,0.2224,-0.694,-0.7239,0.0967,-0.6831,-0.0848,0.9701,0.2273,-0.0001,0.0,0.0,0.0001,-0.0,-0.0,0.0,0.0,0.0,17.7289,16.8215,-0.4389,0.0,-23.8555,5.136,0.0,0.0092,-0.04,4767950.7126,4515099.0923,-1493021.3714,1738.542,622.8122,7468.4749,4767932.9837,4515082.2708,-1493020.9325,1738.542,622.8122,7468.4749,0.0,0.0765,3.9732,0.0,0.0,1.0,0.0,1.0,0.0,0.0,1.172,-23.972,0.0,1.0,0.0,0.0,0.0,-1.0,0.076,0.0,-0.1,1.095884274968297,0.7005470943547313,,
681.2925,3.973,-0.076,0.0,0.0,0.0,0.0,0.0,-0.0,0.0,0.0,-0.0,0.0,-0.0,0.0,-0.0,-0.0,0.0,-0.0,-0.0,0.0,0.0,825.325,-0.0,0.0,-0.0,0.0,0.0,0.0,0.0,0.0,-0.6847,0.694,-0.2225,0.7239,0.6831,-0.0968,0.0848,-0.2273,-0.9701,0.6847,0.2225,-0.694,-0.7239,0.0968,-0.6831,-0.0848,0.9701,0.2273,-0.0001,0.0,0.0,0.0001,-0.0,-0.0,0.0,0.0,0.0,17.7289,16.8215,-0.4396,0.0,-23.8555,5.136,0.0,0.0092,-0.04,4768299.7913,4515224.0717,-1491521.2123,1737.2919,621.6284,7468.8661,4768282.0625,4515207.2502,-1491520.7728,1737.2919,621.6284,7468.8661,0.0,0.0765,3.9732,0.0,0.0,1.0,0.0,1.0,0.0,0.0,1.172,-23.972,0.0,1.0,0.0,0.0,0.0,-1.0,0.076,0.0,-0.1,1.095884274968297,0.7005470943547313,,
681.4996,3.973,-0.076,0.0,0.0,0.0,0.0,0.0,-0.0,0.0,0.0,-0.0,0.0,0.0,0.0,-0.0,-0.0,0.0,-0.0,-0.0,0.0,0.0,825.325,-0.0,0.0,-0.0,0.0,0.0,0.0,0.0,0.0,-0.6847,0.694,-0.2225,0.7239,0.6831,-0.0968,0.0848,-0.2273,-0.9701,0.6847,0.2225,-0.694,-0.7239,0.0968,-0.6831,-0.0848,0.9701,0.2273,-0.0001,0.0,0.0,0.0001,-0.0,-0.0,0.0,0.0,0.0,17.7288,16.8216,-0.4403,0.0,-23.8555,5.136,0.0,0.0092,-0.04,4768661.1154,4515353.2795,-1489967.206,1735.997,620.4022,7469.2709,4768643.3866,4515336.458,-1489966.7657,1735.997,620.4022,7469.2709,0.0,0.0765,3.9732,0.0,0.0,1.0,0.0,1.0,0.0,0.0,1.172,-23.972,0.0,1.0,0.0,0.0,0.0,-1.0,0.076,0.0,-0.1,1.095884274968297,0.7005470943547313,,
681.7005,3.973,-0.076,0.0,0.0,0.0,0.0,0.0,-0.0,0.0,0.0,-0.0,0.0,-0.0,-0.0,-0.0,-0.0,0.0,-0.0,-0.0,0.0,0.0,825.325,-0.0,0.0,-0.0,0.0,0.0,0.0,0.0,0.0,-0.6847,0.694,-0.2225,0.7239,0.6831,-0.0968,0.0848,-0.2273,-0.9701,0.6847,0.2225,-0.694,-0.7239,0.0968,-0.6831,-0.0848,0.9701,0.2273,-0.0001,0.0,0.0,0.0001,-0.0,-0.0,0.0,0.0,0.0,17.7287,16.8216,-0.441,0.0,-23.8555,5.136,0.0,0.0092,-0.04,4769008.3956,4515477.3154,-1488472.4304,1734.7513,619.2227,7469.6599,4768990.6668,4515460.4938,-1488471.9894,1734.7513,619.2227,7469.6599,0.0,0.0765,3.9732,0.0,0.0,1.0,0.0,1.0,0.0,0.0,1.172,-23.972,0.0,1.0,0.0,0.0,0.0,-1.0,0.076,0.0,-0.1,1.095884274968297,0.7005470943547313,,
681.909,3.973,-0.076,0.0,0.0,0.0,0.0,0.0,-0.0,0.0,0.0,-0.0,0.0,-0.0,-0.0,-0.0,-0.0,0.0,-0.0,-0.0,0.0,0.0,825.325,-0.0,0.0,-0.0,0.0,0.0,0.0,0.0,0.0,-0.6847,0.694,-0.2225,0.7239,0.6831,-0.0968,0.0848,-0.2274,-0.9701,0.6847,0.2225,-0.694,-0.7239,0.0968,-0.6831,-0.0848,0.9701,0.2274,-0.0001,0.0,0.0,0.0001,-0.0,-0.0,0.0,0.0,0.0,17.7287,16.8216,-0.4417,0.0,-23.8555,5.136,0.0,0.0092,-0.04,4769368.1936,4515605.6671,-1486922.5562,1733.4597,617.9998,7470.0628,4769350.465,4515588.8455,-1486922.1145,1733.4597,617.9998,7470.0628,0.0,0.0765,3.9732,0.0,0.0,1.0,0.0,1.0,0.0,0.0,1.172,-23.972,0.0,1.0,0.0,0.0,0.0,-1.0,0.076,0.0,-0.1,1.095884274968297,0.7005470943547313,,
682.1114,3.973,-0.076,0.0,0.0,0.0,0.0,0.0,-0.0,0.0,0.0,-0.0,0.0,-0.0,0.0,-0.0,-0.0,0.0,-0.0,-0.0,0.0,0.0,825.325,-0.0,0.0,-0.0,0.0,0.0,0.0,0.0,0.0,-0.6847,0.694,-0.2225,0.7239,0.6831,-0.0968,0.0848,-0.2274,-0.9701,0.6847,0.2225,-0.694,-0.7239,0.0968,-0.6831,-0.0848,0.9701,0.2274,-0.0001,0.0,0.0,0.0001,-0.0,-0.0,0.0,0.0,0.0,17.7286,16.8217,-0.4424,0.0,-23.8555,5.136,0.0,0.0092,-0.04,4769719.6079,4515730.8752,-1485407.6011,1732.1972,616.8045,7470.4562,4769701.8793,4515714.0535,-1485407.1588,1732.1972,616.8045,7470.4562,0.0,0.0765,3.9732,0.0,0.0,1.0,0.0,1.0,0.0,0.0,1.172,-23.972,0.0,1.0,0.0,0.0,0.0,-1.0,0.076,0.0,-0.1,1.095884274968297,0.7005470943547313,,
682.3117,3.973,-0.076,0.0,-0.0,0.0,0.0,0.0,0.0,0.0,0.0,0.0,0.0,-0.0,0.0,-0.0,-0.0,0.0,-0.0,-0.0,0.0,0.0,825.325,-0.0,0.0,-0.0,0.0,0.0,0.0,0.0,0.0,-0.6847,0.694,-0.2226,0.7239,0.6831,-0.0969,0.0848,-0.2274,-0.9701,0.6847,0.2226,-0.694,-0.7239,0.0969,-0.6831,-0.0848,0.9701,0.2274,-0.0001,0.0,0.0,0.0001,-0.0,-0.0,0.0,0.0,0.0,17.7285,16.8217,-0.4431,0.0,-23.8555,5.136,0.0,0.0092,-0.04,4770066.5748,4515854.3502,-1483910.6561,1730.9497,615.6234,7470.8445,4770048.8463,4515837.5285,-1483910.2131,1730.9497,615.6234,7470.8445,0.0,0.0765,3.9732,0.0,0.0,1.0,0.0,1.0,0.0,0.0,1.172,-23.972,0.0,1.0,0.0,0.0,0.0,-1.0,0.076,0.0,-0.1,1.095884274968297,0.7005470943547313,,
682.5156,3.973,-0.076,0.0,-0.0,0.0,0.0,0.0,0.0,0.0,0.0,0.0,0.0,-0.0,-0.0,0.0,0.0,0.0,-0.0,-0.0,0.0,0.0,825.325,-0.0,0.0,-0.0,0.0,0.0,0.0,0.0,0.0,-0.6847,0.694,-0.2226,0.7239,0.6831,-0.0969,0.0848,-0.2275,-0.9701,0.6847,0.2226,-0.694,-0.7239,0.0969,-0.6831,-0.0848,0.9701,0.2275,-0.0001,0.0,0.0,0.0001,-0.0,-0.0,0.0,0.0,0.0,17.7285,16.8218,-0.4437,0.0,-23.8555,5.136,0.0,0.0092,-0.04,4770419.9824,4515979.9653,-1482384.7341,1729.678,614.4195,7471.2399,4770402.2539,4515963.1435,-1482384.2904,1729.678,614.4195,7471.2399,0.0,0.0765,3.9732,0.0,0.0,1.0,0.0,1.0,0.0,0.0,1.172,-23.972,0.0,1.0,0.0,0.0,0.0,-1.0,0.076,0.0,-0.1,1.095884274968297,0.7005470943547313,,
682.7169,3.973,-0.076,0.0,0.0,0.0,0.0,0.0,-0.0,0.0,0.0,-0.0,0.0,-0.0,0.0,-0.0,0.0,0.0,-0.0,-0.0,0.0,0.0,825.325,-0.0,0.0,-0.0,0.0,0.0,0.0,0.0,0.0,-0.6847,0.694,-0.2226,0.7239,0.6831,-0.0969,0.0848,-0.2275,-0.9701,0.6847,0.2226,-0.694,-0.7239,0.0969,-0.6831,-0.0848,0.9701,0.2275,-0.0001,0.0,0.0,0.0001,-0.0,-0.0,0.0,0.0,0.0,17.7284,16.8218,-0.4444,0.0,-23.8555,5.136,0.0,0.0092,-0.04,4770769.4453,4516104.027,-1480874.6609,1728.4194,613.2281,7471.6308,4770751.7168,4516087.2052,-1480874.2165,1728.4194,613.2281,7471.6308,0.0,0.0765,3.9732,0.0,0.0,1.0,0.0,1.0,0.0,0.0,1.172,-23.972,0.0,1.0,0.0,0.0,0.0,-1.0,0.076,0.0,-0.1,1.095884274968297,0.7005470943547313,,
682.9187,3.973,-0.076,-0.0,-0.0,0.0,-0.0,0.0,0.0,-0.0,0.0,0.0,-0.0,0.0,0.0,-0.0,-0.0,-0.0,-0.0,-0.0,0.0,0.0,825.325,-0.0,0.0,-0.0,0.0,0.0,0.0,0.0,0.0,-0.6847,0.694,-0.2226,0.7239,0.6831,-0.0969,0.0848,-0.2275,-0.9701,0.6847,0.2226,-0.694,-0.7239,0.0969,-0.6831,-0.0848,0.9701,0.2275,-0.0001,0.0,0.0,0.0001,-0.0,-0.0,0.0,0.0,0.0,17.7284,16.8219,-0.4451,0.0,-23.8555,5.136,0.0,0.0092,-0.04,4771117.2568,4516227.3528,-1479370.5547,1727.1658,612.0415,7472.0197,4771099.5284,4516210.531,-1479370.1096,1727.1658,612.0415,7472.0197,0.0,0.0765,3.9732,0.0,0.0,1.0,0.0,1.0,0.0,0.0,1.172,-23.972,0.0,1.0,0.0,0.0,0.0,-1.0,0.076,0.0,-0.1,1.095884274968297,0.7005470943547313,,
683.1231,3.973,-0.077,-0.0,-0.0,-0.0,-0.0,-0.0,0.0,-0.0,-0.0,0.0,-0.0,0.0,0.0,-0.0,-0.0,0.0,-0.0,-0.0,0.0,0.0,825.325,-0.0,0.0,-0.0,0.0,0.0,0.0,0.0,0.0,-0.6847,0.694,-0.2226,0.7239,0.6831,-0.0969,0.0848,-0.2275,-0.9701,0.6847,0.2226,-0.694,-0.7239,0.0969,-0.6831,-0.0848,0.9701,0.2275,-0.0001,0.0,0.0,0.0001,-0.0,-0.0,0.0,0.0,0.0,17.7283,16.8219,-0.4458,0.0,-23.8555,5.136,0.0,0.0092,-0.04,4771471.0468,4516352.6452,-1477839.3894,1725.8897,610.8335,7472.4152,4771453.3185,4516335.8233,-1477838.9436,1725.8897,610.8335,7472.4152,0.0,0.0765,3.9732,0.0,0.0,1.0,0.0,1.0,0.0,0.0,1.172,-23.972,0.0,1.0,0.0,0.0,0.0,-1.0,0.077,0.0,-0.1,1.1103002187014113,0.7005470943547313,,
